# Sizes (NFeatures, Nclasses, NodeCount, MaxDepth)
10	6	429	18
# Classes
0.0	1.0	2.0	3.0	4.0	5.0
# Feature Names
Nrows	Ncols	Nnnz	AvgNnnz	Density	MaxRowNnnz	MinRowNnnz	StdRowNnnz	NDiags	NTrueDiags
# Left
1	2	3	4	5	-1	-1	-1	9	10	11	12	-1	14	15	16	-1	-1	19	-1	21	-1	-1	-1	25	-1	-1	28	29	-1	31	32	33	34	-1	-1	-1	-1	-1	-1	41	42	43	44	45	-1	47	48	49	50	51	-1	-1	54	-1	56	-1	-1	-1	-1	61	-1	-1	-1	65	66	67	-1	-1	70	-1	-1	73	74	-1	76	-1	-1	79	-1	81	82	-1	-1	-1	86	-1	88	-1	-1	91	92	-1	94	95	96	97	-1	-1	100	-1	-1	103	104	-1	106	107	-1	-1	-1	-1	112	-1	114	-1	116	117	-1	119	120	-1	-1	123	-1	125	-1	-1	128	-1	130	131	-1	-1	-1	135	136	137	138	-1	140	-1	-1	-1	144	-1	-1	147	148	-1	-1	151	-1	153	-1	-1	156	157	158	159	160	-1	162	-1	-1	165	166	-1	-1	-1	-1	171	-1	-1	-1	175	176	177	178	179	180	-1	182	-1	184	-1	186	-1	-1	-1	190	191	192	193	-1	195	-1	197	198	-1	-1	-1	-1	-1	204	-1	-1	207	208	209	210	211	212	-1	-1	-1	216	-1	218	219	220	-1	-1	223	224	-1	-1	-1	228	229	-1	231	-1	-1	-1	-1	-1	237	238	-1	-1	241	-1	243	-1	245	-1	247	-1	-1	250	251	-1	253	-1	-1	256	257	-1	259	260	-1	262	263	-1	265	-1	-1	-1	269	-1	-1	272	-1	-1	275	276	277	278	-1	280	-1	-1	283	284	285	286	287	-1	289	290	-1	292	-1	294	295	-1	-1	298	299	300	-1	302	-1	-1	-1	-1	-1	308	-1	310	311	-1	313	-1	315	-1	-1	318	-1	-1	-1	-1	-1	324	-1	326	327	328	-1	330	331	332	-1	334	-1	336	-1	-1	-1	-1	-1	-1	343	344	345	346	347	348	-1	350	351	-1	353	-1	-1	356	-1	358	-1	-1	361	362	363	-1	365	-1	367	368	-1	-1	371	-1	373	-1	-1	-1	377	-1	-1	380	-1	382	-1	-1	385	-1	-1	388	389	390	391	-1	393	394	395	-1	-1	-1	-1	-1	401	-1	-1	404	405	406	-1	408	-1	-1	411	412	413	414	415	416	-1	-1	-1	-1	-1	-1	423	-1	-1	-1	427	-1	-1
# Right
174	155	8	7	6	-1	-1	-1	40	27	24	13	-1	23	18	17	-1	-1	20	-1	22	-1	-1	-1	26	-1	-1	39	30	-1	38	37	36	35	-1	-1	-1	-1	-1	-1	90	85	64	63	46	-1	60	59	58	53	52	-1	-1	55	-1	57	-1	-1	-1	-1	62	-1	-1	-1	72	69	68	-1	-1	71	-1	-1	78	75	-1	77	-1	-1	80	-1	84	83	-1	-1	-1	87	-1	89	-1	-1	134	93	-1	111	102	99	98	-1	-1	101	-1	-1	110	105	-1	109	108	-1	-1	-1	-1	113	-1	115	-1	127	118	-1	122	121	-1	-1	124	-1	126	-1	-1	129	-1	133	132	-1	-1	-1	146	143	142	139	-1	141	-1	-1	-1	145	-1	-1	150	149	-1	-1	152	-1	154	-1	-1	173	170	169	164	161	-1	163	-1	-1	168	167	-1	-1	-1	-1	172	-1	-1	-1	274	249	206	189	188	181	-1	183	-1	185	-1	187	-1	-1	-1	203	202	201	194	-1	196	-1	200	199	-1	-1	-1	-1	-1	205	-1	-1	236	235	234	215	214	213	-1	-1	-1	217	-1	227	222	221	-1	-1	226	225	-1	-1	-1	233	230	-1	232	-1	-1	-1	-1	-1	240	239	-1	-1	242	-1	244	-1	246	-1	248	-1	-1	255	252	-1	254	-1	-1	271	258	-1	268	261	-1	267	264	-1	266	-1	-1	-1	270	-1	-1	273	-1	-1	342	323	282	279	-1	281	-1	-1	322	321	320	307	288	-1	306	291	-1	293	-1	297	296	-1	-1	305	304	301	-1	303	-1	-1	-1	-1	-1	309	-1	317	312	-1	314	-1	316	-1	-1	319	-1	-1	-1	-1	-1	325	-1	341	340	329	-1	339	338	333	-1	335	-1	337	-1	-1	-1	-1	-1	-1	426	387	384	379	360	349	-1	355	352	-1	354	-1	-1	357	-1	359	-1	-1	376	375	364	-1	366	-1	370	369	-1	-1	372	-1	374	-1	-1	-1	378	-1	-1	381	-1	383	-1	-1	386	-1	-1	403	400	399	392	-1	398	397	396	-1	-1	-1	-1	-1	402	-1	-1	425	410	407	-1	409	-1	-1	422	421	420	419	418	417	-1	-1	-1	-1	-1	-1	424	-1	-1	-1	428	-1	-1
# Threshold
20688.5	1619.0	51.5	36.5	8.0	-2.0	-2.0	-2.0	30.0	5156.5	0.04273094981908798	408.0	-2.0	15.0	1777.0	0.0010775444970931858	-2.0	-2.0	4318.5	-2.0	930.5	-2.0	-2.0	-2.0	10.0	-2.0	-2.0	10079.5	8239.0	-2.0	1.7396149635314941	12190.5	1.4515149593353271	4.5	-2.0	-2.0	-2.0	-2.0	-2.0	-2.0	790.0	182.0	4.035245060920715	57.5	122.5	-2.0	11.0	4.512160062789917	4.157574892044067	85.5	76.0	-2.0	-2.0	12.5	-2.0	316.0	-2.0	-2.0	-2.0	-2.0	11.0	-2.0	-2.0	-2.0	5.42411994934082	67.5	0.10823449864983559	-2.0	-2.0	20.0	-2.0	-2.0	6.219465017318726	0.01172475004568696	-2.0	5.768189907073975	-2.0	-2.0	13.649450302124023	-2.0	291.0	145.0	-2.0	-2.0	-2.0	585.0	-2.0	2.5927599668502808	-2.0	-2.0	1270.0	0.7548190057277679	-2.0	1017.5	247.5	3.2876250743865967	8.5	-2.0	-2.0	147.5	-2.0	-2.0	19309.5	814.5	-2.0	2.0	404.0	-2.0	-2.0	-2.0	-2.0	1095.5	-2.0	4751.0	-2.0	4.5	1403.0	-2.0	0.003954584943130612	0.003943494986742735	-2.0	-2.0	4.01308012008667	-2.0	8.239365100860596	-2.0	-2.0	1234.0	-2.0	823.0	9361.0	-2.0	-2.0	-2.0	863.5	1.3948149681091309	7.5	3.5	-2.0	1897.0	-2.0	-2.0	-2.0	18568.5	-2.0	-2.0	3.5345849990844727	5.5	-2.0	-2.0	8.283230066299438	-2.0	1.5	-2.0	-2.0	9025.0	30.77715015411377	9.0	6.801850080490112	30.776999473571777	-2.0	0.003420324996113777	-2.0	-2.0	17085.0	12.393549919128418	-2.0	-2.0	-2.0	-2.0	30.777400016784668	-2.0	-2.0	-2.0	1063.0	14788.0	0.005284464918076992	9064.5	3.5	8.0	-2.0	30705.5	-2.0	6.5	-2.0	76832.0	-2.0	-2.0	-2.0	10114.0	0.004443580051884055	381.0	4.484950065612793	-2.0	86144.5	-2.0	6.669595003128052	41.53310012817383	-2.0	-2.0	-2.0	-2.0	-2.0	73.0	-2.0	-2.0	6404.5	219272.5	13.0	35977.5	1010.5	12.214099884033203	-2.0	-2.0	-2.0	5.5	-2.0	6.5	33.0	14.861700057983398	-2.0	-2.0	74.33924865722656	0.006641489919275045	-2.0	-2.0	-2.0	3906.5	18.0	-2.0	2600.0	-2.0	-2.0	-2.0	-2.0	-2.0	76.0	53.09564971923828	-2.0	-2.0	662427.0	-2.0	6.594295024871826	-2.0	0.012046460062265396	-2.0	25.183799743652344	-2.0	-2.0	24.5	0.4743189960718155	-2.0	1.5	-2.0	-2.0	3546380.0	3.5	-2.0	85.5	0.057293349876999855	-2.0	28.0	25.5	-2.0	0.0004545239935396239	-2.0	-2.0	-2.0	0.0030918950214982033	-2.0	-2.0	391.0	-2.0	-2.0	42.5	14.08115005493164	2.2303550395008642e-05	4.5	-2.0	10.5	-2.0	-2.0	8.0	2392725.0	9.545929908752441	10221.0	4814.0	-2.0	7.222200155258179	0.07212650030851364	-2.0	1303.0	-2.0	7.793190161464736e-05	7.0	-2.0	-2.0	4.169114828109741	3.95174503326416	31.0	-2.0	7165.0	-2.0	-2.0	-2.0	-2.0	-2.0	21036.0	-2.0	2.798580050468445	4.5	-2.0	1.9809899926185608	-2.0	2.471305012702942	-2.0	-2.0	100568.0	-2.0	-2.0	-2.0	-2.0	-2.0	1800.0	-2.0	16508600.0	0.01030520023778081	18.5	-2.0	2527095.0	1357070.0	38.5	-2.0	3790.0	-2.0	10839.0	-2.0	-2.0	-2.0	-2.0	-2.0	-2.0	86968.5	105.0	59.5	29.5	11.616300106048584	7.174230063355935e-06	-2.0	3909.5	182476.0	-2.0	6.277120113372803	-2.0	-2.0	0.000641969993012026	-2.0	155004.5	-2.0	-2.0	49.36269950866699	102.5	11.748600006103516	-2.0	2717.5	-2.0	26.234749794006348	55129.0	-2.0	-2.0	21.65329933166504	-2.0	21.734149932861328	-2.0	-2.0	-2.0	7186.0	-2.0	-2.0	69.5	-2.0	7.727920055389404	-2.0	-2.0	9.5	-2.0	-2.0	40009.0	4644.0	3.5	34083.5	-2.0	10.720250129699707	0.0026569549227133393	659.5	-2.0	-2.0	-2.0	-2.0	-2.0	1.0	-2.0	-2.0	182974000.0	5061.5	58641.0	-2.0	5033.5	-2.0	-2.0	255.72550201416016	2.5	21.291300773620605	20.600749969482422	12541.0	113201.5	-2.0	-2.0	-2.0	-2.0	-2.0	-2.0	279.30250549316406	-2.0	-2.0	-2.0	32331150.0	-2.0	-2.0
# Feature
2	8	0	2	1	-2	-2	-2	8	2	4	1	-2	8	2	4	-2	-2	2	-2	0	-2	-2	-2	5	-2	-2	0	2	-2	7	2	7	9	-2	-2	-2	-2	-2	-2	1	5	7	5	2	-2	6	3	3	8	8	-2	-2	5	-2	8	-2	-2	-2	-2	9	-2	-2	-2	7	8	4	-2	-2	5	-2	-2	3	4	-2	3	-2	-2	7	-2	8	8	-2	-2	-2	8	-2	3	-2	-2	1	7	-2	8	8	7	5	-2	-2	8	-2	-2	2	0	-2	9	8	-2	-2	-2	-2	8	-2	2	-2	6	8	-2	4	4	-2	-2	7	-2	3	-2	-2	8	-2	0	2	-2	-2	-2	8	7	5	6	-2	1	-2	-2	-2	2	-2	-2	3	5	-2	-2	7	-2	6	-2	-2	8	7	6	3	7	-2	4	-2	-2	2	7	-2	-2	-2	-2	7	-2	-2	-2	8	0	4	1	6	8	-2	2	-2	5	-2	2	-2	-2	-2	1	4	8	3	-2	2	-2	7	3	-2	-2	-2	-2	-2	9	-2	-2	0	2	6	2	0	7	-2	-2	-2	9	-2	6	9	7	-2	-2	3	4	-2	-2	-2	0	9	-2	0	-2	-2	-2	-2	-2	9	3	-2	-2	2	-2	7	-2	4	-2	7	-2	-2	8	7	-2	6	-2	-2	2	5	-2	9	7	-2	5	5	-2	4	-2	-2	-2	4	-2	-2	8	-2	-2	5	3	4	9	-2	5	-2	-2	6	2	3	8	0	-2	3	7	-2	8	-2	4	5	-2	-2	3	3	5	-2	8	-2	-2	-2	-2	-2	1	-2	7	5	-2	7	-2	7	-2	-2	8	-2	-2	-2	-2	-2	0	-2	1	4	5	-2	2	2	5	-2	8	-2	8	-2	-2	-2	-2	-2	-2	5	5	9	6	7	4	-2	8	2	-2	3	-2	-2	4	-2	2	-2	-2	3	5	7	-2	1	-2	7	2	-2	-2	3	-2	3	-2	-2	-2	8	-2	-2	5	-2	7	-2	-2	6	-2	-2	2	1	6	2	-2	3	4	5	-2	-2	-2	-2	-2	9	-2	-2	2	0	2	-2	1	-2	-2	7	9	7	7	8	2	-2	-2	-2	-2	-2	-2	7	-2	-2	-2	2	-2	-2
# Values
20.0	854.0	373.0	412.0	9.0	10.0
6.0	39.0	293.0	233.0	8.0	0.0
6.0	31.0	288.0	157.0	8.0	0.0
6.0	18.0	0.0	0.0	1.0	0.0
6.0	0.0	0.0	0.0	1.0	0.0
6.0	0.0	0.0	0.0	0.0	0.0
0.0	0.0	0.0	0.0	1.0	0.0
0.0	18.0	0.0	0.0	0.0	0.0
0.0	13.0	288.0	157.0	7.0	0.0
0.0	1.0	26.0	49.0	6.0	0.0
0.0	1.0	6.0	39.0	2.0	0.0
0.0	1.0	4.0	39.0	1.0	0.0
0.0	0.0	0.0	19.0	0.0	0.0
0.0	1.0	4.0	20.0	1.0	0.0
0.0	1.0	2.0	20.0	1.0	0.0
0.0	1.0	0.0	0.0	1.0	0.0
0.0	1.0	0.0	0.0	0.0	0.0
0.0	0.0	0.0	0.0	1.0	0.0
0.0	0.0	2.0	20.0	0.0	0.0
0.0	0.0	0.0	14.0	0.0	0.0
0.0	0.0	2.0	6.0	0.0	0.0
0.0	0.0	2.0	0.0	0.0	0.0
0.0	0.0	0.0	6.0	0.0	0.0
0.0	0.0	2.0	0.0	0.0	0.0
0.0	0.0	2.0	0.0	1.0	0.0
0.0	0.0	0.0	0.0	1.0	0.0
0.0	0.0	2.0	0.0	0.0	0.0
0.0	0.0	20.0	10.0	4.0	0.0
0.0	0.0	20.0	10.0	0.0	0.0
0.0	0.0	9.0	0.0	0.0	0.0
0.0	0.0	11.0	10.0	0.0	0.0
0.0	0.0	11.0	7.0	0.0	0.0
0.0	0.0	5.0	7.0	0.0	0.0
0.0	0.0	2.0	7.0	0.0	0.0
0.0	0.0	2.0	2.0	0.0	0.0
0.0	0.0	0.0	5.0	0.0	0.0
0.0	0.0	3.0	0.0	0.0	0.0
0.0	0.0	6.0	0.0	0.0	0.0
0.0	0.0	0.0	3.0	0.0	0.0
0.0	0.0	0.0	0.0	4.0	0.0
0.0	12.0	262.0	108.0	1.0	0.0
0.0	5.0	171.0	31.0	1.0	0.0
0.0	5.0	163.0	20.0	1.0	0.0
0.0	1.0	131.0	11.0	1.0	0.0
0.0	1.0	131.0	11.0	0.0	0.0
0.0	1.0	0.0	0.0	0.0	0.0
0.0	0.0	131.0	11.0	0.0	0.0
0.0	0.0	128.0	9.0	0.0	0.0
0.0	0.0	67.0	9.0	0.0	0.0
0.0	0.0	67.0	7.0	0.0	0.0
0.0	0.0	6.0	3.0	0.0	0.0
0.0	0.0	6.0	0.0	0.0	0.0
0.0	0.0	0.0	3.0	0.0	0.0
0.0	0.0	61.0	4.0	0.0	0.0
0.0	0.0	17.0	0.0	0.0	0.0
0.0	0.0	44.0	4.0	0.0	0.0
0.0	0.0	39.0	4.0	0.0	0.0
0.0	0.0	5.0	0.0	0.0	0.0
0.0	0.0	0.0	2.0	0.0	0.0
0.0	0.0	61.0	0.0	0.0	0.0
0.0	0.0	3.0	2.0	0.0	0.0
0.0	0.0	3.0	0.0	0.0	0.0
0.0	0.0	0.0	2.0	0.0	0.0
0.0	0.0	0.0	0.0	1.0	0.0
0.0	4.0	32.0	9.0	0.0	0.0
0.0	4.0	3.0	4.0	0.0	0.0
0.0	4.0	2.0	0.0	0.0	0.0
0.0	4.0	0.0	0.0	0.0	0.0
0.0	0.0	2.0	0.0	0.0	0.0
0.0	0.0	1.0	4.0	0.0	0.0
0.0	0.0	1.0	0.0	0.0	0.0
0.0	0.0	0.0	4.0	0.0	0.0
0.0	0.0	29.0	5.0	0.0	0.0
0.0	0.0	3.0	3.0	0.0	0.0
0.0	0.0	2.0	0.0	0.0	0.0
0.0	0.0	1.0	3.0	0.0	0.0
0.0	0.0	0.0	2.0	0.0	0.0
0.0	0.0	1.0	1.0	0.0	0.0
0.0	0.0	26.0	2.0	0.0	0.0
0.0	0.0	19.0	0.0	0.0	0.0
0.0	0.0	7.0	2.0	0.0	0.0
0.0	0.0	1.0	2.0	0.0	0.0
0.0	0.0	1.0	0.0	0.0	0.0
0.0	0.0	0.0	2.0	0.0	0.0
0.0	0.0	6.0	0.0	0.0	0.0
0.0	0.0	8.0	11.0	0.0	0.0
0.0	0.0	0.0	10.0	0.0	0.0
0.0	0.0	8.0	1.0	0.0	0.0
0.0	0.0	0.0	1.0	0.0	0.0
0.0	0.0	8.0	0.0	0.0	0.0
0.0	7.0	91.0	77.0	0.0	0.0
0.0	1.0	79.0	49.0	0.0	0.0
0.0	0.0	0.0	7.0	0.0	0.0
0.0	1.0	79.0	42.0	0.0	0.0
0.0	1.0	42.0	8.0	0.0	0.0
0.0	0.0	4.0	6.0	0.0	0.0
0.0	0.0	1.0	5.0	0.0	0.0
0.0	0.0	1.0	0.0	0.0	0.0
0.0	0.0	0.0	5.0	0.0	0.0
0.0	0.0	3.0	1.0	0.0	0.0
0.0	0.0	3.0	0.0	0.0	0.0
0.0	0.0	0.0	1.0	0.0	0.0
0.0	1.0	38.0	2.0	0.0	0.0
0.0	1.0	38.0	1.0	0.0	0.0
0.0	0.0	0.0	1.0	0.0	0.0
0.0	1.0	38.0	0.0	0.0	0.0
0.0	1.0	4.0	0.0	0.0	0.0
0.0	1.0	0.0	0.0	0.0	0.0
0.0	0.0	4.0	0.0	0.0	0.0
0.0	0.0	34.0	0.0	0.0	0.0
0.0	0.0	0.0	1.0	0.0	0.0
0.0	0.0	37.0	34.0	0.0	0.0
0.0	0.0	0.0	3.0	0.0	0.0
0.0	0.0	37.0	31.0	0.0	0.0
0.0	0.0	0.0	3.0	0.0	0.0
0.0	0.0	37.0	28.0	0.0	0.0
0.0	0.0	33.0	20.0	0.0	0.0
0.0	0.0	4.0	0.0	0.0	0.0
0.0	0.0	29.0	20.0	0.0	0.0
0.0	0.0	1.0	2.0	0.0	0.0
0.0	0.0	1.0	0.0	0.0	0.0
0.0	0.0	0.0	2.0	0.0	0.0
0.0	0.0	28.0	18.0	0.0	0.0
0.0	0.0	23.0	16.0	0.0	0.0
0.0	0.0	5.0	2.0	0.0	0.0
0.0	0.0	3.0	1.0	0.0	0.0
0.0	0.0	2.0	1.0	0.0	0.0
0.0	0.0	4.0	8.0	0.0	0.0
0.0	0.0	1.0	0.0	0.0	0.0
0.0	0.0	3.0	8.0	0.0	0.0
0.0	0.0	3.0	4.0	0.0	0.0
0.0	0.0	1.0	1.0	0.0	0.0
0.0	0.0	2.0	3.0	0.0	0.0
0.0	0.0	0.0	4.0	0.0	0.0
0.0	6.0	12.0	28.0	0.0	0.0
0.0	0.0	7.0	23.0	0.0	0.0
0.0	0.0	6.0	3.0	0.0	0.0
0.0	0.0	1.0	3.0	0.0	0.0
0.0	0.0	0.0	2.0	0.0	0.0
0.0	0.0	1.0	1.0	0.0	0.0
0.0	0.0	1.0	0.0	0.0	0.0
0.0	0.0	0.0	1.0	0.0	0.0
0.0	0.0	5.0	0.0	0.0	0.0
0.0	0.0	1.0	20.0	0.0	0.0
0.0	0.0	0.0	20.0	0.0	0.0
0.0	0.0	1.0	0.0	0.0	0.0
0.0	6.0	5.0	5.0	0.0	0.0
0.0	6.0	0.0	1.0	0.0	0.0
0.0	0.0	0.0	1.0	0.0	0.0
0.0	6.0	0.0	0.0	0.0	0.0
0.0	0.0	5.0	4.0	0.0	0.0
0.0	0.0	4.0	0.0	0.0	0.0
0.0	0.0	1.0	4.0	0.0	0.0
0.0	0.0	0.0	4.0	0.0	0.0
0.0	0.0	1.0	0.0	0.0	0.0
0.0	8.0	5.0	76.0	0.0	0.0
0.0	6.0	5.0	76.0	0.0	0.0
0.0	3.0	5.0	72.0	0.0	0.0
0.0	3.0	4.0	72.0	0.0	0.0
0.0	3.0	1.0	61.0	0.0	0.0
0.0	0.0	0.0	30.0	0.0	0.0
0.0	3.0	1.0	31.0	0.0	0.0
0.0	0.0	0.0	1.0	0.0	0.0
0.0	3.0	1.0	30.0	0.0	0.0
0.0	0.0	3.0	11.0	0.0	0.0
0.0	0.0	3.0	1.0	0.0	0.0
0.0	0.0	3.0	0.0	0.0	0.0
0.0	0.0	0.0	1.0	0.0	0.0
0.0	0.0	0.0	10.0	0.0	0.0
0.0	0.0	1.0	0.0	0.0	0.0
0.0	3.0	0.0	4.0	0.0	0.0
0.0	3.0	0.0	0.0	0.0	0.0
0.0	0.0	0.0	4.0	0.0	0.0
0.0	2.0	0.0	0.0	0.0	0.0
14.0	815.0	80.0	179.0	1.0	10.0
0.0	98.0	70.0	74.0	1.0	0.0
0.0	50.0	50.0	62.0	1.0	0.0
0.0	14.0	11.0	40.0	1.0	0.0
0.0	2.0	4.0	22.0	0.0	0.0
0.0	2.0	4.0	5.0	0.0	0.0
0.0	2.0	0.0	0.0	0.0	0.0
0.0	0.0	4.0	5.0	0.0	0.0
0.0	0.0	0.0	3.0	0.0	0.0
0.0	0.0	4.0	2.0	0.0	0.0
0.0	0.0	3.0	0.0	0.0	0.0
0.0	0.0	1.0	2.0	0.0	0.0
0.0	0.0	0.0	2.0	0.0	0.0
0.0	0.0	1.0	0.0	0.0	0.0
0.0	0.0	0.0	17.0	0.0	0.0
0.0	12.0	7.0	18.0	1.0	0.0
0.0	11.0	7.0	7.0	1.0	0.0
0.0	11.0	7.0	2.0	1.0	0.0
0.0	6.0	7.0	2.0	1.0	0.0
0.0	0.0	0.0	0.0	1.0	0.0
0.0	6.0	7.0	2.0	0.0	0.0
0.0	0.0	2.0	0.0	0.0	0.0
0.0	6.0	5.0	2.0	0.0	0.0
0.0	4.0	1.0	0.0	0.0	0.0
0.0	4.0	0.0	0.0	0.0	0.0
0.0	0.0	1.0	0.0	0.0	0.0
0.0	2.0	4.0	2.0	0.0	0.0
0.0	5.0	0.0	0.0	0.0	0.0
0.0	0.0	0.0	5.0	0.0	0.0
0.0	1.0	0.0	11.0	0.0	0.0
0.0	0.0	0.0	10.0	0.0	0.0
0.0	1.0	0.0	1.0	0.0	0.0
0.0	36.0	39.0	22.0	0.0	0.0
0.0	24.0	38.0	14.0	0.0	0.0
0.0	24.0	23.0	14.0	0.0	0.0
0.0	24.0	23.0	7.0	0.0	0.0
0.0	1.0	9.0	0.0	0.0	0.0
0.0	1.0	1.0	0.0	0.0	0.0
0.0	0.0	1.0	0.0	0.0	0.0
0.0	1.0	0.0	0.0	0.0	0.0
0.0	0.0	8.0	0.0	0.0	0.0
0.0	23.0	14.0	7.0	0.0	0.0
0.0	0.0	4.0	0.0	0.0	0.0
0.0	23.0	10.0	7.0	0.0	0.0
0.0	18.0	3.0	3.0	0.0	0.0
0.0	1.0	0.0	3.0	0.0	0.0
0.0	0.0	0.0	3.0	0.0	0.0
0.0	1.0	0.0	0.0	0.0	0.0
0.0	17.0	3.0	0.0	0.0	0.0
0.0	13.0	1.0	0.0	0.0	0.0
0.0	6.0	1.0	0.0	0.0	0.0
0.0	7.0	0.0	0.0	0.0	0.0
0.0	4.0	2.0	0.0	0.0	0.0
0.0	5.0	7.0	4.0	0.0	0.0
0.0	2.0	4.0	0.0	0.0	0.0
0.0	1.0	0.0	0.0	0.0	0.0
0.0	1.0	4.0	0.0	0.0	0.0
0.0	1.0	2.0	0.0	0.0	0.0
0.0	0.0	2.0	0.0	0.0	0.0
0.0	3.0	3.0	4.0	0.0	0.0
0.0	0.0	0.0	7.0	0.0	0.0
0.0	0.0	15.0	0.0	0.0	0.0
0.0	12.0	1.0	8.0	0.0	0.0
0.0	1.0	0.0	4.0	0.0	0.0
0.0	1.0	0.0	0.0	0.0	0.0
0.0	0.0	0.0	4.0	0.0	0.0
0.0	11.0	1.0	4.0	0.0	0.0
0.0	7.0	0.0	0.0	0.0	0.0
0.0	4.0	1.0	4.0	0.0	0.0
0.0	0.0	1.0	0.0	0.0	0.0
0.0	4.0	0.0	4.0	0.0	0.0
0.0	0.0	0.0	2.0	0.0	0.0
0.0	4.0	0.0	2.0	0.0	0.0
0.0	4.0	0.0	0.0	0.0	0.0
0.0	0.0	0.0	2.0	0.0	0.0
0.0	48.0	20.0	12.0	0.0	0.0
0.0	4.0	16.0	0.0	0.0	0.0
0.0	0.0	15.0	0.0	0.0	0.0
0.0	4.0	1.0	0.0	0.0	0.0
0.0	0.0	1.0	0.0	0.0	0.0
0.0	4.0	0.0	0.0	0.0	0.0
0.0	44.0	4.0	12.0	0.0	0.0
0.0	44.0	1.0	8.0	0.0	0.0
0.0	0.0	0.0	3.0	0.0	0.0
0.0	44.0	1.0	5.0	0.0	0.0
0.0	44.0	0.0	4.0	0.0	0.0
0.0	0.0	0.0	1.0	0.0	0.0
0.0	44.0	0.0	3.0	0.0	0.0
0.0	15.0	0.0	3.0	0.0	0.0
0.0	12.0	0.0	0.0	0.0	0.0
0.0	3.0	0.0	3.0	0.0	0.0
0.0	0.0	0.0	3.0	0.0	0.0
0.0	3.0	0.0	0.0	0.0	0.0
0.0	29.0	0.0	0.0	0.0	0.0
0.0	0.0	1.0	1.0	0.0	0.0
0.0	0.0	1.0	0.0	0.0	0.0
0.0	0.0	0.0	1.0	0.0	0.0
0.0	0.0	3.0	4.0	0.0	0.0
0.0	0.0	3.0	0.0	0.0	0.0
0.0	0.0	0.0	4.0	0.0	0.0
14.0	717.0	10.0	105.0	0.0	10.0
0.0	150.0	7.0	73.0	0.0	2.0
0.0	135.0	4.0	40.0	0.0	0.0
0.0	55.0	0.0	1.0	0.0	0.0
0.0	52.0	0.0	0.0	0.0	0.0
0.0	3.0	0.0	1.0	0.0	0.0
0.0	3.0	0.0	0.0	0.0	0.0
0.0	0.0	0.0	1.0	0.0	0.0
0.0	80.0	4.0	39.0	0.0	0.0
0.0	80.0	0.0	39.0	0.0	0.0
0.0	80.0	0.0	35.0	0.0	0.0
0.0	61.0	0.0	35.0	0.0	0.0
0.0	42.0	0.0	13.0	0.0	0.0
0.0	0.0	0.0	4.0	0.0	0.0
0.0	42.0	0.0	9.0	0.0	0.0
0.0	42.0	0.0	7.0	0.0	0.0
0.0	0.0	0.0	1.0	0.0	0.0
0.0	42.0	0.0	6.0	0.0	0.0
0.0	0.0	0.0	1.0	0.0	0.0
0.0	42.0	0.0	5.0	0.0	0.0
0.0	3.0	0.0	2.0	0.0	0.0
0.0	3.0	0.0	0.0	0.0	0.0
0.0	0.0	0.0	2.0	0.0	0.0
0.0	39.0	0.0	3.0	0.0	0.0
0.0	16.0	0.0	3.0	0.0	0.0
0.0	16.0	0.0	1.0	0.0	0.0
0.0	12.0	0.0	0.0	0.0	0.0
0.0	4.0	0.0	1.0	0.0	0.0
0.0	1.0	0.0	1.0	0.0	0.0
0.0	3.0	0.0	0.0	0.0	0.0
0.0	0.0	0.0	2.0	0.0	0.0
0.0	23.0	0.0	0.0	0.0	0.0
0.0	0.0	0.0	2.0	0.0	0.0
0.0	19.0	0.0	22.0	0.0	0.0
0.0	0.0	0.0	15.0	0.0	0.0
0.0	19.0	0.0	7.0	0.0	0.0
0.0	17.0	0.0	3.0	0.0	0.0
0.0	0.0	0.0	1.0	0.0	0.0
0.0	17.0	0.0	2.0	0.0	0.0
0.0	13.0	0.0	0.0	0.0	0.0
0.0	4.0	0.0	2.0	0.0	0.0
0.0	0.0	0.0	2.0	0.0	0.0
0.0	4.0	0.0	0.0	0.0	0.0
0.0	2.0	0.0	4.0	0.0	0.0
0.0	0.0	0.0	4.0	0.0	0.0
0.0	2.0	0.0	0.0	0.0	0.0
0.0	19.0	0.0	0.0	0.0	0.0
0.0	0.0	0.0	4.0	0.0	0.0
0.0	0.0	4.0	0.0	0.0	0.0
0.0	15.0	3.0	33.0	0.0	2.0
0.0	0.0	3.0	0.0	0.0	0.0
0.0	15.0	0.0	33.0	0.0	2.0
0.0	15.0	0.0	33.0	0.0	0.0
0.0	12.0	0.0	33.0	0.0	0.0
0.0	2.0	0.0	0.0	0.0	0.0
0.0	10.0	0.0	33.0	0.0	0.0
0.0	10.0	0.0	17.0	0.0	0.0
0.0	3.0	0.0	17.0	0.0	0.0
0.0	0.0	0.0	15.0	0.0	0.0
0.0	3.0	0.0	2.0	0.0	0.0
0.0	2.0	0.0	0.0	0.0	0.0
0.0	1.0	0.0	2.0	0.0	0.0
0.0	1.0	0.0	1.0	0.0	0.0
0.0	0.0	0.0	1.0	0.0	0.0
0.0	7.0	0.0	0.0	0.0	0.0
0.0	0.0	0.0	16.0	0.0	0.0
0.0	3.0	0.0	0.0	0.0	0.0
0.0	0.0	0.0	0.0	0.0	2.0
14.0	567.0	3.0	32.0	0.0	8.0
3.0	567.0	3.0	32.0	0.0	1.0
1.0	137.0	3.0	21.0	0.0	0.0
1.0	135.0	3.0	16.0	0.0	0.0
1.0	131.0	0.0	14.0	0.0	0.0
0.0	94.0	0.0	4.0	0.0	0.0
0.0	0.0	0.0	1.0	0.0	0.0
0.0	94.0	0.0	3.0	0.0	0.0
0.0	17.0	0.0	2.0	0.0	0.0
0.0	13.0	0.0	0.0	0.0	0.0
0.0	4.0	0.0	2.0	0.0	0.0
0.0	2.0	0.0	2.0	0.0	0.0
0.0	2.0	0.0	0.0	0.0	0.0
0.0	77.0	0.0	1.0	0.0	0.0
0.0	66.0	0.0	0.0	0.0	0.0
0.0	11.0	0.0	1.0	0.0	0.0
0.0	11.0	0.0	0.0	0.0	0.0
0.0	0.0	0.0	1.0	0.0	0.0
1.0	37.0	0.0	10.0	0.0	0.0
1.0	35.0	0.0	7.0	0.0	0.0
1.0	35.0	0.0	6.0	0.0	0.0
0.0	0.0	0.0	1.0	0.0	0.0
1.0	35.0	0.0	5.0	0.0	0.0
0.0	0.0	0.0	1.0	0.0	0.0
1.0	35.0	0.0	4.0	0.0	0.0
1.0	25.0	0.0	0.0	0.0	0.0
1.0	3.0	0.0	0.0	0.0	0.0
0.0	22.0	0.0	0.0	0.0	0.0
0.0	10.0	0.0	4.0	0.0	0.0
0.0	0.0	0.0	3.0	0.0	0.0
0.0	10.0	0.0	1.0	0.0	0.0
0.0	3.0	0.0	1.0	0.0	0.0
0.0	7.0	0.0	0.0	0.0	0.0
0.0	0.0	0.0	1.0	0.0	0.0
0.0	2.0	0.0	3.0	0.0	0.0
0.0	2.0	0.0	0.0	0.0	0.0
0.0	0.0	0.0	3.0	0.0	0.0
0.0	4.0	3.0	2.0	0.0	0.0
0.0	4.0	0.0	0.0	0.0	0.0
0.0	0.0	3.0	2.0	0.0	0.0
0.0	0.0	0.0	2.0	0.0	0.0
0.0	0.0	3.0	0.0	0.0	0.0
0.0	2.0	0.0	5.0	0.0	0.0
0.0	0.0	0.0	5.0	0.0	0.0
0.0	2.0	0.0	0.0	0.0	0.0
2.0	430.0	0.0	11.0	0.0	1.0
0.0	31.0	0.0	7.0	0.0	0.0
0.0	30.0	0.0	5.0	0.0	0.0
0.0	29.0	0.0	3.0	0.0	0.0
0.0	18.0	0.0	0.0	0.0	0.0
0.0	11.0	0.0	3.0	0.0	0.0
0.0	2.0	0.0	3.0	0.0	0.0
0.0	2.0	0.0	1.0	0.0	0.0
0.0	0.0	0.0	1.0	0.0	0.0
0.0	2.0	0.0	0.0	0.0	0.0
0.0	0.0	0.0	2.0	0.0	0.0
0.0	9.0	0.0	0.0	0.0	0.0
0.0	1.0	0.0	2.0	0.0	0.0
0.0	1.0	0.0	2.0	0.0	0.0
0.0	1.0	0.0	0.0	0.0	0.0
0.0	0.0	0.0	2.0	0.0	0.0
2.0	399.0	0.0	4.0	0.0	1.0
2.0	399.0	0.0	4.0	0.0	0.0
0.0	14.0	0.0	2.0	0.0	0.0
0.0	0.0	0.0	1.0	0.0	0.0
0.0	14.0	0.0	1.0	0.0	0.0
0.0	14.0	0.0	0.0	0.0	0.0
0.0	0.0	0.0	1.0	0.0	0.0
2.0	385.0	0.0	2.0	0.0	0.0
0.0	354.0	0.0	2.0	0.0	0.0
0.0	109.0	0.0	2.0	0.0	0.0
0.0	26.0	0.0	2.0	0.0	0.0
0.0	26.0	0.0	1.0	0.0	0.0
0.0	2.0	0.0	1.0	0.0	0.0
0.0	0.0	0.0	1.0	0.0	0.0
0.0	2.0	0.0	0.0	0.0	0.0
0.0	24.0	0.0	0.0	0.0	0.0
0.0	0.0	0.0	1.0	0.0	0.0
0.0	83.0	0.0	0.0	0.0	0.0
0.0	245.0	0.0	0.0	0.0	0.0
2.0	31.0	0.0	0.0	0.0	0.0
2.0	0.0	0.0	0.0	0.0	0.0
0.0	31.0	0.0	0.0	0.0	0.0
0.0	0.0	0.0	0.0	0.0	1.0
11.0	0.0	0.0	0.0	0.0	7.0
11.0	0.0	0.0	0.0	0.0	0.0
0.0	0.0	0.0	0.0	0.0	7.0
