# Sizes (NFeatures, Nclasses, NodeCount, MaxDepth)
10	6	443	17
# Classes
0.0	1.0	2.0	3.0	4.0	5.0
# Feature Names
Nrows	Ncols	Nnnz	AvgNnnz	Density	MaxRowNnnz	MinRowNnnz	StdRowNnnz	NDiags	NTrueDiags
# Left
1	2	3	4	5	6	-1	-1	9	-1	11	-1	-1	14	-1	16	17	18	-1	-1	21	-1	23	-1	-1	26	-1	28	-1	-1	31	32	33	34	35	-1	37	-1	-1	40	41	-1	-1	-1	-1	46	47	-1	49	-1	51	-1	53	-1	55	-1	-1	58	-1	60	-1	-1	63	64	65	66	67	-1	-1	70	-1	72	-1	-1	75	76	77	78	79	80	-1	-1	-1	84	-1	86	-1	-1	89	90	91	92	-1	-1	95	96	97	-1	99	-1	-1	-1	-1	104	105	-1	-1	108	-1	110	-1	112	-1	-1	115	116	117	-1	119	-1	-1	122	-1	-1	125	126	-1	128	-1	130	131	-1	-1	-1	135	-1	137	138	-1	-1	-1	142	-1	-1	145	-1	147	-1	149	150	151	152	153	-1	-1	-1	157	-1	-1	160	-1	-1	-1	164	165	166	-1	-1	-1	-1	171	-1	173	174	175	-1	177	178	-1	-1	-1	-1	-1	184	185	186	187	188	189	-1	-1	192	-1	194	-1	-1	197	-1	199	-1	-1	-1	203	-1	-1	206	207	-1	209	210	-1	-1	-1	214	-1	216	217	-1	219	-1	-1	222	-1	224	-1	-1	227	228	-1	230	231	232	-1	-1	235	236	237	238	-1	-1	241	242	-1	-1	245	-1	-1	248	249	250	-1	-1	253	254	-1	-1	-1	-1	259	260	-1	-1	-1	264	-1	266	267	-1	269	270	271	-1	-1	-1	275	-1	277	-1	-1	280	-1	-1	283	284	285	286	287	288	-1	290	-1	-1	293	294	-1	296	-1	-1	-1	300	-1	302	-1	304	305	-1	-1	-1	309	310	311	-1	-1	-1	315	316	-1	-1	319	320	321	-1	-1	-1	-1	326	327	328	329	330	331	332	333	-1	335	-1	-1	-1	339	-1	-1	342	-1	344	-1	-1	-1	-1	349	-1	-1	352	353	-1	355	-1	357	-1	-1	-1	361	362	363	-1	365	-1	367	368	369	-1	371	372	-1	374	-1	376	377	-1	379	-1	-1	-1	383	384	-1	-1	-1	388	389	-1	391	-1	-1	394	-1	396	-1	-1	399	-1	-1	402	-1	404	405	406	407	-1	409	-1	-1	412	-1	-1	415	-1	-1	418	419	420	421	422	423	-1	-1	-1	-1	428	429	-1	431	-1	-1	-1	435	-1	-1	438	-1	-1	441	-1	-1
# Right
226	183	30	13	8	7	-1	-1	10	-1	12	-1	-1	15	-1	25	20	19	-1	-1	22	-1	24	-1	-1	27	-1	29	-1	-1	62	45	44	39	36	-1	38	-1	-1	43	42	-1	-1	-1	-1	57	48	-1	50	-1	52	-1	54	-1	56	-1	-1	59	-1	61	-1	-1	170	163	74	69	68	-1	-1	71	-1	73	-1	-1	144	141	88	83	82	81	-1	-1	-1	85	-1	87	-1	-1	114	103	94	93	-1	-1	102	101	98	-1	100	-1	-1	-1	-1	107	106	-1	-1	109	-1	111	-1	113	-1	-1	124	121	118	-1	120	-1	-1	123	-1	-1	134	127	-1	129	-1	133	132	-1	-1	-1	136	-1	140	139	-1	-1	-1	143	-1	-1	146	-1	148	-1	162	159	156	155	154	-1	-1	-1	158	-1	-1	161	-1	-1	-1	169	168	167	-1	-1	-1	-1	172	-1	182	181	176	-1	180	179	-1	-1	-1	-1	-1	205	202	201	196	191	190	-1	-1	193	-1	195	-1	-1	198	-1	200	-1	-1	-1	204	-1	-1	213	208	-1	212	211	-1	-1	-1	215	-1	221	218	-1	220	-1	-1	223	-1	225	-1	-1	282	229	-1	263	234	233	-1	-1	258	247	240	239	-1	-1	244	243	-1	-1	246	-1	-1	257	252	251	-1	-1	256	255	-1	-1	-1	-1	262	261	-1	-1	-1	265	-1	279	268	-1	274	273	272	-1	-1	-1	276	-1	278	-1	-1	281	-1	-1	360	325	308	299	292	289	-1	291	-1	-1	298	295	-1	297	-1	-1	-1	301	-1	303	-1	307	306	-1	-1	-1	314	313	312	-1	-1	-1	318	317	-1	-1	324	323	322	-1	-1	-1	-1	351	348	347	346	341	338	337	334	-1	336	-1	-1	-1	340	-1	-1	343	-1	345	-1	-1	-1	-1	350	-1	-1	359	354	-1	356	-1	358	-1	-1	-1	440	401	364	-1	366	-1	398	387	370	-1	382	373	-1	375	-1	381	378	-1	380	-1	-1	-1	386	385	-1	-1	-1	393	390	-1	392	-1	-1	395	-1	397	-1	-1	400	-1	-1	403	-1	417	414	411	408	-1	410	-1	-1	413	-1	-1	416	-1	-1	437	434	427	426	425	424	-1	-1	-1	-1	433	430	-1	432	-1	-1	-1	436	-1	-1	439	-1	-1	442	-1	-1
# Threshold
35020.0	1622.0	75.0	53.0	36.5	23.0	-2.0	-2.0	67.0	-2.0	23.5	-2.0	-2.0	5.0	-2.0	3.5	303.0	40.5	-2.0	-2.0	69.0	-2.0	0.13298049941658974	-2.0	-2.0	5.5	-2.0	101.0	-2.0	-2.0	13.0	0.0020309300161898136	7.5	0.0008049930038396269	3909.5	-2.0	12308.5	-2.0	-2.0	3.5	945.5	-2.0	-2.0	-2.0	-2.0	5.997844934463501	4.855210065841675	-2.0	4.868819952011108	-2.0	481.0	-2.0	5.389240026473999	-2.0	9666.0	-2.0	-2.0	0.0030908199260011315	-2.0	5.0	-2.0	-2.0	152.0	2345.0	6.0	3.0	141.0	-2.0	-2.0	4.119615077972412	-2.0	1813.5	-2.0	-2.0	1219.5	14.5	83.5	4.429019927978516	1642.5	136.0	-2.0	-2.0	-2.0	2789.0	-2.0	6614.0	-2.0	-2.0	810.5	34.0	0.006660480052232742	1.5	-2.0	-2.0	4.67054009437561	4.5	2.0	-2.0	1.5116450190544128	-2.0	-2.0	-2.0	-2.0	5.9281699657440186	0.01172475004568696	-2.0	-2.0	35.5	-2.0	17.333449363708496	-2.0	17.960400104522705	-2.0	-2.0	1014.0	2.489674925804138	13.5	-2.0	3.5	-2.0	-2.0	93.0	-2.0	-2.0	181.0	0.7594085037708282	-2.0	9871.5	-2.0	1377.5	5.5	-2.0	-2.0	-2.0	1241.0	-2.0	1404.0	6.504970073699951	-2.0	-2.0	-2.0	100.0	-2.0	-2.0	0.5	-2.0	1409.5	-2.0	13.899999618530273	0.014634350314736366	6622.5	4.0137550830841064	5890.0	-2.0	-2.0	-2.0	0.014592200051993132	-2.0	-2.0	7.210790157318115	-2.0	-2.0	-2.0	184.0	1.9628700017929077	0.5	-2.0	-2.0	-2.0	-2.0	1607.5	-2.0	21.2256498336792	306.0	0.007701300084590912	-2.0	16.360599994659424	153.5	-2.0	-2.0	-2.0	-2.0	-2.0	21020.0	9.0	5860.0	30.777250289916992	1870.5	4.080660104751587	-2.0	-2.0	925.5	-2.0	6.202704906463623	-2.0	-2.0	30.777400016784668	-2.0	63.61774826049805	-2.0	-2.0	-2.0	1242.0	-2.0	-2.0	1.5	2.7514150142669678	-2.0	203.0	11.654900074005127	-2.0	-2.0	-2.0	1800.0	-2.0	13.686100006103516	4031.0	-2.0	6.352934837341309	-2.0	-2.0	0.005889249965548515	-2.0	11.782000064849854	-2.0	-2.0	322.5	43373.0	-2.0	9.5	4.470099925994873	18.5	-2.0	-2.0	287.5	99998.5	78996.0	15.99720048904419	-2.0	-2.0	92848.0	6887.0	-2.0	-2.0	2.1988814678043127	-2.0	-2.0	111.0	6.74439001083374	4.9850499629974365	-2.0	-2.0	2.5	56.0	-2.0	-2.0	-2.0	-2.0	4.5	0.0077631298918277025	-2.0	-2.0	-2.0	4612.5	-2.0	547118.5	50.5	-2.0	421162.0	17.5	53.0	-2.0	-2.0	-2.0	59.5	-2.0	24.5	-2.0	-2.0	0.015854650177061558	-2.0	-2.0	43.0	11.78725004196167	131431.5	9423.5	2.7894749641418457	1.5	-2.0	0.09125844947993755	-2.0	-2.0	48736.0	26.5	-2.0	46706.5	-2.0	-2.0	-2.0	55781.5	-2.0	21036.0	-2.0	29604.0	26860.5	-2.0	-2.0	-2.0	6.9761199951171875	2.5646450519561768	1.0073079820926978e-05	-2.0	-2.0	-2.0	7.651619911193848	4.0	-2.0	-2.0	12.5	888843.0	8.346524715423584	-2.0	-2.0	-2.0	-2.0	121099.0	25.28345012664795	88549.0	8.0	37.5	253179.5	11997.5	16.604000091552734	-2.0	4.4791998863220215	-2.0	-2.0	-2.0	3.901589870452881	-2.0	-2.0	4.359544992446899	-2.0	3807.0	-2.0	-2.0	-2.0	-2.0	80552.5	-2.0	-2.0	40.5	18.5	-2.0	1579775.0	-2.0	5.019910076953238e-06	-2.0	-2.0	-2.0	93261.5	93.5	5.035224914550781	-2.0	5.683925151824951	-2.0	26.0	310336.0	6.277120113372803	-2.0	13109.0	21.524700164794922	-2.0	81921.5	-2.0	8898.0	44.5	-2.0	4535.0	-2.0	-2.0	-2.0	24993.5	33301.0	-2.0	-2.0	-2.0	64.88685035705566	60.5	-2.0	52023.5	-2.0	-2.0	38838392.0	-2.0	223452504.0	-2.0	-2.0	12.600299835205078	-2.0	-2.0	503.5	-2.0	5239.5	4569.5	204.5	52.92740058898926	-2.0	29.015649795532227	-2.0	-2.0	1162.5	-2.0	-2.0	6748.5	-2.0	-2.0	214239496.0	259.02349853515625	140.5	139.5	0.5	10.22595477104187	-2.0	-2.0	-2.0	-2.0	0.5	120968.0	-2.0	104578.0	-2.0	-2.0	-2.0	268.15049743652344	-2.0	-2.0	46.1889009475708	-2.0	-2.0	0.5	-2.0	-2.0
# Feature
2	8	1	8	2	2	-2	-2	1	-2	8	-2	-2	5	-2	6	2	1	-2	-2	0	-2	4	-2	-2	9	-2	8	-2	-2	8	4	8	4	1	-2	2	-2	-2	6	0	-2	-2	-2	-2	3	3	-2	3	-2	1	-2	3	-2	2	-2	-2	4	-2	6	-2	-2	5	0	5	9	8	-2	-2	3	-2	2	-2	-2	8	6	8	7	2	1	-2	-2	-2	2	-2	2	-2	-2	1	5	4	9	-2	-2	3	9	9	-2	7	-2	-2	-2	-2	3	4	-2	-2	5	-2	7	-2	3	-2	-2	0	7	5	-2	6	-2	-2	5	-2	-2	8	7	-2	2	-2	0	6	-2	-2	-2	1	-2	1	3	-2	-2	-2	9	-2	-2	6	-2	8	-2	3	4	2	7	2	-2	-2	-2	4	-2	-2	7	-2	-2	-2	8	7	6	-2	-2	-2	-2	2	-2	7	5	4	-2	7	5	-2	-2	-2	-2	-2	2	6	8	7	8	7	-2	-2	5	-2	3	-2	-2	7	-2	7	-2	-2	-2	1	-2	-2	6	7	-2	5	7	-2	-2	-2	0	-2	7	8	-2	3	-2	-2	4	-2	3	-2	-2	8	2	-2	6	3	8	-2	-2	8	2	2	7	-2	-2	2	1	-2	-2	7	-2	-2	9	3	3	-2	-2	6	8	-2	-2	-2	-2	6	4	-2	-2	-2	0	-2	2	5	-2	2	6	5	-2	-2	-2	5	-2	6	-2	-2	4	-2	-2	5	3	2	8	7	9	-2	7	-2	-2	2	5	-2	2	-2	-2	-2	2	-2	1	-2	1	8	-2	-2	-2	3	3	4	-2	-2	-2	3	9	-2	-2	5	2	3	-2	-2	-2	-2	0	3	0	9	5	2	0	3	-2	7	-2	-2	-2	7	-2	-2	7	-2	8	-2	-2	-2	-2	0	-2	-2	5	5	-2	1	-2	4	-2	-2	-2	5	5	7	-2	7	-2	6	2	3	-2	1	3	-2	2	-2	0	5	-2	8	-2	-2	-2	8	0	-2	-2	-2	3	9	-2	0	-2	-2	2	-2	2	-2	-2	7	-2	-2	8	-2	1	0	5	3	-2	7	-2	-2	8	-2	-2	8	-2	-2	2	7	5	5	6	7	-2	-2	-2	-2	9	8	-2	1	-2	-2	-2	7	-2	-2	3	-2	-2	9	-2	-2
# Values
32.0	825.0	380.0	421.0	16.0	4.0
6.0	101.0	319.0	258.0	16.0	0.0
4.0	59.0	310.0	161.0	16.0	0.0
4.0	40.0	4.0	4.0	7.0	0.0
1.0	30.0	0.0	0.0	2.0	0.0
1.0	0.0	0.0	0.0	1.0	0.0
1.0	0.0	0.0	0.0	0.0	0.0
0.0	0.0	0.0	0.0	1.0	0.0
0.0	30.0	0.0	0.0	1.0	0.0
0.0	28.0	0.0	0.0	0.0	0.0
0.0	2.0	0.0	0.0	1.0	0.0
0.0	0.0	0.0	0.0	1.0	0.0
0.0	2.0	0.0	0.0	0.0	0.0
3.0	10.0	4.0	4.0	5.0	0.0
3.0	0.0	0.0	0.0	0.0	0.0
0.0	10.0	4.0	4.0	5.0	0.0
0.0	4.0	4.0	4.0	0.0	0.0
0.0	4.0	0.0	2.0	0.0	0.0
0.0	0.0	0.0	2.0	0.0	0.0
0.0	4.0	0.0	0.0	0.0	0.0
0.0	0.0	4.0	2.0	0.0	0.0
0.0	0.0	3.0	0.0	0.0	0.0
0.0	0.0	1.0	2.0	0.0	0.0
0.0	0.0	1.0	0.0	0.0	0.0
0.0	0.0	0.0	2.0	0.0	0.0
0.0	6.0	0.0	0.0	5.0	0.0
0.0	2.0	0.0	0.0	0.0	0.0
0.0	4.0	0.0	0.0	5.0	0.0
0.0	4.0	0.0	0.0	4.0	0.0
0.0	0.0	0.0	0.0	1.0	0.0
0.0	19.0	306.0	157.0	9.0	0.0
0.0	5.0	18.0	43.0	6.0	0.0
0.0	3.0	10.0	4.0	6.0	0.0
0.0	3.0	0.0	4.0	6.0	0.0
0.0	0.0	0.0	2.0	5.0	0.0
0.0	0.0	0.0	0.0	3.0	0.0
0.0	0.0	0.0	2.0	2.0	0.0
0.0	0.0	0.0	2.0	0.0	0.0
0.0	0.0	0.0	0.0	2.0	0.0
0.0	3.0	0.0	2.0	1.0	0.0
0.0	3.0	0.0	0.0	1.0	0.0
0.0	0.0	0.0	0.0	1.0	0.0
0.0	3.0	0.0	0.0	0.0	0.0
0.0	0.0	0.0	2.0	0.0	0.0
0.0	0.0	10.0	0.0	0.0	0.0
0.0	2.0	8.0	39.0	0.0	0.0
0.0	0.0	4.0	37.0	0.0	0.0
0.0	0.0	0.0	21.0	0.0	0.0
0.0	0.0	4.0	16.0	0.0	0.0
0.0	0.0	2.0	0.0	0.0	0.0
0.0	0.0	2.0	16.0	0.0	0.0
0.0	0.0	1.0	0.0	0.0	0.0
0.0	0.0	1.0	16.0	0.0	0.0
0.0	0.0	0.0	12.0	0.0	0.0
0.0	0.0	1.0	4.0	0.0	0.0
0.0	0.0	1.0	0.0	0.0	0.0
0.0	0.0	0.0	4.0	0.0	0.0
0.0	2.0	4.0	2.0	0.0	0.0
0.0	0.0	0.0	2.0	0.0	0.0
0.0	2.0	4.0	0.0	0.0	0.0
0.0	0.0	4.0	0.0	0.0	0.0
0.0	2.0	0.0	0.0	0.0	0.0
0.0	14.0	288.0	114.0	3.0	0.0
0.0	14.0	276.0	89.0	3.0	0.0
0.0	14.0	263.0	67.0	3.0	0.0
0.0	0.0	4.0	9.0	3.0	0.0
0.0	0.0	3.0	0.0	3.0	0.0
0.0	0.0	0.0	0.0	3.0	0.0
0.0	0.0	3.0	0.0	0.0	0.0
0.0	0.0	1.0	9.0	0.0	0.0
0.0	0.0	0.0	6.0	0.0	0.0
0.0	0.0	1.0	3.0	0.0	0.0
0.0	0.0	1.0	0.0	0.0	0.0
0.0	0.0	0.0	3.0	0.0	0.0
0.0	14.0	259.0	58.0	0.0	0.0
0.0	10.0	232.0	38.0	0.0	0.0
0.0	10.0	231.0	32.0	0.0	0.0
0.0	7.0	24.0	8.0	0.0	0.0
0.0	0.0	20.0	4.0	0.0	0.0
0.0	0.0	1.0	4.0	0.0	0.0
0.0	0.0	1.0	0.0	0.0	0.0
0.0	0.0	0.0	4.0	0.0	0.0
0.0	0.0	19.0	0.0	0.0	0.0
0.0	7.0	4.0	4.0	0.0	0.0
0.0	7.0	0.0	0.0	0.0	0.0
0.0	0.0	4.0	4.0	0.0	0.0
0.0	0.0	0.0	4.0	0.0	0.0
0.0	0.0	4.0	0.0	0.0	0.0
0.0	3.0	207.0	24.0	0.0	0.0
0.0	0.0	162.0	11.0	0.0	0.0
0.0	0.0	133.0	5.0	0.0	0.0
0.0	0.0	3.0	1.0	0.0	0.0
0.0	0.0	0.0	1.0	0.0	0.0
0.0	0.0	3.0	0.0	0.0	0.0
0.0	0.0	130.0	4.0	0.0	0.0
0.0	0.0	69.0	4.0	0.0	0.0
0.0	0.0	69.0	3.0	0.0	0.0
0.0	0.0	19.0	0.0	0.0	0.0
0.0	0.0	50.0	3.0	0.0	0.0
0.0	0.0	48.0	3.0	0.0	0.0
0.0	0.0	2.0	0.0	0.0	0.0
0.0	0.0	0.0	1.0	0.0	0.0
0.0	0.0	61.0	0.0	0.0	0.0
0.0	0.0	29.0	6.0	0.0	0.0
0.0	0.0	3.0	4.0	0.0	0.0
0.0	0.0	3.0	0.0	0.0	0.0
0.0	0.0	0.0	4.0	0.0	0.0
0.0	0.0	26.0	2.0	0.0	0.0
0.0	0.0	0.0	1.0	0.0	0.0
0.0	0.0	26.0	1.0	0.0	0.0
0.0	0.0	25.0	0.0	0.0	0.0
0.0	0.0	1.0	1.0	0.0	0.0
0.0	0.0	1.0	0.0	0.0	0.0
0.0	0.0	0.0	1.0	0.0	0.0
0.0	3.0	45.0	13.0	0.0	0.0
0.0	2.0	2.0	5.0	0.0	0.0
0.0	0.0	1.0	5.0	0.0	0.0
0.0	0.0	0.0	4.0	0.0	0.0
0.0	0.0	1.0	1.0	0.0	0.0
0.0	0.0	1.0	0.0	0.0	0.0
0.0	0.0	0.0	1.0	0.0	0.0
0.0	2.0	1.0	0.0	0.0	0.0
0.0	2.0	0.0	0.0	0.0	0.0
0.0	0.0	1.0	0.0	0.0	0.0
0.0	1.0	43.0	8.0	0.0	0.0
0.0	1.0	12.0	6.0	0.0	0.0
0.0	0.0	8.0	0.0	0.0	0.0
0.0	1.0	4.0	6.0	0.0	0.0
0.0	0.0	0.0	5.0	0.0	0.0
0.0	1.0	4.0	1.0	0.0	0.0
0.0	1.0	0.0	1.0	0.0	0.0
0.0	0.0	0.0	1.0	0.0	0.0
0.0	1.0	0.0	0.0	0.0	0.0
0.0	0.0	4.0	0.0	0.0	0.0
0.0	0.0	31.0	2.0	0.0	0.0
0.0	0.0	21.0	0.0	0.0	0.0
0.0	0.0	10.0	2.0	0.0	0.0
0.0	0.0	1.0	2.0	0.0	0.0
0.0	0.0	0.0	2.0	0.0	0.0
0.0	0.0	1.0	0.0	0.0	0.0
0.0	0.0	9.0	0.0	0.0	0.0
0.0	0.0	1.0	6.0	0.0	0.0
0.0	0.0	0.0	6.0	0.0	0.0
0.0	0.0	1.0	0.0	0.0	0.0
0.0	4.0	27.0	20.0	0.0	0.0
0.0	2.0	0.0	0.0	0.0	0.0
0.0	2.0	27.0	20.0	0.0	0.0
0.0	0.0	0.0	3.0	0.0	0.0
0.0	2.0	27.0	17.0	0.0	0.0
0.0	1.0	27.0	17.0	0.0	0.0
0.0	1.0	24.0	12.0	0.0	0.0
0.0	1.0	17.0	11.0	0.0	0.0
0.0	1.0	17.0	10.0	0.0	0.0
0.0	0.0	1.0	0.0	0.0	0.0
0.0	1.0	16.0	10.0	0.0	0.0
0.0	0.0	0.0	1.0	0.0	0.0
0.0	0.0	7.0	1.0	0.0	0.0
0.0	0.0	5.0	0.0	0.0	0.0
0.0	0.0	2.0	1.0	0.0	0.0
0.0	0.0	3.0	5.0	0.0	0.0
0.0	0.0	0.0	1.0	0.0	0.0
0.0	0.0	3.0	4.0	0.0	0.0
0.0	1.0	0.0	0.0	0.0	0.0
0.0	0.0	13.0	22.0	0.0	0.0
0.0	0.0	13.0	4.0	0.0	0.0
0.0	0.0	13.0	1.0	0.0	0.0
0.0	0.0	0.0	1.0	0.0	0.0
0.0	0.0	13.0	0.0	0.0	0.0
0.0	0.0	0.0	3.0	0.0	0.0
0.0	0.0	0.0	18.0	0.0	0.0
0.0	0.0	12.0	25.0	0.0	0.0
0.0	0.0	3.0	0.0	0.0	0.0
0.0	0.0	9.0	25.0	0.0	0.0
0.0	0.0	6.0	25.0	0.0	0.0
0.0	0.0	6.0	11.0	0.0	0.0
0.0	0.0	4.0	0.0	0.0	0.0
0.0	0.0	2.0	11.0	0.0	0.0
0.0	0.0	1.0	11.0	0.0	0.0
0.0	0.0	1.0	3.0	0.0	0.0
0.0	0.0	0.0	8.0	0.0	0.0
0.0	0.0	1.0	0.0	0.0	0.0
0.0	0.0	0.0	14.0	0.0	0.0
0.0	0.0	3.0	0.0	0.0	0.0
2.0	42.0	9.0	97.0	0.0	0.0
0.0	10.0	4.0	77.0	0.0	0.0
0.0	8.0	2.0	77.0	0.0	0.0
0.0	6.0	2.0	77.0	0.0	0.0
0.0	2.0	1.0	70.0	0.0	0.0
0.0	0.0	1.0	2.0	0.0	0.0
0.0	0.0	0.0	2.0	0.0	0.0
0.0	0.0	1.0	0.0	0.0	0.0
0.0	2.0	0.0	68.0	0.0	0.0
0.0	0.0	0.0	24.0	0.0	0.0
0.0	2.0	0.0	44.0	0.0	0.0
0.0	0.0	0.0	6.0	0.0	0.0
0.0	2.0	0.0	38.0	0.0	0.0
0.0	4.0	1.0	7.0	0.0	0.0
0.0	4.0	0.0	0.0	0.0	0.0
0.0	0.0	1.0	7.0	0.0	0.0
0.0	0.0	0.0	7.0	0.0	0.0
0.0	0.0	1.0	0.0	0.0	0.0
0.0	2.0	0.0	0.0	0.0	0.0
0.0	2.0	2.0	0.0	0.0	0.0
0.0	2.0	0.0	0.0	0.0	0.0
0.0	0.0	2.0	0.0	0.0	0.0
2.0	32.0	5.0	20.0	0.0	0.0
2.0	21.0	0.0	2.0	0.0	0.0
0.0	1.0	0.0	2.0	0.0	0.0
2.0	20.0	0.0	0.0	0.0	0.0
2.0	6.0	0.0	0.0	0.0	0.0
0.0	5.0	0.0	0.0	0.0	0.0
2.0	1.0	0.0	0.0	0.0	0.0
0.0	14.0	0.0	0.0	0.0	0.0
0.0	11.0	5.0	18.0	0.0	0.0
0.0	0.0	5.0	0.0	0.0	0.0
0.0	11.0	0.0	18.0	0.0	0.0
0.0	10.0	0.0	6.0	0.0	0.0
0.0	9.0	0.0	0.0	0.0	0.0
0.0	1.0	0.0	6.0	0.0	0.0
0.0	0.0	0.0	6.0	0.0	0.0
0.0	1.0	0.0	0.0	0.0	0.0
0.0	1.0	0.0	12.0	0.0	0.0
0.0	0.0	0.0	9.0	0.0	0.0
0.0	1.0	0.0	3.0	0.0	0.0
0.0	1.0	0.0	0.0	0.0	0.0
0.0	0.0	0.0	3.0	0.0	0.0
26.0	724.0	61.0	163.0	0.0	4.0
3.0	37.0	56.0	25.0	0.0	0.0
0.0	0.0	0.0	7.0	0.0	0.0
3.0	37.0	56.0	18.0	0.0	0.0
3.0	17.0	48.0	8.0	0.0	0.0
0.0	3.0	0.0	3.0	0.0	0.0
0.0	3.0	0.0	0.0	0.0	0.0
0.0	0.0	0.0	3.0	0.0	0.0
3.0	14.0	48.0	5.0	0.0	0.0
0.0	9.0	45.0	5.0	0.0	0.0
0.0	7.0	12.0	3.0	0.0	0.0
0.0	1.0	10.0	0.0	0.0	0.0
0.0	0.0	10.0	0.0	0.0	0.0
0.0	1.0	0.0	0.0	0.0	0.0
0.0	6.0	2.0	3.0	0.0	0.0
0.0	5.0	0.0	3.0	0.0	0.0
0.0	2.0	0.0	0.0	0.0	0.0
0.0	3.0	0.0	3.0	0.0	0.0
0.0	1.0	2.0	0.0	0.0	0.0
0.0	1.0	0.0	0.0	0.0	0.0
0.0	0.0	2.0	0.0	0.0	0.0
0.0	2.0	33.0	2.0	0.0	0.0
0.0	2.0	33.0	1.0	0.0	0.0
0.0	2.0	4.0	0.0	0.0	0.0
0.0	0.0	4.0	0.0	0.0	0.0
0.0	2.0	0.0	0.0	0.0	0.0
0.0	0.0	29.0	1.0	0.0	0.0
0.0	0.0	5.0	1.0	0.0	0.0
0.0	0.0	0.0	1.0	0.0	0.0
0.0	0.0	5.0	0.0	0.0	0.0
0.0	0.0	24.0	0.0	0.0	0.0
0.0	0.0	0.0	1.0	0.0	0.0
3.0	5.0	3.0	0.0	0.0	0.0
3.0	2.0	0.0	0.0	0.0	0.0
3.0	1.0	0.0	0.0	0.0	0.0
0.0	1.0	0.0	0.0	0.0	0.0
0.0	3.0	3.0	0.0	0.0	0.0
0.0	20.0	8.0	10.0	0.0	0.0
0.0	0.0	0.0	5.0	0.0	0.0
0.0	20.0	8.0	5.0	0.0	0.0
0.0	8.0	7.0	5.0	0.0	0.0
0.0	4.0	0.0	0.0	0.0	0.0
0.0	4.0	7.0	5.0	0.0	0.0
0.0	3.0	7.0	2.0	0.0	0.0
0.0	3.0	3.0	2.0	0.0	0.0
0.0	2.0	2.0	2.0	0.0	0.0
0.0	1.0	1.0	0.0	0.0	0.0
0.0	0.0	4.0	0.0	0.0	0.0
0.0	1.0	0.0	3.0	0.0	0.0
0.0	0.0	0.0	2.0	0.0	0.0
0.0	1.0	0.0	1.0	0.0	0.0
0.0	1.0	0.0	0.0	0.0	0.0
0.0	0.0	0.0	1.0	0.0	0.0
0.0	12.0	1.0	0.0	0.0	0.0
0.0	12.0	0.0	0.0	0.0	0.0
0.0	0.0	1.0	0.0	0.0	0.0
23.0	687.0	5.0	138.0	0.0	4.0
2.0	163.0	0.0	103.0	0.0	0.0
2.0	134.0	0.0	40.0	0.0	0.0
2.0	23.0	0.0	35.0	0.0	0.0
0.0	18.0	0.0	9.0	0.0	0.0
0.0	15.0	0.0	3.0	0.0	0.0
0.0	0.0	0.0	2.0	0.0	0.0
0.0	15.0	0.0	1.0	0.0	0.0
0.0	0.0	0.0	1.0	0.0	0.0
0.0	15.0	0.0	0.0	0.0	0.0
0.0	3.0	0.0	6.0	0.0	0.0
0.0	3.0	0.0	1.0	0.0	0.0
0.0	2.0	0.0	0.0	0.0	0.0
0.0	1.0	0.0	1.0	0.0	0.0
0.0	0.0	0.0	1.0	0.0	0.0
0.0	1.0	0.0	0.0	0.0	0.0
0.0	0.0	0.0	5.0	0.0	0.0
2.0	5.0	0.0	26.0	0.0	0.0
0.0	2.0	0.0	0.0	0.0	0.0
2.0	3.0	0.0	26.0	0.0	0.0
0.0	0.0	0.0	22.0	0.0	0.0
2.0	3.0	0.0	4.0	0.0	0.0
2.0	3.0	0.0	0.0	0.0	0.0
0.0	3.0	0.0	0.0	0.0	0.0
2.0	0.0	0.0	0.0	0.0	0.0
0.0	0.0	0.0	4.0	0.0	0.0
0.0	111.0	0.0	5.0	0.0	0.0
0.0	87.0	0.0	1.0	0.0	0.0
0.0	10.0	0.0	1.0	0.0	0.0
0.0	10.0	0.0	0.0	0.0	0.0
0.0	0.0	0.0	1.0	0.0	0.0
0.0	77.0	0.0	0.0	0.0	0.0
0.0	24.0	0.0	4.0	0.0	0.0
0.0	1.0	0.0	2.0	0.0	0.0
0.0	1.0	0.0	0.0	0.0	0.0
0.0	0.0	0.0	2.0	0.0	0.0
0.0	23.0	0.0	2.0	0.0	0.0
0.0	9.0	0.0	2.0	0.0	0.0
0.0	1.0	0.0	2.0	0.0	0.0
0.0	1.0	0.0	0.0	0.0	0.0
0.0	0.0	0.0	2.0	0.0	0.0
0.0	8.0	0.0	0.0	0.0	0.0
0.0	14.0	0.0	0.0	0.0	0.0
0.0	29.0	0.0	63.0	0.0	0.0
0.0	25.0	0.0	31.0	0.0	0.0
0.0	14.0	0.0	29.0	0.0	0.0
0.0	11.0	0.0	29.0	0.0	0.0
0.0	11.0	0.0	16.0	0.0	0.0
0.0	5.0	0.0	14.0	0.0	0.0
0.0	3.0	0.0	13.0	0.0	0.0
0.0	3.0	0.0	7.0	0.0	0.0
0.0	1.0	0.0	0.0	0.0	0.0
0.0	2.0	0.0	7.0	0.0	0.0
0.0	0.0	0.0	3.0	0.0	0.0
0.0	2.0	0.0	4.0	0.0	0.0
0.0	0.0	0.0	6.0	0.0	0.0
0.0	2.0	0.0	1.0	0.0	0.0
0.0	2.0	0.0	0.0	0.0	0.0
0.0	0.0	0.0	1.0	0.0	0.0
0.0	6.0	0.0	2.0	0.0	0.0
0.0	0.0	0.0	1.0	0.0	0.0
0.0	6.0	0.0	1.0	0.0	0.0
0.0	4.0	0.0	0.0	0.0	0.0
0.0	2.0	0.0	1.0	0.0	0.0
0.0	0.0	0.0	13.0	0.0	0.0
0.0	3.0	0.0	0.0	0.0	0.0
0.0	11.0	0.0	2.0	0.0	0.0
0.0	10.0	0.0	0.0	0.0	0.0
0.0	1.0	0.0	2.0	0.0	0.0
0.0	4.0	0.0	32.0	0.0	0.0
0.0	2.0	0.0	32.0	0.0	0.0
0.0	1.0	0.0	0.0	0.0	0.0
0.0	1.0	0.0	32.0	0.0	0.0
0.0	0.0	0.0	28.0	0.0	0.0
0.0	1.0	0.0	4.0	0.0	0.0
0.0	0.0	0.0	4.0	0.0	0.0
0.0	1.0	0.0	0.0	0.0	0.0
0.0	2.0	0.0	0.0	0.0	0.0
21.0	524.0	5.0	35.0	0.0	4.0
2.0	524.0	5.0	35.0	0.0	1.0
0.0	130.0	0.0	28.0	0.0	0.0
0.0	73.0	0.0	0.0	0.0	0.0
0.0	57.0	0.0	28.0	0.0	0.0
0.0	0.0	0.0	6.0	0.0	0.0
0.0	57.0	0.0	22.0	0.0	0.0
0.0	56.0	0.0	17.0	0.0	0.0
0.0	20.0	0.0	13.0	0.0	0.0
0.0	8.0	0.0	0.0	0.0	0.0
0.0	12.0	0.0	13.0	0.0	0.0
0.0	10.0	0.0	6.0	0.0	0.0
0.0	5.0	0.0	0.0	0.0	0.0
0.0	5.0	0.0	6.0	0.0	0.0
0.0	0.0	0.0	3.0	0.0	0.0
0.0	5.0	0.0	3.0	0.0	0.0
0.0	5.0	0.0	2.0	0.0	0.0
0.0	0.0	0.0	1.0	0.0	0.0
0.0	5.0	0.0	1.0	0.0	0.0
0.0	3.0	0.0	0.0	0.0	0.0
0.0	2.0	0.0	1.0	0.0	0.0
0.0	0.0	0.0	1.0	0.0	0.0
0.0	2.0	0.0	7.0	0.0	0.0
0.0	1.0	0.0	7.0	0.0	0.0
0.0	0.0	0.0	3.0	0.0	0.0
0.0	1.0	0.0	4.0	0.0	0.0
0.0	1.0	0.0	0.0	0.0	0.0
0.0	36.0	0.0	4.0	0.0	0.0
0.0	34.0	0.0	1.0	0.0	0.0
0.0	32.0	0.0	0.0	0.0	0.0
0.0	2.0	0.0	1.0	0.0	0.0
0.0	2.0	0.0	0.0	0.0	0.0
0.0	0.0	0.0	1.0	0.0	0.0
0.0	2.0	0.0	3.0	0.0	0.0
0.0	0.0	0.0	2.0	0.0	0.0
0.0	2.0	0.0	1.0	0.0	0.0
0.0	2.0	0.0	0.0	0.0	0.0
0.0	0.0	0.0	1.0	0.0	0.0
0.0	1.0	0.0	5.0	0.0	0.0
0.0	0.0	0.0	5.0	0.0	0.0
0.0	1.0	0.0	0.0	0.0	0.0
2.0	394.0	5.0	7.0	0.0	1.0
0.0	0.0	2.0	0.0	0.0	0.0
2.0	394.0	3.0	7.0	0.0	1.0
0.0	26.0	3.0	4.0	0.0	0.0
0.0	25.0	3.0	1.0	0.0	0.0
0.0	2.0	2.0	1.0	0.0	0.0
0.0	2.0	0.0	0.0	0.0	0.0
0.0	0.0	2.0	1.0	0.0	0.0
0.0	0.0	2.0	0.0	0.0	0.0
0.0	0.0	0.0	1.0	0.0	0.0
0.0	23.0	1.0	0.0	0.0	0.0
0.0	4.0	1.0	0.0	0.0	0.0
0.0	19.0	0.0	0.0	0.0	0.0
0.0	1.0	0.0	3.0	0.0	0.0
0.0	0.0	0.0	2.0	0.0	0.0
0.0	1.0	0.0	1.0	0.0	0.0
2.0	368.0	0.0	3.0	0.0	1.0
2.0	365.0	0.0	3.0	0.0	0.0
0.0	330.0	0.0	3.0	0.0	0.0
0.0	40.0	0.0	2.0	0.0	0.0
0.0	40.0	0.0	1.0	0.0	0.0
0.0	1.0	0.0	1.0	0.0	0.0
0.0	1.0	0.0	0.0	0.0	0.0
0.0	0.0	0.0	1.0	0.0	0.0
0.0	39.0	0.0	0.0	0.0	0.0
0.0	0.0	0.0	1.0	0.0	0.0
0.0	290.0	0.0	1.0	0.0	0.0
0.0	46.0	0.0	1.0	0.0	0.0
0.0	32.0	0.0	0.0	0.0	0.0
0.0	14.0	0.0	1.0	0.0	0.0
0.0	0.0	0.0	1.0	0.0	0.0
0.0	14.0	0.0	0.0	0.0	0.0
0.0	244.0	0.0	0.0	0.0	0.0
2.0	35.0	0.0	0.0	0.0	0.0
2.0	0.0	0.0	0.0	0.0	0.0
0.0	35.0	0.0	0.0	0.0	0.0
0.0	3.0	0.0	0.0	0.0	1.0
0.0	3.0	0.0	0.0	0.0	0.0
0.0	0.0	0.0	0.0	0.0	1.0
19.0	0.0	0.0	0.0	0.0	3.0
0.0	0.0	0.0	0.0	0.0	3.0
19.0	0.0	0.0	0.0	0.0	0.0
