# Sizes (NFeatures, Nclasses, NodeCount, MaxDepth)
10	6	439	19
# Classes
0.0	1.0	2.0	3.0	4.0	5.0
# Feature Names
Nrows	Ncols	Nnnz	AvgNnnz	Density	MaxRowNnnz	MinRowNnnz	StdRowNnnz	NDiags	NTrueDiags
# Left
1	2	3	4	5	-1	-1	8	-1	10	-1	-1	13	14	15	16	17	-1	-1	20	-1	22	-1	-1	25	-1	-1	-1	29	30	31	32	33	-1	35	-1	-1	38	39	-1	-1	-1	43	44	-1	46	47	48	-1	-1	-1	52	53	54	-1	-1	57	58	59	-1	-1	-1	63	-1	-1	66	-1	-1	-1	70	71	72	73	-1	-1	-1	77	78	-1	-1	-1	82	-1	-1	85	86	87	-1	89	-1	91	-1	-1	94	95	96	97	-1	-1	-1	101	-1	-1	104	-1	-1	107	-1	109	-1	111	-1	-1	114	115	-1	117	118	119	-1	-1	122	-1	-1	125	126	-1	128	-1	-1	131	132	-1	-1	-1	136	137	-1	139	-1	-1	142	143	144	145	-1	-1	148	-1	150	-1	-1	153	-1	155	-1	-1	158	-1	160	-1	-1	163	164	165	166	167	168	169	170	171	172	173	174	-1	-1	-1	-1	179	-1	-1	-1	-1	-1	185	-1	-1	188	189	-1	191	-1	-1	194	-1	-1	197	198	199	200	-1	202	-1	204	205	206	-1	208	-1	-1	-1	212	-1	214	-1	-1	217	-1	219	220	-1	-1	-1	-1	225	226	227	-1	229	-1	231	-1	-1	-1	-1	236	237	238	239	-1	-1	242	-1	244	245	-1	-1	-1	249	250	-1	-1	253	254	-1	-1	-1	258	259	-1	-1	-1	263	264	265	266	267	268	269	-1	271	-1	273	-1	-1	276	277	-1	279	-1	-1	282	283	-1	-1	286	287	-1	289	290	-1	292	-1	294	295	-1	297	-1	299	-1	-1	-1	303	304	305	306	-1	-1	-1	310	311	-1	-1	-1	-1	-1	317	318	319	-1	-1	-1	323	-1	325	-1	-1	328	329	330	-1	-1	-1	334	335	336	-1	-1	-1	340	341	-1	-1	-1	345	346	347	-1	-1	350	351	-1	353	-1	355	-1	-1	358	-1	-1	361	362	-1	364	365	-1	-1	368	369	370	371	-1	-1	-1	375	376	377	-1	379	-1	-1	-1	-1	-1	-1	386	387	388	-1	390	391	392	-1	-1	395	-1	-1	-1	399	-1	401	402	-1	-1	-1	406	407	-1	-1	410	411	-1	-1	414	415	416	-1	418	-1	-1	-1	422	423	-1	425	-1	-1	428	429	430	-1	-1	-1	-1	435	436	-1	-1	-1
# Right
162	113	12	7	6	-1	-1	9	-1	11	-1	-1	28	27	24	19	18	-1	-1	21	-1	23	-1	-1	26	-1	-1	-1	84	69	42	37	34	-1	36	-1	-1	41	40	-1	-1	-1	68	45	-1	51	50	49	-1	-1	-1	65	56	55	-1	-1	62	61	60	-1	-1	-1	64	-1	-1	67	-1	-1	-1	81	76	75	74	-1	-1	-1	80	79	-1	-1	-1	83	-1	-1	106	93	88	-1	90	-1	92	-1	-1	103	100	99	98	-1	-1	-1	102	-1	-1	105	-1	-1	108	-1	110	-1	112	-1	-1	135	116	-1	124	121	120	-1	-1	123	-1	-1	130	127	-1	129	-1	-1	134	133	-1	-1	-1	141	138	-1	140	-1	-1	157	152	147	146	-1	-1	149	-1	151	-1	-1	154	-1	156	-1	-1	159	-1	161	-1	-1	262	235	196	187	184	183	182	181	178	177	176	175	-1	-1	-1	-1	180	-1	-1	-1	-1	-1	186	-1	-1	193	190	-1	192	-1	-1	195	-1	-1	224	223	216	201	-1	203	-1	211	210	207	-1	209	-1	-1	-1	213	-1	215	-1	-1	218	-1	222	221	-1	-1	-1	-1	234	233	228	-1	230	-1	232	-1	-1	-1	-1	257	248	241	240	-1	-1	243	-1	247	246	-1	-1	-1	252	251	-1	-1	256	255	-1	-1	-1	261	260	-1	-1	-1	434	385	344	327	316	275	270	-1	272	-1	274	-1	-1	281	278	-1	280	-1	-1	285	284	-1	-1	315	288	-1	302	291	-1	293	-1	301	296	-1	298	-1	300	-1	-1	-1	314	309	308	307	-1	-1	-1	313	312	-1	-1	-1	-1	-1	322	321	320	-1	-1	-1	324	-1	326	-1	-1	333	332	331	-1	-1	-1	339	338	337	-1	-1	-1	343	342	-1	-1	-1	360	349	348	-1	-1	357	352	-1	354	-1	356	-1	-1	359	-1	-1	384	363	-1	367	366	-1	-1	383	374	373	372	-1	-1	-1	382	381	378	-1	380	-1	-1	-1	-1	-1	-1	405	398	389	-1	397	394	393	-1	-1	396	-1	-1	-1	400	-1	404	403	-1	-1	-1	409	408	-1	-1	413	412	-1	-1	421	420	417	-1	419	-1	-1	-1	427	424	-1	426	-1	-1	433	432	431	-1	-1	-1	-1	438	437	-1	-1	-1
# Threshold
20688.5	8584.0	55.0	36.5	6.5	-2.0	-2.0	61.5	-2.0	5.5	-2.0	-2.0	14.0	1.9984949827194214	5.6666648387908936	0.0018024699529632926	3581.0	-2.0	-2.0	4258.5	-2.0	0.35009849071502686	-2.0	-2.0	1674.0	-2.0	-2.0	-2.0	34.0	5973.0	62.5	905.5	34.5	-2.0	3.33118999004364	-2.0	-2.0	0.008693665266036987	2419.0	-2.0	-2.0	-2.0	1382.0	3.0	-2.0	0.0036562649765983224	3.631529927253723	0.003563505015335977	-2.0	-2.0	-2.0	8.5	85.5	341.5	-2.0	-2.0	25.0	0.0085302097722888	0.008310284931212664	-2.0	-2.0	-2.0	28.0	-2.0	-2.0	0.06525734812021255	-2.0	-2.0	-2.0	22.0	6.708829879760742	6732.0	15.0	-2.0	-2.0	-2.0	2.5	7.8313798904418945	-2.0	-2.0	-2.0	2.8277699947357178	-2.0	-2.0	10.16034984588623	5.369095087051392	1.5	-2.0	4.824589967727661	-2.0	4.82787013053894	-2.0	-2.0	0.03298164904117584	9.085430145263672	40.0	294.5	-2.0	-2.0	-2.0	472.5	-2.0	-2.0	3.0	-2.0	-2.0	0.5	-2.0	33.5	-2.0	15.277599811553955	-2.0	-2.0	6.358550071716309	3.0	-2.0	1.6525149941444397	6.5	0.13367949426174164	-2.0	-2.0	4014.5	-2.0	-2.0	30.77715015411377	0.003420324996113777	-2.0	663.0	-2.0	-2.0	11244.0	3118.0	-2.0	-2.0	-2.0	0.004377394914627075	0.5532979965209961	-2.0	19364.0	-2.0	-2.0	1523.0	152.0	6.409105062484741	1.365440011024475	-2.0	-2.0	1259.5	-2.0	11.673749923706055	-2.0	-2.0	9190.0	-2.0	2.5	-2.0	-2.0	9.0	-2.0	28.5	-2.0	-2.0	904.0	11.211349964141846	14.600300312042236	328.5	220505.5	200115.0	1.5405500531196594	8.84000015258789	0.00041892449371516705	36420.0	6.0	5.5	-2.0	-2.0	-2.0	-2.0	2.5	-2.0	-2.0	-2.0	-2.0	-2.0	0.4743189960718155	-2.0	-2.0	5.4100501537323	0.057293349876999855	-2.0	8581.5	-2.0	-2.0	10.06659984588623	-2.0	-2.0	262.0	230.0	6.731554985046387	32.0	-2.0	158614.0	-2.0	46.89929962158203	394814.0	40.7627010345459	-2.0	41.53270149230957	-2.0	-2.0	-2.0	517973.0	-2.0	0.006470615044236183	-2.0	-2.0	29255.5	-2.0	0.003945545060560107	9416.0	-2.0	-2.0	-2.0	-2.0	759.0	4343790.0	594.0	-2.0	4.216734886169434	-2.0	642.0	-2.0	-2.0	-2.0	-2.0	6307.5	267.0	27.38930034637451	46.0	-2.0	-2.0	25610.5	-2.0	15.17834997177124	0.011401300318539143	-2.0	-2.0	-2.0	2798.0	1024.0	-2.0	-2.0	354.5	16.022300243377686	-2.0	-2.0	-2.0	14.210450172424316	35.0	-2.0	-2.0	-2.0	89489.0	104.5	14.08115005493164	22014.0	11249.5	3045.5	3.9825000762939453	-2.0	62.0	-2.0	0.5	-2.0	-2.0	6.277420106926002e-05	1.618409987713676e-05	-2.0	6.5	-2.0	-2.0	5.5	2.5	-2.0	-2.0	92.0	3258.5	-2.0	0.0002779475034913048	2.745479941368103	-2.0	29.5	-2.0	7165.0	50.0	-2.0	30994.0	-2.0	6.277120113372803	-2.0	-2.0	-2.0	8.0	5088.5	4.995574951171875	4084.5	-2.0	-2.0	-2.0	0.0003723484987858683	44809.5	-2.0	-2.0	-2.0	-2.0	-2.0	105851.5	54725.5	0.00031519100593868643	-2.0	-2.0	-2.0	25.5	-2.0	4.65310001373291	-2.0	-2.0	198762.0	93314.0	0.00016982849774649367	-2.0	-2.0	-2.0	6.0	82704.0	77296.5	-2.0	-2.0	-2.0	3.0820850133895874	129161.0	-2.0	-2.0	-2.0	41.5	3779.0	1821.0	-2.0	-2.0	5.345484972000122	0.5	-2.0	23.126450538635254	-2.0	285939.5	-2.0	-2.0	16.089800357818604	-2.0	-2.0	3155935.0	15.97849988937378	-2.0	0.0007373510161414742	60.0	-2.0	-2.0	2609855.0	56.5	10683.5	39.5	-2.0	-2.0	-2.0	29.0	25.099050521850586	21.452549934387207	-2.0	26.31385040283203	-2.0	-2.0	-2.0	-2.0	-2.0	-2.0	36866.5	31210.5	7.986685037612915	-2.0	25916.0	3816.0	13.753399848937988	-2.0	-2.0	23563.0	-2.0	-2.0	-2.0	2.92044997215271	-2.0	11.200299739837646	2005.0	-2.0	-2.0	-2.0	1517.5	27.0	-2.0	-2.0	2958.0	2716.5	-2.0	-2.0	9447.5	9083.5	12.0	-2.0	13.5	-2.0	-2.0	-2.0	251.76600646972656	120968.0	-2.0	95202.0	-2.0	-2.0	268.15049743652344	7268.0	0.009734699968248606	-2.0	-2.0	-2.0	-2.0	0.5	20674945.0	-2.0	-2.0	-2.0
# Feature
2	2	1	2	1	-2	-2	8	-2	9	-2	-2	8	7	3	4	0	-2	-2	2	-2	7	-2	-2	2	-2	-2	-2	5	2	8	2	8	-2	3	-2	-2	4	2	-2	-2	-2	8	5	-2	4	3	4	-2	-2	-2	6	8	1	-2	-2	5	4	4	-2	-2	-2	5	-2	-2	4	-2	-2	-2	5	3	2	5	-2	-2	-2	6	3	-2	-2	-2	7	-2	-2	3	3	9	-2	3	-2	3	-2	-2	4	3	5	1	-2	-2	-2	0	-2	-2	9	-2	-2	6	-2	9	-2	7	-2	-2	3	8	-2	7	5	7	-2	-2	1	-2	-2	7	4	-2	5	-2	-2	2	8	-2	-2	-2	4	7	-2	2	-2	-2	8	5	7	7	-2	-2	8	-2	3	-2	-2	2	-2	9	-2	-2	6	-2	5	-2	-2	8	7	3	8	2	2	7	3	4	1	5	9	-2	-2	-2	-2	9	-2	-2	-2	-2	-2	7	-2	-2	7	7	-2	1	-2	-2	3	-2	-2	8	8	7	8	-2	2	-2	3	2	3	-2	3	-2	-2	-2	2	-2	4	-2	-2	2	-2	4	1	-2	-2	-2	-2	8	2	8	-2	7	-2	8	-2	-2	-2	-2	0	8	3	5	-2	-2	2	-2	7	4	-2	-2	-2	0	1	-2	-2	8	7	-2	-2	-2	7	9	-2	-2	-2	5	5	3	8	8	0	7	-2	5	-2	9	-2	-2	4	4	-2	5	-2	-2	5	9	-2	-2	5	8	-2	4	7	-2	5	-2	8	5	-2	1	-2	3	-2	-2	-2	9	1	7	0	-2	-2	-2	4	2	-2	-2	-2	-2	-2	2	2	4	-2	-2	-2	5	-2	7	-2	-2	2	2	4	-2	-2	-2	9	1	0	-2	-2	-2	7	8	-2	-2	-2	5	8	8	-2	-2	7	6	-2	3	-2	0	-2	-2	3	-2	-2	1	3	-2	4	9	-2	-2	2	5	1	9	-2	-2	-2	6	3	3	-2	7	-2	-2	-2	-2	-2	-2	2	2	3	-2	2	8	7	-2	-2	2	-2	-2	-2	3	-2	3	8	-2	-2	-2	1	6	-2	-2	0	0	-2	-2	1	1	6	-2	6	-2	-2	-2	7	8	-2	0	-2	-2	7	5	4	-2	-2	-2	-2	9	2	-2	-2	-2
# Values
23.0	841.0	346.0	447.0	13.0	8.0
1.0	45.0	271.0	242.0	11.0	0.0
1.0	40.0	242.0	113.0	10.0	0.0
1.0	28.0	1.0	0.0	5.0	0.0
1.0	0.0	0.0	0.0	4.0	0.0
1.0	0.0	0.0	0.0	0.0	0.0
0.0	0.0	0.0	0.0	4.0	0.0
0.0	28.0	1.0	0.0	1.0	0.0
0.0	26.0	0.0	0.0	0.0	0.0
0.0	2.0	1.0	0.0	1.0	0.0
0.0	1.0	0.0	0.0	0.0	0.0
0.0	1.0	1.0	0.0	1.0	0.0
0.0	12.0	241.0	113.0	5.0	0.0
0.0	3.0	12.0	32.0	4.0	0.0
0.0	3.0	6.0	32.0	4.0	0.0
0.0	0.0	1.0	32.0	4.0	0.0
0.0	0.0	0.0	2.0	4.0	0.0
0.0	0.0	0.0	0.0	4.0	0.0
0.0	0.0	0.0	2.0	0.0	0.0
0.0	0.0	1.0	30.0	0.0	0.0
0.0	0.0	0.0	24.0	0.0	0.0
0.0	0.0	1.0	6.0	0.0	0.0
0.0	0.0	0.0	6.0	0.0	0.0
0.0	0.0	1.0	0.0	0.0	0.0
0.0	3.0	5.0	0.0	0.0	0.0
0.0	3.0	0.0	0.0	0.0	0.0
0.0	0.0	5.0	0.0	0.0	0.0
0.0	0.0	6.0	0.0	0.0	0.0
0.0	9.0	229.0	81.0	1.0	0.0
0.0	9.0	166.0	29.0	1.0	0.0
0.0	6.0	151.0	17.0	1.0	0.0
0.0	6.0	18.0	7.0	0.0	0.0
0.0	6.0	1.0	5.0	0.0	0.0
0.0	0.0	0.0	5.0	0.0	0.0
0.0	6.0	1.0	0.0	0.0	0.0
0.0	0.0	1.0	0.0	0.0	0.0
0.0	6.0	0.0	0.0	0.0	0.0
0.0	0.0	17.0	2.0	0.0	0.0
0.0	0.0	2.0	2.0	0.0	0.0
0.0	0.0	0.0	2.0	0.0	0.0
0.0	0.0	2.0	0.0	0.0	0.0
0.0	0.0	15.0	0.0	0.0	0.0
0.0	0.0	133.0	10.0	1.0	0.0
0.0	0.0	133.0	8.0	1.0	0.0
0.0	0.0	0.0	0.0	1.0	0.0
0.0	0.0	133.0	8.0	0.0	0.0
0.0	0.0	11.0	3.0	0.0	0.0
0.0	0.0	11.0	1.0	0.0	0.0
0.0	0.0	11.0	0.0	0.0	0.0
0.0	0.0	0.0	1.0	0.0	0.0
0.0	0.0	0.0	2.0	0.0	0.0
0.0	0.0	122.0	5.0	0.0	0.0
0.0	0.0	120.0	4.0	0.0	0.0
0.0	0.0	4.0	1.0	0.0	0.0
0.0	0.0	4.0	0.0	0.0	0.0
0.0	0.0	0.0	1.0	0.0	0.0
0.0	0.0	116.0	3.0	0.0	0.0
0.0	0.0	107.0	2.0	0.0	0.0
0.0	0.0	57.0	2.0	0.0	0.0
0.0	0.0	15.0	0.0	0.0	0.0
0.0	0.0	42.0	2.0	0.0	0.0
0.0	0.0	50.0	0.0	0.0	0.0
0.0	0.0	9.0	1.0	0.0	0.0
0.0	0.0	0.0	1.0	0.0	0.0
0.0	0.0	9.0	0.0	0.0	0.0
0.0	0.0	2.0	1.0	0.0	0.0
0.0	0.0	2.0	0.0	0.0	0.0
0.0	0.0	0.0	1.0	0.0	0.0
0.0	0.0	0.0	2.0	0.0	0.0
0.0	3.0	15.0	12.0	0.0	0.0
0.0	3.0	5.0	11.0	0.0	0.0
0.0	2.0	4.0	2.0	0.0	0.0
0.0	2.0	0.0	2.0	0.0	0.0
0.0	0.0	0.0	2.0	0.0	0.0
0.0	2.0	0.0	0.0	0.0	0.0
0.0	0.0	4.0	0.0	0.0	0.0
0.0	1.0	1.0	9.0	0.0	0.0
0.0	1.0	1.0	0.0	0.0	0.0
0.0	0.0	1.0	0.0	0.0	0.0
0.0	1.0	0.0	0.0	0.0	0.0
0.0	0.0	0.0	9.0	0.0	0.0
0.0	0.0	10.0	1.0	0.0	0.0
0.0	0.0	0.0	1.0	0.0	0.0
0.0	0.0	10.0	0.0	0.0	0.0
0.0	0.0	63.0	52.0	0.0	0.0
0.0	0.0	40.0	49.0	0.0	0.0
0.0	0.0	32.0	22.0	0.0	0.0
0.0	0.0	7.0	0.0	0.0	0.0
0.0	0.0	25.0	22.0	0.0	0.0
0.0	0.0	0.0	2.0	0.0	0.0
0.0	0.0	25.0	20.0	0.0	0.0
0.0	0.0	1.0	1.0	0.0	0.0
0.0	0.0	24.0	19.0	0.0	0.0
0.0	0.0	8.0	27.0	0.0	0.0
0.0	0.0	3.0	26.0	0.0	0.0
0.0	0.0	1.0	25.0	0.0	0.0
0.0	0.0	1.0	2.0	0.0	0.0
0.0	0.0	0.0	2.0	0.0	0.0
0.0	0.0	1.0	0.0	0.0	0.0
0.0	0.0	0.0	23.0	0.0	0.0
0.0	0.0	2.0	1.0	0.0	0.0
0.0	0.0	0.0	1.0	0.0	0.0
0.0	0.0	2.0	0.0	0.0	0.0
0.0	0.0	5.0	1.0	0.0	0.0
0.0	0.0	0.0	1.0	0.0	0.0
0.0	0.0	5.0	0.0	0.0	0.0
0.0	0.0	23.0	3.0	0.0	0.0
0.0	0.0	0.0	1.0	0.0	0.0
0.0	0.0	23.0	2.0	0.0	0.0
0.0	0.0	19.0	0.0	0.0	0.0
0.0	0.0	4.0	2.0	0.0	0.0
0.0	0.0	4.0	0.0	0.0	0.0
0.0	0.0	0.0	2.0	0.0	0.0
0.0	5.0	29.0	129.0	1.0	0.0
0.0	5.0	4.0	90.0	1.0	0.0
0.0	0.0	0.0	0.0	1.0	0.0
0.0	5.0	4.0	90.0	0.0	0.0
0.0	2.0	3.0	13.0	0.0	0.0
0.0	0.0	1.0	13.0	0.0	0.0
0.0	0.0	1.0	3.0	0.0	0.0
0.0	0.0	0.0	10.0	0.0	0.0
0.0	2.0	2.0	0.0	0.0	0.0
0.0	0.0	2.0	0.0	0.0	0.0
0.0	2.0	0.0	0.0	0.0	0.0
0.0	3.0	1.0	77.0	0.0	0.0
0.0	1.0	1.0	68.0	0.0	0.0
0.0	0.0	0.0	17.0	0.0	0.0
0.0	1.0	1.0	51.0	0.0	0.0
0.0	0.0	0.0	1.0	0.0	0.0
0.0	1.0	1.0	50.0	0.0	0.0
0.0	2.0	0.0	9.0	0.0	0.0
0.0	1.0	0.0	8.0	0.0	0.0
0.0	1.0	0.0	1.0	0.0	0.0
0.0	0.0	0.0	7.0	0.0	0.0
0.0	1.0	0.0	1.0	0.0	0.0
0.0	0.0	25.0	39.0	0.0	0.0
0.0	0.0	10.0	2.0	0.0	0.0
0.0	0.0	0.0	1.0	0.0	0.0
0.0	0.0	10.0	1.0	0.0	0.0
0.0	0.0	9.0	0.0	0.0	0.0
0.0	0.0	1.0	1.0	0.0	0.0
0.0	0.0	15.0	37.0	0.0	0.0
0.0	0.0	14.0	19.0	0.0	0.0
0.0	0.0	12.0	8.0	0.0	0.0
0.0	0.0	3.0	6.0	0.0	0.0
0.0	0.0	3.0	0.0	0.0	0.0
0.0	0.0	0.0	6.0	0.0	0.0
0.0	0.0	9.0	2.0	0.0	0.0
0.0	0.0	6.0	0.0	0.0	0.0
0.0	0.0	3.0	2.0	0.0	0.0
0.0	0.0	1.0	1.0	0.0	0.0
0.0	0.0	2.0	1.0	0.0	0.0
0.0	0.0	2.0	11.0	0.0	0.0
0.0	0.0	1.0	0.0	0.0	0.0
0.0	0.0	1.0	11.0	0.0	0.0
0.0	0.0	1.0	3.0	0.0	0.0
0.0	0.0	0.0	8.0	0.0	0.0
0.0	0.0	1.0	18.0	0.0	0.0
0.0	0.0	0.0	17.0	0.0	0.0
0.0	0.0	1.0	1.0	0.0	0.0
0.0	0.0	0.0	1.0	0.0	0.0
0.0	0.0	1.0	0.0	0.0	0.0
22.0	796.0	75.0	205.0	2.0	8.0
1.0	88.0	64.0	74.0	2.0	0.0
0.0	49.0	31.0	69.0	2.0	0.0
0.0	34.0	23.0	23.0	2.0	0.0
0.0	13.0	23.0	17.0	2.0	0.0
0.0	11.0	10.0	17.0	2.0	0.0
0.0	6.0	10.0	17.0	2.0	0.0
0.0	6.0	5.0	17.0	2.0	0.0
0.0	3.0	5.0	17.0	2.0	0.0
0.0	3.0	3.0	4.0	2.0	0.0
0.0	3.0	3.0	0.0	2.0	0.0
0.0	3.0	0.0	0.0	2.0	0.0
0.0	0.0	0.0	0.0	2.0	0.0
0.0	3.0	0.0	0.0	0.0	0.0
0.0	0.0	3.0	0.0	0.0	0.0
0.0	0.0	0.0	4.0	0.0	0.0
0.0	0.0	2.0	13.0	0.0	0.0
0.0	0.0	2.0	0.0	0.0	0.0
0.0	0.0	0.0	13.0	0.0	0.0
0.0	3.0	0.0	0.0	0.0	0.0
0.0	0.0	5.0	0.0	0.0	0.0
0.0	5.0	0.0	0.0	0.0	0.0
0.0	2.0	13.0	0.0	0.0	0.0
0.0	0.0	13.0	0.0	0.0	0.0
0.0	2.0	0.0	0.0	0.0	0.0
0.0	21.0	0.0	6.0	0.0	0.0
0.0	20.0	0.0	3.0	0.0	0.0
0.0	0.0	0.0	2.0	0.0	0.0
0.0	20.0	0.0	1.0	0.0	0.0
0.0	0.0	0.0	1.0	0.0	0.0
0.0	20.0	0.0	0.0	0.0	0.0
0.0	1.0	0.0	3.0	0.0	0.0
0.0	0.0	0.0	3.0	0.0	0.0
0.0	1.0	0.0	0.0	0.0	0.0
0.0	15.0	8.0	46.0	0.0	0.0
0.0	13.0	7.0	14.0	0.0	0.0
0.0	8.0	7.0	14.0	0.0	0.0
0.0	7.0	5.0	4.0	0.0	0.0
0.0	3.0	0.0	0.0	0.0	0.0
0.0	4.0	5.0	4.0	0.0	0.0
0.0	0.0	0.0	3.0	0.0	0.0
0.0	4.0	5.0	1.0	0.0	0.0
0.0	2.0	5.0	0.0	0.0	0.0
0.0	2.0	2.0	0.0	0.0	0.0
0.0	0.0	1.0	0.0	0.0	0.0
0.0	2.0	1.0	0.0	0.0	0.0
0.0	1.0	1.0	0.0	0.0	0.0
0.0	1.0	0.0	0.0	0.0	0.0
0.0	0.0	3.0	0.0	0.0	0.0
0.0	2.0	0.0	1.0	0.0	0.0
0.0	1.0	0.0	0.0	0.0	0.0
0.0	1.0	0.0	1.0	0.0	0.0
0.0	0.0	0.0	1.0	0.0	0.0
0.0	1.0	0.0	0.0	0.0	0.0
0.0	1.0	2.0	10.0	0.0	0.0
0.0	0.0	2.0	0.0	0.0	0.0
0.0	1.0	0.0	10.0	0.0	0.0
0.0	1.0	0.0	1.0	0.0	0.0
0.0	1.0	0.0	0.0	0.0	0.0
0.0	0.0	0.0	1.0	0.0	0.0
0.0	0.0	0.0	9.0	0.0	0.0
0.0	5.0	0.0	0.0	0.0	0.0
0.0	2.0	1.0	32.0	0.0	0.0
0.0	2.0	1.0	17.0	0.0	0.0
0.0	1.0	1.0	17.0	0.0	0.0
0.0	0.0	0.0	13.0	0.0	0.0
0.0	1.0	1.0	4.0	0.0	0.0
0.0	0.0	0.0	4.0	0.0	0.0
0.0	1.0	1.0	0.0	0.0	0.0
0.0	0.0	1.0	0.0	0.0	0.0
0.0	1.0	0.0	0.0	0.0	0.0
0.0	1.0	0.0	0.0	0.0	0.0
0.0	0.0	0.0	15.0	0.0	0.0
1.0	39.0	33.0	5.0	0.0	0.0
1.0	20.0	30.0	5.0	0.0	0.0
0.0	5.0	19.0	2.0	0.0	0.0
0.0	3.0	1.0	0.0	0.0	0.0
0.0	0.0	1.0	0.0	0.0	0.0
0.0	3.0	0.0	0.0	0.0	0.0
0.0	2.0	18.0	2.0	0.0	0.0
0.0	0.0	0.0	1.0	0.0	0.0
0.0	2.0	18.0	1.0	0.0	0.0
0.0	2.0	6.0	1.0	0.0	0.0
0.0	2.0	2.0	1.0	0.0	0.0
0.0	0.0	4.0	0.0	0.0	0.0
0.0	0.0	12.0	0.0	0.0	0.0
1.0	15.0	11.0	3.0	0.0	0.0
0.0	8.0	0.0	2.0	0.0	0.0
0.0	0.0	0.0	2.0	0.0	0.0
0.0	8.0	0.0	0.0	0.0	0.0
1.0	7.0	11.0	1.0	0.0	0.0
1.0	7.0	6.0	1.0	0.0	0.0
0.0	2.0	6.0	1.0	0.0	0.0
1.0	5.0	0.0	0.0	0.0	0.0
0.0	0.0	5.0	0.0	0.0	0.0
0.0	19.0	3.0	0.0	0.0	0.0
0.0	2.0	3.0	0.0	0.0	0.0
0.0	2.0	0.0	0.0	0.0	0.0
0.0	0.0	3.0	0.0	0.0	0.0
0.0	17.0	0.0	0.0	0.0	0.0
21.0	708.0	11.0	131.0	0.0	8.0
6.0	708.0	11.0	131.0	0.0	0.0
4.0	261.0	7.0	103.0	0.0	0.0
4.0	197.0	5.0	44.0	0.0	0.0
3.0	98.0	5.0	38.0	0.0	0.0
3.0	85.0	5.0	21.0	0.0	0.0
3.0	3.0	5.0	0.0	0.0	0.0
0.0	0.0	4.0	0.0	0.0	0.0
3.0	3.0	1.0	0.0	0.0	0.0
0.0	2.0	0.0	0.0	0.0	0.0
3.0	1.0	1.0	0.0	0.0	0.0
3.0	1.0	0.0	0.0	0.0	0.0
0.0	0.0	1.0	0.0	0.0	0.0
0.0	82.0	0.0	21.0	0.0	0.0
0.0	10.0	0.0	9.0	0.0	0.0
0.0	7.0	0.0	0.0	0.0	0.0
0.0	3.0	0.0	9.0	0.0	0.0
0.0	3.0	0.0	0.0	0.0	0.0
0.0	0.0	0.0	9.0	0.0	0.0
0.0	72.0	0.0	12.0	0.0	0.0
0.0	1.0	0.0	2.0	0.0	0.0
0.0	0.0	0.0	2.0	0.0	0.0
0.0	1.0	0.0	0.0	0.0	0.0
0.0	71.0	0.0	10.0	0.0	0.0
0.0	71.0	0.0	9.0	0.0	0.0
0.0	27.0	0.0	0.0	0.0	0.0
0.0	44.0	0.0	9.0	0.0	0.0
0.0	9.0	0.0	5.0	0.0	0.0
0.0	5.0	0.0	0.0	0.0	0.0
0.0	4.0	0.0	5.0	0.0	0.0
0.0	0.0	0.0	2.0	0.0	0.0
0.0	4.0	0.0	3.0	0.0	0.0
0.0	2.0	0.0	3.0	0.0	0.0
0.0	0.0	0.0	1.0	0.0	0.0
0.0	2.0	0.0	2.0	0.0	0.0
0.0	1.0	0.0	0.0	0.0	0.0
0.0	1.0	0.0	2.0	0.0	0.0
0.0	0.0	0.0	1.0	0.0	0.0
0.0	1.0	0.0	1.0	0.0	0.0
0.0	2.0	0.0	0.0	0.0	0.0
0.0	35.0	0.0	4.0	0.0	0.0
0.0	35.0	0.0	3.0	0.0	0.0
0.0	6.0	0.0	2.0	0.0	0.0
0.0	3.0	0.0	2.0	0.0	0.0
0.0	2.0	0.0	1.0	0.0	0.0
0.0	1.0	0.0	1.0	0.0	0.0
0.0	3.0	0.0	0.0	0.0	0.0
0.0	29.0	0.0	1.0	0.0	0.0
0.0	7.0	0.0	1.0	0.0	0.0
0.0	0.0	0.0	1.0	0.0	0.0
0.0	7.0	0.0	0.0	0.0	0.0
0.0	22.0	0.0	0.0	0.0	0.0
0.0	0.0	0.0	1.0	0.0	0.0
0.0	0.0	0.0	1.0	0.0	0.0
0.0	13.0	0.0	17.0	0.0	0.0
0.0	1.0	0.0	13.0	0.0	0.0
0.0	1.0	0.0	2.0	0.0	0.0
0.0	1.0	0.0	0.0	0.0	0.0
0.0	0.0	0.0	2.0	0.0	0.0
0.0	0.0	0.0	11.0	0.0	0.0
0.0	12.0	0.0	4.0	0.0	0.0
0.0	0.0	0.0	3.0	0.0	0.0
0.0	12.0	0.0	1.0	0.0	0.0
0.0	12.0	0.0	0.0	0.0	0.0
0.0	0.0	0.0	1.0	0.0	0.0
1.0	99.0	0.0	6.0	0.0	0.0
1.0	3.0	0.0	2.0	0.0	0.0
1.0	3.0	0.0	0.0	0.0	0.0
0.0	3.0	0.0	0.0	0.0	0.0
1.0	0.0	0.0	0.0	0.0	0.0
0.0	0.0	0.0	2.0	0.0	0.0
0.0	96.0	0.0	4.0	0.0	0.0
0.0	83.0	0.0	1.0	0.0	0.0
0.0	15.0	0.0	1.0	0.0	0.0
0.0	15.0	0.0	0.0	0.0	0.0
0.0	0.0	0.0	1.0	0.0	0.0
0.0	68.0	0.0	0.0	0.0	0.0
0.0	13.0	0.0	3.0	0.0	0.0
0.0	1.0	0.0	3.0	0.0	0.0
0.0	0.0	0.0	3.0	0.0	0.0
0.0	1.0	0.0	0.0	0.0	0.0
0.0	12.0	0.0	0.0	0.0	0.0
0.0	64.0	2.0	59.0	0.0	0.0
0.0	11.0	0.0	40.0	0.0	0.0
0.0	5.0	0.0	2.0	0.0	0.0
0.0	0.0	0.0	2.0	0.0	0.0
0.0	5.0	0.0	0.0	0.0	0.0
0.0	6.0	0.0	38.0	0.0	0.0
0.0	4.0	0.0	37.0	0.0	0.0
0.0	1.0	0.0	0.0	0.0	0.0
0.0	3.0	0.0	37.0	0.0	0.0
0.0	0.0	0.0	28.0	0.0	0.0
0.0	3.0	0.0	9.0	0.0	0.0
0.0	3.0	0.0	0.0	0.0	0.0
0.0	0.0	0.0	9.0	0.0	0.0
0.0	2.0	0.0	1.0	0.0	0.0
0.0	0.0	0.0	1.0	0.0	0.0
0.0	2.0	0.0	0.0	0.0	0.0
0.0	53.0	2.0	19.0	0.0	0.0
0.0	53.0	2.0	14.0	0.0	0.0
0.0	0.0	2.0	0.0	0.0	0.0
0.0	53.0	0.0	14.0	0.0	0.0
0.0	31.0	0.0	2.0	0.0	0.0
0.0	31.0	0.0	0.0	0.0	0.0
0.0	0.0	0.0	2.0	0.0	0.0
0.0	22.0	0.0	12.0	0.0	0.0
0.0	22.0	0.0	9.0	0.0	0.0
0.0	5.0	0.0	5.0	0.0	0.0
0.0	5.0	0.0	2.0	0.0	0.0
0.0	3.0	0.0	0.0	0.0	0.0
0.0	2.0	0.0	2.0	0.0	0.0
0.0	0.0	0.0	3.0	0.0	0.0
0.0	17.0	0.0	4.0	0.0	0.0
0.0	17.0	0.0	2.0	0.0	0.0
0.0	3.0	0.0	2.0	0.0	0.0
0.0	2.0	0.0	0.0	0.0	0.0
0.0	1.0	0.0	2.0	0.0	0.0
0.0	0.0	0.0	2.0	0.0	0.0
0.0	1.0	0.0	0.0	0.0	0.0
0.0	14.0	0.0	0.0	0.0	0.0
0.0	0.0	0.0	2.0	0.0	0.0
0.0	0.0	0.0	3.0	0.0	0.0
0.0	0.0	0.0	5.0	0.0	0.0
2.0	447.0	4.0	28.0	0.0	0.0
0.0	28.0	0.0	19.0	0.0	0.0
0.0	23.0	0.0	5.0	0.0	0.0
0.0	13.0	0.0	0.0	0.0	0.0
0.0	10.0	0.0	5.0	0.0	0.0
0.0	10.0	0.0	3.0	0.0	0.0
0.0	8.0	0.0	1.0	0.0	0.0
0.0	1.0	0.0	1.0	0.0	0.0
0.0	7.0	0.0	0.0	0.0	0.0
0.0	2.0	0.0	2.0	0.0	0.0
0.0	2.0	0.0	1.0	0.0	0.0
0.0	0.0	0.0	1.0	0.0	0.0
0.0	0.0	0.0	2.0	0.0	0.0
0.0	5.0	0.0	14.0	0.0	0.0
0.0	2.0	0.0	0.0	0.0	0.0
0.0	3.0	0.0	14.0	0.0	0.0
0.0	1.0	0.0	14.0	0.0	0.0
0.0	1.0	0.0	0.0	0.0	0.0
0.0	0.0	0.0	14.0	0.0	0.0
0.0	2.0	0.0	0.0	0.0	0.0
2.0	419.0	4.0	9.0	0.0	0.0
0.0	1.0	4.0	0.0	0.0	0.0
0.0	0.0	4.0	0.0	0.0	0.0
0.0	1.0	0.0	0.0	0.0	0.0
2.0	418.0	0.0	9.0	0.0	0.0
0.0	10.0	0.0	3.0	0.0	0.0
0.0	10.0	0.0	0.0	0.0	0.0
0.0	0.0	0.0	3.0	0.0	0.0
2.0	408.0	0.0	6.0	0.0	0.0
0.0	60.0	0.0	4.0	0.0	0.0
0.0	60.0	0.0	2.0	0.0	0.0
0.0	54.0	0.0	0.0	0.0	0.0
0.0	6.0	0.0	2.0	0.0	0.0
0.0	0.0	0.0	2.0	0.0	0.0
0.0	6.0	0.0	0.0	0.0	0.0
0.0	0.0	0.0	2.0	0.0	0.0
2.0	348.0	0.0	2.0	0.0	0.0
0.0	312.0	0.0	1.0	0.0	0.0
0.0	248.0	0.0	0.0	0.0	0.0
0.0	64.0	0.0	1.0	0.0	0.0
0.0	0.0	0.0	1.0	0.0	0.0
0.0	64.0	0.0	0.0	0.0	0.0
2.0	36.0	0.0	1.0	0.0	0.0
2.0	2.0	0.0	1.0	0.0	0.0
0.0	2.0	0.0	1.0	0.0	0.0
0.0	2.0	0.0	0.0	0.0	0.0
0.0	0.0	0.0	1.0	0.0	0.0
2.0	0.0	0.0	0.0	0.0	0.0
0.0	34.0	0.0	0.0	0.0	0.0
15.0	0.0	0.0	0.0	0.0	8.0
1.0	0.0	0.0	0.0	0.0	8.0
1.0	0.0	0.0	0.0	0.0	0.0
0.0	0.0	0.0	0.0	0.0	8.0
14.0	0.0	0.0	0.0	0.0	0.0
