# Sizes (NFeatures, Nclasses, NodeCount, MaxDepth)
14	6	97	7
# Classes
0.0	1.0	2.0	3.0	4.0	5.0
# Feature Names
Nrows	Ncols	Nnnz	AvgNnnz	Density	MaxRowNnnz	MinRowNnnz	StdRowNnnz	NDiags	NTrueDiags	AvgNnnzDia	AvgNnnzELL	AvgNnnzHyb	AvgNnnzHdc
# Left
1	2	-1	-1	5	6	7	8	9	-1	11	-1	-1	14	-1	-1	17	-1	-1	20	21	22	23	-1	-1	26	-1	-1	29	30	-1	-1	33	-1	-1	36	37	-1	39	-1	-1	42	43	-1	-1	-1	47	48	49	50	51	-1	-1	54	-1	-1	57	58	-1	-1	61	-1	-1	64	65	-1	67	-1	-1	70	71	-1	-1	74	-1	-1	77	78	79	80	-1	-1	83	-1	-1	86	87	-1	-1	90	-1	-1	93	94	-1	-1	-1
# Right
4	3	-1	-1	46	19	16	13	10	-1	12	-1	-1	15	-1	-1	18	-1	-1	35	28	25	24	-1	-1	27	-1	-1	32	31	-1	-1	34	-1	-1	41	38	-1	40	-1	-1	45	44	-1	-1	-1	76	63	56	53	52	-1	-1	55	-1	-1	60	59	-1	-1	62	-1	-1	69	66	-1	68	-1	-1	73	72	-1	-1	75	-1	-1	92	85	82	81	-1	-1	84	-1	-1	89	88	-1	-1	91	-1	-1	96	95	-1	-1	-1
# Threshold
0.0009388524922542274	0.00045250350376591086	-2.0	-2.0	54.5	60.5	0.7107655107975006	47.5	2.0	-2.0	0.22633849829435349	-2.0	-2.0	0.724945992231369	-2.0	-2.0	0.41533100605010986	-2.0	-2.0	20.0	2537.5	5156.5	135.0	-2.0	-2.0	11696.0	-2.0	-2.0	0.4998819977045059	264972.5	-2.0	-2.0	12719.5	-2.0	-2.0	2.5	1.0	-2.0	24644.0	-2.0	-2.0	0.08838395029306412	0.5927070081233978	-2.0	-2.0	-2.0	3.9939650297164917	10585.5	664.0	0.10647950321435928	0.5191256999969482	-2.0	-2.0	0.37446050345897675	-2.0	-2.0	19795.5	21.0	-2.0	-2.0	5810245.0	-2.0	-2.0	9.579040050506592	9.706944759102498e-08	-2.0	83858.0	-2.0	-2.0	6.783394928788766e-05	0.8707054853439331	-2.0	-2.0	10.011980056762695	-2.0	-2.0	22299.5	0.6314449906349182	2565085.0	0.28394798934459686	-2.0	-2.0	2.2736199980499805e-06	-2.0	-2.0	0.0008574925013817847	1167965.0	-2.0	-2.0	0.647695004940033	-2.0	-2.0	0.0023179600248113275	0.0013361199526116252	-2.0	-2.0	-2.0
# Feature
11	10	-2	-2	8	0	10	8	5	-2	13	-2	-2	11	-2	-2	7	-2	-2	8	1	2	2	-2	-2	2	-2	-2	13	2	-2	-2	0	-2	-2	9	9	-2	1	-2	-2	4	7	-2	-2	-2	7	8	0	7	4	-2	-2	13	-2	-2	2	5	-2	-2	2	-2	-2	3	10	-2	2	-2	-2	4	7	-2	-2	3	-2	-2	5	11	1	11	-2	-2	10	-2	-2	4	2	-2	-2	10	-2	-2	11	11	-2	-2	-2
# Values
74.0	1272.0	67.0	252.0	15.0	1.0
55.0	1.0	0.0	0.0	0.0	0.0
55.0	0.0	0.0	0.0	0.0	0.0
0.0	1.0	0.0	0.0	0.0	0.0
19.0	1271.0	67.0	252.0	15.0	1.0
1.0	60.0	60.0	60.0	9.0	0.0
1.0	26.0	2.0	3.0	1.0	0.0
1.0	25.0	2.0	1.0	1.0	0.0
1.0	24.0	0.0	1.0	1.0	0.0
1.0	0.0	0.0	0.0	0.0	0.0
0.0	24.0	0.0	1.0	1.0	0.0
0.0	0.0	0.0	1.0	0.0	0.0
0.0	24.0	0.0	0.0	1.0	0.0
0.0	1.0	2.0	0.0	0.0	0.0
0.0	0.0	2.0	0.0	0.0	0.0
0.0	1.0	0.0	0.0	0.0	0.0
0.0	1.0	0.0	2.0	0.0	0.0
0.0	1.0	0.0	0.0	0.0	0.0
0.0	0.0	0.0	2.0	0.0	0.0
0.0	34.0	58.0	57.0	8.0	0.0
0.0	21.0	29.0	55.0	8.0	0.0
0.0	6.0	7.0	47.0	4.0	0.0
0.0	6.0	2.0	40.0	3.0	0.0
0.0	2.0	0.0	1.0	0.0	0.0
0.0	4.0	2.0	39.0	3.0	0.0
0.0	0.0	5.0	7.0	1.0	0.0
0.0	0.0	5.0	4.0	1.0	0.0
0.0	0.0	0.0	3.0	0.0	0.0
0.0	15.0	22.0	8.0	4.0	0.0
0.0	13.0	22.0	5.0	0.0	0.0
0.0	13.0	13.0	5.0	0.0	0.0
0.0	0.0	9.0	0.0	0.0	0.0
0.0	2.0	0.0	3.0	4.0	0.0
0.0	0.0	0.0	3.0	4.0	0.0
0.0	2.0	0.0	0.0	0.0	0.0
0.0	13.0	29.0	2.0	0.0	0.0
0.0	3.0	0.0	1.0	0.0	0.0
0.0	2.0	0.0	0.0	0.0	0.0
0.0	1.0	0.0	1.0	0.0	0.0
0.0	0.0	0.0	1.0	0.0	0.0
0.0	1.0	0.0	0.0	0.0	0.0
0.0	10.0	29.0	1.0	0.0	0.0
0.0	7.0	29.0	1.0	0.0	0.0
0.0	2.0	1.0	0.0	0.0	0.0
0.0	5.0	28.0	1.0	0.0	0.0
0.0	3.0	0.0	0.0	0.0	0.0
18.0	1211.0	7.0	192.0	6.0	1.0
1.0	361.0	2.0	146.0	4.0	1.0
0.0	215.0	2.0	129.0	4.0	1.0
0.0	101.0	2.0	26.0	3.0	0.0
0.0	1.0	0.0	0.0	3.0	0.0
0.0	0.0	0.0	0.0	3.0	0.0
0.0	1.0	0.0	0.0	0.0	0.0
0.0	100.0	2.0	26.0	0.0	0.0
0.0	27.0	1.0	1.0	0.0	0.0
0.0	73.0	1.0	25.0	0.0	0.0
0.0	114.0	0.0	103.0	1.0	1.0
0.0	13.0	0.0	64.0	0.0	0.0
0.0	7.0	0.0	62.0	0.0	0.0
0.0	6.0	0.0	2.0	0.0	0.0
0.0	101.0	0.0	39.0	1.0	1.0
0.0	100.0	0.0	20.0	1.0	0.0
0.0	1.0	0.0	19.0	0.0	1.0
1.0	146.0	0.0	17.0	0.0	0.0
1.0	129.0	0.0	3.0	0.0	0.0
1.0	0.0	0.0	0.0	0.0	0.0
0.0	129.0	0.0	3.0	0.0	0.0
0.0	13.0	0.0	2.0	0.0	0.0
0.0	116.0	0.0	1.0	0.0	0.0
0.0	17.0	0.0	14.0	0.0	0.0
0.0	3.0	0.0	13.0	0.0	0.0
0.0	1.0	0.0	0.0	0.0	0.0
0.0	2.0	0.0	13.0	0.0	0.0
0.0	14.0	0.0	1.0	0.0	0.0
0.0	0.0	0.0	1.0	0.0	0.0
0.0	14.0	0.0	0.0	0.0	0.0
17.0	850.0	5.0	46.0	2.0	0.0
9.0	848.0	5.0	46.0	2.0	0.0
9.0	772.0	1.0	24.0	2.0	0.0
6.0	767.0	1.0	24.0	0.0	0.0
6.0	574.0	0.0	8.0	0.0	0.0
0.0	193.0	1.0	16.0	0.0	0.0
3.0	5.0	0.0	0.0	2.0	0.0
0.0	4.0	0.0	0.0	0.0	0.0
3.0	1.0	0.0	0.0	2.0	0.0
0.0	76.0	4.0	22.0	0.0	0.0
0.0	7.0	0.0	19.0	0.0	0.0
0.0	2.0	0.0	0.0	0.0	0.0
0.0	5.0	0.0	19.0	0.0	0.0
0.0	69.0	4.0	3.0	0.0	0.0
0.0	63.0	0.0	3.0	0.0	0.0
0.0	6.0	4.0	0.0	0.0	0.0
8.0	2.0	0.0	0.0	0.0	0.0
1.0	2.0	0.0	0.0	0.0	0.0
1.0	0.0	0.0	0.0	0.0	0.0
0.0	2.0	0.0	0.0	0.0	0.0
7.0	0.0	0.0	0.0	0.0	0.0
