# Sizes (NFeatures, Nclasses, NodeCount, MaxDepth)
14	6	111	7
# Classes
0.0	1.0	2.0	3.0	4.0	5.0
# Feature Names
Nrows	Ncols	Nnnz	AvgNnnz	Density	MaxRowNnnz	MinRowNnnz	StdRowNnnz	NDiags	NTrueDiags	AvgNnnzDia	AvgNnnzELL	AvgNnnzHyb	AvgNnnzHdc
# Left
1	2	-1	-1	5	6	7	8	9	10	-1	-1	13	-1	-1	16	-1	18	-1	-1	21	22	23	-1	-1	26	-1	-1	29	30	-1	-1	33	-1	-1	36	37	38	39	-1	-1	42	-1	-1	45	46	-1	-1	49	-1	-1	52	53	54	-1	-1	-1	58	59	-1	-1	62	-1	-1	65	66	67	68	-1	-1	71	-1	73	-1	-1	76	77	-1	79	-1	-1	82	83	-1	-1	86	-1	-1	89	90	91	92	-1	-1	-1	96	-1	-1	99	100	101	-1	-1	104	-1	-1	107	-1	109	-1	-1
# Right
4	3	-1	-1	64	35	20	15	12	11	-1	-1	14	-1	-1	17	-1	19	-1	-1	28	25	24	-1	-1	27	-1	-1	32	31	-1	-1	34	-1	-1	51	44	41	40	-1	-1	43	-1	-1	48	47	-1	-1	50	-1	-1	57	56	55	-1	-1	-1	61	60	-1	-1	63	-1	-1	88	75	70	69	-1	-1	72	-1	74	-1	-1	81	78	-1	80	-1	-1	85	84	-1	-1	87	-1	-1	98	95	94	93	-1	-1	-1	97	-1	-1	106	103	102	-1	-1	105	-1	-1	108	-1	110	-1	-1
# Threshold
0.0009388524922542274	0.00045250350376591086	-2.0	-2.0	0.8327564895153046	177.5	0.004116450087167323	7.5	22748.5	0.9707174897193909	-2.0	-2.0	2.321104966540588e-05	-2.0	-2.0	1.3656499981880188	-2.0	0.42054150998592377	-2.0	-2.0	18.0	60.5	47.5	-2.0	-2.0	0.08387460187077522	-2.0	-2.0	28.5	0.38588449358940125	-2.0	-2.0	0.004372989991679788	-2.0	-2.0	31.5	0.0009829894988797605	4.5	4.5	-2.0	-2.0	0.5	-2.0	-2.0	664.0	3.5	-2.0	-2.0	2661.0	-2.0	-2.0	10198000.0	23883.0	35036.0	-2.0	-2.0	-2.0	76.5	2123315.0	-2.0	-2.0	0.001544609956908971	-2.0	-2.0	15388.0	98.0	9.5	6.5	-2.0	-2.0	0.443696990609169	-2.0	34.0	-2.0	-2.0	1.7056300044059753	0.9757145047187805	-2.0	2161.0	-2.0	-2.0	16.5	0.05389774776995182	-2.0	-2.0	461.0	-2.0	-2.0	104.0	519164.0	58.0	0.8442854881286621	-2.0	-2.0	-2.0	3202055.0	-2.0	-2.0	1177435.0	85896.0	20921.0	-2.0	-2.0	0.3595629930496216	-2.0	-2.0	0.5355970114469528	-2.0	0.00041927749407477677	-2.0	-2.0
# Feature
11	10	-2	-2	11	8	4	9	0	12	-2	-2	4	-2	-2	12	-2	13	-2	-2	5	0	8	-2	-2	10	-2	-2	5	10	-2	-2	4	-2	-2	5	10	6	5	-2	-2	9	-2	-2	0	6	-2	-2	1	-2	-2	2	5	1	-2	-2	-2	5	8	-2	-2	11	-2	-2	2	0	0	8	-2	-2	13	-2	1	-2	-2	12	11	-2	2	-2	-2	5	7	-2	-2	1	-2	-2	8	2	8	10	-2	-2	-2	1	-2	-2	2	2	0	-2	-2	13	-2	-2	7	-2	4	-2	-2
# Values
74.0	1272.0	67.0	252.0	15.0	1.0
55.0	1.0	0.0	0.0	0.0	0.0
55.0	0.0	0.0	0.0	0.0	0.0
0.0	1.0	0.0	0.0	0.0	0.0
19.0	1271.0	67.0	252.0	15.0	1.0
18.0	1168.0	33.0	152.0	2.0	0.0
0.0	113.0	33.0	50.0	0.0	0.0
0.0	12.0	10.0	25.0	0.0	0.0
0.0	5.0	5.0	24.0	0.0	0.0
0.0	3.0	4.0	24.0	0.0	0.0
0.0	1.0	0.0	0.0	0.0	0.0
0.0	2.0	4.0	24.0	0.0	0.0
0.0	2.0	1.0	0.0	0.0	0.0
0.0	0.0	1.0	0.0	0.0	0.0
0.0	2.0	0.0	0.0	0.0	0.0
0.0	7.0	5.0	1.0	0.0	0.0
0.0	6.0	0.0	0.0	0.0	0.0
0.0	1.0	5.0	1.0	0.0	0.0
0.0	1.0	5.0	0.0	0.0	0.0
0.0	0.0	0.0	1.0	0.0	0.0
0.0	101.0	23.0	25.0	0.0	0.0
0.0	49.0	19.0	22.0	0.0	0.0
0.0	25.0	3.0	2.0	0.0	0.0
0.0	22.0	0.0	2.0	0.0	0.0
0.0	3.0	3.0	0.0	0.0	0.0
0.0	24.0	16.0	20.0	0.0	0.0
0.0	18.0	2.0	10.0	0.0	0.0
0.0	6.0	14.0	10.0	0.0	0.0
0.0	52.0	4.0	3.0	0.0	0.0
0.0	21.0	4.0	2.0	0.0	0.0
0.0	20.0	1.0	2.0	0.0	0.0
0.0	1.0	3.0	0.0	0.0	0.0
0.0	31.0	0.0	1.0	0.0	0.0
0.0	6.0	0.0	1.0	0.0	0.0
0.0	25.0	0.0	0.0	0.0	0.0
18.0	1055.0	0.0	102.0	2.0	0.0
0.0	194.0	0.0	71.0	0.0	0.0
0.0	88.0	0.0	8.0	0.0	0.0
0.0	86.0	0.0	5.0	0.0	0.0
0.0	1.0	0.0	2.0	0.0	0.0
0.0	85.0	0.0	3.0	0.0	0.0
0.0	2.0	0.0	3.0	0.0	0.0
0.0	2.0	0.0	0.0	0.0	0.0
0.0	0.0	0.0	3.0	0.0	0.0
0.0	106.0	0.0	63.0	0.0	0.0
0.0	66.0	0.0	13.0	0.0	0.0
0.0	51.0	0.0	13.0	0.0	0.0
0.0	15.0	0.0	0.0	0.0	0.0
0.0	40.0	0.0	50.0	0.0	0.0
0.0	5.0	0.0	30.0	0.0	0.0
0.0	35.0	0.0	20.0	0.0	0.0
18.0	861.0	0.0	31.0	2.0	0.0
7.0	813.0	0.0	20.0	0.0	0.0
6.0	813.0	0.0	20.0	0.0	0.0
5.0	613.0	0.0	7.0	0.0	0.0
1.0	200.0	0.0	13.0	0.0	0.0
1.0	0.0	0.0	0.0	0.0	0.0
11.0	48.0	0.0	11.0	2.0	0.0
1.0	0.0	0.0	9.0	1.0	0.0
0.0	0.0	0.0	9.0	0.0	0.0
1.0	0.0	0.0	0.0	1.0	0.0
10.0	48.0	0.0	2.0	1.0	0.0
3.0	0.0	0.0	0.0	0.0	0.0
7.0	48.0	0.0	2.0	1.0	0.0
1.0	103.0	34.0	100.0	13.0	1.0
1.0	18.0	9.0	58.0	11.0	0.0
1.0	8.0	0.0	2.0	1.0	0.0
1.0	0.0	0.0	0.0	1.0	0.0
1.0	0.0	0.0	0.0	0.0	0.0
0.0	0.0	0.0	0.0	1.0	0.0
0.0	8.0	0.0	2.0	0.0	0.0
0.0	6.0	0.0	0.0	0.0	0.0
0.0	2.0	0.0	2.0	0.0	0.0
0.0	0.0	0.0	1.0	0.0	0.0
0.0	2.0	0.0	1.0	0.0	0.0
0.0	10.0	9.0	56.0	10.0	0.0
0.0	2.0	5.0	11.0	10.0	0.0
0.0	0.0	4.0	0.0	0.0	0.0
0.0	2.0	1.0	11.0	10.0	0.0
0.0	2.0	0.0	8.0	2.0	0.0
0.0	0.0	1.0	3.0	8.0	0.0
0.0	8.0	4.0	45.0	0.0	0.0
0.0	6.0	4.0	44.0	0.0	0.0
0.0	0.0	1.0	0.0	0.0	0.0
0.0	6.0	3.0	44.0	0.0	0.0
0.0	2.0	0.0	1.0	0.0	0.0
0.0	2.0	0.0	0.0	0.0	0.0
0.0	0.0	0.0	1.0	0.0	0.0
0.0	85.0	25.0	42.0	2.0	1.0
0.0	18.0	25.0	3.0	1.0	1.0
0.0	18.0	13.0	3.0	1.0	0.0
0.0	14.0	13.0	3.0	1.0	0.0
0.0	3.0	9.0	2.0	1.0	0.0
0.0	11.0	4.0	1.0	0.0	0.0
0.0	4.0	0.0	0.0	0.0	0.0
0.0	0.0	12.0	0.0	0.0	1.0
0.0	0.0	12.0	0.0	0.0	0.0
0.0	0.0	0.0	0.0	0.0	1.0
0.0	67.0	0.0	39.0	1.0	0.0
0.0	46.0	0.0	4.0	1.0	0.0
0.0	15.0	0.0	3.0	1.0	0.0
0.0	15.0	0.0	2.0	1.0	0.0
0.0	0.0	0.0	1.0	0.0	0.0
0.0	31.0	0.0	1.0	0.0	0.0
0.0	1.0	0.0	1.0	0.0	0.0
0.0	30.0	0.0	0.0	0.0	0.0
0.0	21.0	0.0	35.0	0.0	0.0
0.0	14.0	0.0	0.0	0.0	0.0
0.0	7.0	0.0	35.0	0.0	0.0
0.0	3.0	0.0	33.0	0.0	0.0
0.0	4.0	0.0	2.0	0.0	0.0
