# Sizes (NFeatures, Nclasses, NodeCount, MaxDepth)
14	6	97	7
# Classes
0.0	1.0	2.0	3.0	4.0	5.0
# Feature Names
Nrows	Ncols	Nnnz	AvgNnnz	Density	MaxRowNnnz	MinRowNnnz	StdRowNnnz	NDiags	NTrueDiags	AvgNnnzDia	AvgNnnzELL	AvgNnnzHyb	AvgNnnzHdc
# Left
1	2	-1	-1	5	6	7	8	9	10	-1	-1	13	-1	-1	16	-1	-1	19	-1	-1	22	23	24	25	-1	-1	-1	29	30	-1	-1	33	-1	-1	36	37	38	-1	-1	41	-1	-1	44	45	-1	-1	48	-1	-1	51	52	53	54	-1	56	-1	-1	59	60	-1	-1	-1	64	-1	66	67	-1	-1	-1	71	72	73	74	-1	-1	77	-1	-1	80	81	-1	-1	84	-1	-1	87	88	-1	90	-1	-1	93	-1	95	-1	-1
# Right
4	3	-1	-1	50	21	18	15	12	11	-1	-1	14	-1	-1	17	-1	-1	20	-1	-1	35	28	27	26	-1	-1	-1	32	31	-1	-1	34	-1	-1	43	40	39	-1	-1	42	-1	-1	47	46	-1	-1	49	-1	-1	70	63	58	55	-1	57	-1	-1	62	61	-1	-1	-1	65	-1	69	68	-1	-1	-1	86	79	76	75	-1	-1	78	-1	-1	83	82	-1	-1	85	-1	-1	92	89	-1	91	-1	-1	94	-1	96	-1	-1
# Threshold
0.0009388524922542274	18656.0	-2.0	-2.0	2.698989987373352	0.0013584750122390687	112663500.0	9.5	80556.0	0.00010166275023948401	-2.0	-2.0	4.5	-2.0	-2.0	0.8707054853439331	-2.0	-2.0	35641200.0	-2.0	-2.0	664.0	0.30257099866867065	0.9966774880886078	72.0	-2.0	-2.0	-2.0	0.4011010080575943	135.0	-2.0	-2.0	49.5	-2.0	-2.0	15388.0	0.13421770185232162	10.517695426940918	-2.0	-2.0	0.36821699142456055	-2.0	-2.0	12.174750328063965	22.5	-2.0	-2.0	0.17981544509530067	-2.0	-2.0	0.32022400200366974	152.46800231933594	14419.5	7.29366519180985e-07	-2.0	2565085.0	-2.0	-2.0	0.0004718029813375324	0.3361160010099411	-2.0	-2.0	-2.0	0.01402955036610365	-2.0	0.07004134729504585	325.9955062866211	-2.0	-2.0	-2.0	0.5885575115680695	18.982150077819824	0.382532000541687	0.5031389892101288	-2.0	-2.0	26.0	-2.0	-2.0	0.6963874995708466	51785.0	-2.0	-2.0	11735.5	-2.0	-2.0	0.00030381699616555125	1.5012429912530934e-05	-2.0	78.5	-2.0	-2.0	0.3450004905462265	-2.0	19.0	-2.0	-2.0
# Feature
11	8	-2	-2	7	10	2	9	2	4	-2	-2	6	-2	-2	7	-2	-2	1	-2	-2	0	10	11	8	-2	-2	-2	4	2	-2	-2	2	-2	-2	2	10	3	-2	-2	7	-2	-2	3	8	-2	-2	10	-2	-2	11	3	5	4	-2	1	-2	-2	10	13	-2	-2	-2	4	-2	11	3	-2	-2	-2	13	3	10	13	-2	-2	8	-2	-2	10	1	-2	-2	0	-2	-2	4	10	-2	5	-2	-2	11	-2	6	-2	-2
# Values
74.0	1272.0	67.0	252.0	15.0	1.0
55.0	1.0	0.0	0.0	0.0	0.0
0.0	1.0	0.0	0.0	0.0	0.0
55.0	0.0	0.0	0.0	0.0	0.0
19.0	1271.0	67.0	252.0	15.0	1.0
2.0	297.0	49.0	175.0	13.0	1.0
1.0	115.0	0.0	11.0	1.0	0.0
0.0	115.0	0.0	9.0	1.0	0.0
0.0	113.0	0.0	5.0	1.0	0.0
0.0	24.0	0.0	4.0	1.0	0.0
0.0	0.0	0.0	2.0	0.0	0.0
0.0	24.0	0.0	2.0	1.0	0.0
0.0	89.0	0.0	1.0	0.0	0.0
0.0	84.0	0.0	0.0	0.0	0.0
0.0	5.0	0.0	1.0	0.0	0.0
0.0	2.0	0.0	4.0	0.0	0.0
0.0	2.0	0.0	0.0	0.0	0.0
0.0	0.0	0.0	4.0	0.0	0.0
1.0	0.0	0.0	2.0	0.0	0.0
0.0	0.0	0.0	2.0	0.0	0.0
1.0	0.0	0.0	0.0	0.0	0.0
1.0	182.0	49.0	164.0	12.0	1.0
1.0	115.0	13.0	52.0	4.0	0.0
0.0	102.0	13.0	24.0	3.0	0.0
0.0	102.0	13.0	24.0	0.0	0.0
0.0	24.0	13.0	2.0	0.0	0.0
0.0	78.0	0.0	22.0	0.0	0.0
0.0	0.0	0.0	0.0	3.0	0.0
1.0	13.0	0.0	28.0	1.0	0.0
0.0	8.0	0.0	28.0	0.0	0.0
0.0	3.0	0.0	1.0	0.0	0.0
0.0	5.0	0.0	27.0	0.0	0.0
1.0	5.0	0.0	0.0	1.0	0.0
1.0	0.0	0.0	0.0	1.0	0.0
0.0	5.0	0.0	0.0	0.0	0.0
0.0	67.0	36.0	112.0	8.0	1.0
0.0	6.0	13.0	79.0	7.0	0.0
0.0	6.0	0.0	57.0	0.0	0.0
0.0	5.0	0.0	57.0	0.0	0.0
0.0	1.0	0.0	0.0	0.0	0.0
0.0	0.0	13.0	22.0	7.0	0.0
0.0	0.0	2.0	15.0	7.0	0.0
0.0	0.0	11.0	7.0	0.0	0.0
0.0	61.0	23.0	33.0	1.0	1.0
0.0	60.0	20.0	13.0	1.0	0.0
0.0	15.0	20.0	7.0	1.0	0.0
0.0	45.0	0.0	6.0	0.0	0.0
0.0	1.0	3.0	20.0	0.0	1.0
0.0	1.0	0.0	19.0	0.0	0.0
0.0	0.0	3.0	1.0	0.0	1.0
17.0	974.0	18.0	77.0	2.0	0.0
17.0	668.0	0.0	11.0	1.0	0.0
10.0	658.0	0.0	11.0	1.0	0.0
7.0	654.0	0.0	11.0	1.0	0.0
1.0	0.0	0.0	0.0	0.0	0.0
6.0	654.0	0.0	11.0	1.0	0.0
5.0	649.0	0.0	11.0	0.0	0.0
1.0	5.0	0.0	0.0	1.0	0.0
3.0	4.0	0.0	0.0	0.0	0.0
3.0	2.0	0.0	0.0	0.0	0.0
2.0	0.0	0.0	0.0	0.0	0.0
1.0	2.0	0.0	0.0	0.0	0.0
0.0	2.0	0.0	0.0	0.0	0.0
7.0	10.0	0.0	0.0	0.0	0.0
6.0	0.0	0.0	0.0	0.0	0.0
1.0	10.0	0.0	0.0	0.0	0.0
1.0	2.0	0.0	0.0	0.0	0.0
1.0	0.0	0.0	0.0	0.0	0.0
0.0	2.0	0.0	0.0	0.0	0.0
0.0	8.0	0.0	0.0	0.0	0.0
0.0	306.0	18.0	66.0	1.0	0.0
0.0	286.0	17.0	33.0	0.0	0.0
0.0	74.0	10.0	23.0	0.0	0.0
0.0	73.0	5.0	23.0	0.0	0.0
0.0	66.0	5.0	13.0	0.0	0.0
0.0	7.0	0.0	10.0	0.0	0.0
0.0	1.0	5.0	0.0	0.0	0.0
0.0	1.0	0.0	0.0	0.0	0.0
0.0	0.0	5.0	0.0	0.0	0.0
0.0	212.0	7.0	10.0	0.0	0.0
0.0	209.0	2.0	10.0	0.0	0.0
0.0	188.0	1.0	2.0	0.0	0.0
0.0	21.0	1.0	8.0	0.0	0.0
0.0	3.0	5.0	0.0	0.0	0.0
0.0	3.0	0.0	0.0	0.0	0.0
0.0	0.0	5.0	0.0	0.0	0.0
0.0	20.0	1.0	33.0	1.0	0.0
0.0	3.0	0.0	24.0	1.0	0.0
0.0	0.0	0.0	0.0	1.0	0.0
0.0	3.0	0.0	24.0	0.0	0.0
0.0	1.0	0.0	21.0	0.0	0.0
0.0	2.0	0.0	3.0	0.0	0.0
0.0	17.0	1.0	9.0	0.0	0.0
0.0	0.0	0.0	3.0	0.0	0.0
0.0	17.0	1.0	6.0	0.0	0.0
0.0	16.0	1.0	3.0	0.0	0.0
0.0	1.0	0.0	3.0	0.0	0.0
