# Sizes (NFeatures, Nclasses, NodeCount, MaxDepth)
14	6	91	7
# Classes
0.0	1.0	2.0	3.0	4.0	5.0
# Feature Names
Nrows	Ncols	Nnnz	AvgNnnz	Density	MaxRowNnnz	MinRowNnnz	StdRowNnnz	NDiags	NTrueDiags	AvgNnnzDia	AvgNnnzELL	AvgNnnzHyb	AvgNnnzHdc
# Left
1	2	-1	-1	5	6	7	8	9	10	-1	-1	13	-1	-1	-1	17	18	19	-1	-1	22	-1	-1	25	-1	27	-1	-1	30	31	32	33	-1	-1	-1	37	38	-1	-1	41	-1	-1	44	45	46	-1	-1	49	-1	-1	52	53	-1	-1	-1	57	58	59	60	61	-1	-1	64	-1	-1	67	-1	-1	70	-1	-1	73	74	75	76	-1	-1	79	-1	-1	82	-1	84	-1	-1	87	88	-1	-1	-1
# Right
4	3	-1	-1	56	29	16	15	12	11	-1	-1	14	-1	-1	-1	24	21	20	-1	-1	23	-1	-1	26	-1	28	-1	-1	43	36	35	34	-1	-1	-1	40	39	-1	-1	42	-1	-1	51	48	47	-1	-1	50	-1	-1	55	54	-1	-1	-1	72	69	66	63	62	-1	-1	65	-1	-1	68	-1	-1	71	-1	-1	86	81	78	77	-1	-1	80	-1	-1	83	-1	85	-1	-1	90	89	-1	-1	-1
# Threshold
0.0009388524922542274	18656.0	-2.0	-2.0	31.5	53.0	60.5	47.5	12.0	14.0	-2.0	-2.0	15.0	-2.0	-2.0	-2.0	20.0	2537.5	135.0	-2.0	-2.0	264972.5	-2.0	-2.0	0.33546000719070435	-2.0	0.6042155027389526	-2.0	-2.0	23559.0	0.006875264924019575	3816.5	725.0	-2.0	-2.0	-2.0	650.0	0.10647950321435928	-2.0	-2.0	19.5	-2.0	-2.0	9.5	0.8945389986038208	13.90215015411377	-2.0	-2.0	16.0	-2.0	-2.0	0.0011904300190508366	62.5	-2.0	-2.0	-2.0	387298.5	22299.5	9.279025077819824	103.0	89.0	-2.0	-2.0	0.5329569876194	-2.0	-2.0	0.05678815022110939	-2.0	-2.0	455176.5	-2.0	-2.0	0.0008318315085489303	55.5	15.288249969482422	0.22695690393447876	-2.0	-2.0	45.0	-2.0	-2.0	418704.0	-2.0	0.001544609956908971	-2.0	-2.0	109.0	13.621049880981445	-2.0	-2.0	-2.0
# Feature
11	8	-2	-2	5	8	0	8	8	1	-2	-2	9	-2	-2	-2	8	1	1	-2	-2	2	-2	-2	11	-2	7	-2	-2	2	4	8	0	-2	-2	-2	0	7	-2	-2	5	-2	-2	9	13	3	-2	-2	5	-2	-2	4	8	-2	-2	-2	1	5	12	8	9	-2	-2	11	-2	-2	10	-2	-2	8	-2	-2	10	5	3	11	-2	-2	5	-2	-2	1	-2	11	-2	-2	5	7	-2	-2	-2
# Values
74.0	1272.0	67.0	252.0	15.0	1.0
55.0	1.0	0.0	0.0	0.0	0.0
0.0	1.0	0.0	0.0	0.0	0.0
55.0	0.0	0.0	0.0	0.0	0.0
19.0	1271.0	67.0	252.0	15.0	1.0
1.0	353.0	62.0	197.0	13.0	1.0
1.0	58.0	58.0	60.0	9.0	0.0
1.0	25.0	2.0	3.0	1.0	0.0
1.0	25.0	0.0	3.0	1.0	0.0
1.0	3.0	0.0	2.0	1.0	0.0
1.0	0.0	0.0	0.0	1.0	0.0
0.0	3.0	0.0	2.0	0.0	0.0
0.0	22.0	0.0	1.0	0.0	0.0
0.0	21.0	0.0	0.0	0.0	0.0
0.0	1.0	0.0	1.0	0.0	0.0
0.0	0.0	2.0	0.0	0.0	0.0
0.0	33.0	56.0	57.0	8.0	0.0
0.0	21.0	29.0	55.0	8.0	0.0
0.0	6.0	7.0	47.0	4.0	0.0
0.0	4.0	0.0	6.0	0.0	0.0
0.0	2.0	7.0	41.0	4.0	0.0
0.0	15.0	22.0	8.0	4.0	0.0
0.0	15.0	13.0	8.0	4.0	0.0
0.0	0.0	9.0	0.0	0.0	0.0
0.0	12.0	27.0	2.0	0.0	0.0
0.0	2.0	0.0	0.0	0.0	0.0
0.0	10.0	27.0	2.0	0.0	0.0
0.0	4.0	1.0	0.0	0.0	0.0
0.0	6.0	26.0	2.0	0.0	0.0
0.0	295.0	4.0	137.0	4.0	1.0
0.0	129.0	4.0	98.0	3.0	0.0
0.0	16.0	0.0	57.0	1.0	0.0
0.0	11.0	0.0	57.0	1.0	0.0
0.0	6.0	0.0	2.0	1.0	0.0
0.0	5.0	0.0	55.0	0.0	0.0
0.0	5.0	0.0	0.0	0.0	0.0
0.0	113.0	4.0	41.0	2.0	0.0
0.0	106.0	3.0	27.0	2.0	0.0
0.0	0.0	0.0	0.0	2.0	0.0
0.0	106.0	3.0	27.0	0.0	0.0
0.0	7.0	1.0	14.0	0.0	0.0
0.0	1.0	0.0	11.0	0.0	0.0
0.0	6.0	1.0	3.0	0.0	0.0
0.0	166.0	0.0	39.0	1.0	1.0
0.0	153.0	0.0	24.0	1.0	0.0
0.0	148.0	0.0	16.0	1.0	0.0
0.0	142.0	0.0	9.0	1.0	0.0
0.0	6.0	0.0	7.0	0.0	0.0
0.0	5.0	0.0	8.0	0.0	0.0
0.0	4.0	0.0	0.0	0.0	0.0
0.0	1.0	0.0	8.0	0.0	0.0
0.0	13.0	0.0	15.0	0.0	1.0
0.0	3.0	0.0	15.0	0.0	1.0
0.0	0.0	0.0	0.0	0.0	1.0
0.0	3.0	0.0	15.0	0.0	0.0
0.0	10.0	0.0	0.0	0.0	0.0
18.0	918.0	5.0	55.0	2.0	0.0
13.0	875.0	5.0	25.0	0.0	0.0
6.0	874.0	5.0	25.0	0.0	0.0
6.0	873.0	5.0	23.0	0.0	0.0
0.0	20.0	5.0	1.0	0.0	0.0
0.0	20.0	1.0	1.0	0.0	0.0
0.0	0.0	4.0	0.0	0.0	0.0
6.0	853.0	0.0	22.0	0.0	0.0
6.0	758.0	0.0	13.0	0.0	0.0
0.0	95.0	0.0	9.0	0.0	0.0
0.0	1.0	0.0	2.0	0.0	0.0
0.0	0.0	0.0	1.0	0.0	0.0
0.0	1.0	0.0	1.0	0.0	0.0
7.0	1.0	0.0	0.0	0.0	0.0
7.0	0.0	0.0	0.0	0.0	0.0
0.0	1.0	0.0	0.0	0.0	0.0
5.0	43.0	0.0	30.0	2.0	0.0
5.0	40.0	0.0	6.0	2.0	0.0
1.0	1.0	0.0	4.0	1.0	0.0
1.0	1.0	0.0	0.0	0.0	0.0
1.0	0.0	0.0	0.0	0.0	0.0
0.0	1.0	0.0	0.0	0.0	0.0
0.0	0.0	0.0	4.0	1.0	0.0
0.0	0.0	0.0	4.0	0.0	0.0
0.0	0.0	0.0	0.0	1.0	0.0
4.0	39.0	0.0	2.0	1.0	0.0
0.0	0.0	0.0	2.0	0.0	0.0
4.0	39.0	0.0	0.0	1.0	0.0
3.0	1.0	0.0	0.0	0.0	0.0
1.0	38.0	0.0	0.0	1.0	0.0
0.0	3.0	0.0	24.0	0.0	0.0
0.0	1.0	0.0	24.0	0.0	0.0
0.0	0.0	0.0	24.0	0.0	0.0
0.0	1.0	0.0	0.0	0.0	0.0
0.0	2.0	0.0	0.0	0.0	0.0
