# Sizes (NFeatures, Nclasses, NodeCount, MaxDepth)
14	6	89	7
# Classes
0.0	1.0	2.0	3.0	4.0	5.0
# Feature Names
Nrows	Ncols	Nnnz	AvgNnnz	Density	MaxRowNnnz	MinRowNnnz	StdRowNnnz	NDiags	NTrueDiags	AvgNnnzDia	AvgNnnzELL	AvgNnnzHyb	AvgNnnzHdc
# Left
1	2	-1	-1	5	6	7	8	9	10	-1	-1	13	-1	-1	16	17	-1	-1	20	-1	-1	23	24	25	-1	-1	28	-1	-1	31	32	-1	-1	-1	36	37	38	39	-1	-1	42	-1	-1	45	46	-1	-1	49	-1	-1	52	53	54	-1	-1	-1	58	59	-1	-1	62	-1	-1	65	66	67	68	69	-1	-1	72	-1	-1	75	76	-1	-1	79	-1	-1	82	-1	-1	85	-1	87	-1	-1
# Right
4	3	-1	-1	64	35	22	15	12	11	-1	-1	14	-1	-1	19	18	-1	-1	21	-1	-1	30	27	26	-1	-1	29	-1	-1	34	33	-1	-1	-1	51	44	41	40	-1	-1	43	-1	-1	48	47	-1	-1	50	-1	-1	57	56	55	-1	-1	-1	61	60	-1	-1	63	-1	-1	84	81	74	71	70	-1	-1	73	-1	-1	78	77	-1	-1	80	-1	-1	83	-1	-1	86	-1	88	-1	-1
# Threshold
0.0009388524922542274	18656.0	-2.0	-2.0	31.5	0.3981815129518509	0.2851725071668625	7.428735017776489	2442.0	546.0	-2.0	-2.0	9216.0	-2.0	-2.0	18.5	0.03606854937970638	-2.0	-2.0	8.20656967163086	-2.0	-2.0	0.08618099987506866	0.3864714950323105	8.0	-2.0	-2.0	1.6885249614715576	-2.0	-2.0	7.0	5.5	-2.0	-2.0	-2.0	0.14776749908924103	23559.0	764.0	53.0	-2.0	-2.0	47.5	-2.0	-2.0	11.508349895477295	0.9666949808597565	-2.0	-2.0	23991.5	-2.0	-2.0	14786.0	20.0	0.0004196859954390675	-2.0	-2.0	-2.0	56785.0	0.0003303794946987182	-2.0	-2.0	3202055.0	-2.0	-2.0	6.4544150829315186	22299.5	1501900.0	0.6314449906349182	0.9565154910087585	-2.0	-2.0	67098.5	-2.0	-2.0	0.22359689325094223	7.29366519180985e-07	-2.0	-2.0	4674580.0	-2.0	-2.0	0.3361160010099411	-2.0	-2.0	49.0	-2.0	47.39884948730469	-2.0	-2.0
# Feature
11	8	-2	-2	5	13	10	3	0	0	-2	-2	0	-2	-2	5	4	-2	-2	3	-2	-2	4	13	9	-2	-2	12	-2	-2	5	1	-2	-2	-2	10	2	0	8	-2	-2	8	-2	-2	3	13	-2	-2	0	-2	-2	2	8	4	-2	-2	-2	0	4	-2	-2	0	-2	-2	12	5	1	11	13	-2	-2	0	-2	-2	11	4	-2	-2	0	-2	-2	13	-2	-2	9	-2	3	-2	-2
# Values
74.0	1272.0	67.0	252.0	15.0	1.0
55.0	1.0	0.0	0.0	0.0	0.0
0.0	1.0	0.0	0.0	0.0	0.0
55.0	0.0	0.0	0.0	0.0	0.0
19.0	1271.0	67.0	252.0	15.0	1.0
1.0	353.0	62.0	197.0	13.0	1.0
1.0	187.0	20.0	46.0	3.0	0.0
0.0	174.0	7.0	36.0	2.0	0.0
0.0	128.0	5.0	16.0	1.0	0.0
0.0	75.0	5.0	15.0	1.0	0.0
0.0	75.0	5.0	11.0	0.0	0.0
0.0	0.0	0.0	4.0	1.0	0.0
0.0	53.0	0.0	1.0	0.0	0.0
0.0	10.0	0.0	1.0	0.0	0.0
0.0	43.0	0.0	0.0	0.0	0.0
0.0	46.0	2.0	20.0	1.0	0.0
0.0	18.0	1.0	17.0	1.0	0.0
0.0	18.0	0.0	13.0	0.0	0.0
0.0	0.0	1.0	4.0	1.0	0.0
0.0	28.0	1.0	3.0	0.0	0.0
0.0	0.0	1.0	0.0	0.0	0.0
0.0	28.0	0.0	3.0	0.0	0.0
1.0	13.0	13.0	10.0	1.0	0.0
0.0	5.0	13.0	10.0	0.0	0.0
0.0	1.0	12.0	9.0	0.0	0.0
0.0	0.0	2.0	6.0	0.0	0.0
0.0	1.0	10.0	3.0	0.0	0.0
0.0	4.0	1.0	1.0	0.0	0.0
0.0	4.0	0.0	1.0	0.0	0.0
0.0	0.0	1.0	0.0	0.0	0.0
1.0	8.0	0.0	0.0	1.0	0.0
1.0	0.0	0.0	0.0	1.0	0.0
1.0	0.0	0.0	0.0	0.0	0.0
0.0	0.0	0.0	0.0	1.0	0.0
0.0	8.0	0.0	0.0	0.0	0.0
0.0	166.0	42.0	151.0	10.0	1.0
0.0	142.0	8.0	101.0	2.0	0.0
0.0	47.0	8.0	71.0	1.0	0.0
0.0	42.0	7.0	15.0	1.0	0.0
0.0	5.0	6.0	1.0	0.0	0.0
0.0	37.0	1.0	14.0	1.0	0.0
0.0	5.0	1.0	56.0	0.0	0.0
0.0	0.0	1.0	0.0	0.0	0.0
0.0	5.0	0.0	56.0	0.0	0.0
0.0	95.0	0.0	30.0	1.0	0.0
0.0	90.0	0.0	8.0	1.0	0.0
0.0	89.0	0.0	6.0	1.0	0.0
0.0	1.0	0.0	2.0	0.0	0.0
0.0	5.0	0.0	22.0	0.0	0.0
0.0	5.0	0.0	3.0	0.0	0.0
0.0	0.0	0.0	19.0	0.0	0.0
0.0	24.0	34.0	50.0	8.0	1.0
0.0	7.0	14.0	45.0	7.0	0.0
0.0	7.0	6.0	45.0	7.0	0.0
0.0	0.0	0.0	0.0	3.0	0.0
0.0	7.0	6.0	45.0	4.0	0.0
0.0	0.0	8.0	0.0	0.0	0.0
0.0	17.0	20.0	5.0	1.0	1.0
0.0	17.0	12.0	5.0	1.0	0.0
0.0	8.0	2.0	0.0	0.0	0.0
0.0	9.0	10.0	5.0	1.0	0.0
0.0	0.0	8.0	0.0	0.0	1.0
0.0	0.0	8.0	0.0	0.0	0.0
0.0	0.0	0.0	0.0	0.0	1.0
18.0	918.0	5.0	55.0	2.0	0.0
18.0	915.0	5.0	36.0	2.0	0.0
10.0	913.0	5.0	36.0	2.0	0.0
6.0	902.0	5.0	30.0	0.0	0.0
6.0	829.0	0.0	19.0	0.0	0.0
6.0	829.0	0.0	18.0	0.0	0.0
0.0	0.0	0.0	1.0	0.0	0.0
0.0	73.0	5.0	11.0	0.0	0.0
0.0	68.0	5.0	2.0	0.0	0.0
0.0	5.0	0.0	9.0	0.0	0.0
4.0	11.0	0.0	6.0	2.0	0.0
4.0	11.0	0.0	0.0	1.0	0.0
2.0	0.0	0.0	0.0	0.0	0.0
2.0	11.0	0.0	0.0	1.0	0.0
0.0	0.0	0.0	6.0	1.0	0.0
0.0	0.0	0.0	5.0	0.0	0.0
0.0	0.0	0.0	1.0	1.0	0.0
8.0	2.0	0.0	0.0	0.0	0.0
8.0	0.0	0.0	0.0	0.0	0.0
0.0	2.0	0.0	0.0	0.0	0.0
0.0	3.0	0.0	19.0	0.0	0.0
0.0	0.0	0.0	18.0	0.0	0.0
0.0	3.0	0.0	1.0	0.0	0.0
0.0	1.0	0.0	1.0	0.0	0.0
0.0	2.0	0.0	0.0	0.0	0.0
