# Sizes (NFeatures, Nclasses, NodeCount, MaxDepth)
14	6	83	7
# Classes
0.0	1.0	2.0	3.0	4.0	5.0
# Feature Names
Nrows	Ncols	Nnnz	AvgNnnz	Density	MaxRowNnnz	MinRowNnnz	StdRowNnnz	NDiags	NTrueDiags	AvgNnnzDia	AvgNnnzELL	AvgNnnzHyb	AvgNnnzHdc
# Left
1	2	3	-1	-1	-1	7	8	9	10	11	12	-1	-1	15	-1	-1	-1	19	20	21	-1	-1	24	-1	-1	27	28	-1	-1	-1	32	33	34	35	-1	-1	38	-1	-1	41	42	-1	-1	45	-1	-1	48	49	-1	51	-1	-1	54	55	-1	-1	-1	59	60	61	62	63	-1	-1	66	-1	-1	69	70	-1	-1	73	-1	-1	76	-1	-1	79	-1	81	-1	-1
# Right
6	5	4	-1	-1	-1	58	31	18	17	14	13	-1	-1	16	-1	-1	-1	26	23	22	-1	-1	25	-1	-1	30	29	-1	-1	-1	47	40	37	36	-1	-1	39	-1	-1	44	43	-1	-1	46	-1	-1	53	50	-1	52	-1	-1	57	56	-1	-1	-1	78	75	68	65	64	-1	-1	67	-1	-1	72	71	-1	-1	74	-1	-1	77	-1	-1	80	-1	82	-1	-1
# Threshold
0.0009388524922542274	20374.0	8.303905248641968	-2.0	-2.0	-2.0	31.5	53.0	60.5	47.5	12.0	0.45360100269317627	-2.0	-2.0	0.22633849829435349	-2.0	-2.0	-2.0	20.0	2537.5	5156.5	-2.0	-2.0	53386.0	-2.0	-2.0	0.08838395029306412	2.916664958000183	-2.0	-2.0	-2.0	4970.5	664.0	148.5	0.33897699415683746	-2.0	-2.0	0.9966774880886078	-2.0	-2.0	19525.5	0.011152499821037054	-2.0	-2.0	0.48680199682712555	-2.0	-2.0	10.254549980163574	17951.5	-2.0	0.9666949808597565	-2.0	-2.0	0.0007934024906717241	0.4047600030899048	-2.0	-2.0	-2.0	6.4544150829315186	22299.5	1501900.0	0.6314449906349182	0.9565154910087585	-2.0	-2.0	3438440.0	-2.0	-2.0	88.5	1.0016980240834528e-05	-2.0	-2.0	0.7298620045185089	-2.0	-2.0	0.3361160010099411	-2.0	-2.0	49.0	-2.0	0.0005240390019025654	-2.0	-2.0
# Feature
11	0	3	-2	-2	-2	5	8	0	8	8	4	-2	-2	13	-2	-2	-2	8	0	2	-2	-2	1	-2	-2	4	3	-2	-2	-2	0	0	0	11	-2	-2	11	-2	-2	2	4	-2	-2	13	-2	-2	3	2	-2	13	-2	-2	4	13	-2	-2	-2	12	5	0	11	13	-2	-2	2	-2	-2	5	10	-2	-2	12	-2	-2	13	-2	-2	9	-2	4	-2	-2
# Values
74.0	1272.0	67.0	252.0	15.0	1.0
55.0	1.0	0.0	0.0	0.0	0.0
1.0	1.0	0.0	0.0	0.0	0.0
1.0	0.0	0.0	0.0	0.0	0.0
0.0	1.0	0.0	0.0	0.0	0.0
54.0	0.0	0.0	0.0	0.0	0.0
19.0	1271.0	67.0	252.0	15.0	1.0
1.0	353.0	62.0	197.0	13.0	1.0
1.0	58.0	58.0	60.0	9.0	0.0
1.0	25.0	2.0	3.0	1.0	0.0
1.0	25.0	0.0	3.0	1.0	0.0
1.0	3.0	0.0	2.0	1.0	0.0
0.0	3.0	0.0	2.0	0.0	0.0
1.0	0.0	0.0	0.0	1.0	0.0
0.0	22.0	0.0	1.0	0.0	0.0
0.0	0.0	0.0	1.0	0.0	0.0
0.0	22.0	0.0	0.0	0.0	0.0
0.0	0.0	2.0	0.0	0.0	0.0
0.0	33.0	56.0	57.0	8.0	0.0
0.0	21.0	29.0	55.0	8.0	0.0
0.0	6.0	7.0	47.0	4.0	0.0
0.0	6.0	2.0	40.0	3.0	0.0
0.0	0.0	5.0	7.0	1.0	0.0
0.0	15.0	22.0	8.0	4.0	0.0
0.0	15.0	13.0	8.0	4.0	0.0
0.0	0.0	9.0	0.0	0.0	0.0
0.0	12.0	27.0	2.0	0.0	0.0
0.0	9.0	27.0	2.0	0.0	0.0
0.0	2.0	0.0	0.0	0.0	0.0
0.0	7.0	27.0	2.0	0.0	0.0
0.0	3.0	0.0	0.0	0.0	0.0
0.0	295.0	4.0	137.0	4.0	1.0
0.0	139.0	4.0	97.0	3.0	0.0
0.0	111.0	3.0	28.0	3.0	0.0
0.0	19.0	3.0	10.0	1.0	0.0
0.0	9.0	0.0	1.0	0.0	0.0
0.0	10.0	3.0	9.0	1.0	0.0
0.0	92.0	0.0	18.0	2.0	0.0
0.0	92.0	0.0	18.0	0.0	0.0
0.0	0.0	0.0	0.0	2.0	0.0
0.0	28.0	1.0	69.0	0.0	0.0
0.0	10.0	1.0	63.0	0.0	0.0
0.0	8.0	1.0	63.0	0.0	0.0
0.0	2.0	0.0	0.0	0.0	0.0
0.0	18.0	0.0	6.0	0.0	0.0
0.0	15.0	0.0	1.0	0.0	0.0
0.0	3.0	0.0	5.0	0.0	0.0
0.0	156.0	0.0	40.0	1.0	1.0
0.0	138.0	0.0	13.0	1.0	0.0
0.0	0.0	0.0	2.0	0.0	0.0
0.0	138.0	0.0	11.0	1.0	0.0
0.0	138.0	0.0	10.0	1.0	0.0
0.0	0.0	0.0	1.0	0.0	0.0
0.0	18.0	0.0	27.0	0.0	1.0
0.0	7.0	0.0	27.0	0.0	1.0
0.0	5.0	0.0	4.0	0.0	0.0
0.0	2.0	0.0	23.0	0.0	1.0
0.0	11.0	0.0	0.0	0.0	0.0
18.0	918.0	5.0	55.0	2.0	0.0
18.0	915.0	5.0	36.0	2.0	0.0
10.0	913.0	5.0	36.0	2.0	0.0
6.0	902.0	5.0	30.0	0.0	0.0
6.0	829.0	0.0	19.0	0.0	0.0
6.0	829.0	0.0	18.0	0.0	0.0
0.0	0.0	0.0	1.0	0.0	0.0
0.0	73.0	5.0	11.0	0.0	0.0
0.0	67.0	4.0	2.0	0.0	0.0
0.0	6.0	1.0	9.0	0.0	0.0
4.0	11.0	0.0	6.0	2.0	0.0
1.0	0.0	0.0	6.0	1.0	0.0
1.0	0.0	0.0	0.0	1.0	0.0
0.0	0.0	0.0	6.0	0.0	0.0
3.0	11.0	0.0	0.0	1.0	0.0
3.0	3.0	0.0	0.0	0.0	0.0
0.0	8.0	0.0	0.0	1.0	0.0
8.0	2.0	0.0	0.0	0.0	0.0
8.0	0.0	0.0	0.0	0.0	0.0
0.0	2.0	0.0	0.0	0.0	0.0
0.0	3.0	0.0	19.0	0.0	0.0
0.0	0.0	0.0	18.0	0.0	0.0
0.0	3.0	0.0	1.0	0.0	0.0
0.0	1.0	0.0	1.0	0.0	0.0
0.0	2.0	0.0	0.0	0.0	0.0
