# Sizes (NFeatures, Nclasses, NodeCount, MaxDepth)
14	6	87	7
# Classes
0.0	1.0	2.0	3.0	4.0	5.0
# Feature Names
Nrows	Ncols	Nnnz	AvgNnnz	Density	MaxRowNnnz	MinRowNnnz	StdRowNnnz	NDiags	NTrueDiags	AvgNnnzDia	AvgNnnzELL	AvgNnnzHyb	AvgNnnzHdc
# Left
1	2	-1	-1	5	6	7	8	9	10	-1	-1	13	-1	-1	16	17	-1	-1	20	-1	-1	23	24	25	-1	-1	28	-1	-1	31	32	-1	-1	-1	36	37	38	39	-1	-1	42	-1	-1	45	46	-1	-1	49	-1	-1	52	53	54	-1	-1	57	-1	-1	60	61	-1	-1	64	-1	-1	67	68	69	70	71	-1	-1	74	-1	-1	-1	78	79	-1	-1	-1	83	-1	85	-1	-1
# Right
4	3	-1	-1	66	35	22	15	12	11	-1	-1	14	-1	-1	19	18	-1	-1	21	-1	-1	30	27	26	-1	-1	29	-1	-1	34	33	-1	-1	-1	51	44	41	40	-1	-1	43	-1	-1	48	47	-1	-1	50	-1	-1	59	56	55	-1	-1	58	-1	-1	63	62	-1	-1	65	-1	-1	82	77	76	73	72	-1	-1	75	-1	-1	-1	81	80	-1	-1	-1	84	-1	86	-1	-1
# Threshold
0.0009388524922542274	0.00045250350376591086	-2.0	-2.0	31.5	0.3981815129518509	0.2851725071668625	7.428735017776489	2442.0	546.0	-2.0	-2.0	0.0005833750183228403	-2.0	-2.0	18.5	0.8697044849395752	-2.0	-2.0	54.0	-2.0	-2.0	0.08618099987506866	8.5	4.5	-2.0	-2.0	0.3725010007619858	-2.0	-2.0	5.5	6.5	-2.0	-2.0	-2.0	23559.0	0.010003970004618168	705.5	3.849655032157898	-2.0	-2.0	0.05389774776995182	-2.0	-2.0	0.8470564782619476	57.0	-2.0	-2.0	0.4839724898338318	-2.0	-2.0	11.508349895477295	22.0	53386.0	-2.0	-2.0	0.006895625032484531	-2.0	-2.0	26159.5	3.8413299322128296	-2.0	-2.0	0.6574884951114655	-2.0	-2.0	6.4544150829315186	22299.5	0.9565154910087585	1501900.0	0.647695004940033	-2.0	-2.0	0.4244470000267029	-2.0	-2.0	-2.0	0.00045168651558924466	81.91495132446289	-2.0	-2.0	-2.0	49.0	-2.0	658.0	-2.0	-2.0
# Feature
11	10	-2	-2	5	13	10	3	1	0	-2	-2	10	-2	-2	5	7	-2	-2	0	-2	-2	4	5	5	-2	-2	10	-2	-2	3	8	-2	-2	-2	2	4	1	3	-2	-2	7	-2	-2	7	2	-2	-2	13	-2	-2	3	8	1	-2	-2	10	-2	-2	1	7	-2	-2	10	-2	-2	12	5	13	0	10	-2	-2	11	-2	-2	-2	4	3	-2	-2	-2	9	-2	8	-2	-2
# Values
74.0	1272.0	67.0	252.0	15.0	1.0
55.0	1.0	0.0	0.0	0.0	0.0
55.0	0.0	0.0	0.0	0.0	0.0
0.0	1.0	0.0	0.0	0.0	0.0
19.0	1271.0	67.0	252.0	15.0	1.0
1.0	353.0	62.0	197.0	13.0	1.0
1.0	187.0	20.0	46.0	3.0	0.0
0.0	174.0	7.0	36.0	2.0	0.0
0.0	128.0	5.0	16.0	1.0	0.0
0.0	75.0	5.0	15.0	1.0	0.0
0.0	75.0	5.0	11.0	0.0	0.0
0.0	0.0	0.0	4.0	1.0	0.0
0.0	53.0	0.0	1.0	0.0	0.0
0.0	43.0	0.0	0.0	0.0	0.0
0.0	10.0	0.0	1.0	0.0	0.0
0.0	46.0	2.0	20.0	1.0	0.0
0.0	18.0	1.0	17.0	1.0	0.0
0.0	5.0	0.0	0.0	1.0	0.0
0.0	13.0	1.0	17.0	0.0	0.0
0.0	28.0	1.0	3.0	0.0	0.0
0.0	0.0	0.0	1.0	0.0	0.0
0.0	28.0	1.0	2.0	0.0	0.0
1.0	13.0	13.0	10.0	1.0	0.0
0.0	5.0	13.0	10.0	0.0	0.0
0.0	2.0	4.0	8.0	0.0	0.0
0.0	0.0	2.0	0.0	0.0	0.0
0.0	2.0	2.0	8.0	0.0	0.0
0.0	3.0	9.0	2.0	0.0	0.0
0.0	3.0	2.0	1.0	0.0	0.0
0.0	0.0	7.0	1.0	0.0	0.0
1.0	8.0	0.0	0.0	1.0	0.0
1.0	0.0	0.0	0.0	1.0	0.0
1.0	0.0	0.0	0.0	0.0	0.0
0.0	0.0	0.0	0.0	1.0	0.0
0.0	8.0	0.0	0.0	0.0	0.0
0.0	166.0	42.0	151.0	10.0	1.0
0.0	57.0	25.0	116.0	8.0	0.0
0.0	19.0	14.0	88.0	7.0	0.0
0.0	11.0	5.0	13.0	0.0	0.0
0.0	10.0	0.0	7.0	0.0	0.0
0.0	1.0	5.0	6.0	0.0	0.0
0.0	8.0	9.0	75.0	7.0	0.0
0.0	1.0	3.0	7.0	7.0	0.0
0.0	7.0	6.0	68.0	0.0	0.0
0.0	38.0	11.0	28.0	1.0	0.0
0.0	2.0	1.0	14.0	1.0	0.0
0.0	1.0	0.0	0.0	0.0	0.0
0.0	1.0	1.0	14.0	1.0	0.0
0.0	36.0	10.0	14.0	0.0	0.0
0.0	20.0	10.0	12.0	0.0	0.0
0.0	16.0	0.0	2.0	0.0	0.0
0.0	109.0	17.0	35.0	2.0	1.0
0.0	101.0	14.0	12.0	2.0	0.0
0.0	10.0	14.0	4.0	1.0	0.0
0.0	10.0	7.0	4.0	1.0	0.0
0.0	0.0	7.0	0.0	0.0	0.0
0.0	91.0	0.0	8.0	1.0	0.0
0.0	76.0	0.0	3.0	1.0	0.0
0.0	15.0	0.0	5.0	0.0	0.0
0.0	8.0	3.0	23.0	0.0	1.0
0.0	8.0	2.0	3.0	0.0	0.0
0.0	0.0	0.0	3.0	0.0	0.0
0.0	8.0	2.0	0.0	0.0	0.0
0.0	0.0	1.0	20.0	0.0	1.0
0.0	0.0	0.0	20.0	0.0	1.0
0.0	0.0	1.0	0.0	0.0	0.0
18.0	918.0	5.0	55.0	2.0	0.0
18.0	915.0	5.0	36.0	2.0	0.0
10.0	913.0	5.0	36.0	2.0	0.0
10.0	913.0	5.0	32.0	2.0	0.0
6.0	902.0	5.0	29.0	0.0	0.0
6.0	896.0	1.0	29.0	0.0	0.0
0.0	6.0	4.0	0.0	0.0	0.0
4.0	11.0	0.0	3.0	2.0	0.0
4.0	11.0	0.0	0.0	2.0	0.0
0.0	0.0	0.0	3.0	0.0	0.0
0.0	0.0	0.0	4.0	0.0	0.0
8.0	2.0	0.0	0.0	0.0	0.0
1.0	2.0	0.0	0.0	0.0	0.0
0.0	2.0	0.0	0.0	0.0	0.0
1.0	0.0	0.0	0.0	0.0	0.0
7.0	0.0	0.0	0.0	0.0	0.0
0.0	3.0	0.0	19.0	0.0	0.0
0.0	0.0	0.0	18.0	0.0	0.0
0.0	3.0	0.0	1.0	0.0	0.0
0.0	1.0	0.0	1.0	0.0	0.0
0.0	2.0	0.0	0.0	0.0	0.0
