# Sizes (NFeatures, Nclasses, NodeCount, MaxDepth)
14	6	147	12
# Classes
0.0	1.0	2.0	3.0	4.0	5.0
# Feature Names
Nrows	Ncols	Nnnz	AvgNnnz	Density	MaxRowNnnz	MinRowNnnz	StdRowNnnz	NDiags	NTrueDiags	AvgNnnzDia	AvgNnnzELL	AvgNnnzHyb	AvgNnnzHdc
# Left
1	2	3	-1	-1	6	7	8	9	-1	11	12	13	-1	15	-1	-1	18	19	20	21	-1	-1	-1	-1	-1	-1	-1	29	-1	-1	32	-1	34	-1	-1	37	38	39	40	-1	42	-1	44	-1	-1	47	-1	-1	-1	51	52	53	-1	-1	56	57	58	-1	60	61	62	-1	64	-1	-1	67	-1	-1	70	-1	-1	-1	74	75	-1	77	78	-1	80	-1	-1	83	84	-1	-1	-1	-1	89	90	-1	92	93	94	95	96	97	98	-1	-1	-1	102	-1	-1	-1	106	107	-1	-1	110	111	-1	-1	-1	-1	-1	117	118	119	-1	121	-1	123	-1	-1	126	-1	128	129	-1	-1	-1	133	134	135	136	-1	-1	-1	-1	141	142	143	-1	-1	-1	-1
# Right
36	5	4	-1	-1	31	28	27	10	-1	26	17	14	-1	16	-1	-1	25	24	23	22	-1	-1	-1	-1	-1	-1	-1	30	-1	-1	33	-1	35	-1	-1	50	49	46	41	-1	43	-1	45	-1	-1	48	-1	-1	-1	88	55	54	-1	-1	73	72	59	-1	69	66	63	-1	65	-1	-1	68	-1	-1	71	-1	-1	-1	87	76	-1	82	79	-1	81	-1	-1	86	85	-1	-1	-1	-1	116	91	-1	115	114	105	104	101	100	99	-1	-1	-1	103	-1	-1	-1	109	108	-1	-1	113	112	-1	-1	-1	-1	-1	132	125	120	-1	122	-1	124	-1	-1	127	-1	131	130	-1	-1	-1	140	139	138	137	-1	-1	-1	-1	146	145	144	-1	-1	-1	-1
# Threshold
0.5	0.0029740900499746203	0.7577880024909973	-2.0	-2.0	78977300.0	0.9818749725818634	10066.5	0.11103114485740662	-2.0	1.1723999977111816	2568.0	0.3557944893836975	-2.0	1.4858649969100952	-2.0	-2.0	10719.0	0.9427189826965332	0.9340839982032776	0.003430334967561066	-2.0	-2.0	-2.0	-2.0	-2.0	-2.0	-2.0	12.808949947357178	-2.0	-2.0	35909800.0	-2.0	37.0	-2.0	-2.0	0.003200834966264665	3.5	2.5	47954.5	-2.0	0.0001347880024695769	-2.0	0.44199150800704956	-2.0	-2.0	5.484179928316735e-05	-2.0	-2.0	-2.0	59655.0	3.5	0.5488654971122742	-2.0	-2.0	683501.5	0.9873084723949432	0.003794379997998476	-2.0	2724.0	479776.0	1594.5	-2.0	45.011749267578125	-2.0	-2.0	41.0	-2.0	-2.0	12.281650066375732	-2.0	-2.0	-2.0	0.0019494749722070992	31373.5	-2.0	0.5581855177879333	0.817036509513855	-2.0	552.0	-2.0	-2.0	1171680.0	5199.0	-2.0	-2.0	-2.0	-2.0	12.170300006866455	395.5	-2.0	82121700.0	0.8274945020675659	496007.0	13.0	0.631014496088028	0.004033704986795783	1325.5	-2.0	-2.0	-2.0	0.7350770235061646	-2.0	-2.0	-2.0	3661300.0	7.001049995422363	-2.0	-2.0	0.26226650178432465	0.3566575050354004	-2.0	-2.0	-2.0	-2.0	-2.0	0.4417559951543808	121170.0	155353.5	-2.0	14.55525016784668	-2.0	0.00021150599786778912	-2.0	-2.0	3090010.0	-2.0	20.485599517822266	7.5	-2.0	-2.0	-2.0	6051.5	0.5487725138664246	78288.0	9.119410037994385	-2.0	-2.0	-2.0	-2.0	48.01184844970703	0.4809964895248413	7.0	-2.0	-2.0	-2.0	-2.0
# Feature
9	11	12	-2	-2	2	13	5	11	-2	12	8	11	-2	7	-2	-2	8	12	12	4	-2	-2	-2	-2	-2	-2	-2	3	-2	-2	1	-2	5	-2	-2	11	6	6	8	-2	10	-2	13	-2	-2	4	-2	-2	-2	0	8	10	-2	-2	2	10	11	-2	5	2	5	-2	7	-2	-2	8	-2	-2	3	-2	-2	-2	4	0	-2	11	12	-2	8	-2	-2	2	8	-2	-2	-2	-2	3	8	-2	2	13	8	9	13	11	5	-2	-2	-2	13	-2	-2	-2	1	3	-2	-2	11	13	-2	-2	-2	-2	-2	11	8	0	-2	7	-2	4	-2	-2	2	-2	7	6	-2	-2	-2	8	13	0	7	-2	-2	-2	-2	7	11	9	-2	-2	-2	-2
# Values
119.0	1104.0	34.0	73.0	45.0	304.0
23.0	12.0	0.0	3.0	5.0	254.0
21.0	0.0	0.0	0.0	1.0	0.0
21.0	0.0	0.0	0.0	0.0	0.0
0.0	0.0	0.0	0.0	1.0	0.0
2.0	12.0	0.0	3.0	4.0	254.0
1.0	12.0	0.0	3.0	0.0	253.0
1.0	12.0	0.0	0.0	0.0	251.0
0.0	12.0	0.0	0.0	0.0	251.0
0.0	0.0	0.0	0.0	0.0	133.0
0.0	12.0	0.0	0.0	0.0	118.0
0.0	12.0	0.0	0.0	0.0	49.0
0.0	1.0	0.0	0.0	0.0	33.0
0.0	0.0	0.0	0.0	0.0	28.0
0.0	1.0	0.0	0.0	0.0	5.0
0.0	0.0	0.0	0.0	0.0	5.0
0.0	1.0	0.0	0.0	0.0	0.0
0.0	11.0	0.0	0.0	0.0	16.0
0.0	11.0	0.0	0.0	0.0	4.0
0.0	3.0	0.0	0.0	0.0	4.0
0.0	3.0	0.0	0.0	0.0	3.0
0.0	1.0	0.0	0.0	0.0	0.0
0.0	2.0	0.0	0.0	0.0	3.0
0.0	0.0	0.0	0.0	0.0	1.0
0.0	8.0	0.0	0.0	0.0	0.0
0.0	0.0	0.0	0.0	0.0	12.0
0.0	0.0	0.0	0.0	0.0	69.0
1.0	0.0	0.0	0.0	0.0	0.0
0.0	0.0	0.0	3.0	0.0	2.0
0.0	0.0	0.0	3.0	0.0	0.0
0.0	0.0	0.0	0.0	0.0	2.0
1.0	0.0	0.0	0.0	4.0	1.0
0.0	0.0	0.0	0.0	4.0	0.0
1.0	0.0	0.0	0.0	0.0	1.0
0.0	0.0	0.0	0.0	0.0	1.0
1.0	0.0	0.0	0.0	0.0	0.0
96.0	1092.0	34.0	70.0	40.0	50.0
77.0	0.0	0.0	0.0	9.0	0.0
77.0	0.0	0.0	0.0	4.0	0.0
75.0	0.0	0.0	0.0	3.0	0.0
44.0	0.0	0.0	0.0	0.0	0.0
31.0	0.0	0.0	0.0	3.0	0.0
30.0	0.0	0.0	0.0	0.0	0.0
1.0	0.0	0.0	0.0	3.0	0.0
0.0	0.0	0.0	0.0	3.0	0.0
1.0	0.0	0.0	0.0	0.0	0.0
2.0	0.0	0.0	0.0	1.0	0.0
0.0	0.0	0.0	0.0	1.0	0.0
2.0	0.0	0.0	0.0	0.0	0.0
0.0	0.0	0.0	0.0	5.0	0.0
19.0	1092.0	34.0	70.0	31.0	50.0
6.0	1006.0	25.0	6.0	1.0	13.0
2.0	0.0	22.0	0.0	0.0	0.0
2.0	0.0	0.0	0.0	0.0	0.0
0.0	0.0	22.0	0.0	0.0	0.0
4.0	1006.0	3.0	6.0	1.0	13.0
4.0	919.0	3.0	0.0	0.0	0.0
4.0	919.0	2.0	0.0	0.0	0.0
1.0	0.0	0.0	0.0	0.0	0.0
3.0	919.0	2.0	0.0	0.0	0.0
1.0	912.0	2.0	0.0	0.0	0.0
1.0	883.0	0.0	0.0	0.0	0.0
0.0	871.0	0.0	0.0	0.0	0.0
1.0	12.0	0.0	0.0	0.0	0.0
1.0	0.0	0.0	0.0	0.0	0.0
0.0	12.0	0.0	0.0	0.0	0.0
0.0	29.0	2.0	0.0	0.0	0.0
0.0	0.0	2.0	0.0	0.0	0.0
0.0	29.0	0.0	0.0	0.0	0.0
2.0	7.0	0.0	0.0	0.0	0.0
2.0	0.0	0.0	0.0	0.0	0.0
0.0	7.0	0.0	0.0	0.0	0.0
0.0	0.0	1.0	0.0	0.0	0.0
0.0	87.0	0.0	6.0	1.0	13.0
0.0	20.0	0.0	6.0	1.0	13.0
0.0	0.0	0.0	0.0	0.0	10.0
0.0	20.0	0.0	6.0	1.0	3.0
0.0	19.0	0.0	0.0	1.0	1.0
0.0	0.0	0.0	0.0	1.0	0.0
0.0	19.0	0.0	0.0	0.0	1.0
0.0	0.0	0.0	0.0	0.0	1.0
0.0	19.0	0.0	0.0	0.0	0.0
0.0	1.0	0.0	6.0	0.0	2.0
0.0	1.0	0.0	0.0	0.0	2.0
0.0	1.0	0.0	0.0	0.0	0.0
0.0	0.0	0.0	0.0	0.0	2.0
0.0	0.0	0.0	6.0	0.0	0.0
0.0	67.0	0.0	0.0	0.0	0.0
13.0	86.0	9.0	64.0	30.0	37.0
13.0	68.0	8.0	2.0	0.0	20.0
0.0	0.0	8.0	0.0	0.0	0.0
13.0	68.0	0.0	2.0	0.0	20.0
6.0	68.0	0.0	2.0	0.0	20.0
6.0	68.0	0.0	2.0	0.0	15.0
1.0	51.0	0.0	2.0	0.0	2.0
1.0	51.0	0.0	0.0	0.0	2.0
1.0	49.0	0.0	0.0	0.0	0.0
1.0	2.0	0.0	0.0	0.0	0.0
0.0	2.0	0.0	0.0	0.0	0.0
1.0	0.0	0.0	0.0	0.0	0.0
0.0	47.0	0.0	0.0	0.0	0.0
0.0	2.0	0.0	0.0	0.0	2.0
0.0	0.0	0.0	0.0	0.0	2.0
0.0	2.0	0.0	0.0	0.0	0.0
0.0	0.0	0.0	2.0	0.0	0.0
5.0	17.0	0.0	0.0	0.0	13.0
0.0	2.0	0.0	0.0	0.0	12.0
0.0	0.0	0.0	0.0	0.0	12.0
0.0	2.0	0.0	0.0	0.0	0.0
5.0	15.0	0.0	0.0	0.0	1.0
5.0	0.0	0.0	0.0	0.0	1.0
0.0	0.0	0.0	0.0	0.0	1.0
5.0	0.0	0.0	0.0	0.0	0.0
0.0	15.0	0.0	0.0	0.0	0.0
0.0	0.0	0.0	0.0	0.0	5.0
7.0	0.0	0.0	0.0	0.0	0.0
0.0	18.0	1.0	62.0	30.0	17.0
0.0	16.0	0.0	1.0	30.0	3.0
0.0	15.0	0.0	1.0	3.0	2.0
0.0	15.0	0.0	0.0	0.0	0.0
0.0	0.0	0.0	1.0	3.0	2.0
0.0	0.0	0.0	0.0	3.0	0.0
0.0	0.0	0.0	1.0	0.0	2.0
0.0	0.0	0.0	0.0	0.0	2.0
0.0	0.0	0.0	1.0	0.0	0.0
0.0	1.0	0.0	0.0	27.0	1.0
0.0	1.0	0.0	0.0	0.0	0.0
0.0	0.0	0.0	0.0	27.0	1.0
0.0	0.0	0.0	0.0	4.0	1.0
0.0	0.0	0.0	0.0	4.0	0.0
0.0	0.0	0.0	0.0	0.0	1.0
0.0	0.0	0.0	0.0	23.0	0.0
0.0	2.0	1.0	61.0	0.0	14.0
0.0	0.0	1.0	7.0	0.0	14.0
0.0	0.0	1.0	2.0	0.0	14.0
0.0	0.0	1.0	2.0	0.0	0.0
0.0	0.0	0.0	2.0	0.0	0.0
0.0	0.0	1.0	0.0	0.0	0.0
0.0	0.0	0.0	0.0	0.0	14.0
0.0	0.0	0.0	5.0	0.0	0.0
0.0	2.0	0.0	54.0	0.0	0.0
0.0	1.0	0.0	54.0	0.0	0.0
0.0	1.0	0.0	2.0	0.0	0.0
0.0	1.0	0.0	0.0	0.0	0.0
0.0	0.0	0.0	2.0	0.0	0.0
0.0	0.0	0.0	52.0	0.0	0.0
0.0	1.0	0.0	0.0	0.0	0.0
