# Sizes (NFeatures, Nclasses, NodeCount, MaxDepth)
14	6	175	12
# Classes
0.0	1.0	2.0	3.0	4.0	5.0
# Feature Names
Nrows	Ncols	Nnnz	AvgNnnz	Density	MaxRowNnnz	MinRowNnnz	StdRowNnnz	NDiags	NTrueDiags	AvgNnnzDia	AvgNnnzELL	AvgNnnzHyb	AvgNnnzHdc
# Left
1	2	-1	4	5	-1	7	8	9	-1	-1	12	-1	14	-1	-1	17	18	19	20	-1	22	-1	-1	25	-1	27	28	-1	30	-1	-1	-1	-1	35	36	37	-1	-1	-1	-1	-1	43	44	45	46	-1	-1	49	50	-1	-1	53	54	-1	56	-1	-1	-1	60	61	-1	-1	-1	65	66	67	68	69	-1	71	72	-1	-1	-1	76	77	78	79	-1	81	-1	-1	84	-1	-1	87	-1	-1	90	-1	-1	93	94	95	96	-1	-1	99	100	101	-1	-1	-1	105	-1	-1	-1	109	110	-1	112	-1	114	-1	-1	-1	-1	119	120	-1	122	123	124	125	126	-1	128	-1	-1	-1	132	-1	-1	-1	-1	137	138	139	140	-1	-1	143	144	-1	146	-1	-1	-1	150	151	-1	-1	-1	155	-1	157	158	159	-1	161	-1	-1	164	165	166	-1	168	-1	-1	-1	-1	173	-1	-1
# Right
42	3	-1	41	6	-1	16	11	10	-1	-1	13	-1	15	-1	-1	34	33	24	21	-1	23	-1	-1	26	-1	32	29	-1	31	-1	-1	-1	-1	40	39	38	-1	-1	-1	-1	-1	64	59	48	47	-1	-1	52	51	-1	-1	58	55	-1	57	-1	-1	-1	63	62	-1	-1	-1	118	117	92	75	70	-1	74	73	-1	-1	-1	89	86	83	80	-1	82	-1	-1	85	-1	-1	88	-1	-1	91	-1	-1	108	107	98	97	-1	-1	104	103	102	-1	-1	-1	106	-1	-1	-1	116	111	-1	113	-1	115	-1	-1	-1	-1	136	121	-1	135	134	131	130	127	-1	129	-1	-1	-1	133	-1	-1	-1	-1	154	149	142	141	-1	-1	148	145	-1	147	-1	-1	-1	153	152	-1	-1	-1	156	-1	172	163	160	-1	162	-1	-1	171	170	167	-1	169	-1	-1	-1	-1	174	-1	-1
# Threshold
0.5	0.003293955000117421	-2.0	0.9728734791278839	0.33376599848270416	-2.0	0.11508850008249283	0.6116144955158234	0.5369590222835541	-2.0	-2.0	66868450.0	-2.0	68896100.0	-2.0	-2.0	1.1004149913787842	1.0909149646759033	8.295965194702148	1.0481950044631958	-2.0	0.5	-2.0	-2.0	23084.0	-2.0	12471.0	16.378250122070312	-2.0	157657.5	-2.0	-2.0	-2.0	-2.0	19.776899337768555	0.0009826304740272462	0.0008836919732857496	-2.0	-2.0	-2.0	-2.0	-2.0	0.003823519917204976	17.617499828338623	0.00018870350322686136	0.003304095007479191	-2.0	-2.0	0.00023635550314793363	0.00033699849154800177	-2.0	-2.0	0.9952704906463623	0.0008456885116174817	-2.0	18206.0	-2.0	-2.0	-2.0	0.2250945046544075	49024.0	-2.0	-2.0	-2.0	113030.5	0.9873084723949432	886489.5	0.004599025007337332	0.2939309924840927	-2.0	2199.5	1680.5	-2.0	-2.0	-2.0	18.410850524902344	80697.5	727201.0	1594.5	-2.0	1666.5	-2.0	-2.0	742937.0	-2.0	-2.0	0.48080262227449566	-2.0	-2.0	0.7135429978370667	-2.0	-2.0	14.245649814605713	0.00205708498833701	0.0016772350063547492	13.714099884033203	-2.0	-2.0	0.6009379923343658	377.0	0.0007182445115176961	-2.0	-2.0	-2.0	90094.5	-2.0	-2.0	-2.0	132.5	37954.0	-2.0	39780.0	-2.0	0.5961125046014786	-2.0	-2.0	-2.0	-2.0	9.54963493347168	2.1723300218582153	-2.0	16389800.0	0.5016403119079769	2.489045023918152	2.581339955329895	3.4036049842834473	-2.0	155983.5	-2.0	-2.0	-2.0	0.25681599974632263	-2.0	-2.0	-2.0	-2.0	0.35157349705696106	0.0002537380059948191	3751715.0	34.62279450893402	-2.0	-2.0	90.44620132446289	1.2351950407028198	-2.0	676918.0	-2.0	-2.0	-2.0	186647.0	50.442548751831055	-2.0	-2.0	-2.0	41.0	-2.0	18.736249923706055	4.996020106773358e-05	40.5	-2.0	17.0	-2.0	-2.0	0.17324769496917725	75.0	122306000.0	-2.0	3155935.0	-2.0	-2.0	-2.0	-2.0	54.325199127197266	-2.0	-2.0
# Feature
9	11	-2	13	13	-2	11	12	13	-2	-2	2	-2	8	-2	-2	12	12	7	12	-2	6	-2	-2	2	-2	0	3	-2	2	-2	-2	-2	-2	7	10	10	-2	-2	-2	-2	-2	11	3	4	11	-2	-2	10	11	-2	-2	12	10	-2	1	-2	-2	-2	12	5	-2	-2	-2	0	10	2	11	13	-2	5	5	-2	-2	-2	12	1	2	5	-2	5	-2	-2	2	-2	-2	10	-2	-2	10	-2	-2	7	4	10	3	-2	-2	13	8	4	-2	-2	-2	0	-2	-2	-2	5	1	-2	1	-2	11	-2	-2	-2	-2	3	3	-2	0	10	12	7	3	-2	1	-2	-2	-2	11	-2	-2	-2	-2	11	10	2	7	-2	-2	3	12	-2	0	-2	-2	-2	1	7	-2	-2	-2	8	-2	12	10	5	-2	9	-2	-2	10	9	2	-2	0	-2	-2	-2	-2	3	-2	-2
# Values
127.0	1094.0	38.0	74.0	53.0	293.0
32.0	23.0	0.0	6.0	3.0	249.0
27.0	0.0	0.0	0.0	0.0	0.0
5.0	23.0	0.0	6.0	3.0	249.0
5.0	23.0	0.0	0.0	3.0	249.0
0.0	0.0	0.0	0.0	3.0	0.0
5.0	23.0	0.0	0.0	0.0	249.0
5.0	0.0	0.0	0.0	0.0	136.0
3.0	0.0	0.0	0.0	0.0	3.0
0.0	0.0	0.0	0.0	0.0	3.0
3.0	0.0	0.0	0.0	0.0	0.0
2.0	0.0	0.0	0.0	0.0	133.0
0.0	0.0	0.0	0.0	0.0	131.0
2.0	0.0	0.0	0.0	0.0	2.0
2.0	0.0	0.0	0.0	0.0	0.0
0.0	0.0	0.0	0.0	0.0	2.0
0.0	23.0	0.0	0.0	0.0	113.0
0.0	19.0	0.0	0.0	0.0	31.0
0.0	12.0	0.0	0.0	0.0	31.0
0.0	1.0	0.0	0.0	0.0	19.0
0.0	0.0	0.0	0.0	0.0	17.0
0.0	1.0	0.0	0.0	0.0	2.0
0.0	0.0	0.0	0.0	0.0	2.0
0.0	1.0	0.0	0.0	0.0	0.0
0.0	11.0	0.0	0.0	0.0	12.0
0.0	0.0	0.0	0.0	0.0	6.0
0.0	11.0	0.0	0.0	0.0	6.0
0.0	11.0	0.0	0.0	0.0	2.0
0.0	7.0	0.0	0.0	0.0	0.0
0.0	4.0	0.0	0.0	0.0	2.0
0.0	2.0	0.0	0.0	0.0	1.0
0.0	2.0	0.0	0.0	0.0	1.0
0.0	0.0	0.0	0.0	0.0	4.0
0.0	7.0	0.0	0.0	0.0	0.0
0.0	4.0	0.0	0.0	0.0	82.0
0.0	1.0	0.0	0.0	0.0	82.0
0.0	1.0	0.0	0.0	0.0	21.0
0.0	0.0	0.0	0.0	0.0	21.0
0.0	1.0	0.0	0.0	0.0	0.0
0.0	0.0	0.0	0.0	0.0	61.0
0.0	3.0	0.0	0.0	0.0	0.0
0.0	0.0	0.0	6.0	0.0	0.0
95.0	1071.0	38.0	68.0	50.0	44.0
84.0	2.0	0.0	0.0	21.0	0.0
81.0	2.0	0.0	0.0	11.0	0.0
55.0	2.0	0.0	0.0	0.0	0.0
55.0	0.0	0.0	0.0	0.0	0.0
0.0	2.0	0.0	0.0	0.0	0.0
26.0	0.0	0.0	0.0	11.0	0.0
1.0	0.0	0.0	0.0	8.0	0.0
1.0	0.0	0.0	0.0	0.0	0.0
0.0	0.0	0.0	0.0	8.0	0.0
25.0	0.0	0.0	0.0	3.0	0.0
25.0	0.0	0.0	0.0	2.0	0.0
20.0	0.0	0.0	0.0	0.0	0.0
5.0	0.0	0.0	0.0	2.0	0.0
5.0	0.0	0.0	0.0	0.0	0.0
0.0	0.0	0.0	0.0	2.0	0.0
0.0	0.0	0.0	0.0	1.0	0.0
3.0	0.0	0.0	0.0	10.0	0.0
3.0	0.0	0.0	0.0	1.0	0.0
3.0	0.0	0.0	0.0	0.0	0.0
0.0	0.0	0.0	0.0	1.0	0.0
0.0	0.0	0.0	0.0	9.0	0.0
11.0	1069.0	38.0	68.0	29.0	44.0
6.0	1024.0	32.0	15.0	0.0	18.0
6.0	1024.0	7.0	15.0	0.0	18.0
6.0	947.0	5.0	0.0	0.0	1.0
5.0	12.0	0.0	0.0	0.0	0.0
3.0	0.0	0.0	0.0	0.0	0.0
2.0	12.0	0.0	0.0	0.0	0.0
2.0	1.0	0.0	0.0	0.0	0.0
0.0	1.0	0.0	0.0	0.0	0.0
2.0	0.0	0.0	0.0	0.0	0.0
0.0	11.0	0.0	0.0	0.0	0.0
1.0	935.0	5.0	0.0	0.0	1.0
1.0	933.0	3.0	0.0	0.0	1.0
1.0	921.0	0.0	0.0	0.0	1.0
1.0	913.0	0.0	0.0	0.0	0.0
0.0	902.0	0.0	0.0	0.0	0.0
1.0	11.0	0.0	0.0	0.0	0.0
1.0	0.0	0.0	0.0	0.0	0.0
0.0	11.0	0.0	0.0	0.0	0.0
0.0	8.0	0.0	0.0	0.0	1.0
0.0	0.0	0.0	0.0	0.0	1.0
0.0	8.0	0.0	0.0	0.0	0.0
0.0	12.0	3.0	0.0	0.0	0.0
0.0	12.0	0.0	0.0	0.0	0.0
0.0	0.0	3.0	0.0	0.0	0.0
0.0	2.0	2.0	0.0	0.0	0.0
0.0	0.0	2.0	0.0	0.0	0.0
0.0	2.0	0.0	0.0	0.0	0.0
0.0	77.0	2.0	15.0	0.0	17.0
0.0	7.0	2.0	12.0	0.0	14.0
0.0	2.0	2.0	12.0	0.0	14.0
0.0	0.0	0.0	9.0	0.0	2.0
0.0	0.0	0.0	0.0	0.0	2.0
0.0	0.0	0.0	9.0	0.0	0.0
0.0	2.0	2.0	3.0	0.0	12.0
0.0	0.0	2.0	1.0	0.0	12.0
0.0	0.0	2.0	1.0	0.0	0.0
0.0	0.0	0.0	1.0	0.0	0.0
0.0	0.0	2.0	0.0	0.0	0.0
0.0	0.0	0.0	0.0	0.0	12.0
0.0	2.0	0.0	2.0	0.0	0.0
0.0	0.0	0.0	2.0	0.0	0.0
0.0	2.0	0.0	0.0	0.0	0.0
0.0	5.0	0.0	0.0	0.0	0.0
0.0	70.0	0.0	3.0	0.0	3.0
0.0	11.0	0.0	3.0	0.0	3.0
0.0	10.0	0.0	0.0	0.0	0.0
0.0	1.0	0.0	3.0	0.0	3.0
0.0	0.0	0.0	0.0	0.0	3.0
0.0	1.0	0.0	3.0	0.0	0.0
0.0	1.0	0.0	0.0	0.0	0.0
0.0	0.0	0.0	3.0	0.0	0.0
0.0	59.0	0.0	0.0	0.0	0.0
0.0	0.0	25.0	0.0	0.0	0.0
5.0	45.0	6.0	53.0	29.0	26.0
5.0	37.0	1.0	0.0	0.0	7.0
4.0	0.0	0.0	0.0	0.0	0.0
1.0	37.0	1.0	0.0	0.0	7.0
0.0	37.0	1.0	0.0	0.0	7.0
0.0	37.0	0.0	0.0	0.0	7.0
0.0	15.0	0.0	0.0	0.0	6.0
0.0	3.0	0.0	0.0	0.0	6.0
0.0	2.0	0.0	0.0	0.0	0.0
0.0	1.0	0.0	0.0	0.0	6.0
0.0	1.0	0.0	0.0	0.0	0.0
0.0	0.0	0.0	0.0	0.0	6.0
0.0	12.0	0.0	0.0	0.0	0.0
0.0	22.0	0.0	0.0	0.0	1.0
0.0	0.0	0.0	0.0	0.0	1.0
0.0	22.0	0.0	0.0	0.0	0.0
0.0	0.0	1.0	0.0	0.0	0.0
1.0	0.0	0.0	0.0	0.0	0.0
0.0	8.0	5.0	53.0	29.0	19.0
0.0	6.0	0.0	0.0	26.0	13.0
0.0	4.0	0.0	0.0	24.0	2.0
0.0	2.0	0.0	0.0	0.0	1.0
0.0	2.0	0.0	0.0	0.0	0.0
0.0	0.0	0.0	0.0	0.0	1.0
0.0	2.0	0.0	0.0	24.0	1.0
0.0	0.0	0.0	0.0	24.0	1.0
0.0	0.0	0.0	0.0	21.0	0.0
0.0	0.0	0.0	0.0	3.0	1.0
0.0	0.0	0.0	0.0	0.0	1.0
0.0	0.0	0.0	0.0	3.0	0.0
0.0	2.0	0.0	0.0	0.0	0.0
0.0	2.0	0.0	0.0	2.0	11.0
0.0	2.0	0.0	0.0	2.0	0.0
0.0	0.0	0.0	0.0	2.0	0.0
0.0	2.0	0.0	0.0	0.0	0.0
0.0	0.0	0.0	0.0	0.0	11.0
0.0	2.0	5.0	53.0	3.0	6.0
0.0	0.0	5.0	0.0	0.0	0.0
0.0	2.0	0.0	53.0	3.0	6.0
0.0	2.0	0.0	52.0	3.0	2.0
0.0	2.0	0.0	1.0	2.0	0.0
0.0	2.0	0.0	0.0	0.0	0.0
0.0	0.0	0.0	1.0	2.0	0.0
0.0	0.0	0.0	0.0	2.0	0.0
0.0	0.0	0.0	1.0	0.0	0.0
0.0	0.0	0.0	51.0	1.0	2.0
0.0	0.0	0.0	51.0	1.0	1.0
0.0	0.0	0.0	51.0	1.0	0.0
0.0	0.0	0.0	48.0	0.0	0.0
0.0	0.0	0.0	3.0	1.0	0.0
0.0	0.0	0.0	0.0	1.0	0.0
0.0	0.0	0.0	3.0	0.0	0.0
0.0	0.0	0.0	0.0	0.0	1.0
0.0	0.0	0.0	0.0	0.0	1.0
0.0	0.0	0.0	1.0	0.0	4.0
0.0	0.0	0.0	0.0	0.0	4.0
0.0	0.0	0.0	1.0	0.0	0.0
