# Sizes (NFeatures, Nclasses, NodeCount, MaxDepth)
14	6	151	12
# Classes
0.0	1.0	2.0	3.0	4.0	5.0
# Feature Names
Nrows	Ncols	Nnnz	AvgNnnz	Density	MaxRowNnnz	MinRowNnnz	StdRowNnnz	NDiags	NTrueDiags	AvgNnnzDia	AvgNnnzELL	AvgNnnzHyb	AvgNnnzHdc
# Left
1	2	3	-1	-1	6	7	8	9	-1	11	12	13	-1	15	16	-1	-1	-1	20	-1	-1	-1	-1	25	-1	-1	28	29	-1	-1	-1	33	34	35	36	37	38	-1	40	-1	-1	43	-1	-1	46	-1	-1	-1	50	-1	-1	53	54	55	56	57	-1	-1	60	61	62	-1	64	-1	-1	67	68	-1	70	-1	-1	73	-1	75	76	-1	-1	-1	-1	81	82	83	84	-1	-1	-1	88	-1	90	-1	-1	93	94	-1	96	-1	-1	99	-1	101	-1	-1	-1	105	106	107	108	-1	-1	111	112	113	114	-1	-1	-1	-1	-1	120	121	-1	-1	124	125	126	127	-1	-1	130	131	-1	-1	134	-1	-1	137	-1	-1	-1	141	142	-1	144	145	-1	-1	-1	149	-1	-1
# Right
32	5	4	-1	-1	27	24	23	10	-1	22	19	14	-1	18	17	-1	-1	-1	21	-1	-1	-1	-1	26	-1	-1	31	30	-1	-1	-1	52	49	48	45	42	39	-1	41	-1	-1	44	-1	-1	47	-1	-1	-1	51	-1	-1	104	103	80	59	58	-1	-1	79	66	63	-1	65	-1	-1	72	69	-1	71	-1	-1	74	-1	78	77	-1	-1	-1	-1	92	87	86	85	-1	-1	-1	89	-1	91	-1	-1	98	95	-1	97	-1	-1	100	-1	102	-1	-1	-1	140	119	110	109	-1	-1	118	117	116	115	-1	-1	-1	-1	-1	123	122	-1	-1	139	136	129	128	-1	-1	133	132	-1	-1	135	-1	-1	138	-1	-1	-1	148	143	-1	147	146	-1	-1	-1	150	-1	-1
# Threshold
0.5	0.004924059845507145	0.7710770070552826	-2.0	-2.0	59213500.0	0.9818749725818634	1.1724300384521484	0.10582014918327332	-2.0	10719.0	22911.0	0.0010995095362886786	-2.0	635.5	430.5	-2.0	-2.0	-2.0	0.3422999978065491	-2.0	-2.0	-2.0	-2.0	0.3811350017786026	-2.0	-2.0	8.302995204925537	2.089500069618225	-2.0	-2.0	-2.0	0.003629394923336804	3.5	25.955100059509277	0.4316685050725937	2.5	137.60900115966797	-2.0	0.27469049394130707	-2.0	-2.0	48.8577995300293	-2.0	-2.0	0.43488599359989166	-2.0	-2.0	-2.0	6.746580123901367	-2.0	-2.0	3489500.0	0.9873084723949432	683501.5	3.5	3320.5	-2.0	-2.0	517.0805130004883	0.004590390017256141	6268.0	-2.0	0.004446825012564659	-2.0	-2.0	1365.5	479776.0	-2.0	127.0	-2.0	-2.0	0.0002842344983946532	-2.0	8.331655025482178	29.303799152374268	-2.0	-2.0	-2.0	-2.0	38.5	1.7865300178527832	395300.5	13.996799945831299	-2.0	-2.0	-2.0	5.5	-2.0	0.2675766460597515	-2.0	-2.0	2.163105010986328	0.5109134912490845	-2.0	0.0010398114973213524	-2.0	-2.0	21349.0	-2.0	18.0	-2.0	-2.0	-2.0	323.0	9.071755170822144	8.5	0.49625313794240355	-2.0	-2.0	6291455.0	7.003415107727051	5350540.0	4.127335071563721	-2.0	-2.0	-2.0	-2.0	-2.0	981.0	0.037401750683784485	-2.0	-2.0	489947.0	162.0	0.9115794897079468	9.227110240317415e-06	-2.0	-2.0	32921600.0	19.389249801635742	-2.0	-2.0	0.7602345049381256	-2.0	-2.0	0.0004899085033684969	-2.0	-2.0	-2.0	0.0004175134963588789	35499.5	-2.0	5371295.0	0.0002591960001154803	-2.0	-2.0	-2.0	1.8401700258255005	-2.0	-2.0
# Feature
9	11	12	-2	-2	2	13	12	11	-2	8	2	10	-2	8	8	-2	-2	-2	11	-2	-2	-2	-2	11	-2	-2	3	3	-2	-2	-2	11	6	3	13	6	7	-2	12	-2	-2	7	-2	-2	13	-2	-2	-2	3	-2	-2	2	10	2	8	2	-2	-2	12	11	8	-2	11	-2	-2	5	2	-2	8	-2	-2	4	-2	3	7	-2	-2	-2	-2	5	12	1	7	-2	-2	-2	9	-2	10	-2	-2	12	13	-2	4	-2	-2	0	-2	9	-2	-2	-2	5	3	5	10	-2	-2	0	3	8	3	-2	-2	-2	-2	-2	8	10	-2	-2	8	5	7	4	-2	-2	2	7	-2	-2	13	-2	-2	4	-2	-2	-2	4	8	-2	2	4	-2	-2	-2	12	-2	-2
# Values
126.0	1074.0	36.0	63.0	61.0	319.0
23.0	14.0	0.0	6.0	9.0	266.0
21.0	0.0	0.0	0.0	1.0	0.0
21.0	0.0	0.0	0.0	0.0	0.0
0.0	0.0	0.0	0.0	1.0	0.0
2.0	14.0	0.0	6.0	8.0	266.0
0.0	14.0	0.0	6.0	0.0	265.0
0.0	14.0	0.0	0.0	0.0	263.0
0.0	14.0	0.0	0.0	0.0	132.0
0.0	0.0	0.0	0.0	0.0	91.0
0.0	14.0	0.0	0.0	0.0	41.0
0.0	14.0	0.0	0.0	0.0	21.0
0.0	4.0	0.0	0.0	0.0	20.0
0.0	2.0	0.0	0.0	0.0	0.0
0.0	2.0	0.0	0.0	0.0	20.0
0.0	2.0	0.0	0.0	0.0	6.0
0.0	0.0	0.0	0.0	0.0	6.0
0.0	2.0	0.0	0.0	0.0	0.0
0.0	0.0	0.0	0.0	0.0	14.0
0.0	10.0	0.0	0.0	0.0	1.0
0.0	10.0	0.0	0.0	0.0	0.0
0.0	0.0	0.0	0.0	0.0	1.0
0.0	0.0	0.0	0.0	0.0	20.0
0.0	0.0	0.0	0.0	0.0	131.0
0.0	0.0	0.0	6.0	0.0	2.0
0.0	0.0	0.0	0.0	0.0	2.0
0.0	0.0	0.0	6.0	0.0	0.0
2.0	0.0	0.0	0.0	8.0	1.0
2.0	0.0	0.0	0.0	0.0	1.0
0.0	0.0	0.0	0.0	0.0	1.0
2.0	0.0	0.0	0.0	0.0	0.0
0.0	0.0	0.0	0.0	8.0	0.0
103.0	1060.0	36.0	57.0	52.0	53.0
86.0	0.0	0.0	0.0	11.0	0.0
85.0	0.0	0.0	0.0	8.0	0.0
85.0	0.0	0.0	0.0	7.0	0.0
72.0	0.0	0.0	0.0	2.0	0.0
69.0	0.0	0.0	0.0	1.0	0.0
46.0	0.0	0.0	0.0	0.0	0.0
23.0	0.0	0.0	0.0	1.0	0.0
23.0	0.0	0.0	0.0	0.0	0.0
0.0	0.0	0.0	0.0	1.0	0.0
3.0	0.0	0.0	0.0	1.0	0.0
0.0	0.0	0.0	0.0	1.0	0.0
3.0	0.0	0.0	0.0	0.0	0.0
13.0	0.0	0.0	0.0	5.0	0.0
0.0	0.0	0.0	0.0	5.0	0.0
13.0	0.0	0.0	0.0	0.0	0.0
0.0	0.0	0.0	0.0	1.0	0.0
1.0	0.0	0.0	0.0	3.0	0.0
1.0	0.0	0.0	0.0	0.0	0.0
0.0	0.0	0.0	0.0	3.0	0.0
17.0	1060.0	36.0	57.0	41.0	53.0
10.0	1019.0	35.0	13.0	0.0	20.0
10.0	1019.0	8.0	13.0	0.0	20.0
10.0	929.0	6.0	0.0	0.0	1.0
4.0	0.0	1.0	0.0	0.0	0.0
4.0	0.0	0.0	0.0	0.0	0.0
0.0	0.0	1.0	0.0	0.0	0.0
6.0	929.0	5.0	0.0	0.0	1.0
6.0	929.0	2.0	0.0	0.0	1.0
5.0	7.0	0.0	0.0	0.0	0.0
4.0	0.0	0.0	0.0	0.0	0.0
1.0	7.0	0.0	0.0	0.0	0.0
0.0	7.0	0.0	0.0	0.0	0.0
1.0	0.0	0.0	0.0	0.0	0.0
1.0	922.0	2.0	0.0	0.0	1.0
0.0	901.0	2.0	0.0	0.0	0.0
0.0	874.0	0.0	0.0	0.0	0.0
0.0	27.0	2.0	0.0	0.0	0.0
0.0	0.0	2.0	0.0	0.0	0.0
0.0	27.0	0.0	0.0	0.0	0.0
1.0	21.0	0.0	0.0	0.0	1.0
0.0	0.0	0.0	0.0	0.0	1.0
1.0	21.0	0.0	0.0	0.0	0.0
1.0	2.0	0.0	0.0	0.0	0.0
0.0	2.0	0.0	0.0	0.0	0.0
1.0	0.0	0.0	0.0	0.0	0.0
0.0	19.0	0.0	0.0	0.0	0.0
0.0	0.0	3.0	0.0	0.0	0.0
0.0	90.0	2.0	13.0	0.0	19.0
0.0	5.0	2.0	11.0	0.0	8.0
0.0	1.0	0.0	1.0	0.0	8.0
0.0	0.0	0.0	1.0	0.0	8.0
0.0	0.0	0.0	0.0	0.0	8.0
0.0	0.0	0.0	1.0	0.0	0.0
0.0	1.0	0.0	0.0	0.0	0.0
0.0	4.0	2.0	10.0	0.0	0.0
0.0	4.0	0.0	0.0	0.0	0.0
0.0	0.0	2.0	10.0	0.0	0.0
0.0	0.0	0.0	10.0	0.0	0.0
0.0	0.0	2.0	0.0	0.0	0.0
0.0	85.0	0.0	2.0	0.0	11.0
0.0	81.0	0.0	0.0	0.0	4.0
0.0	63.0	0.0	0.0	0.0	0.0
0.0	18.0	0.0	0.0	0.0	4.0
0.0	18.0	0.0	0.0	0.0	0.0
0.0	0.0	0.0	0.0	0.0	4.0
0.0	4.0	0.0	2.0	0.0	7.0
0.0	4.0	0.0	0.0	0.0	0.0
0.0	0.0	0.0	2.0	0.0	7.0
0.0	0.0	0.0	2.0	0.0	0.0
0.0	0.0	0.0	0.0	0.0	7.0
0.0	0.0	27.0	0.0	0.0	0.0
7.0	41.0	1.0	44.0	41.0	33.0
7.0	19.0	1.0	44.0	12.0	31.0
7.0	16.0	1.0	0.0	0.0	9.0
0.0	10.0	1.0	0.0	0.0	0.0
0.0	10.0	0.0	0.0	0.0	0.0
0.0	0.0	1.0	0.0	0.0	0.0
7.0	6.0	0.0	0.0	0.0	9.0
0.0	6.0	0.0	0.0	0.0	9.0
0.0	3.0	0.0	0.0	0.0	9.0
0.0	1.0	0.0	0.0	0.0	9.0
0.0	1.0	0.0	0.0	0.0	0.0
0.0	0.0	0.0	0.0	0.0	9.0
0.0	2.0	0.0	0.0	0.0	0.0
0.0	3.0	0.0	0.0	0.0	0.0
7.0	0.0	0.0	0.0	0.0	0.0
0.0	3.0	0.0	44.0	12.0	22.0
0.0	0.0	0.0	1.0	0.0	12.0
0.0	0.0	0.0	1.0	0.0	0.0
0.0	0.0	0.0	0.0	0.0	12.0
0.0	3.0	0.0	43.0	12.0	10.0
0.0	3.0	0.0	43.0	6.0	10.0
0.0	0.0	0.0	43.0	6.0	5.0
0.0	0.0	0.0	1.0	0.0	4.0
0.0	0.0	0.0	1.0	0.0	0.0
0.0	0.0	0.0	0.0	0.0	4.0
0.0	0.0	0.0	42.0	6.0	1.0
0.0	0.0	0.0	36.0	0.0	1.0
0.0	0.0	0.0	36.0	0.0	0.0
0.0	0.0	0.0	0.0	0.0	1.0
0.0	0.0	0.0	6.0	6.0	0.0
0.0	0.0	0.0	0.0	6.0	0.0
0.0	0.0	0.0	6.0	0.0	0.0
0.0	3.0	0.0	0.0	0.0	5.0
0.0	0.0	0.0	0.0	0.0	5.0
0.0	3.0	0.0	0.0	0.0	0.0
0.0	0.0	0.0	0.0	6.0	0.0
0.0	22.0	0.0	0.0	29.0	2.0
0.0	0.0	0.0	0.0	28.0	2.0
0.0	0.0	0.0	0.0	0.0	1.0
0.0	0.0	0.0	0.0	28.0	1.0
0.0	0.0	0.0	0.0	4.0	1.0
0.0	0.0	0.0	0.0	0.0	1.0
0.0	0.0	0.0	0.0	4.0	0.0
0.0	0.0	0.0	0.0	24.0	0.0
0.0	22.0	0.0	0.0	1.0	0.0
0.0	22.0	0.0	0.0	0.0	0.0
0.0	0.0	0.0	0.0	1.0	0.0
