# Sizes (NFeatures, Nclasses, NodeCount, MaxDepth)
14	6	175	14
# Classes
0.0	1.0	2.0	3.0	4.0	5.0
# Feature Names
Nrows	Ncols	Nnnz	AvgNnnz	Density	MaxRowNnnz	MinRowNnnz	StdRowNnnz	NDiags	NTrueDiags	AvgNnnzDia	AvgNnnzELL	AvgNnnzHyb	AvgNnnzHdc
# Left
1	2	3	4	-1	6	7	-1	9	-1	11	12	-1	14	15	-1	-1	18	-1	20	21	22	-1	-1	-1	-1	-1	28	-1	-1	31	-1	-1	34	-1	-1	37	38	39	40	-1	42	-1	-1	45	-1	-1	48	49	-1	51	52	-1	-1	-1	56	-1	58	-1	60	-1	62	-1	64	-1	-1	67	68	69	70	71	-1	-1	74	75	76	-1	-1	-1	80	81	82	-1	84	-1	-1	87	-1	-1	90	-1	-1	93	94	95	-1	97	-1	-1	100	-1	-1	103	104	105	-1	-1	108	-1	110	-1	112	-1	-1	-1	-1	117	118	119	120	-1	-1	123	-1	125	-1	-1	128	129	-1	131	132	-1	-1	135	-1	-1	-1	139	140	141	142	-1	-1	145	-1	147	148	149	-1	-1	-1	-1	154	155	-1	-1	-1	159	160	161	162	163	-1	-1	-1	-1	168	169	-1	-1	-1	173	-1	-1
# Right
36	33	30	5	-1	27	8	-1	10	-1	26	13	-1	17	16	-1	-1	19	-1	25	24	23	-1	-1	-1	-1	-1	29	-1	-1	32	-1	-1	35	-1	-1	66	47	44	41	-1	43	-1	-1	46	-1	-1	55	50	-1	54	53	-1	-1	-1	57	-1	59	-1	61	-1	63	-1	65	-1	-1	116	115	92	73	72	-1	-1	79	78	77	-1	-1	-1	89	86	83	-1	85	-1	-1	88	-1	-1	91	-1	-1	102	99	96	-1	98	-1	-1	101	-1	-1	114	107	106	-1	-1	109	-1	111	-1	113	-1	-1	-1	-1	138	127	122	121	-1	-1	124	-1	126	-1	-1	137	130	-1	134	133	-1	-1	136	-1	-1	-1	158	153	144	143	-1	-1	146	-1	152	151	150	-1	-1	-1	-1	157	156	-1	-1	-1	172	167	166	165	164	-1	-1	-1	-1	171	170	-1	-1	-1	174	-1	-1
# Threshold
0.5	2327.5	59213500.0	0.0029740900499746203	-2.0	0.9829099774360657	0.12484249472618103	-2.0	0.13055399805307388	-2.0	1.1723999977111816	0.38594549894332886	-2.0	0.4597475081682205	1137.5	-2.0	-2.0	14.88474988937378	-2.0	0.006841959897428751	9386.5	0.0034793999511748552	-2.0	-2.0	-2.0	-2.0	-2.0	1.8163250388170127e-05	-2.0	-2.0	2.242718517780304	-2.0	-2.0	0.743395984172821	-2.0	-2.0	0.003825205028988421	7.6150147914886475	0.9160179793834686	2.5	-2.0	5.484179928316735e-05	-2.0	-2.0	2350000.5	-2.0	-2.0	45860.0	7.757644891738892	-2.0	0.0017091999761760235	0.0008456819923594594	-2.0	-2.0	-2.0	9.42738962173462	-2.0	0.12032350152730942	-2.0	2.0	-2.0	0.44199150800704956	-2.0	11.0	-2.0	-2.0	113030.5	0.9873084723949432	683501.5	2.0	0.25002690785004233	-2.0	-2.0	0.004547294927760959	0.004445695085451007	0.2922934889793396	-2.0	-2.0	-2.0	0.891525000333786	18.410850524902344	51464.0	-2.0	728.0	-2.0	-2.0	151802.0	-2.0	-2.0	314604.5	-2.0	-2.0	71.0	2.169550061225891	881669.0	-2.0	3.0	-2.0	-2.0	806430.0	-2.0	-2.0	0.0018886049510911107	0.003563540056347847	0.0017568999901413918	-2.0	-2.0	58660.5	-2.0	0.009399710223078728	-2.0	4499.0	-2.0	-2.0	-2.0	-2.0	8.690680027008057	2.5	2.4744850397109985	2.1183199882507324	-2.0	-2.0	2888155.0	-2.0	29190850.0	-2.0	-2.0	0.990977019071579	8.54334501809717e-07	-2.0	6.0	2.2667000393994385e-05	-2.0	-2.0	0.7717954814434052	-2.0	-2.0	-2.0	0.38368000090122223	43.65840148925781	99.5	4.5	-2.0	-2.0	0.0001427175011485815	-2.0	0.00026826499379239976	3.0	51.69370079040527	-2.0	-2.0	-2.0	-2.0	0.0015714149922132492	46.5	-2.0	-2.0	-2.0	0.024617750197649002	2.793139992718352e-05	2.046000054178876e-05	30941950.0	1222342.5	-2.0	-2.0	-2.0	-2.0	5.0	2.0	-2.0	-2.0	-2.0	8.279585123062134	-2.0	-2.0
# Feature
9	5	2	11	-2	13	11	-2	11	-2	12	13	-2	13	2	-2	-2	7	-2	10	8	4	-2	-2	-2	-2	-2	4	-2	-2	7	-2	-2	12	-2	-2	11	3	12	6	-2	4	-2	-2	0	-2	-2	1	3	-2	11	10	-2	-2	-2	3	-2	12	-2	9	-2	13	-2	9	-2	-2	1	10	2	5	4	-2	-2	11	11	13	-2	-2	-2	10	12	8	-2	5	-2	-2	2	-2	-2	2	-2	-2	5	12	2	-2	9	-2	-2	2	-2	-2	4	10	4	-2	-2	1	-2	10	-2	8	-2	-2	-2	-2	3	9	3	3	-2	-2	1	-2	2	-2	-2	11	4	-2	9	4	-2	-2	11	-2	-2	-2	11	7	5	9	-2	-2	10	-2	4	6	3	-2	-2	-2	-2	10	9	-2	-2	-2	10	4	4	2	0	-2	-2	-2	-2	9	9	-2	-2	-2	12	-2	-2
# Values
125.0	1119.0	38.0	48.0	65.0	284.0
24.0	13.0	0.0	2.0	7.0	241.0
3.0	13.0	0.0	2.0	3.0	241.0
2.0	13.0	0.0	2.0	0.0	241.0
2.0	0.0	0.0	0.0	0.0	0.0
0.0	13.0	0.0	2.0	0.0	241.0
0.0	13.0	0.0	0.0	0.0	239.0
0.0	0.0	0.0	0.0	0.0	133.0
0.0	13.0	0.0	0.0	0.0	106.0
0.0	5.0	0.0	0.0	0.0	0.0
0.0	8.0	0.0	0.0	0.0	106.0
0.0	8.0	0.0	0.0	0.0	38.0
0.0	0.0	0.0	0.0	0.0	17.0
0.0	8.0	0.0	0.0	0.0	21.0
0.0	4.0	0.0	0.0	0.0	1.0
0.0	0.0	0.0	0.0	0.0	1.0
0.0	4.0	0.0	0.0	0.0	0.0
0.0	4.0	0.0	0.0	0.0	20.0
0.0	0.0	0.0	0.0	0.0	14.0
0.0	4.0	0.0	0.0	0.0	6.0
0.0	2.0	0.0	0.0	0.0	6.0
0.0	2.0	0.0	0.0	0.0	3.0
0.0	1.0	0.0	0.0	0.0	1.0
0.0	1.0	0.0	0.0	0.0	2.0
0.0	0.0	0.0	0.0	0.0	3.0
0.0	2.0	0.0	0.0	0.0	0.0
0.0	0.0	0.0	0.0	0.0	68.0
0.0	0.0	0.0	2.0	0.0	2.0
0.0	0.0	0.0	0.0	0.0	2.0
0.0	0.0	0.0	2.0	0.0	0.0
1.0	0.0	0.0	0.0	3.0	0.0
1.0	0.0	0.0	0.0	0.0	0.0
0.0	0.0	0.0	0.0	3.0	0.0
21.0	0.0	0.0	0.0	4.0	0.0
21.0	0.0	0.0	0.0	0.0	0.0
0.0	0.0	0.0	0.0	4.0	0.0
101.0	1106.0	38.0	46.0	58.0	43.0
85.0	1.0	0.0	0.0	24.0	0.0
52.0	1.0	0.0	0.0	2.0	0.0
52.0	0.0	0.0	0.0	1.0	0.0
49.0	0.0	0.0	0.0	0.0	0.0
3.0	0.0	0.0	0.0	1.0	0.0
0.0	0.0	0.0	0.0	1.0	0.0
3.0	0.0	0.0	0.0	0.0	0.0
0.0	1.0	0.0	0.0	1.0	0.0
0.0	0.0	0.0	0.0	1.0	0.0
0.0	1.0	0.0	0.0	0.0	0.0
33.0	0.0	0.0	0.0	22.0	0.0
23.0	0.0	0.0	0.0	3.0	0.0
0.0	0.0	0.0	0.0	2.0	0.0
23.0	0.0	0.0	0.0	1.0	0.0
7.0	0.0	0.0	0.0	1.0	0.0
7.0	0.0	0.0	0.0	0.0	0.0
0.0	0.0	0.0	0.0	1.0	0.0
16.0	0.0	0.0	0.0	0.0	0.0
10.0	0.0	0.0	0.0	19.0	0.0
5.0	0.0	0.0	0.0	0.0	0.0
5.0	0.0	0.0	0.0	19.0	0.0
3.0	0.0	0.0	0.0	0.0	0.0
2.0	0.0	0.0	0.0	19.0	0.0
1.0	0.0	0.0	0.0	0.0	0.0
1.0	0.0	0.0	0.0	19.0	0.0
0.0	0.0	0.0	0.0	18.0	0.0
1.0	0.0	0.0	0.0	1.0	0.0
1.0	0.0	0.0	0.0	0.0	0.0
0.0	0.0	0.0	0.0	1.0	0.0
16.0	1105.0	38.0	46.0	34.0	43.0
10.0	1062.0	35.0	10.0	0.0	16.0
10.0	1062.0	7.0	10.0	0.0	16.0
10.0	968.0	6.0	0.0	0.0	1.0
2.0	0.0	1.0	0.0	0.0	0.0
0.0	0.0	1.0	0.0	0.0	0.0
2.0	0.0	0.0	0.0	0.0	0.0
8.0	968.0	5.0	0.0	0.0	1.0
8.0	21.0	0.0	0.0	0.0	0.0
2.0	21.0	0.0	0.0	0.0	0.0
2.0	0.0	0.0	0.0	0.0	0.0
0.0	21.0	0.0	0.0	0.0	0.0
6.0	0.0	0.0	0.0	0.0	0.0
0.0	947.0	5.0	0.0	0.0	1.0
0.0	933.0	1.0	0.0	0.0	1.0
0.0	927.0	0.0	0.0	0.0	1.0
0.0	918.0	0.0	0.0	0.0	0.0
0.0	9.0	0.0	0.0	0.0	1.0
0.0	9.0	0.0	0.0	0.0	0.0
0.0	0.0	0.0	0.0	0.0	1.0
0.0	6.0	1.0	0.0	0.0	0.0
0.0	6.0	0.0	0.0	0.0	0.0
0.0	0.0	1.0	0.0	0.0	0.0
0.0	14.0	4.0	0.0	0.0	0.0
0.0	14.0	0.0	0.0	0.0	0.0
0.0	0.0	4.0	0.0	0.0	0.0
0.0	94.0	1.0	10.0	0.0	15.0
0.0	4.0	0.0	8.0	0.0	8.0
0.0	1.0	0.0	8.0	0.0	2.0
0.0	0.0	0.0	0.0	0.0	2.0
0.0	1.0	0.0	8.0	0.0	0.0
0.0	1.0	0.0	0.0	0.0	0.0
0.0	0.0	0.0	8.0	0.0	0.0
0.0	3.0	0.0	0.0	0.0	6.0
0.0	3.0	0.0	0.0	0.0	0.0
0.0	0.0	0.0	0.0	0.0	6.0
0.0	90.0	1.0	2.0	0.0	7.0
0.0	20.0	1.0	2.0	0.0	7.0
0.0	19.0	0.0	0.0	0.0	1.0
0.0	19.0	0.0	0.0	0.0	0.0
0.0	0.0	0.0	0.0	0.0	1.0
0.0	1.0	1.0	2.0	0.0	6.0
0.0	0.0	0.0	0.0	0.0	6.0
0.0	1.0	1.0	2.0	0.0	0.0
0.0	0.0	0.0	2.0	0.0	0.0
0.0	1.0	1.0	0.0	0.0	0.0
0.0	0.0	1.0	0.0	0.0	0.0
0.0	1.0	0.0	0.0	0.0	0.0
0.0	70.0	0.0	0.0	0.0	0.0
0.0	0.0	28.0	0.0	0.0	0.0
6.0	43.0	3.0	36.0	34.0	27.0
6.0	31.0	2.0	0.0	0.0	13.0
3.0	23.0	0.0	0.0	0.0	1.0
3.0	3.0	0.0	0.0	0.0	0.0
0.0	3.0	0.0	0.0	0.0	0.0
3.0	0.0	0.0	0.0	0.0	0.0
0.0	20.0	0.0	0.0	0.0	1.0
0.0	15.0	0.0	0.0	0.0	0.0
0.0	5.0	0.0	0.0	0.0	1.0
0.0	0.0	0.0	0.0	0.0	1.0
0.0	5.0	0.0	0.0	0.0	0.0
3.0	8.0	2.0	0.0	0.0	12.0
3.0	3.0	2.0	0.0	0.0	12.0
3.0	0.0	0.0	0.0	0.0	0.0
0.0	3.0	2.0	0.0	0.0	12.0
0.0	2.0	0.0	0.0	0.0	12.0
0.0	0.0	0.0	0.0	0.0	12.0
0.0	2.0	0.0	0.0	0.0	0.0
0.0	1.0	2.0	0.0	0.0	0.0
0.0	1.0	0.0	0.0	0.0	0.0
0.0	0.0	2.0	0.0	0.0	0.0
0.0	5.0	0.0	0.0	0.0	0.0
0.0	12.0	1.0	36.0	34.0	14.0
0.0	11.0	0.0	2.0	30.0	8.0
0.0	3.0	0.0	2.0	29.0	7.0
0.0	3.0	0.0	2.0	0.0	0.0
0.0	3.0	0.0	0.0	0.0	0.0
0.0	0.0	0.0	2.0	0.0	0.0
0.0	0.0	0.0	0.0	29.0	7.0
0.0	0.0	0.0	0.0	15.0	0.0
0.0	0.0	0.0	0.0	14.0	7.0
0.0	0.0	0.0	0.0	5.0	7.0
0.0	0.0	0.0	0.0	5.0	1.0
0.0	0.0	0.0	0.0	5.0	0.0
0.0	0.0	0.0	0.0	0.0	1.0
0.0	0.0	0.0	0.0	0.0	6.0
0.0	0.0	0.0	0.0	9.0	0.0
0.0	8.0	0.0	0.0	1.0	1.0
0.0	8.0	0.0	0.0	1.0	0.0
0.0	8.0	0.0	0.0	0.0	0.0
0.0	0.0	0.0	0.0	1.0	0.0
0.0	0.0	0.0	0.0	0.0	1.0
0.0	1.0	1.0	34.0	4.0	6.0
0.0	1.0	0.0	34.0	4.0	1.0
0.0	0.0	0.0	2.0	4.0	1.0
0.0	0.0	0.0	2.0	1.0	1.0
0.0	0.0	0.0	0.0	1.0	1.0
0.0	0.0	0.0	0.0	0.0	1.0
0.0	0.0	0.0	0.0	1.0	0.0
0.0	0.0	0.0	2.0	0.0	0.0
0.0	0.0	0.0	0.0	3.0	0.0
0.0	1.0	0.0	32.0	0.0	0.0
0.0	1.0	0.0	1.0	0.0	0.0
0.0	0.0	0.0	1.0	0.0	0.0
0.0	1.0	0.0	0.0	0.0	0.0
0.0	0.0	0.0	31.0	0.0	0.0
0.0	0.0	1.0	0.0	0.0	5.0
0.0	0.0	1.0	0.0	0.0	0.0
0.0	0.0	0.0	0.0	0.0	5.0
