# Sizes (NFeatures, Nclasses, NodeCount, MaxDepth)
14	6	165	11
# Classes
0.0	1.0	2.0	3.0	4.0	5.0
# Feature Names
Nrows	Ncols	Nnnz	AvgNnnz	Density	MaxRowNnnz	MinRowNnnz	StdRowNnnz	NDiags	NTrueDiags	AvgNnnzDia	AvgNnnzELL	AvgNnnzHyb	AvgNnnzHdc
# Left
1	2	3	-1	-1	6	7	8	9	-1	-1	12	13	14	-1	-1	-1	18	19	-1	-1	-1	23	24	25	26	-1	28	-1	-1	-1	-1	-1	34	-1	36	-1	-1	39	40	41	42	-1	-1	-1	46	47	48	-1	-1	51	52	-1	-1	55	56	57	58	-1	60	-1	-1	63	-1	-1	66	-1	-1	69	70	71	-1	-1	74	-1	-1	77	78	-1	-1	-1	-1	83	84	85	-1	87	-1	-1	-1	91	92	93	94	95	-1	97	98	-1	-1	-1	102	103	-1	105	-1	-1	-1	109	-1	111	-1	-1	114	115	116	117	-1	-1	-1	-1	122	-1	124	-1	126	-1	-1	129	130	-1	132	133	134	135	-1	-1	-1	139	-1	-1	142	143	-1	-1	-1	147	148	-1	150	151	152	-1	-1	155	-1	157	-1	-1	-1	161	162	-1	-1	-1
# Right
38	5	4	-1	-1	33	22	11	10	-1	-1	17	16	15	-1	-1	-1	21	20	-1	-1	-1	32	31	30	27	-1	29	-1	-1	-1	-1	-1	35	-1	37	-1	-1	82	45	44	43	-1	-1	-1	81	50	49	-1	-1	54	53	-1	-1	68	65	62	59	-1	61	-1	-1	64	-1	-1	67	-1	-1	76	73	72	-1	-1	75	-1	-1	80	79	-1	-1	-1	-1	90	89	86	-1	88	-1	-1	-1	128	113	108	101	96	-1	100	99	-1	-1	-1	107	104	-1	106	-1	-1	-1	110	-1	112	-1	-1	121	120	119	118	-1	-1	-1	-1	123	-1	125	-1	127	-1	-1	146	131	-1	141	138	137	136	-1	-1	-1	140	-1	-1	145	144	-1	-1	-1	160	149	-1	159	154	153	-1	-1	156	-1	158	-1	-1	-1	164	163	-1	-1	-1
# Threshold
0.5	0.0029740900499746203	0.743395984172821	-2.0	-2.0	0.9818749725818634	25.406949996948242	0.004554570186883211	5.857725143432617	-2.0	-2.0	8.42464542388916	14.5	3.0341200828552246	-2.0	-2.0	-2.0	75.5	2043.5	-2.0	-2.0	-2.0	11172.0	10818.0	0.9493390023708344	5719.0	-2.0	21.56485080718994	-2.0	-2.0	-2.0	-2.0	-2.0	10161365.0	-2.0	13.810550212860107	-2.0	-2.0	49427.0	0.003794379997998476	0.9952704906463623	47954.5	-2.0	-2.0	-2.0	0.9873084723949432	0.004547294927760959	0.4272319972515106	-2.0	-2.0	3.5	0.25002690785004233	-2.0	-2.0	727201.0	1594.5	17.705400466918945	479776.0	-2.0	0.9723185002803802	-2.0	-2.0	16386.5	-2.0	-2.0	8.331655025482178	-2.0	-2.0	44.82939910888672	32.4532995223999	0.0007377190049737692	-2.0	-2.0	12.0	-2.0	-2.0	48.774749755859375	14.342699527740479	-2.0	-2.0	-2.0	-2.0	0.003545959945768118	17.719699382781982	0.0001427764946129173	-2.0	0.44134098291397095	-2.0	-2.0	-2.0	0.39198149740695953	132090.0	31.0	209976.5	0.003766249865293503	-2.0	387.8055114746094	0.33698250353336334	-2.0	-2.0	-2.0	0.3344935029745102	0.00019352950039319694	-2.0	11323350.0	-2.0	-2.0	-2.0	69669.0	-2.0	0.007018485222943127	-2.0	-2.0	9.559209823608398	8061215.0	0.38312551379203796	1.0574855208396912	-2.0	-2.0	-2.0	-2.0	0.8468329906463623	-2.0	1.2351950407028198	-2.0	6332950.0	-2.0	-2.0	19.0	41.0	-2.0	8.707970142364502	4835895.0	1.3549200502893655e-05	457849.5	-2.0	-2.0	-2.0	3.4986499547958374	-2.0	-2.0	4.5	689462.5	-2.0	-2.0	-2.0	0.03836330026388168	1020500.0	-2.0	639697.0	15.725500106811523	0.4761744886636734	-2.0	-2.0	112025900.0	-2.0	5255180.0	-2.0	-2.0	-2.0	5.505935072898865	0.42054150998592377	-2.0	-2.0	-2.0
# Feature
9	11	12	-2	-2	13	7	11	3	-2	-2	7	5	7	-2	-2	-2	5	0	-2	-2	-2	1	0	12	1	-2	3	-2	-2	-2	-2	-2	2	-2	3	-2	-2	0	11	12	8	-2	-2	-2	10	11	13	-2	-2	8	4	-2	-2	2	5	12	2	-2	11	-2	-2	8	-2	-2	3	-2	-2	3	3	4	-2	-2	9	-2	-2	3	7	-2	-2	-2	-2	11	3	4	-2	12	-2	-2	-2	11	8	9	1	11	-2	7	13	-2	-2	-2	11	10	-2	2	-2	-2	-2	1	-2	10	-2	-2	7	0	13	12	-2	-2	-2	-2	12	-2	12	-2	2	-2	-2	5	8	-2	3	2	10	1	-2	-2	-2	3	-2	-2	6	0	-2	-2	-2	10	2	-2	8	3	13	-2	-2	2	-2	1	-2	-2	-2	12	13	-2	-2	-2
# Values
111.0	1096.0	42.0	71.0	59.0	300.0
26.0	17.0	0.0	4.0	4.0	252.0
24.0	0.0	0.0	0.0	3.0	0.0
24.0	0.0	0.0	0.0	0.0	0.0
0.0	0.0	0.0	0.0	3.0	0.0
2.0	17.0	0.0	4.0	1.0	252.0
2.0	17.0	0.0	0.0	0.0	251.0
2.0	7.0	0.0	0.0	0.0	225.0
2.0	0.0	0.0	0.0	0.0	4.0
2.0	0.0	0.0	0.0	0.0	0.0
0.0	0.0	0.0	0.0	0.0	4.0
0.0	7.0	0.0	0.0	0.0	221.0
0.0	1.0	0.0	0.0	0.0	164.0
0.0	1.0	0.0	0.0	0.0	42.0
0.0	0.0	0.0	0.0	0.0	42.0
0.0	1.0	0.0	0.0	0.0	0.0
0.0	0.0	0.0	0.0	0.0	122.0
0.0	6.0	0.0	0.0	0.0	57.0
0.0	6.0	0.0	0.0	0.0	2.0
0.0	0.0	0.0	0.0	0.0	2.0
0.0	6.0	0.0	0.0	0.0	0.0
0.0	0.0	0.0	0.0	0.0	55.0
0.0	10.0	0.0	0.0	0.0	26.0
0.0	10.0	0.0	0.0	0.0	7.0
0.0	6.0	0.0	0.0	0.0	7.0
0.0	6.0	0.0	0.0	0.0	5.0
0.0	3.0	0.0	0.0	0.0	2.0
0.0	3.0	0.0	0.0	0.0	3.0
0.0	1.0	0.0	0.0	0.0	1.0
0.0	2.0	0.0	0.0	0.0	2.0
0.0	0.0	0.0	0.0	0.0	2.0
0.0	4.0	0.0	0.0	0.0	0.0
0.0	0.0	0.0	0.0	0.0	19.0
0.0	0.0	0.0	4.0	1.0	1.0
0.0	0.0	0.0	4.0	0.0	0.0
0.0	0.0	0.0	0.0	1.0	1.0
0.0	0.0	0.0	0.0	0.0	1.0
0.0	0.0	0.0	0.0	1.0	0.0
85.0	1079.0	42.0	67.0	55.0	48.0
40.0	992.0	24.0	1.0	3.0	9.0
29.0	0.0	0.0	0.0	3.0	0.0
29.0	0.0	0.0	0.0	1.0	0.0
29.0	0.0	0.0	0.0	0.0	0.0
0.0	0.0	0.0	0.0	1.0	0.0
0.0	0.0	0.0	0.0	2.0	0.0
11.0	992.0	24.0	1.0	0.0	9.0
11.0	992.0	3.0	1.0	0.0	9.0
7.0	12.0	0.0	0.0	0.0	0.0
7.0	0.0	0.0	0.0	0.0	0.0
0.0	12.0	0.0	0.0	0.0	0.0
4.0	980.0	3.0	1.0	0.0	9.0
1.0	0.0	1.0	0.0	0.0	0.0
0.0	0.0	1.0	0.0	0.0	0.0
1.0	0.0	0.0	0.0	0.0	0.0
3.0	980.0	2.0	1.0	0.0	9.0
3.0	910.0	2.0	0.0	0.0	0.0
0.0	892.0	2.0	0.0	0.0	0.0
0.0	890.0	1.0	0.0	0.0	0.0
0.0	859.0	0.0	0.0	0.0	0.0
0.0	31.0	1.0	0.0	0.0	0.0
0.0	31.0	0.0	0.0	0.0	0.0
0.0	0.0	1.0	0.0	0.0	0.0
0.0	2.0	1.0	0.0	0.0	0.0
0.0	0.0	1.0	0.0	0.0	0.0
0.0	2.0	0.0	0.0	0.0	0.0
3.0	18.0	0.0	0.0	0.0	0.0
3.0	0.0	0.0	0.0	0.0	0.0
0.0	18.0	0.0	0.0	0.0	0.0
0.0	70.0	0.0	1.0	0.0	9.0
0.0	3.0	0.0	1.0	0.0	8.0
0.0	2.0	0.0	1.0	0.0	0.0
0.0	0.0	0.0	1.0	0.0	0.0
0.0	2.0	0.0	0.0	0.0	0.0
0.0	1.0	0.0	0.0	0.0	8.0
0.0	1.0	0.0	0.0	0.0	0.0
0.0	0.0	0.0	0.0	0.0	8.0
0.0	67.0	0.0	0.0	0.0	1.0
0.0	3.0	0.0	0.0	0.0	1.0
0.0	0.0	0.0	0.0	0.0	1.0
0.0	3.0	0.0	0.0	0.0	0.0
0.0	64.0	0.0	0.0	0.0	0.0
0.0	0.0	21.0	0.0	0.0	0.0
45.0	87.0	18.0	66.0	52.0	39.0
40.0	0.0	0.0	0.0	12.0	0.0
40.0	0.0	0.0	0.0	4.0	0.0
36.0	0.0	0.0	0.0	0.0	0.0
4.0	0.0	0.0	0.0	4.0	0.0
4.0	0.0	0.0	0.0	0.0	0.0
0.0	0.0	0.0	0.0	4.0	0.0
0.0	0.0	0.0	0.0	8.0	0.0
5.0	87.0	18.0	66.0	40.0	39.0
5.0	63.0	0.0	3.0	38.0	15.0
0.0	56.0	0.0	3.0	8.0	7.0
0.0	55.0	0.0	3.0	3.0	5.0
0.0	53.0	0.0	0.0	1.0	2.0
0.0	0.0	0.0	0.0	1.0	0.0
0.0	53.0	0.0	0.0	0.0	2.0
0.0	53.0	0.0	0.0	0.0	1.0
0.0	0.0	0.0	0.0	0.0	1.0
0.0	53.0	0.0	0.0	0.0	0.0
0.0	0.0	0.0	0.0	0.0	1.0
0.0	2.0	0.0	3.0	2.0	3.0
0.0	2.0	0.0	0.0	2.0	3.0
0.0	2.0	0.0	0.0	0.0	0.0
0.0	0.0	0.0	0.0	2.0	3.0
0.0	0.0	0.0	0.0	0.0	3.0
0.0	0.0	0.0	0.0	2.0	0.0
0.0	0.0	0.0	3.0	0.0	0.0
0.0	1.0	0.0	0.0	5.0	2.0
0.0	0.0	0.0	0.0	0.0	2.0
0.0	1.0	0.0	0.0	5.0	0.0
0.0	0.0	0.0	0.0	5.0	0.0
0.0	1.0	0.0	0.0	0.0	0.0
5.0	7.0	0.0	0.0	30.0	8.0
5.0	6.0	0.0	0.0	0.0	5.0
0.0	6.0	0.0	0.0	0.0	5.0
0.0	1.0	0.0	0.0	0.0	5.0
0.0	1.0	0.0	0.0	0.0	0.0
0.0	0.0	0.0	0.0	0.0	5.0
0.0	5.0	0.0	0.0	0.0	0.0
5.0	0.0	0.0	0.0	0.0	0.0
0.0	1.0	0.0	0.0	30.0	3.0
0.0	1.0	0.0	0.0	0.0	0.0
0.0	0.0	0.0	0.0	30.0	3.0
0.0	0.0	0.0	0.0	24.0	0.0
0.0	0.0	0.0	0.0	6.0	3.0
0.0	0.0	0.0	0.0	0.0	3.0
0.0	0.0	0.0	0.0	6.0	0.0
0.0	24.0	18.0	63.0	2.0	24.0
0.0	23.0	17.0	3.0	0.0	12.0
0.0	0.0	17.0	0.0	0.0	0.0
0.0	23.0	0.0	3.0	0.0	12.0
0.0	23.0	0.0	0.0	0.0	6.0
0.0	20.0	0.0	0.0	0.0	1.0
0.0	1.0	0.0	0.0	0.0	1.0
0.0	0.0	0.0	0.0	0.0	1.0
0.0	1.0	0.0	0.0	0.0	0.0
0.0	19.0	0.0	0.0	0.0	0.0
0.0	3.0	0.0	0.0	0.0	5.0
0.0	3.0	0.0	0.0	0.0	0.0
0.0	0.0	0.0	0.0	0.0	5.0
0.0	0.0	0.0	3.0	0.0	6.0
0.0	0.0	0.0	3.0	0.0	1.0
0.0	0.0	0.0	3.0	0.0	0.0
0.0	0.0	0.0	0.0	0.0	1.0
0.0	0.0	0.0	0.0	0.0	5.0
0.0	1.0	1.0	60.0	2.0	12.0
0.0	1.0	0.0	59.0	2.0	2.0
0.0	0.0	0.0	0.0	0.0	2.0
0.0	1.0	0.0	59.0	2.0	0.0
0.0	1.0	0.0	59.0	1.0	0.0
0.0	1.0	0.0	4.0	0.0	0.0
0.0	0.0	0.0	4.0	0.0	0.0
0.0	1.0	0.0	0.0	0.0	0.0
0.0	0.0	0.0	55.0	1.0	0.0
0.0	0.0	0.0	50.0	0.0	0.0
0.0	0.0	0.0	5.0	1.0	0.0
0.0	0.0	0.0	0.0	1.0	0.0
0.0	0.0	0.0	5.0	0.0	0.0
0.0	0.0	0.0	0.0	1.0	0.0
0.0	0.0	1.0	1.0	0.0	10.0
0.0	0.0	1.0	1.0	0.0	0.0
0.0	0.0	1.0	0.0	0.0	0.0
0.0	0.0	0.0	1.0	0.0	0.0
0.0	0.0	0.0	0.0	0.0	10.0
