# Sizes (NFeatures, Nclasses, NodeCount, MaxDepth)
14	6	163	12
# Classes
0.0	1.0	2.0	3.0	4.0	5.0
# Feature Names
Nrows	Ncols	Nnnz	AvgNnnz	Density	MaxRowNnnz	MinRowNnnz	StdRowNnnz	NDiags	NTrueDiags	AvgNnnzDia	AvgNnnzELL	AvgNnnzHyb	AvgNnnzHdc
# Left
1	2	3	4	-1	6	-1	-1	-1	10	11	12	13	-1	15	-1	17	18	-1	-1	21	22	23	24	-1	-1	-1	-1	-1	30	-1	-1	-1	34	-1	36	-1	-1	39	40	41	-1	43	44	-1	-1	-1	48	49	-1	51	52	-1	54	55	-1	-1	58	-1	-1	61	-1	63	64	-1	66	67	68	-1	-1	-1	-1	73	-1	75	-1	-1	-1	79	80	81	-1	-1	84	-1	86	-1	-1	89	90	91	92	93	-1	95	96	97	98	-1	-1	-1	102	-1	-1	-1	106	107	-1	-1	110	111	-1	-1	114	115	116	-1	-1	-1	120	-1	-1	-1	-1	125	126	127	-1	129	130	-1	132	-1	-1	135	136	-1	138	-1	-1	141	-1	-1	144	-1	146	-1	-1	149	150	-1	152	-1	-1	155	156	157	-1	-1	-1	161	-1	-1
# Right
38	9	8	5	-1	7	-1	-1	-1	33	32	29	14	-1	16	-1	20	19	-1	-1	28	27	26	25	-1	-1	-1	-1	-1	31	-1	-1	-1	35	-1	37	-1	-1	78	47	42	-1	46	45	-1	-1	-1	77	50	-1	60	53	-1	57	56	-1	-1	59	-1	-1	62	-1	72	65	-1	71	70	69	-1	-1	-1	-1	74	-1	76	-1	-1	-1	88	83	82	-1	-1	85	-1	87	-1	-1	124	123	122	105	94	-1	104	101	100	99	-1	-1	-1	103	-1	-1	-1	109	108	-1	-1	113	112	-1	-1	119	118	117	-1	-1	-1	121	-1	-1	-1	-1	148	143	128	-1	134	131	-1	133	-1	-1	140	137	-1	139	-1	-1	142	-1	-1	145	-1	147	-1	-1	154	151	-1	153	-1	-1	160	159	158	-1	-1	-1	162	-1	-1
# Threshold
0.5	0.004554570186883211	0.6918080151081085	0.656513512134552	-2.0	2774876.0	-2.0	-2.0	-2.0	0.9829099774360657	635.4399948120117	87463300.0	0.11508850008249283	-2.0	0.13055399805307388	-2.0	0.9340839982032776	0.9328465163707733	-2.0	-2.0	0.001010379521176219	0.0013397100265137851	24374.0	0.5321580022573471	-2.0	-2.0	-2.0	-2.0	-2.0	61379300.0	-2.0	-2.0	-2.0	786434.0	-2.0	0.995340496301651	-2.0	-2.0	49827.5	0.0034152299631386995	0.000226518495765049	-2.0	0.0006819439877290279	14398.0	-2.0	-2.0	-2.0	0.9873084723949432	3.5	-2.0	548814.0	1365.5	-2.0	82000.5	1.5	-2.0	-2.0	1396.5	-2.0	-2.0	1.7803149819374084	-2.0	48.12660026550293	681602.0	-2.0	157.5	0.0007377190049737692	1.598015010356903	-2.0	-2.0	-2.0	-2.0	0.5961669981479645	-2.0	23.0	-2.0	-2.0	-2.0	0.003545959945768118	4.5	50512.0	-2.0	-2.0	5.008769949199632e-05	-2.0	4.29445481300354	-2.0	-2.0	14.145150184631348	0.25467229587957263	8080640.0	4981720.0	0.33698250353336334	-2.0	501575.5	0.9296299815177917	0.3383444994688034	0.00011168005221406929	-2.0	-2.0	-2.0	2.5	-2.0	-2.0	-2.0	3.49862003326416	1.1556400060653687	-2.0	-2.0	0.3523080050945282	1.912855032060179e-05	-2.0	-2.0	4.745609998703003	0.672421008348465	0.9023929834365845	-2.0	-2.0	-2.0	1361261.5	-2.0	-2.0	-2.0	-2.0	0.39198149740695953	0.00041460849752184004	2.5	-2.0	19.64794921875	0.4697290062904358	-2.0	0.5908005237579346	-2.0	-2.0	19.92924976348877	0.11506799980998039	-2.0	6899500.0	-2.0	-2.0	91.09894943237305	-2.0	-2.0	58136.5	-2.0	387.8055114746094	-2.0	-2.0	4386.0	0.00036224350333213806	-2.0	39.0	-2.0	-2.0	2.8844950065831654e-05	0.9145525097846985	24.0	-2.0	-2.0	-2.0	0.003159824962494895	-2.0	-2.0
# Feature
9	11	12	12	-2	8	-2	-2	-2	13	7	2	11	-2	11	-2	12	12	-2	-2	10	4	2	11	-2	-2	-2	-2	-2	1	-2	-2	-2	0	-2	13	-2	-2	0	11	10	-2	4	8	-2	-2	-2	10	8	-2	2	5	-2	2	6	-2	-2	5	-2	-2	7	-2	3	2	-2	5	4	12	-2	-2	-2	-2	13	-2	9	-2	-2	-2	11	9	1	-2	-2	4	-2	3	-2	-2	3	10	8	2	13	-2	8	11	13	4	-2	-2	-2	9	-2	-2	-2	3	12	-2	-2	13	4	-2	-2	7	7	11	-2	-2	-2	0	-2	-2	-2	-2	11	4	9	-2	3	13	-2	13	-2	-2	7	11	-2	2	-2	-2	3	-2	-2	0	-2	7	-2	-2	8	4	-2	9	-2	-2	4	11	9	-2	-2	-2	4	-2	-2
# Values
114.0	1080.0	31.0	75.0	56.0	323.0
30.0	8.0	0.0	5.0	3.0	276.0
29.0	0.0	0.0	0.0	0.0	2.0
29.0	0.0	0.0	0.0	0.0	1.0
27.0	0.0	0.0	0.0	0.0	0.0
2.0	0.0	0.0	0.0	0.0	1.0
0.0	0.0	0.0	0.0	0.0	1.0
2.0	0.0	0.0	0.0	0.0	0.0
0.0	0.0	0.0	0.0	0.0	1.0
1.0	8.0	0.0	5.0	3.0	274.0
1.0	8.0	0.0	0.0	2.0	272.0
1.0	8.0	0.0	0.0	0.0	272.0
0.0	8.0	0.0	0.0	0.0	270.0
0.0	0.0	0.0	0.0	0.0	144.0
0.0	8.0	0.0	0.0	0.0	126.0
0.0	3.0	0.0	0.0	0.0	0.0
0.0	5.0	0.0	0.0	0.0	126.0
0.0	2.0	0.0	0.0	0.0	9.0
0.0	0.0	0.0	0.0	0.0	9.0
0.0	2.0	0.0	0.0	0.0	0.0
0.0	3.0	0.0	0.0	0.0	117.0
0.0	3.0	0.0	0.0	0.0	34.0
0.0	1.0	0.0	0.0	0.0	34.0
0.0	1.0	0.0	0.0	0.0	2.0
0.0	1.0	0.0	0.0	0.0	0.0
0.0	0.0	0.0	0.0	0.0	2.0
0.0	0.0	0.0	0.0	0.0	32.0
0.0	2.0	0.0	0.0	0.0	0.0
0.0	0.0	0.0	0.0	0.0	83.0
1.0	0.0	0.0	0.0	0.0	2.0
1.0	0.0	0.0	0.0	0.0	0.0
0.0	0.0	0.0	0.0	0.0	2.0
0.0	0.0	0.0	0.0	2.0	0.0
0.0	0.0	0.0	5.0	1.0	2.0
0.0	0.0	0.0	5.0	0.0	0.0
0.0	0.0	0.0	0.0	1.0	2.0
0.0	0.0	0.0	0.0	0.0	2.0
0.0	0.0	0.0	0.0	1.0	0.0
84.0	1072.0	31.0	70.0	53.0	47.0
30.0	986.0	21.0	2.0	4.0	7.0
23.0	0.0	0.0	0.0	4.0	0.0
0.0	0.0	0.0	0.0	2.0	0.0
23.0	0.0	0.0	0.0	2.0	0.0
8.0	0.0	0.0	0.0	2.0	0.0
0.0	0.0	0.0	0.0	2.0	0.0
8.0	0.0	0.0	0.0	0.0	0.0
15.0	0.0	0.0	0.0	0.0	0.0
7.0	986.0	21.0	2.0	0.0	7.0
7.0	986.0	2.0	2.0	0.0	7.0
3.0	0.0	0.0	0.0	0.0	0.0
4.0	986.0	2.0	2.0	0.0	7.0
4.0	898.0	0.0	0.0	0.0	1.0
0.0	862.0	0.0	0.0	0.0	0.0
4.0	36.0	0.0	0.0	0.0	1.0
4.0	7.0	0.0	0.0	0.0	0.0
0.0	7.0	0.0	0.0	0.0	0.0
4.0	0.0	0.0	0.0	0.0	0.0
0.0	29.0	0.0	0.0	0.0	1.0
0.0	0.0	0.0	0.0	0.0	1.0
0.0	29.0	0.0	0.0	0.0	0.0
0.0	88.0	2.0	2.0	0.0	6.0
0.0	0.0	2.0	0.0	0.0	0.0
0.0	88.0	0.0	2.0	0.0	6.0
0.0	17.0	0.0	1.0	0.0	6.0
0.0	11.0	0.0	0.0	0.0	0.0
0.0	6.0	0.0	1.0	0.0	6.0
0.0	6.0	0.0	1.0	0.0	1.0
0.0	0.0	0.0	1.0	0.0	1.0
0.0	0.0	0.0	0.0	0.0	1.0
0.0	0.0	0.0	1.0	0.0	0.0
0.0	6.0	0.0	0.0	0.0	0.0
0.0	0.0	0.0	0.0	0.0	5.0
0.0	71.0	0.0	1.0	0.0	0.0
0.0	70.0	0.0	0.0	0.0	0.0
0.0	1.0	0.0	1.0	0.0	0.0
0.0	1.0	0.0	0.0	0.0	0.0
0.0	0.0	0.0	1.0	0.0	0.0
0.0	0.0	19.0	0.0	0.0	0.0
54.0	86.0	10.0	68.0	49.0	40.0
46.0	0.0	0.0	0.0	9.0	0.0
42.0	0.0	0.0	0.0	1.0	0.0
0.0	0.0	0.0	0.0	1.0	0.0
42.0	0.0	0.0	0.0	0.0	0.0
4.0	0.0	0.0	0.0	8.0	0.0
3.0	0.0	0.0	0.0	0.0	0.0
1.0	0.0	0.0	0.0	8.0	0.0
1.0	0.0	0.0	0.0	0.0	0.0
0.0	0.0	0.0	0.0	8.0	0.0
8.0	86.0	10.0	68.0	40.0	40.0
8.0	64.0	10.0	1.0	0.0	23.0
8.0	64.0	0.0	1.0	0.0	23.0
1.0	64.0	0.0	1.0	0.0	23.0
0.0	53.0	0.0	0.0	0.0	8.0
0.0	0.0	0.0	0.0	0.0	3.0
0.0	53.0	0.0	0.0	0.0	5.0
0.0	53.0	0.0	0.0	0.0	3.0
0.0	49.0	0.0	0.0	0.0	1.0
0.0	2.0	0.0	0.0	0.0	1.0
0.0	2.0	0.0	0.0	0.0	0.0
0.0	0.0	0.0	0.0	0.0	1.0
0.0	47.0	0.0	0.0	0.0	0.0
0.0	4.0	0.0	0.0	0.0	2.0
0.0	0.0	0.0	0.0	0.0	2.0
0.0	4.0	0.0	0.0	0.0	0.0
0.0	0.0	0.0	0.0	0.0	2.0
1.0	11.0	0.0	1.0	0.0	15.0
1.0	6.0	0.0	0.0	0.0	0.0
1.0	0.0	0.0	0.0	0.0	0.0
0.0	6.0	0.0	0.0	0.0	0.0
0.0	5.0	0.0	1.0	0.0	15.0
0.0	2.0	0.0	1.0	0.0	0.0
0.0	2.0	0.0	0.0	0.0	0.0
0.0	0.0	0.0	1.0	0.0	0.0
0.0	3.0	0.0	0.0	0.0	15.0
0.0	1.0	0.0	0.0	0.0	14.0
0.0	1.0	0.0	0.0	0.0	1.0
0.0	1.0	0.0	0.0	0.0	0.0
0.0	0.0	0.0	0.0	0.0	1.0
0.0	0.0	0.0	0.0	0.0	13.0
0.0	2.0	0.0	0.0	0.0	1.0
0.0	0.0	0.0	0.0	0.0	1.0
0.0	2.0	0.0	0.0	0.0	0.0
7.0	0.0	0.0	0.0	0.0	0.0
0.0	0.0	10.0	0.0	0.0	0.0
0.0	22.0	0.0	67.0	40.0	17.0
0.0	21.0	0.0	2.0	33.0	8.0
0.0	6.0	0.0	2.0	33.0	5.0
0.0	4.0	0.0	0.0	0.0	0.0
0.0	2.0	0.0	2.0	33.0	5.0
0.0	1.0	0.0	0.0	1.0	2.0
0.0	0.0	0.0	0.0	0.0	2.0
0.0	1.0	0.0	0.0	1.0	0.0
0.0	1.0	0.0	0.0	0.0	0.0
0.0	0.0	0.0	0.0	1.0	0.0
0.0	1.0	0.0	2.0	32.0	3.0
0.0	0.0	0.0	2.0	6.0	3.0
0.0	0.0	0.0	0.0	0.0	3.0
0.0	0.0	0.0	2.0	6.0	0.0
0.0	0.0	0.0	2.0	0.0	0.0
0.0	0.0	0.0	0.0	6.0	0.0
0.0	1.0	0.0	0.0	26.0	0.0
0.0	0.0	0.0	0.0	26.0	0.0
0.0	1.0	0.0	0.0	0.0	0.0
0.0	15.0	0.0	0.0	0.0	3.0
0.0	0.0	0.0	0.0	0.0	2.0
0.0	15.0	0.0	0.0	0.0	1.0
0.0	15.0	0.0	0.0	0.0	0.0
0.0	0.0	0.0	0.0	0.0	1.0
0.0	1.0	0.0	65.0	7.0	9.0
0.0	0.0	0.0	2.0	0.0	9.0
0.0	0.0	0.0	0.0	0.0	8.0
0.0	0.0	0.0	2.0	0.0	1.0
0.0	0.0	0.0	2.0	0.0	0.0
0.0	0.0	0.0	0.0	0.0	1.0
0.0	1.0	0.0	63.0	7.0	0.0
0.0	0.0	0.0	8.0	7.0	0.0
0.0	0.0	0.0	2.0	7.0	0.0
0.0	0.0	0.0	0.0	7.0	0.0
0.0	0.0	0.0	2.0	0.0	0.0
0.0	0.0	0.0	6.0	0.0	0.0
0.0	1.0	0.0	55.0	0.0	0.0
0.0	0.0	0.0	55.0	0.0	0.0
0.0	1.0	0.0	0.0	0.0	0.0
