# Sizes (NFeatures, Nclasses, NodeCount, MaxDepth)
14	6	149	13
# Classes
0.0	1.0	2.0	3.0	4.0	5.0
# Feature Names
Nrows	Ncols	Nnnz	AvgNnnz	Density	MaxRowNnnz	MinRowNnnz	StdRowNnnz	NDiags	NTrueDiags	AvgNnnzDia	AvgNnnzELL	AvgNnnzHyb	AvgNnnzHdc
# Left
1	2	3	4	-1	6	-1	-1	-1	10	11	12	13	-1	15	-1	-1	18	19	20	21	-1	23	24	-1	-1	-1	28	-1	-1	-1	32	33	-1	-1	-1	-1	38	39	-1	-1	-1	43	44	45	-1	47	48	-1	-1	51	-1	53	-1	-1	56	-1	-1	59	60	61	62	63	64	65	-1	-1	-1	-1	70	71	-1	-1	74	75	76	-1	78	-1	-1	81	-1	-1	84	-1	86	-1	88	89	-1	91	-1	-1	94	-1	-1	97	-1	99	-1	101	-1	-1	-1	105	106	107	108	109	110	-1	112	-1	-1	-1	116	-1	-1	-1	120	121	122	123	-1	-1	-1	127	128	-1	130	-1	-1	-1	134	-1	-1	137	138	139	140	-1	142	-1	-1	-1	-1	147	-1	-1
# Right
42	9	8	5	-1	7	-1	-1	-1	37	36	17	14	-1	16	-1	-1	31	30	27	22	-1	26	25	-1	-1	-1	29	-1	-1	-1	35	34	-1	-1	-1	-1	41	40	-1	-1	-1	58	55	46	-1	50	49	-1	-1	52	-1	54	-1	-1	57	-1	-1	104	103	96	69	68	67	66	-1	-1	-1	-1	73	72	-1	-1	83	80	77	-1	79	-1	-1	82	-1	-1	85	-1	87	-1	93	90	-1	92	-1	-1	95	-1	-1	98	-1	100	-1	102	-1	-1	-1	136	119	118	115	114	111	-1	113	-1	-1	-1	117	-1	-1	-1	133	126	125	124	-1	-1	-1	132	129	-1	131	-1	-1	-1	135	-1	-1	146	145	144	141	-1	143	-1	-1	-1	-1	148	-1	-1
# Threshold
0.5	0.005100425099954009	0.743395984172821	0.0029740900499746203	-2.0	0.00035325400676811114	-2.0	-2.0	-2.0	18788400.0	0.9728734791278839	0.21708550304174423	0.12484249472618103	-2.0	0.13055399805307388	-2.0	-2.0	1.107640027999878	12200.0	4704.5	372.0	-2.0	1.0273150205612183	0.9617975056171417	-2.0	-2.0	-2.0	11571.5	-2.0	-2.0	-2.0	0.0009829894988797605	16784.5	-2.0	-2.0	-2.0	-2.0	5.212530034270912e-07	0.056579750031232834	-2.0	-2.0	-2.0	0.003823519917204976	17.617499828338623	47954.5	-2.0	0.0001347880024695769	49801.0	-2.0	-2.0	0.44199150800704956	-2.0	0.002560984925366938	-2.0	-2.0	46123.0	-2.0	-2.0	113030.5	0.9873084723949432	60051.5	0.004547294927760959	0.43048499524593353	29831.0	12.30744981765747	-2.0	-2.0	-2.0	-2.0	2.0	0.7988654971122742	-2.0	-2.0	30078.5	23486.0	1572.5	-2.0	8.657480239868164	-2.0	-2.0	23615.0	-2.0	-2.0	30253.0	-2.0	12.0	-2.0	0.5445210039615631	0.0011300530168227851	-2.0	2.1192349195480347	-2.0	-2.0	0.0014100800035521388	-2.0	-2.0	0.5361039936542511	-2.0	872106.0	-2.0	86891.5	-2.0	-2.0	-2.0	183.5	8.485360145568848	6.0	49164600.0	0.44681449234485626	1.1329649964864075e-06	-2.0	495951.0	-2.0	-2.0	-2.0	0.253571598790586	-2.0	-2.0	-2.0	41.0	0.4428500086069107	14619120.0	4288995.0	-2.0	-2.0	-2.0	0.2666150964796543	22.5	-2.0	0.0008849439909681678	-2.0	-2.0	-2.0	16.5	-2.0	-2.0	44.47650146484375	0.8320790231227875	20.485599517822266	1966.5	-2.0	25.201499938964844	-2.0	-2.0	-2.0	-2.0	8700670.0	-2.0	-2.0
# Feature
9	11	12	11	-2	4	-2	-2	-2	2	13	11	11	-2	11	-2	-2	12	0	1	1	-2	12	12	-2	-2	-2	8	-2	-2	-2	10	2	-2	-2	-2	-2	4	11	-2	-2	-2	11	3	8	-2	10	8	-2	-2	13	-2	11	-2	-2	0	-2	-2	1	10	1	11	13	1	3	-2	-2	-2	-2	5	3	-2	-2	1	1	5	-2	3	-2	-2	1	-2	-2	1	-2	9	-2	13	10	-2	12	-2	-2	4	-2	-2	11	-2	2	-2	1	-2	-2	-2	5	3	9	2	13	10	-2	8	-2	-2	-2	7	-2	-2	-2	9	11	2	2	-2	-2	-2	10	6	-2	10	-2	-2	-2	6	-2	-2	7	13	7	5	-2	3	-2	-2	-2	-2	2	-2	-2
# Values
124.0	1077.0	40.0	66.0	78.0	294.0
27.0	19.0	0.0	2.0	13.0	260.0
26.0	0.0	0.0	0.0	5.0	2.0
26.0	0.0	0.0	0.0	0.0	2.0
23.0	0.0	0.0	0.0	0.0	0.0
3.0	0.0	0.0	0.0	0.0	2.0
0.0	0.0	0.0	0.0	0.0	2.0
3.0	0.0	0.0	0.0	0.0	0.0
0.0	0.0	0.0	0.0	5.0	0.0
1.0	19.0	0.0	2.0	8.0	258.0
0.0	19.0	0.0	2.0	0.0	256.0
0.0	19.0	0.0	0.0	0.0	256.0
0.0	1.0	0.0	0.0	0.0	156.0
0.0	0.0	0.0	0.0	0.0	143.0
0.0	1.0	0.0	0.0	0.0	13.0
0.0	1.0	0.0	0.0	0.0	0.0
0.0	0.0	0.0	0.0	0.0	13.0
0.0	18.0	0.0	0.0	0.0	100.0
0.0	15.0	0.0	0.0	0.0	24.0
0.0	15.0	0.0	0.0	0.0	10.0
0.0	4.0	0.0	0.0	0.0	9.0
0.0	0.0	0.0	0.0	0.0	5.0
0.0	4.0	0.0	0.0	0.0	4.0
0.0	2.0	0.0	0.0	0.0	4.0
0.0	2.0	0.0	0.0	0.0	3.0
0.0	0.0	0.0	0.0	0.0	1.0
0.0	2.0	0.0	0.0	0.0	0.0
0.0	11.0	0.0	0.0	0.0	1.0
0.0	11.0	0.0	0.0	0.0	0.0
0.0	0.0	0.0	0.0	0.0	1.0
0.0	0.0	0.0	0.0	0.0	14.0
0.0	3.0	0.0	0.0	0.0	76.0
0.0	3.0	0.0	0.0	0.0	15.0
0.0	3.0	0.0	0.0	0.0	0.0
0.0	0.0	0.0	0.0	0.0	15.0
0.0	0.0	0.0	0.0	0.0	61.0
0.0	0.0	0.0	2.0	0.0	0.0
1.0	0.0	0.0	0.0	8.0	2.0
1.0	0.0	0.0	0.0	0.0	2.0
1.0	0.0	0.0	0.0	0.0	0.0
0.0	0.0	0.0	0.0	0.0	2.0
0.0	0.0	0.0	0.0	8.0	0.0
97.0	1058.0	40.0	64.0	65.0	34.0
83.0	1.0	0.0	0.0	19.0	0.0
81.0	1.0	0.0	0.0	8.0	0.0
40.0	0.0	0.0	0.0	0.0	0.0
41.0	1.0	0.0	0.0	8.0	0.0
40.0	0.0	0.0	0.0	1.0	0.0
0.0	0.0	0.0	0.0	1.0	0.0
40.0	0.0	0.0	0.0	0.0	0.0
1.0	1.0	0.0	0.0	7.0	0.0
0.0	0.0	0.0	0.0	7.0	0.0
1.0	1.0	0.0	0.0	0.0	0.0
1.0	0.0	0.0	0.0	0.0	0.0
0.0	1.0	0.0	0.0	0.0	0.0
2.0	0.0	0.0	0.0	11.0	0.0
2.0	0.0	0.0	0.0	0.0	0.0
0.0	0.0	0.0	0.0	11.0	0.0
14.0	1057.0	40.0	64.0	46.0	34.0
8.0	1020.0	32.0	16.0	0.0	9.0
8.0	1020.0	2.0	16.0	0.0	9.0
8.0	978.0	2.0	1.0	0.0	5.0
6.0	11.0	0.0	0.0	0.0	0.0
6.0	2.0	0.0	0.0	0.0	0.0
6.0	1.0	0.0	0.0	0.0	0.0
6.0	0.0	0.0	0.0	0.0	0.0
0.0	1.0	0.0	0.0	0.0	0.0
0.0	1.0	0.0	0.0	0.0	0.0
0.0	9.0	0.0	0.0	0.0	0.0
2.0	967.0	2.0	1.0	0.0	5.0
1.0	0.0	1.0	0.0	0.0	0.0
0.0	0.0	1.0	0.0	0.0	0.0
1.0	0.0	0.0	0.0	0.0	0.0
1.0	967.0	1.0	1.0	0.0	5.0
1.0	890.0	1.0	0.0	0.0	0.0
1.0	868.0	0.0	0.0	0.0	0.0
0.0	849.0	0.0	0.0	0.0	0.0
1.0	19.0	0.0	0.0	0.0	0.0
1.0	0.0	0.0	0.0	0.0	0.0
0.0	19.0	0.0	0.0	0.0	0.0
0.0	22.0	1.0	0.0	0.0	0.0
0.0	0.0	1.0	0.0	0.0	0.0
0.0	22.0	0.0	0.0	0.0	0.0
0.0	77.0	0.0	1.0	0.0	5.0
0.0	0.0	0.0	0.0	0.0	1.0
0.0	77.0	0.0	1.0	0.0	4.0
0.0	54.0	0.0	0.0	0.0	0.0
0.0	23.0	0.0	1.0	0.0	4.0
0.0	23.0	0.0	0.0	0.0	2.0
0.0	0.0	0.0	0.0	0.0	1.0
0.0	23.0	0.0	0.0	0.0	1.0
0.0	23.0	0.0	0.0	0.0	0.0
0.0	0.0	0.0	0.0	0.0	1.0
0.0	0.0	0.0	1.0	0.0	2.0
0.0	0.0	0.0	0.0	0.0	2.0
0.0	0.0	0.0	1.0	0.0	0.0
0.0	42.0	0.0	15.0	0.0	4.0
0.0	31.0	0.0	0.0	0.0	0.0
0.0	11.0	0.0	15.0	0.0	4.0
0.0	11.0	0.0	0.0	0.0	0.0
0.0	0.0	0.0	15.0	0.0	4.0
0.0	0.0	0.0	15.0	0.0	0.0
0.0	0.0	0.0	0.0	0.0	4.0
0.0	0.0	30.0	0.0	0.0	0.0
6.0	37.0	8.0	48.0	46.0	25.0
6.0	34.0	8.0	48.0	8.0	21.0
6.0	30.0	6.0	0.0	0.0	11.0
6.0	30.0	0.0	0.0	0.0	11.0
0.0	28.0	0.0	0.0	0.0	11.0
0.0	12.0	0.0	0.0	0.0	11.0
0.0	10.0	0.0	0.0	0.0	0.0
0.0	2.0	0.0	0.0	0.0	11.0
0.0	2.0	0.0	0.0	0.0	0.0
0.0	0.0	0.0	0.0	0.0	11.0
0.0	16.0	0.0	0.0	0.0	0.0
6.0	2.0	0.0	0.0	0.0	0.0
0.0	2.0	0.0	0.0	0.0	0.0
6.0	0.0	0.0	0.0	0.0	0.0
0.0	0.0	6.0	0.0	0.0	0.0
0.0	4.0	2.0	48.0	8.0	10.0
0.0	4.0	2.0	44.0	8.0	0.0
0.0	4.0	0.0	3.0	6.0	0.0
0.0	4.0	0.0	3.0	0.0	0.0
0.0	4.0	0.0	0.0	0.0	0.0
0.0	0.0	0.0	3.0	0.0	0.0
0.0	0.0	0.0	0.0	6.0	0.0
0.0	0.0	2.0	41.0	2.0	0.0
0.0	0.0	0.0	41.0	2.0	0.0
0.0	0.0	0.0	38.0	0.0	0.0
0.0	0.0	0.0	3.0	2.0	0.0
0.0	0.0	0.0	3.0	0.0	0.0
0.0	0.0	0.0	0.0	2.0	0.0
0.0	0.0	2.0	0.0	0.0	0.0
0.0	0.0	0.0	4.0	0.0	10.0
0.0	0.0	0.0	0.0	0.0	10.0
0.0	0.0	0.0	4.0	0.0	0.0
0.0	3.0	0.0	0.0	38.0	4.0
0.0	0.0	0.0	0.0	38.0	3.0
0.0	0.0	0.0	0.0	38.0	2.0
0.0	0.0	0.0	0.0	10.0	2.0
0.0	0.0	0.0	0.0	9.0	0.0
0.0	0.0	0.0	0.0	1.0	2.0
0.0	0.0	0.0	0.0	1.0	0.0
0.0	0.0	0.0	0.0	0.0	2.0
0.0	0.0	0.0	0.0	28.0	0.0
0.0	0.0	0.0	0.0	0.0	1.0
0.0	3.0	0.0	0.0	0.0	1.0
0.0	0.0	0.0	0.0	0.0	1.0
0.0	3.0	0.0	0.0	0.0	0.0
