# Sizes (NFeatures, Nclasses, NodeCount, MaxDepth)
14	6	179	11
# Classes
0.0	1.0	2.0	3.0	4.0	5.0
# Feature Names
Nrows	Ncols	Nnnz	AvgNnnz	Density	MaxRowNnnz	MinRowNnnz	StdRowNnnz	NDiags	NTrueDiags	AvgNnnzDia	AvgNnnzELL	AvgNnnzHyb	AvgNnnzHdc
# Left
1	2	3	4	-1	6	-1	-1	-1	10	11	12	-1	14	15	16	17	18	19	-1	-1	-1	-1	24	25	-1	-1	28	-1	-1	31	-1	33	-1	-1	36	-1	38	-1	-1	-1	-1	43	44	45	46	47	-1	49	50	-1	-1	-1	54	-1	-1	57	58	-1	-1	-1	-1	63	64	65	-1	-1	68	69	70	-1	-1	73	74	75	-1	77	-1	-1	80	-1	82	-1	-1	85	-1	-1	88	-1	90	91	-1	93	-1	95	-1	-1	98	-1	100	-1	-1	103	104	-1	106	107	108	109	-1	111	-1	-1	114	-1	-1	-1	118	119	-1	-1	122	-1	124	-1	-1	127	128	129	130	131	-1	-1	134	-1	136	-1	-1	139	140	141	-1	-1	-1	145	146	-1	-1	-1	150	151	-1	-1	154	-1	156	157	158	-1	-1	-1	-1	163	164	-1	166	167	168	-1	-1	171	-1	173	-1	-1	-1	177	-1	-1
# Right
42	9	8	5	-1	7	-1	-1	-1	41	40	13	-1	35	30	23	22	21	20	-1	-1	-1	-1	27	26	-1	-1	29	-1	-1	32	-1	34	-1	-1	37	-1	39	-1	-1	-1	-1	62	61	56	53	48	-1	52	51	-1	-1	-1	55	-1	-1	60	59	-1	-1	-1	-1	102	67	66	-1	-1	87	72	71	-1	-1	84	79	76	-1	78	-1	-1	81	-1	83	-1	-1	86	-1	-1	89	-1	97	92	-1	94	-1	96	-1	-1	99	-1	101	-1	-1	126	105	-1	117	116	113	110	-1	112	-1	-1	115	-1	-1	-1	121	120	-1	-1	123	-1	125	-1	-1	162	149	138	133	132	-1	-1	135	-1	137	-1	-1	144	143	142	-1	-1	-1	148	147	-1	-1	-1	153	152	-1	-1	155	-1	161	160	159	-1	-1	-1	-1	176	165	-1	175	170	169	-1	-1	172	-1	174	-1	-1	-1	178	-1	-1
# Threshold
0.5	0.004554570186883211	0.743395984172821	0.0029740900499746203	-2.0	0.0003327107879158575	-2.0	-2.0	-2.0	25708.0	0.9945419728755951	0.1118139997124672	-2.0	1.1724300384521484	0.006659480044618249	0.0023812850704416633	1.1643700003623962	16.5	2.762860059738159	-2.0	-2.0	-2.0	-2.0	1.104229986667633	16.963200569152832	-2.0	-2.0	2909.0	-2.0	-2.0	1.0409700274467468	-2.0	1.0599650144577026	-2.0	-2.0	0.9829099774360657	-2.0	8438885.0	-2.0	-2.0	-2.0	-2.0	0.0038261449662968516	25.93850040435791	0.003145419992506504	2.5	47954.5	-2.0	0.0001347880024695769	4.5	-2.0	-2.0	-2.0	49816.0	-2.0	-2.0	15.208159446716309	1864611.0	-2.0	-2.0	-2.0	-2.0	54471.5	2.0	1.5	-2.0	-2.0	33090.5	0.004541435046121478	0.30924150347709656	-2.0	-2.0	0.8933604955673218	872804.5	1594.5	-2.0	8.657480239868164	-2.0	-2.0	0.45952101051807404	-2.0	291.0	-2.0	-2.0	19.0	-2.0	-2.0	0.007384015014395118	-2.0	2.056334972381592	33680.5	-2.0	0.5581855177879333	-2.0	0.0409592391224578	-2.0	-2.0	4.218564987182617	-2.0	38662.5	-2.0	-2.0	8.690680027008057	259.0	-2.0	1912135.0	15360600.0	0.691477507352829	501575.5	-2.0	693607.0	-2.0	-2.0	2.0890950560569763	-2.0	-2.0	-2.0	0.2803940027952194	1.2110344869142864e-06	-2.0	-2.0	0.3918900042772293	-2.0	0.42181849479675293	-2.0	-2.0	0.4417559951543808	129193.0	155353.5	1.3454899787902832	356.8785095214844	-2.0	-2.0	4.530894994735718	-2.0	310.5	-2.0	-2.0	11809750.0	199610.0	10.5	-2.0	-2.0	-2.0	12.0	4.0	-2.0	-2.0	-2.0	0.8468329906463623	0.34964199364185333	-2.0	-2.0	61.5	-2.0	57.5	5371295.0	134425.5	-2.0	-2.0	-2.0	-2.0	0.03836330026388168	1015108.0	-2.0	0.9952274858951569	0.5024144947528839	8.5	-2.0	-2.0	112025900.0	-2.0	1.5220125419546093e-05	-2.0	-2.0	-2.0	18.558799743652344	-2.0	-2.0
# Feature
9	11	12	11	-2	10	-2	-2	-2	5	13	11	-2	12	4	4	12	5	7	-2	-2	-2	-2	12	3	-2	-2	8	-2	-2	12	-2	12	-2	-2	13	-2	2	-2	-2	-2	-2	11	3	11	6	8	-2	10	9	-2	-2	-2	8	-2	-2	3	2	-2	-2	-2	-2	0	5	8	-2	-2	0	11	13	-2	-2	10	2	5	-2	3	-2	-2	13	-2	5	-2	-2	9	-2	-2	11	-2	12	0	-2	11	-2	10	-2	-2	12	-2	1	-2	-2	3	8	-2	8	2	13	8	-2	8	-2	-2	12	-2	-2	-2	11	10	-2	-2	13	-2	13	-2	-2	11	8	0	12	7	-2	-2	7	-2	5	-2	-2	2	0	6	-2	-2	-2	9	9	-2	-2	-2	12	13	-2	-2	5	-2	9	2	1	-2	-2	-2	-2	10	2	-2	11	11	6	-2	-2	2	-2	4	-2	-2	-2	12	-2	-2
# Values
138.0	1079.0	29.0	69.0	68.0	296.0
36.0	18.0	0.0	1.0	8.0	248.0
36.0	0.0	0.0	0.0	2.0	3.0
36.0	0.0	0.0	0.0	0.0	3.0
33.0	0.0	0.0	0.0	0.0	0.0
3.0	0.0	0.0	0.0	0.0	3.0
0.0	0.0	0.0	0.0	0.0	3.0
3.0	0.0	0.0	0.0	0.0	0.0
0.0	0.0	0.0	0.0	2.0	0.0
0.0	18.0	0.0	1.0	6.0	245.0
0.0	18.0	0.0	1.0	2.0	245.0
0.0	18.0	0.0	1.0	0.0	245.0
0.0	0.0	0.0	0.0	0.0	132.0
0.0	18.0	0.0	1.0	0.0	113.0
0.0	18.0	0.0	0.0	0.0	43.0
0.0	17.0	0.0	0.0	0.0	21.0
0.0	4.0	0.0	0.0	0.0	18.0
0.0	1.0	0.0	0.0	0.0	18.0
0.0	1.0	0.0	0.0	0.0	3.0
0.0	0.0	0.0	0.0	0.0	3.0
0.0	1.0	0.0	0.0	0.0	0.0
0.0	0.0	0.0	0.0	0.0	15.0
0.0	3.0	0.0	0.0	0.0	0.0
0.0	13.0	0.0	0.0	0.0	3.0
0.0	12.0	0.0	0.0	0.0	1.0
0.0	10.0	0.0	0.0	0.0	0.0
0.0	2.0	0.0	0.0	0.0	1.0
0.0	1.0	0.0	0.0	0.0	2.0
0.0	0.0	0.0	0.0	0.0	2.0
0.0	1.0	0.0	0.0	0.0	0.0
0.0	1.0	0.0	0.0	0.0	22.0
0.0	0.0	0.0	0.0	0.0	17.0
0.0	1.0	0.0	0.0	0.0	5.0
0.0	1.0	0.0	0.0	0.0	0.0
0.0	0.0	0.0	0.0	0.0	5.0
0.0	0.0	0.0	1.0	0.0	70.0
0.0	0.0	0.0	0.0	0.0	67.0
0.0	0.0	0.0	1.0	0.0	3.0
0.0	0.0	0.0	1.0	0.0	0.0
0.0	0.0	0.0	0.0	0.0	3.0
0.0	0.0	0.0	0.0	2.0	0.0
0.0	0.0	0.0	0.0	4.0	0.0
102.0	1061.0	29.0	68.0	60.0	48.0
91.0	3.0	0.0	0.0	22.0	0.0
91.0	3.0	0.0	0.0	12.0	0.0
88.0	0.0	0.0	0.0	8.0	0.0
85.0	0.0	0.0	0.0	5.0	0.0
49.0	0.0	0.0	0.0	0.0	0.0
36.0	0.0	0.0	0.0	5.0	0.0
36.0	0.0	0.0	0.0	1.0	0.0
36.0	0.0	0.0	0.0	0.0	0.0
0.0	0.0	0.0	0.0	1.0	0.0
0.0	0.0	0.0	0.0	4.0	0.0
3.0	0.0	0.0	0.0	3.0	0.0
0.0	0.0	0.0	0.0	3.0	0.0
3.0	0.0	0.0	0.0	0.0	0.0
3.0	3.0	0.0	0.0	4.0	0.0
3.0	3.0	0.0	0.0	0.0	0.0
3.0	0.0	0.0	0.0	0.0	0.0
0.0	3.0	0.0	0.0	0.0	0.0
0.0	0.0	0.0	0.0	4.0	0.0
0.0	0.0	0.0	0.0	10.0	0.0
11.0	1058.0	29.0	68.0	38.0	48.0
6.0	977.0	20.0	4.0	0.0	12.0
2.0	0.0	15.0	0.0	0.0	0.0
0.0	0.0	15.0	0.0	0.0	0.0
2.0	0.0	0.0	0.0	0.0	0.0
4.0	977.0	5.0	4.0	0.0	12.0
4.0	930.0	2.0	0.0	0.0	2.0
3.0	10.0	0.0	0.0	0.0	0.0
3.0	0.0	0.0	0.0	0.0	0.0
0.0	10.0	0.0	0.0	0.0	0.0
1.0	920.0	2.0	0.0	0.0	2.0
1.0	902.0	0.0	0.0	0.0	2.0
1.0	867.0	0.0	0.0	0.0	0.0
0.0	851.0	0.0	0.0	0.0	0.0
1.0	16.0	0.0	0.0	0.0	0.0
1.0	0.0	0.0	0.0	0.0	0.0
0.0	16.0	0.0	0.0	0.0	0.0
0.0	35.0	0.0	0.0	0.0	2.0
0.0	34.0	0.0	0.0	0.0	0.0
0.0	1.0	0.0	0.0	0.0	2.0
0.0	0.0	0.0	0.0	0.0	2.0
0.0	1.0	0.0	0.0	0.0	0.0
0.0	18.0	2.0	0.0	0.0	0.0
0.0	18.0	0.0	0.0	0.0	0.0
0.0	0.0	2.0	0.0	0.0	0.0
0.0	47.0	3.0	4.0	0.0	10.0
0.0	0.0	0.0	0.0	0.0	5.0
0.0	47.0	3.0	4.0	0.0	5.0
0.0	45.0	0.0	0.0	0.0	5.0
0.0	0.0	0.0	0.0	0.0	3.0
0.0	45.0	0.0	0.0	0.0	2.0
0.0	39.0	0.0	0.0	0.0	0.0
0.0	6.0	0.0	0.0	0.0	2.0
0.0	0.0	0.0	0.0	0.0	2.0
0.0	6.0	0.0	0.0	0.0	0.0
0.0	2.0	3.0	4.0	0.0	0.0
0.0	0.0	0.0	4.0	0.0	0.0
0.0	2.0	3.0	0.0	0.0	0.0
0.0	2.0	0.0	0.0	0.0	0.0
0.0	0.0	3.0	0.0	0.0	0.0
5.0	81.0	9.0	64.0	38.0	36.0
5.0	57.0	5.0	0.0	0.0	12.0
0.0	0.0	5.0	0.0	0.0	0.0
5.0	57.0	0.0	0.0	0.0	12.0
0.0	50.0	0.0	0.0	0.0	5.0
0.0	50.0	0.0	0.0	0.0	4.0
0.0	47.0	0.0	0.0	0.0	2.0
0.0	39.0	0.0	0.0	0.0	0.0
0.0	8.0	0.0	0.0	0.0	2.0
0.0	0.0	0.0	0.0	0.0	2.0
0.0	8.0	0.0	0.0	0.0	0.0
0.0	3.0	0.0	0.0	0.0	2.0
0.0	3.0	0.0	0.0	0.0	0.0
0.0	0.0	0.0	0.0	0.0	2.0
0.0	0.0	0.0	0.0	0.0	1.0
5.0	7.0	0.0	0.0	0.0	7.0
5.0	0.0	0.0	0.0	0.0	5.0
5.0	0.0	0.0	0.0	0.0	0.0
0.0	0.0	0.0	0.0	0.0	5.0
0.0	7.0	0.0	0.0	0.0	2.0
0.0	6.0	0.0	0.0	0.0	0.0
0.0	1.0	0.0	0.0	0.0	2.0
0.0	0.0	0.0	0.0	0.0	2.0
0.0	1.0	0.0	0.0	0.0	0.0
0.0	24.0	4.0	64.0	38.0	24.0
0.0	22.0	0.0	4.0	37.0	19.0
0.0	21.0	0.0	2.0	6.0	15.0
0.0	21.0	0.0	0.0	1.0	7.0
0.0	19.0	0.0	0.0	0.0	2.0
0.0	19.0	0.0	0.0	0.0	0.0
0.0	0.0	0.0	0.0	0.0	2.0
0.0	2.0	0.0	0.0	1.0	5.0
0.0	2.0	0.0	0.0	0.0	0.0
0.0	0.0	0.0	0.0	1.0	5.0
0.0	0.0	0.0	0.0	0.0	5.0
0.0	0.0	0.0	0.0	1.0	0.0
0.0	0.0	0.0	2.0	5.0	8.0
0.0	0.0	0.0	1.0	1.0	8.0
0.0	0.0	0.0	1.0	1.0	0.0
0.0	0.0	0.0	0.0	1.0	0.0
0.0	0.0	0.0	1.0	0.0	0.0
0.0	0.0	0.0	0.0	0.0	8.0
0.0	0.0	0.0	1.0	4.0	0.0
0.0	0.0	0.0	1.0	1.0	0.0
0.0	0.0	0.0	0.0	1.0	0.0
0.0	0.0	0.0	1.0	0.0	0.0
0.0	0.0	0.0	0.0	3.0	0.0
0.0	1.0	0.0	2.0	31.0	4.0
0.0	1.0	0.0	0.0	0.0	2.0
0.0	1.0	0.0	0.0	0.0	0.0
0.0	0.0	0.0	0.0	0.0	2.0
0.0	0.0	0.0	2.0	31.0	2.0
0.0	0.0	0.0	1.0	0.0	0.0
0.0	0.0	0.0	1.0	31.0	2.0
0.0	0.0	0.0	0.0	31.0	2.0
0.0	0.0	0.0	0.0	5.0	2.0
0.0	0.0	0.0	0.0	5.0	0.0
0.0	0.0	0.0	0.0	0.0	2.0
0.0	0.0	0.0	0.0	26.0	0.0
0.0	0.0	0.0	1.0	0.0	0.0
0.0	2.0	4.0	60.0	1.0	5.0
0.0	2.0	0.0	60.0	1.0	2.0
0.0	0.0	0.0	0.0	0.0	1.0
0.0	2.0	0.0	60.0	1.0	1.0
0.0	2.0	0.0	60.0	1.0	0.0
0.0	2.0	0.0	4.0	0.0	0.0
0.0	2.0	0.0	0.0	0.0	0.0
0.0	0.0	0.0	4.0	0.0	0.0
0.0	0.0	0.0	56.0	1.0	0.0
0.0	0.0	0.0	54.0	0.0	0.0
0.0	0.0	0.0	2.0	1.0	0.0
0.0	0.0	0.0	2.0	0.0	0.0
0.0	0.0	0.0	0.0	1.0	0.0
0.0	0.0	0.0	0.0	0.0	1.0
0.0	0.0	4.0	0.0	0.0	3.0
0.0	0.0	4.0	0.0	0.0	0.0
0.0	0.0	0.0	0.0	0.0	3.0
