# Sizes (NFeatures, Nclasses, NodeCount, MaxDepth)
14	6	153	13
# Classes
0.0	1.0	2.0	3.0	4.0	5.0
# Feature Names
Nrows	Ncols	Nnnz	AvgNnnz	Density	MaxRowNnnz	MinRowNnnz	StdRowNnnz	NDiags	NTrueDiags	AvgNnnzDia	AvgNnnzELL	AvgNnnzHyb	AvgNnnzHdc
# Left
1	2	3	-1	-1	6	7	8	9	10	11	12	13	-1	-1	-1	-1	-1	19	-1	-1	22	23	24	-1	26	-1	28	-1	-1	-1	-1	33	-1	-1	36	-1	-1	39	40	41	-1	43	-1	45	-1	-1	48	-1	50	51	52	-1	54	-1	-1	57	58	-1	60	-1	-1	-1	64	-1	-1	67	68	69	70	-1	-1	-1	74	-1	76	77	-1	-1	-1	81	82	-1	84	85	-1	-1	88	89	90	91	-1	-1	94	95	-1	-1	-1	99	100	101	-1	-1	104	-1	106	-1	108	-1	-1	111	-1	-1	-1	115	116	117	118	-1	120	-1	122	-1	-1	-1	126	-1	128	-1	130	-1	-1	133	134	135	136	-1	-1	139	-1	141	142	-1	-1	-1	146	-1	-1	149	-1	151	-1	-1
# Right
38	5	4	-1	-1	35	32	21	18	17	16	15	14	-1	-1	-1	-1	-1	20	-1	-1	31	30	25	-1	27	-1	29	-1	-1	-1	-1	34	-1	-1	37	-1	-1	66	47	42	-1	44	-1	46	-1	-1	49	-1	63	56	53	-1	55	-1	-1	62	59	-1	61	-1	-1	-1	65	-1	-1	80	73	72	71	-1	-1	-1	75	-1	79	78	-1	-1	-1	114	83	-1	87	86	-1	-1	113	98	93	92	-1	-1	97	96	-1	-1	-1	110	103	102	-1	-1	105	-1	107	-1	109	-1	-1	112	-1	-1	-1	132	125	124	119	-1	121	-1	123	-1	-1	-1	127	-1	129	-1	131	-1	-1	148	145	138	137	-1	-1	140	-1	144	143	-1	-1	-1	147	-1	-1	150	-1	152	-1	-1
# Threshold
0.5	0.0029740900499746203	0.7710770070552826	-2.0	-2.0	243.99349975585938	59213500.0	8.42464542388916	0.9739084839820862	14.5	3.0341200828552246	0.38742849230766296	2.5	-2.0	-2.0	-2.0	-2.0	-2.0	2.8783849302271847e-05	-2.0	-2.0	85.0	338480.5	2215.5	-2.0	25.98194980621338	-2.0	194570.5	-2.0	-2.0	-2.0	-2.0	29618350.0	-2.0	-2.0	0.33542250096797943	-2.0	-2.0	39490.5	0.0034204949624836445	0.00035591649066191167	-2.0	12.179200172424316	-2.0	0.36862100660800934	-2.0	-2.0	2.0	-2.0	2724.0	683501.5	554014.0	-2.0	70.0	-2.0	-2.0	0.0019300199928693473	0.45476698875427246	-2.0	0.5581855177879333	-2.0	-2.0	-2.0	262109.0	-2.0	-2.0	0.0030617000302299857	4.0	527972.5	30.751349449157715	-2.0	-2.0	-2.0	48.8577995300293	-2.0	0.00026111999977729283	604657.5	-2.0	-2.0	-2.0	14.145150184631348	24.0	-2.0	789670.0	0.0036907298490405083	-2.0	-2.0	15.0	5.185370206832886	1.1556400060653687	1.5906599628578988e-06	-2.0	-2.0	0.41559550166130066	77.3922004699707	-2.0	-2.0	-2.0	2.581339955329895	1.1460859923317912e-06	6.259385116891281e-07	-2.0	-2.0	3.5745149850845337	-2.0	12.0	-2.0	4.0	-2.0	-2.0	5558835.0	-2.0	-2.0	-2.0	0.38368000090122223	64063.0	2.131564974784851	0.008626944851130247	-2.0	184392.0	-2.0	0.6358304917812347	-2.0	-2.0	-2.0	2.0	-2.0	1.2351950407028198	-2.0	0.04282138356938958	-2.0	-2.0	0.03836330026388168	0.0005598269926849753	0.4417559951543808	971667.5	-2.0	-2.0	1095950.0	-2.0	15.96934986114502	171794.0	-2.0	-2.0	-2.0	0.5856974720954895	-2.0	-2.0	0.3166724890470505	-2.0	58010.5	-2.0	-2.0
# Feature
9	11	12	-2	-2	7	2	7	13	5	7	13	6	-2	-2	-2	-2	-2	4	-2	-2	5	2	1	-2	7	-2	2	-2	-2	-2	-2	1	-2	-2	13	-2	-2	0	11	4	-2	3	-2	13	-2	-2	5	-2	5	2	2	-2	8	-2	-2	4	11	-2	11	-2	-2	-2	2	-2	-2	11	9	2	7	-2	-2	-2	7	-2	11	8	-2	-2	-2	3	8	-2	2	11	-2	-2	9	3	12	10	-2	-2	13	12	-2	-2	-2	7	10	10	-2	-2	12	-2	5	-2	6	-2	-2	2	-2	-2	-2	11	8	12	11	-2	0	-2	13	-2	-2	-2	9	-2	12	-2	11	-2	-2	10	4	11	0	-2	-2	2	-2	3	0	-2	-2	-2	13	-2	-2	10	-2	0	-2	-2
# Values
110.0	1103.0	38.0	60.0	74.0	294.0
29.0	18.0	0.0	1.0	8.0	246.0
26.0	0.0	0.0	0.0	2.0	0.0
26.0	0.0	0.0	0.0	0.0	0.0
0.0	0.0	0.0	0.0	2.0	0.0
3.0	18.0	0.0	1.0	6.0	246.0
1.0	18.0	0.0	1.0	1.0	246.0
0.0	18.0	0.0	1.0	0.0	246.0
0.0	5.0	0.0	1.0	0.0	191.0
0.0	5.0	0.0	0.0	0.0	190.0
0.0	5.0	0.0	0.0	0.0	55.0
0.0	2.0	0.0	0.0	0.0	55.0
0.0	2.0	0.0	0.0	0.0	6.0
0.0	2.0	0.0	0.0	0.0	0.0
0.0	0.0	0.0	0.0	0.0	6.0
0.0	0.0	0.0	0.0	0.0	49.0
0.0	3.0	0.0	0.0	0.0	0.0
0.0	0.0	0.0	0.0	0.0	135.0
0.0	0.0	0.0	1.0	0.0	1.0
0.0	0.0	0.0	0.0	0.0	1.0
0.0	0.0	0.0	1.0	0.0	0.0
0.0	13.0	0.0	0.0	0.0	55.0
0.0	13.0	0.0	0.0	0.0	10.0
0.0	13.0	0.0	0.0	0.0	5.0
0.0	0.0	0.0	0.0	0.0	2.0
0.0	13.0	0.0	0.0	0.0	3.0
0.0	9.0	0.0	0.0	0.0	0.0
0.0	4.0	0.0	0.0	0.0	3.0
0.0	1.0	0.0	0.0	0.0	1.0
0.0	3.0	0.0	0.0	0.0	2.0
0.0	0.0	0.0	0.0	0.0	5.0
0.0	0.0	0.0	0.0	0.0	45.0
1.0	0.0	0.0	0.0	1.0	0.0
0.0	0.0	0.0	0.0	1.0	0.0
1.0	0.0	0.0	0.0	0.0	0.0
2.0	0.0	0.0	0.0	5.0	0.0
0.0	0.0	0.0	0.0	5.0	0.0
2.0	0.0	0.0	0.0	0.0	0.0
81.0	1085.0	38.0	59.0	66.0	48.0
22.0	961.0	17.0	0.0	6.0	8.0
15.0	0.0	0.0	0.0	6.0	0.0
0.0	0.0	0.0	0.0	5.0	0.0
15.0	0.0	0.0	0.0	1.0	0.0
13.0	0.0	0.0	0.0	0.0	0.0
2.0	0.0	0.0	0.0	1.0	0.0
0.0	0.0	0.0	0.0	1.0	0.0
2.0	0.0	0.0	0.0	0.0	0.0
7.0	961.0	17.0	0.0	0.0	8.0
0.0	0.0	16.0	0.0	0.0	0.0
7.0	961.0	1.0	0.0	0.0	8.0
0.0	950.0	1.0	0.0	0.0	8.0
0.0	891.0	1.0	0.0	0.0	0.0
0.0	881.0	0.0	0.0	0.0	0.0
0.0	10.0	1.0	0.0	0.0	0.0
0.0	0.0	1.0	0.0	0.0	0.0
0.0	10.0	0.0	0.0	0.0	0.0
0.0	59.0	0.0	0.0	0.0	8.0
0.0	3.0	0.0	0.0	0.0	8.0
0.0	0.0	0.0	0.0	0.0	7.0
0.0	3.0	0.0	0.0	0.0	1.0
0.0	3.0	0.0	0.0	0.0	0.0
0.0	0.0	0.0	0.0	0.0	1.0
0.0	56.0	0.0	0.0	0.0	0.0
7.0	11.0	0.0	0.0	0.0	0.0
7.0	0.0	0.0	0.0	0.0	0.0
0.0	11.0	0.0	0.0	0.0	0.0
59.0	124.0	21.0	59.0	60.0	40.0
50.0	0.0	0.0	0.0	7.0	0.0
41.0	0.0	0.0	0.0	2.0	0.0
3.0	0.0	0.0	0.0	2.0	0.0
3.0	0.0	0.0	0.0	0.0	0.0
0.0	0.0	0.0	0.0	2.0	0.0
38.0	0.0	0.0	0.0	0.0	0.0
9.0	0.0	0.0	0.0	5.0	0.0
0.0	0.0	0.0	0.0	3.0	0.0
9.0	0.0	0.0	0.0	2.0	0.0
1.0	0.0	0.0	0.0	2.0	0.0
0.0	0.0	0.0	0.0	2.0	0.0
1.0	0.0	0.0	0.0	0.0	0.0
8.0	0.0	0.0	0.0	0.0	0.0
9.0	124.0	21.0	59.0	53.0	40.0
9.0	98.0	17.0	7.0	0.0	22.0
0.0	0.0	17.0	0.0	0.0	0.0
9.0	98.0	0.0	7.0	0.0	22.0
1.0	57.0	0.0	0.0	0.0	0.0
1.0	0.0	0.0	0.0	0.0	0.0
0.0	57.0	0.0	0.0	0.0	0.0
8.0	41.0	0.0	7.0	0.0	22.0
8.0	41.0	0.0	1.0	0.0	22.0
7.0	24.0	0.0	0.0	0.0	1.0
7.0	2.0	0.0	0.0	0.0	0.0
7.0	0.0	0.0	0.0	0.0	0.0
0.0	2.0	0.0	0.0	0.0	0.0
0.0	22.0	0.0	0.0	0.0	1.0
0.0	5.0	0.0	0.0	0.0	1.0
0.0	0.0	0.0	0.0	0.0	1.0
0.0	5.0	0.0	0.0	0.0	0.0
0.0	17.0	0.0	0.0	0.0	0.0
1.0	17.0	0.0	1.0	0.0	21.0
1.0	5.0	0.0	1.0	0.0	20.0
1.0	3.0	0.0	0.0	0.0	0.0
1.0	0.0	0.0	0.0	0.0	0.0
0.0	3.0	0.0	0.0	0.0	0.0
0.0	2.0	0.0	1.0	0.0	20.0
0.0	0.0	0.0	0.0	0.0	19.0
0.0	2.0	0.0	1.0	0.0	1.0
0.0	2.0	0.0	0.0	0.0	0.0
0.0	0.0	0.0	1.0	0.0	1.0
0.0	0.0	0.0	0.0	0.0	1.0
0.0	0.0	0.0	1.0	0.0	0.0
0.0	12.0	0.0	0.0	0.0	1.0
0.0	12.0	0.0	0.0	0.0	0.0
0.0	0.0	0.0	0.0	0.0	1.0
0.0	0.0	0.0	6.0	0.0	0.0
0.0	26.0	4.0	52.0	53.0	18.0
0.0	19.0	0.0	0.0	50.0	9.0
0.0	16.0	0.0	0.0	6.0	7.0
0.0	16.0	0.0	0.0	6.0	1.0
0.0	0.0	0.0	0.0	4.0	0.0
0.0	16.0	0.0	0.0	2.0	1.0
0.0	16.0	0.0	0.0	0.0	0.0
0.0	0.0	0.0	0.0	2.0	1.0
0.0	0.0	0.0	0.0	2.0	0.0
0.0	0.0	0.0	0.0	0.0	1.0
0.0	0.0	0.0	0.0	0.0	6.0
0.0	3.0	0.0	0.0	44.0	2.0
0.0	3.0	0.0	0.0	0.0	0.0
0.0	0.0	0.0	0.0	44.0	2.0
0.0	0.0	0.0	0.0	33.0	0.0
0.0	0.0	0.0	0.0	11.0	2.0
0.0	0.0	0.0	0.0	0.0	2.0
0.0	0.0	0.0	0.0	11.0	0.0
0.0	7.0	4.0	52.0	3.0	9.0
0.0	7.0	0.0	51.0	3.0	1.0
0.0	1.0	0.0	49.0	3.0	1.0
0.0	0.0	0.0	4.0	3.0	0.0
0.0	0.0	0.0	4.0	0.0	0.0
0.0	0.0	0.0	0.0	3.0	0.0
0.0	1.0	0.0	45.0	0.0	1.0
0.0	0.0	0.0	0.0	0.0	1.0
0.0	1.0	0.0	45.0	0.0	0.0
0.0	1.0	0.0	1.0	0.0	0.0
0.0	1.0	0.0	0.0	0.0	0.0
0.0	0.0	0.0	1.0	0.0	0.0
0.0	0.0	0.0	44.0	0.0	0.0
0.0	6.0	0.0	2.0	0.0	0.0
0.0	6.0	0.0	0.0	0.0	0.0
0.0	0.0	0.0	2.0	0.0	0.0
0.0	0.0	4.0	1.0	0.0	8.0
0.0	0.0	0.0	0.0	0.0	8.0
0.0	0.0	4.0	1.0	0.0	0.0
0.0	0.0	0.0	1.0	0.0	0.0
0.0	0.0	4.0	0.0	0.0	0.0
