# Sizes (NFeatures, Nclasses, NodeCount, MaxDepth)
14	6	167	13
# Classes
0.0	1.0	2.0	3.0	4.0	5.0
# Feature Names
Nrows	Ncols	Nnnz	AvgNnnz	Density	MaxRowNnnz	MinRowNnnz	StdRowNnnz	NDiags	NTrueDiags	AvgNnnzDia	AvgNnnzELL	AvgNnnzHyb	AvgNnnzHdc
# Left
1	2	3	-1	5	6	7	-1	-1	10	-1	12	-1	14	15	16	17	-1	19	20	-1	-1	23	-1	-1	-1	-1	-1	29	-1	31	-1	-1	34	-1	-1	37	38	39	40	41	42	-1	44	-1	-1	47	-1	-1	50	-1	52	53	-1	-1	-1	-1	58	-1	60	-1	-1	63	64	65	-1	-1	68	69	-1	-1	72	73	-1	75	-1	-1	78	79	80	81	-1	-1	-1	85	86	87	-1	-1	90	91	-1	-1	94	-1	-1	-1	-1	99	100	101	102	103	-1	-1	106	107	-1	109	110	-1	-1	-1	114	-1	-1	117	118	-1	-1	121	122	123	124	-1	-1	-1	-1	129	-1	-1	-1	133	134	135	136	-1	138	139	-1	-1	-1	-1	144	-1	146	147	-1	-1	-1	151	152	153	154	-1	-1	-1	158	159	-1	161	-1	-1	-1	165	-1	-1
# Right
36	33	4	-1	28	9	8	-1	-1	11	-1	13	-1	27	26	25	18	-1	22	21	-1	-1	24	-1	-1	-1	-1	-1	30	-1	32	-1	-1	35	-1	-1	62	57	56	49	46	43	-1	45	-1	-1	48	-1	-1	51	-1	55	54	-1	-1	-1	-1	59	-1	61	-1	-1	98	67	66	-1	-1	71	70	-1	-1	77	74	-1	76	-1	-1	97	84	83	82	-1	-1	-1	96	89	88	-1	-1	93	92	-1	-1	95	-1	-1	-1	-1	132	131	116	105	104	-1	-1	113	108	-1	112	111	-1	-1	-1	115	-1	-1	120	119	-1	-1	128	127	126	125	-1	-1	-1	-1	130	-1	-1	-1	150	143	142	137	-1	141	140	-1	-1	-1	-1	145	-1	149	148	-1	-1	-1	164	157	156	155	-1	-1	-1	163	160	-1	162	-1	-1	-1	166	-1	-1
# Threshold
0.5	2327.5	0.002717140014283359	-2.0	0.9818749725818634	3.667809611584971e-07	37.0	-2.0	-2.0	0.11508850008249283	-2.0	0.13058749586343765	-2.0	1.1816700100898743	1.164400041103363	38.65010070800781	0.3869989961385727	-2.0	0.4669345021247864	59339.0	-2.0	-2.0	0.9300810098648071	-2.0	-2.0	-2.0	-2.0	-2.0	12.808949947357178	-2.0	13.810550212860107	-2.0	-2.0	0.7257094979286194	-2.0	-2.0	0.0035538749070838094	0.85869500041008	25.955100059509277	506039.5	47954.5	12.179200172424316	-2.0	6732.5	-2.0	-2.0	8.623679968877696e-05	-2.0	-2.0	4.0	-2.0	0.0003896924863511231	9.597099781036377	-2.0	-2.0	-2.0	-2.0	4.5	-2.0	15.219780385494232	-2.0	-2.0	53470.0	2.0	0.5488654971122742	-2.0	-2.0	0.004387805005535483	7084.5	-2.0	-2.0	19837.5	1572.5	-2.0	1659.5	-2.0	-2.0	0.8052780032157898	10.0	0.007384015014395118	9.844854831695557	-2.0	-2.0	-2.0	53.5	641688.0	26272.0	-2.0	-2.0	16413.0	4.747380018234253	-2.0	-2.0	0.0007768359791953117	-2.0	-2.0	-2.0	-2.0	13.930500030517578	0.25467229587957263	0.3853730112314224	845767.0	0.33698250353336334	-2.0	-2.0	0.7933369874954224	2.5	-2.0	7149155.0	7.400944948196411	-2.0	-2.0	-2.0	35.97527861595154	-2.0	-2.0	2.48442006111145	2.1183199882507324	-2.0	-2.0	0.6905134916305542	9.0	1.347740044366219e-05	1.5	-2.0	-2.0	-2.0	-2.0	1.7700400352478027	-2.0	-2.0	-2.0	0.32575300335884094	121170.0	2.02887499332428	114619.5	-2.0	18.0	10972550.0	-2.0	-2.0	-2.0	-2.0	3751715.0	-2.0	20.485599517822266	0.06269455351866782	-2.0	-2.0	-2.0	0.9846160113811493	28710150.0	15.98354959487915	29.5	-2.0	-2.0	-2.0	0.7602345049381256	66.89595031738281	-2.0	2.5660749673843384	-2.0	-2.0	-2.0	0.5280220061540604	-2.0	-2.0
# Feature
9	5	11	-2	13	10	5	-2	-2	11	-2	11	-2	12	12	3	13	-2	13	2	-2	-2	12	-2	-2	-2	-2	-2	3	-2	3	-2	-2	12	-2	-2	11	12	3	2	8	3	-2	5	-2	-2	10	-2	-2	9	-2	11	3	-2	-2	-2	-2	9	-2	7	-2	-2	1	5	10	-2	-2	11	0	-2	-2	0	5	-2	5	-2	-2	10	9	11	3	-2	-2	-2	9	2	1	-2	-2	8	7	-2	-2	4	-2	-2	-2	-2	3	10	13	2	13	-2	-2	11	9	-2	8	7	-2	-2	-2	12	-2	-2	3	3	-2	-2	13	9	10	6	-2	-2	-2	-2	12	-2	-2	-2	11	8	12	0	-2	9	2	-2	-2	-2	-2	2	-2	7	11	-2	-2	-2	11	2	3	5	-2	-2	-2	13	3	-2	12	-2	-2	-2	13	-2	-2
# Values
133.0	1074.0	35.0	78.0	52.0	307.0
31.0	11.0	0.0	3.0	4.0	251.0
4.0	11.0	0.0	3.0	1.0	251.0
3.0	0.0	0.0	0.0	0.0	0.0
1.0	11.0	0.0	3.0	1.0	251.0
1.0	11.0	0.0	0.0	0.0	250.0
1.0	0.0	0.0	0.0	0.0	1.0
0.0	0.0	0.0	0.0	0.0	1.0
1.0	0.0	0.0	0.0	0.0	0.0
0.0	11.0	0.0	0.0	0.0	249.0
0.0	0.0	0.0	0.0	0.0	130.0
0.0	11.0	0.0	0.0	0.0	119.0
0.0	3.0	0.0	0.0	0.0	0.0
0.0	8.0	0.0	0.0	0.0	119.0
0.0	8.0	0.0	0.0	0.0	47.0
0.0	6.0	0.0	0.0	0.0	47.0
0.0	5.0	0.0	0.0	0.0	47.0
0.0	0.0	0.0	0.0	0.0	28.0
0.0	5.0	0.0	0.0	0.0	19.0
0.0	4.0	0.0	0.0	0.0	1.0
0.0	4.0	0.0	0.0	0.0	0.0
0.0	0.0	0.0	0.0	0.0	1.0
0.0	1.0	0.0	0.0	0.0	18.0
0.0	1.0	0.0	0.0	0.0	0.0
0.0	0.0	0.0	0.0	0.0	18.0
0.0	1.0	0.0	0.0	0.0	0.0
0.0	2.0	0.0	0.0	0.0	0.0
0.0	0.0	0.0	0.0	0.0	72.0
0.0	0.0	0.0	3.0	1.0	1.0
0.0	0.0	0.0	3.0	0.0	0.0
0.0	0.0	0.0	0.0	1.0	1.0
0.0	0.0	0.0	0.0	0.0	1.0
0.0	0.0	0.0	0.0	1.0	0.0
27.0	0.0	0.0	0.0	3.0	0.0
27.0	0.0	0.0	0.0	0.0	0.0
0.0	0.0	0.0	0.0	3.0	0.0
102.0	1063.0	35.0	75.0	48.0	56.0
86.0	1.0	0.0	0.0	17.0	0.0
84.0	0.0	0.0	0.0	12.0	0.0
84.0	0.0	0.0	0.0	10.0	0.0
35.0	0.0	0.0	0.0	9.0	0.0
31.0	0.0	0.0	0.0	1.0	0.0
29.0	0.0	0.0	0.0	0.0	0.0
2.0	0.0	0.0	0.0	1.0	0.0
2.0	0.0	0.0	0.0	0.0	0.0
0.0	0.0	0.0	0.0	1.0	0.0
4.0	0.0	0.0	0.0	8.0	0.0
4.0	0.0	0.0	0.0	0.0	0.0
0.0	0.0	0.0	0.0	8.0	0.0
49.0	0.0	0.0	0.0	1.0	0.0
43.0	0.0	0.0	0.0	0.0	0.0
6.0	0.0	0.0	0.0	1.0	0.0
1.0	0.0	0.0	0.0	1.0	0.0
1.0	0.0	0.0	0.0	0.0	0.0
0.0	0.0	0.0	0.0	1.0	0.0
5.0	0.0	0.0	0.0	0.0	0.0
0.0	0.0	0.0	0.0	2.0	0.0
2.0	1.0	0.0	0.0	5.0	0.0
2.0	0.0	0.0	0.0	0.0	0.0
0.0	1.0	0.0	0.0	5.0	0.0
0.0	1.0	0.0	0.0	0.0	0.0
0.0	0.0	0.0	0.0	5.0	0.0
16.0	1062.0	35.0	75.0	31.0	56.0
11.0	974.0	25.0	1.0	0.0	11.0
2.0	0.0	20.0	0.0	0.0	0.0
2.0	0.0	0.0	0.0	0.0	0.0
0.0	0.0	20.0	0.0	0.0	0.0
9.0	974.0	5.0	1.0	0.0	11.0
6.0	5.0	0.0	0.0	0.0	0.0
6.0	0.0	0.0	0.0	0.0	0.0
0.0	5.0	0.0	0.0	0.0	0.0
3.0	969.0	5.0	1.0	0.0	11.0
3.0	853.0	0.0	0.0	0.0	0.0
0.0	832.0	0.0	0.0	0.0	0.0
3.0	21.0	0.0	0.0	0.0	0.0
3.0	0.0	0.0	0.0	0.0	0.0
0.0	21.0	0.0	0.0	0.0	0.0
0.0	116.0	5.0	1.0	0.0	11.0
0.0	116.0	1.0	1.0	0.0	11.0
0.0	85.0	0.0	0.0	0.0	1.0
0.0	2.0	0.0	0.0	0.0	1.0
0.0	2.0	0.0	0.0	0.0	0.0
0.0	0.0	0.0	0.0	0.0	1.0
0.0	83.0	0.0	0.0	0.0	0.0
0.0	31.0	1.0	1.0	0.0	10.0
0.0	7.0	1.0	1.0	0.0	10.0
0.0	3.0	1.0	0.0	0.0	0.0
0.0	0.0	1.0	0.0	0.0	0.0
0.0	3.0	0.0	0.0	0.0	0.0
0.0	4.0	0.0	1.0	0.0	10.0
0.0	0.0	0.0	1.0	0.0	8.0
0.0	0.0	0.0	1.0	0.0	0.0
0.0	0.0	0.0	0.0	0.0	8.0
0.0	4.0	0.0	0.0	0.0	2.0
0.0	0.0	0.0	0.0	0.0	2.0
0.0	4.0	0.0	0.0	0.0	0.0
0.0	24.0	0.0	0.0	0.0	0.0
0.0	0.0	4.0	0.0	0.0	0.0
5.0	88.0	10.0	74.0	31.0	45.0
5.0	64.0	10.0	5.0	0.0	21.0
5.0	64.0	0.0	5.0	0.0	21.0
2.0	20.0	0.0	5.0	0.0	16.0
0.0	13.0	0.0	0.0	0.0	2.0
0.0	0.0	0.0	0.0	0.0	2.0
0.0	13.0	0.0	0.0	0.0	0.0
2.0	7.0	0.0	5.0	0.0	14.0
2.0	5.0	0.0	0.0	0.0	14.0
0.0	4.0	0.0	0.0	0.0	0.0
2.0	1.0	0.0	0.0	0.0	14.0
0.0	1.0	0.0	0.0	0.0	14.0
0.0	0.0	0.0	0.0	0.0	14.0
0.0	1.0	0.0	0.0	0.0	0.0
2.0	0.0	0.0	0.0	0.0	0.0
0.0	2.0	0.0	5.0	0.0	0.0
0.0	0.0	0.0	5.0	0.0	0.0
0.0	2.0	0.0	0.0	0.0	0.0
3.0	44.0	0.0	0.0	0.0	5.0
3.0	2.0	0.0	0.0	0.0	0.0
0.0	2.0	0.0	0.0	0.0	0.0
3.0	0.0	0.0	0.0	0.0	0.0
0.0	42.0	0.0	0.0	0.0	5.0
0.0	39.0	0.0	0.0	0.0	2.0
0.0	39.0	0.0	0.0	0.0	1.0
0.0	6.0	0.0	0.0	0.0	1.0
0.0	0.0	0.0	0.0	0.0	1.0
0.0	6.0	0.0	0.0	0.0	0.0
0.0	33.0	0.0	0.0	0.0	0.0
0.0	0.0	0.0	0.0	0.0	1.0
0.0	3.0	0.0	0.0	0.0	3.0
0.0	3.0	0.0	0.0	0.0	0.0
0.0	0.0	0.0	0.0	0.0	3.0
0.0	0.0	10.0	0.0	0.0	0.0
0.0	24.0	0.0	69.0	31.0	24.0
0.0	20.0	0.0	0.0	25.0	14.0
0.0	20.0	0.0	0.0	2.0	10.0
0.0	20.0	0.0	0.0	2.0	4.0
0.0	18.0	0.0	0.0	0.0	0.0
0.0	2.0	0.0	0.0	2.0	4.0
0.0	2.0	0.0	0.0	0.0	4.0
0.0	0.0	0.0	0.0	0.0	4.0
0.0	2.0	0.0	0.0	0.0	0.0
0.0	0.0	0.0	0.0	2.0	0.0
0.0	0.0	0.0	0.0	0.0	6.0
0.0	0.0	0.0	0.0	23.0	4.0
0.0	0.0	0.0	0.0	0.0	2.0
0.0	0.0	0.0	0.0	23.0	2.0
0.0	0.0	0.0	0.0	3.0	2.0
0.0	0.0	0.0	0.0	0.0	2.0
0.0	0.0	0.0	0.0	3.0	0.0
0.0	0.0	0.0	0.0	20.0	0.0
0.0	4.0	0.0	69.0	6.0	10.0
0.0	4.0	0.0	66.0	6.0	0.0
0.0	3.0	0.0	58.0	0.0	0.0
0.0	3.0	0.0	4.0	0.0	0.0
0.0	0.0	0.0	4.0	0.0	0.0
0.0	3.0	0.0	0.0	0.0	0.0
0.0	0.0	0.0	54.0	0.0	0.0
0.0	1.0	0.0	8.0	6.0	0.0
0.0	1.0	0.0	1.0	6.0	0.0
0.0	0.0	0.0	0.0	6.0	0.0
0.0	1.0	0.0	1.0	0.0	0.0
0.0	1.0	0.0	0.0	0.0	0.0
0.0	0.0	0.0	1.0	0.0	0.0
0.0	0.0	0.0	7.0	0.0	0.0
0.0	0.0	0.0	3.0	0.0	10.0
0.0	0.0	0.0	0.0	0.0	10.0
0.0	0.0	0.0	3.0	0.0	0.0
