# Sizes (NFeatures, Nclasses, NodeCount, MaxDepth)
14	6	167	12
# Classes
0.0	1.0	2.0	3.0	4.0	5.0
# Feature Names
Nrows	Ncols	Nnnz	AvgNnnz	Density	MaxRowNnnz	MinRowNnnz	StdRowNnnz	NDiags	NTrueDiags	AvgNnnzDia	AvgNnnzELL	AvgNnnzHyb	AvgNnnzHdc
# Left
1	2	3	-1	-1	6	7	-1	9	10	11	12	-1	-1	-1	-1	17	18	19	20	-1	-1	-1	-1	25	-1	-1	28	-1	-1	31	32	33	34	35	36	37	38	39	-1	-1	42	-1	44	-1	-1	-1	-1	-1	-1	51	-1	-1	54	55	-1	-1	-1	59	60	61	62	-1	64	-1	-1	67	-1	69	70	71	-1	73	-1	-1	76	77	78	-1	-1	-1	-1	83	84	85	-1	87	88	-1	-1	-1	92	-1	94	-1	-1	-1	-1	99	100	101	-1	103	104	-1	106	-1	-1	109	110	111	-1	-1	114	-1	-1	117	-1	-1	-1	121	122	123	124	125	-1	-1	-1	129	-1	-1	132	133	-1	-1	136	-1	138	139	-1	-1	-1	143	144	145	-1	147	-1	149	150	151	-1	-1	-1	-1	156	157	-1	-1	160	-1	-1	163	164	-1	-1	-1
# Right
30	5	4	-1	-1	27	8	-1	16	15	14	13	-1	-1	-1	-1	24	23	22	21	-1	-1	-1	-1	26	-1	-1	29	-1	-1	58	53	50	49	48	47	46	41	40	-1	-1	43	-1	45	-1	-1	-1	-1	-1	-1	52	-1	-1	57	56	-1	-1	-1	98	97	66	63	-1	65	-1	-1	68	-1	82	75	72	-1	74	-1	-1	81	80	79	-1	-1	-1	-1	96	91	86	-1	90	89	-1	-1	-1	93	-1	95	-1	-1	-1	-1	120	119	102	-1	108	105	-1	107	-1	-1	116	113	112	-1	-1	115	-1	-1	118	-1	-1	-1	142	131	128	127	126	-1	-1	-1	130	-1	-1	135	134	-1	-1	137	-1	141	140	-1	-1	-1	162	155	146	-1	148	-1	154	153	152	-1	-1	-1	-1	159	158	-1	-1	161	-1	-1	166	165	-1	-1	-1
# Threshold
0.5	0.003293955000117421	208226504.0	-2.0	-2.0	0.9818749725818634	4378.5	-2.0	8333.5	1.246370017528534	0.5	794.0	-2.0	-2.0	-2.0	-2.0	39494850.0	635.4399948120117	6873.5	0.4049549996852875	-2.0	-2.0	-2.0	-2.0	1.0440750122070312	-2.0	-2.0	13.140600204467773	-2.0	-2.0	0.003800269914790988	17.617499828338623	0.9952704906463623	0.6171824932098389	7159.5	74.4176025390625	783556.0	0.0008771180000621825	2.0	-2.0	-2.0	50372.0	-2.0	29.31929874420166	-2.0	-2.0	-2.0	-2.0	-2.0	-2.0	12524.0	-2.0	-2.0	0.4756379872560501	0.0005574679817073047	-2.0	-2.0	-2.0	60051.5	0.9873084723949432	0.004547294927760959	0.004360140068456531	-2.0	0.40879949927330017	-2.0	-2.0	0.603241503238678	-2.0	886489.5	479776.0	43.46059989929199	-2.0	45.011749267578125	-2.0	-2.0	0.9417385160923004	0.0014724829816259444	38590.0	-2.0	-2.0	-2.0	-2.0	2.1426600217819214	0.607276976108551	37.5	-2.0	44.863948822021484	1.7520250082015991	-2.0	-2.0	-2.0	38202.0	-2.0	0.46667250990867615	-2.0	-2.0	-2.0	-2.0	10.539299964904785	0.8274945020675659	345.0	-2.0	496007.0	0.7035685181617737	-2.0	2.5930400490760803	-2.0	-2.0	4312845.0	0.4479205012321472	6.5075249671936035	-2.0	-2.0	9641310.0	-2.0	-2.0	0.32086900621652603	-2.0	-2.0	-2.0	0.38368000090122223	129193.0	184885.0	322.12400817871094	1.7591450214385986	-2.0	-2.0	-2.0	50.25200080871582	-2.0	-2.0	0.8272299766540527	0.34964199364185333	-2.0	-2.0	99349.5	-2.0	20.485599517822266	6332950.0	-2.0	-2.0	-2.0	0.03836330026388168	28710150.0	0.8267360031604767	-2.0	2.4430049961665645e-05	-2.0	38.0	0.39198149740695953	0.000526684520082199	-2.0	-2.0	-2.0	-2.0	2.8844950065831654e-05	35.59685134887695	-2.0	-2.0	236.92885208129883	-2.0	-2.0	6.5	582.0	-2.0	-2.0	-2.0
# Feature
9	11	2	-2	-2	13	8	-2	8	12	6	5	-2	-2	-2	-2	1	7	0	13	-2	-2	-2	-2	12	-2	-2	3	-2	-2	11	3	12	13	5	7	2	11	6	-2	-2	8	-2	7	-2	-2	-2	-2	-2	-2	8	-2	-2	12	11	-2	-2	-2	0	10	11	11	-2	12	-2	-2	3	-2	2	2	7	-2	7	-2	-2	11	10	1	-2	-2	-2	-2	12	13	5	-2	3	12	-2	-2	-2	1	-2	11	-2	-2	-2	-2	3	13	8	-2	8	13	-2	12	-2	-2	8	13	3	-2	-2	1	-2	-2	11	-2	-2	-2	11	8	1	7	12	-2	-2	-2	3	-2	-2	12	13	-2	-2	0	-2	7	2	-2	-2	-2	10	2	7	-2	10	-2	6	11	10	-2	-2	-2	-2	4	3	-2	-2	3	-2	-2	6	8	-2	-2	-2
# Values
129.0	1095.0	41.0	80.0	53.0	281.0
32.0	18.0	0.0	3.0	4.0	230.0
29.0	0.0	0.0	0.0	1.0	0.0
29.0	0.0	0.0	0.0	0.0	0.0
0.0	0.0	0.0	0.0	1.0	0.0
3.0	18.0	0.0	3.0	3.0	230.0
3.0	18.0	0.0	0.0	1.0	230.0
0.0	0.0	0.0	0.0	0.0	111.0
3.0	18.0	0.0	0.0	1.0	119.0
1.0	17.0	0.0	0.0	0.0	15.0
1.0	17.0	0.0	0.0	0.0	4.0
1.0	0.0	0.0	0.0	0.0	4.0
0.0	0.0	0.0	0.0	0.0	4.0
1.0	0.0	0.0	0.0	0.0	0.0
0.0	17.0	0.0	0.0	0.0	0.0
0.0	0.0	0.0	0.0	0.0	11.0
2.0	1.0	0.0	0.0	1.0	104.0
0.0	1.0	0.0	0.0	1.0	103.0
0.0	1.0	0.0	0.0	0.0	103.0
0.0	1.0	0.0	0.0	0.0	4.0
0.0	1.0	0.0	0.0	0.0	0.0
0.0	0.0	0.0	0.0	0.0	4.0
0.0	0.0	0.0	0.0	0.0	99.0
0.0	0.0	0.0	0.0	1.0	0.0
2.0	0.0	0.0	0.0	0.0	1.0
0.0	0.0	0.0	0.0	0.0	1.0
2.0	0.0	0.0	0.0	0.0	0.0
0.0	0.0	0.0	3.0	2.0	0.0
0.0	0.0	0.0	3.0	0.0	0.0
0.0	0.0	0.0	0.0	2.0	0.0
97.0	1077.0	41.0	77.0	49.0	51.0
85.0	2.0	0.0	0.0	13.0	0.0
83.0	2.0	0.0	0.0	5.0	0.0
83.0	1.0	0.0	0.0	4.0	0.0
83.0	0.0	0.0	0.0	4.0	0.0
41.0	0.0	0.0	0.0	4.0	0.0
41.0	0.0	0.0	0.0	3.0	0.0
41.0	0.0	0.0	0.0	2.0	0.0
1.0	0.0	0.0	0.0	1.0	0.0
1.0	0.0	0.0	0.0	0.0	0.0
0.0	0.0	0.0	0.0	1.0	0.0
40.0	0.0	0.0	0.0	1.0	0.0
36.0	0.0	0.0	0.0	0.0	0.0
4.0	0.0	0.0	0.0	1.0	0.0
4.0	0.0	0.0	0.0	0.0	0.0
0.0	0.0	0.0	0.0	1.0	0.0
0.0	0.0	0.0	0.0	1.0	0.0
0.0	0.0	0.0	0.0	1.0	0.0
42.0	0.0	0.0	0.0	0.0	0.0
0.0	1.0	0.0	0.0	0.0	0.0
0.0	1.0	0.0	0.0	1.0	0.0
0.0	1.0	0.0	0.0	0.0	0.0
0.0	0.0	0.0	0.0	1.0	0.0
2.0	0.0	0.0	0.0	8.0	0.0
2.0	0.0	0.0	0.0	1.0	0.0
0.0	0.0	0.0	0.0	1.0	0.0
2.0	0.0	0.0	0.0	0.0	0.0
0.0	0.0	0.0	0.0	7.0	0.0
12.0	1075.0	41.0	77.0	36.0	51.0
7.0	986.0	29.0	1.0	0.0	10.0
7.0	986.0	3.0	1.0	0.0	10.0
6.0	13.0	0.0	0.0	0.0	0.0
0.0	12.0	0.0	0.0	0.0	0.0
6.0	1.0	0.0	0.0	0.0	0.0
0.0	1.0	0.0	0.0	0.0	0.0
6.0	0.0	0.0	0.0	0.0	0.0
1.0	973.0	3.0	1.0	0.0	10.0
0.0	0.0	1.0	0.0	0.0	0.0
1.0	973.0	2.0	1.0	0.0	10.0
1.0	902.0	2.0	0.0	0.0	1.0
1.0	858.0	0.0	0.0	0.0	0.0
0.0	849.0	0.0	0.0	0.0	0.0
1.0	9.0	0.0	0.0	0.0	0.0
1.0	0.0	0.0	0.0	0.0	0.0
0.0	9.0	0.0	0.0	0.0	0.0
0.0	44.0	2.0	0.0	0.0	1.0
0.0	44.0	0.0	0.0	0.0	1.0
0.0	3.0	0.0	0.0	0.0	1.0
0.0	0.0	0.0	0.0	0.0	1.0
0.0	3.0	0.0	0.0	0.0	0.0
0.0	41.0	0.0	0.0	0.0	0.0
0.0	0.0	2.0	0.0	0.0	0.0
0.0	71.0	0.0	1.0	0.0	9.0
0.0	71.0	0.0	1.0	0.0	4.0
0.0	70.0	0.0	0.0	0.0	2.0
0.0	0.0	0.0	0.0	0.0	1.0
0.0	70.0	0.0	0.0	0.0	1.0
0.0	7.0	0.0	0.0	0.0	1.0
0.0	7.0	0.0	0.0	0.0	0.0
0.0	0.0	0.0	0.0	0.0	1.0
0.0	63.0	0.0	0.0	0.0	0.0
0.0	1.0	0.0	1.0	0.0	2.0
0.0	0.0	0.0	0.0	0.0	2.0
0.0	1.0	0.0	1.0	0.0	0.0
0.0	1.0	0.0	0.0	0.0	0.0
0.0	0.0	0.0	1.0	0.0	0.0
0.0	0.0	0.0	0.0	0.0	5.0
0.0	0.0	26.0	0.0	0.0	0.0
5.0	89.0	12.0	76.0	36.0	41.0
5.0	65.0	4.0	0.0	0.0	19.0
5.0	65.0	4.0	0.0	0.0	13.0
0.0	0.0	4.0	0.0	0.0	0.0
5.0	65.0	0.0	0.0	0.0	13.0
0.0	50.0	0.0	0.0	0.0	2.0
0.0	45.0	0.0	0.0	0.0	0.0
0.0	5.0	0.0	0.0	0.0	2.0
0.0	5.0	0.0	0.0	0.0	0.0
0.0	0.0	0.0	0.0	0.0	2.0
5.0	15.0	0.0	0.0	0.0	11.0
4.0	4.0	0.0	0.0	0.0	11.0
0.0	1.0	0.0	0.0	0.0	11.0
0.0	0.0	0.0	0.0	0.0	11.0
0.0	1.0	0.0	0.0	0.0	0.0
4.0	3.0	0.0	0.0	0.0	0.0
0.0	3.0	0.0	0.0	0.0	0.0
4.0	0.0	0.0	0.0	0.0	0.0
1.0	11.0	0.0	0.0	0.0	0.0
1.0	0.0	0.0	0.0	0.0	0.0
0.0	11.0	0.0	0.0	0.0	0.0
0.0	0.0	0.0	0.0	0.0	6.0
0.0	24.0	8.0	76.0	36.0	22.0
0.0	20.0	0.0	0.0	30.0	7.0
0.0	17.0	0.0	0.0	2.0	5.0
0.0	17.0	0.0	0.0	1.0	2.0
0.0	17.0	0.0	0.0	1.0	0.0
0.0	17.0	0.0	0.0	0.0	0.0
0.0	0.0	0.0	0.0	1.0	0.0
0.0	0.0	0.0	0.0	0.0	2.0
0.0	0.0	0.0	0.0	1.0	3.0
0.0	0.0	0.0	0.0	0.0	3.0
0.0	0.0	0.0	0.0	1.0	0.0
0.0	3.0	0.0	0.0	28.0	2.0
0.0	2.0	0.0	0.0	0.0	1.0
0.0	2.0	0.0	0.0	0.0	0.0
0.0	0.0	0.0	0.0	0.0	1.0
0.0	1.0	0.0	0.0	28.0	1.0
0.0	1.0	0.0	0.0	0.0	0.0
0.0	0.0	0.0	0.0	28.0	1.0
0.0	0.0	0.0	0.0	6.0	1.0
0.0	0.0	0.0	0.0	0.0	1.0
0.0	0.0	0.0	0.0	6.0	0.0
0.0	0.0	0.0	0.0	22.0	0.0
0.0	4.0	8.0	76.0	6.0	15.0
0.0	4.0	0.0	74.0	6.0	3.0
0.0	2.0	0.0	72.0	1.0	2.0
0.0	0.0	0.0	0.0	0.0	2.0
0.0	2.0	0.0	72.0	1.0	0.0
0.0	0.0	0.0	0.0	1.0	0.0
0.0	2.0	0.0	72.0	0.0	0.0
0.0	1.0	0.0	72.0	0.0	0.0
0.0	1.0	0.0	1.0	0.0	0.0
0.0	1.0	0.0	0.0	0.0	0.0
0.0	0.0	0.0	1.0	0.0	0.0
0.0	0.0	0.0	71.0	0.0	0.0
0.0	1.0	0.0	0.0	0.0	0.0
0.0	2.0	0.0	2.0	5.0	1.0
0.0	0.0	0.0	0.0	5.0	1.0
0.0	0.0	0.0	0.0	0.0	1.0
0.0	0.0	0.0	0.0	5.0	0.0
0.0	2.0	0.0	2.0	0.0	0.0
0.0	0.0	0.0	2.0	0.0	0.0
0.0	2.0	0.0	0.0	0.0	0.0
0.0	0.0	8.0	2.0	0.0	12.0
0.0	0.0	8.0	2.0	0.0	0.0
0.0	0.0	8.0	0.0	0.0	0.0
0.0	0.0	0.0	2.0	0.0	0.0
0.0	0.0	0.0	0.0	0.0	12.0
