# Sizes (NFeatures, Nclasses, NodeCount, MaxDepth)
14	6	161	12
# Classes
0.0	1.0	2.0	3.0	4.0	5.0
# Feature Names
Nrows	Ncols	Nnnz	AvgNnnz	Density	MaxRowNnnz	MinRowNnnz	StdRowNnnz	NDiags	NTrueDiags	AvgNnnzDia	AvgNnnzELL	AvgNnnzHyb	AvgNnnzHdc
# Left
1	2	3	4	5	6	-1	-1	9	10	11	12	13	-1	-1	16	17	-1	-1	20	-1	-1	23	24	-1	-1	-1	-1	-1	30	-1	-1	33	-1	35	-1	-1	38	-1	-1	41	42	43	44	-1	46	-1	48	-1	-1	-1	52	53	54	-1	-1	57	58	-1	-1	61	62	63	64	-1	66	-1	-1	69	-1	-1	72	73	74	-1	-1	-1	-1	79	-1	81	-1	-1	-1	85	86	87	-1	89	-1	-1	92	93	-1	-1	-1	97	98	99	100	101	102	-1	-1	-1	-1	107	108	-1	-1	-1	112	113	114	-1	116	-1	-1	119	120	-1	-1	-1	124	-1	126	127	-1	129	130	-1	132	-1	-1	-1	-1	137	138	-1	140	-1	142	-1	144	-1	146	-1	148	-1	-1	151	152	153	-1	-1	-1	157	-1	159	-1	-1
# Right
40	37	32	29	8	7	-1	-1	28	27	22	15	14	-1	-1	19	18	-1	-1	21	-1	-1	26	25	-1	-1	-1	-1	-1	31	-1	-1	34	-1	36	-1	-1	39	-1	-1	84	51	50	45	-1	47	-1	49	-1	-1	-1	83	56	55	-1	-1	60	59	-1	-1	78	71	68	65	-1	67	-1	-1	70	-1	-1	77	76	75	-1	-1	-1	-1	80	-1	82	-1	-1	-1	96	91	88	-1	90	-1	-1	95	94	-1	-1	-1	136	111	106	105	104	103	-1	-1	-1	-1	110	109	-1	-1	-1	123	118	115	-1	117	-1	-1	122	121	-1	-1	-1	125	-1	135	128	-1	134	131	-1	133	-1	-1	-1	-1	150	139	-1	141	-1	143	-1	145	-1	147	-1	149	-1	-1	156	155	154	-1	-1	-1	158	-1	160	-1	-1
# Threshold
0.5	2327.5	0.9818749725818634	39494850.0	0.12484249472618103	0.002717140014283359	-2.0	-2.0	1.1816850304603577	10719.0	0.006660480052232742	0.5595569908618927	0.5349994897842407	-2.0	-2.0	0.0026556550292298198	0.3442239910364151	-2.0	-2.0	1.036449521780014	-2.0	-2.0	0.2354244962334633	1.0085035264492035	-2.0	-2.0	-2.0	-2.0	-2.0	0.4710889905691147	-2.0	-2.0	786434.0	-2.0	0.3836264908313751	-2.0	-2.0	0.743395984172821	-2.0	-2.0	49427.0	0.003498949925415218	47954.5	19.0	-2.0	0.0008456819923594594	-2.0	17315.0	-2.0	-2.0	-2.0	0.9873084723949432	2.0	0.5	-2.0	-2.0	0.004599025007337332	0.6557075083255768	-2.0	-2.0	46270.5	885971.5	1575.5	0.8933604955673218	-2.0	1.1053399443626404	-2.0	-2.0	8.331655025482178	-2.0	-2.0	0.550042986869812	0.0012767200241796672	1.1818450093269348	-2.0	-2.0	-2.0	-2.0	46922.0	-2.0	1.5	-2.0	-2.0	-2.0	0.003545959945768118	9.597099781036377	2.5	-2.0	49801.0	-2.0	-2.0	0.44199150800704956	428.5325012207031	-2.0	-2.0	-2.0	0.44533149898052216	14.169299602508545	2102865.0	1.9340749979019165	0.3383444994688034	0.33776600658893585	-2.0	-2.0	-2.0	-2.0	0.2803944945335388	7871550.0	-2.0	-2.0	-2.0	57048.0	114619.5	0.004338709870353341	-2.0	0.015231364755891263	-2.0	-2.0	158.5	462047.5	-2.0	-2.0	-2.0	103984.5	-2.0	9952.5	3581555.0	-2.0	57.5	0.7161034941673279	-2.0	16986800.0	-2.0	-2.0	-2.0	-2.0	8.690680027008057	388.0	-2.0	772930.0	-2.0	0.5	-2.0	3.5330100059509277	-2.0	3.5	-2.0	5702110.0	-2.0	-2.0	6051.5	0.5282025039196014	41.0	-2.0	-2.0	-2.0	1326225.0	-2.0	68.0	-2.0	-2.0
# Feature
9	5	13	0	11	11	-2	-2	12	8	4	13	13	-2	-2	4	11	-2	-2	12	-2	-2	11	12	-2	-2	-2	-2	-2	13	-2	-2	0	-2	11	-2	-2	12	-2	-2	0	11	8	9	-2	10	-2	1	-2	-2	-2	10	5	6	-2	-2	11	12	-2	-2	0	2	5	10	-2	7	-2	-2	3	-2	-2	13	4	12	-2	-2	-2	-2	1	-2	6	-2	-2	-2	11	3	6	-2	8	-2	-2	13	7	-2	-2	-2	11	3	8	12	13	13	-2	-2	-2	-2	11	1	-2	-2	-2	8	0	11	-2	10	-2	-2	5	1	-2	-2	-2	0	-2	5	2	-2	9	13	-2	2	-2	-2	-2	-2	3	8	-2	2	-2	6	-2	12	-2	9	-2	1	-2	-2	8	13	8	-2	-2	-2	2	-2	6	-2	-2
# Values
113.0	1132.0	31.0	63.0	54.0	286.0
38.0	15.0	0.0	3.0	11.0	231.0
3.0	15.0	0.0	3.0	1.0	231.0
3.0	15.0	0.0	0.0	0.0	229.0
1.0	15.0	0.0	0.0	0.0	228.0
1.0	0.0	0.0	0.0	0.0	131.0
1.0	0.0	0.0	0.0	0.0	0.0
0.0	0.0	0.0	0.0	0.0	131.0
0.0	15.0	0.0	0.0	0.0	97.0
0.0	15.0	0.0	0.0	0.0	43.0
0.0	15.0	0.0	0.0	0.0	26.0
0.0	14.0	0.0	0.0	0.0	8.0
0.0	11.0	0.0	0.0	0.0	1.0
0.0	9.0	0.0	0.0	0.0	0.0
0.0	2.0	0.0	0.0	0.0	1.0
0.0	3.0	0.0	0.0	0.0	7.0
0.0	1.0	0.0	0.0	0.0	6.0
0.0	0.0	0.0	0.0	0.0	4.0
0.0	1.0	0.0	0.0	0.0	2.0
0.0	2.0	0.0	0.0	0.0	1.0
0.0	1.0	0.0	0.0	0.0	1.0
0.0	1.0	0.0	0.0	0.0	0.0
0.0	1.0	0.0	0.0	0.0	18.0
0.0	1.0	0.0	0.0	0.0	4.0
0.0	0.0	0.0	0.0	0.0	4.0
0.0	1.0	0.0	0.0	0.0	0.0
0.0	0.0	0.0	0.0	0.0	14.0
0.0	0.0	0.0	0.0	0.0	17.0
0.0	0.0	0.0	0.0	0.0	54.0
2.0	0.0	0.0	0.0	0.0	1.0
2.0	0.0	0.0	0.0	0.0	0.0
0.0	0.0	0.0	0.0	0.0	1.0
0.0	0.0	0.0	3.0	1.0	2.0
0.0	0.0	0.0	3.0	0.0	0.0
0.0	0.0	0.0	0.0	1.0	2.0
0.0	0.0	0.0	0.0	0.0	2.0
0.0	0.0	0.0	0.0	1.0	0.0
35.0	0.0	0.0	0.0	10.0	0.0
35.0	0.0	0.0	0.0	0.0	0.0
0.0	0.0	0.0	0.0	10.0	0.0
75.0	1117.0	31.0	60.0	43.0	55.0
32.0	1030.0	24.0	2.0	2.0	6.0
24.0	0.0	0.0	0.0	2.0	0.0
24.0	0.0	0.0	0.0	1.0	0.0
22.0	0.0	0.0	0.0	0.0	0.0
2.0	0.0	0.0	0.0	1.0	0.0
1.0	0.0	0.0	0.0	0.0	0.0
1.0	0.0	0.0	0.0	1.0	0.0
1.0	0.0	0.0	0.0	0.0	0.0
0.0	0.0	0.0	0.0	1.0	0.0
0.0	0.0	0.0	0.0	1.0	0.0
8.0	1030.0	24.0	2.0	0.0	6.0
8.0	1030.0	2.0	2.0	0.0	6.0
3.0	0.0	1.0	0.0	0.0	0.0
0.0	0.0	1.0	0.0	0.0	0.0
3.0	0.0	0.0	0.0	0.0	0.0
5.0	1030.0	1.0	2.0	0.0	6.0
4.0	8.0	0.0	0.0	0.0	0.0
0.0	8.0	0.0	0.0	0.0	0.0
4.0	0.0	0.0	0.0	0.0	0.0
1.0	1022.0	1.0	2.0	0.0	6.0
1.0	1014.0	1.0	0.0	0.0	4.0
1.0	961.0	1.0	0.0	0.0	0.0
0.0	946.0	1.0	0.0	0.0	0.0
0.0	929.0	0.0	0.0	0.0	0.0
0.0	17.0	1.0	0.0	0.0	0.0
0.0	17.0	0.0	0.0	0.0	0.0
0.0	0.0	1.0	0.0	0.0	0.0
1.0	15.0	0.0	0.0	0.0	0.0
1.0	0.0	0.0	0.0	0.0	0.0
0.0	15.0	0.0	0.0	0.0	0.0
0.0	53.0	0.0	0.0	0.0	4.0
0.0	53.0	0.0	0.0	0.0	2.0
0.0	3.0	0.0	0.0	0.0	2.0
0.0	0.0	0.0	0.0	0.0	2.0
0.0	3.0	0.0	0.0	0.0	0.0
0.0	50.0	0.0	0.0	0.0	0.0
0.0	0.0	0.0	0.0	0.0	2.0
0.0	8.0	0.0	2.0	0.0	2.0
0.0	0.0	0.0	0.0	0.0	2.0
0.0	8.0	0.0	2.0	0.0	0.0
0.0	0.0	0.0	2.0	0.0	0.0
0.0	8.0	0.0	0.0	0.0	0.0
0.0	0.0	22.0	0.0	0.0	0.0
43.0	87.0	7.0	58.0	41.0	49.0
41.0	0.0	0.0	0.0	10.0	0.0
37.0	0.0	0.0	0.0	1.0	0.0
35.0	0.0	0.0	0.0	0.0	0.0
2.0	0.0	0.0	0.0	1.0	0.0
0.0	0.0	0.0	0.0	1.0	0.0
2.0	0.0	0.0	0.0	0.0	0.0
4.0	0.0	0.0	0.0	9.0	0.0
1.0	0.0	0.0	0.0	9.0	0.0
0.0	0.0	0.0	0.0	9.0	0.0
1.0	0.0	0.0	0.0	0.0	0.0
3.0	0.0	0.0	0.0	0.0	0.0
2.0	87.0	7.0	58.0	31.0	49.0
2.0	63.0	0.0	3.0	31.0	19.0
2.0	42.0	0.0	0.0	0.0	8.0
0.0	35.0	0.0	0.0	0.0	2.0
0.0	35.0	0.0	0.0	0.0	1.0
0.0	1.0	0.0	0.0	0.0	1.0
0.0	1.0	0.0	0.0	0.0	0.0
0.0	0.0	0.0	0.0	0.0	1.0
0.0	34.0	0.0	0.0	0.0	0.0
0.0	0.0	0.0	0.0	0.0	1.0
2.0	7.0	0.0	0.0	0.0	6.0
2.0	0.0	0.0	0.0	0.0	6.0
0.0	0.0	0.0	0.0	0.0	6.0
2.0	0.0	0.0	0.0	0.0	0.0
0.0	7.0	0.0	0.0	0.0	0.0
0.0	21.0	0.0	3.0	31.0	11.0
0.0	14.0	0.0	1.0	4.0	11.0
0.0	14.0	0.0	0.0	3.0	1.0
0.0	0.0	0.0	0.0	3.0	0.0
0.0	14.0	0.0	0.0	0.0	1.0
0.0	14.0	0.0	0.0	0.0	0.0
0.0	0.0	0.0	0.0	0.0	1.0
0.0	0.0	0.0	1.0	1.0	10.0
0.0	0.0	0.0	1.0	1.0	0.0
0.0	0.0	0.0	1.0	0.0	0.0
0.0	0.0	0.0	0.0	1.0	0.0
0.0	0.0	0.0	0.0	0.0	10.0
0.0	7.0	0.0	2.0	27.0	0.0
0.0	3.0	0.0	0.0	0.0	0.0
0.0	4.0	0.0	2.0	27.0	0.0
0.0	1.0	0.0	2.0	27.0	0.0
0.0	1.0	0.0	0.0	0.0	0.0
0.0	0.0	0.0	2.0	27.0	0.0
0.0	0.0	0.0	1.0	27.0	0.0
0.0	0.0	0.0	0.0	26.0	0.0
0.0	0.0	0.0	1.0	1.0	0.0
0.0	0.0	0.0	1.0	0.0	0.0
0.0	0.0	0.0	0.0	1.0	0.0
0.0	0.0	0.0	1.0	0.0	0.0
0.0	3.0	0.0	0.0	0.0	0.0
0.0	24.0	7.0	55.0	0.0	30.0
0.0	22.0	6.0	0.0	0.0	12.0
0.0	0.0	6.0	0.0	0.0	0.0
0.0	22.0	0.0	0.0	0.0	12.0
0.0	10.0	0.0	0.0	0.0	0.0
0.0	12.0	0.0	0.0	0.0	12.0
0.0	5.0	0.0	0.0	0.0	0.0
0.0	7.0	0.0	0.0	0.0	12.0
0.0	0.0	0.0	0.0	0.0	10.0
0.0	7.0	0.0	0.0	0.0	2.0
0.0	5.0	0.0	0.0	0.0	0.0
0.0	2.0	0.0	0.0	0.0	2.0
0.0	2.0	0.0	0.0	0.0	0.0
0.0	0.0	0.0	0.0	0.0	2.0
0.0	2.0	1.0	55.0	0.0	18.0
0.0	0.0	1.0	5.0	0.0	13.0
0.0	0.0	1.0	0.0	0.0	13.0
0.0	0.0	1.0	0.0	0.0	0.0
0.0	0.0	0.0	0.0	0.0	13.0
0.0	0.0	0.0	5.0	0.0	0.0
0.0	2.0	0.0	50.0	0.0	5.0
0.0	0.0	0.0	0.0	0.0	5.0
0.0	2.0	0.0	50.0	0.0	0.0
0.0	0.0	0.0	50.0	0.0	0.0
0.0	2.0	0.0	0.0	0.0	0.0
