# Sizes (NFeatures, Nclasses, NodeCount, MaxDepth)
14	6	169	12
# Classes
0.0	1.0	2.0	3.0	4.0	5.0
# Feature Names
Nrows	Ncols	Nnnz	AvgNnnz	Density	MaxRowNnnz	MinRowNnnz	StdRowNnnz	NDiags	NTrueDiags	AvgNnnzDia	AvgNnnzELL	AvgNnnzHyb	AvgNnnzHdc
# Left
1	2	3	-1	-1	6	7	8	9	10	-1	-1	-1	14	15	16	-1	-1	19	20	21	-1	-1	-1	25	-1	-1	28	29	30	31	-1	33	-1	-1	-1	-1	-1	-1	40	41	-1	-1	-1	45	46	47	48	-1	50	-1	-1	-1	54	55	-1	-1	58	59	-1	61	62	63	-1	-1	-1	67	-1	69	70	-1	72	-1	-1	75	-1	-1	78	79	-1	-1	-1	83	84	-1	86	87	88	-1	-1	-1	-1	93	94	95	96	97	-1	-1	100	101	102	-1	104	105	-1	-1	-1	-1	110	-1	-1	113	114	-1	116	-1	118	-1	-1	121	-1	-1	-1	125	126	127	-1	129	130	-1	-1	133	134	135	136	-1	-1	-1	-1	-1	142	143	-1	-1	146	-1	-1	149	150	151	-1	153	-1	155	-1	-1	-1	159	160	161	-1	-1	164	-1	166	-1	-1	-1
# Right
44	5	4	-1	-1	39	38	13	12	11	-1	-1	-1	27	18	17	-1	-1	24	23	22	-1	-1	-1	26	-1	-1	37	36	35	32	-1	34	-1	-1	-1	-1	-1	-1	43	42	-1	-1	-1	82	53	52	49	-1	51	-1	-1	-1	57	56	-1	-1	77	60	-1	66	65	64	-1	-1	-1	68	-1	74	71	-1	73	-1	-1	76	-1	-1	81	80	-1	-1	-1	92	85	-1	91	90	89	-1	-1	-1	-1	124	123	112	99	98	-1	-1	109	108	103	-1	107	106	-1	-1	-1	-1	111	-1	-1	120	115	-1	117	-1	119	-1	-1	122	-1	-1	-1	148	141	128	-1	132	131	-1	-1	140	139	138	137	-1	-1	-1	-1	-1	145	144	-1	-1	147	-1	-1	158	157	152	-1	154	-1	156	-1	-1	-1	168	163	162	-1	-1	165	-1	167	-1	-1	-1
# Threshold
0.5	0.0029740900499746203	0.743395984172821	-2.0	-2.0	59213500.0	251.94750213623047	0.12484249472618103	0.6291795074939728	0.5748929977416992	-2.0	-2.0	-2.0	7.624110221862793	0.2354244962334633	0.9957985281944275	-2.0	-2.0	0.9728734791278839	1.1816399693489075	1.1598699688911438	-2.0	-2.0	-2.0	0.3811350017786026	-2.0	-2.0	26.234749794006348	0.00540556013584137	0.932920515537262	5719.0	-2.0	15278.0	-2.0	-2.0	-2.0	-2.0	-2.0	-2.0	0.0005032271900748952	1.0440750122070312	-2.0	-2.0	-2.0	37797.5	0.003794379997998476	0.9160179793834686	12.179200172424316	-2.0	12.191300392150879	-2.0	-2.0	-2.0	3.5	1.5	-2.0	-2.0	1594.5	19837.5	-2.0	12.0	0.740559995174408	0.007384015014395118	-2.0	-2.0	-2.0	0.24873699992895126	-2.0	3.0683000087738037	0.5097210109233856	-2.0	5683.0	-2.0	-2.0	4.195374965667725	-2.0	-2.0	9.050940036773682	0.00036966250627301633	-2.0	-2.0	-2.0	0.003276349976658821	9.25879955291748	-2.0	0.0002495294975233264	0.0003495484997984022	10.135059833526611	-2.0	-2.0	-2.0	-2.0	14.145150184631348	0.3553609922528267	5221290.0	0.3383444994688034	1.1415334939956665	-2.0	-2.0	0.8281210064888	501575.5	3.259005069732666	-2.0	11.5	0.672375500202179	-2.0	-2.0	-2.0	-2.0	2.5169785916805267	-2.0	-2.0	1.274334977097169e-06	0.2500170022249222	-2.0	3.0	-2.0	0.03975534997880459	-2.0	-2.0	15.0	-2.0	-2.0	-2.0	131.5	0.03836330026388168	1020500.0	-2.0	0.39198149740695953	1.4569550156593323	-2.0	-2.0	0.9970889985561371	23.05714988708496	1.2344749848125502e-05	4925690.0	-2.0	-2.0	-2.0	-2.0	-2.0	0.3166724890470505	0.5568510144948959	-2.0	-2.0	2590535.0	-2.0	-2.0	0.0003052269894396886	90.44620132446289	4.5	-2.0	1.218055009841919	-2.0	3056.0	-2.0	-2.0	-2.0	2.1805349588394165	114571.5	0.004757449962198734	-2.0	-2.0	12.0	-2.0	524.0	-2.0	-2.0	-2.0
# Feature
9	11	12	-2	-2	2	7	11	12	12	-2	-2	-2	7	11	12	-2	-2	13	12	12	-2	-2	-2	11	-2	-2	7	4	12	1	-2	1	-2	-2	-2	-2	-2	-2	10	12	-2	-2	-2	1	11	12	3	-2	3	-2	-2	-2	8	8	-2	-2	5	0	-2	9	12	11	-2	-2	-2	11	-2	12	13	-2	8	-2	-2	12	-2	-2	3	4	-2	-2	-2	11	3	-2	4	11	3	-2	-2	-2	-2	3	10	2	13	12	-2	-2	13	8	12	-2	5	13	-2	-2	-2	-2	7	-2	-2	10	11	-2	9	-2	7	-2	-2	9	-2	-2	-2	5	10	2	-2	11	12	-2	-2	11	7	4	0	-2	-2	-2	-2	-2	10	13	-2	-2	2	-2	-2	4	3	9	-2	12	-2	5	-2	-2	-2	12	1	11	-2	-2	6	-2	5	-2	-2	-2
# Values
101.0	1106.0	35.0	72.0	50.0	315.0
26.0	16.0	0.0	1.0	7.0	253.0
23.0	0.0	0.0	0.0	3.0	0.0
23.0	0.0	0.0	0.0	0.0	0.0
0.0	0.0	0.0	0.0	3.0	0.0
3.0	16.0	0.0	1.0	4.0	253.0
2.0	16.0	0.0	1.0	0.0	252.0
1.0	16.0	0.0	1.0	0.0	252.0
1.0	0.0	0.0	0.0	0.0	134.0
1.0	0.0	0.0	0.0	0.0	6.0
0.0	0.0	0.0	0.0	0.0	6.0
1.0	0.0	0.0	0.0	0.0	0.0
0.0	0.0	0.0	0.0	0.0	128.0
0.0	16.0	0.0	1.0	0.0	118.0
0.0	3.0	0.0	1.0	0.0	97.0
0.0	2.0	0.0	0.0	0.0	4.0
0.0	0.0	0.0	0.0	0.0	4.0
0.0	2.0	0.0	0.0	0.0	0.0
0.0	1.0	0.0	1.0	0.0	93.0
0.0	1.0	0.0	0.0	0.0	92.0
0.0	1.0	0.0	0.0	0.0	19.0
0.0	0.0	0.0	0.0	0.0	19.0
0.0	1.0	0.0	0.0	0.0	0.0
0.0	0.0	0.0	0.0	0.0	73.0
0.0	0.0	0.0	1.0	0.0	1.0
0.0	0.0	0.0	0.0	0.0	1.0
0.0	0.0	0.0	1.0	0.0	0.0
0.0	13.0	0.0	0.0	0.0	21.0
0.0	13.0	0.0	0.0	0.0	9.0
0.0	13.0	0.0	0.0	0.0	4.0
0.0	3.0	0.0	0.0	0.0	4.0
0.0	2.0	0.0	0.0	0.0	1.0
0.0	1.0	0.0	0.0	0.0	3.0
0.0	1.0	0.0	0.0	0.0	2.0
0.0	0.0	0.0	0.0	0.0	1.0
0.0	10.0	0.0	0.0	0.0	0.0
0.0	0.0	0.0	0.0	0.0	5.0
0.0	0.0	0.0	0.0	0.0	12.0
1.0	0.0	0.0	0.0	0.0	0.0
1.0	0.0	0.0	0.0	4.0	1.0
1.0	0.0	0.0	0.0	0.0	1.0
0.0	0.0	0.0	0.0	0.0	1.0
1.0	0.0	0.0	0.0	0.0	0.0
0.0	0.0	0.0	0.0	4.0	0.0
75.0	1090.0	35.0	71.0	43.0	62.0
31.0	967.0	22.0	0.0	3.0	11.0
22.0	0.0	0.0	0.0	3.0	0.0
22.0	0.0	0.0	0.0	2.0	0.0
17.0	0.0	0.0	0.0	0.0	0.0
5.0	0.0	0.0	0.0	2.0	0.0
0.0	0.0	0.0	0.0	2.0	0.0
5.0	0.0	0.0	0.0	0.0	0.0
0.0	0.0	0.0	0.0	1.0	0.0
9.0	967.0	22.0	0.0	0.0	11.0
1.0	0.0	21.0	0.0	0.0	0.0
0.0	0.0	21.0	0.0	0.0	0.0
1.0	0.0	0.0	0.0	0.0	0.0
8.0	967.0	1.0	0.0	0.0	11.0
0.0	942.0	1.0	0.0	0.0	11.0
0.0	856.0	0.0	0.0	0.0	0.0
0.0	86.0	1.0	0.0	0.0	11.0
0.0	62.0	0.0	0.0	0.0	1.0
0.0	1.0	0.0	0.0	0.0	1.0
0.0	0.0	0.0	0.0	0.0	1.0
0.0	1.0	0.0	0.0	0.0	0.0
0.0	61.0	0.0	0.0	0.0	0.0
0.0	24.0	1.0	0.0	0.0	10.0
0.0	0.0	0.0	0.0	0.0	6.0
0.0	24.0	1.0	0.0	0.0	4.0
0.0	24.0	0.0	0.0	0.0	1.0
0.0	21.0	0.0	0.0	0.0	0.0
0.0	3.0	0.0	0.0	0.0	1.0
0.0	3.0	0.0	0.0	0.0	0.0
0.0	0.0	0.0	0.0	0.0	1.0
0.0	0.0	1.0	0.0	0.0	3.0
0.0	0.0	0.0	0.0	0.0	3.0
0.0	0.0	1.0	0.0	0.0	0.0
8.0	25.0	0.0	0.0	0.0	0.0
8.0	1.0	0.0	0.0	0.0	0.0
0.0	1.0	0.0	0.0	0.0	0.0
8.0	0.0	0.0	0.0	0.0	0.0
0.0	24.0	0.0	0.0	0.0	0.0
44.0	123.0	13.0	71.0	40.0	51.0
39.0	0.0	0.0	0.0	7.0	0.0
28.0	0.0	0.0	0.0	0.0	0.0
11.0	0.0	0.0	0.0	7.0	0.0
3.0	0.0	0.0	0.0	7.0	0.0
3.0	0.0	0.0	0.0	1.0	0.0
0.0	0.0	0.0	0.0	1.0	0.0
3.0	0.0	0.0	0.0	0.0	0.0
0.0	0.0	0.0	0.0	6.0	0.0
8.0	0.0	0.0	0.0	0.0	0.0
5.0	123.0	13.0	71.0	33.0	51.0
5.0	92.0	11.0	4.0	0.0	19.0
5.0	92.0	0.0	4.0	0.0	19.0
0.0	80.0	0.0	2.0	0.0	6.0
0.0	1.0	0.0	0.0	0.0	2.0
0.0	1.0	0.0	0.0	0.0	0.0
0.0	0.0	0.0	0.0	0.0	2.0
0.0	79.0	0.0	2.0	0.0	4.0
0.0	78.0	0.0	2.0	0.0	2.0
0.0	78.0	0.0	2.0	0.0	1.0
0.0	70.0	0.0	0.0	0.0	0.0
0.0	8.0	0.0	2.0	0.0	1.0
0.0	8.0	0.0	0.0	0.0	1.0
0.0	8.0	0.0	0.0	0.0	0.0
0.0	0.0	0.0	0.0	0.0	1.0
0.0	0.0	0.0	2.0	0.0	0.0
0.0	0.0	0.0	0.0	0.0	1.0
0.0	1.0	0.0	0.0	0.0	2.0
0.0	0.0	0.0	0.0	0.0	2.0
0.0	1.0	0.0	0.0	0.0	0.0
5.0	12.0	0.0	2.0	0.0	13.0
5.0	12.0	0.0	0.0	0.0	1.0
5.0	0.0	0.0	0.0	0.0	0.0
0.0	12.0	0.0	0.0	0.0	1.0
0.0	11.0	0.0	0.0	0.0	0.0
0.0	1.0	0.0	0.0	0.0	1.0
0.0	1.0	0.0	0.0	0.0	0.0
0.0	0.0	0.0	0.0	0.0	1.0
0.0	0.0	0.0	2.0	0.0	12.0
0.0	0.0	0.0	0.0	0.0	12.0
0.0	0.0	0.0	2.0	0.0	0.0
0.0	0.0	11.0	0.0	0.0	0.0
0.0	31.0	2.0	67.0	33.0	32.0
0.0	4.0	2.0	67.0	2.0	17.0
0.0	4.0	0.0	65.0	2.0	5.0
0.0	0.0	0.0	0.0	0.0	3.0
0.0	4.0	0.0	65.0	2.0	2.0
0.0	2.0	0.0	0.0	1.0	0.0
0.0	0.0	0.0	0.0	1.0	0.0
0.0	2.0	0.0	0.0	0.0	0.0
0.0	2.0	0.0	65.0	1.0	2.0
0.0	2.0	0.0	65.0	1.0	0.0
0.0	0.0	0.0	65.0	1.0	0.0
0.0	0.0	0.0	2.0	1.0	0.0
0.0	0.0	0.0	0.0	1.0	0.0
0.0	0.0	0.0	2.0	0.0	0.0
0.0	0.0	0.0	63.0	0.0	0.0
0.0	2.0	0.0	0.0	0.0	0.0
0.0	0.0	0.0	0.0	0.0	2.0
0.0	0.0	2.0	2.0	0.0	12.0
0.0	0.0	0.0	1.0	0.0	12.0
0.0	0.0	0.0	0.0	0.0	12.0
0.0	0.0	0.0	1.0	0.0	0.0
0.0	0.0	2.0	1.0	0.0	0.0
0.0	0.0	0.0	1.0	0.0	0.0
0.0	0.0	2.0	0.0	0.0	0.0
0.0	27.0	0.0	0.0	31.0	15.0
0.0	1.0	0.0	0.0	28.0	3.0
0.0	0.0	0.0	0.0	28.0	3.0
0.0	0.0	0.0	0.0	0.0	1.0
0.0	0.0	0.0	0.0	28.0	2.0
0.0	0.0	0.0	0.0	24.0	0.0
0.0	0.0	0.0	0.0	4.0	2.0
0.0	0.0	0.0	0.0	4.0	0.0
0.0	0.0	0.0	0.0	0.0	2.0
0.0	1.0	0.0	0.0	0.0	0.0
0.0	26.0	0.0	0.0	3.0	12.0
0.0	26.0	0.0	0.0	3.0	3.0
0.0	25.0	0.0	0.0	2.0	0.0
0.0	0.0	0.0	0.0	2.0	0.0
0.0	25.0	0.0	0.0	0.0	0.0
0.0	1.0	0.0	0.0	1.0	3.0
0.0	0.0	0.0	0.0	0.0	3.0
0.0	1.0	0.0	0.0	1.0	0.0
0.0	0.0	0.0	0.0	1.0	0.0
0.0	1.0	0.0	0.0	0.0	0.0
0.0	0.0	0.0	0.0	0.0	9.0
