# Sizes (NFeatures, Nclasses, NodeCount, MaxDepth)
14	6	139	11
# Classes
0.0	1.0	2.0	3.0	4.0	5.0
# Feature Names
Nrows	Ncols	Nnnz	AvgNnnz	Density	MaxRowNnnz	MinRowNnnz	StdRowNnnz	NDiags	NTrueDiags	AvgNnnzDia	AvgNnnzELL	AvgNnnzHyb	AvgNnnzHdc
# Left
1	2	3	4	5	-1	-1	8	-1	10	11	-1	13	14	15	-1	-1	18	-1	-1	-1	-1	23	-1	-1	26	-1	-1	29	30	31	32	-1	34	-1	-1	-1	38	39	-1	-1	42	43	44	-1	-1	-1	48	-1	50	51	52	-1	-1	-1	-1	57	58	59	-1	61	-1	63	-1	-1	-1	67	68	69	70	71	-1	73	-1	75	-1	77	-1	-1	-1	81	82	-1	84	-1	86	-1	-1	89	90	-1	-1	93	94	-1	-1	-1	-1	99	100	101	-1	-1	104	105	106	107	-1	-1	-1	111	112	-1	-1	-1	116	-1	118	-1	-1	121	122	123	-1	-1	126	-1	128	-1	-1	131	-1	133	134	-1	136	-1	-1	-1
# Right
28	25	22	7	6	-1	-1	9	-1	21	12	-1	20	17	16	-1	-1	19	-1	-1	-1	-1	24	-1	-1	27	-1	-1	56	37	36	33	-1	35	-1	-1	-1	41	40	-1	-1	47	46	45	-1	-1	-1	49	-1	55	54	53	-1	-1	-1	-1	66	65	60	-1	62	-1	64	-1	-1	-1	98	97	80	79	72	-1	74	-1	76	-1	78	-1	-1	-1	88	83	-1	85	-1	87	-1	-1	92	91	-1	-1	96	95	-1	-1	-1	-1	120	103	102	-1	-1	115	110	109	108	-1	-1	-1	114	113	-1	-1	-1	117	-1	119	-1	-1	130	125	124	-1	-1	127	-1	129	-1	-1	132	-1	138	135	-1	137	-1	-1	-1
# Threshold
0.5	2327.5	0.9739084839820862	0.004554570186883211	0.4964505136013031	-2.0	-2.0	0.1225999966263771	-2.0	1.1723999977111816	3.8915899991989136	-2.0	9160.5	0.007587375119328499	9086.0	-2.0	-2.0	2392.5	-2.0	-2.0	-2.0	-2.0	33628965.0	-2.0	-2.0	0.7301069796085358	-2.0	-2.0	36650.5	0.0038497301284223795	47954.5	221695.0	-2.0	76.53800201416016	-2.0	-2.0	-2.0	2.0	0.2604166502133012	-2.0	-2.0	0.004590390017256141	0.004445695085451007	17.0	-2.0	-2.0	-2.0	548814.0	-2.0	0.0019782150047831237	32.2685489654541	0.48227534070611	-2.0	-2.0	-2.0	-2.0	0.0031702250707894564	17.719699382781982	9.597099781036377	-2.0	10.32371997833252	-2.0	31.776000022888184	-2.0	-2.0	-2.0	14.145150184631348	0.3031254969537258	4835895.0	14.0	38514.5	-2.0	0.33698250353336334	-2.0	6.5	-2.0	8.412650095124263e-05	-2.0	-2.0	-2.0	3614020.0	0.6683459877967834	-2.0	0.0002471475013408053	-2.0	0.43068699538707733	-2.0	-2.0	1.9602049589157104	2.1126400232315063	-2.0	-2.0	4820510.0	5752870.0	-2.0	-2.0	-2.0	-2.0	153.0	1.2659000158309937	1555085.0	-2.0	-2.0	67.0	5.369844984670635e-05	28.64760112762451	19055820.0	-2.0	-2.0	-2.0	23.05714988708496	0.3104560077190399	-2.0	-2.0	-2.0	57.49285125732422	-2.0	6798.0	-2.0	-2.0	0.0003052269894396886	0.7828159928321838	9.139795292867348e-05	-2.0	-2.0	1.218055009841919	-2.0	9477330.0	-2.0	-2.0	0.004757449962198734	-2.0	5.3507399559021	140946.5	-2.0	32.507850646972656	-2.0	-2.0	-2.0
# Feature
9	5	13	11	13	-2	-2	11	-2	12	3	-2	8	4	1	-2	-2	2	-2	-2	-2	-2	2	-2	-2	12	-2	-2	0	11	8	2	-2	7	-2	-2	-2	5	4	-2	-2	11	11	9	-2	-2	-2	2	-2	4	3	10	-2	-2	-2	-2	11	3	3	-2	3	-2	7	-2	-2	-2	3	10	2	9	1	-2	13	-2	9	-2	10	-2	-2	-2	1	11	-2	10	-2	13	-2	-2	12	3	-2	-2	8	0	-2	-2	-2	-2	5	7	1	-2	-2	9	10	3	2	-2	-2	-2	7	11	-2	-2	-2	3	-2	8	-2	-2	4	12	4	-2	-2	12	-2	2	-2	-2	11	-2	12	0	-2	7	-2	-2	-2
# Values
100.0	1109.0	41.0	74.0	60.0	295.0
26.0	14.0	0.0	3.0	13.0	254.0
5.0	14.0	0.0	3.0	3.0	254.0
5.0	14.0	0.0	0.0	0.0	254.0
5.0	0.0	0.0	0.0	0.0	3.0
0.0	0.0	0.0	0.0	0.0	3.0
5.0	0.0	0.0	0.0	0.0	0.0
0.0	14.0	0.0	0.0	0.0	251.0
0.0	0.0	0.0	0.0	0.0	140.0
0.0	14.0	0.0	0.0	0.0	111.0
0.0	14.0	0.0	0.0	0.0	38.0
0.0	0.0	0.0	0.0	0.0	17.0
0.0	14.0	0.0	0.0	0.0	21.0
0.0	14.0	0.0	0.0	0.0	11.0
0.0	12.0	0.0	0.0	0.0	3.0
0.0	10.0	0.0	0.0	0.0	0.0
0.0	2.0	0.0	0.0	0.0	3.0
0.0	2.0	0.0	0.0	0.0	8.0
0.0	2.0	0.0	0.0	0.0	0.0
0.0	0.0	0.0	0.0	0.0	8.0
0.0	0.0	0.0	0.0	0.0	10.0
0.0	0.0	0.0	0.0	0.0	73.0
0.0	0.0	0.0	3.0	3.0	0.0
0.0	0.0	0.0	3.0	0.0	0.0
0.0	0.0	0.0	0.0	3.0	0.0
21.0	0.0	0.0	0.0	10.0	0.0
21.0	0.0	0.0	0.0	0.0	0.0
0.0	0.0	0.0	0.0	10.0	0.0
74.0	1095.0	41.0	71.0	47.0	41.0
26.0	971.0	24.0	0.0	2.0	8.0
21.0	0.0	0.0	0.0	2.0	0.0
21.0	0.0	0.0	0.0	1.0	0.0
17.0	0.0	0.0	0.0	0.0	0.0
4.0	0.0	0.0	0.0	1.0	0.0
0.0	0.0	0.0	0.0	1.0	0.0
4.0	0.0	0.0	0.0	0.0	0.0
0.0	0.0	0.0	0.0	1.0	0.0
5.0	971.0	24.0	0.0	0.0	8.0
1.0	0.0	21.0	0.0	0.0	0.0
0.0	0.0	21.0	0.0	0.0	0.0
1.0	0.0	0.0	0.0	0.0	0.0
4.0	971.0	3.0	0.0	0.0	8.0
4.0	10.0	0.0	0.0	0.0	0.0
1.0	10.0	0.0	0.0	0.0	0.0
0.0	10.0	0.0	0.0	0.0	0.0
1.0	0.0	0.0	0.0	0.0	0.0
3.0	0.0	0.0	0.0	0.0	0.0
0.0	961.0	3.0	0.0	0.0	8.0
0.0	884.0	0.0	0.0	0.0	0.0
0.0	77.0	3.0	0.0	0.0	8.0
0.0	8.0	3.0	0.0	0.0	8.0
0.0	8.0	3.0	0.0	0.0	0.0
0.0	8.0	0.0	0.0	0.0	0.0
0.0	0.0	3.0	0.0	0.0	0.0
0.0	0.0	0.0	0.0	0.0	8.0
0.0	69.0	0.0	0.0	0.0	0.0
48.0	124.0	17.0	71.0	45.0	33.0
43.0	0.0	0.0	0.0	7.0	0.0
43.0	0.0	0.0	0.0	4.0	0.0
31.0	0.0	0.0	0.0	0.0	0.0
12.0	0.0	0.0	0.0	4.0	0.0
0.0	0.0	0.0	0.0	2.0	0.0
12.0	0.0	0.0	0.0	2.0	0.0
0.0	0.0	0.0	0.0	2.0	0.0
12.0	0.0	0.0	0.0	0.0	0.0
0.0	0.0	0.0	0.0	3.0	0.0
5.0	124.0	17.0	71.0	38.0	33.0
5.0	94.0	15.0	5.0	0.0	15.0
5.0	94.0	0.0	5.0	0.0	15.0
0.0	79.0	0.0	3.0	0.0	3.0
0.0	79.0	0.0	1.0	0.0	3.0
0.0	0.0	0.0	0.0	0.0	2.0
0.0	79.0	0.0	1.0	0.0	1.0
0.0	0.0	0.0	0.0	0.0	1.0
0.0	79.0	0.0	1.0	0.0	0.0
0.0	75.0	0.0	0.0	0.0	0.0
0.0	4.0	0.0	1.0	0.0	0.0
0.0	0.0	0.0	1.0	0.0	0.0
0.0	4.0	0.0	0.0	0.0	0.0
0.0	0.0	0.0	2.0	0.0	0.0
5.0	15.0	0.0	2.0	0.0	12.0
0.0	3.0	0.0	2.0	0.0	11.0
0.0	0.0	0.0	0.0	0.0	9.0
0.0	3.0	0.0	2.0	0.0	2.0
0.0	3.0	0.0	0.0	0.0	0.0
0.0	0.0	0.0	2.0	0.0	2.0
0.0	0.0	0.0	2.0	0.0	0.0
0.0	0.0	0.0	0.0	0.0	2.0
5.0	12.0	0.0	0.0	0.0	1.0
5.0	1.0	0.0	0.0	0.0	0.0
0.0	1.0	0.0	0.0	0.0	0.0
5.0	0.0	0.0	0.0	0.0	0.0
0.0	11.0	0.0	0.0	0.0	1.0
0.0	4.0	0.0	0.0	0.0	1.0
0.0	4.0	0.0	0.0	0.0	0.0
0.0	0.0	0.0	0.0	0.0	1.0
0.0	7.0	0.0	0.0	0.0	0.0
0.0	0.0	15.0	0.0	0.0	0.0
0.0	30.0	2.0	66.0	38.0	18.0
0.0	3.0	2.0	66.0	4.0	11.0
0.0	0.0	1.0	0.0	0.0	7.0
0.0	0.0	0.0	0.0	0.0	7.0
0.0	0.0	1.0	0.0	0.0	0.0
0.0	3.0	1.0	66.0	4.0	4.0
0.0	3.0	0.0	65.0	4.0	0.0
0.0	1.0	0.0	2.0	4.0	0.0
0.0	1.0	0.0	2.0	0.0	0.0
0.0	1.0	0.0	0.0	0.0	0.0
0.0	0.0	0.0	2.0	0.0	0.0
0.0	0.0	0.0	0.0	4.0	0.0
0.0	2.0	0.0	63.0	0.0	0.0
0.0	1.0	0.0	63.0	0.0	0.0
0.0	1.0	0.0	0.0	0.0	0.0
0.0	0.0	0.0	63.0	0.0	0.0
0.0	1.0	0.0	0.0	0.0	0.0
0.0	0.0	1.0	1.0	0.0	4.0
0.0	0.0	0.0	0.0	0.0	4.0
0.0	0.0	1.0	1.0	0.0	0.0
0.0	0.0	1.0	0.0	0.0	0.0
0.0	0.0	0.0	1.0	0.0	0.0
0.0	27.0	0.0	0.0	34.0	7.0
0.0	2.0	0.0	0.0	30.0	6.0
0.0	2.0	0.0	0.0	0.0	1.0
0.0	2.0	0.0	0.0	0.0	0.0
0.0	0.0	0.0	0.0	0.0	1.0
0.0	0.0	0.0	0.0	30.0	5.0
0.0	0.0	0.0	0.0	26.0	0.0
0.0	0.0	0.0	0.0	4.0	5.0
0.0	0.0	0.0	0.0	0.0	5.0
0.0	0.0	0.0	0.0	4.0	0.0
0.0	25.0	0.0	0.0	4.0	1.0
0.0	0.0	0.0	0.0	3.0	0.0
0.0	25.0	0.0	0.0	1.0	1.0
0.0	25.0	0.0	0.0	1.0	0.0
0.0	24.0	0.0	0.0	0.0	0.0
0.0	1.0	0.0	0.0	1.0	0.0
0.0	0.0	0.0	0.0	1.0	0.0
0.0	1.0	0.0	0.0	0.0	0.0
0.0	0.0	0.0	0.0	0.0	1.0
