# Sizes (NFeatures, Nclasses, NodeCount, MaxDepth)
14	5	203	18
# Classes
0.0	1.0	2.0	3.0	4.0
# Feature Names
Nrows	Ncols	Nnnz	AvgNnnz	Density	MaxRowNnnz	MinRowNnnz	StdRowNnnz	NDiags	NTrueDiags	AvgNnnzDia	AvgNnnzELL	AvgNnnzHyb	AvgNnnzHdc
# Left
1	2	3	4	5	-1	7	8	9	10	11	-1	13	-1	-1	-1	-1	18	19	-1	-1	22	23	24	-1	26	-1	-1	29	-1	-1	32	-1	34	-1	36	37	-1	-1	40	41	-1	-1	-1	45	-1	47	-1	49	50	-1	-1	-1	54	-1	56	-1	58	-1	-1	-1	62	63	-1	65	66	-1	68	-1	70	-1	-1	73	74	75	-1	77	-1	79	-1	81	82	83	84	-1	86	-1	88	89	-1	-1	92	93	-1	-1	-1	97	-1	-1	100	-1	102	-1	104	-1	-1	107	-1	-1	110	-1	-1	113	-1	115	-1	117	-1	-1	120	121	122	123	124	-1	-1	-1	-1	129	130	-1	132	-1	134	135	-1	-1	-1	139	140	141	142	-1	144	-1	146	147	-1	-1	-1	151	-1	-1	154	-1	156	-1	158	-1	-1	-1	162	-1	164	-1	-1	167	168	169	-1	171	172	173	-1	-1	-1	-1	178	179	180	181	-1	-1	-1	185	-1	-1	188	-1	-1	191	192	-1	-1	195	-1	197	198	199	-1	-1	-1	-1
# Right
166	61	60	53	6	-1	44	17	16	15	12	-1	14	-1	-1	-1	-1	21	20	-1	-1	31	28	25	-1	27	-1	-1	30	-1	-1	33	-1	35	-1	39	38	-1	-1	43	42	-1	-1	-1	46	-1	48	-1	52	51	-1	-1	-1	55	-1	57	-1	59	-1	-1	-1	119	64	-1	72	67	-1	69	-1	71	-1	-1	112	109	76	-1	78	-1	80	-1	106	99	96	85	-1	87	-1	91	90	-1	-1	95	94	-1	-1	-1	98	-1	-1	101	-1	103	-1	105	-1	-1	108	-1	-1	111	-1	-1	114	-1	116	-1	118	-1	-1	161	128	127	126	125	-1	-1	-1	-1	138	131	-1	133	-1	137	136	-1	-1	-1	160	153	150	143	-1	145	-1	149	148	-1	-1	-1	152	-1	-1	155	-1	157	-1	159	-1	-1	-1	163	-1	165	-1	-1	190	177	170	-1	176	175	174	-1	-1	-1	-1	187	184	183	182	-1	-1	-1	186	-1	-1	189	-1	-1	194	193	-1	-1	196	-1	202	201	200	-1	-1	-1	-1
# Threshold
1345.0	5618.0	0.27594150602817535	4906930.0	20.5	-2.0	0.7442649900913239	7.5	2857.0	1109.0	0.9987500011920929	-2.0	107.0	-2.0	-2.0	-2.0	-2.0	35.5	0.07338399812579155	-2.0	-2.0	1900.5	0.7929565012454987	230711.5	-2.0	235633.0	-2.0	-2.0	225.0	-2.0	-2.0	1906.5	-2.0	0.41964849829673767	-2.0	0.8311389982700348	11.57990026473999	-2.0	-2.0	2202.5	0.5	-2.0	-2.0	-2.0	0.7482190132141113	-2.0	3.0030450034246314e-05	-2.0	10.066699981689453	5.165725111961365	-2.0	-2.0	-2.0	0.01652320008724928	-2.0	2.0	-2.0	1545930.0	-2.0	-2.0	-2.0	0.1256749965250492	38.5	-2.0	0.7722154855728149	718.5	-2.0	0.6146135032176971	-2.0	0.007208049995824695	-2.0	-2.0	2329790.0	1112.0	2.369944930076599	-2.0	5411.0	-2.0	9462.5	-2.0	586.5	3.699779987335205	4.536915002972819e-05	4.7269299030303955	-2.0	28665.0	-2.0	165140.5	0.00014393500168807805	-2.0	-2.0	1.5385149708890822e-05	354454.5	-2.0	-2.0	-2.0	0.6478919982910156	-2.0	-2.0	0.012469499837607145	-2.0	13.394299983978271	-2.0	23.679349899291992	-2.0	-2.0	0.8198714852333069	-2.0	-2.0	17.66230010986328	-2.0	-2.0	73484.5	-2.0	584855.5	-2.0	21183900.0	-2.0	-2.0	11.173890113830566	2.853390097618103	1.015529990196228	7083745.0	1706290.0	-2.0	-2.0	-2.0	-2.0	0.16341499984264374	28.5	-2.0	0.00014760149497305974	-2.0	52.899600982666016	0.985835999250412	-2.0	-2.0	-2.0	323.51100158691406	0.7625569999217987	71.73199844360352	79365.0	-2.0	54174.0	-2.0	5.139815092086792	892840.0	-2.0	-2.0	-2.0	0.3567809909582138	-2.0	-2.0	2.3918349742889404	-2.0	12.808949947357178	-2.0	55.59925079345703	-2.0	-2.0	-2.0	0.4620950073003769	-2.0	1.8910450339317322	-2.0	-2.0	15.20704984664917	14475.0	1.5	-2.0	16145.5	2019.5	92434.0	-2.0	-2.0	-2.0	-2.0	2.5	0.5088910162448883	4.96900486946106	4.851874828338623	-2.0	-2.0	-2.0	2026215.0	-2.0	-2.0	118277.0	-2.0	-2.0	221.20350646972656	18.120949745178223	-2.0	-2.0	0.00199419999262318	-2.0	431.3610076904297	0.6121795177459717	0.5	-2.0	-2.0	-2.0	-2.0
# Feature
5	8	4	2	1	-2	13	8	2	2	3	-2	0	-2	-2	-2	-2	1	10	-2	-2	8	10	2	-2	2	-2	-2	0	-2	-2	8	-2	13	-2	12	7	-2	-2	8	9	-2	-2	-2	13	-2	4	-2	3	7	-2	-2	-2	10	-2	6	-2	0	-2	-2	-2	11	5	-2	12	5	-2	12	-2	11	-2	-2	2	5	3	-2	1	-2	8	-2	5	7	4	3	-2	8	-2	0	10	-2	-2	4	0	-2	-2	-2	13	-2	-2	11	-2	7	-2	7	-2	-2	12	-2	-2	7	-2	-2	8	-2	1	-2	2	-2	-2	12	3	7	1	1	-2	-2	-2	-2	11	5	-2	10	-2	3	12	-2	-2	-2	3	13	7	8	-2	1	-2	3	1	-2	-2	-2	13	-2	-2	7	-2	3	-2	3	-2	-2	-2	13	-2	7	-2	-2	3	8	6	-2	0	5	2	-2	-2	-2	-2	6	13	3	3	-2	-2	-2	8	-2	-2	8	-2	-2	7	7	-2	-2	11	-2	3	13	6	-2	-2	-2	-2
# Values
191.0	1403.0	21.0	2.0	66.0
81.0	1325.0	21.0	0.0	61.0
3.0	949.0	21.0	0.0	20.0
3.0	949.0	10.0	0.0	20.0
3.0	942.0	9.0	0.0	11.0
0.0	0.0	1.0	0.0	0.0
3.0	942.0	8.0	0.0	11.0
3.0	903.0	8.0	0.0	4.0
0.0	39.0	6.0	0.0	0.0
0.0	6.0	6.0	0.0	0.0
0.0	6.0	2.0	0.0	0.0
0.0	0.0	1.0	0.0	0.0
0.0	6.0	1.0	0.0	0.0
0.0	0.0	1.0	0.0	0.0
0.0	6.0	0.0	0.0	0.0
0.0	0.0	4.0	0.0	0.0
0.0	33.0	0.0	0.0	0.0
3.0	864.0	2.0	0.0	4.0
0.0	5.0	1.0	0.0	0.0
0.0	0.0	1.0	0.0	0.0
0.0	5.0	0.0	0.0	0.0
3.0	859.0	1.0	0.0	4.0
0.0	669.0	1.0	0.0	1.0
0.0	652.0	0.0	0.0	1.0
0.0	593.0	0.0	0.0	0.0
0.0	59.0	0.0	0.0	1.0
0.0	0.0	0.0	0.0	1.0
0.0	59.0	0.0	0.0	0.0
0.0	17.0	1.0	0.0	0.0
0.0	0.0	1.0	0.0	0.0
0.0	17.0	0.0	0.0	0.0
3.0	190.0	0.0	0.0	3.0
0.0	0.0	0.0	0.0	2.0
3.0	190.0	0.0	0.0	1.0
0.0	133.0	0.0	0.0	0.0
3.0	57.0	0.0	0.0	1.0
3.0	4.0	0.0	0.0	0.0
0.0	4.0	0.0	0.0	0.0
3.0	0.0	0.0	0.0	0.0
0.0	53.0	0.0	0.0	1.0
0.0	2.0	0.0	0.0	1.0
0.0	2.0	0.0	0.0	0.0
0.0	0.0	0.0	0.0	1.0
0.0	51.0	0.0	0.0	0.0
0.0	39.0	0.0	0.0	7.0
0.0	0.0	0.0	0.0	4.0
0.0	39.0	0.0	0.0	3.0
0.0	0.0	0.0	0.0	1.0
0.0	39.0	0.0	0.0	2.0
0.0	9.0	0.0	0.0	2.0
0.0	9.0	0.0	0.0	0.0
0.0	0.0	0.0	0.0	2.0
0.0	30.0	0.0	0.0	0.0
0.0	7.0	1.0	0.0	9.0
0.0	5.0	0.0	0.0	0.0
0.0	2.0	1.0	0.0	9.0
0.0	2.0	0.0	0.0	0.0
0.0	0.0	1.0	0.0	9.0
0.0	0.0	0.0	0.0	9.0
0.0	0.0	1.0	0.0	0.0
0.0	0.0	11.0	0.0	0.0
78.0	376.0	0.0	0.0	41.0
70.0	73.0	0.0	0.0	15.0
18.0	0.0	0.0	0.0	0.0
52.0	73.0	0.0	0.0	15.0
19.0	3.0	0.0	0.0	0.0
15.0	0.0	0.0	0.0	0.0
4.0	3.0	0.0	0.0	0.0
3.0	0.0	0.0	0.0	0.0
1.0	3.0	0.0	0.0	0.0
1.0	0.0	0.0	0.0	0.0
0.0	3.0	0.0	0.0	0.0
33.0	70.0	0.0	0.0	15.0
26.0	66.0	0.0	0.0	6.0
26.0	65.0	0.0	0.0	2.0
4.0	0.0	0.0	0.0	0.0
22.0	65.0	0.0	0.0	2.0
3.0	0.0	0.0	0.0	0.0
19.0	65.0	0.0	0.0	2.0
0.0	17.0	0.0	0.0	0.0
19.0	48.0	0.0	0.0	2.0
13.0	46.0	0.0	0.0	2.0
11.0	18.0	0.0	0.0	1.0
5.0	18.0	0.0	0.0	0.0
2.0	0.0	0.0	0.0	0.0
3.0	18.0	0.0	0.0	0.0
1.0	0.0	0.0	0.0	0.0
2.0	18.0	0.0	0.0	0.0
1.0	1.0	0.0	0.0	0.0
1.0	0.0	0.0	0.0	0.0
0.0	1.0	0.0	0.0	0.0
1.0	17.0	0.0	0.0	0.0
1.0	3.0	0.0	0.0	0.0
1.0	0.0	0.0	0.0	0.0
0.0	3.0	0.0	0.0	0.0
0.0	14.0	0.0	0.0	0.0
6.0	0.0	0.0	0.0	1.0
0.0	0.0	0.0	0.0	1.0
6.0	0.0	0.0	0.0	0.0
2.0	28.0	0.0	0.0	1.0
0.0	0.0	0.0	0.0	1.0
2.0	28.0	0.0	0.0	0.0
0.0	25.0	0.0	0.0	0.0
2.0	3.0	0.0	0.0	0.0
2.0	0.0	0.0	0.0	0.0
0.0	3.0	0.0	0.0	0.0
6.0	2.0	0.0	0.0	0.0
0.0	2.0	0.0	0.0	0.0
6.0	0.0	0.0	0.0	0.0
0.0	1.0	0.0	0.0	4.0
0.0	1.0	0.0	0.0	0.0
0.0	0.0	0.0	0.0	4.0
7.0	4.0	0.0	0.0	9.0
0.0	0.0	0.0	0.0	7.0
7.0	4.0	0.0	0.0	2.0
7.0	0.0	0.0	0.0	0.0
0.0	4.0	0.0	0.0	2.0
0.0	0.0	0.0	0.0	2.0
0.0	4.0	0.0	0.0	0.0
8.0	303.0	0.0	0.0	26.0
8.0	288.0	0.0	0.0	15.0
2.0	10.0	0.0	0.0	5.0
0.0	10.0	0.0	0.0	5.0
0.0	4.0	0.0	0.0	5.0
0.0	4.0	0.0	0.0	0.0
0.0	0.0	0.0	0.0	5.0
0.0	6.0	0.0	0.0	0.0
2.0	0.0	0.0	0.0	0.0
6.0	278.0	0.0	0.0	10.0
5.0	21.0	0.0	0.0	3.0
4.0	0.0	0.0	0.0	0.0
1.0	21.0	0.0	0.0	3.0
0.0	0.0	0.0	0.0	2.0
1.0	21.0	0.0	0.0	1.0
1.0	21.0	0.0	0.0	0.0
1.0	0.0	0.0	0.0	0.0
0.0	21.0	0.0	0.0	0.0
0.0	0.0	0.0	0.0	1.0
1.0	257.0	0.0	0.0	7.0
1.0	257.0	0.0	0.0	6.0
1.0	230.0	0.0	0.0	3.0
0.0	223.0	0.0	0.0	3.0
0.0	152.0	0.0	0.0	0.0
0.0	71.0	0.0	0.0	3.0
0.0	0.0	0.0	0.0	2.0
0.0	71.0	0.0	0.0	1.0
0.0	6.0	0.0	0.0	1.0
0.0	6.0	0.0	0.0	0.0
0.0	0.0	0.0	0.0	1.0
0.0	65.0	0.0	0.0	0.0
1.0	7.0	0.0	0.0	0.0
0.0	7.0	0.0	0.0	0.0
1.0	0.0	0.0	0.0	0.0
0.0	27.0	0.0	0.0	3.0
0.0	0.0	0.0	0.0	1.0
0.0	27.0	0.0	0.0	2.0
0.0	0.0	0.0	0.0	1.0
0.0	27.0	0.0	0.0	1.0
0.0	27.0	0.0	0.0	0.0
0.0	0.0	0.0	0.0	1.0
0.0	0.0	0.0	0.0	1.0
0.0	15.0	0.0	0.0	11.0
0.0	14.0	0.0	0.0	0.0
0.0	1.0	0.0	0.0	11.0
0.0	0.0	0.0	0.0	11.0
0.0	1.0	0.0	0.0	0.0
110.0	78.0	0.0	2.0	5.0
96.0	36.0	0.0	2.0	0.0
8.0	27.0	0.0	0.0	0.0
0.0	23.0	0.0	0.0	0.0
8.0	4.0	0.0	0.0	0.0
8.0	1.0	0.0	0.0	0.0
1.0	1.0	0.0	0.0	0.0
0.0	1.0	0.0	0.0	0.0
1.0	0.0	0.0	0.0	0.0
7.0	0.0	0.0	0.0	0.0
0.0	3.0	0.0	0.0	0.0
88.0	9.0	0.0	2.0	0.0
88.0	5.0	0.0	0.0	0.0
87.0	2.0	0.0	0.0	0.0
12.0	2.0	0.0	0.0	0.0
12.0	0.0	0.0	0.0	0.0
0.0	2.0	0.0	0.0	0.0
75.0	0.0	0.0	0.0	0.0
1.0	3.0	0.0	0.0	0.0
0.0	3.0	0.0	0.0	0.0
1.0	0.0	0.0	0.0	0.0
0.0	4.0	0.0	2.0	0.0
0.0	4.0	0.0	0.0	0.0
0.0	0.0	0.0	2.0	0.0
14.0	42.0	0.0	0.0	5.0
0.0	34.0	0.0	0.0	3.0
0.0	0.0	0.0	0.0	3.0
0.0	34.0	0.0	0.0	0.0
14.0	8.0	0.0	0.0	2.0
0.0	4.0	0.0	0.0	0.0
14.0	4.0	0.0	0.0	2.0
14.0	1.0	0.0	0.0	2.0
14.0	1.0	0.0	0.0	0.0
0.0	1.0	0.0	0.0	0.0
14.0	0.0	0.0	0.0	0.0
0.0	0.0	0.0	0.0	2.0
0.0	3.0	0.0	0.0	0.0
