# Sizes (NFeatures, Nclasses, NodeCount, MaxDepth)
10	4	131	12
# Classes
0.0	1.0	2.0	3.0
# Feature Names
Nrows	Ncols	Nnnz	AvgNnnz	Density	MaxRowNnnz	MinRowNnnz	StdRowNnnz	NDiags	NTrueDiags
# Left
1	2	3	4	5	-1	7	8	-1	-1	-1	12	13	14	-1	16	17	18	-1	-1	-1	-1	23	24	25	26	27	-1	-1	30	-1	32	-1	-1	-1	-1	-1	-1	39	40	41	-1	-1	-1	-1	46	47	48	49	-1	51	-1	53	-1	-1	-1	-1	58	59	60	-1	62	63	64	-1	66	-1	68	-1	70	-1	-1	-1	-1	75	-1	77	78	79	-1	81	-1	-1	-1	85	-1	87	88	89	-1	-1	-1	93	-1	-1	-1	97	98	99	100	-1	-1	103	104	-1	-1	-1	108	-1	-1	111	112	-1	114	115	-1	-1	118	-1	-1	121	-1	123	124	-1	-1	127	-1	129	-1	-1
# Right
96	45	38	11	6	-1	10	9	-1	-1	-1	37	22	15	-1	21	20	19	-1	-1	-1	-1	36	35	34	29	28	-1	-1	31	-1	33	-1	-1	-1	-1	-1	-1	44	43	42	-1	-1	-1	-1	57	56	55	50	-1	52	-1	54	-1	-1	-1	-1	95	74	61	-1	73	72	65	-1	67	-1	69	-1	71	-1	-1	-1	-1	76	-1	84	83	80	-1	82	-1	-1	-1	86	-1	92	91	90	-1	-1	-1	94	-1	-1	-1	110	107	102	101	-1	-1	106	105	-1	-1	-1	109	-1	-1	120	113	-1	117	116	-1	-1	119	-1	-1	122	-1	126	125	-1	-1	128	-1	130	-1	-1
# Threshold
1.5	5.102230072021484	4.561520099639893	2.0456351041793823	13.5	-2.0	2323.0	126.5	-2.0	-2.0	-2.0	0.000684065482346341	69309.0	7.0	-2.0	14890.0	5.948260068893433	40.0	-2.0	-2.0	-2.0	-2.0	3664.0	3.6060999631881714	2.408874988555908	0.5	151566.5	-2.0	-2.0	61379300.0	-2.0	0.46504050493240356	-2.0	-2.0	-2.0	-2.0	-2.0	-2.0	6644.5	0.0060679251328110695	4.872879981994629	-2.0	-2.0	-2.0	-2.0	12830.0	1147.0	14.947350025177002	0.0043589851120486856	-2.0	13.380250453948975	-2.0	4055.0	-2.0	-2.0	-2.0	-2.0	1139.8800048828125	19.85884952545166	267.5	-2.0	0.0058877498377114534	21.645350456237793	575.5	-2.0	716.0	-2.0	7.918509800219908e-05	-2.0	0.0005776805046480149	-2.0	-2.0	-2.0	-2.0	19.984999656677246	-2.0	0.0012668800191022456	0.0011642149765975773	415.9185028076172	-2.0	497.322998046875	-2.0	-2.0	-2.0	35.5	-2.0	29.5	20.091349601745605	2452.0	-2.0	-2.0	-2.0	44.977399826049805	-2.0	-2.0	-2.0	2.8876649141311646	2.4732799530029297	2.0988699197769165	2.044214963912964	-2.0	-2.0	1605.0	0.501739501953125	-2.0	-2.0	-2.0	3.5	-2.0	-2.0	3.7751699686050415	3.5997649431228638	-2.0	3.654389977455139	523.5	-2.0	-2.0	41.0	-2.0	-2.0	77484.5	-2.0	845437.0	6.33279013633728	-2.0	-2.0	51530000.0	-2.0	65875752.0	-2.0	-2.0
# Feature
9	3	3	3	5	-2	0	1	-2	-2	-2	4	2	5	-2	2	7	5	-2	-2	-2	-2	5	3	3	6	1	-2	-2	0	-2	7	-2	-2	-2	-2	-2	-2	8	4	3	-2	-2	-2	-2	2	8	3	4	-2	3	-2	2	-2	-2	-2	-2	3	3	5	-2	4	7	5	-2	5	-2	4	-2	4	-2	-2	-2	-2	3	-2	4	4	7	-2	7	-2	-2	-2	5	-2	6	3	0	-2	-2	-2	3	-2	-2	-2	3	3	3	3	-2	-2	0	7	-2	-2	-2	9	-2	-2	3	3	-2	3	0	-2	-2	5	-2	-2	8	-2	2	3	-2	-2	2	-2	2	-2	-2
# Values
137.0	1489.0	0.0	58.0
114.0	315.0	0.0	55.0
114.0	87.0	0.0	11.0
54.0	82.0	0.0	9.0
23.0	3.0	0.0	2.0
18.0	0.0	0.0	0.0
5.0	3.0	0.0	2.0
0.0	3.0	0.0	2.0
0.0	0.0	0.0	2.0
0.0	3.0	0.0	0.0
5.0	0.0	0.0	0.0
31.0	79.0	0.0	7.0
31.0	35.0	0.0	7.0
22.0	6.0	0.0	2.0
0.0	5.0	0.0	0.0
22.0	1.0	0.0	2.0
1.0	1.0	0.0	2.0
1.0	1.0	0.0	0.0
1.0	0.0	0.0	0.0
0.0	1.0	0.0	0.0
0.0	0.0	0.0	2.0
21.0	0.0	0.0	0.0
9.0	29.0	0.0	5.0
9.0	17.0	0.0	5.0
9.0	6.0	0.0	5.0
2.0	6.0	0.0	5.0
1.0	0.0	0.0	4.0
0.0	0.0	0.0	4.0
1.0	0.0	0.0	0.0
1.0	6.0	0.0	1.0
0.0	6.0	0.0	0.0
1.0	0.0	0.0	1.0
0.0	0.0	0.0	1.0
1.0	0.0	0.0	0.0
7.0	0.0	0.0	0.0
0.0	11.0	0.0	0.0
0.0	12.0	0.0	0.0
0.0	44.0	0.0	0.0
60.0	5.0	0.0	2.0
1.0	5.0	0.0	2.0
1.0	5.0	0.0	0.0
1.0	0.0	0.0	0.0
0.0	5.0	0.0	0.0
0.0	0.0	0.0	2.0
59.0	0.0	0.0	0.0
0.0	228.0	0.0	44.0
0.0	30.0	0.0	21.0
0.0	30.0	0.0	6.0
0.0	30.0	0.0	3.0
0.0	0.0	0.0	2.0
0.0	30.0	0.0	1.0
0.0	27.0	0.0	0.0
0.0	3.0	0.0	1.0
0.0	0.0	0.0	1.0
0.0	3.0	0.0	0.0
0.0	0.0	0.0	3.0
0.0	0.0	0.0	15.0
0.0	198.0	0.0	23.0
0.0	198.0	0.0	20.0
0.0	118.0	0.0	4.0
0.0	75.0	0.0	0.0
0.0	43.0	0.0	4.0
0.0	43.0	0.0	3.0
0.0	13.0	0.0	3.0
0.0	11.0	0.0	0.0
0.0	2.0	0.0	3.0
0.0	0.0	0.0	2.0
0.0	2.0	0.0	1.0
0.0	1.0	0.0	0.0
0.0	1.0	0.0	1.0
0.0	0.0	0.0	1.0
0.0	1.0	0.0	0.0
0.0	30.0	0.0	0.0
0.0	0.0	0.0	1.0
0.0	80.0	0.0	16.0
0.0	0.0	0.0	2.0
0.0	80.0	0.0	14.0
0.0	18.0	0.0	9.0
0.0	18.0	0.0	3.0
0.0	16.0	0.0	0.0
0.0	2.0	0.0	3.0
0.0	0.0	0.0	3.0
0.0	2.0	0.0	0.0
0.0	0.0	0.0	6.0
0.0	62.0	0.0	5.0
0.0	0.0	0.0	1.0
0.0	62.0	0.0	4.0
0.0	57.0	0.0	1.0
0.0	9.0	0.0	1.0
0.0	9.0	0.0	0.0
0.0	0.0	0.0	1.0
0.0	48.0	0.0	0.0
0.0	5.0	0.0	3.0
0.0	0.0	0.0	3.0
0.0	5.0	0.0	0.0
0.0	0.0	0.0	3.0
23.0	1174.0	0.0	3.0
15.0	20.0	0.0	2.0
2.0	15.0	0.0	2.0
1.0	0.0	0.0	2.0
0.0	0.0	0.0	2.0
1.0	0.0	0.0	0.0
1.0	15.0	0.0	0.0
1.0	1.0	0.0	0.0
0.0	1.0	0.0	0.0
1.0	0.0	0.0	0.0
0.0	14.0	0.0	0.0
13.0	5.0	0.0	0.0
13.0	0.0	0.0	0.0
0.0	5.0	0.0	0.0
8.0	1154.0	0.0	1.0
5.0	101.0	0.0	0.0
0.0	85.0	0.0	0.0
5.0	16.0	0.0	0.0
4.0	1.0	0.0	0.0
0.0	1.0	0.0	0.0
4.0	0.0	0.0	0.0
1.0	15.0	0.0	0.0
0.0	15.0	0.0	0.0
1.0	0.0	0.0	0.0
3.0	1053.0	0.0	1.0
0.0	945.0	0.0	0.0
3.0	108.0	0.0	1.0
3.0	2.0	0.0	0.0
3.0	0.0	0.0	0.0
0.0	2.0	0.0	0.0
0.0	106.0	0.0	1.0
0.0	95.0	0.0	0.0
0.0	11.0	0.0	1.0
0.0	0.0	0.0	1.0
0.0	11.0	0.0	0.0
