# Sizes (NFeatures, Nclasses, NodeCount, MaxDepth)
10	4	139	12
# Classes
0.0	1.0	2.0	3.0
# Feature Names
Nrows	Ncols	Nnnz	AvgNnnz	Density	MaxRowNnnz	MinRowNnnz	StdRowNnnz	NDiags	NTrueDiags
# Left
1	2	3	4	-1	6	7	8	-1	10	11	-1	13	-1	15	-1	-1	-1	19	20	21	-1	-1	-1	25	-1	-1	28	-1	30	-1	32	33	-1	35	-1	-1	38	39	-1	-1	-1	43	44	-1	-1	-1	48	49	-1	51	52	53	-1	-1	56	-1	58	-1	-1	-1	62	63	64	65	-1	67	-1	69	70	-1	-1	-1	74	-1	76	77	78	79	-1	-1	82	83	-1	-1	-1	87	-1	89	90	-1	-1	-1	94	-1	96	97	-1	-1	-1	-1	102	-1	-1	105	106	107	108	109	-1	-1	-1	113	114	-1	-1	-1	-1	119	120	121	122	-1	124	-1	-1	-1	128	-1	130	-1	-1	133	-1	135	-1	137	-1	-1
# Right
104	47	42	5	-1	27	18	9	-1	17	12	-1	14	-1	16	-1	-1	-1	24	23	22	-1	-1	-1	26	-1	-1	29	-1	31	-1	37	34	-1	36	-1	-1	41	40	-1	-1	-1	46	45	-1	-1	-1	61	50	-1	60	55	54	-1	-1	57	-1	59	-1	-1	-1	101	100	73	66	-1	68	-1	72	71	-1	-1	-1	75	-1	93	86	81	80	-1	-1	85	84	-1	-1	-1	88	-1	92	91	-1	-1	-1	95	-1	99	98	-1	-1	-1	-1	103	-1	-1	118	117	112	111	110	-1	-1	-1	116	115	-1	-1	-1	-1	132	127	126	123	-1	125	-1	-1	-1	129	-1	131	-1	-1	134	-1	136	-1	138	-1	-1
# Threshold
1.5	5.034635066986084	4.712054967880249	1.1575350165367126	-2.0	0.5	15847.0	122.5	-2.0	0.0019767750054597855	6045.0	-2.0	4286.0	-2.0	7796.0	-2.0	-2.0	-2.0	14.949365139007568	5.099600093672052e-05	2.5546249617036665e-05	-2.0	-2.0	-2.0	0.5	-2.0	-2.0	3.5	-2.0	1.879550039768219	-2.0	0.929124504327774	6.5	-2.0	45831750.0	-2.0	-2.0	1.9937750101089478	1.7824249863624573	-2.0	-2.0	-2.0	1.5	176730.0	-2.0	-2.0	-2.0	1002.5	2910.0	-2.0	31.34035015106201	733.0	0.051889099180698395	-2.0	-2.0	15906.0	-2.0	36.0	-2.0	-2.0	-2.0	250.31299591064453	0.5	16.226150512695312	1796.5	-2.0	7.5	-2.0	37.0	0.0052968837262596935	-2.0	-2.0	-2.0	16.2679500579834	-2.0	32.51825141906738	26.320000648498535	3502.5	2769.5	-2.0	-2.0	7.517829895019531	20.721099853515625	-2.0	-2.0	-2.0	9793.5	-2.0	924919.0	63442.5	-2.0	-2.0	-2.0	501760.5	-2.0	974208.5	5765.5	-2.0	-2.0	-2.0	-2.0	1392.1300048828125	-2.0	-2.0	2.853455066680908	2.4732799530029297	2.0931899547576904	4043.0	4.0	-2.0	-2.0	-2.0	1605.0	10.0	-2.0	-2.0	-2.0	-2.0	919728.5	77484.5	3.654389977455139	3.5993900299072266	-2.0	2.5	-2.0	-2.0	-2.0	446557.0	-2.0	47867.0	-2.0	-2.0	5441100.0	-2.0	82.5	-2.0	1.7364749965054216e-05	-2.0	-2.0
# Feature
9	3	3	3	-2	6	2	2	-2	4	2	-2	0	-2	8	-2	-2	-2	7	4	4	-2	-2	-2	9	-2	-2	5	-2	3	-2	7	5	-2	0	-2	-2	7	7	-2	-2	-2	6	8	-2	-2	-2	1	2	-2	3	0	4	-2	-2	2	-2	5	-2	-2	-2	3	9	7	0	-2	6	-2	5	4	-2	-2	-2	7	-2	7	7	1	8	-2	-2	3	7	-2	-2	-2	8	-2	1	8	-2	-2	-2	8	-2	8	5	-2	-2	-2	-2	7	-2	-2	3	3	3	0	8	-2	-2	-2	0	5	-2	-2	-2	-2	1	8	3	3	-2	6	-2	-2	-2	2	-2	1	-2	-2	2	-2	5	-2	4	-2	-2
# Values
122.0	1497.0	1.0	64.0
104.0	283.0	0.0	56.0
104.0	69.0	0.0	6.0
48.0	66.0	0.0	6.0
26.0	0.0	0.0	0.0
22.0	66.0	0.0	6.0
15.0	13.0	0.0	5.0
1.0	9.0	0.0	2.0
0.0	0.0	0.0	1.0
1.0	9.0	0.0	1.0
1.0	2.0	0.0	1.0
1.0	0.0	0.0	0.0
0.0	2.0	0.0	1.0
0.0	1.0	0.0	0.0
0.0	1.0	0.0	1.0
0.0	0.0	0.0	1.0
0.0	1.0	0.0	0.0
0.0	7.0	0.0	0.0
14.0	4.0	0.0	3.0
13.0	0.0	0.0	3.0
2.0	0.0	0.0	3.0
2.0	0.0	0.0	0.0
0.0	0.0	0.0	3.0
11.0	0.0	0.0	0.0
1.0	4.0	0.0	0.0
0.0	4.0	0.0	0.0
1.0	0.0	0.0	0.0
7.0	53.0	0.0	1.0
2.0	0.0	0.0	0.0
5.0	53.0	0.0	1.0
1.0	0.0	0.0	0.0
4.0	53.0	0.0	1.0
3.0	9.0	0.0	1.0
0.0	9.0	0.0	0.0
3.0	0.0	0.0	1.0
3.0	0.0	0.0	0.0
0.0	0.0	0.0	1.0
1.0	44.0	0.0	0.0
1.0	16.0	0.0	0.0
0.0	16.0	0.0	0.0
1.0	0.0	0.0	0.0
0.0	28.0	0.0	0.0
56.0	3.0	0.0	0.0
56.0	1.0	0.0	0.0
56.0	0.0	0.0	0.0
0.0	1.0	0.0	0.0
0.0	2.0	0.0	0.0
0.0	214.0	0.0	50.0
0.0	26.0	0.0	26.0
0.0	14.0	0.0	0.0
0.0	12.0	0.0	26.0
0.0	7.0	0.0	26.0
0.0	6.0	0.0	6.0
0.0	6.0	0.0	0.0
0.0	0.0	0.0	6.0
0.0	1.0	0.0	20.0
0.0	0.0	0.0	19.0
0.0	1.0	0.0	1.0
0.0	1.0	0.0	0.0
0.0	0.0	0.0	1.0
0.0	5.0	0.0	0.0
0.0	188.0	0.0	24.0
0.0	187.0	0.0	20.0
0.0	120.0	0.0	20.0
0.0	50.0	0.0	2.0
0.0	0.0	0.0	1.0
0.0	50.0	0.0	1.0
0.0	41.0	0.0	0.0
0.0	9.0	0.0	1.0
0.0	2.0	0.0	1.0
0.0	2.0	0.0	0.0
0.0	0.0	0.0	1.0
0.0	7.0	0.0	0.0
0.0	70.0	0.0	18.0
0.0	0.0	0.0	4.0
0.0	70.0	0.0	14.0
0.0	28.0	0.0	10.0
0.0	25.0	0.0	5.0
0.0	1.0	0.0	3.0
0.0	1.0	0.0	0.0
0.0	0.0	0.0	3.0
0.0	24.0	0.0	2.0
0.0	4.0	0.0	2.0
0.0	0.0	0.0	2.0
0.0	4.0	0.0	0.0
0.0	20.0	0.0	0.0
0.0	3.0	0.0	5.0
0.0	1.0	0.0	0.0
0.0	2.0	0.0	5.0
0.0	1.0	0.0	5.0
0.0	1.0	0.0	4.0
0.0	0.0	0.0	1.0
0.0	1.0	0.0	0.0
0.0	42.0	0.0	4.0
0.0	26.0	0.0	0.0
0.0	16.0	0.0	4.0
0.0	2.0	0.0	4.0
0.0	2.0	0.0	0.0
0.0	0.0	0.0	4.0
0.0	14.0	0.0	0.0
0.0	67.0	0.0	0.0
0.0	1.0	0.0	4.0
0.0	0.0	0.0	4.0
0.0	1.0	0.0	0.0
18.0	1214.0	1.0	8.0
14.0	19.0	1.0	2.0
6.0	19.0	1.0	2.0
3.0	0.0	1.0	2.0
0.0	0.0	1.0	2.0
0.0	0.0	1.0	0.0
0.0	0.0	0.0	2.0
3.0	0.0	0.0	0.0
3.0	19.0	0.0	0.0
3.0	4.0	0.0	0.0
0.0	3.0	0.0	0.0
3.0	1.0	0.0	0.0
0.0	15.0	0.0	0.0
8.0	0.0	0.0	0.0
4.0	1195.0	0.0	6.0
4.0	1157.0	0.0	1.0
2.0	1086.0	0.0	0.0
2.0	78.0	0.0	0.0
0.0	77.0	0.0	0.0
2.0	1.0	0.0	0.0
2.0	0.0	0.0	0.0
0.0	1.0	0.0	0.0
0.0	1008.0	0.0	0.0
2.0	71.0	0.0	1.0
2.0	0.0	0.0	0.0
0.0	71.0	0.0	1.0
0.0	0.0	0.0	1.0
0.0	71.0	0.0	0.0
0.0	38.0	0.0	5.0
0.0	0.0	0.0	3.0
0.0	38.0	0.0	2.0
0.0	32.0	0.0	0.0
0.0	6.0	0.0	2.0
0.0	6.0	0.0	0.0
0.0	0.0	0.0	2.0
