# Sizes (NFeatures, Nclasses, NodeCount, MaxDepth)
10	4	123	10
# Classes
0.0	1.0	2.0	3.0
# Feature Names
Nrows	Ncols	Nnnz	AvgNnnz	Density	MaxRowNnnz	MinRowNnnz	StdRowNnnz	NDiags	NTrueDiags
# Left
1	2	3	4	5	6	7	8	-1	10	-1	-1	-1	14	-1	-1	17	-1	19	-1	-1	22	23	24	25	-1	-1	-1	-1	-1	31	-1	33	34	35	36	-1	-1	-1	-1	41	-1	-1	44	45	46	-1	48	-1	-1	51	-1	53	54	55	-1	-1	-1	59	-1	61	62	-1	-1	-1	66	-1	68	69	-1	71	-1	-1	74	75	-1	-1	78	79	-1	81	-1	83	-1	-1	-1	87	88	-1	90	91	92	-1	-1	-1	96	97	98	-1	-1	-1	-1	103	104	105	106	107	-1	109	110	-1	-1	-1	-1	-1	116	-1	-1	119	-1	121	-1	-1
# Right
86	43	30	21	16	13	12	9	-1	11	-1	-1	-1	15	-1	-1	18	-1	20	-1	-1	29	28	27	26	-1	-1	-1	-1	-1	32	-1	40	39	38	37	-1	-1	-1	-1	42	-1	-1	65	50	47	-1	49	-1	-1	52	-1	58	57	56	-1	-1	-1	60	-1	64	63	-1	-1	-1	67	-1	73	70	-1	72	-1	-1	77	76	-1	-1	85	80	-1	82	-1	84	-1	-1	-1	102	89	-1	95	94	93	-1	-1	-1	101	100	99	-1	-1	-1	-1	118	115	114	113	108	-1	112	111	-1	-1	-1	-1	-1	117	-1	-1	120	-1	122	-1	-1
# Threshold
1.5	5.0373148918151855	0.0007000985206104815	5.117105007171631	1.5	98243804.0	33.0	52938.5	-2.0	300837.0	-2.0	-2.0	-2.0	134967000.0	-2.0	-2.0	7.0	-2.0	25574.5	-2.0	-2.0	0.5	1047031.5	14890.0	14460.0	-2.0	-2.0	-2.0	-2.0	-2.0	1.3674200177192688	-2.0	2.5	4.969835042953491	1.7247399687767029	0.5	-2.0	-2.0	-2.0	-2.0	356.0	-2.0	-2.0	0.005890999920666218	575.5	26.319650650024414	-2.0	26.33970069885254	-2.0	-2.0	16.2679500579834	-2.0	21.296250343322754	89346.0	6.702559947967529	-2.0	-2.0	-2.0	7906230.0	-2.0	21678250.0	0.5	-2.0	-2.0	-2.0	0.007328504929319024	-2.0	733.0	9.0	-2.0	290.0	-2.0	-2.0	19.984999656677246	4.361890077590942	-2.0	-2.0	1183.5549926757812	36.5	-2.0	34838.0	-2.0	8.5	-2.0	-2.0	-2.0	2.8091150522232056	0.5	-2.0	2.0931899547576904	0.11453049629926682	6.0	-2.0	-2.0	-2.0	1682.0	1.5	163.0	-2.0	-2.0	-2.0	-2.0	5.999855041503906	5.986310005187988	3.7366750240325928	3.7099149227142334	359.5	-2.0	18650.0	739.5	-2.0	-2.0	-2.0	-2.0	-2.0	917332.0	-2.0	-2.0	73.24015045166016	-2.0	74.17200088500977	-2.0	-2.0
# Feature
9	3	4	7	6	2	5	2	-2	2	-2	-2	-2	8	-2	-2	5	-2	1	-2	-2	6	2	2	2	-2	-2	-2	-2	-2	3	-2	6	3	3	6	-2	-2	-2	-2	0	-2	-2	4	5	7	-2	7	-2	-2	7	-2	7	0	3	-2	-2	-2	2	-2	2	6	-2	-2	-2	4	-2	0	6	-2	0	-2	-2	3	7	-2	-2	3	5	-2	0	-2	6	-2	-2	-2	3	6	-2	3	7	2	-2	-2	-2	0	6	8	-2	-2	-2	-2	3	3	3	3	8	-2	2	1	-2	-2	-2	-2	-2	8	-2	-2	3	-2	3	-2	-2
# Values
138.0	1499.0	1.0	46.0
107.0	294.0	0.0	44.0
107.0	71.0	0.0	4.0
89.0	24.0	0.0	4.0
81.0	12.0	0.0	3.0
78.0	4.0	0.0	3.0
77.0	4.0	0.0	0.0
17.0	4.0	0.0	0.0
14.0	0.0	0.0	0.0
3.0	4.0	0.0	0.0
0.0	4.0	0.0	0.0
3.0	0.0	0.0	0.0
60.0	0.0	0.0	0.0
1.0	0.0	0.0	3.0
0.0	0.0	0.0	3.0
1.0	0.0	0.0	0.0
3.0	8.0	0.0	0.0
0.0	7.0	0.0	0.0
3.0	1.0	0.0	0.0
3.0	0.0	0.0	0.0
0.0	1.0	0.0	0.0
8.0	12.0	0.0	1.0
8.0	4.0	0.0	1.0
8.0	1.0	0.0	1.0
0.0	1.0	0.0	1.0
0.0	0.0	0.0	1.0
0.0	1.0	0.0	0.0
8.0	0.0	0.0	0.0
0.0	3.0	0.0	0.0
0.0	8.0	0.0	0.0
18.0	47.0	0.0	0.0
11.0	0.0	0.0	0.0
7.0	47.0	0.0	0.0
3.0	46.0	0.0	0.0
1.0	46.0	0.0	0.0
1.0	2.0	0.0	0.0
0.0	2.0	0.0	0.0
1.0	0.0	0.0	0.0
0.0	44.0	0.0	0.0
2.0	0.0	0.0	0.0
4.0	1.0	0.0	0.0
4.0	0.0	0.0	0.0
0.0	1.0	0.0	0.0
0.0	223.0	0.0	40.0
0.0	166.0	0.0	8.0
0.0	115.0	0.0	1.0
0.0	107.0	0.0	0.0
0.0	8.0	0.0	1.0
0.0	0.0	0.0	1.0
0.0	8.0	0.0	0.0
0.0	51.0	0.0	7.0
0.0	0.0	0.0	3.0
0.0	51.0	0.0	4.0
0.0	3.0	0.0	2.0
0.0	1.0	0.0	2.0
0.0	1.0	0.0	0.0
0.0	0.0	0.0	2.0
0.0	2.0	0.0	0.0
0.0	48.0	0.0	2.0
0.0	39.0	0.0	0.0
0.0	9.0	0.0	2.0
0.0	1.0	0.0	2.0
0.0	0.0	0.0	2.0
0.0	1.0	0.0	0.0
0.0	8.0	0.0	0.0
0.0	57.0	0.0	32.0
0.0	0.0	0.0	11.0
0.0	57.0	0.0	21.0
0.0	26.0	0.0	1.0
0.0	23.0	0.0	0.0
0.0	3.0	0.0	1.0
0.0	0.0	0.0	1.0
0.0	3.0	0.0	0.0
0.0	31.0	0.0	20.0
0.0	1.0	0.0	15.0
0.0	1.0	0.0	0.0
0.0	0.0	0.0	15.0
0.0	30.0	0.0	5.0
0.0	30.0	0.0	3.0
0.0	0.0	0.0	1.0
0.0	30.0	0.0	2.0
0.0	26.0	0.0	0.0
0.0	4.0	0.0	2.0
0.0	0.0	0.0	2.0
0.0	4.0	0.0	0.0
0.0	0.0	0.0	2.0
31.0	1205.0	1.0	2.0
16.0	15.0	1.0	1.0
8.0	0.0	0.0	0.0
8.0	15.0	1.0	1.0
5.0	0.0	1.0	1.0
0.0	0.0	1.0	1.0
0.0	0.0	1.0	0.0
0.0	0.0	0.0	1.0
5.0	0.0	0.0	0.0
3.0	15.0	0.0	0.0
3.0	3.0	0.0	0.0
3.0	2.0	0.0	0.0
1.0	1.0	0.0	0.0
2.0	1.0	0.0	0.0
0.0	1.0	0.0	0.0
0.0	12.0	0.0	0.0
15.0	1190.0	0.0	1.0
15.0	302.0	0.0	0.0
8.0	301.0	0.0	0.0
8.0	90.0	0.0	0.0
4.0	90.0	0.0	0.0
0.0	68.0	0.0	0.0
4.0	22.0	0.0	0.0
4.0	2.0	0.0	0.0
0.0	2.0	0.0	0.0
4.0	0.0	0.0	0.0
0.0	20.0	0.0	0.0
4.0	0.0	0.0	0.0
0.0	211.0	0.0	0.0
7.0	1.0	0.0	0.0
7.0	0.0	0.0	0.0
0.0	1.0	0.0	0.0
0.0	888.0	0.0	1.0
0.0	822.0	0.0	0.0
0.0	66.0	0.0	1.0
0.0	0.0	0.0	1.0
0.0	66.0	0.0	0.0
