# Sizes (NFeatures, Nclasses, NodeCount, MaxDepth)
10	4	151	13
# Classes
0.0	1.0	2.0	3.0
# Feature Names
Nrows	Ncols	Nnnz	AvgNnnz	Density	MaxRowNnnz	MinRowNnnz	StdRowNnnz	NDiags	NTrueDiags
# Left
1	2	3	4	5	6	-1	-1	-1	10	11	12	13	14	-1	-1	-1	-1	19	20	21	-1	23	-1	-1	26	-1	-1	29	-1	-1	32	33	34	-1	-1	-1	38	39	40	-1	-1	-1	44	45	-1	-1	-1	49	-1	51	-1	-1	54	55	-1	57	58	-1	60	61	-1	-1	64	-1	66	67	68	69	-1	71	-1	-1	-1	-1	-1	77	-1	-1	80	-1	82	-1	84	85	86	-1	-1	-1	90	91	92	-1	-1	-1	96	-1	98	-1	-1	101	102	103	104	105	-1	-1	-1	109	110	-1	112	-1	-1	-1	116	117	118	-1	-1	-1	-1	123	124	125	126	-1	-1	-1	130	131	132	-1	134	-1	136	-1	-1	-1	-1	141	-1	143	-1	145	146	147	-1	-1	-1	-1
# Right
100	53	48	9	8	7	-1	-1	-1	31	18	17	16	15	-1	-1	-1	-1	28	25	22	-1	24	-1	-1	27	-1	-1	30	-1	-1	37	36	35	-1	-1	-1	43	42	41	-1	-1	-1	47	46	-1	-1	-1	50	-1	52	-1	-1	79	56	-1	76	59	-1	63	62	-1	-1	65	-1	75	74	73	70	-1	72	-1	-1	-1	-1	-1	78	-1	-1	81	-1	83	-1	89	88	87	-1	-1	-1	95	94	93	-1	-1	-1	97	-1	99	-1	-1	122	115	108	107	106	-1	-1	-1	114	111	-1	113	-1	-1	-1	121	120	119	-1	-1	-1	-1	140	129	128	127	-1	-1	-1	139	138	133	-1	135	-1	137	-1	-1	-1	-1	142	-1	144	-1	150	149	148	-1	-1	-1	-1
# Threshold
1.5	5.0578649044036865	4.622270107269287	3.5	108.5	0.017099549528211355	-2.0	-2.0	-2.0	0.5	795.5	92.0	80.0	0.5	-2.0	-2.0	-2.0	-2.0	241678.5	0.0009025094914250076	31623.5	-2.0	97545.0	-2.0	-2.0	60.5	-2.0	-2.0	4.155550003051758	-2.0	-2.0	2.496005058288574	8199981.5	0.46504050493240356	-2.0	-2.0	-2.0	0.5	2.7023650407791138	2.65905499458313	-2.0	-2.0	-2.0	12.0	7933.5	-2.0	-2.0	-2.0	1.2347310185432434	-2.0	33.585320711135864	-2.0	-2.0	0.0058907498605549335	220.5	-2.0	68.78625106811523	11262.0	-2.0	8500.0	6.0	-2.0	-2.0	11916.0	-2.0	11.45134973526001	10.962699890136719	1226.0	0.5	-2.0	1102.5	-2.0	-2.0	-2.0	-2.0	-2.0	225.0	-2.0	-2.0	4393.0	-2.0	12.276750087738037	-2.0	37.5	4.371680021286011	13.427249908447266	-2.0	-2.0	-2.0	7.5	0.012117900419980288	23.22214984893799	-2.0	-2.0	-2.0	29.5	-2.0	50351.0	-2.0	-2.0	2.906659960746765	0.6238205134868622	2.0988699197769165	0.11453049629926682	1.5	-2.0	-2.0	-2.0	12.5	1528.0	-2.0	2.833954930305481	-2.0	-2.0	-2.0	51.0	235.5	0.6643050014972687	-2.0	-2.0	-2.0	-2.0	77484.5	6.528744961542543e-06	2.0	628.5	-2.0	-2.0	-2.0	3.737684965133667	3.7099149227142334	1.5	-2.0	3.5392600297927856	-2.0	243.5	-2.0	-2.0	-2.0	-2.0	47867.0	-2.0	446557.0	-2.0	1600530.0	2.4152000546455383	7.0	-2.0	-2.0	-2.0	-2.0
# Feature
9	3	3	5	0	4	-2	-2	-2	6	0	1	2	9	-2	-2	-2	-2	2	4	8	-2	2	-2	-2	5	-2	-2	7	-2	-2	3	5	7	-2	-2	-2	9	3	3	-2	-2	-2	5	8	-2	-2	-2	7	-2	7	-2	-2	4	8	-2	3	8	-2	1	6	-2	-2	8	-2	3	3	5	6	-2	5	-2	-2	-2	-2	-2	5	-2	-2	2	-2	3	-2	5	7	3	-2	-2	-2	6	4	7	-2	-2	-2	6	-2	2	-2	-2	3	7	3	7	3	-2	-2	-2	5	1	-2	3	-2	-2	-2	5	8	7	-2	-2	-2	-2	8	4	6	5	-2	-2	-2	3	3	6	-2	3	-2	8	-2	-2	-2	-2	1	-2	2	-2	2	7	9	-2	-2	-2	-2
# Values
132.0	1500.0	1.0	51.0
106.0	291.0	0.0	43.0
106.0	78.0	0.0	4.0
55.0	75.0	0.0	4.0
20.0	1.0	0.0	0.0
2.0	1.0	0.0	0.0
2.0	0.0	0.0	0.0
0.0	1.0	0.0	0.0
18.0	0.0	0.0	0.0
35.0	74.0	0.0	4.0
27.0	16.0	0.0	3.0
1.0	9.0	0.0	2.0
1.0	1.0	0.0	2.0
1.0	1.0	0.0	0.0
1.0	0.0	0.0	0.0
0.0	1.0	0.0	0.0
0.0	0.0	0.0	2.0
0.0	8.0	0.0	0.0
26.0	7.0	0.0	1.0
24.0	1.0	0.0	1.0
23.0	0.0	0.0	1.0
19.0	0.0	0.0	0.0
4.0	0.0	0.0	1.0
0.0	0.0	0.0	1.0
4.0	0.0	0.0	0.0
1.0	1.0	0.0	0.0
1.0	0.0	0.0	0.0
0.0	1.0	0.0	0.0
2.0	6.0	0.0	0.0
2.0	0.0	0.0	0.0
0.0	6.0	0.0	0.0
8.0	58.0	0.0	1.0
4.0	5.0	0.0	1.0
4.0	0.0	0.0	1.0
0.0	0.0	0.0	1.0
4.0	0.0	0.0	0.0
0.0	5.0	0.0	0.0
4.0	53.0	0.0	0.0
1.0	44.0	0.0	0.0
1.0	7.0	0.0	0.0
0.0	7.0	0.0	0.0
1.0	0.0	0.0	0.0
0.0	37.0	0.0	0.0
3.0	9.0	0.0	0.0
3.0	1.0	0.0	0.0
3.0	0.0	0.0	0.0
0.0	1.0	0.0	0.0
0.0	8.0	0.0	0.0
51.0	3.0	0.0	0.0
0.0	2.0	0.0	0.0
51.0	1.0	0.0	0.0
51.0	0.0	0.0	0.0
0.0	1.0	0.0	0.0
0.0	213.0	0.0	39.0
0.0	162.0	0.0	9.0
0.0	0.0	0.0	1.0
0.0	162.0	0.0	8.0
0.0	157.0	0.0	6.0
0.0	75.0	0.0	0.0
0.0	82.0	0.0	6.0
0.0	1.0	0.0	2.0
0.0	0.0	0.0	2.0
0.0	1.0	0.0	0.0
0.0	81.0	0.0	4.0
0.0	2.0	0.0	1.0
0.0	79.0	0.0	3.0
0.0	38.0	0.0	3.0
0.0	38.0	0.0	2.0
0.0	10.0	0.0	2.0
0.0	0.0	0.0	1.0
0.0	10.0	0.0	1.0
0.0	10.0	0.0	0.0
0.0	0.0	0.0	1.0
0.0	28.0	0.0	0.0
0.0	0.0	0.0	1.0
0.0	41.0	0.0	0.0
0.0	5.0	0.0	2.0
0.0	0.0	0.0	2.0
0.0	5.0	0.0	0.0
0.0	51.0	0.0	30.0
0.0	19.0	0.0	0.0
0.0	32.0	0.0	30.0
0.0	0.0	0.0	15.0
0.0	32.0	0.0	15.0
0.0	3.0	0.0	8.0
0.0	3.0	0.0	1.0
0.0	0.0	0.0	1.0
0.0	3.0	0.0	0.0
0.0	0.0	0.0	7.0
0.0	29.0	0.0	7.0
0.0	6.0	0.0	6.0
0.0	6.0	0.0	1.0
0.0	6.0	0.0	0.0
0.0	0.0	0.0	1.0
0.0	0.0	0.0	5.0
0.0	23.0	0.0	1.0
0.0	21.0	0.0	0.0
0.0	2.0	0.0	1.0
0.0	2.0	0.0	0.0
0.0	0.0	0.0	1.0
26.0	1209.0	1.0	8.0
17.0	15.0	1.0	3.0
5.0	13.0	1.0	3.0
3.0	0.0	1.0	1.0
0.0	0.0	1.0	1.0
0.0	0.0	1.0	0.0
0.0	0.0	0.0	1.0
3.0	0.0	0.0	0.0
2.0	13.0	0.0	2.0
2.0	13.0	0.0	0.0
1.0	0.0	0.0	0.0
1.0	13.0	0.0	0.0
0.0	13.0	0.0	0.0
1.0	0.0	0.0	0.0
0.0	0.0	0.0	2.0
12.0	2.0	0.0	0.0
12.0	1.0	0.0	0.0
3.0	1.0	0.0	0.0
1.0	0.0	0.0	0.0
2.0	1.0	0.0	0.0
9.0	0.0	0.0	0.0
0.0	1.0	0.0	0.0
9.0	1194.0	0.0	5.0
4.0	1090.0	0.0	1.0
0.0	7.0	0.0	1.0
0.0	1.0	0.0	1.0
0.0	0.0	0.0	1.0
0.0	1.0	0.0	0.0
0.0	6.0	0.0	0.0
4.0	1083.0	0.0	0.0
4.0	115.0	0.0	0.0
3.0	115.0	0.0	0.0
0.0	103.0	0.0	0.0
3.0	12.0	0.0	0.0
0.0	11.0	0.0	0.0
3.0	1.0	0.0	0.0
0.0	1.0	0.0	0.0
3.0	0.0	0.0	0.0
1.0	0.0	0.0	0.0
0.0	968.0	0.0	0.0
5.0	104.0	0.0	4.0
0.0	0.0	0.0	4.0
5.0	104.0	0.0	0.0
2.0	0.0	0.0	0.0
3.0	104.0	0.0	0.0
3.0	12.0	0.0	0.0
3.0	1.0	0.0	0.0
3.0	0.0	0.0	0.0
0.0	1.0	0.0	0.0
0.0	11.0	0.0	0.0
0.0	92.0	0.0	0.0
