# Sizes (NFeatures, Nclasses, NodeCount, MaxDepth)
10	4	145	12
# Classes
0.0	1.0	2.0	3.0
# Feature Names
Nrows	Ncols	Nnnz	AvgNnnz	Density	MaxRowNnnz	MinRowNnnz	StdRowNnnz	NDiags	NTrueDiags
# Left
1	2	3	-1	5	-1	7	-1	-1	10	11	-1	-1	14	15	16	-1	-1	19	-1	21	-1	-1	24	25	-1	27	28	-1	-1	31	32	33	-1	35	-1	-1	38	-1	-1	41	42	43	-1	45	-1	-1	-1	-1	-1	51	52	53	54	55	56	-1	-1	-1	-1	61	62	-1	-1	-1	66	67	68	-1	-1	71	-1	73	-1	75	-1	-1	78	-1	80	81	82	83	-1	-1	-1	87	88	-1	-1	91	-1	93	-1	-1	96	97	-1	99	-1	101	-1	-1	104	-1	106	-1	-1	109	110	111	112	113	114	115	116	117	-1	-1	-1	-1	122	123	124	-1	126	-1	-1	-1	-1	131	-1	-1	-1	135	136	-1	-1	-1	140	-1	-1	143	-1	-1
# Right
50	9	4	-1	6	-1	8	-1	-1	13	12	-1	-1	23	18	17	-1	-1	20	-1	22	-1	-1	49	26	-1	30	29	-1	-1	40	37	34	-1	36	-1	-1	39	-1	-1	48	47	44	-1	46	-1	-1	-1	-1	-1	108	65	60	59	58	57	-1	-1	-1	-1	64	63	-1	-1	-1	77	70	69	-1	-1	72	-1	74	-1	76	-1	-1	79	-1	95	86	85	84	-1	-1	-1	90	89	-1	-1	92	-1	94	-1	-1	103	98	-1	100	-1	102	-1	-1	105	-1	107	-1	-1	142	139	134	133	130	121	120	119	118	-1	-1	-1	-1	129	128	125	-1	127	-1	-1	-1	-1	132	-1	-1	-1	138	137	-1	-1	-1	141	-1	-1	144	-1	-1
# Threshold
2.859149932861328	1.7165899872779846	0.0025256050284951925	-2.0	72.5	-2.0	89.0	-2.0	-2.0	0.42211098968982697	2.0689200162887573	-2.0	-2.0	2.290974974632263	2.0584300756454468	0.5	-2.0	-2.0	2612060.0	-2.0	31230400.0	-2.0	-2.0	0.005531365051865578	4.5	-2.0	0.6206065118312836	0.5	-2.0	-2.0	3.664940118789673	2.4074050188064575	4.932569204640913e-06	-2.0	1.8320600390434265	-2.0	-2.0	0.6567659974098206	-2.0	-2.0	473.5	11.52469515800476	57.5	-2.0	5655.0	-2.0	-2.0	-2.0	-2.0	-2.0	0.5	5.034635066986084	4.646615028381348	3.7355949878692627	4692.5	1.1549149751663208	-2.0	-2.0	-2.0	-2.0	3.8951799869537354	176730.0	-2.0	-2.0	-2.0	24249.5	642.5	0.11425844952464104	-2.0	-2.0	1895.0	-2.0	21721.0	-2.0	11.781499862670898	-2.0	-2.0	68.0	-2.0	3.0	120968.0	3086.0	57582.0	-2.0	-2.0	-2.0	964.0	8.536515235900879	-2.0	-2.0	0.00023324150242842734	-2.0	79.38885116577148	-2.0	-2.0	6571.5	29.5	-2.0	1562.0	-2.0	50351.0	-2.0	-2.0	48456.0	-2.0	16.5	-2.0	-2.0	598.9020080566406	50363000.0	5.99965500831604	5.999330043792725	5.988630056381226	1.5	1.5	176700.5	0.000797528016846627	-2.0	-2.0	-2.0	-2.0	3.639140009880066	3.5997649431228638	15.5	-2.0	22.5	-2.0	-2.0	-2.0	-2.0	12289.0	-2.0	-2.0	-2.0	1.5	181.0	-2.0	-2.0	-2.0	54098400.0	-2.0	-2.0	1392.1300048828125	-2.0	-2.0
# Feature
3	3	4	-2	0	-2	0	-2	-2	7	3	-2	-2	3	3	6	-2	-2	8	-2	0	-2	-2	4	5	-2	7	6	-2	-2	7	3	4	-2	7	-2	-2	7	-2	-2	5	7	5	-2	0	-2	-2	-2	-2	-2	9	3	3	3	0	7	-2	-2	-2	-2	7	8	-2	-2	-2	2	0	4	-2	-2	8	-2	2	-2	3	-2	-2	5	-2	6	8	0	2	-2	-2	-2	5	7	-2	-2	4	-2	3	-2	-2	1	6	-2	8	-2	2	-2	-2	8	-2	6	-2	-2	3	2	3	3	3	9	6	1	4	-2	-2	-2	-2	3	3	5	-2	5	-2	-2	-2	-2	1	-2	-2	-2	9	8	-2	-2	-2	2	-2	-2	7	-2	-2
# Values
114.0	1517.0	0.0	53.0
49.0	42.0	0.0	9.0
28.0	3.0	0.0	2.0
24.0	0.0	0.0	0.0
4.0	3.0	0.0	2.0
4.0	0.0	0.0	0.0
0.0	3.0	0.0	2.0
0.0	0.0	0.0	2.0
0.0	3.0	0.0	0.0
21.0	39.0	0.0	7.0
5.0	0.0	0.0	4.0
0.0	0.0	0.0	4.0
5.0	0.0	0.0	0.0
16.0	39.0	0.0	3.0
1.0	16.0	0.0	1.0
1.0	2.0	0.0	0.0
0.0	2.0	0.0	0.0
1.0	0.0	0.0	0.0
0.0	14.0	0.0	1.0
0.0	11.0	0.0	0.0
0.0	3.0	0.0	1.0
0.0	0.0	0.0	1.0
0.0	3.0	0.0	0.0
15.0	23.0	0.0	2.0
15.0	16.0	0.0	2.0
0.0	4.0	0.0	0.0
15.0	12.0	0.0	2.0
1.0	5.0	0.0	0.0
1.0	0.0	0.0	0.0
0.0	5.0	0.0	0.0
14.0	7.0	0.0	2.0
13.0	4.0	0.0	0.0
2.0	3.0	0.0	0.0
0.0	2.0	0.0	0.0
2.0	1.0	0.0	0.0
1.0	1.0	0.0	0.0
1.0	0.0	0.0	0.0
11.0	1.0	0.0	0.0
3.0	1.0	0.0	0.0
8.0	0.0	0.0	0.0
1.0	3.0	0.0	2.0
0.0	3.0	0.0	2.0
0.0	1.0	0.0	2.0
0.0	0.0	0.0	1.0
0.0	1.0	0.0	1.0
0.0	0.0	0.0	1.0
0.0	1.0	0.0	0.0
0.0	2.0	0.0	0.0
1.0	0.0	0.0	0.0
0.0	7.0	0.0	0.0
65.0	1475.0	0.0	44.0
55.0	191.0	0.0	38.0
55.0	39.0	0.0	0.0
11.0	35.0	0.0	0.0
11.0	4.0	0.0	0.0
2.0	4.0	0.0	0.0
2.0	0.0	0.0	0.0
0.0	4.0	0.0	0.0
9.0	0.0	0.0	0.0
0.0	31.0	0.0	0.0
44.0	4.0	0.0	0.0
44.0	1.0	0.0	0.0
44.0	0.0	0.0	0.0
0.0	1.0	0.0	0.0
0.0	3.0	0.0	0.0
0.0	152.0	0.0	38.0
0.0	25.0	0.0	24.0
0.0	20.0	0.0	1.0
0.0	20.0	0.0	0.0
0.0	0.0	0.0	1.0
0.0	5.0	0.0	23.0
0.0	0.0	0.0	20.0
0.0	5.0	0.0	3.0
0.0	4.0	0.0	0.0
0.0	1.0	0.0	3.0
0.0	1.0	0.0	0.0
0.0	0.0	0.0	3.0
0.0	127.0	0.0	14.0
0.0	65.0	0.0	0.0
0.0	62.0	0.0	14.0
0.0	49.0	0.0	6.0
0.0	33.0	0.0	1.0
0.0	2.0	0.0	1.0
0.0	2.0	0.0	0.0
0.0	0.0	0.0	1.0
0.0	31.0	0.0	0.0
0.0	16.0	0.0	5.0
0.0	1.0	0.0	4.0
0.0	1.0	0.0	0.0
0.0	0.0	0.0	4.0
0.0	15.0	0.0	1.0
0.0	13.0	0.0	0.0
0.0	2.0	0.0	1.0
0.0	2.0	0.0	0.0
0.0	0.0	0.0	1.0
0.0	13.0	0.0	8.0
0.0	11.0	0.0	2.0
0.0	9.0	0.0	0.0
0.0	2.0	0.0	2.0
0.0	1.0	0.0	0.0
0.0	1.0	0.0	2.0
0.0	1.0	0.0	1.0
0.0	0.0	0.0	1.0
0.0	2.0	0.0	6.0
0.0	0.0	0.0	5.0
0.0	2.0	0.0	1.0
0.0	2.0	0.0	0.0
0.0	0.0	0.0	1.0
10.0	1284.0	0.0	6.0
10.0	1283.0	0.0	4.0
10.0	1254.0	0.0	1.0
10.0	332.0	0.0	0.0
8.0	332.0	0.0	0.0
6.0	327.0	0.0	0.0
3.0	30.0	0.0	0.0
3.0	6.0	0.0	0.0
3.0	1.0	0.0	0.0
3.0	0.0	0.0	0.0
0.0	1.0	0.0	0.0
0.0	5.0	0.0	0.0
0.0	24.0	0.0	0.0
3.0	297.0	0.0	0.0
3.0	82.0	0.0	0.0
1.0	82.0	0.0	0.0
0.0	76.0	0.0	0.0
1.0	6.0	0.0	0.0
1.0	0.0	0.0	0.0
0.0	6.0	0.0	0.0
2.0	0.0	0.0	0.0
0.0	215.0	0.0	0.0
2.0	5.0	0.0	0.0
2.0	0.0	0.0	0.0
0.0	5.0	0.0	0.0
2.0	0.0	0.0	0.0
0.0	922.0	0.0	1.0
0.0	56.0	0.0	1.0
0.0	0.0	0.0	1.0
0.0	56.0	0.0	0.0
0.0	866.0	0.0	0.0
0.0	29.0	0.0	3.0
0.0	0.0	0.0	3.0
0.0	29.0	0.0	0.0
0.0	1.0	0.0	2.0
0.0	0.0	0.0	2.0
0.0	1.0	0.0	0.0
