# Sizes (NFeatures, Nclasses, NodeCount, MaxDepth)
10	4	149	13
# Classes
0.0	1.0	2.0	3.0
# Feature Names
Nrows	Ncols	Nnnz	AvgNnnz	Density	MaxRowNnnz	MinRowNnnz	StdRowNnnz	NDiags	NTrueDiags
# Left
1	2	3	-1	5	-1	-1	8	9	10	-1	-1	13	-1	15	16	-1	18	19	-1	21	22	-1	24	-1	26	-1	-1	-1	-1	-1	32	33	-1	-1	36	-1	38	-1	-1	41	42	43	44	-1	-1	47	-1	49	50	51	52	-1	-1	-1	-1	-1	58	59	60	-1	62	63	-1	65	66	-1	68	-1	70	71	-1	-1	-1	-1	-1	77	78	-1	-1	-1	82	83	-1	85	-1	87	-1	89	-1	-1	92	93	-1	-1	96	97	-1	99	-1	-1	-1	103	104	105	106	-1	-1	109	110	111	-1	-1	114	115	116	117	118	-1	-1	-1	122	-1	-1	-1	126	127	-1	-1	-1	-1	132	133	-1	-1	136	-1	-1	139	140	141	142	-1	-1	-1	-1	147	-1	-1
# Right
40	7	4	-1	6	-1	-1	31	12	11	-1	-1	14	-1	30	17	-1	29	20	-1	28	23	-1	25	-1	27	-1	-1	-1	-1	-1	35	34	-1	-1	37	-1	39	-1	-1	102	57	46	45	-1	-1	48	-1	56	55	54	53	-1	-1	-1	-1	-1	81	76	61	-1	75	64	-1	74	67	-1	69	-1	73	72	-1	-1	-1	-1	-1	80	79	-1	-1	-1	91	84	-1	86	-1	88	-1	90	-1	-1	95	94	-1	-1	101	98	-1	100	-1	-1	-1	138	131	108	107	-1	-1	130	113	112	-1	-1	125	124	121	120	119	-1	-1	-1	123	-1	-1	-1	129	128	-1	-1	-1	-1	135	134	-1	-1	137	-1	-1	146	145	144	143	-1	-1	-1	-1	148	-1	-1
# Threshold
2.7607799768447876	1.4277080140345788e-06	0.3868294954299927	-2.0	2.4074050188064575	-2.0	-2.0	3.1444050073623657	11.5	1.5	-2.0	-2.0	1.3674200177192688	-2.0	329.5	88.5	-2.0	2.465619921684265	6.5	-2.0	1.183454990386963	0.6206065118312836	-2.0	7.5	-2.0	163.0	-2.0	-2.0	-2.0	-2.0	-2.0	1683.0	162.5	-2.0	-2.0	21804.5	-2.0	7.187775135040283	-2.0	-2.0	0.5	5.0373148918151855	13.0	3.5	-2.0	-2.0	3029.5	-2.0	176730.0	32.79165077209473	30.0	4.734574794769287	-2.0	-2.0	-2.0	-2.0	-2.0	0.0058907498605549335	473701.0	16.11025047302246	-2.0	3.0	380963.5	-2.0	77342.5	0.00016728050104575232	-2.0	0.0011642149765975773	-2.0	2872570.0	556.5	-2.0	-2.0	-2.0	-2.0	-2.0	974208.5	127.02970123291016	-2.0	-2.0	-2.0	7.838020086288452	6.5	-2.0	38.0	-2.0	6.65301513671875	-2.0	72.0	-2.0	-2.0	17.045350551605225	2213.5	-2.0	-2.0	55295.0	9215.0	-2.0	376.44850158691406	-2.0	-2.0	-2.0	6.094130039215088	5.986310005187988	2.8876649141311646	668.0	-2.0	-2.0	0.003615434980019927	6280.5	1.5	-2.0	-2.0	1.5	0.000566256494494155	0.00019881350453943014	2.403564940323122e-05	1851236.5	-2.0	-2.0	-2.0	3.0	-2.0	-2.0	-2.0	9.614280088499072e-06	1253556.0	-2.0	-2.0	-2.0	-2.0	5.999855041503906	11288345.0	-2.0	-2.0	6.076905012130737	-2.0	-2.0	73.24015045166016	9.5	2.0	6.5153350830078125	-2.0	-2.0	-2.0	-2.0	73.39590072631836	-2.0	-2.0
# Feature
3	4	7	-2	3	-2	-2	7	1	6	-2	-2	3	-2	8	0	-2	3	5	-2	7	7	-2	5	-2	8	-2	-2	-2	-2	-2	8	2	-2	-2	0	-2	7	-2	-2	9	3	5	5	-2	-2	1	-2	8	7	5	3	-2	-2	-2	-2	-2	4	8	7	-2	6	2	-2	0	4	-2	4	-2	2	5	-2	-2	-2	-2	-2	8	7	-2	-2	-2	7	6	-2	5	-2	7	-2	5	-2	-2	7	1	-2	-2	5	0	-2	3	-2	-2	-2	3	3	3	8	-2	-2	4	2	6	-2	-2	9	4	4	4	2	-2	-2	-2	6	-2	-2	-2	4	0	-2	-2	-2	-2	3	2	-2	-2	3	-2	-2	3	5	9	3	-2	-2	-2	-2	3	-2	-2
# Values
128.0	1497.0	2.0	57.0
49.0	30.0	2.0	9.0
1.0	11.0	0.0	2.0
0.0	0.0	0.0	2.0
1.0	11.0	0.0	0.0
0.0	11.0	0.0	0.0
1.0	0.0	0.0	0.0
48.0	19.0	2.0	7.0
44.0	11.0	2.0	3.0
0.0	0.0	2.0	3.0
0.0	0.0	2.0	0.0
0.0	0.0	0.0	3.0
44.0	11.0	0.0	0.0
20.0	0.0	0.0	0.0
24.0	11.0	0.0	0.0
12.0	11.0	0.0	0.0
5.0	0.0	0.0	0.0
7.0	11.0	0.0	0.0
4.0	11.0	0.0	0.0
0.0	5.0	0.0	0.0
4.0	6.0	0.0	0.0
2.0	6.0	0.0	0.0
0.0	3.0	0.0	0.0
2.0	3.0	0.0	0.0
0.0	1.0	0.0	0.0
2.0	2.0	0.0	0.0
1.0	0.0	0.0	0.0
1.0	2.0	0.0	0.0
2.0	0.0	0.0	0.0
3.0	0.0	0.0	0.0
12.0	0.0	0.0	0.0
4.0	8.0	0.0	4.0
0.0	8.0	0.0	2.0
0.0	0.0	0.0	2.0
0.0	8.0	0.0	0.0
4.0	0.0	0.0	2.0
3.0	0.0	0.0	0.0
1.0	0.0	0.0	2.0
0.0	0.0	0.0	2.0
1.0	0.0	0.0	0.0
79.0	1467.0	0.0	48.0
55.0	161.0	0.0	43.0
55.0	33.0	0.0	0.0
1.0	22.0	0.0	0.0
1.0	0.0	0.0	0.0
0.0	22.0	0.0	0.0
54.0	11.0	0.0	0.0
0.0	6.0	0.0	0.0
54.0	5.0	0.0	0.0
54.0	2.0	0.0	0.0
54.0	1.0	0.0	0.0
2.0	1.0	0.0	0.0
0.0	1.0	0.0	0.0
2.0	0.0	0.0	0.0
52.0	0.0	0.0	0.0
0.0	1.0	0.0	0.0
0.0	3.0	0.0	0.0
0.0	128.0	0.0	43.0
0.0	99.0	0.0	12.0
0.0	89.0	0.0	7.0
0.0	44.0	0.0	0.0
0.0	45.0	0.0	7.0
0.0	45.0	0.0	5.0
0.0	21.0	0.0	0.0
0.0	24.0	0.0	5.0
0.0	12.0	0.0	5.0
0.0	0.0	0.0	2.0
0.0	12.0	0.0	3.0
0.0	7.0	0.0	0.0
0.0	5.0	0.0	3.0
0.0	5.0	0.0	2.0
0.0	4.0	0.0	2.0
0.0	1.0	0.0	0.0
0.0	0.0	0.0	1.0
0.0	12.0	0.0	0.0
0.0	0.0	0.0	2.0
0.0	10.0	0.0	5.0
0.0	1.0	0.0	5.0
0.0	0.0	0.0	5.0
0.0	1.0	0.0	0.0
0.0	9.0	0.0	0.0
0.0	29.0	0.0	31.0
0.0	20.0	0.0	9.0
0.0	12.0	0.0	0.0
0.0	8.0	0.0	9.0
0.0	0.0	0.0	8.0
0.0	8.0	0.0	1.0
0.0	6.0	0.0	0.0
0.0	2.0	0.0	1.0
0.0	1.0	0.0	1.0
0.0	1.0	0.0	0.0
0.0	9.0	0.0	22.0
0.0	2.0	0.0	19.0
0.0	0.0	0.0	19.0
0.0	2.0	0.0	0.0
0.0	7.0	0.0	3.0
0.0	7.0	0.0	1.0
0.0	5.0	0.0	0.0
0.0	2.0	0.0	1.0
0.0	0.0	0.0	1.0
0.0	2.0	0.0	0.0
0.0	0.0	0.0	2.0
24.0	1306.0	0.0	5.0
24.0	342.0	0.0	3.0
14.0	332.0	0.0	1.0
3.0	6.0	0.0	0.0
0.0	6.0	0.0	0.0
3.0	0.0	0.0	0.0
11.0	326.0	0.0	1.0
11.0	140.0	0.0	1.0
8.0	2.0	0.0	0.0
0.0	2.0	0.0	0.0
8.0	0.0	0.0	0.0
3.0	138.0	0.0	1.0
3.0	24.0	0.0	0.0
3.0	13.0	0.0	0.0
1.0	12.0	0.0	0.0
1.0	2.0	0.0	0.0
1.0	0.0	0.0	0.0
0.0	2.0	0.0	0.0
0.0	10.0	0.0	0.0
2.0	1.0	0.0	0.0
2.0	0.0	0.0	0.0
0.0	1.0	0.0	0.0
0.0	11.0	0.0	0.0
0.0	114.0	0.0	1.0
0.0	13.0	0.0	1.0
0.0	0.0	0.0	1.0
0.0	13.0	0.0	0.0
0.0	101.0	0.0	0.0
0.0	186.0	0.0	0.0
10.0	10.0	0.0	2.0
10.0	1.0	0.0	0.0
10.0	0.0	0.0	0.0
0.0	1.0	0.0	0.0
0.0	9.0	0.0	2.0
0.0	9.0	0.0	0.0
0.0	0.0	0.0	2.0
0.0	964.0	0.0	2.0
0.0	904.0	0.0	1.0
0.0	60.0	0.0	1.0
0.0	2.0	0.0	1.0
0.0	0.0	0.0	1.0
0.0	2.0	0.0	0.0
0.0	58.0	0.0	0.0
0.0	844.0	0.0	0.0
0.0	60.0	0.0	1.0
0.0	0.0	0.0	1.0
0.0	60.0	0.0	0.0
