# Sizes (NFeatures, Nclasses, NodeCount, MaxDepth)
10	4	141	11
# Classes
0.0	1.0	2.0	3.0
# Feature Names
Nrows	Ncols	Nnnz	AvgNnnz	Density	MaxRowNnnz	MinRowNnnz	StdRowNnnz	NDiags	NTrueDiags
# Left
1	2	3	4	5	-1	7	8	-1	10	-1	12	-1	14	15	-1	-1	-1	19	20	-1	22	-1	-1	25	26	-1	-1	-1	30	-1	32	-1	34	35	36	-1	-1	-1	-1	-1	42	43	44	-1	-1	47	48	-1	50	-1	52	-1	54	-1	-1	57	-1	-1	60	61	62	63	-1	65	-1	-1	68	-1	-1	71	72	73	-1	75	-1	-1	-1	79	-1	81	-1	83	-1	-1	86	87	-1	89	-1	-1	-1	93	94	95	-1	97	98	-1	100	-1	-1	-1	104	-1	106	107	-1	-1	-1	111	112	113	-1	115	-1	-1	118	119	-1	-1	122	123	-1	-1	-1	127	128	-1	130	-1	-1	133	134	-1	-1	137	138	-1	-1	-1
# Right
92	41	40	29	6	-1	18	9	-1	11	-1	13	-1	17	16	-1	-1	-1	24	21	-1	23	-1	-1	28	27	-1	-1	-1	31	-1	33	-1	39	38	37	-1	-1	-1	-1	-1	59	46	45	-1	-1	56	49	-1	51	-1	53	-1	55	-1	-1	58	-1	-1	85	70	67	64	-1	66	-1	-1	69	-1	-1	78	77	74	-1	76	-1	-1	-1	80	-1	82	-1	84	-1	-1	91	88	-1	90	-1	-1	-1	110	103	96	-1	102	99	-1	101	-1	-1	-1	105	-1	109	108	-1	-1	-1	126	117	114	-1	116	-1	-1	121	120	-1	-1	125	124	-1	-1	-1	132	129	-1	131	-1	-1	136	135	-1	-1	140	139	-1	-1	-1
# Threshold
1.5	5.0373148918151855	10.869740009307861	39.5	16.5	-2.0	0.0007000985206104815	6.5	-2.0	20.5	-2.0	0.51927050948143	-2.0	1913711.0	25.0	-2.0	-2.0	-2.0	14.5	1.7247399687767029	-2.0	2.5	-2.0	-2.0	0.5	0.009705345262773335	-2.0	-2.0	-2.0	2323.0	-2.0	4.310800075531006	-2.0	78.5	51679.0	5.896314859390259	-2.0	-2.0	-2.0	-2.0	-2.0	1834.0	783.5	0.1060541495680809	-2.0	-2.0	0.04274195060133934	8.0	-2.0	0.5	-2.0	16.96614980697632	-2.0	4.361890077590942	-2.0	-2.0	29.5	-2.0	-2.0	383.96849060058594	266.0	0.00882881018333137	26.320000648498535	-2.0	26.33970069885254	-2.0	-2.0	4.4596898555755615	-2.0	-2.0	21.296250343322754	1102.5	279.5	-2.0	21.12779998779297	-2.0	-2.0	-2.0	418.5	-2.0	822262.5	-2.0	16013905.0	-2.0	-2.0	31174900.0	2.0	-2.0	529.9179840087891	-2.0	-2.0	-2.0	2.853455066680908	0.6206065118312836	2.0931899547576904	-2.0	2.4732799530029297	2477755.0	-2.0	31230400.0	-2.0	-2.0	-2.0	4.5	-2.0	51.0	0.6567659974098206	-2.0	-2.0	-2.0	77484.5	7.2745051511446945e-06	5.027319957662257e-06	-2.0	0.17995795607566833	-2.0	-2.0	0.5	2.5	-2.0	-2.0	3.5733450651168823	3.5392600297927856	-2.0	-2.0	-2.0	88551.0	563134.0	-2.0	42.52470111846924	-2.0	-2.0	845767.0	103036.0	-2.0	-2.0	1594095.0	2.6306450366973877	-2.0	-2.0	-2.0
# Feature
9	3	7	5	8	-2	4	5	-2	5	-2	7	-2	1	5	-2	-2	-2	5	3	-2	6	-2	-2	9	4	-2	-2	-2	1	-2	7	-2	5	2	7	-2	-2	-2	-2	-2	0	1	4	-2	-2	4	5	-2	6	-2	3	-2	7	-2	-2	6	-2	-2	7	5	4	7	-2	7	-2	-2	7	-2	-2	7	5	5	-2	7	-2	-2	-2	5	-2	8	-2	2	-2	-2	2	6	-2	7	-2	-2	-2	3	7	3	-2	3	8	-2	1	-2	-2	-2	5	-2	5	7	-2	-2	-2	8	4	4	-2	7	-2	-2	6	9	-2	-2	3	3	-2	-2	-2	8	2	-2	3	-2	-2	2	0	-2	-2	2	7	-2	-2	-2
# Values
122.0	1500.0	0.0	62.0
103.0	274.0	0.0	57.0
103.0	68.0	0.0	6.0
103.0	50.0	0.0	6.0
39.0	49.0	0.0	2.0
18.0	0.0	0.0	0.0
21.0	49.0	0.0	2.0
17.0	19.0	0.0	1.0
0.0	14.0	0.0	0.0
17.0	5.0	0.0	1.0
15.0	0.0	0.0	0.0
2.0	5.0	0.0	1.0
0.0	0.0	0.0	1.0
2.0	5.0	0.0	0.0
2.0	1.0	0.0	0.0
0.0	1.0	0.0	0.0
2.0	0.0	0.0	0.0
0.0	4.0	0.0	0.0
4.0	30.0	0.0	1.0
2.0	28.0	0.0	0.0
1.0	0.0	0.0	0.0
1.0	28.0	0.0	0.0
0.0	28.0	0.0	0.0
1.0	0.0	0.0	0.0
2.0	2.0	0.0	1.0
2.0	0.0	0.0	1.0
2.0	0.0	0.0	0.0
0.0	0.0	0.0	1.0
0.0	2.0	0.0	0.0
64.0	1.0	0.0	4.0
0.0	1.0	0.0	0.0
64.0	0.0	0.0	4.0
51.0	0.0	0.0	0.0
13.0	0.0	0.0	4.0
2.0	0.0	0.0	4.0
2.0	0.0	0.0	1.0
2.0	0.0	0.0	0.0
0.0	0.0	0.0	1.0
0.0	0.0	0.0	3.0
11.0	0.0	0.0	0.0
0.0	18.0	0.0	0.0
0.0	206.0	0.0	51.0
0.0	47.0	0.0	35.0
0.0	31.0	0.0	3.0
0.0	31.0	0.0	0.0
0.0	0.0	0.0	3.0
0.0	16.0	0.0	32.0
0.0	5.0	0.0	29.0
0.0	2.0	0.0	0.0
0.0	3.0	0.0	29.0
0.0	1.0	0.0	0.0
0.0	2.0	0.0	29.0
0.0	0.0	0.0	25.0
0.0	2.0	0.0	4.0
0.0	2.0	0.0	0.0
0.0	0.0	0.0	4.0
0.0	11.0	0.0	3.0
0.0	9.0	0.0	0.0
0.0	2.0	0.0	3.0
0.0	159.0	0.0	16.0
0.0	152.0	0.0	10.0
0.0	101.0	0.0	2.0
0.0	95.0	0.0	1.0
0.0	84.0	0.0	0.0
0.0	11.0	0.0	1.0
0.0	1.0	0.0	1.0
0.0	10.0	0.0	0.0
0.0	6.0	0.0	1.0
0.0	0.0	0.0	1.0
0.0	6.0	0.0	0.0
0.0	51.0	0.0	8.0
0.0	10.0	0.0	6.0
0.0	10.0	0.0	2.0
0.0	0.0	0.0	1.0
0.0	10.0	0.0	1.0
0.0	10.0	0.0	0.0
0.0	0.0	0.0	1.0
0.0	0.0	0.0	4.0
0.0	41.0	0.0	2.0
0.0	0.0	0.0	1.0
0.0	41.0	0.0	1.0
0.0	35.0	0.0	0.0
0.0	6.0	0.0	1.0
0.0	0.0	0.0	1.0
0.0	6.0	0.0	0.0
0.0	7.0	0.0	6.0
0.0	2.0	0.0	6.0
0.0	0.0	0.0	5.0
0.0	2.0	0.0	1.0
0.0	0.0	0.0	1.0
0.0	2.0	0.0	0.0
0.0	5.0	0.0	0.0
19.0	1226.0	0.0	5.0
12.0	24.0	0.0	2.0
2.0	21.0	0.0	2.0
1.0	0.0	0.0	0.0
1.0	21.0	0.0	2.0
0.0	21.0	0.0	2.0
0.0	18.0	0.0	0.0
0.0	3.0	0.0	2.0
0.0	0.0	0.0	2.0
0.0	3.0	0.0	0.0
1.0	0.0	0.0	0.0
10.0	3.0	0.0	0.0
0.0	1.0	0.0	0.0
10.0	2.0	0.0	0.0
10.0	1.0	0.0	0.0
2.0	1.0	0.0	0.0
8.0	0.0	0.0	0.0
0.0	1.0	0.0	0.0
7.0	1202.0	0.0	3.0
3.0	1078.0	0.0	1.0
0.0	4.0	0.0	1.0
0.0	3.0	0.0	0.0
0.0	1.0	0.0	1.0
0.0	1.0	0.0	0.0
0.0	0.0	0.0	1.0
3.0	1074.0	0.0	0.0
2.0	24.0	0.0	0.0
2.0	0.0	0.0	0.0
0.0	24.0	0.0	0.0
1.0	1050.0	0.0	0.0
1.0	18.0	0.0	0.0
0.0	18.0	0.0	0.0
1.0	0.0	0.0	0.0
0.0	1032.0	0.0	0.0
4.0	124.0	0.0	2.0
2.0	1.0	0.0	2.0
2.0	0.0	0.0	0.0
0.0	1.0	0.0	2.0
0.0	1.0	0.0	0.0
0.0	0.0	0.0	2.0
2.0	123.0	0.0	0.0
1.0	2.0	0.0	0.0
0.0	2.0	0.0	0.0
1.0	0.0	0.0	0.0
1.0	121.0	0.0	0.0
1.0	16.0	0.0	0.0
1.0	0.0	0.0	0.0
0.0	16.0	0.0	0.0
0.0	105.0	0.0	0.0
