# Sizes (NFeatures, Nclasses, NodeCount, MaxDepth)
10	4	143	11
# Classes
0.0	1.0	2.0	3.0
# Feature Names
Nrows	Ncols	Nnnz	AvgNnnz	Density	MaxRowNnnz	MinRowNnnz	StdRowNnnz	NDiags	NTrueDiags
# Left
1	2	3	4	5	6	7	-1	9	-1	-1	12	-1	-1	15	-1	-1	18	19	-1	21	-1	-1	-1	25	-1	27	-1	-1	30	31	-1	-1	-1	35	36	37	38	39	-1	-1	42	43	-1	45	-1	-1	48	-1	-1	51	52	-1	54	-1	-1	-1	58	59	60	61	-1	63	-1	-1	66	-1	-1	69	-1	71	72	73	-1	75	-1	-1	-1	79	-1	-1	82	83	84	-1	-1	-1	88	-1	90	-1	92	93	-1	-1	-1	97	98	99	-1	-1	102	-1	104	-1	106	-1	108	-1	-1	111	112	-1	114	-1	-1	117	118	119	-1	-1	122	123	-1	-1	126	127	128	-1	-1	-1	132	133	134	-1	-1	-1	138	-1	-1	141	-1	-1
# Right
34	29	24	17	14	11	8	-1	10	-1	-1	13	-1	-1	16	-1	-1	23	20	-1	22	-1	-1	-1	26	-1	28	-1	-1	33	32	-1	-1	-1	96	57	50	41	40	-1	-1	47	44	-1	46	-1	-1	49	-1	-1	56	53	-1	55	-1	-1	-1	81	68	65	62	-1	64	-1	-1	67	-1	-1	70	-1	78	77	74	-1	76	-1	-1	-1	80	-1	-1	87	86	85	-1	-1	-1	89	-1	91	-1	95	94	-1	-1	-1	110	101	100	-1	-1	103	-1	105	-1	107	-1	109	-1	-1	116	113	-1	115	-1	-1	140	121	120	-1	-1	125	124	-1	-1	131	130	129	-1	-1	-1	137	136	135	-1	-1	-1	139	-1	-1	142	-1	-1
# Threshold
2.7607799768447876	5.895884990692139	2.5	0.01519820000976324	0.006602310109883547	10078160.0	4.378294944763184	-2.0	5.117754936218262	-2.0	-2.0	8.5	-2.0	-2.0	10.0	-2.0	-2.0	89.0	21.5	-2.0	55.5	-2.0	-2.0	-2.0	0.0016397549770772457	-2.0	0.6643050014972687	-2.0	-2.0	8.434544801712036	14460.0	-2.0	-2.0	-2.0	0.5	5.064115047454834	4.684309959411621	3.3060349225997925	133.5	-2.0	-2.0	30.479849815368652	108.5	-2.0	3.8022350072860718	-2.0	-2.0	27265.0	-2.0	-2.0	176730.0	3.8438800573349	-2.0	4.859109997749329	-2.0	-2.0	-2.0	0.005890999920666218	59511.0	3.5	26.320000648498535	-2.0	26.33970069885254	-2.0	-2.0	16.009000301361084	-2.0	-2.0	64729.0	-2.0	0.0002746934987953864	870.0	8.536515235900879	-2.0	22.340700149536133	-2.0	-2.0	-2.0	10892029.0	-2.0	-2.0	783.5	0.13322394713759422	9.5	-2.0	-2.0	-2.0	19.984999656677246	-2.0	4.4596898555755615	-2.0	29.5	0.008890130324289203	-2.0	-2.0	-2.0	1.5	3.9757150411605835	3.938634991645813	-2.0	-2.0	164.0	-2.0	0.005514630116522312	-2.0	0.007627099985256791	-2.0	33692.0	-2.0	-2.0	2.8876649141311646	2.9534100860928447e-05	-2.0	2.833954930305481	-2.0	-2.0	51530000.0	3.5632450580596924	3.5422250032424927	-2.0	-2.0	0.5	3.929319977760315	-2.0	-2.0	5.575514933298109e-06	6125830.0	4.988245010375977	-2.0	-2.0	-2.0	73.2170524597168	1.3799200057983398	1.3636749982833862	-2.0	-2.0	-2.0	5.5	-2.0	-2.0	53834300.0	-2.0	-2.0
# Feature
3	7	9	4	4	2	7	-2	7	-2	-2	5	-2	-2	5	-2	-2	0	0	-2	0	-2	-2	-2	4	-2	7	-2	-2	7	2	-2	-2	-2	9	3	3	3	8	-2	-2	7	5	-2	3	-2	-2	8	-2	-2	8	7	-2	7	-2	-2	-2	4	8	6	7	-2	7	-2	-2	7	-2	-2	8	-2	4	5	7	-2	7	-2	-2	-2	2	-2	-2	0	4	6	-2	-2	-2	3	-2	7	-2	6	4	-2	-2	-2	9	3	3	-2	-2	8	-2	4	-2	4	-2	1	-2	-2	3	4	-2	3	-2	-2	2	3	3	-2	-2	6	3	-2	-2	4	2	3	-2	-2	-2	3	7	7	-2	-2	-2	9	-2	-2	2	-2	-2
# Values
121.0	1512.0	0.0	51.0
56.0	32.0	0.0	4.0
56.0	18.0	0.0	3.0
51.0	9.0	0.0	3.0
50.0	5.0	0.0	1.0
44.0	2.0	0.0	1.0
41.0	0.0	0.0	1.0
40.0	0.0	0.0	0.0
1.0	0.0	0.0	1.0
0.0	0.0	0.0	1.0
1.0	0.0	0.0	0.0
3.0	2.0	0.0	0.0
0.0	2.0	0.0	0.0
3.0	0.0	0.0	0.0
6.0	3.0	0.0	0.0
6.0	0.0	0.0	0.0
0.0	3.0	0.0	0.0
1.0	4.0	0.0	2.0
1.0	0.0	0.0	2.0
0.0	0.0	0.0	1.0
1.0	0.0	0.0	1.0
1.0	0.0	0.0	0.0
0.0	0.0	0.0	1.0
0.0	4.0	0.0	0.0
5.0	9.0	0.0	0.0
0.0	8.0	0.0	0.0
5.0	1.0	0.0	0.0
5.0	0.0	0.0	0.0
0.0	1.0	0.0	0.0
0.0	14.0	0.0	1.0
0.0	1.0	0.0	1.0
0.0	0.0	0.0	1.0
0.0	1.0	0.0	0.0
0.0	13.0	0.0	0.0
65.0	1480.0	0.0	47.0
55.0	180.0	0.0	38.0
55.0	49.0	0.0	0.0
8.0	47.0	0.0	0.0
6.0	6.0	0.0	0.0
0.0	6.0	0.0	0.0
6.0	0.0	0.0	0.0
2.0	41.0	0.0	0.0
1.0	40.0	0.0	0.0
0.0	34.0	0.0	0.0
1.0	6.0	0.0	0.0
1.0	0.0	0.0	0.0
0.0	6.0	0.0	0.0
1.0	1.0	0.0	0.0
1.0	0.0	0.0	0.0
0.0	1.0	0.0	0.0
47.0	2.0	0.0	0.0
47.0	1.0	0.0	0.0
45.0	0.0	0.0	0.0
2.0	1.0	0.0	0.0
0.0	1.0	0.0	0.0
2.0	0.0	0.0	0.0
0.0	1.0	0.0	0.0
0.0	131.0	0.0	38.0
0.0	95.0	0.0	7.0
0.0	68.0	0.0	2.0
0.0	60.0	0.0	1.0
0.0	49.0	0.0	0.0
0.0	11.0	0.0	1.0
0.0	1.0	0.0	1.0
0.0	10.0	0.0	0.0
0.0	8.0	0.0	1.0
0.0	8.0	0.0	0.0
0.0	0.0	0.0	1.0
0.0	27.0	0.0	5.0
0.0	0.0	0.0	2.0
0.0	27.0	0.0	3.0
0.0	26.0	0.0	2.0
0.0	7.0	0.0	2.0
0.0	6.0	0.0	0.0
0.0	1.0	0.0	2.0
0.0	0.0	0.0	2.0
0.0	1.0	0.0	0.0
0.0	19.0	0.0	0.0
0.0	1.0	0.0	1.0
0.0	1.0	0.0	0.0
0.0	0.0	0.0	1.0
0.0	36.0	0.0	31.0
0.0	17.0	0.0	3.0
0.0	17.0	0.0	1.0
0.0	17.0	0.0	0.0
0.0	0.0	0.0	1.0
0.0	0.0	0.0	2.0
0.0	19.0	0.0	28.0
0.0	0.0	0.0	20.0
0.0	19.0	0.0	8.0
0.0	0.0	0.0	3.0
0.0	19.0	0.0	5.0
0.0	19.0	0.0	2.0
0.0	0.0	0.0	2.0
0.0	19.0	0.0	0.0
0.0	0.0	0.0	3.0
10.0	1300.0	0.0	9.0
4.0	87.0	0.0	5.0
4.0	8.0	0.0	0.0
0.0	8.0	0.0	0.0
4.0	0.0	0.0	0.0
0.0	79.0	0.0	5.0
0.0	0.0	0.0	2.0
0.0	79.0	0.0	3.0
0.0	69.0	0.0	0.0
0.0	10.0	0.0	3.0
0.0	0.0	0.0	2.0
0.0	10.0	0.0	1.0
0.0	10.0	0.0	0.0
0.0	0.0	0.0	1.0
6.0	1213.0	0.0	4.0
2.0	8.0	0.0	0.0
1.0	0.0	0.0	0.0
1.0	8.0	0.0	0.0
0.0	8.0	0.0	0.0
1.0	0.0	0.0	0.0
4.0	1205.0	0.0	4.0
4.0	1189.0	0.0	2.0
2.0	35.0	0.0	0.0
0.0	35.0	0.0	0.0
2.0	0.0	0.0	0.0
2.0	1154.0	0.0	2.0
1.0	21.0	0.0	0.0
1.0	0.0	0.0	0.0
0.0	21.0	0.0	0.0
1.0	1133.0	0.0	2.0
0.0	23.0	0.0	1.0
0.0	1.0	0.0	1.0
0.0	0.0	0.0	1.0
0.0	1.0	0.0	0.0
0.0	22.0	0.0	0.0
1.0	1110.0	0.0	1.0
1.0	1063.0	0.0	0.0
1.0	209.0	0.0	0.0
0.0	209.0	0.0	0.0
1.0	0.0	0.0	0.0
0.0	854.0	0.0	0.0
0.0	47.0	0.0	1.0
0.0	0.0	0.0	1.0
0.0	47.0	0.0	0.0
0.0	16.0	0.0	2.0
0.0	0.0	0.0	2.0
0.0	16.0	0.0	0.0
