# Sizes (NFeatures, Nclasses, NodeCount, MaxDepth)
10	4	143	13
# Classes
0.0	1.0	2.0	3.0
# Feature Names
Nrows	Ncols	Nnnz	AvgNnnz	Density	MaxRowNnnz	MinRowNnnz	StdRowNnnz	NDiags	NTrueDiags
# Left
1	2	3	4	5	-1	7	8	9	-1	-1	12	13	14	15	-1	-1	-1	-1	20	-1	22	-1	24	-1	26	-1	28	-1	-1	-1	32	33	34	-1	-1	-1	38	-1	-1	41	42	43	44	-1	46	-1	-1	-1	-1	-1	52	53	54	55	-1	57	-1	59	-1	-1	-1	-1	64	65	66	67	-1	69	-1	71	72	73	-1	-1	-1	77	-1	-1	80	-1	82	83	84	-1	86	-1	-1	-1	90	-1	-1	-1	-1	95	96	97	98	-1	-1	101	102	103	104	-1	-1	-1	-1	-1	-1	111	112	113	114	-1	116	117	-1	-1	-1	-1	122	123	-1	-1	-1	127	128	-1	-1	131	132	-1	-1	135	136	137	-1	-1	-1	141	-1	-1
# Right
94	51	40	31	6	-1	30	11	10	-1	-1	19	18	17	16	-1	-1	-1	-1	21	-1	23	-1	25	-1	27	-1	29	-1	-1	-1	37	36	35	-1	-1	-1	39	-1	-1	50	49	48	45	-1	47	-1	-1	-1	-1	-1	63	62	61	56	-1	58	-1	60	-1	-1	-1	-1	93	92	79	68	-1	70	-1	76	75	74	-1	-1	-1	78	-1	-1	81	-1	89	88	85	-1	87	-1	-1	-1	91	-1	-1	-1	-1	110	109	100	99	-1	-1	108	107	106	105	-1	-1	-1	-1	-1	-1	126	121	120	115	-1	119	118	-1	-1	-1	-1	125	124	-1	-1	-1	130	129	-1	-1	134	133	-1	-1	140	139	138	-1	-1	-1	142	-1	-1
# Threshold
1.5	5.0373148918151855	5.125360012054443	39.5	1.136110007762909	-2.0	68896100.0	124.0	1.3154300451278687	-2.0	-2.0	12297.5	2.5	1.7247399687767029	1.56489497423172	-2.0	-2.0	-2.0	-2.0	6.5	-2.0	15154.0	-2.0	0.5	-2.0	19014550.0	-2.0	2.269700050354004	-2.0	-2.0	-2.0	565845.0	2.40961492061615	2.2254250049591064	-2.0	-2.0	-2.0	85719072.5	-2.0	-2.0	0.5	760909.5	6582.5	5031.5	-2.0	5655.0	-2.0	-2.0	-2.0	-2.0	-2.0	13187.0	1136.5	0.051889099180698395	181.0	-2.0	828.5	-2.0	1124.5	-2.0	-2.0	-2.0	-2.0	1227.3150024414062	29.5	0.005800249986350536	215.0	-2.0	221.5	-2.0	3.5	716.0	615.5	-2.0	-2.0	-2.0	6000.0	-2.0	-2.0	0.006905699847266078	-2.0	0.5	37.5	1894.0	-2.0	3806.0	-2.0	-2.0	-2.0	4571.0	-2.0	-2.0	-2.0	-2.0	2.655850052833557	2.4732799530029297	2.0931899547576904	0.250099812503322	-2.0	-2.0	2477755.0	1605.0	1.5	10.0	-2.0	-2.0	-2.0	-2.0	-2.0	-2.0	76967.5	3.7751699686050415	3.760609984397888	364.5	-2.0	4829.0	2679.5	-2.0	-2.0	-2.0	-2.0	5.9964599609375	5.98583984375	-2.0	-2.0	-2.0	85717.0	39.67149591445923	-2.0	-2.0	870257.5	6.33279013633728	-2.0	-2.0	51530000.0	1600530.0	1.3422499895095825	-2.0	-2.0	-2.0	53834300.0	-2.0	-2.0
# Feature
9	3	7	5	3	-2	8	2	3	-2	-2	2	6	3	3	-2	-2	-2	-2	5	-2	8	-2	6	-2	0	-2	3	-2	-2	-2	1	3	3	-2	-2	-2	1	-2	-2	6	2	1	8	-2	0	-2	-2	-2	-2	-2	2	8	4	8	-2	0	-2	1	-2	-2	-2	-2	7	6	4	5	-2	5	-2	6	5	5	-2	-2	-2	1	-2	-2	4	-2	9	5	8	-2	8	-2	-2	-2	5	-2	-2	-2	-2	3	3	3	4	-2	-2	8	1	6	5	-2	-2	-2	-2	-2	-2	8	3	3	8	-2	0	2	-2	-2	-2	-2	3	3	-2	-2	-2	8	3	-2	-2	2	3	-2	-2	2	2	7	-2	-2	-2	2	-2	-2
# Values
130.0	1495.0	2.0	57.0
109.0	275.0	0.0	49.0
109.0	64.0	0.0	7.0
103.0	42.0	0.0	5.0
42.0	40.0	0.0	3.0
24.0	0.0	0.0	0.0
18.0	40.0	0.0	3.0
18.0	40.0	0.0	1.0
3.0	0.0	0.0	1.0
0.0	0.0	0.0	1.0
3.0	0.0	0.0	0.0
15.0	40.0	0.0	0.0
2.0	24.0	0.0	0.0
1.0	24.0	0.0	0.0
1.0	4.0	0.0	0.0
0.0	4.0	0.0	0.0
1.0	0.0	0.0	0.0
0.0	20.0	0.0	0.0
1.0	0.0	0.0	0.0
13.0	16.0	0.0	0.0
0.0	10.0	0.0	0.0
13.0	6.0	0.0	0.0
10.0	0.0	0.0	0.0
3.0	6.0	0.0	0.0
2.0	0.0	0.0	0.0
1.0	6.0	0.0	0.0
0.0	5.0	0.0	0.0
1.0	1.0	0.0	0.0
0.0	1.0	0.0	0.0
1.0	0.0	0.0	0.0
0.0	0.0	0.0	2.0
61.0	2.0	0.0	2.0
60.0	0.0	0.0	2.0
3.0	0.0	0.0	2.0
3.0	0.0	0.0	0.0
0.0	0.0	0.0	2.0
57.0	0.0	0.0	0.0
1.0	2.0	0.0	0.0
0.0	2.0	0.0	0.0
1.0	0.0	0.0	0.0
6.0	22.0	0.0	2.0
6.0	6.0	0.0	2.0
6.0	2.0	0.0	2.0
0.0	2.0	0.0	2.0
0.0	1.0	0.0	0.0
0.0	1.0	0.0	2.0
0.0	0.0	0.0	2.0
0.0	1.0	0.0	0.0
6.0	0.0	0.0	0.0
0.0	4.0	0.0	0.0
0.0	16.0	0.0	0.0
0.0	211.0	0.0	42.0
0.0	25.0	0.0	26.0
0.0	25.0	0.0	6.0
0.0	25.0	0.0	2.0
0.0	0.0	0.0	1.0
0.0	25.0	0.0	1.0
0.0	23.0	0.0	0.0
0.0	2.0	0.0	1.0
0.0	0.0	0.0	1.0
0.0	2.0	0.0	0.0
0.0	0.0	0.0	4.0
0.0	0.0	0.0	20.0
0.0	186.0	0.0	16.0
0.0	186.0	0.0	14.0
0.0	186.0	0.0	12.0
0.0	152.0	0.0	5.0
0.0	76.0	0.0	0.0
0.0	76.0	0.0	5.0
0.0	0.0	0.0	1.0
0.0	76.0	0.0	4.0
0.0	74.0	0.0	2.0
0.0	16.0	0.0	2.0
0.0	16.0	0.0	0.0
0.0	0.0	0.0	2.0
0.0	58.0	0.0	0.0
0.0	2.0	0.0	2.0
0.0	2.0	0.0	0.0
0.0	0.0	0.0	2.0
0.0	34.0	0.0	7.0
0.0	0.0	0.0	4.0
0.0	34.0	0.0	3.0
0.0	33.0	0.0	2.0
0.0	6.0	0.0	2.0
0.0	0.0	0.0	1.0
0.0	6.0	0.0	1.0
0.0	6.0	0.0	0.0
0.0	0.0	0.0	1.0
0.0	27.0	0.0	0.0
0.0	1.0	0.0	1.0
0.0	1.0	0.0	0.0
0.0	0.0	0.0	1.0
0.0	0.0	0.0	2.0
0.0	0.0	0.0	2.0
21.0	1220.0	2.0	8.0
9.0	23.0	2.0	1.0
5.0	23.0	2.0	1.0
2.0	0.0	2.0	0.0
2.0	0.0	0.0	0.0
0.0	0.0	2.0	0.0
3.0	23.0	0.0	1.0
3.0	23.0	0.0	0.0
3.0	7.0	0.0	0.0
3.0	6.0	0.0	0.0
1.0	2.0	0.0	0.0
2.0	4.0	0.0	0.0
0.0	1.0	0.0	0.0
0.0	16.0	0.0	0.0
0.0	0.0	0.0	1.0
4.0	0.0	0.0	0.0
12.0	1197.0	0.0	7.0
6.0	1081.0	0.0	0.0
4.0	92.0	0.0	0.0
3.0	92.0	0.0	0.0
0.0	77.0	0.0	0.0
3.0	15.0	0.0	0.0
3.0	1.0	0.0	0.0
0.0	1.0	0.0	0.0
3.0	0.0	0.0	0.0
0.0	14.0	0.0	0.0
1.0	0.0	0.0	0.0
2.0	989.0	0.0	0.0
2.0	165.0	0.0	0.0
0.0	165.0	0.0	0.0
2.0	0.0	0.0	0.0
0.0	824.0	0.0	0.0
6.0	116.0	0.0	7.0
2.0	0.0	0.0	4.0
2.0	0.0	0.0	0.0
0.0	0.0	0.0	4.0
4.0	116.0	0.0	3.0
2.0	2.0	0.0	0.0
2.0	0.0	0.0	0.0
0.0	2.0	0.0	0.0
2.0	114.0	0.0	3.0
2.0	104.0	0.0	0.0
2.0	10.0	0.0	0.0
2.0	0.0	0.0	0.0
0.0	10.0	0.0	0.0
0.0	94.0	0.0	0.0
0.0	10.0	0.0	3.0
0.0	0.0	0.0	3.0
0.0	10.0	0.0	0.0
