# Sizes (NFeatures, Nclasses, NodeCount, MaxDepth)
10	4	139	10
# Classes
0.0	1.0	2.0	3.0
# Feature Names
Nrows	Ncols	Nnnz	AvgNnnz	Density	MaxRowNnnz	MinRowNnnz	StdRowNnnz	NDiags	NTrueDiags
# Left
1	2	3	-1	5	-1	7	-1	-1	10	11	12	-1	-1	15	-1	-1	18	19	20	21	-1	-1	24	-1	-1	-1	28	29	-1	-1	-1	33	34	35	-1	37	-1	39	40	41	-1	43	-1	-1	-1	-1	48	49	50	-1	52	-1	-1	55	-1	57	58	59	60	-1	-1	-1	-1	-1	66	67	68	-1	-1	71	-1	-1	74	75	-1	-1	78	79	-1	81	-1	-1	-1	85	86	87	-1	-1	90	91	92	-1	94	95	-1	-1	-1	99	100	-1	-1	-1	-1	105	106	-1	108	109	-1	-1	112	-1	114	-1	116	117	-1	-1	-1	121	122	123	124	-1	126	127	-1	-1	-1	-1	132	133	-1	-1	-1	137	-1	-1
# Right
32	9	4	-1	6	-1	8	-1	-1	17	14	13	-1	-1	16	-1	-1	27	26	23	22	-1	-1	25	-1	-1	-1	31	30	-1	-1	-1	84	47	36	-1	38	-1	46	45	42	-1	44	-1	-1	-1	-1	65	54	51	-1	53	-1	-1	56	-1	64	63	62	61	-1	-1	-1	-1	-1	73	70	69	-1	-1	72	-1	-1	77	76	-1	-1	83	80	-1	82	-1	-1	-1	104	89	88	-1	-1	103	98	93	-1	97	96	-1	-1	-1	102	101	-1	-1	-1	-1	120	107	-1	111	110	-1	-1	113	-1	115	-1	119	118	-1	-1	-1	136	131	130	125	-1	129	128	-1	-1	-1	-1	135	134	-1	-1	-1	138	-1	-1
# Threshold
2.857290029525757	1.7247399687767029	25.0	-2.0	2.8317949771881104	-2.0	3.5737149715423584	-2.0	-2.0	285.5	2.4710649251937866	6.0	-2.0	-2.0	2.0	-2.0	-2.0	5.895884990692139	2.408874988555908	39.5	61379300.0	-2.0	-2.0	3.9524251222610474	-2.0	-2.0	-2.0	6.756030082702637	5655.0	-2.0	-2.0	-2.0	0.5	5.0373148918151855	14.5	-2.0	4042.0	-2.0	154032.0	31.81645107269287	25.65025043487549	-2.0	29.504650115966797	-2.0	-2.0	-2.0	-2.0	0.005890999920666218	110874.0	575.5	-2.0	9190.0	-2.0	-2.0	88664.0	-2.0	3.059419941564556e-05	19174505.0	577870.5	402.0	-2.0	-2.0	-2.0	-2.0	-2.0	68.0	35.5	10.664444923400879	-2.0	-2.0	2136.0	-2.0	-2.0	0.016533350106328726	0.5	-2.0	-2.0	29.5	9215.0	-2.0	7403305.0	-2.0	-2.0	-2.0	3.9498850107192993	0.5	5965.0	-2.0	-2.0	3.938634991645813	1.5355799794197083	3.5	-2.0	3.621269941329956	3.5	-2.0	-2.0	-2.0	1.8311150074005127	3704.0	-2.0	-2.0	-2.0	-2.0	4.686015017796308e-05	140587.0	-2.0	5.5	4587815.0	-2.0	-2.0	2.231069993285928e-05	-2.0	2.3720049284747802e-05	-2.0	2.604455039545428e-05	35.297120571136475	-2.0	-2.0	-2.0	563.4055023193359	77467.0	1.5	164.0	-2.0	4.880645036697388	8342.5	-2.0	-2.0	-2.0	-2.0	86285.5	211.0	-2.0	-2.0	-2.0	67084.0	-2.0	-2.0
# Feature
3	3	0	-2	7	-2	7	-2	-2	8	3	1	-2	-2	9	-2	-2	7	3	5	1	-2	-2	7	-2	-2	-2	7	1	-2	-2	-2	9	3	5	-2	0	-2	8	7	7	-2	7	-2	-2	-2	-2	4	8	5	-2	0	-2	-2	1	-2	4	2	1	5	-2	-2	-2	-2	-2	5	5	3	-2	-2	2	-2	-2	4	6	-2	-2	6	0	-2	2	-2	-2	-2	3	6	8	-2	-2	3	7	9	-2	3	5	-2	-2	-2	7	2	-2	-2	-2	-2	4	0	-2	5	2	-2	-2	4	-2	4	-2	4	7	-2	-2	-2	3	8	9	8	-2	3	0	-2	-2	-2	-2	8	5	-2	-2	-2	8	-2	-2
# Values
125.0	1504.0	1.0	54.0
62.0	41.0	1.0	6.0
31.0	1.0	1.0	0.0
0.0	0.0	1.0	0.0
31.0	1.0	0.0	0.0
28.0	0.0	0.0	0.0
3.0	1.0	0.0	0.0
0.0	1.0	0.0	0.0
3.0	0.0	0.0	0.0
31.0	40.0	0.0	6.0
4.0	26.0	0.0	1.0
0.0	21.0	0.0	1.0
0.0	0.0	0.0	1.0
0.0	21.0	0.0	0.0
4.0	5.0	0.0	0.0
0.0	5.0	0.0	0.0
4.0	0.0	0.0	0.0
27.0	14.0	0.0	5.0
27.0	5.0	0.0	4.0
6.0	5.0	0.0	4.0
0.0	5.0	0.0	2.0
0.0	5.0	0.0	0.0
0.0	0.0	0.0	2.0
6.0	0.0	0.0	2.0
6.0	0.0	0.0	0.0
0.0	0.0	0.0	2.0
21.0	0.0	0.0	0.0
0.0	9.0	0.0	1.0
0.0	1.0	0.0	1.0
0.0	0.0	0.0	1.0
0.0	1.0	0.0	0.0
0.0	8.0	0.0	0.0
63.0	1463.0	0.0	48.0
45.0	157.0	0.0	41.0
45.0	28.0	0.0	0.0
0.0	21.0	0.0	0.0
45.0	7.0	0.0	0.0
0.0	3.0	0.0	0.0
45.0	4.0	0.0	0.0
45.0	2.0	0.0	0.0
45.0	1.0	0.0	0.0
43.0	0.0	0.0	0.0
2.0	1.0	0.0	0.0
0.0	1.0	0.0	0.0
2.0	0.0	0.0	0.0
0.0	1.0	0.0	0.0
0.0	2.0	0.0	0.0
0.0	129.0	0.0	41.0
0.0	99.0	0.0	8.0
0.0	82.0	0.0	1.0
0.0	73.0	0.0	0.0
0.0	9.0	0.0	1.0
0.0	0.0	0.0	1.0
0.0	9.0	0.0	0.0
0.0	17.0	0.0	7.0
0.0	0.0	0.0	4.0
0.0	17.0	0.0	3.0
0.0	5.0	0.0	3.0
0.0	2.0	0.0	3.0
0.0	2.0	0.0	1.0
0.0	0.0	0.0	1.0
0.0	2.0	0.0	0.0
0.0	0.0	0.0	2.0
0.0	3.0	0.0	0.0
0.0	12.0	0.0	0.0
0.0	30.0	0.0	33.0
0.0	19.0	0.0	6.0
0.0	2.0	0.0	5.0
0.0	2.0	0.0	0.0
0.0	0.0	0.0	5.0
0.0	17.0	0.0	1.0
0.0	0.0	0.0	1.0
0.0	17.0	0.0	0.0
0.0	11.0	0.0	27.0
0.0	1.0	0.0	22.0
0.0	1.0	0.0	0.0
0.0	0.0	0.0	22.0
0.0	10.0	0.0	5.0
0.0	10.0	0.0	2.0
0.0	8.0	0.0	0.0
0.0	2.0	0.0	2.0
0.0	0.0	0.0	2.0
0.0	2.0	0.0	0.0
0.0	0.0	0.0	3.0
18.0	1306.0	0.0	7.0
13.0	138.0	0.0	0.0
5.0	4.0	0.0	0.0
0.0	4.0	0.0	0.0
5.0	0.0	0.0	0.0
8.0	134.0	0.0	0.0
7.0	134.0	0.0	0.0
1.0	109.0	0.0	0.0
0.0	104.0	0.0	0.0
1.0	5.0	0.0	0.0
1.0	1.0	0.0	0.0
0.0	1.0	0.0	0.0
1.0	0.0	0.0	0.0
0.0	4.0	0.0	0.0
6.0	25.0	0.0	0.0
6.0	3.0	0.0	0.0
0.0	3.0	0.0	0.0
6.0	0.0	0.0	0.0
0.0	22.0	0.0	0.0
1.0	0.0	0.0	0.0
5.0	1168.0	0.0	7.0
3.0	78.0	0.0	4.0
2.0	0.0	0.0	0.0
1.0	78.0	0.0	4.0
0.0	2.0	0.0	3.0
0.0	2.0	0.0	0.0
0.0	0.0	0.0	3.0
1.0	76.0	0.0	1.0
0.0	49.0	0.0	0.0
1.0	27.0	0.0	1.0
1.0	0.0	0.0	0.0
0.0	27.0	0.0	1.0
0.0	1.0	0.0	1.0
0.0	0.0	0.0	1.0
0.0	1.0	0.0	0.0
0.0	26.0	0.0	0.0
2.0	1090.0	0.0	3.0
2.0	1088.0	0.0	2.0
1.0	1027.0	0.0	1.0
1.0	59.0	0.0	1.0
0.0	0.0	0.0	1.0
1.0	59.0	0.0	0.0
1.0	2.0	0.0	0.0
0.0	2.0	0.0	0.0
1.0	0.0	0.0	0.0
0.0	57.0	0.0	0.0
0.0	968.0	0.0	0.0
1.0	61.0	0.0	1.0
1.0	0.0	0.0	1.0
1.0	0.0	0.0	0.0
0.0	0.0	0.0	1.0
0.0	61.0	0.0	0.0
0.0	2.0	0.0	1.0
0.0	2.0	0.0	0.0
0.0	0.0	0.0	1.0
