# Sizes (NFeatures, Nclasses, NodeCount, MaxDepth)
10	4	127	11
# Classes
0.0	1.0	2.0	3.0
# Feature Names
Nrows	Ncols	Nnnz	AvgNnnz	Density	MaxRowNnnz	MinRowNnnz	StdRowNnnz	NDiags	NTrueDiags
# Left
1	2	3	-1	5	-1	-1	8	9	10	-1	-1	-1	14	15	16	17	-1	-1	-1	21	22	23	-1	-1	-1	27	28	-1	30	-1	-1	33	-1	35	-1	-1	-1	39	40	41	42	-1	-1	45	46	-1	-1	49	-1	-1	52	53	-1	55	56	-1	-1	59	60	61	62	63	-1	-1	-1	-1	-1	-1	70	71	-1	-1	74	75	76	77	-1	-1	-1	-1	82	83	-1	-1	86	-1	88	-1	-1	91	92	93	94	95	96	-1	98	-1	-1	101	102	-1	-1	-1	-1	-1	108	109	110	-1	112	113	-1	-1	-1	-1	118	119	120	-1	-1	-1	124	-1	-1	-1
# Right
38	7	4	-1	6	-1	-1	13	12	11	-1	-1	-1	37	20	19	18	-1	-1	-1	26	25	24	-1	-1	-1	32	29	-1	31	-1	-1	34	-1	36	-1	-1	-1	90	51	44	43	-1	-1	48	47	-1	-1	50	-1	-1	69	54	-1	58	57	-1	-1	68	67	66	65	64	-1	-1	-1	-1	-1	-1	73	72	-1	-1	81	80	79	78	-1	-1	-1	-1	85	84	-1	-1	87	-1	89	-1	-1	126	107	106	105	100	97	-1	99	-1	-1	104	103	-1	-1	-1	-1	-1	117	116	111	-1	115	114	-1	-1	-1	-1	123	122	121	-1	-1	-1	125	-1	-1	-1
# Threshold
2.7607799768447876	1.622415006160736	2.882659912109375	-2.0	132643.5	-2.0	-2.0	0.5557370185852051	2.0931899547576904	1.0	-2.0	-2.0	-2.0	12.484765529632568	1179.0	7.5	1.7247399687767029	-2.0	-2.0	-2.0	0.5	2.40961492061615	4.063585042953491	-2.0	-2.0	-2.0	246.5	0.0015919400029815733	-2.0	2257.0	-2.0	-2.0	17570.5	-2.0	19014550.0	-2.0	-2.0	-2.0	0.5	5.061435222625732	40.0	4.855309963226318	-2.0	-2.0	6.199549913406372	176730.0	-2.0	-2.0	29.504650115966797	-2.0	-2.0	0.005890999920666218	11370.0	-2.0	8749.0	67199.0	-2.0	-2.0	796.5	615.5	467861.0	45.4289493560791	11916.0	-2.0	-2.0	-2.0	-2.0	-2.0	-2.0	0.009376750327646732	3.9247000217437744	-2.0	-2.0	67.5	3812.0	4.444614887237549	4.361890077590942	-2.0	-2.0	-2.0	-2.0	14.836199760437012	0.03725470043718815	-2.0	-2.0	0.022143750451505184	-2.0	3839.0	-2.0	-2.0	598.9020080566406	3.9717150926589966	3.938634991645813	36.73150062561035	13.5	3.6053450107574463	-2.0	3.621269941329956	-2.0	-2.0	2.2548900842666626	0.002243569935671985	-2.0	-2.0	-2.0	-2.0	-2.0	4.686015017796308e-05	4.516989974945318e-05	5.5	-2.0	262943.5	244732.0	-2.0	-2.0	-2.0	-2.0	73.24015045166016	1.5	164.0	-2.0	-2.0	-2.0	73.39590072631836	-2.0	-2.0	-2.0
# Feature
3	3	7	-2	1	-2	-2	7	3	9	-2	-2	-2	7	2	5	3	-2	-2	-2	6	3	7	-2	-2	-2	8	4	-2	2	-2	-2	1	-2	0	-2	-2	-2	9	3	5	3	-2	-2	7	8	-2	-2	7	-2	-2	4	8	-2	0	2	-2	-2	5	5	8	3	8	-2	-2	-2	-2	-2	-2	4	7	-2	-2	5	8	7	7	-2	-2	-2	-2	7	4	-2	-2	4	-2	5	-2	-2	3	3	3	7	5	3	-2	3	-2	-2	7	4	-2	-2	-2	-2	-2	4	4	5	-2	1	1	-2	-2	-2	-2	3	9	8	-2	-2	-2	3	-2	-2	-2
# Values
129.0	1510.0	0.0	45.0
58.0	30.0	0.0	5.0
24.0	0.0	0.0	2.0
23.0	0.0	0.0	0.0
1.0	0.0	0.0	2.0
0.0	0.0	0.0	2.0
1.0	0.0	0.0	0.0
34.0	30.0	0.0	3.0
1.0	11.0	0.0	0.0
1.0	2.0	0.0	0.0
0.0	2.0	0.0	0.0
1.0	0.0	0.0	0.0
0.0	9.0	0.0	0.0
33.0	19.0	0.0	3.0
33.0	13.0	0.0	3.0
1.0	4.0	0.0	0.0
1.0	1.0	0.0	0.0
1.0	0.0	0.0	0.0
0.0	1.0	0.0	0.0
0.0	3.0	0.0	0.0
32.0	9.0	0.0	3.0
17.0	0.0	0.0	3.0
2.0	0.0	0.0	3.0
2.0	0.0	0.0	0.0
0.0	0.0	0.0	3.0
15.0	0.0	0.0	0.0
15.0	9.0	0.0	0.0
4.0	6.0	0.0	0.0
0.0	5.0	0.0	0.0
4.0	1.0	0.0	0.0
3.0	0.0	0.0	0.0
1.0	1.0	0.0	0.0
11.0	3.0	0.0	0.0
8.0	0.0	0.0	0.0
3.0	3.0	0.0	0.0
0.0	3.0	0.0	0.0
3.0	0.0	0.0	0.0
0.0	6.0	0.0	0.0
71.0	1480.0	0.0	40.0
56.0	199.0	0.0	34.0
56.0	42.0	0.0	0.0
1.0	35.0	0.0	0.0
0.0	35.0	0.0	0.0
1.0	0.0	0.0	0.0
55.0	7.0	0.0	0.0
53.0	1.0	0.0	0.0
53.0	0.0	0.0	0.0
0.0	1.0	0.0	0.0
2.0	6.0	0.0	0.0
0.0	6.0	0.0	0.0
2.0	0.0	0.0	0.0
0.0	157.0	0.0	34.0
0.0	116.0	0.0	7.0
0.0	45.0	0.0	0.0
0.0	71.0	0.0	7.0
0.0	1.0	0.0	2.0
0.0	1.0	0.0	0.0
0.0	0.0	0.0	2.0
0.0	70.0	0.0	5.0
0.0	34.0	0.0	5.0
0.0	34.0	0.0	3.0
0.0	34.0	0.0	2.0
0.0	34.0	0.0	1.0
0.0	2.0	0.0	1.0
0.0	32.0	0.0	0.0
0.0	0.0	0.0	1.0
0.0	0.0	0.0	1.0
0.0	0.0	0.0	2.0
0.0	36.0	0.0	0.0
0.0	41.0	0.0	27.0
0.0	1.0	0.0	12.0
0.0	1.0	0.0	0.0
0.0	0.0	0.0	12.0
0.0	40.0	0.0	15.0
0.0	25.0	0.0	3.0
0.0	25.0	0.0	1.0
0.0	6.0	0.0	1.0
0.0	6.0	0.0	0.0
0.0	0.0	0.0	1.0
0.0	19.0	0.0	0.0
0.0	0.0	0.0	2.0
0.0	15.0	0.0	12.0
0.0	1.0	0.0	11.0
0.0	0.0	0.0	8.0
0.0	1.0	0.0	3.0
0.0	14.0	0.0	1.0
0.0	8.0	0.0	0.0
0.0	6.0	0.0	1.0
0.0	6.0	0.0	0.0
0.0	0.0	0.0	1.0
15.0	1281.0	0.0	6.0
15.0	1281.0	0.0	3.0
11.0	122.0	0.0	0.0
8.0	122.0	0.0	0.0
6.0	122.0	0.0	0.0
1.0	100.0	0.0	0.0
0.0	78.0	0.0	0.0
1.0	22.0	0.0	0.0
1.0	0.0	0.0	0.0
0.0	22.0	0.0	0.0
5.0	22.0	0.0	0.0
5.0	1.0	0.0	0.0
0.0	1.0	0.0	0.0
5.0	0.0	0.0	0.0
0.0	21.0	0.0	0.0
2.0	0.0	0.0	0.0
3.0	0.0	0.0	0.0
4.0	1159.0	0.0	3.0
4.0	66.0	0.0	1.0
2.0	66.0	0.0	1.0
0.0	0.0	0.0	1.0
2.0	66.0	0.0	0.0
2.0	13.0	0.0	0.0
0.0	13.0	0.0	0.0
2.0	0.0	0.0	0.0
0.0	53.0	0.0	0.0
2.0	0.0	0.0	0.0
0.0	1093.0	0.0	2.0
0.0	1036.0	0.0	1.0
0.0	59.0	0.0	1.0
0.0	0.0	0.0	1.0
0.0	59.0	0.0	0.0
0.0	977.0	0.0	0.0
0.0	57.0	0.0	1.0
0.0	0.0	0.0	1.0
0.0	57.0	0.0	0.0
0.0	0.0	0.0	3.0
