# Sizes (NFeatures, Nclasses, NodeCount, MaxDepth)
10	4	137	10
# Classes
0.0	1.0	2.0	3.0
# Feature Names
Nrows	Ncols	Nnnz	AvgNnnz	Density	MaxRowNnnz	MinRowNnnz	StdRowNnnz	NDiags	NTrueDiags
# Left
1	2	3	4	5	6	7	8	-1	10	11	-1	-1	-1	15	-1	17	-1	19	-1	-1	-1	-1	24	-1	26	-1	28	-1	30	-1	-1	33	34	-1	36	-1	-1	39	40	-1	-1	-1	44	45	46	-1	-1	49	50	51	-1	-1	54	-1	56	-1	-1	-1	60	61	62	-1	64	-1	-1	67	68	69	-1	-1	72	-1	74	-1	76	-1	-1	79	80	-1	-1	83	-1	85	-1	-1	88	-1	90	-1	92	-1	-1	95	96	-1	-1	99	100	101	102	-1	104	-1	-1	107	-1	-1	110	-1	-1	113	114	115	116	-1	-1	-1	120	121	-1	-1	-1	125	126	127	128	-1	-1	131	132	-1	-1	-1	-1	-1
# Right
94	43	32	23	22	21	14	9	-1	13	12	-1	-1	-1	16	-1	18	-1	20	-1	-1	-1	-1	25	-1	27	-1	29	-1	31	-1	-1	38	35	-1	37	-1	-1	42	41	-1	-1	-1	59	48	47	-1	-1	58	53	52	-1	-1	55	-1	57	-1	-1	-1	87	66	63	-1	65	-1	-1	78	71	70	-1	-1	73	-1	75	-1	77	-1	-1	82	81	-1	-1	84	-1	86	-1	-1	89	-1	91	-1	93	-1	-1	98	97	-1	-1	112	109	106	103	-1	105	-1	-1	108	-1	-1	111	-1	-1	124	119	118	117	-1	-1	-1	123	122	-1	-1	-1	136	135	130	129	-1	-1	134	133	-1	-1	-1	-1	-1
# Threshold
1.5	5.135599851608276	0.002469204948283732	182297.0	110499.0	67676.5	3.308550000190735	5.365530014038086	-2.0	6582.5	5.948260068893433	-2.0	-2.0	-2.0	24374.0	-2.0	7.0	-2.0	16745.0	-2.0	-2.0	-2.0	-2.0	610422.5	-2.0	21259250.0	-2.0	24.0	-2.0	128019100.0	-2.0	-2.0	1.7247399687767029	13.5	-2.0	1.4733650088310242	-2.0	-2.0	3.5	2.5	-2.0	-2.0	-2.0	22529.0	733.0	0.11425844952464104	-2.0	-2.0	16.826250076293945	0.005495560122653842	2.9347199201583862	-2.0	-2.0	16.96614980697632	-2.0	7.0	-2.0	-2.0	-2.0	392.2720031738281	266.0	0.009837805293500423	-2.0	35.5	-2.0	-2.0	21.645350456237793	575.5	279.5	-2.0	-2.0	716.0	-2.0	6.702559947967529	-2.0	1226.0	-2.0	-2.0	3515.5	22.4131498336792	-2.0	-2.0	822262.5	-2.0	1.1741224625438917e-05	-2.0	-2.0	497.322998046875	-2.0	0.01402955036610365	-2.0	26818450.0	-2.0	-2.0	2.0988699197769165	2.027780055999756	-2.0	-2.0	2.8091150522232056	2.465619921684265	20525700.0	0.6610909998416901	-2.0	2341.0	-2.0	-2.0	2.1327550411224365	-2.0	-2.0	6.0	-2.0	-2.0	2.604455039545428e-05	2.1885849491809495e-05	2777.0	7455315.0	-2.0	-2.0	-2.0	571804.5	25.5	-2.0	-2.0	-2.0	5.999130010604858	5.98583984375	0.5	37.5	-2.0	-2.0	3.5632450580596924	3.5422250032424927	-2.0	-2.0	-2.0	-2.0	-2.0
# Feature
9	3	4	8	2	2	3	7	-2	1	7	-2	-2	-2	2	-2	5	-2	8	-2	-2	-2	-2	2	-2	1	-2	5	-2	8	-2	-2	3	5	-2	3	-2	-2	5	5	-2	-2	-2	2	1	4	-2	-2	7	4	7	-2	-2	3	-2	6	-2	-2	-2	7	5	4	-2	5	-2	-2	7	5	5	-2	-2	5	-2	3	-2	5	-2	-2	8	3	-2	-2	8	-2	4	-2	-2	7	-2	4	-2	2	-2	-2	3	3	-2	-2	3	3	2	7	-2	1	-2	-2	3	-2	-2	5	-2	-2	4	4	8	2	-2	-2	-2	8	9	-2	-2	-2	3	3	6	5	-2	-2	3	3	-2	-2	-2	-2	-2
# Values
126.0	1510.0	0.0	48.0
110.0	298.0	0.0	42.0
110.0	73.0	0.0	4.0
102.0	39.0	0.0	1.0
96.0	22.0	0.0	1.0
43.0	22.0	0.0	1.0
43.0	14.0	0.0	1.0
32.0	1.0	0.0	1.0
30.0	0.0	0.0	0.0
2.0	1.0	0.0	1.0
0.0	1.0	0.0	1.0
0.0	1.0	0.0	0.0
0.0	0.0	0.0	1.0
2.0	0.0	0.0	0.0
11.0	13.0	0.0	0.0
0.0	7.0	0.0	0.0
11.0	6.0	0.0	0.0
0.0	5.0	0.0	0.0
11.0	1.0	0.0	0.0
11.0	0.0	0.0	0.0
0.0	1.0	0.0	0.0
0.0	8.0	0.0	0.0
53.0	0.0	0.0	0.0
6.0	17.0	0.0	0.0
3.0	0.0	0.0	0.0
3.0	17.0	0.0	0.0
0.0	15.0	0.0	0.0
3.0	2.0	0.0	0.0
2.0	0.0	0.0	0.0
1.0	2.0	0.0	0.0
0.0	2.0	0.0	0.0
1.0	0.0	0.0	0.0
8.0	34.0	0.0	3.0
7.0	1.0	0.0	3.0
7.0	0.0	0.0	0.0
0.0	1.0	0.0	3.0
0.0	0.0	0.0	3.0
0.0	1.0	0.0	0.0
1.0	33.0	0.0	0.0
1.0	1.0	0.0	0.0
0.0	1.0	0.0	0.0
1.0	0.0	0.0	0.0
0.0	32.0	0.0	0.0
0.0	225.0	0.0	38.0
0.0	41.0	0.0	24.0
0.0	33.0	0.0	2.0
0.0	33.0	0.0	0.0
0.0	0.0	0.0	2.0
0.0	8.0	0.0	22.0
0.0	4.0	0.0	22.0
0.0	2.0	0.0	1.0
0.0	0.0	0.0	1.0
0.0	2.0	0.0	0.0
0.0	2.0	0.0	21.0
0.0	0.0	0.0	19.0
0.0	2.0	0.0	2.0
0.0	2.0	0.0	0.0
0.0	0.0	0.0	2.0
0.0	4.0	0.0	0.0
0.0	184.0	0.0	14.0
0.0	174.0	0.0	8.0
0.0	97.0	0.0	1.0
0.0	83.0	0.0	0.0
0.0	14.0	0.0	1.0
0.0	0.0	0.0	1.0
0.0	14.0	0.0	0.0
0.0	77.0	0.0	7.0
0.0	8.0	0.0	5.0
0.0	6.0	0.0	1.0
0.0	0.0	0.0	1.0
0.0	6.0	0.0	0.0
0.0	2.0	0.0	4.0
0.0	0.0	0.0	3.0
0.0	2.0	0.0	1.0
0.0	1.0	0.0	0.0
0.0	1.0	0.0	1.0
0.0	0.0	0.0	1.0
0.0	1.0	0.0	0.0
0.0	69.0	0.0	2.0
0.0	4.0	0.0	1.0
0.0	0.0	0.0	1.0
0.0	4.0	0.0	0.0
0.0	65.0	0.0	1.0
0.0	54.0	0.0	0.0
0.0	11.0	0.0	1.0
0.0	11.0	0.0	0.0
0.0	0.0	0.0	1.0
0.0	10.0	0.0	6.0
0.0	0.0	0.0	4.0
0.0	10.0	0.0	2.0
0.0	9.0	0.0	0.0
0.0	1.0	0.0	2.0
0.0	1.0	0.0	0.0
0.0	0.0	0.0	2.0
16.0	1212.0	0.0	6.0
3.0	0.0	0.0	2.0
0.0	0.0	0.0	2.0
3.0	0.0	0.0	0.0
13.0	1212.0	0.0	4.0
4.0	15.0	0.0	1.0
1.0	14.0	0.0	1.0
1.0	13.0	0.0	0.0
0.0	10.0	0.0	0.0
1.0	3.0	0.0	0.0
1.0	2.0	0.0	0.0
0.0	1.0	0.0	0.0
0.0	1.0	0.0	1.0
0.0	1.0	0.0	0.0
0.0	0.0	0.0	1.0
3.0	1.0	0.0	0.0
0.0	1.0	0.0	0.0
3.0	0.0	0.0	0.0
9.0	1197.0	0.0	3.0
2.0	71.0	0.0	3.0
0.0	70.0	0.0	1.0
0.0	6.0	0.0	1.0
0.0	0.0	0.0	1.0
0.0	6.0	0.0	0.0
0.0	64.0	0.0	0.0
2.0	1.0	0.0	2.0
2.0	1.0	0.0	0.0
2.0	0.0	0.0	0.0
0.0	1.0	0.0	0.0
0.0	0.0	0.0	2.0
7.0	1126.0	0.0	0.0
7.0	297.0	0.0	0.0
2.0	297.0	0.0	0.0
1.0	3.0	0.0	0.0
0.0	3.0	0.0	0.0
1.0	0.0	0.0	0.0
1.0	294.0	0.0	0.0
1.0	17.0	0.0	0.0
0.0	17.0	0.0	0.0
1.0	0.0	0.0	0.0
0.0	277.0	0.0	0.0
5.0	0.0	0.0	0.0
0.0	829.0	0.0	0.0
