# Sizes (NFeatures, Nclasses, NodeCount, MaxDepth)
10	4	131	10
# Classes
0.0	1.0	2.0	3.0
# Feature Names
Nrows	Ncols	Nnnz	AvgNnnz	Density	MaxRowNnnz	MinRowNnnz	StdRowNnnz	NDiags	NTrueDiags
# Left
1	2	3	4	5	6	7	8	9	10	-1	-1	-1	-1	-1	16	17	-1	-1	-1	21	22	-1	-1	-1	26	27	-1	-1	30	-1	-1	33	34	-1	36	-1	-1	39	40	-1	-1	-1	44	45	-1	47	48	-1	50	-1	-1	53	-1	55	56	57	-1	-1	-1	61	62	-1	-1	-1	66	67	68	-1	70	-1	-1	-1	74	75	-1	-1	78	79	80	-1	-1	83	-1	-1	86	-1	-1	89	90	91	-1	-1	94	95	-1	97	-1	99	-1	-1	102	-1	-1	105	106	107	108	-1	110	-1	-1	113	114	115	-1	117	-1	-1	-1	-1	122	-1	-1	125	-1	127	-1	129	-1	-1
# Right
88	43	32	25	20	15	14	13	12	11	-1	-1	-1	-1	-1	19	18	-1	-1	-1	24	23	-1	-1	-1	29	28	-1	-1	31	-1	-1	38	35	-1	37	-1	-1	42	41	-1	-1	-1	65	46	-1	52	49	-1	51	-1	-1	54	-1	60	59	58	-1	-1	-1	64	63	-1	-1	-1	73	72	69	-1	71	-1	-1	-1	77	76	-1	-1	85	82	81	-1	-1	84	-1	-1	87	-1	-1	104	93	92	-1	-1	101	96	-1	98	-1	100	-1	-1	103	-1	-1	124	121	112	109	-1	111	-1	-1	120	119	116	-1	118	-1	-1	-1	-1	123	-1	-1	126	-1	128	-1	130	-1	-1
# Threshold
1.5	5.0373148918151855	0.0007000985206104815	154032.0	5.895884990692139	33.0	55089.0	3.0	0.5	1.6090900301933289	-2.0	-2.0	-2.0	-2.0	-2.0	2.3871549367904663	4.092175006866455	-2.0	-2.0	-2.0	0.5	6374.5	-2.0	-2.0	-2.0	75809648.0	1.826669991016388	-2.0	-2.0	37.5	-2.0	-2.0	1.8553699851036072	1.276194989681244	-2.0	0.01576465042307973	-2.0	-2.0	4.969835042953491	2.5	-2.0	-2.0	-2.0	0.005890999920666218	282.5	-2.0	60815.5	575.5	-2.0	608.5	-2.0	-2.0	63974.5	-2.0	870.0	396783.5	636.5	-2.0	-2.0	-2.0	1.816650001273956e-05	1.1741224625438917e-05	-2.0	-2.0	-2.0	783.5	0.1060541495680809	9.5	-2.0	701.0	-2.0	-2.0	-2.0	24249.5	0.5	-2.0	-2.0	2774305.0	29.5	0.006905699847266078	-2.0	-2.0	43.5	-2.0	-2.0	1392.1300048828125	-2.0	-2.0	2.8672900199890137	66.5	2.5	-2.0	-2.0	584638.0	2.5	-2.0	0.0015919400029815733	-2.0	0.6643050014972687	-2.0	-2.0	2.1327550411224365	-2.0	-2.0	5.999454975128174	5.98583984375	0.5	4975.0	-2.0	63345.0	-2.0	-2.0	3.7366750240325928	3.7017399072647095	3.598439931869507	-2.0	2.5	-2.0	-2.0	-2.0	-2.0	1783658.0	-2.0	-2.0	23.5	-2.0	74111.0	-2.0	24.34684991836548	-2.0	-2.0
# Feature
9	3	4	8	7	5	2	6	9	7	-2	-2	-2	-2	-2	3	7	-2	-2	-2	6	0	-2	-2	-2	8	3	-2	-2	5	-2	-2	3	7	-2	4	-2	-2	3	6	-2	-2	-2	4	8	-2	8	5	-2	5	-2	-2	8	-2	5	8	5	-2	-2	-2	4	4	-2	-2	-2	0	4	6	-2	8	-2	-2	-2	2	6	-2	-2	2	6	4	-2	-2	6	-2	-2	7	-2	-2	3	8	5	-2	-2	8	9	-2	4	-2	7	-2	-2	3	-2	-2	3	3	6	1	-2	2	-2	-2	3	3	3	-2	9	-2	-2	-2	-2	0	-2	-2	6	-2	8	-2	7	-2	-2
# Values
141.0	1488.0	0.0	55.0
104.0	284.0	0.0	50.0
104.0	69.0	0.0	4.0
94.0	28.0	0.0	3.0
91.0	15.0	0.0	1.0
86.0	9.0	0.0	1.0
17.0	9.0	0.0	0.0
17.0	2.0	0.0	0.0
17.0	1.0	0.0	0.0
4.0	1.0	0.0	0.0
0.0	1.0	0.0	0.0
4.0	0.0	0.0	0.0
13.0	0.0	0.0	0.0
0.0	1.0	0.0	0.0
0.0	7.0	0.0	0.0
69.0	0.0	0.0	1.0
8.0	0.0	0.0	1.0
8.0	0.0	0.0	0.0
0.0	0.0	0.0	1.0
61.0	0.0	0.0	0.0
5.0	6.0	0.0	0.0
5.0	1.0	0.0	0.0
0.0	1.0	0.0	0.0
5.0	0.0	0.0	0.0
0.0	5.0	0.0	0.0
3.0	13.0	0.0	2.0
1.0	13.0	0.0	0.0
1.0	0.0	0.0	0.0
0.0	13.0	0.0	0.0
2.0	0.0	0.0	2.0
0.0	0.0	0.0	2.0
2.0	0.0	0.0	0.0
10.0	41.0	0.0	1.0
8.0	3.0	0.0	1.0
8.0	0.0	0.0	0.0
0.0	3.0	0.0	1.0
0.0	3.0	0.0	0.0
0.0	0.0	0.0	1.0
2.0	38.0	0.0	0.0
1.0	38.0	0.0	0.0
0.0	38.0	0.0	0.0
1.0	0.0	0.0	0.0
1.0	0.0	0.0	0.0
0.0	215.0	0.0	46.0
0.0	163.0	0.0	8.0
0.0	0.0	0.0	1.0
0.0	163.0	0.0	7.0
0.0	117.0	0.0	1.0
0.0	97.0	0.0	0.0
0.0	20.0	0.0	1.0
0.0	0.0	0.0	1.0
0.0	20.0	0.0	0.0
0.0	46.0	0.0	6.0
0.0	0.0	0.0	2.0
0.0	46.0	0.0	4.0
0.0	13.0	0.0	3.0
0.0	13.0	0.0	1.0
0.0	13.0	0.0	0.0
0.0	0.0	0.0	1.0
0.0	0.0	0.0	2.0
0.0	33.0	0.0	1.0
0.0	7.0	0.0	1.0
0.0	7.0	0.0	0.0
0.0	0.0	0.0	1.0
0.0	26.0	0.0	0.0
0.0	52.0	0.0	38.0
0.0	30.0	0.0	3.0
0.0	30.0	0.0	1.0
0.0	28.0	0.0	0.0
0.0	2.0	0.0	1.0
0.0	0.0	0.0	1.0
0.0	2.0	0.0	0.0
0.0	0.0	0.0	2.0
0.0	22.0	0.0	35.0
0.0	1.0	0.0	27.0
0.0	1.0	0.0	0.0
0.0	0.0	0.0	27.0
0.0	21.0	0.0	8.0
0.0	20.0	0.0	3.0
0.0	19.0	0.0	1.0
0.0	0.0	0.0	1.0
0.0	19.0	0.0	0.0
0.0	1.0	0.0	2.0
0.0	0.0	0.0	2.0
0.0	1.0	0.0	0.0
0.0	1.0	0.0	5.0
0.0	0.0	0.0	5.0
0.0	1.0	0.0	0.0
37.0	1204.0	0.0	5.0
17.0	15.0	0.0	3.0
0.0	6.0	0.0	2.0
0.0	0.0	0.0	2.0
0.0	6.0	0.0	0.0
17.0	9.0	0.0	1.0
17.0	5.0	0.0	0.0
10.0	0.0	0.0	0.0
7.0	5.0	0.0	0.0
0.0	3.0	0.0	0.0
7.0	2.0	0.0	0.0
5.0	0.0	0.0	0.0
2.0	2.0	0.0	0.0
0.0	4.0	0.0	1.0
0.0	4.0	0.0	0.0
0.0	0.0	0.0	1.0
20.0	1189.0	0.0	2.0
20.0	331.0	0.0	0.0
9.0	329.0	0.0	0.0
4.0	9.0	0.0	0.0
0.0	8.0	0.0	0.0
4.0	1.0	0.0	0.0
4.0	0.0	0.0	0.0
0.0	1.0	0.0	0.0
5.0	320.0	0.0	0.0
5.0	101.0	0.0	0.0
2.0	101.0	0.0	0.0
0.0	97.0	0.0	0.0
2.0	4.0	0.0	0.0
0.0	4.0	0.0	0.0
2.0	0.0	0.0	0.0
3.0	0.0	0.0	0.0
0.0	219.0	0.0	0.0
11.0	2.0	0.0	0.0
11.0	0.0	0.0	0.0
0.0	2.0	0.0	0.0
0.0	858.0	0.0	2.0
0.0	808.0	0.0	0.0
0.0	50.0	0.0	2.0
0.0	49.0	0.0	0.0
0.0	1.0	0.0	2.0
0.0	1.0	0.0	0.0
0.0	0.0	0.0	2.0
