# Sizes (NFeatures, Nclasses, NodeCount, MaxDepth)
10	4	133	10
# Classes
0.0	1.0	2.0	3.0
# Feature Names
Nrows	Ncols	Nnnz	AvgNnnz	Density	MaxRowNnnz	MinRowNnnz	StdRowNnnz	NDiags	NTrueDiags
# Left
1	2	3	4	5	6	-1	-1	9	10	11	-1	-1	-1	15	16	-1	-1	19	20	-1	-1	23	-1	-1	26	27	28	-1	-1	-1	-1	33	-1	35	36	-1	38	-1	-1	41	-1	43	-1	-1	46	47	48	-1	50	-1	52	-1	54	-1	-1	57	58	-1	60	-1	-1	-1	64	65	66	-1	68	-1	-1	71	-1	73	-1	-1	76	77	78	-1	80	-1	82	-1	84	-1	-1	87	-1	-1	90	-1	92	-1	94	-1	-1	97	98	99	100	-1	-1	103	104	-1	-1	-1	108	-1	-1	111	112	113	114	-1	-1	-1	118	-1	-1	121	122	123	124	-1	-1	-1	-1	129	-1	131	-1	-1
# Right
96	45	32	25	8	7	-1	-1	14	13	12	-1	-1	-1	18	17	-1	-1	22	21	-1	-1	24	-1	-1	31	30	29	-1	-1	-1	-1	34	-1	40	37	-1	39	-1	-1	42	-1	44	-1	-1	63	56	49	-1	51	-1	53	-1	55	-1	-1	62	59	-1	61	-1	-1	-1	75	70	67	-1	69	-1	-1	72	-1	74	-1	-1	89	86	79	-1	81	-1	83	-1	85	-1	-1	88	-1	-1	91	-1	93	-1	95	-1	-1	110	107	102	101	-1	-1	106	105	-1	-1	-1	109	-1	-1	120	117	116	115	-1	-1	-1	119	-1	-1	128	127	126	125	-1	-1	-1	-1	130	-1	132	-1	-1
# Threshold
1.5	5.102230072021484	0.0007000985206104815	176730.0	6.5	868.5	-2.0	-2.0	3.7558799982070923	9.5	15916.5	-2.0	-2.0	-2.0	2.40961492061615	29012.0	-2.0	-2.0	3.832115054130554	5894.5	-2.0	-2.0	5.0272799853701144e-05	-2.0	-2.0	0.929124504327774	0.6472119987010956	38446290.0	-2.0	-2.0	-2.0	-2.0	3.5	-2.0	1.3674200177192688	2.882659912109375	-2.0	126.5	-2.0	-2.0	4.969835042953491	-2.0	0.5	-2.0	-2.0	0.00629987008869648	473701.0	0.0012354899663478136	-2.0	0.0012546100188046694	-2.0	575.0	-2.0	2.5	-2.0	-2.0	308383.0	19430.5	-2.0	11739200.0	-2.0	-2.0	-2.0	0.016583050601184368	24947.0	0.5	-2.0	590.5	-2.0	-2.0	35.5	-2.0	0.006905699847266078	-2.0	-2.0	0.06256360001862049	29.5	900.0	-2.0	1884.0	-2.0	12.0	-2.0	36835.0	-2.0	-2.0	6.65301513671875	-2.0	-2.0	138.0	-2.0	490.5	-2.0	7553.5	-2.0	-2.0	2.8672900199890137	2.4732799530029297	2.0931899547576904	0.25000911189999897	-2.0	-2.0	3944.0	10.0	-2.0	-2.0	-2.0	66.5	-2.0	-2.0	2.604455039545428e-05	2.1851749806955922e-05	2777.0	3.5	-2.0	-2.0	-2.0	571804.5	-2.0	-2.0	1.3512150049209595	1.340030014514923	3.621269941329956	3.5641199350357056	-2.0	-2.0	-2.0	-2.0	82798.5	-2.0	47867.0	-2.0	-2.0
# Feature
9	3	4	8	5	8	-2	-2	7	5	8	-2	-2	-2	3	8	-2	-2	3	1	-2	-2	4	-2	-2	7	7	8	-2	-2	-2	-2	5	-2	3	7	-2	0	-2	-2	3	-2	6	-2	-2	4	8	4	-2	4	-2	5	-2	6	-2	-2	1	5	-2	2	-2	-2	-2	4	2	6	-2	1	-2	-2	5	-2	4	-2	-2	4	6	1	-2	8	-2	6	-2	8	-2	-2	7	-2	-2	8	-2	0	-2	1	-2	-2	3	3	3	4	-2	-2	2	5	-2	-2	-2	8	-2	-2	4	4	8	9	-2	-2	-2	8	-2	-2	7	7	3	3	-2	-2	-2	-2	8	-2	1	-2	-2
# Values
118.0	1516.0	1.0	49.0
100.0	305.0	0.0	46.0
100.0	75.0	0.0	11.0
83.0	26.0	0.0	6.0
80.0	12.0	0.0	4.0
5.0	7.0	0.0	0.0
5.0	0.0	0.0	0.0
0.0	7.0	0.0	0.0
75.0	5.0	0.0	4.0
59.0	1.0	0.0	0.0
3.0	1.0	0.0	0.0
3.0	0.0	0.0	0.0
0.0	1.0	0.0	0.0
56.0	0.0	0.0	0.0
16.0	4.0	0.0	4.0
0.0	1.0	0.0	3.0
0.0	1.0	0.0	0.0
0.0	0.0	0.0	3.0
16.0	3.0	0.0	1.0
15.0	0.0	0.0	1.0
0.0	0.0	0.0	1.0
15.0	0.0	0.0	0.0
1.0	3.0	0.0	0.0
1.0	0.0	0.0	0.0
0.0	3.0	0.0	0.0
3.0	14.0	0.0	2.0
3.0	2.0	0.0	2.0
0.0	2.0	0.0	2.0
0.0	2.0	0.0	0.0
0.0	0.0	0.0	2.0
3.0	0.0	0.0	0.0
0.0	12.0	0.0	0.0
17.0	49.0	0.0	5.0
14.0	0.0	0.0	0.0
3.0	49.0	0.0	5.0
2.0	1.0	0.0	3.0
2.0	0.0	0.0	0.0
0.0	1.0	0.0	3.0
0.0	0.0	0.0	3.0
0.0	1.0	0.0	0.0
1.0	48.0	0.0	2.0
0.0	48.0	0.0	0.0
1.0	0.0	0.0	2.0
1.0	0.0	0.0	0.0
0.0	0.0	0.0	2.0
0.0	230.0	0.0	35.0
0.0	171.0	0.0	6.0
0.0	157.0	0.0	3.0
0.0	93.0	0.0	0.0
0.0	64.0	0.0	3.0
0.0	0.0	0.0	1.0
0.0	64.0	0.0	2.0
0.0	55.0	0.0	0.0
0.0	9.0	0.0	2.0
0.0	9.0	0.0	0.0
0.0	0.0	0.0	2.0
0.0	14.0	0.0	3.0
0.0	1.0	0.0	3.0
0.0	0.0	0.0	2.0
0.0	1.0	0.0	1.0
0.0	1.0	0.0	0.0
0.0	0.0	0.0	1.0
0.0	13.0	0.0	0.0
0.0	59.0	0.0	29.0
0.0	18.0	0.0	20.0
0.0	4.0	0.0	17.0
0.0	3.0	0.0	0.0
0.0	1.0	0.0	17.0
0.0	1.0	0.0	0.0
0.0	0.0	0.0	17.0
0.0	14.0	0.0	3.0
0.0	0.0	0.0	2.0
0.0	14.0	0.0	1.0
0.0	0.0	0.0	1.0
0.0	14.0	0.0	0.0
0.0	41.0	0.0	9.0
0.0	39.0	0.0	4.0
0.0	37.0	0.0	2.0
0.0	29.0	0.0	0.0
0.0	8.0	0.0	2.0
0.0	0.0	0.0	1.0
0.0	8.0	0.0	1.0
0.0	6.0	0.0	0.0
0.0	2.0	0.0	1.0
0.0	0.0	0.0	1.0
0.0	2.0	0.0	0.0
0.0	2.0	0.0	2.0
0.0	2.0	0.0	0.0
0.0	0.0	0.0	2.0
0.0	2.0	0.0	5.0
0.0	1.0	0.0	0.0
0.0	1.0	0.0	5.0
0.0	0.0	0.0	3.0
0.0	1.0	0.0	2.0
0.0	1.0	0.0	0.0
0.0	0.0	0.0	2.0
18.0	1211.0	1.0	3.0
14.0	21.0	1.0	0.0
5.0	17.0	1.0	0.0
2.0	0.0	1.0	0.0
2.0	0.0	0.0	0.0
0.0	0.0	1.0	0.0
3.0	17.0	0.0	0.0
3.0	3.0	0.0	0.0
2.0	3.0	0.0	0.0
1.0	0.0	0.0	0.0
0.0	14.0	0.0	0.0
9.0	4.0	0.0	0.0
0.0	4.0	0.0	0.0
9.0	0.0	0.0	0.0
4.0	1190.0	0.0	3.0
1.0	66.0	0.0	2.0
0.0	66.0	0.0	1.0
0.0	5.0	0.0	1.0
0.0	0.0	0.0	1.0
0.0	5.0	0.0	0.0
0.0	61.0	0.0	0.0
1.0	0.0	0.0	1.0
1.0	0.0	0.0	0.0
0.0	0.0	0.0	1.0
3.0	1124.0	0.0	1.0
3.0	195.0	0.0	0.0
1.0	195.0	0.0	0.0
1.0	8.0	0.0	0.0
0.0	8.0	0.0	0.0
1.0	0.0	0.0	0.0
0.0	187.0	0.0	0.0
2.0	0.0	0.0	0.0
0.0	929.0	0.0	1.0
0.0	874.0	0.0	0.0
0.0	55.0	0.0	1.0
0.0	0.0	0.0	1.0
0.0	55.0	0.0	0.0
