# Sizes (NFeatures, Nclasses, NodeCount, MaxDepth)
10	4	141	12
# Classes
0.0	1.0	2.0	3.0
# Feature Names
Nrows	Ncols	Nnnz	AvgNnnz	Density	MaxRowNnnz	MinRowNnnz	StdRowNnnz	NDiags	NTrueDiags
# Left
1	2	3	4	5	6	7	-1	9	10	-1	12	13	-1	-1	16	-1	-1	-1	-1	21	-1	23	24	25	-1	-1	-1	-1	30	-1	32	-1	-1	35	-1	37	-1	-1	40	41	42	-1	-1	-1	46	47	48	49	-1	51	52	-1	-1	-1	56	-1	-1	59	60	-1	-1	63	-1	-1	66	-1	68	-1	70	-1	-1	73	74	75	-1	77	78	-1	-1	-1	82	83	-1	85	-1	-1	88	-1	-1	91	92	93	94	-1	96	97	-1	-1	100	-1	102	103	-1	-1	106	107	108	-1	-1	-1	112	-1	114	-1	-1	117	118	-1	-1	121	-1	-1	124	125	126	127	-1	-1	-1	131	132	-1	-1	-1	136	-1	-1	139	-1	-1
# Right
72	39	34	29	20	19	8	-1	18	11	-1	15	14	-1	-1	17	-1	-1	-1	-1	22	-1	28	27	26	-1	-1	-1	-1	31	-1	33	-1	-1	36	-1	38	-1	-1	45	44	43	-1	-1	-1	65	58	55	50	-1	54	53	-1	-1	-1	57	-1	-1	62	61	-1	-1	64	-1	-1	67	-1	69	-1	71	-1	-1	90	81	76	-1	80	79	-1	-1	-1	87	84	-1	86	-1	-1	89	-1	-1	138	123	116	95	-1	99	98	-1	-1	101	-1	105	104	-1	-1	111	110	109	-1	-1	-1	113	-1	115	-1	-1	120	119	-1	-1	122	-1	-1	135	130	129	128	-1	-1	-1	134	133	-1	-1	-1	137	-1	-1	140	-1	-1
# Threshold
0.5	5.135599851608276	4.684309959411621	3.7355949878692627	0.0009025094914250076	39494850.0	5.5	-2.0	2.550575017929077	2.3474849462509155	-2.0	2.408874988555908	31.0	-2.0	-2.0	6374.5	-2.0	-2.0	-2.0	-2.0	84.0	-2.0	2.5	1.276194989681244	1.7247399687767029	-2.0	-2.0	-2.0	-2.0	30.479849815368652	-2.0	0.5	-2.0	-2.0	3.8951799869537354	-2.0	362.5	-2.0	-2.0	13187.0	650.0	255.5	-2.0	-2.0	-2.0	12.5	0.005890999920666218	55.05060005187988	575.5	-2.0	20.721099853515625	7.918509800219908e-05	-2.0	-2.0	-2.0	93.47135353088379	-2.0	-2.0	35.5	7.0	-2.0	-2.0	0.006905699847266078	-2.0	-2.0	1142.0	-2.0	535.3069915771484	-2.0	55295.0	-2.0	-2.0	2.704129934310913	8.5	2.115644931793213	-2.0	2.4710649251937866	0.5955950021743774	-2.0	-2.0	-2.0	8486.0	984.5	-2.0	2.4425700902938843	-2.0	-2.0	2469200.0	-2.0	-2.0	598.9020080566406	6.101264953613281	5.988430023193359	392.5	-2.0	5482.0	996.0	-2.0	-2.0	2.8657349348068237	-2.0	0.5	5.361209869384766	-2.0	-2.0	1.5	0.6386820077896118	3435.5	-2.0	-2.0	-2.0	655753.0	-2.0	4.226170062793244e-06	-2.0	-2.0	5.9998250007629395	1.0988594889640808	-2.0	-2.0	6.076905012130737	-2.0	-2.0	819395.0	22.5	1.5	220.5	-2.0	-2.0	-2.0	8.0	72.46969985961914	-2.0	-2.0	-2.0	906839.0	-2.0	-2.0	1392.1300048828125	-2.0	-2.0
# Feature
9	3	3	3	4	0	5	-2	3	3	-2	3	5	-2	-2	1	-2	-2	-2	-2	2	-2	6	7	3	-2	-2	-2	-2	7	-2	6	-2	-2	7	-2	5	-2	-2	2	0	1	-2	-2	-2	6	4	3	5	-2	7	4	-2	-2	-2	7	-2	-2	5	6	-2	-2	4	-2	-2	1	-2	7	-2	5	-2	-2	3	5	3	-2	3	7	-2	-2	-2	2	2	-2	3	-2	-2	8	-2	-2	3	3	3	8	-2	2	1	-2	-2	3	-2	6	7	-2	-2	9	7	8	-2	-2	-2	0	-2	4	-2	-2	3	7	-2	-2	3	-2	-2	8	6	9	8	-2	-2	-2	9	3	-2	-2	-2	8	-2	-2	7	-2	-2
# Values
122.0	1506.0	0.0	56.0
75.0	207.0	0.0	45.0
75.0	62.0	0.0	2.0
23.0	59.0	0.0	2.0
21.0	31.0	0.0	2.0
16.0	8.0	0.0	2.0
16.0	4.0	0.0	2.0
0.0	2.0	0.0	0.0
16.0	2.0	0.0	2.0
7.0	2.0	0.0	2.0
5.0	0.0	0.0	0.0
2.0	2.0	0.0	2.0
0.0	1.0	0.0	2.0
0.0	1.0	0.0	0.0
0.0	0.0	0.0	2.0
2.0	1.0	0.0	0.0
0.0	1.0	0.0	0.0
2.0	0.0	0.0	0.0
9.0	0.0	0.0	0.0
0.0	4.0	0.0	0.0
5.0	23.0	0.0	0.0
3.0	0.0	0.0	0.0
2.0	23.0	0.0	0.0
1.0	23.0	0.0	0.0
1.0	4.0	0.0	0.0
1.0	0.0	0.0	0.0
0.0	4.0	0.0	0.0
0.0	19.0	0.0	0.0
1.0	0.0	0.0	0.0
2.0	28.0	0.0	0.0
0.0	27.0	0.0	0.0
2.0	1.0	0.0	0.0
2.0	0.0	0.0	0.0
0.0	1.0	0.0	0.0
52.0	3.0	0.0	0.0
51.0	0.0	0.0	0.0
1.0	3.0	0.0	0.0
0.0	3.0	0.0	0.0
1.0	0.0	0.0	0.0
0.0	145.0	0.0	43.0
0.0	13.0	0.0	24.0
0.0	13.0	0.0	3.0
0.0	0.0	0.0	3.0
0.0	13.0	0.0	0.0
0.0	0.0	0.0	21.0
0.0	132.0	0.0	19.0
0.0	126.0	0.0	12.0
0.0	102.0	0.0	6.0
0.0	97.0	0.0	3.0
0.0	76.0	0.0	0.0
0.0	21.0	0.0	3.0
0.0	1.0	0.0	3.0
0.0	1.0	0.0	0.0
0.0	0.0	0.0	3.0
0.0	20.0	0.0	0.0
0.0	5.0	0.0	3.0
0.0	0.0	0.0	3.0
0.0	5.0	0.0	0.0
0.0	24.0	0.0	6.0
0.0	1.0	0.0	4.0
0.0	1.0	0.0	0.0
0.0	0.0	0.0	4.0
0.0	23.0	0.0	2.0
0.0	0.0	0.0	2.0
0.0	23.0	0.0	0.0
0.0	6.0	0.0	7.0
0.0	4.0	0.0	0.0
0.0	2.0	0.0	7.0
0.0	0.0	0.0	5.0
0.0	2.0	0.0	2.0
0.0	2.0	0.0	0.0
0.0	0.0	0.0	2.0
47.0	1299.0	0.0	11.0
28.0	16.0	0.0	1.0
22.0	5.0	0.0	0.0
12.0	0.0	0.0	0.0
10.0	5.0	0.0	0.0
1.0	5.0	0.0	0.0
0.0	3.0	0.0	0.0
1.0	2.0	0.0	0.0
9.0	0.0	0.0	0.0
6.0	11.0	0.0	1.0
6.0	3.0	0.0	0.0
0.0	2.0	0.0	0.0
6.0	1.0	0.0	0.0
6.0	0.0	0.0	0.0
0.0	1.0	0.0	0.0
0.0	8.0	0.0	1.0
0.0	8.0	0.0	0.0
0.0	0.0	0.0	1.0
19.0	1283.0	0.0	10.0
19.0	1282.0	0.0	7.0
19.0	337.0	0.0	2.0
12.0	317.0	0.0	1.0
0.0	190.0	0.0	0.0
12.0	127.0	0.0	1.0
5.0	2.0	0.0	0.0
0.0	2.0	0.0	0.0
5.0	0.0	0.0	0.0
7.0	125.0	0.0	1.0
2.0	0.0	0.0	0.0
5.0	125.0	0.0	1.0
2.0	4.0	0.0	0.0
2.0	0.0	0.0	0.0
0.0	4.0	0.0	0.0
3.0	121.0	0.0	1.0
3.0	11.0	0.0	0.0
3.0	2.0	0.0	0.0
3.0	0.0	0.0	0.0
0.0	2.0	0.0	0.0
0.0	9.0	0.0	0.0
0.0	110.0	0.0	1.0
0.0	96.0	0.0	0.0
0.0	14.0	0.0	1.0
0.0	14.0	0.0	0.0
0.0	0.0	0.0	1.0
7.0	20.0	0.0	1.0
7.0	5.0	0.0	0.0
0.0	5.0	0.0	0.0
7.0	0.0	0.0	0.0
0.0	15.0	0.0	1.0
0.0	15.0	0.0	0.0
0.0	0.0	0.0	1.0
0.0	945.0	0.0	5.0
0.0	933.0	0.0	3.0
0.0	881.0	0.0	1.0
0.0	56.0	0.0	1.0
0.0	0.0	0.0	1.0
0.0	56.0	0.0	0.0
0.0	825.0	0.0	0.0
0.0	52.0	0.0	2.0
0.0	2.0	0.0	2.0
0.0	2.0	0.0	0.0
0.0	0.0	0.0	2.0
0.0	50.0	0.0	0.0
0.0	12.0	0.0	2.0
0.0	0.0	0.0	2.0
0.0	12.0	0.0	0.0
0.0	1.0	0.0	3.0
0.0	0.0	0.0	3.0
0.0	1.0	0.0	0.0
