# Sizes (NFeatures, Nclasses, NodeCount, MaxDepth)
10	4	121	10
# Classes
0.0	1.0	2.0	3.0
# Feature Names
Nrows	Ncols	Nnnz	AvgNnnz	Density	MaxRowNnnz	MinRowNnnz	StdRowNnnz	NDiags	NTrueDiags
# Left
1	2	3	4	5	6	-1	-1	9	10	11	-1	-1	-1	15	-1	17	-1	-1	20	-1	22	23	-1	25	-1	-1	-1	29	-1	31	-1	33	34	35	-1	-1	-1	-1	40	41	-1	43	44	45	-1	47	-1	-1	50	51	-1	-1	-1	55	-1	-1	58	-1	60	61	-1	-1	64	65	-1	67	-1	69	70	-1	-1	-1	74	-1	76	-1	-1	79	80	81	-1	83	-1	-1	86	-1	88	89	-1	91	-1	-1	-1	95	96	97	98	99	-1	101	-1	-1	104	105	106	-1	108	-1	-1	-1	-1	113	-1	-1	-1	117	-1	119	-1	-1
# Right
78	39	28	19	8	7	-1	-1	14	13	12	-1	-1	-1	16	-1	18	-1	-1	21	-1	27	24	-1	26	-1	-1	-1	30	-1	32	-1	38	37	36	-1	-1	-1	-1	57	42	-1	54	49	46	-1	48	-1	-1	53	52	-1	-1	-1	56	-1	-1	59	-1	63	62	-1	-1	73	66	-1	68	-1	72	71	-1	-1	-1	75	-1	77	-1	-1	94	85	82	-1	84	-1	-1	87	-1	93	90	-1	92	-1	-1	-1	116	115	112	103	100	-1	102	-1	-1	111	110	107	-1	109	-1	-1	-1	-1	114	-1	-1	-1	118	-1	120	-1	-1
# Threshold
1.5	5.221819877624512	0.0007438804896082729	80205.0	7.0	1.8243249654769897	-2.0	-2.0	5.895884990692139	2.40961492061615	2.012685000896454	-2.0	-2.0	-2.0	0.00043824099702760577	-2.0	6415.5	-2.0	-2.0	1.8160800337791443	-2.0	4.8427650928497314	21259250.0	-2.0	21356400.0	-2.0	-2.0	-2.0	39.0	-2.0	124.0	-2.0	4.9497199058532715	1.33502995967865	1.8553699851036072	-2.0	-2.0	-2.0	-2.0	0.005890999920666218	220.5	-2.0	68.58749771118164	575.5	26.320000648498535	-2.0	26.33970069885254	-2.0	-2.0	23.109800338745117	89346.0	-2.0	-2.0	-2.0	225.0	-2.0	-2.0	2910.0	-2.0	24249.5	18.35295009613037	-2.0	-2.0	547.2035064697266	0.006905699847266078	-2.0	35.5	-2.0	1565.0	19.5	-2.0	-2.0	-2.0	47126.0	-2.0	0.009079480310902	-2.0	-2.0	2.8672900199890137	4111.0	1.5277800559997559	-2.0	0.6643050014972687	-2.0	-2.0	542.5	-2.0	2469200.0	5653.0	-2.0	10.5	-2.0	-2.0	-2.0	5.9998250007629395	5.999330043792725	5.986109972000122	0.5	42.0	-2.0	16935.0	-2.0	-2.0	3.654389977455139	3.598439931869507	15.5	-2.0	39891.5	-2.0	-2.0	-2.0	-2.0	12.0	-2.0	-2.0	-2.0	73.24015045166016	-2.0	73.53364944458008	-2.0	-2.0
# Feature
9	3	4	8	5	3	-2	-2	7	3	3	-2	-2	-2	4	-2	1	-2	-2	3	-2	3	0	-2	8	-2	-2	-2	8	-2	2	-2	3	7	3	-2	-2	-2	-2	4	8	-2	3	5	7	-2	7	-2	-2	7	0	-2	-2	-2	5	-2	-2	2	-2	2	7	-2	-2	3	4	-2	5	-2	8	6	-2	-2	-2	0	-2	4	-2	-2	3	2	3	-2	7	-2	-2	8	-2	8	8	-2	5	-2	-2	-2	3	3	3	6	5	-2	8	-2	-2	3	3	5	-2	2	-2	-2	-2	-2	5	-2	-2	-2	3	-2	3	-2	-2
# Values
120.0	1511.0	1.0	52.0
96.0	254.0	0.0	50.0
96.0	78.0	0.0	4.0
81.0	34.0	0.0	4.0
77.0	15.0	0.0	4.0
8.0	11.0	0.0	0.0
8.0	0.0	0.0	0.0
0.0	11.0	0.0	0.0
69.0	4.0	0.0	4.0
68.0	0.0	0.0	3.0
5.0	0.0	0.0	3.0
5.0	0.0	0.0	0.0
0.0	0.0	0.0	3.0
63.0	0.0	0.0	0.0
1.0	4.0	0.0	1.0
0.0	4.0	0.0	0.0
1.0	0.0	0.0	1.0
0.0	0.0	0.0	1.0
1.0	0.0	0.0	0.0
4.0	19.0	0.0	0.0
1.0	0.0	0.0	0.0
3.0	19.0	0.0	0.0
2.0	19.0	0.0	0.0
0.0	14.0	0.0	0.0
2.0	5.0	0.0	0.0
2.0	0.0	0.0	0.0
0.0	5.0	0.0	0.0
1.0	0.0	0.0	0.0
15.0	44.0	0.0	0.0
10.0	0.0	0.0	0.0
5.0	44.0	0.0	0.0
2.0	0.0	0.0	0.0
3.0	44.0	0.0	0.0
2.0	44.0	0.0	0.0
2.0	6.0	0.0	0.0
2.0	0.0	0.0	0.0
0.0	6.0	0.0	0.0
0.0	38.0	0.0	0.0
1.0	0.0	0.0	0.0
0.0	176.0	0.0	46.0
0.0	138.0	0.0	11.0
0.0	0.0	0.0	3.0
0.0	138.0	0.0	8.0
0.0	130.0	0.0	5.0
0.0	99.0	0.0	1.0
0.0	83.0	0.0	0.0
0.0	16.0	0.0	1.0
0.0	1.0	0.0	1.0
0.0	15.0	0.0	0.0
0.0	31.0	0.0	4.0
0.0	1.0	0.0	4.0
0.0	0.0	0.0	4.0
0.0	1.0	0.0	0.0
0.0	30.0	0.0	0.0
0.0	8.0	0.0	3.0
0.0	0.0	0.0	3.0
0.0	8.0	0.0	0.0
0.0	38.0	0.0	35.0
0.0	13.0	0.0	0.0
0.0	25.0	0.0	35.0
0.0	2.0	0.0	25.0
0.0	0.0	0.0	25.0
0.0	2.0	0.0	0.0
0.0	23.0	0.0	10.0
0.0	21.0	0.0	4.0
0.0	0.0	0.0	1.0
0.0	21.0	0.0	3.0
0.0	0.0	0.0	1.0
0.0	21.0	0.0	2.0
0.0	3.0	0.0	2.0
0.0	1.0	0.0	0.0
0.0	2.0	0.0	2.0
0.0	18.0	0.0	0.0
0.0	2.0	0.0	6.0
0.0	0.0	0.0	4.0
0.0	2.0	0.0	2.0
0.0	0.0	0.0	2.0
0.0	2.0	0.0	0.0
24.0	1257.0	1.0	2.0
11.0	10.0	1.0	1.0
8.0	1.0	1.0	0.0
0.0	0.0	1.0	0.0
8.0	1.0	0.0	0.0
7.0	0.0	0.0	0.0
1.0	1.0	0.0	0.0
3.0	9.0	0.0	1.0
0.0	7.0	0.0	0.0
3.0	2.0	0.0	1.0
3.0	2.0	0.0	0.0
2.0	0.0	0.0	0.0
1.0	2.0	0.0	0.0
0.0	2.0	0.0	0.0
1.0	0.0	0.0	0.0
0.0	0.0	0.0	1.0
13.0	1247.0	0.0	1.0
13.0	341.0	0.0	0.0
9.0	341.0	0.0	0.0
7.0	334.0	0.0	0.0
2.0	8.0	0.0	0.0
0.0	7.0	0.0	0.0
2.0	1.0	0.0	0.0
2.0	0.0	0.0	0.0
0.0	1.0	0.0	0.0
5.0	326.0	0.0	0.0
5.0	90.0	0.0	0.0
1.0	90.0	0.0	0.0
0.0	88.0	0.0	0.0
1.0	2.0	0.0	0.0
1.0	0.0	0.0	0.0
0.0	2.0	0.0	0.0
4.0	0.0	0.0	0.0
0.0	236.0	0.0	0.0
2.0	7.0	0.0	0.0
0.0	7.0	0.0	0.0
2.0	0.0	0.0	0.0
4.0	0.0	0.0	0.0
0.0	906.0	0.0	1.0
0.0	852.0	0.0	0.0
0.0	54.0	0.0	1.0
0.0	0.0	0.0	1.0
0.0	54.0	0.0	0.0
