# Sizes (NFeatures, Nclasses, NodeCount, MaxDepth)
10	6	337	24
# Classes
0.0	1.0	2.0	3.0	4.0	5.0
# Feature Names
Nrows	Ncols	Nnnz	AvgNnnz	Density	MaxRowNnnz	MinRowNnnz	StdRowNnnz	NDiags	NTrueDiags
# Left
1	2	3	4	5	-1	7	8	-1	10	-1	-1	13	-1	15	-1	-1	18	-1	20	-1	-1	23	24	25	-1	-1	-1	29	30	31	32	33	-1	35	-1	-1	38	-1	40	-1	42	43	-1	-1	-1	47	-1	49	50	-1	-1	-1	54	55	56	57	58	-1	60	-1	62	-1	64	-1	-1	67	-1	-1	70	71	72	-1	-1	-1	-1	77	-1	79	-1	-1	82	-1	84	-1	86	87	88	-1	90	91	-1	-1	94	95	96	-1	-1	-1	100	-1	102	-1	104	-1	106	107	108	-1	110	-1	112	113	-1	115	-1	-1	118	-1	-1	121	-1	-1	-1	125	126	-1	-1	-1	130	-1	-1	133	134	135	136	-1	-1	139	-1	141	-1	-1	144	145	-1	-1	-1	149	150	151	-1	153	-1	-1	-1	157	158	159	160	161	-1	163	164	-1	-1	-1	-1	169	170	-1	-1	-1	174	-1	176	-1	-1	179	180	181	-1	183	-1	-1	-1	-1	188	189	-1	191	192	193	-1	195	196	197	-1	-1	-1	201	-1	-1	204	205	-1	207	-1	209	-1	-1	212	-1	-1	215	216	-1	-1	219	-1	-1	222	223	224	225	226	-1	-1	229	-1	231	-1	-1	-1	235	236	237	238	239	-1	-1	-1	-1	-1	245	246	-1	248	-1	250	-1	-1	253	-1	-1	256	257	258	-1	-1	-1	262	263	-1	265	-1	-1	268	-1	-1	271	272	-1	274	275	276	277	278	-1	280	-1	282	-1	-1	-1	286	287	288	-1	-1	-1	292	293	294	-1	296	-1	-1	299	-1	-1	-1	-1	304	305	306	-1	-1	-1	310	-1	-1	313	314	315	316	-1	318	-1	-1	321	-1	-1	324	325	-1	327	-1	329	-1	-1	332	-1	-1	335	-1	-1
# Right
270	187	22	17	6	-1	12	9	-1	11	-1	-1	14	-1	16	-1	-1	19	-1	21	-1	-1	28	27	26	-1	-1	-1	132	53	46	37	34	-1	36	-1	-1	39	-1	41	-1	45	44	-1	-1	-1	48	-1	52	51	-1	-1	-1	81	76	69	66	59	-1	61	-1	63	-1	65	-1	-1	68	-1	-1	75	74	73	-1	-1	-1	-1	78	-1	80	-1	-1	83	-1	85	-1	129	124	89	-1	93	92	-1	-1	99	98	97	-1	-1	-1	101	-1	103	-1	105	-1	123	120	109	-1	111	-1	117	114	-1	116	-1	-1	119	-1	-1	122	-1	-1	-1	128	127	-1	-1	-1	131	-1	-1	148	143	138	137	-1	-1	140	-1	142	-1	-1	147	146	-1	-1	-1	156	155	152	-1	154	-1	-1	-1	178	173	168	167	162	-1	166	165	-1	-1	-1	-1	172	171	-1	-1	-1	175	-1	177	-1	-1	186	185	182	-1	184	-1	-1	-1	-1	221	190	-1	214	203	194	-1	200	199	198	-1	-1	-1	202	-1	-1	211	206	-1	208	-1	210	-1	-1	213	-1	-1	218	217	-1	-1	220	-1	-1	255	234	233	228	227	-1	-1	230	-1	232	-1	-1	-1	244	243	242	241	240	-1	-1	-1	-1	-1	252	247	-1	249	-1	251	-1	-1	254	-1	-1	261	260	259	-1	-1	-1	267	264	-1	266	-1	-1	269	-1	-1	312	273	-1	303	302	285	284	279	-1	281	-1	283	-1	-1	-1	291	290	289	-1	-1	-1	301	298	295	-1	297	-1	-1	300	-1	-1	-1	-1	309	308	307	-1	-1	-1	311	-1	-1	334	323	320	317	-1	319	-1	-1	322	-1	-1	331	326	-1	328	-1	330	-1	-1	333	-1	-1	336	-1	-1
# Threshold
1353.5	209.5	6.5	0.019906899891793728	3348.0	-2.0	6338.5	2.5	-2.0	980.5	-2.0	-2.0	0.0012316850188653916	-2.0	4.461850047111511	-2.0	-2.0	101.0	-2.0	0.4782015085220337	-2.0	-2.0	32.5	0.3302469998598099	1.0	-2.0	-2.0	-2.0	3.5	482.5	7.5954248905181885	258.5	0.07352465018630028	-2.0	4.577225208282471	-2.0	-2.0	267.5	-2.0	405.5	-2.0	24.5	454.5	-2.0	-2.0	-2.0	1628.0	-2.0	114.5	31.5	-2.0	-2.0	-2.0	7159.5	405941.5	7898.0	7402.0	1541.0	-2.0	1600.5	-2.0	0.003957269946113229	-2.0	43.0	-2.0	-2.0	49.0	-2.0	-2.0	24.163450241088867	3.5	6429.0	-2.0	-2.0	-2.0	-2.0	534382.0	-2.0	0.5	-2.0	-2.0	1.6353600025177002	-2.0	18961.0	-2.0	8367105.0	12.459499835968018	7163.0	-2.0	7214.0	3.0	-2.0	-2.0	20732.5	0.9214835166931152	0.0005412669852375984	-2.0	-2.0	-2.0	76542.5	-2.0	21295.0	-2.0	18777.5	-2.0	149755.5	118984.0	175258.5	-2.0	38213.0	-2.0	4.892035007476807	357756.5	-2.0	424912.5	-2.0	-2.0	3.253100037574768	-2.0	-2.0	2.356500029563904	-2.0	-2.0	-2.0	381650.5	23141.5	-2.0	-2.0	-2.0	0.5	-2.0	-2.0	18.0	0.010917544830590487	0.2926745116710663	5.0	-2.0	-2.0	0.6281780004501343	-2.0	0.6543595194816589	-2.0	-2.0	1.1757699847221375	0.02305305004119873	-2.0	-2.0	-2.0	4.213175058364868	451125.5	4.5	-2.0	1390.5	-2.0	-2.0	-2.0	54.484750747680664	152.5	5985.0	621.0	4318.5	-2.0	55.0	18.5	-2.0	-2.0	-2.0	-2.0	20.0	22918.0	-2.0	-2.0	-2.0	0.010494949761778116	-2.0	11.420529842376709	-2.0	-2.0	38.0	101361.5	2283405.0	-2.0	57.19885063171387	-2.0	-2.0	-2.0	-2.0	1.5	2548.5	-2.0	12.600900173187256	5.933125019073486	1.8536649346351624	-2.0	4.760095119476318	307.5	257.0	-2.0	-2.0	-2.0	5.163190126419067	-2.0	-2.0	1118.5	12.124899864196777	-2.0	12.024399757385254	-2.0	27.353099822998047	-2.0	-2.0	1179065.0	-2.0	-2.0	76.31850051879883	34.5	-2.0	-2.0	157.44200134277344	-2.0	-2.0	0.01893704943358898	4655.0	88.58839988708496	5.187015056610107	4.191874980926514	-2.0	-2.0	10.605100154876709	-2.0	11.033549785614014	-2.0	-2.0	-2.0	4.5	17.24965000152588	8.308169841766357	308073.5	7.1036999225616455	-2.0	-2.0	-2.0	-2.0	-2.0	281.6205062866211	6566.5	-2.0	568157.0	-2.0	1162229.5	-2.0	-2.0	11466150.0	-2.0	-2.0	0.02207494992762804	9280.0	597.0	-2.0	-2.0	-2.0	370.5	752.5	-2.0	46.29174995422363	-2.0	-2.0	0.1849130019545555	-2.0	-2.0	10.0	3362.5	-2.0	20.481249809265137	1.5	1.5	14165.5	6620.5	-2.0	50.98995018005371	-2.0	84341.5	-2.0	-2.0	-2.0	47954.5	3161.0	0.0005802689920528792	-2.0	-2.0	-2.0	79726.0	12.068749904632568	2044.0	-2.0	318424.5	-2.0	-2.0	3900910.0	-2.0	-2.0	-2.0	-2.0	2.5	3954035.0	2200.0	-2.0	-2.0	-2.0	106.97684860229492	-2.0	-2.0	12633.5	145536.0	1.5	12.264999866485596	-2.0	0.004344089888036251	-2.0	-2.0	22.0	-2.0	-2.0	22320200.0	103.38185119628906	-2.0	34733.0	-2.0	8627225.0	-2.0	-2.0	840193.0	-2.0	-2.0	2.5	-2.0	-2.0
# Feature
5	5	8	4	2	-2	2	5	-2	1	-2	-2	4	-2	3	-2	-2	1	-2	7	-2	-2	0	4	6	-2	-2	-2	9	0	7	1	4	-2	3	-2	-2	1	-2	0	-2	5	0	-2	-2	-2	2	-2	5	5	-2	-2	-2	8	2	2	2	8	-2	8	-2	4	-2	5	-2	-2	5	-2	-2	7	5	0	-2	-2	-2	-2	2	-2	6	-2	-2	3	-2	2	-2	1	7	8	-2	8	6	-2	-2	8	7	4	-2	-2	-2	2	-2	8	-2	1	-2	8	8	1	-2	8	-2	3	1	-2	0	-2	-2	7	-2	-2	7	-2	-2	-2	2	1	-2	-2	-2	6	-2	-2	8	4	7	5	-2	-2	7	-2	7	-2	-2	7	4	-2	-2	-2	3	2	9	-2	2	-2	-2	-2	3	5	2	8	2	-2	5	9	-2	-2	-2	-2	8	2	-2	-2	-2	4	-2	7	-2	-2	9	0	2	-2	3	-2	-2	-2	-2	9	8	-2	3	3	3	-2	3	5	5	-2	-2	-2	3	-2	-2	5	7	-2	3	-2	7	-2	-2	2	-2	-2	7	6	-2	-2	7	-2	-2	4	8	3	3	3	-2	-2	3	-2	3	-2	-2	-2	9	7	3	0	7	-2	-2	-2	-2	-2	7	0	-2	8	-2	8	-2	-2	2	-2	-2	4	0	8	-2	-2	-2	5	0	-2	7	-2	-2	4	-2	-2	9	0	-2	3	6	9	8	1	-2	7	-2	2	-2	-2	-2	8	5	4	-2	-2	-2	5	3	5	-2	2	-2	-2	8	-2	-2	-2	-2	6	8	5	-2	-2	-2	7	-2	-2	5	2	6	3	-2	4	-2	-2	9	-2	-2	2	7	-2	8	-2	2	-2	-2	0	-2	-2	6	-2	-2
# Values
210.0	1346.0	22.0	0.0	1.0	104.0
88.0	1275.0	22.0	0.0	1.0	87.0
33.0	1029.0	22.0	0.0	1.0	60.0
0.0	25.0	10.0	0.0	0.0	4.0
0.0	22.0	5.0	0.0	0.0	2.0
0.0	12.0	0.0	0.0	0.0	0.0
0.0	10.0	5.0	0.0	0.0	2.0
0.0	1.0	4.0	0.0	0.0	2.0
0.0	0.0	2.0	0.0	0.0	0.0
0.0	1.0	2.0	0.0	0.0	2.0
0.0	1.0	2.0	0.0	0.0	0.0
0.0	0.0	0.0	0.0	0.0	2.0
0.0	9.0	1.0	0.0	0.0	0.0
0.0	7.0	0.0	0.0	0.0	0.0
0.0	2.0	1.0	0.0	0.0	0.0
0.0	2.0	0.0	0.0	0.0	0.0
0.0	0.0	1.0	0.0	0.0	0.0
0.0	3.0	5.0	0.0	0.0	2.0
0.0	3.0	0.0	0.0	0.0	0.0
0.0	0.0	5.0	0.0	0.0	2.0
0.0	0.0	5.0	0.0	0.0	0.0
0.0	0.0	0.0	0.0	0.0	2.0
33.0	1004.0	12.0	0.0	1.0	56.0
0.0	3.0	4.0	0.0	0.0	0.0
0.0	1.0	4.0	0.0	0.0	0.0
0.0	1.0	0.0	0.0	0.0	0.0
0.0	0.0	4.0	0.0	0.0	0.0
0.0	2.0	0.0	0.0	0.0	0.0
33.0	1001.0	8.0	0.0	1.0	56.0
25.0	479.0	1.0	0.0	1.0	46.0
16.0	72.0	1.0	0.0	0.0	10.0
10.0	69.0	1.0	0.0	0.0	8.0
0.0	29.0	1.0	0.0	0.0	0.0
0.0	28.0	0.0	0.0	0.0	0.0
0.0	1.0	1.0	0.0	0.0	0.0
0.0	1.0	0.0	0.0	0.0	0.0
0.0	0.0	1.0	0.0	0.0	0.0
10.0	40.0	0.0	0.0	0.0	8.0
0.0	0.0	0.0	0.0	0.0	3.0
10.0	40.0	0.0	0.0	0.0	5.0
0.0	8.0	0.0	0.0	0.0	0.0
10.0	32.0	0.0	0.0	0.0	5.0
9.0	31.0	0.0	0.0	0.0	5.0
9.0	30.0	0.0	0.0	0.0	5.0
0.0	1.0	0.0	0.0	0.0	0.0
1.0	1.0	0.0	0.0	0.0	0.0
6.0	3.0	0.0	0.0	0.0	2.0
5.0	0.0	0.0	0.0	0.0	0.0
1.0	3.0	0.0	0.0	0.0	2.0
1.0	3.0	0.0	0.0	0.0	0.0
1.0	0.0	0.0	0.0	0.0	0.0
0.0	3.0	0.0	0.0	0.0	0.0
0.0	0.0	0.0	0.0	0.0	2.0
9.0	407.0	0.0	0.0	1.0	36.0
0.0	272.0	0.0	0.0	1.0	13.0
0.0	262.0	0.0	0.0	1.0	9.0
0.0	94.0	0.0	0.0	1.0	7.0
0.0	93.0	0.0	0.0	1.0	5.0
0.0	49.0	0.0	0.0	0.0	0.0
0.0	44.0	0.0	0.0	1.0	5.0
0.0	0.0	0.0	0.0	0.0	2.0
0.0	44.0	0.0	0.0	1.0	3.0
0.0	9.0	0.0	0.0	0.0	0.0
0.0	35.0	0.0	0.0	1.0	3.0
0.0	33.0	0.0	0.0	1.0	3.0
0.0	2.0	0.0	0.0	0.0	0.0
0.0	1.0	0.0	0.0	0.0	2.0
0.0	0.0	0.0	0.0	0.0	2.0
0.0	1.0	0.0	0.0	0.0	0.0
0.0	168.0	0.0	0.0	0.0	2.0
0.0	165.0	0.0	0.0	0.0	1.0
0.0	7.0	0.0	0.0	0.0	1.0
0.0	0.0	0.0	0.0	0.0	1.0
0.0	7.0	0.0	0.0	0.0	0.0
0.0	158.0	0.0	0.0	0.0	0.0
0.0	3.0	0.0	0.0	0.0	1.0
0.0	10.0	0.0	0.0	0.0	4.0
0.0	0.0	0.0	0.0	0.0	3.0
0.0	10.0	0.0	0.0	0.0	1.0
0.0	0.0	0.0	0.0	0.0	1.0
0.0	10.0	0.0	0.0	0.0	0.0
9.0	135.0	0.0	0.0	0.0	23.0
3.0	0.0	0.0	0.0	0.0	0.0
6.0	135.0	0.0	0.0	0.0	23.0
2.0	0.0	0.0	0.0	0.0	0.0
4.0	135.0	0.0	0.0	0.0	23.0
4.0	132.0	0.0	0.0	0.0	19.0
2.0	124.0	0.0	0.0	0.0	14.0
0.0	0.0	0.0	0.0	0.0	1.0
2.0	124.0	0.0	0.0	0.0	13.0
1.0	1.0	0.0	0.0	0.0	0.0
1.0	0.0	0.0	0.0	0.0	0.0
0.0	1.0	0.0	0.0	0.0	0.0
1.0	123.0	0.0	0.0	0.0	13.0
0.0	44.0	0.0	0.0	0.0	1.0
0.0	2.0	0.0	0.0	0.0	1.0
0.0	2.0	0.0	0.0	0.0	0.0
0.0	0.0	0.0	0.0	0.0	1.0
0.0	42.0	0.0	0.0	0.0	0.0
1.0	79.0	0.0	0.0	0.0	12.0
0.0	0.0	0.0	0.0	0.0	2.0
1.0	79.0	0.0	0.0	0.0	10.0
0.0	0.0	0.0	0.0	0.0	1.0
1.0	79.0	0.0	0.0	0.0	9.0
0.0	0.0	0.0	0.0	0.0	1.0
1.0	79.0	0.0	0.0	0.0	8.0
1.0	49.0	0.0	0.0	0.0	8.0
0.0	48.0	0.0	0.0	0.0	6.0
0.0	31.0	0.0	0.0	0.0	0.0
0.0	17.0	0.0	0.0	0.0	6.0
0.0	0.0	0.0	0.0	0.0	3.0
0.0	17.0	0.0	0.0	0.0	3.0
0.0	15.0	0.0	0.0	0.0	1.0
0.0	13.0	0.0	0.0	0.0	0.0
0.0	2.0	0.0	0.0	0.0	1.0
0.0	0.0	0.0	0.0	0.0	1.0
0.0	2.0	0.0	0.0	0.0	0.0
0.0	2.0	0.0	0.0	0.0	2.0
0.0	0.0	0.0	0.0	0.0	2.0
0.0	2.0	0.0	0.0	0.0	0.0
1.0	1.0	0.0	0.0	0.0	2.0
0.0	1.0	0.0	0.0	0.0	2.0
1.0	0.0	0.0	0.0	0.0	0.0
0.0	30.0	0.0	0.0	0.0	0.0
2.0	8.0	0.0	0.0	0.0	5.0
2.0	0.0	0.0	0.0	0.0	5.0
0.0	0.0	0.0	0.0	0.0	5.0
2.0	0.0	0.0	0.0	0.0	0.0
0.0	8.0	0.0	0.0	0.0	0.0
0.0	3.0	0.0	0.0	0.0	4.0
0.0	0.0	0.0	0.0	0.0	4.0
0.0	3.0	0.0	0.0	0.0	0.0
8.0	522.0	7.0	0.0	0.0	10.0
0.0	52.0	7.0	0.0	0.0	1.0
0.0	48.0	2.0	0.0	0.0	1.0
0.0	10.0	2.0	0.0	0.0	0.0
0.0	10.0	0.0	0.0	0.0	0.0
0.0	0.0	2.0	0.0	0.0	0.0
0.0	38.0	0.0	0.0	0.0	1.0
0.0	25.0	0.0	0.0	0.0	0.0
0.0	13.0	0.0	0.0	0.0	1.0
0.0	0.0	0.0	0.0	0.0	1.0
0.0	13.0	0.0	0.0	0.0	0.0
0.0	4.0	5.0	0.0	0.0	0.0
0.0	4.0	1.0	0.0	0.0	0.0
0.0	0.0	1.0	0.0	0.0	0.0
0.0	4.0	0.0	0.0	0.0	0.0
0.0	0.0	4.0	0.0	0.0	0.0
8.0	470.0	0.0	0.0	0.0	9.0
3.0	9.0	0.0	0.0	0.0	0.0
1.0	9.0	0.0	0.0	0.0	0.0
0.0	7.0	0.0	0.0	0.0	0.0
1.0	2.0	0.0	0.0	0.0	0.0
0.0	1.0	0.0	0.0	0.0	0.0
1.0	1.0	0.0	0.0	0.0	0.0
2.0	0.0	0.0	0.0	0.0	0.0
5.0	461.0	0.0	0.0	0.0	9.0
5.0	404.0	0.0	0.0	0.0	4.0
2.0	390.0	0.0	0.0	0.0	4.0
2.0	76.0	0.0	0.0	0.0	3.0
0.0	76.0	0.0	0.0	0.0	3.0
0.0	72.0	0.0	0.0	0.0	0.0
0.0	4.0	0.0	0.0	0.0	3.0
0.0	2.0	0.0	0.0	0.0	3.0
0.0	2.0	0.0	0.0	0.0	2.0
0.0	0.0	0.0	0.0	0.0	1.0
0.0	2.0	0.0	0.0	0.0	0.0
2.0	0.0	0.0	0.0	0.0	0.0
0.0	314.0	0.0	0.0	0.0	1.0
0.0	2.0	0.0	0.0	0.0	1.0
0.0	2.0	0.0	0.0	0.0	0.0
0.0	0.0	0.0	0.0	0.0	1.0
0.0	312.0	0.0	0.0	0.0	0.0
3.0	14.0	0.0	0.0	0.0	0.0
0.0	12.0	0.0	0.0	0.0	0.0
3.0	2.0	0.0	0.0	0.0	0.0
3.0	0.0	0.0	0.0	0.0	0.0
0.0	2.0	0.0	0.0	0.0	0.0
0.0	57.0	0.0	0.0	0.0	5.0
0.0	8.0	0.0	0.0	0.0	5.0
0.0	3.0	0.0	0.0	0.0	5.0
0.0	1.0	0.0	0.0	0.0	0.0
0.0	2.0	0.0	0.0	0.0	5.0
0.0	2.0	0.0	0.0	0.0	2.0
0.0	0.0	0.0	0.0	0.0	3.0
0.0	5.0	0.0	0.0	0.0	0.0
0.0	49.0	0.0	0.0	0.0	0.0
55.0	246.0	0.0	0.0	0.0	27.0
33.0	53.0	0.0	0.0	0.0	12.0
0.0	20.0	0.0	0.0	0.0	0.0
33.0	33.0	0.0	0.0	0.0	12.0
31.0	11.0	0.0	0.0	0.0	5.0
1.0	8.0	0.0	0.0	0.0	3.0
1.0	0.0	0.0	0.0	0.0	0.0
0.0	8.0	0.0	0.0	0.0	3.0
0.0	7.0	0.0	0.0	0.0	1.0
0.0	2.0	0.0	0.0	0.0	1.0
0.0	2.0	0.0	0.0	0.0	0.0
0.0	0.0	0.0	0.0	0.0	1.0
0.0	5.0	0.0	0.0	0.0	0.0
0.0	1.0	0.0	0.0	0.0	2.0
0.0	0.0	0.0	0.0	0.0	2.0
0.0	1.0	0.0	0.0	0.0	0.0
30.0	3.0	0.0	0.0	0.0	2.0
30.0	2.0	0.0	0.0	0.0	0.0
0.0	1.0	0.0	0.0	0.0	0.0
30.0	1.0	0.0	0.0	0.0	0.0
27.0	0.0	0.0	0.0	0.0	0.0
3.0	1.0	0.0	0.0	0.0	0.0
0.0	1.0	0.0	0.0	0.0	0.0
3.0	0.0	0.0	0.0	0.0	0.0
0.0	1.0	0.0	0.0	0.0	2.0
0.0	1.0	0.0	0.0	0.0	0.0
0.0	0.0	0.0	0.0	0.0	2.0
2.0	22.0	0.0	0.0	0.0	7.0
2.0	21.0	0.0	0.0	0.0	0.0
0.0	21.0	0.0	0.0	0.0	0.0
2.0	0.0	0.0	0.0	0.0	0.0
0.0	1.0	0.0	0.0	0.0	7.0
0.0	0.0	0.0	0.0	0.0	7.0
0.0	1.0	0.0	0.0	0.0	0.0
22.0	193.0	0.0	0.0	0.0	15.0
15.0	182.0	0.0	0.0	0.0	10.0
0.0	119.0	0.0	0.0	0.0	5.0
0.0	119.0	0.0	0.0	0.0	3.0
0.0	2.0	0.0	0.0	0.0	1.0
0.0	2.0	0.0	0.0	0.0	0.0
0.0	0.0	0.0	0.0	0.0	1.0
0.0	117.0	0.0	0.0	0.0	2.0
0.0	104.0	0.0	0.0	0.0	0.0
0.0	13.0	0.0	0.0	0.0	2.0
0.0	0.0	0.0	0.0	0.0	2.0
0.0	13.0	0.0	0.0	0.0	0.0
0.0	0.0	0.0	0.0	0.0	2.0
15.0	63.0	0.0	0.0	0.0	5.0
14.0	5.0	0.0	0.0	0.0	1.0
4.0	5.0	0.0	0.0	0.0	1.0
4.0	1.0	0.0	0.0	0.0	1.0
4.0	1.0	0.0	0.0	0.0	0.0
0.0	1.0	0.0	0.0	0.0	0.0
4.0	0.0	0.0	0.0	0.0	0.0
0.0	0.0	0.0	0.0	0.0	1.0
0.0	4.0	0.0	0.0	0.0	0.0
10.0	0.0	0.0	0.0	0.0	0.0
1.0	58.0	0.0	0.0	0.0	4.0
1.0	55.0	0.0	0.0	0.0	1.0
0.0	0.0	0.0	0.0	0.0	1.0
1.0	55.0	0.0	0.0	0.0	0.0
0.0	47.0	0.0	0.0	0.0	0.0
1.0	8.0	0.0	0.0	0.0	0.0
1.0	0.0	0.0	0.0	0.0	0.0
0.0	8.0	0.0	0.0	0.0	0.0
0.0	3.0	0.0	0.0	0.0	3.0
0.0	0.0	0.0	0.0	0.0	3.0
0.0	3.0	0.0	0.0	0.0	0.0
7.0	11.0	0.0	0.0	0.0	5.0
5.0	1.0	0.0	0.0	0.0	2.0
5.0	1.0	0.0	0.0	0.0	0.0
0.0	1.0	0.0	0.0	0.0	0.0
5.0	0.0	0.0	0.0	0.0	0.0
0.0	0.0	0.0	0.0	0.0	2.0
2.0	10.0	0.0	0.0	0.0	3.0
1.0	1.0	0.0	0.0	0.0	3.0
0.0	0.0	0.0	0.0	0.0	3.0
1.0	1.0	0.0	0.0	0.0	0.0
1.0	0.0	0.0	0.0	0.0	0.0
0.0	1.0	0.0	0.0	0.0	0.0
1.0	9.0	0.0	0.0	0.0	0.0
0.0	8.0	0.0	0.0	0.0	0.0
1.0	1.0	0.0	0.0	0.0	0.0
122.0	71.0	0.0	0.0	0.0	17.0
105.0	32.0	0.0	0.0	0.0	14.0
0.0	0.0	0.0	0.0	0.0	4.0
105.0	32.0	0.0	0.0	0.0	10.0
97.0	21.0	0.0	0.0	0.0	7.0
58.0	21.0	0.0	0.0	0.0	7.0
41.0	4.0	0.0	0.0	0.0	1.0
1.0	4.0	0.0	0.0	0.0	1.0
0.0	0.0	0.0	0.0	0.0	1.0
1.0	4.0	0.0	0.0	0.0	0.0
0.0	3.0	0.0	0.0	0.0	0.0
1.0	1.0	0.0	0.0	0.0	0.0
1.0	0.0	0.0	0.0	0.0	0.0
0.0	1.0	0.0	0.0	0.0	0.0
40.0	0.0	0.0	0.0	0.0	0.0
17.0	17.0	0.0	0.0	0.0	6.0
8.0	1.0	0.0	0.0	0.0	5.0
0.0	1.0	0.0	0.0	0.0	5.0
0.0	0.0	0.0	0.0	0.0	5.0
0.0	1.0	0.0	0.0	0.0	0.0
8.0	0.0	0.0	0.0	0.0	0.0
9.0	16.0	0.0	0.0	0.0	1.0
4.0	16.0	0.0	0.0	0.0	1.0
1.0	15.0	0.0	0.0	0.0	1.0
1.0	0.0	0.0	0.0	0.0	0.0
0.0	15.0	0.0	0.0	0.0	1.0
0.0	1.0	0.0	0.0	0.0	1.0
0.0	14.0	0.0	0.0	0.0	0.0
3.0	1.0	0.0	0.0	0.0	0.0
3.0	0.0	0.0	0.0	0.0	0.0
0.0	1.0	0.0	0.0	0.0	0.0
5.0	0.0	0.0	0.0	0.0	0.0
39.0	0.0	0.0	0.0	0.0	0.0
8.0	11.0	0.0	0.0	0.0	3.0
1.0	11.0	0.0	0.0	0.0	1.0
1.0	11.0	0.0	0.0	0.0	0.0
1.0	0.0	0.0	0.0	0.0	0.0
0.0	11.0	0.0	0.0	0.0	0.0
0.0	0.0	0.0	0.0	0.0	1.0
7.0	0.0	0.0	0.0	0.0	2.0
0.0	0.0	0.0	0.0	0.0	2.0
7.0	0.0	0.0	0.0	0.0	0.0
17.0	39.0	0.0	0.0	0.0	3.0
7.0	38.0	0.0	0.0	0.0	3.0
5.0	4.0	0.0	0.0	0.0	0.0
1.0	3.0	0.0	0.0	0.0	0.0
0.0	2.0	0.0	0.0	0.0	0.0
1.0	1.0	0.0	0.0	0.0	0.0
0.0	1.0	0.0	0.0	0.0	0.0
1.0	0.0	0.0	0.0	0.0	0.0
4.0	1.0	0.0	0.0	0.0	0.0
4.0	0.0	0.0	0.0	0.0	0.0
0.0	1.0	0.0	0.0	0.0	0.0
2.0	34.0	0.0	0.0	0.0	3.0
0.0	33.0	0.0	0.0	0.0	3.0
0.0	25.0	0.0	0.0	0.0	0.0
0.0	8.0	0.0	0.0	0.0	3.0
0.0	7.0	0.0	0.0	0.0	0.0
0.0	1.0	0.0	0.0	0.0	3.0
0.0	0.0	0.0	0.0	0.0	3.0
0.0	1.0	0.0	0.0	0.0	0.0
2.0	1.0	0.0	0.0	0.0	0.0
2.0	0.0	0.0	0.0	0.0	0.0
0.0	1.0	0.0	0.0	0.0	0.0
10.0	1.0	0.0	0.0	0.0	0.0
10.0	0.0	0.0	0.0	0.0	0.0
0.0	1.0	0.0	0.0	0.0	0.0
