# Sizes (NFeatures, Nclasses, NodeCount, MaxDepth)
10	6	337	16
# Classes
0.0	1.0	2.0	3.0	4.0	5.0
# Feature Names
Nrows	Ncols	Nnnz	AvgNnnz	Density	MaxRowNnnz	MinRowNnnz	StdRowNnnz	NDiags	NTrueDiags
# Left
1	2	3	4	5	6	7	-1	9	10	11	-1	13	-1	15	16	-1	-1	-1	20	21	-1	-1	-1	25	-1	27	-1	-1	30	-1	-1	33	34	35	36	-1	38	-1	-1	41	-1	-1	-1	45	46	47	-1	-1	-1	51	52	-1	54	55	-1	-1	58	-1	-1	-1	62	63	64	65	66	67	-1	-1	70	71	-1	-1	-1	75	76	-1	78	-1	80	-1	-1	-1	84	-1	-1	87	88	89	90	91	-1	93	-1	-1	96	-1	-1	99	100	-1	-1	-1	104	105	-1	-1	108	-1	110	-1	-1	113	114	115	116	-1	-1	-1	-1	121	-1	-1	124	-1	126	127	128	129	-1	-1	132	133	134	135	136	137	138	-1	-1	-1	142	-1	144	-1	-1	-1	-1	149	-1	151	152	153	-1	-1	-1	-1	-1	159	160	161	-1	-1	-1	165	-1	-1	-1	169	170	171	-1	173	-1	-1	-1	177	178	179	-1	181	182	183	184	-1	-1	187	188	189	190	-1	-1	-1	194	-1	-1	197	198	-1	-1	-1	202	-1	204	-1	-1	207	-1	-1	210	211	-1	-1	-1	215	216	217	-1	219	220	-1	-1	223	224	225	-1	-1	228	-1	-1	-1	232	233	-1	-1	236	-1	-1	239	-1	241	242	243	244	-1	-1	-1	248	-1	-1	-1	252	-1	254	-1	256	257	258	259	260	-1	262	-1	-1	-1	-1	267	-1	-1	270	-1	272	-1	-1	275	276	277	278	279	-1	281	-1	-1	284	285	286	287	288	-1	-1	-1	-1	293	294	-1	-1	-1	-1	299	-1	301	302	303	-1	-1	-1	-1	308	-1	310	311	-1	-1	314	-1	316	-1	-1	319	-1	321	322	323	324	325	-1	-1	-1	329	-1	-1	332	333	-1	-1	-1	-1
# Right
274	251	168	61	32	29	8	-1	24	19	12	-1	14	-1	18	17	-1	-1	-1	23	22	-1	-1	-1	26	-1	28	-1	-1	31	-1	-1	44	43	40	37	-1	39	-1	-1	42	-1	-1	-1	50	49	48	-1	-1	-1	60	53	-1	57	56	-1	-1	59	-1	-1	-1	123	86	83	74	69	68	-1	-1	73	72	-1	-1	-1	82	77	-1	79	-1	81	-1	-1	-1	85	-1	-1	112	103	98	95	92	-1	94	-1	-1	97	-1	-1	102	101	-1	-1	-1	107	106	-1	-1	109	-1	111	-1	-1	120	119	118	117	-1	-1	-1	-1	122	-1	-1	125	-1	167	158	131	130	-1	-1	157	148	147	146	141	140	139	-1	-1	-1	143	-1	145	-1	-1	-1	-1	150	-1	156	155	154	-1	-1	-1	-1	-1	164	163	162	-1	-1	-1	166	-1	-1	-1	176	175	172	-1	174	-1	-1	-1	214	209	180	-1	206	201	186	185	-1	-1	196	193	192	191	-1	-1	-1	195	-1	-1	200	199	-1	-1	-1	203	-1	205	-1	-1	208	-1	-1	213	212	-1	-1	-1	238	231	218	-1	222	221	-1	-1	230	227	226	-1	-1	229	-1	-1	-1	235	234	-1	-1	237	-1	-1	240	-1	250	247	246	245	-1	-1	-1	249	-1	-1	-1	253	-1	255	-1	269	266	265	264	261	-1	263	-1	-1	-1	-1	268	-1	-1	271	-1	273	-1	-1	318	307	298	283	280	-1	282	-1	-1	297	292	291	290	289	-1	-1	-1	-1	296	295	-1	-1	-1	-1	300	-1	306	305	304	-1	-1	-1	-1	309	-1	313	312	-1	-1	315	-1	317	-1	-1	320	-1	336	331	328	327	326	-1	-1	-1	330	-1	-1	335	334	-1	-1	-1	-1
# Threshold
1353.5	15.5	7.384245157241821	41.5	0.01799055002629757	7.408090114593506	0.0010913340374827385	-2.0	2932.0	6.5	0.05652819946408272	-2.0	4.5	-2.0	0.007745125098153949	2.5	-2.0	-2.0	-2.0	0.3924499899148941	0.36299699544906616	-2.0	-2.0	-2.0	13.0	-2.0	4056.0	-2.0	-2.0	0.5329589992761612	-2.0	-2.0	0.032929799519479275	5.169749975204468	2.5	173.5	-2.0	0.8627294898033142	-2.0	-2.0	4.736414909362793	-2.0	-2.0	-2.0	0.17031250149011612	1.5	0.5	-2.0	-2.0	-2.0	124.0	0.3018215000629425	-2.0	40.5	2.5	-2.0	-2.0	0.24845199286937714	-2.0	-2.0	-2.0	4.996520042419434	31.0	5.5	0.008337520062923431	0.00935632991604507	3.999994993209839	-2.0	-2.0	3.5	0.000457725502201356	-2.0	-2.0	-2.0	1248.0	2.5	-2.0	4.608635187149048	-2.0	59.5	-2.0	-2.0	-2.0	0.007647926834579266	-2.0	-2.0	4.016695022583008	835475.0	44.5	0.0006241970113478601	2.6973599195480347	-2.0	48804.5	-2.0	-2.0	0.003957269946113229	-2.0	-2.0	1.6353600025177002	21774.0	-2.0	-2.0	-2.0	240891.0	4.977089881896973	-2.0	-2.0	4.819545030593872	-2.0	60639.0	-2.0	-2.0	0.0008219149895012379	84.5	4.7986249923706055	70.0	-2.0	-2.0	-2.0	-2.0	836.0	-2.0	-2.0	1.1861930033774115e-06	-2.0	32.5	4.5	1828.5	1028.5	-2.0	-2.0	3.6269099712371826	3.1431350708007812	193958.0	25735.0	3.5	1.0033965408802032	9.5	-2.0	-2.0	-2.0	13.5	-2.0	6.5	-2.0	-2.0	-2.0	-2.0	2312.5	-2.0	3.59750497341156	8509.5	3.294089913368225	-2.0	-2.0	-2.0	-2.0	-2.0	5.954560041427612	6.7390899658203125	401.0	-2.0	-2.0	-2.0	6.05887508392334	-2.0	-2.0	-2.0	4.779264963872265e-05	1546585.0	9.995840072631836	-2.0	6.4792399406433105	-2.0	-2.0	-2.0	1.5	34.091800689697266	31.5	-2.0	51536.5	0.02510084956884384	2.514140009880066	8.676015377044678	-2.0	-2.0	20.091349601745605	34.29384994506836	4.685389995574951	4.655664920806885	-2.0	-2.0	-2.0	1148.0	-2.0	-2.0	26.192099571228027	22.07800006866455	-2.0	-2.0	-2.0	265.0	-2.0	668.5	-2.0	-2.0	15.012199401855469	-2.0	-2.0	8366.5	214.0	-2.0	-2.0	-2.0	15.965600490570068	4807.0	222.0	-2.0	190.5	1231.5	-2.0	-2.0	3.5	14.0	246.5	-2.0	-2.0	0.012547505204565823	-2.0	-2.0	-2.0	834.5	15.293650150299072	-2.0	-2.0	914.0	-2.0	-2.0	0.0010337460262235254	-2.0	31513.5	367.0	31.190699577331543	23478.5	-2.0	-2.0	-2.0	57.3703498840332	-2.0	-2.0	-2.0	10.5	-2.0	18.0	-2.0	0.08829214796423912	541479.0	20872.0	19666.5	0.0516082514077425	-2.0	323.0	-2.0	-2.0	-2.0	-2.0	23.0	-2.0	-2.0	0.09839274734258652	-2.0	125.27050018310547	-2.0	-2.0	8.0	1.5	0.00031207798747345805	1.5	14.920249938964844	-2.0	6335.0	-2.0	-2.0	101068.5	504410.5	50137.5	7.672449827194214	0.0002196929999627173	-2.0	-2.0	-2.0	-2.0	11.664400100708008	15.4628005027771	-2.0	-2.0	-2.0	-2.0	6484.5	-2.0	83504.0	13205.0	2657.0	-2.0	-2.0	-2.0	-2.0	2680.5	-2.0	15.958250045776367	3.0	-2.0	-2.0	2302970.0	-2.0	2.5	-2.0	-2.0	10.826849937438965	-2.0	403.9010009765625	11.0	559347.5	3351.0	3121.0	-2.0	-2.0	-2.0	38.5	-2.0	-2.0	62593.5	42287.0	-2.0	-2.0	-2.0	-2.0
# Feature
5	9	7	8	4	3	4	-2	1	8	7	-2	5	-2	4	6	-2	-2	-2	7	7	-2	-2	-2	8	-2	1	-2	-2	7	-2	-2	4	3	6	1	-2	7	-2	-2	3	-2	-2	-2	4	9	9	-2	-2	-2	2	4	-2	2	6	-2	-2	7	-2	-2	-2	3	5	9	4	7	3	-2	-2	5	4	-2	-2	-2	2	5	-2	3	-2	0	-2	-2	-2	4	-2	-2	7	2	5	4	7	-2	2	-2	-2	4	-2	-2	3	8	-2	-2	-2	0	3	-2	-2	3	-2	8	-2	-2	4	5	7	5	-2	-2	-2	-2	0	-2	-2	4	-2	6	9	2	2	-2	-2	7	7	2	8	9	7	5	-2	-2	-2	5	-2	6	-2	-2	-2	-2	8	-2	7	0	7	-2	-2	-2	-2	-2	7	3	8	-2	-2	-2	7	-2	-2	-2	4	8	7	-2	3	-2	-2	-2	6	3	5	-2	8	4	3	7	-2	-2	3	7	3	3	-2	-2	-2	5	-2	-2	7	3	-2	-2	-2	1	-2	0	-2	-2	3	-2	-2	8	5	-2	-2	-2	3	8	0	-2	5	8	-2	-2	6	9	5	-2	-2	4	-2	-2	-2	5	3	-2	-2	5	-2	-2	4	-2	0	5	3	2	-2	-2	-2	7	-2	-2	-2	5	-2	8	-2	4	8	2	2	4	-2	1	-2	-2	-2	-2	9	-2	-2	4	-2	7	-2	-2	9	6	4	9	3	-2	5	-2	-2	5	2	8	3	4	-2	-2	-2	-2	3	7	-2	-2	-2	-2	0	-2	2	8	5	-2	-2	-2	-2	1	-2	7	6	-2	-2	2	-2	6	-2	-2	3	-2	7	6	8	8	8	-2	-2	-2	9	-2	-2	1	0	-2	-2	-2	-2
# Values
193.0	1342.0	29.0	3.0	2.0	114.0
85.0	1268.0	29.0	3.0	2.0	100.0
80.0	941.0	27.0	3.0	2.0	96.0
22.0	696.0	27.0	3.0	2.0	62.0
2.0	99.0	25.0	3.0	0.0	5.0
2.0	76.0	9.0	0.0	0.0	3.0
0.0	75.0	9.0	0.0	0.0	3.0
0.0	39.0	0.0	0.0	0.0	0.0
0.0	36.0	9.0	0.0	0.0	3.0
0.0	35.0	6.0	0.0	0.0	2.0
0.0	13.0	6.0	0.0	0.0	1.0
0.0	10.0	0.0	0.0	0.0	0.0
0.0	3.0	6.0	0.0	0.0	1.0
0.0	0.0	0.0	0.0	0.0	1.0
0.0	3.0	6.0	0.0	0.0	0.0
0.0	2.0	6.0	0.0	0.0	0.0
0.0	0.0	3.0	0.0	0.0	0.0
0.0	2.0	3.0	0.0	0.0	0.0
0.0	1.0	0.0	0.0	0.0	0.0
0.0	22.0	0.0	0.0	0.0	1.0
0.0	2.0	0.0	0.0	0.0	1.0
0.0	2.0	0.0	0.0	0.0	0.0
0.0	0.0	0.0	0.0	0.0	1.0
0.0	20.0	0.0	0.0	0.0	0.0
0.0	1.0	3.0	0.0	0.0	1.0
0.0	0.0	3.0	0.0	0.0	0.0
0.0	1.0	0.0	0.0	0.0	1.0
0.0	1.0	0.0	0.0	0.0	0.0
0.0	0.0	0.0	0.0	0.0	1.0
2.0	1.0	0.0	0.0	0.0	0.0
2.0	0.0	0.0	0.0	0.0	0.0
0.0	1.0	0.0	0.0	0.0	0.0
0.0	23.0	16.0	3.0	0.0	2.0
0.0	3.0	9.0	0.0	0.0	2.0
0.0	1.0	9.0	0.0	0.0	2.0
0.0	1.0	8.0	0.0	0.0	0.0
0.0	0.0	6.0	0.0	0.0	0.0
0.0	1.0	2.0	0.0	0.0	0.0
0.0	1.0	0.0	0.0	0.0	0.0
0.0	0.0	2.0	0.0	0.0	0.0
0.0	0.0	1.0	0.0	0.0	2.0
0.0	0.0	0.0	0.0	0.0	2.0
0.0	0.0	1.0	0.0	0.0	0.0
0.0	2.0	0.0	0.0	0.0	0.0
0.0	20.0	7.0	3.0	0.0	0.0
0.0	14.0	1.0	0.0	0.0	0.0
0.0	1.0	1.0	0.0	0.0	0.0
0.0	1.0	0.0	0.0	0.0	0.0
0.0	0.0	1.0	0.0	0.0	0.0
0.0	13.0	0.0	0.0	0.0	0.0
0.0	6.0	6.0	3.0	0.0	0.0
0.0	6.0	2.0	3.0	0.0	0.0
0.0	0.0	0.0	2.0	0.0	0.0
0.0	6.0	2.0	1.0	0.0	0.0
0.0	1.0	2.0	0.0	0.0	0.0
0.0	1.0	0.0	0.0	0.0	0.0
0.0	0.0	2.0	0.0	0.0	0.0
0.0	5.0	0.0	1.0	0.0	0.0
0.0	0.0	0.0	1.0	0.0	0.0
0.0	5.0	0.0	0.0	0.0	0.0
0.0	0.0	4.0	0.0	0.0	0.0
20.0	597.0	2.0	0.0	2.0	57.0
14.0	267.0	2.0	0.0	2.0	45.0
8.0	182.0	2.0	0.0	0.0	14.0
7.0	182.0	2.0	0.0	0.0	12.0
0.0	131.0	0.0	0.0	0.0	5.0
0.0	7.0	0.0	0.0	0.0	4.0
0.0	0.0	0.0	0.0	0.0	4.0
0.0	7.0	0.0	0.0	0.0	0.0
0.0	124.0	0.0	0.0	0.0	1.0
0.0	9.0	0.0	0.0	0.0	1.0
0.0	9.0	0.0	0.0	0.0	0.0
0.0	0.0	0.0	0.0	0.0	1.0
0.0	115.0	0.0	0.0	0.0	0.0
7.0	51.0	2.0	0.0	0.0	7.0
0.0	21.0	2.0	0.0	0.0	0.0
0.0	0.0	1.0	0.0	0.0	0.0
0.0	21.0	1.0	0.0	0.0	0.0
0.0	19.0	0.0	0.0	0.0	0.0
0.0	2.0	1.0	0.0	0.0	0.0
0.0	2.0	0.0	0.0	0.0	0.0
0.0	0.0	1.0	0.0	0.0	0.0
7.0	30.0	0.0	0.0	0.0	7.0
1.0	0.0	0.0	0.0	0.0	2.0
1.0	0.0	0.0	0.0	0.0	0.0
0.0	0.0	0.0	0.0	0.0	2.0
6.0	85.0	0.0	0.0	2.0	31.0
2.0	77.0	0.0	0.0	2.0	24.0
2.0	63.0	0.0	0.0	2.0	12.0
0.0	28.0	0.0	0.0	2.0	12.0
0.0	2.0	0.0	0.0	0.0	6.0
0.0	1.0	0.0	0.0	0.0	0.0
0.0	1.0	0.0	0.0	0.0	6.0
0.0	1.0	0.0	0.0	0.0	2.0
0.0	0.0	0.0	0.0	0.0	4.0
0.0	26.0	0.0	0.0	2.0	6.0
0.0	3.0	0.0	0.0	0.0	0.0
0.0	23.0	0.0	0.0	2.0	6.0
2.0	35.0	0.0	0.0	0.0	0.0
2.0	1.0	0.0	0.0	0.0	0.0
0.0	1.0	0.0	0.0	0.0	0.0
2.0	0.0	0.0	0.0	0.0	0.0
0.0	34.0	0.0	0.0	0.0	0.0
0.0	14.0	0.0	0.0	0.0	12.0
0.0	1.0	0.0	0.0	0.0	8.0
0.0	0.0	0.0	0.0	0.0	8.0
0.0	1.0	0.0	0.0	0.0	0.0
0.0	13.0	0.0	0.0	0.0	4.0
0.0	9.0	0.0	0.0	0.0	0.0
0.0	4.0	0.0	0.0	0.0	4.0
0.0	0.0	0.0	0.0	0.0	4.0
0.0	4.0	0.0	0.0	0.0	0.0
4.0	8.0	0.0	0.0	0.0	7.0
4.0	7.0	0.0	0.0	0.0	2.0
4.0	2.0	0.0	0.0	0.0	2.0
0.0	2.0	0.0	0.0	0.0	2.0
0.0	2.0	0.0	0.0	0.0	0.0
0.0	0.0	0.0	0.0	0.0	2.0
4.0	0.0	0.0	0.0	0.0	0.0
0.0	5.0	0.0	0.0	0.0	0.0
0.0	1.0	0.0	0.0	0.0	5.0
0.0	1.0	0.0	0.0	0.0	0.0
0.0	0.0	0.0	0.0	0.0	5.0
6.0	330.0	0.0	0.0	0.0	12.0
0.0	0.0	0.0	0.0	0.0	1.0
6.0	330.0	0.0	0.0	0.0	11.0
5.0	328.0	0.0	0.0	0.0	11.0
1.0	172.0	0.0	0.0	0.0	11.0
0.0	2.0	0.0	0.0	0.0	2.0
0.0	2.0	0.0	0.0	0.0	0.0
0.0	0.0	0.0	0.0	0.0	2.0
1.0	170.0	0.0	0.0	0.0	9.0
1.0	89.0	0.0	0.0	0.0	9.0
1.0	80.0	0.0	0.0	0.0	4.0
1.0	32.0	0.0	0.0	0.0	4.0
1.0	32.0	0.0	0.0	0.0	2.0
1.0	28.0	0.0	0.0	0.0	0.0
1.0	9.0	0.0	0.0	0.0	0.0
0.0	7.0	0.0	0.0	0.0	0.0
1.0	2.0	0.0	0.0	0.0	0.0
0.0	19.0	0.0	0.0	0.0	0.0
0.0	4.0	0.0	0.0	0.0	2.0
0.0	3.0	0.0	0.0	0.0	0.0
0.0	1.0	0.0	0.0	0.0	2.0
0.0	0.0	0.0	0.0	0.0	2.0
0.0	1.0	0.0	0.0	0.0	0.0
0.0	0.0	0.0	0.0	0.0	2.0
0.0	48.0	0.0	0.0	0.0	0.0
0.0	9.0	0.0	0.0	0.0	5.0
0.0	0.0	0.0	0.0	0.0	3.0
0.0	9.0	0.0	0.0	0.0	2.0
0.0	9.0	0.0	0.0	0.0	1.0
0.0	1.0	0.0	0.0	0.0	1.0
0.0	0.0	0.0	0.0	0.0	1.0
0.0	1.0	0.0	0.0	0.0	0.0
0.0	8.0	0.0	0.0	0.0	0.0
0.0	0.0	0.0	0.0	0.0	1.0
0.0	81.0	0.0	0.0	0.0	0.0
4.0	156.0	0.0	0.0	0.0	0.0
2.0	143.0	0.0	0.0	0.0	0.0
2.0	22.0	0.0	0.0	0.0	0.0
0.0	22.0	0.0	0.0	0.0	0.0
2.0	0.0	0.0	0.0	0.0	0.0
0.0	121.0	0.0	0.0	0.0	0.0
2.0	13.0	0.0	0.0	0.0	0.0
2.0	0.0	0.0	0.0	0.0	0.0
0.0	13.0	0.0	0.0	0.0	0.0
1.0	2.0	0.0	0.0	0.0	0.0
58.0	245.0	0.0	0.0	0.0	34.0
10.0	4.0	0.0	0.0	0.0	4.0
10.0	0.0	0.0	0.0	0.0	4.0
9.0	0.0	0.0	0.0	0.0	0.0
1.0	0.0	0.0	0.0	0.0	4.0
1.0	0.0	0.0	0.0	0.0	0.0
0.0	0.0	0.0	0.0	0.0	4.0
0.0	4.0	0.0	0.0	0.0	0.0
48.0	241.0	0.0	0.0	0.0	30.0
8.0	147.0	0.0	0.0	0.0	13.0
8.0	141.0	0.0	0.0	0.0	5.0
2.0	0.0	0.0	0.0	0.0	0.0
6.0	141.0	0.0	0.0	0.0	5.0
3.0	136.0	0.0	0.0	0.0	5.0
2.0	128.0	0.0	0.0	0.0	3.0
1.0	1.0	0.0	0.0	0.0	0.0
1.0	0.0	0.0	0.0	0.0	0.0
0.0	1.0	0.0	0.0	0.0	0.0
1.0	127.0	0.0	0.0	0.0	3.0
1.0	111.0	0.0	0.0	0.0	1.0
0.0	107.0	0.0	0.0	0.0	1.0
0.0	8.0	0.0	0.0	0.0	1.0
0.0	8.0	0.0	0.0	0.0	0.0
0.0	0.0	0.0	0.0	0.0	1.0
0.0	99.0	0.0	0.0	0.0	0.0
1.0	4.0	0.0	0.0	0.0	0.0
0.0	4.0	0.0	0.0	0.0	0.0
1.0	0.0	0.0	0.0	0.0	0.0
0.0	16.0	0.0	0.0	0.0	2.0
0.0	1.0	0.0	0.0	0.0	2.0
0.0	0.0	0.0	0.0	0.0	2.0
0.0	1.0	0.0	0.0	0.0	0.0
0.0	15.0	0.0	0.0	0.0	0.0
1.0	8.0	0.0	0.0	0.0	2.0
0.0	8.0	0.0	0.0	0.0	0.0
1.0	0.0	0.0	0.0	0.0	2.0
0.0	0.0	0.0	0.0	0.0	2.0
1.0	0.0	0.0	0.0	0.0	0.0
3.0	5.0	0.0	0.0	0.0	0.0
3.0	0.0	0.0	0.0	0.0	0.0
0.0	5.0	0.0	0.0	0.0	0.0
0.0	6.0	0.0	0.0	0.0	8.0
0.0	1.0	0.0	0.0	0.0	8.0
0.0	1.0	0.0	0.0	0.0	0.0
0.0	0.0	0.0	0.0	0.0	8.0
0.0	5.0	0.0	0.0	0.0	0.0
40.0	94.0	0.0	0.0	0.0	17.0
39.0	38.0	0.0	0.0	0.0	1.0
17.0	34.0	0.0	0.0	0.0	1.0
6.0	0.0	0.0	0.0	0.0	0.0
11.0	34.0	0.0	0.0	0.0	1.0
1.0	25.0	0.0	0.0	0.0	0.0
1.0	0.0	0.0	0.0	0.0	0.0
0.0	25.0	0.0	0.0	0.0	0.0
10.0	9.0	0.0	0.0	0.0	1.0
2.0	9.0	0.0	0.0	0.0	1.0
1.0	9.0	0.0	0.0	0.0	0.0
1.0	0.0	0.0	0.0	0.0	0.0
0.0	9.0	0.0	0.0	0.0	0.0
1.0	0.0	0.0	0.0	0.0	1.0
0.0	0.0	0.0	0.0	0.0	1.0
1.0	0.0	0.0	0.0	0.0	0.0
8.0	0.0	0.0	0.0	0.0	0.0
22.0	4.0	0.0	0.0	0.0	0.0
19.0	1.0	0.0	0.0	0.0	0.0
19.0	0.0	0.0	0.0	0.0	0.0
0.0	1.0	0.0	0.0	0.0	0.0
3.0	3.0	0.0	0.0	0.0	0.0
0.0	3.0	0.0	0.0	0.0	0.0
3.0	0.0	0.0	0.0	0.0	0.0
1.0	56.0	0.0	0.0	0.0	16.0
0.0	38.0	0.0	0.0	0.0	0.0
1.0	18.0	0.0	0.0	0.0	16.0
1.0	18.0	0.0	0.0	0.0	7.0
0.0	18.0	0.0	0.0	0.0	4.0
0.0	4.0	0.0	0.0	0.0	4.0
0.0	4.0	0.0	0.0	0.0	0.0
0.0	0.0	0.0	0.0	0.0	4.0
0.0	14.0	0.0	0.0	0.0	0.0
1.0	0.0	0.0	0.0	0.0	3.0
1.0	0.0	0.0	0.0	0.0	0.0
0.0	0.0	0.0	0.0	0.0	3.0
0.0	0.0	0.0	0.0	0.0	9.0
5.0	327.0	2.0	0.0	0.0	4.0
0.0	0.0	2.0	0.0	0.0	0.0
5.0	327.0	0.0	0.0	0.0	4.0
0.0	0.0	0.0	0.0	0.0	2.0
5.0	327.0	0.0	0.0	0.0	2.0
4.0	319.0	0.0	0.0	0.0	0.0
3.0	316.0	0.0	0.0	0.0	0.0
3.0	41.0	0.0	0.0	0.0	0.0
1.0	41.0	0.0	0.0	0.0	0.0
0.0	33.0	0.0	0.0	0.0	0.0
1.0	8.0	0.0	0.0	0.0	0.0
0.0	8.0	0.0	0.0	0.0	0.0
1.0	0.0	0.0	0.0	0.0	0.0
2.0	0.0	0.0	0.0	0.0	0.0
0.0	275.0	0.0	0.0	0.0	0.0
1.0	3.0	0.0	0.0	0.0	0.0
1.0	0.0	0.0	0.0	0.0	0.0
0.0	3.0	0.0	0.0	0.0	0.0
1.0	8.0	0.0	0.0	0.0	2.0
0.0	0.0	0.0	0.0	0.0	2.0
1.0	8.0	0.0	0.0	0.0	0.0
0.0	7.0	0.0	0.0	0.0	0.0
1.0	1.0	0.0	0.0	0.0	0.0
108.0	74.0	0.0	0.0	0.0	14.0
95.0	27.0	0.0	0.0	0.0	11.0
48.0	26.0	0.0	0.0	0.0	7.0
45.0	12.0	0.0	0.0	0.0	5.0
34.0	0.0	0.0	0.0	0.0	3.0
30.0	0.0	0.0	0.0	0.0	0.0
4.0	0.0	0.0	0.0	0.0	3.0
0.0	0.0	0.0	0.0	0.0	3.0
4.0	0.0	0.0	0.0	0.0	0.0
11.0	12.0	0.0	0.0	0.0	2.0
6.0	12.0	0.0	0.0	0.0	2.0
3.0	0.0	0.0	0.0	0.0	2.0
2.0	0.0	0.0	0.0	0.0	2.0
2.0	0.0	0.0	0.0	0.0	1.0
1.0	0.0	0.0	0.0	0.0	1.0
1.0	0.0	0.0	0.0	0.0	0.0
0.0	0.0	0.0	0.0	0.0	1.0
1.0	0.0	0.0	0.0	0.0	0.0
3.0	12.0	0.0	0.0	0.0	0.0
1.0	12.0	0.0	0.0	0.0	0.0
1.0	0.0	0.0	0.0	0.0	0.0
0.0	12.0	0.0	0.0	0.0	0.0
2.0	0.0	0.0	0.0	0.0	0.0
5.0	0.0	0.0	0.0	0.0	0.0
3.0	14.0	0.0	0.0	0.0	2.0
0.0	0.0	0.0	0.0	0.0	2.0
3.0	14.0	0.0	0.0	0.0	0.0
3.0	3.0	0.0	0.0	0.0	0.0
1.0	3.0	0.0	0.0	0.0	0.0
0.0	3.0	0.0	0.0	0.0	0.0
1.0	0.0	0.0	0.0	0.0	0.0
2.0	0.0	0.0	0.0	0.0	0.0
0.0	11.0	0.0	0.0	0.0	0.0
47.0	1.0	0.0	0.0	0.0	4.0
0.0	0.0	0.0	0.0	0.0	2.0
47.0	1.0	0.0	0.0	0.0	2.0
2.0	0.0	0.0	0.0	0.0	2.0
2.0	0.0	0.0	0.0	0.0	0.0
0.0	0.0	0.0	0.0	0.0	2.0
45.0	1.0	0.0	0.0	0.0	0.0
35.0	0.0	0.0	0.0	0.0	0.0
10.0	1.0	0.0	0.0	0.0	0.0
0.0	1.0	0.0	0.0	0.0	0.0
10.0	0.0	0.0	0.0	0.0	0.0
13.0	47.0	0.0	0.0	0.0	3.0
7.0	0.0	0.0	0.0	0.0	0.0
6.0	47.0	0.0	0.0	0.0	3.0
2.0	47.0	0.0	0.0	0.0	3.0
2.0	38.0	0.0	0.0	0.0	0.0
1.0	37.0	0.0	0.0	0.0	0.0
1.0	2.0	0.0	0.0	0.0	0.0
0.0	2.0	0.0	0.0	0.0	0.0
1.0	0.0	0.0	0.0	0.0	0.0
0.0	35.0	0.0	0.0	0.0	0.0
1.0	1.0	0.0	0.0	0.0	0.0
0.0	1.0	0.0	0.0	0.0	0.0
1.0	0.0	0.0	0.0	0.0	0.0
0.0	9.0	0.0	0.0	0.0	3.0
0.0	1.0	0.0	0.0	0.0	3.0
0.0	1.0	0.0	0.0	0.0	0.0
0.0	0.0	0.0	0.0	0.0	3.0
0.0	8.0	0.0	0.0	0.0	0.0
4.0	0.0	0.0	0.0	0.0	0.0
