# Sizes (NFeatures, Nclasses, NodeCount, MaxDepth)
10	6	347	15
# Classes
0.0	1.0	2.0	3.0	4.0	5.0
# Feature Names
Nrows	Ncols	Nnnz	AvgNnnz	Density	MaxRowNnnz	MinRowNnnz	StdRowNnnz	NDiags	NTrueDiags
# Left
1	2	3	4	-1	6	-1	8	9	10	-1	-1	13	14	-1	-1	-1	18	-1	20	21	22	-1	-1	25	-1	-1	-1	29	-1	31	32	33	-1	-1	-1	37	38	-1	-1	41	42	-1	-1	45	-1	-1	48	49	50	51	52	53	54	-1	56	-1	58	-1	60	-1	-1	63	64	-1	-1	67	-1	-1	70	71	-1	-1	74	75	-1	-1	-1	79	80	-1	82	-1	-1	-1	86	87	88	89	-1	-1	92	93	-1	95	-1	-1	-1	-1	100	101	102	103	104	-1	106	-1	-1	-1	110	111	112	113	114	115	-1	-1	-1	119	-1	-1	122	-1	-1	-1	126	-1	-1	129	-1	131	132	133	134	-1	-1	137	-1	-1	140	-1	142	-1	-1	145	146	-1	-1	-1	150	-1	-1	153	154	155	156	-1	-1	-1	160	161	-1	-1	164	-1	-1	167	168	169	170	171	172	-1	174	-1	176	-1	178	-1	-1	181	-1	-1	184	-1	186	-1	188	-1	-1	191	192	193	-1	-1	-1	197	-1	199	-1	201	202	-1	204	-1	-1	-1	208	209	210	-1	-1	213	214	215	216	-1	-1	-1	-1	221	222	-1	224	-1	-1	227	-1	-1	-1	231	-1	-1	234	-1	236	237	-1	-1	240	241	242	-1	-1	-1	-1	247	248	-1	250	251	252	-1	-1	255	-1	257	-1	-1	260	-1	262	263	-1	-1	-1	267	268	269	270	271	272	-1	-1	-1	276	-1	278	-1	280	281	-1	283	-1	285	-1	-1	288	289	290	-1	-1	-1	-1	295	296	297	298	-1	-1	301	302	-1	-1	-1	306	307	-1	-1	-1	-1	312	313	-1	315	316	-1	-1	319	-1	321	-1	-1	324	-1	326	-1	-1	329	330	331	-1	-1	334	335	-1	337	-1	-1	340	-1	342	343	-1	-1	-1	-1
# Right
246	47	28	5	-1	7	-1	17	12	11	-1	-1	16	15	-1	-1	-1	19	-1	27	24	23	-1	-1	26	-1	-1	-1	30	-1	36	35	34	-1	-1	-1	40	39	-1	-1	44	43	-1	-1	46	-1	-1	233	152	85	78	69	62	55	-1	57	-1	59	-1	61	-1	-1	66	65	-1	-1	68	-1	-1	73	72	-1	-1	77	76	-1	-1	-1	84	81	-1	83	-1	-1	-1	99	98	91	90	-1	-1	97	94	-1	96	-1	-1	-1	-1	149	128	109	108	105	-1	107	-1	-1	-1	125	124	121	118	117	116	-1	-1	-1	120	-1	-1	123	-1	-1	-1	127	-1	-1	130	-1	144	139	136	135	-1	-1	138	-1	-1	141	-1	143	-1	-1	148	147	-1	-1	-1	151	-1	-1	166	159	158	157	-1	-1	-1	163	162	-1	-1	165	-1	-1	230	207	190	183	180	173	-1	175	-1	177	-1	179	-1	-1	182	-1	-1	185	-1	187	-1	189	-1	-1	196	195	194	-1	-1	-1	198	-1	200	-1	206	203	-1	205	-1	-1	-1	229	212	211	-1	-1	220	219	218	217	-1	-1	-1	-1	226	223	-1	225	-1	-1	228	-1	-1	-1	232	-1	-1	235	-1	239	238	-1	-1	245	244	243	-1	-1	-1	-1	266	249	-1	259	254	253	-1	-1	256	-1	258	-1	-1	261	-1	265	264	-1	-1	-1	328	311	294	275	274	273	-1	-1	-1	277	-1	279	-1	287	282	-1	284	-1	286	-1	-1	293	292	291	-1	-1	-1	-1	310	305	300	299	-1	-1	304	303	-1	-1	-1	309	308	-1	-1	-1	-1	323	314	-1	318	317	-1	-1	320	-1	322	-1	-1	325	-1	327	-1	-1	346	333	332	-1	-1	339	336	-1	338	-1	-1	341	-1	345	344	-1	-1	-1	-1
# Threshold
476.0	1578.0	42.0	2.477090001106262	-2.0	3.167615056037903	-2.0	5.5	0.019906899891793728	4.237405061721802	-2.0	-2.0	231.5	10.5	-2.0	-2.0	-2.0	6.5	-2.0	11.5	119.5	17.5	-2.0	-2.0	7.5	-2.0	-2.0	-2.0	2.5	-2.0	1040.5	61.5	57.5	-2.0	-2.0	-2.0	2.0	0.09961694665253162	-2.0	-2.0	15.5	216.0	-2.0	-2.0	1501.5	-2.0	-2.0	0.06886979937553406	3.5	7159.5	202.5	1.5	9.619979858398438	1242.0	-2.0	0.9161100089550018	-2.0	0.003957269946113229	-2.0	1795.0	-2.0	-2.0	7.1653101444244385	14.35539960861206	-2.0	-2.0	10.066699981689453	-2.0	-2.0	565.5	487.0	-2.0	-2.0	6310.5	6080.0	-2.0	-2.0	-2.0	3.0	1.5	-2.0	351.5	-2.0	-2.0	-2.0	73582.5	64524.0	7551.0	48736.0	-2.0	-2.0	0.5	14.5	-2.0	64.5	-2.0	-2.0	-2.0	-2.0	70.42060089111328	57291.0	2.8661450414801948e-05	101.5	17504.0	-2.0	2.061080038547516	-2.0	-2.0	-2.0	51482.0	36793.0	24648.0	22431.5	9238.5	8073.5	-2.0	-2.0	-2.0	20233.5	-2.0	-2.0	1.0	-2.0	-2.0	-2.0	32336.0	-2.0	-2.0	0.013795229839161038	-2.0	6.978440046310425	117811.0	130859.0	119103.0	-2.0	-2.0	1.0	-2.0	-2.0	39494850.0	-2.0	97197696.0	-2.0	-2.0	2.499189940863289e-05	6.851799964904785	-2.0	-2.0	-2.0	0.004655284981708974	-2.0	-2.0	7.5	0.0028877300210297108	0.2926745116710663	5.454999923706055	-2.0	-2.0	-2.0	980.5	4409.0	-2.0	-2.0	2.0	-2.0	-2.0	0.04949815012514591	165.5	7.953409910202026	7.613909959793091	10.0	1.3561000227928162	-2.0	1.3804450035095215	-2.0	197571.0	-2.0	0.5	-2.0	-2.0	3.5	-2.0	-2.0	9.5	-2.0	9.5	-2.0	1.7108099460601807	-2.0	-2.0	82.5	20330.5	9.580424785614014	-2.0	-2.0	-2.0	86.5	-2.0	3.431249976158142	-2.0	100.5	35070.0	-2.0	66.46284866333008	-2.0	-2.0	-2.0	360321.5	357.5	283.0	-2.0	-2.0	8.189690113067627	10226.0	1387.0	1318.0	-2.0	-2.0	-2.0	-2.0	76198.5	47233.5	-2.0	74953.5	-2.0	-2.0	14.0	-2.0	-2.0	-2.0	32.61320114135742	-2.0	-2.0	198.5	-2.0	266.5	0.07239935174584389	-2.0	-2.0	57.692399978637695	1193.0	0.073540098965168	-2.0	-2.0	-2.0	-2.0	3882.0	618.5	-2.0	34.29384994506836	1316.0	8484.0	-2.0	-2.0	10.49524974822998	-2.0	16.0	-2.0	-2.0	11.196449756622314	-2.0	35486.0	2615.0	-2.0	-2.0	-2.0	6.0	1.5	1.5	8.19603967666626	8.101615190505981	1989608.5	-2.0	-2.0	-2.0	1.2603450159076601e-05	-2.0	15.915299892425537	-2.0	0.00034943849459523335	175331.5	-2.0	1288.5	-2.0	8.409474849700928	-2.0	-2.0	19728.5	9912.0	964.0	-2.0	-2.0	-2.0	-2.0	167.97899627685547	2643.5	3.5	28666.0	-2.0	-2.0	15.8403000831604	5.86993020772934	-2.0	-2.0	-2.0	11.055959701538086	38109.5	-2.0	-2.0	-2.0	-2.0	3.5	10.571630001068115	-2.0	15.188899993896484	9466.0	-2.0	-2.0	2302970.0	-2.0	0.00404906109906733	-2.0	-2.0	5.4170849323272705	-2.0	97.65740203857422	-2.0	-2.0	12649.5	173170.5	0.0025084135704673827	-2.0	-2.0	217.71200561523438	97.04095077514648	-2.0	117.40449905395508	-2.0	-2.0	248.27450561523438	-2.0	809.0	12577.0	-2.0	-2.0	-2.0	-2.0
# Feature
5	2	8	3	-2	3	-2	5	4	3	-2	-2	0	8	-2	-2	-2	5	-2	5	2	8	-2	-2	5	-2	-2	-2	5	-2	2	8	8	-2	-2	-2	9	4	-2	-2	5	8	-2	-2	2	-2	-2	4	9	8	5	6	3	8	-2	7	-2	4	-2	8	-2	-2	7	3	-2	-2	3	-2	-2	1	1	-2	-2	2	2	-2	-2	-2	6	9	-2	5	-2	-2	-2	2	2	8	2	-2	-2	6	5	-2	5	-2	-2	-2	-2	3	8	4	5	8	-2	7	-2	-2	-2	8	0	1	8	8	8	-2	-2	-2	1	-2	-2	9	-2	-2	-2	0	-2	-2	7	-2	7	0	8	8	-2	-2	6	-2	-2	0	-2	1	-2	-2	4	3	-2	-2	-2	4	-2	-2	8	4	7	3	-2	-2	-2	0	2	-2	-2	6	-2	-2	4	5	3	3	9	7	-2	7	-2	0	-2	6	-2	-2	6	-2	-2	5	-2	9	-2	7	-2	-2	5	2	7	-2	-2	-2	5	-2	7	-2	5	2	-2	3	-2	-2	-2	8	0	1	-2	-2	7	8	0	0	-2	-2	-2	-2	8	0	-2	1	-2	-2	9	-2	-2	-2	3	-2	-2	1	-2	0	4	-2	-2	7	8	4	-2	-2	-2	-2	8	1	-2	7	0	2	-2	-2	3	-2	9	-2	-2	3	-2	2	1	-2	-2	-2	9	6	9	3	7	0	-2	-2	-2	4	-2	7	-2	4	1	-2	5	-2	3	-2	-2	8	8	5	-2	-2	-2	-2	7	5	9	0	-2	-2	7	7	-2	-2	-2	3	1	-2	-2	-2	-2	9	7	-2	7	1	-2	-2	2	-2	4	-2	-2	3	-2	7	-2	-2	5	2	4	-2	-2	7	7	-2	7	-2	-2	7	-2	5	8	-2	-2	-2	-2
# Values
209.0	1330.0	31.0	1.0	4.0	108.0
56.0	1138.0	31.0	1.0	1.0	87.0
14.0	112.0	27.0	1.0	0.0	9.0
0.0	38.0	22.0	1.0	0.0	3.0
0.0	16.0	0.0	0.0	0.0	0.0
0.0	22.0	22.0	1.0	0.0	3.0
0.0	0.0	9.0	0.0	0.0	0.0
0.0	22.0	13.0	1.0	0.0	3.0
0.0	3.0	7.0	0.0	0.0	3.0
0.0	3.0	1.0	0.0	0.0	0.0
0.0	3.0	0.0	0.0	0.0	0.0
0.0	0.0	1.0	0.0	0.0	0.0
0.0	0.0	6.0	0.0	0.0	3.0
0.0	0.0	2.0	0.0	0.0	3.0
0.0	0.0	0.0	0.0	0.0	3.0
0.0	0.0	2.0	0.0	0.0	0.0
0.0	0.0	4.0	0.0	0.0	0.0
0.0	19.0	6.0	1.0	0.0	0.0
0.0	11.0	0.0	0.0	0.0	0.0
0.0	8.0	6.0	1.0	0.0	0.0
0.0	3.0	6.0	1.0	0.0	0.0
0.0	2.0	0.0	1.0	0.0	0.0
0.0	0.0	0.0	1.0	0.0	0.0
0.0	2.0	0.0	0.0	0.0	0.0
0.0	1.0	6.0	0.0	0.0	0.0
0.0	1.0	0.0	0.0	0.0	0.0
0.0	0.0	6.0	0.0	0.0	0.0
0.0	5.0	0.0	0.0	0.0	0.0
14.0	74.0	5.0	0.0	0.0	6.0
0.0	0.0	3.0	0.0	0.0	0.0
14.0	74.0	2.0	0.0	0.0	6.0
0.0	42.0	2.0	0.0	0.0	0.0
0.0	10.0	2.0	0.0	0.0	0.0
0.0	10.0	0.0	0.0	0.0	0.0
0.0	0.0	2.0	0.0	0.0	0.0
0.0	32.0	0.0	0.0	0.0	0.0
14.0	32.0	0.0	0.0	0.0	6.0
4.0	1.0	0.0	0.0	0.0	0.0
3.0	1.0	0.0	0.0	0.0	0.0
1.0	0.0	0.0	0.0	0.0	0.0
10.0	31.0	0.0	0.0	0.0	6.0
10.0	30.0	0.0	0.0	0.0	4.0
0.0	2.0	0.0	0.0	0.0	0.0
10.0	28.0	0.0	0.0	0.0	4.0
0.0	1.0	0.0	0.0	0.0	2.0
0.0	0.0	0.0	0.0	0.0	2.0
0.0	1.0	0.0	0.0	0.0	0.0
42.0	1026.0	4.0	0.0	1.0	78.0
40.0	1011.0	3.0	0.0	1.0	69.0
27.0	459.0	0.0	0.0	1.0	52.0
13.0	297.0	0.0	0.0	1.0	16.0
2.0	273.0	0.0	0.0	1.0	16.0
1.0	122.0	0.0	0.0	1.0	15.0
1.0	112.0	0.0	0.0	1.0	7.0
0.0	55.0	0.0	0.0	0.0	0.0
1.0	57.0	0.0	0.0	1.0	7.0
0.0	0.0	0.0	0.0	0.0	1.0
1.0	57.0	0.0	0.0	1.0	6.0
0.0	29.0	0.0	0.0	0.0	0.0
1.0	28.0	0.0	0.0	1.0	6.0
1.0	26.0	0.0	0.0	1.0	6.0
0.0	2.0	0.0	0.0	0.0	0.0
0.0	10.0	0.0	0.0	0.0	8.0
0.0	1.0	0.0	0.0	0.0	7.0
0.0	0.0	0.0	0.0	0.0	7.0
0.0	1.0	0.0	0.0	0.0	0.0
0.0	9.0	0.0	0.0	0.0	1.0
0.0	0.0	0.0	0.0	0.0	1.0
0.0	9.0	0.0	0.0	0.0	0.0
1.0	151.0	0.0	0.0	0.0	1.0
0.0	8.0	0.0	0.0	0.0	1.0
0.0	8.0	0.0	0.0	0.0	0.0
0.0	0.0	0.0	0.0	0.0	1.0
1.0	143.0	0.0	0.0	0.0	0.0
1.0	14.0	0.0	0.0	0.0	0.0
0.0	14.0	0.0	0.0	0.0	0.0
1.0	0.0	0.0	0.0	0.0	0.0
0.0	129.0	0.0	0.0	0.0	0.0
11.0	24.0	0.0	0.0	0.0	0.0
4.0	24.0	0.0	0.0	0.0	0.0
0.0	19.0	0.0	0.0	0.0	0.0
4.0	5.0	0.0	0.0	0.0	0.0
4.0	0.0	0.0	0.0	0.0	0.0
0.0	5.0	0.0	0.0	0.0	0.0
7.0	0.0	0.0	0.0	0.0	0.0
14.0	162.0	0.0	0.0	0.0	36.0
2.0	18.0	0.0	0.0	0.0	14.0
2.0	18.0	0.0	0.0	0.0	6.0
1.0	0.0	0.0	0.0	0.0	3.0
1.0	0.0	0.0	0.0	0.0	0.0
0.0	0.0	0.0	0.0	0.0	3.0
1.0	18.0	0.0	0.0	0.0	3.0
1.0	5.0	0.0	0.0	0.0	3.0
0.0	1.0	0.0	0.0	0.0	3.0
1.0	4.0	0.0	0.0	0.0	0.0
0.0	4.0	0.0	0.0	0.0	0.0
1.0	0.0	0.0	0.0	0.0	0.0
0.0	13.0	0.0	0.0	0.0	0.0
0.0	0.0	0.0	0.0	0.0	8.0
12.0	144.0	0.0	0.0	0.0	22.0
11.0	144.0	0.0	0.0	0.0	21.0
3.0	62.0	0.0	0.0	0.0	17.0
1.0	5.0	0.0	0.0	0.0	9.0
1.0	1.0	0.0	0.0	0.0	9.0
0.0	1.0	0.0	0.0	0.0	0.0
1.0	0.0	0.0	0.0	0.0	9.0
1.0	0.0	0.0	0.0	0.0	0.0
0.0	0.0	0.0	0.0	0.0	9.0
0.0	4.0	0.0	0.0	0.0	0.0
2.0	57.0	0.0	0.0	0.0	8.0
0.0	56.0	0.0	0.0	0.0	8.0
0.0	32.0	0.0	0.0	0.0	8.0
0.0	31.0	0.0	0.0	0.0	3.0
0.0	25.0	0.0	0.0	0.0	1.0
0.0	4.0	0.0	0.0	0.0	1.0
0.0	4.0	0.0	0.0	0.0	0.0
0.0	0.0	0.0	0.0	0.0	1.0
0.0	21.0	0.0	0.0	0.0	0.0
0.0	6.0	0.0	0.0	0.0	2.0
0.0	0.0	0.0	0.0	0.0	2.0
0.0	6.0	0.0	0.0	0.0	0.0
0.0	1.0	0.0	0.0	0.0	5.0
0.0	0.0	0.0	0.0	0.0	5.0
0.0	1.0	0.0	0.0	0.0	0.0
0.0	24.0	0.0	0.0	0.0	0.0
2.0	1.0	0.0	0.0	0.0	0.0
0.0	1.0	0.0	0.0	0.0	0.0
2.0	0.0	0.0	0.0	0.0	0.0
8.0	82.0	0.0	0.0	0.0	4.0
0.0	0.0	0.0	0.0	0.0	1.0
8.0	82.0	0.0	0.0	0.0	3.0
6.0	75.0	0.0	0.0	0.0	1.0
4.0	11.0	0.0	0.0	0.0	1.0
0.0	10.0	0.0	0.0	0.0	1.0
0.0	9.0	0.0	0.0	0.0	0.0
0.0	1.0	0.0	0.0	0.0	1.0
4.0	1.0	0.0	0.0	0.0	0.0
0.0	1.0	0.0	0.0	0.0	0.0
4.0	0.0	0.0	0.0	0.0	0.0
2.0	64.0	0.0	0.0	0.0	0.0
0.0	61.0	0.0	0.0	0.0	0.0
2.0	3.0	0.0	0.0	0.0	0.0
2.0	0.0	0.0	0.0	0.0	0.0
0.0	3.0	0.0	0.0	0.0	0.0
2.0	7.0	0.0	0.0	0.0	2.0
2.0	0.0	0.0	0.0	0.0	2.0
0.0	0.0	0.0	0.0	0.0	2.0
2.0	0.0	0.0	0.0	0.0	0.0
0.0	7.0	0.0	0.0	0.0	0.0
1.0	0.0	0.0	0.0	0.0	1.0
0.0	0.0	0.0	0.0	0.0	1.0
1.0	0.0	0.0	0.0	0.0	0.0
13.0	552.0	3.0	0.0	0.0	17.0
0.0	25.0	3.0	0.0	0.0	7.0
0.0	17.0	1.0	0.0	0.0	0.0
0.0	4.0	1.0	0.0	0.0	0.0
0.0	4.0	0.0	0.0	0.0	0.0
0.0	0.0	1.0	0.0	0.0	0.0
0.0	13.0	0.0	0.0	0.0	0.0
0.0	8.0	2.0	0.0	0.0	7.0
0.0	5.0	2.0	0.0	0.0	0.0
0.0	3.0	0.0	0.0	0.0	0.0
0.0	2.0	2.0	0.0	0.0	0.0
0.0	3.0	0.0	0.0	0.0	7.0
0.0	3.0	0.0	0.0	0.0	0.0
0.0	0.0	0.0	0.0	0.0	7.0
13.0	527.0	0.0	0.0	0.0	10.0
12.0	526.0	0.0	0.0	0.0	10.0
7.0	459.0	0.0	0.0	0.0	6.0
6.0	124.0	0.0	0.0	0.0	2.0
3.0	116.0	0.0	0.0	0.0	1.0
1.0	108.0	0.0	0.0	0.0	1.0
0.0	81.0	0.0	0.0	0.0	0.0
1.0	27.0	0.0	0.0	0.0	1.0
0.0	0.0	0.0	0.0	0.0	1.0
1.0	27.0	0.0	0.0	0.0	0.0
0.0	26.0	0.0	0.0	0.0	0.0
1.0	1.0	0.0	0.0	0.0	0.0
0.0	1.0	0.0	0.0	0.0	0.0
1.0	0.0	0.0	0.0	0.0	0.0
2.0	8.0	0.0	0.0	0.0	0.0
0.0	8.0	0.0	0.0	0.0	0.0
2.0	0.0	0.0	0.0	0.0	0.0
3.0	8.0	0.0	0.0	0.0	1.0
2.0	0.0	0.0	0.0	0.0	0.0
1.0	8.0	0.0	0.0	0.0	1.0
0.0	2.0	0.0	0.0	0.0	1.0
1.0	6.0	0.0	0.0	0.0	0.0
0.0	2.0	0.0	0.0	0.0	0.0
1.0	4.0	0.0	0.0	0.0	0.0
1.0	335.0	0.0	0.0	0.0	4.0
0.0	262.0	0.0	0.0	0.0	1.0
0.0	38.0	0.0	0.0	0.0	1.0
0.0	38.0	0.0	0.0	0.0	0.0
0.0	0.0	0.0	0.0	0.0	1.0
0.0	224.0	0.0	0.0	0.0	0.0
1.0	73.0	0.0	0.0	0.0	3.0
0.0	0.0	0.0	0.0	0.0	1.0
1.0	73.0	0.0	0.0	0.0	2.0
0.0	0.0	0.0	0.0	0.0	1.0
1.0	73.0	0.0	0.0	0.0	1.0
1.0	16.0	0.0	0.0	0.0	1.0
1.0	0.0	0.0	0.0	0.0	0.0
0.0	16.0	0.0	0.0	0.0	1.0
0.0	16.0	0.0	0.0	0.0	0.0
0.0	0.0	0.0	0.0	0.0	1.0
0.0	57.0	0.0	0.0	0.0	0.0
5.0	67.0	0.0	0.0	0.0	4.0
3.0	67.0	0.0	0.0	0.0	4.0
0.0	1.0	0.0	0.0	0.0	2.0
0.0	1.0	0.0	0.0	0.0	0.0
0.0	0.0	0.0	0.0	0.0	2.0
3.0	66.0	0.0	0.0	0.0	2.0
3.0	4.0	0.0	0.0	0.0	0.0
3.0	1.0	0.0	0.0	0.0	0.0
1.0	1.0	0.0	0.0	0.0	0.0
1.0	0.0	0.0	0.0	0.0	0.0
0.0	1.0	0.0	0.0	0.0	0.0
2.0	0.0	0.0	0.0	0.0	0.0
0.0	3.0	0.0	0.0	0.0	0.0
0.0	62.0	0.0	0.0	0.0	2.0
0.0	59.0	0.0	0.0	0.0	1.0
0.0	46.0	0.0	0.0	0.0	0.0
0.0	13.0	0.0	0.0	0.0	1.0
0.0	1.0	0.0	0.0	0.0	1.0
0.0	12.0	0.0	0.0	0.0	0.0
0.0	3.0	0.0	0.0	0.0	1.0
0.0	0.0	0.0	0.0	0.0	1.0
0.0	3.0	0.0	0.0	0.0	0.0
2.0	0.0	0.0	0.0	0.0	0.0
1.0	1.0	0.0	0.0	0.0	0.0
1.0	0.0	0.0	0.0	0.0	0.0
0.0	1.0	0.0	0.0	0.0	0.0
2.0	15.0	1.0	0.0	0.0	9.0
0.0	11.0	0.0	0.0	0.0	0.0
2.0	4.0	1.0	0.0	0.0	9.0
0.0	0.0	1.0	0.0	0.0	7.0
0.0	0.0	1.0	0.0	0.0	0.0
0.0	0.0	0.0	0.0	0.0	7.0
2.0	4.0	0.0	0.0	0.0	2.0
2.0	4.0	0.0	0.0	0.0	0.0
1.0	4.0	0.0	0.0	0.0	0.0
0.0	2.0	0.0	0.0	0.0	0.0
1.0	2.0	0.0	0.0	0.0	0.0
1.0	0.0	0.0	0.0	0.0	0.0
0.0	0.0	0.0	0.0	0.0	2.0
153.0	192.0	0.0	0.0	3.0	21.0
13.0	85.0	0.0	0.0	0.0	5.0
8.0	0.0	0.0	0.0	0.0	0.0
5.0	85.0	0.0	0.0	0.0	5.0
0.0	79.0	0.0	0.0	0.0	5.0
0.0	1.0	0.0	0.0	0.0	2.0
0.0	1.0	0.0	0.0	0.0	0.0
0.0	0.0	0.0	0.0	0.0	2.0
0.0	78.0	0.0	0.0	0.0	3.0
0.0	69.0	0.0	0.0	0.0	0.0
0.0	9.0	0.0	0.0	0.0	3.0
0.0	0.0	0.0	0.0	0.0	3.0
0.0	9.0	0.0	0.0	0.0	0.0
5.0	6.0	0.0	0.0	0.0	0.0
4.0	0.0	0.0	0.0	0.0	0.0
1.0	6.0	0.0	0.0	0.0	0.0
1.0	2.0	0.0	0.0	0.0	0.0
0.0	2.0	0.0	0.0	0.0	0.0
1.0	0.0	0.0	0.0	0.0	0.0
0.0	4.0	0.0	0.0	0.0	0.0
140.0	107.0	0.0	0.0	3.0	16.0
132.0	53.0	0.0	0.0	0.0	12.0
71.0	48.0	0.0	0.0	0.0	9.0
56.0	20.0	0.0	0.0	0.0	6.0
42.0	1.0	0.0	0.0	0.0	1.0
0.0	1.0	0.0	0.0	0.0	1.0
0.0	0.0	0.0	0.0	0.0	1.0
0.0	1.0	0.0	0.0	0.0	0.0
42.0	0.0	0.0	0.0	0.0	0.0
14.0	19.0	0.0	0.0	0.0	5.0
8.0	0.0	0.0	0.0	0.0	0.0
6.0	19.0	0.0	0.0	0.0	5.0
0.0	0.0	0.0	0.0	0.0	2.0
6.0	19.0	0.0	0.0	0.0	3.0
4.0	3.0	0.0	0.0	0.0	2.0
4.0	0.0	0.0	0.0	0.0	0.0
0.0	3.0	0.0	0.0	0.0	2.0
0.0	2.0	0.0	0.0	0.0	0.0
0.0	1.0	0.0	0.0	0.0	2.0
0.0	1.0	0.0	0.0	0.0	0.0
0.0	0.0	0.0	0.0	0.0	2.0
2.0	16.0	0.0	0.0	0.0	1.0
2.0	6.0	0.0	0.0	0.0	1.0
0.0	6.0	0.0	0.0	0.0	1.0
0.0	0.0	0.0	0.0	0.0	1.0
0.0	6.0	0.0	0.0	0.0	0.0
2.0	0.0	0.0	0.0	0.0	0.0
0.0	10.0	0.0	0.0	0.0	0.0
15.0	28.0	0.0	0.0	0.0	3.0
8.0	28.0	0.0	0.0	0.0	3.0
6.0	5.0	0.0	0.0	0.0	2.0
4.0	0.0	0.0	0.0	0.0	2.0
0.0	0.0	0.0	0.0	0.0	2.0
4.0	0.0	0.0	0.0	0.0	0.0
2.0	5.0	0.0	0.0	0.0	0.0
2.0	1.0	0.0	0.0	0.0	0.0
0.0	1.0	0.0	0.0	0.0	0.0
2.0	0.0	0.0	0.0	0.0	0.0
0.0	4.0	0.0	0.0	0.0	0.0
2.0	23.0	0.0	0.0	0.0	1.0
0.0	23.0	0.0	0.0	0.0	1.0
0.0	1.0	0.0	0.0	0.0	1.0
0.0	22.0	0.0	0.0	0.0	0.0
2.0	0.0	0.0	0.0	0.0	0.0
7.0	0.0	0.0	0.0	0.0	0.0
61.0	5.0	0.0	0.0	0.0	3.0
59.0	3.0	0.0	0.0	0.0	0.0
0.0	1.0	0.0	0.0	0.0	0.0
59.0	2.0	0.0	0.0	0.0	0.0
4.0	1.0	0.0	0.0	0.0	0.0
0.0	1.0	0.0	0.0	0.0	0.0
4.0	0.0	0.0	0.0	0.0	0.0
55.0	1.0	0.0	0.0	0.0	0.0
50.0	0.0	0.0	0.0	0.0	0.0
5.0	1.0	0.0	0.0	0.0	0.0
0.0	1.0	0.0	0.0	0.0	0.0
5.0	0.0	0.0	0.0	0.0	0.0
2.0	2.0	0.0	0.0	0.0	3.0
0.0	2.0	0.0	0.0	0.0	0.0
2.0	0.0	0.0	0.0	0.0	3.0
0.0	0.0	0.0	0.0	0.0	3.0
2.0	0.0	0.0	0.0	0.0	0.0
8.0	54.0	0.0	0.0	3.0	4.0
3.0	54.0	0.0	0.0	3.0	4.0
3.0	0.0	0.0	0.0	0.0	1.0
3.0	0.0	0.0	0.0	0.0	0.0
0.0	0.0	0.0	0.0	0.0	1.0
0.0	54.0	0.0	0.0	3.0	3.0
0.0	42.0	0.0	0.0	0.0	1.0
0.0	35.0	0.0	0.0	0.0	0.0
0.0	7.0	0.0	0.0	0.0	1.0
0.0	0.0	0.0	0.0	0.0	1.0
0.0	7.0	0.0	0.0	0.0	0.0
0.0	12.0	0.0	0.0	3.0	2.0
0.0	0.0	0.0	0.0	3.0	0.0
0.0	12.0	0.0	0.0	0.0	2.0
0.0	1.0	0.0	0.0	0.0	2.0
0.0	1.0	0.0	0.0	0.0	0.0
0.0	0.0	0.0	0.0	0.0	2.0
0.0	11.0	0.0	0.0	0.0	0.0
5.0	0.0	0.0	0.0	0.0	0.0
