# Sizes (NFeatures, Nclasses, NodeCount, MaxDepth)
10	6	367	21
# Classes
0.0	1.0	2.0	3.0	4.0	5.0
# Feature Names
Nrows	Ncols	Nnnz	AvgNnnz	Density	MaxRowNnnz	MinRowNnnz	StdRowNnnz	NDiags	NTrueDiags
# Left
1	2	3	4	5	6	-1	-1	-1	10	11	-1	13	14	-1	-1	-1	18	-1	20	-1	22	23	-1	-1	-1	27	28	29	30	31	32	33	34	-1	-1	37	-1	39	-1	-1	42	43	-1	-1	46	-1	48	-1	50	-1	-1	53	54	-1	-1	57	58	-1	-1	-1	-1	63	64	65	66	-1	-1	-1	70	71	72	-1	74	-1	-1	77	78	-1	80	-1	-1	83	84	-1	-1	-1	-1	89	-1	91	92	-1	-1	-1	96	97	-1	-1	100	-1	102	103	104	-1	-1	107	-1	-1	-1	111	112	113	114	-1	116	117	118	119	-1	-1	122	123	124	-1	126	127	-1	-1	130	131	132	-1	-1	-1	-1	137	-1	-1	140	-1	142	143	-1	-1	-1	-1	148	-1	-1	151	-1	-1	154	-1	-1	157	158	159	160	161	162	163	164	-1	166	167	168	-1	-1	171	172	173	-1	-1	176	-1	178	-1	-1	-1	182	-1	-1	185	186	-1	-1	189	-1	191	192	193	194	-1	-1	-1	198	199	-1	-1	202	203	-1	205	-1	-1	208	-1	210	-1	212	-1	-1	215	-1	-1	218	-1	-1	-1	-1	223	224	225	-1	227	228	-1	-1	-1	-1	233	-1	-1	236	-1	238	-1	-1	-1	242	243	244	-1	-1	247	248	-1	250	251	252	253	-1	-1	-1	-1	258	-1	-1	261	-1	-1	264	265	-1	-1	268	269	270	271	272	-1	-1	-1	-1	277	278	279	280	-1	-1	-1	284	285	286	-1	288	-1	-1	291	-1	293	294	295	-1	297	-1	-1	300	-1	-1	303	-1	-1	-1	-1	-1	309	310	311	312	313	314	-1	-1	317	318	-1	-1	321	322	-1	324	-1	-1	327	328	-1	330	-1	-1	333	-1	335	-1	-1	-1	339	-1	-1	342	343	-1	345	-1	-1	348	-1	350	-1	-1	353	354	-1	-1	357	358	359	-1	-1	362	-1	-1	365	-1	-1
# Right
308	241	26	9	8	7	-1	-1	-1	17	12	-1	16	15	-1	-1	-1	19	-1	21	-1	25	24	-1	-1	-1	110	95	62	61	52	41	36	35	-1	-1	38	-1	40	-1	-1	45	44	-1	-1	47	-1	49	-1	51	-1	-1	56	55	-1	-1	60	59	-1	-1	-1	-1	88	69	68	67	-1	-1	-1	87	76	73	-1	75	-1	-1	82	79	-1	81	-1	-1	86	85	-1	-1	-1	-1	90	-1	94	93	-1	-1	-1	99	98	-1	-1	101	-1	109	106	105	-1	-1	108	-1	-1	-1	156	153	150	115	-1	147	146	121	120	-1	-1	139	136	125	-1	129	128	-1	-1	135	134	133	-1	-1	-1	-1	138	-1	-1	141	-1	145	144	-1	-1	-1	-1	149	-1	-1	152	-1	-1	155	-1	-1	240	235	222	221	220	217	184	165	-1	181	170	169	-1	-1	180	175	174	-1	-1	177	-1	179	-1	-1	-1	183	-1	-1	188	187	-1	-1	190	-1	214	197	196	195	-1	-1	-1	201	200	-1	-1	207	204	-1	206	-1	-1	209	-1	211	-1	213	-1	-1	216	-1	-1	219	-1	-1	-1	-1	232	231	226	-1	230	229	-1	-1	-1	-1	234	-1	-1	237	-1	239	-1	-1	-1	263	246	245	-1	-1	260	249	-1	257	256	255	254	-1	-1	-1	-1	259	-1	-1	262	-1	-1	267	266	-1	-1	307	276	275	274	273	-1	-1	-1	-1	306	283	282	281	-1	-1	-1	305	290	287	-1	289	-1	-1	292	-1	302	299	296	-1	298	-1	-1	301	-1	-1	304	-1	-1	-1	-1	-1	352	341	338	337	316	315	-1	-1	320	319	-1	-1	326	323	-1	325	-1	-1	332	329	-1	331	-1	-1	334	-1	336	-1	-1	-1	340	-1	-1	347	344	-1	346	-1	-1	349	-1	351	-1	-1	356	355	-1	-1	364	361	360	-1	-1	363	-1	-1	366	-1	-1
# Threshold
1360.0	206.5	6.5	0.0014437600038945675	3581.0	3348.0	-2.0	-2.0	-2.0	930.5	90.0	-2.0	351.0	222.0	-2.0	-2.0	-2.0	1096.5	-2.0	1598.5	-2.0	1480.5	730.5	-2.0	-2.0	-2.0	8186.0	5.5	226.0	2293.5	0.02231835015118122	0.009953394997864962	0.002236114931292832	2.453160047531128	-2.0	-2.0	1.790190041065216	-2.0	1.9515250325202942	-2.0	-2.0	21.0	3.0	-2.0	-2.0	15.5	-2.0	320.5	-2.0	2.0	-2.0	-2.0	12.0	1.0924299955368042	-2.0	-2.0	3.09137499332428	2.7734750509262085	-2.0	-2.0	-2.0	-2.0	8.0	1578.0	1.5	2.007020056247711	-2.0	-2.0	-2.0	7723.0	34.5	1469.0	-2.0	3.9213099479675293	-2.0	-2.0	4.813114881515503	5853.5	-2.0	4.801229953765869	-2.0	-2.0	12.098900318145752	4.013415098190308	-2.0	-2.0	-2.0	-2.0	0.007921569980680943	-2.0	7.245200157165527	23.0	-2.0	-2.0	-2.0	11.5	7.5	-2.0	-2.0	13.861449718475342	-2.0	23.892250061035156	15.5	6539.0	-2.0	-2.0	0.07239935174584389	-2.0	-2.0	-2.0	4.9191648960113525	5.932790040969849	4.897349834442139	1.6353600025177002	-2.0	6.0	2.5	0.013795229839161038	624390.0	-2.0	-2.0	70739.0	64524.0	1.5	-2.0	5402.5	3980.0	-2.0	-2.0	0.00027793250046670437	7215.5	7166.5	-2.0	-2.0	-2.0	-2.0	33.5	-2.0	-2.0	51.0	-2.0	55.5	2.289240001118742e-05	-2.0	-2.0	-2.0	-2.0	0.00045983499421708984	-2.0	-2.0	3.4116300344467163	-2.0	-2.0	4286.0	-2.0	-2.0	279508504.0	13.5	41161.0	1536420.0	40015.0	55324.0	3392.0	0.5	-2.0	228951.0	7.5	6.2651050090789795	-2.0	-2.0	1.5	0.0010138925281353295	620.0	-2.0	-2.0	0.009615079965442419	-2.0	16378.0	-2.0	-2.0	-2.0	369906.5	-2.0	-2.0	0.887800008058548	24128.5	-2.0	-2.0	3431.5	-2.0	10.0	24762.0	4593.5	2.0	-2.0	-2.0	-2.0	4.996520042419434	4.9778501987457275	-2.0	-2.0	0.0012509599910117686	34472.5	-2.0	22057.5	-2.0	-2.0	6.503545045852661	-2.0	10818.0	-2.0	0.0023652149830013514	-2.0	-2.0	24833.5	-2.0	-2.0	58351.5	-2.0	-2.0	-2.0	-2.0	57.827199935913086	1.5	6949.5	-2.0	11.5	153237.0	-2.0	-2.0	-2.0	-2.0	537253.5	-2.0	-2.0	153.5	-2.0	1318.0	-2.0	-2.0	-2.0	1.5	3665.5	59.52350044250488	-2.0	-2.0	1336990.0	8.933259963989258	-2.0	21.83780002593994	12.024399757385254	12.124899864196777	10.309989929199219	-2.0	-2.0	-2.0	-2.0	465.0	-2.0	-2.0	2.0	-2.0	-2.0	2.5544550226186402e-05	20.558599948883057	-2.0	-2.0	1298.0	3.5	660.0	13.894299983978271	0.0037379651330411434	-2.0	-2.0	-2.0	-2.0	1256.0	618.5	503.0	969.5	-2.0	-2.0	-2.0	128.0	10.0	382.5	-2.0	0.0015362650156021118	-2.0	-2.0	211.5	-2.0	281.6205062866211	568157.0	61.96390151977539	-2.0	431.0	-2.0	-2.0	1191169.5	-2.0	-2.0	0.010712100192904472	-2.0	-2.0	-2.0	-2.0	-2.0	10.0	1.5	91238.5	27206.5	0.5	0.0013263094588182867	-2.0	-2.0	6484.5	2534.5	-2.0	-2.0	19264.0	0.001337079971563071	-2.0	2657.0	-2.0	-2.0	3621.0	4.5	-2.0	25.414050102233887	-2.0	-2.0	8970.0	-2.0	7.672449827194214	-2.0	-2.0	-2.0	47.90729904174805	-2.0	-2.0	6.668299913406372	181047.5	-2.0	2.5	-2.0	-2.0	209855.5	-2.0	4.0	-2.0	-2.0	89.32004928588867	0.008031185250729322	-2.0	-2.0	6619.0	0.00252916500903666	32161.0	-2.0	-2.0	70.16750144958496	-2.0	-2.0	608058.0	-2.0	-2.0
# Feature
5	5	8	4	2	2	-2	-2	-2	2	2	-2	2	2	-2	-2	-2	2	-2	2	-2	0	0	-2	-2	-2	2	6	8	1	4	4	4	3	-2	-2	7	-2	7	-2	-2	8	6	-2	-2	5	-2	0	-2	6	-2	-2	8	7	-2	-2	3	3	-2	-2	-2	-2	9	2	6	7	-2	-2	-2	2	5	0	-2	3	-2	-2	3	2	-2	3	-2	-2	3	7	-2	-2	-2	-2	4	-2	7	5	-2	-2	-2	5	6	-2	-2	3	-2	3	9	2	-2	-2	4	-2	-2	-2	3	7	3	3	-2	9	9	7	0	-2	-2	2	2	9	-2	1	0	-2	-2	4	8	8	-2	-2	-2	-2	5	-2	-2	5	-2	5	4	-2	-2	-2	-2	4	-2	-2	7	-2	-2	0	-2	-2	2	9	0	2	0	8	8	6	-2	2	8	3	-2	-2	6	4	8	-2	-2	4	-2	2	-2	-2	-2	2	-2	-2	7	0	-2	-2	8	-2	9	2	8	6	-2	-2	-2	3	3	-2	-2	4	8	-2	1	-2	-2	3	-2	1	-2	4	-2	-2	1	-2	-2	8	-2	-2	-2	-2	3	9	8	-2	5	1	-2	-2	-2	-2	1	-2	-2	5	-2	0	-2	-2	-2	9	8	7	-2	-2	2	7	-2	7	3	7	7	-2	-2	-2	-2	5	-2	-2	6	-2	-2	4	3	-2	-2	5	9	5	3	4	-2	-2	-2	-2	5	0	5	8	-2	-2	-2	6	9	5	-2	4	-2	-2	5	-2	7	8	7	-2	5	-2	-2	8	-2	-2	4	-2	-2	-2	-2	-2	9	6	5	5	9	4	-2	-2	1	5	-2	-2	8	4	-2	5	-2	-2	5	9	-2	7	-2	-2	5	-2	3	-2	-2	-2	3	-2	-2	3	2	-2	6	-2	-2	1	-2	9	-2	-2	7	4	-2	-2	5	4	8	-2	-2	3	-2	-2	0	-2	-2
# Values
198.0	1351.0	25.0	1.0	2.0	106.0
88.0	1270.0	25.0	1.0	1.0	90.0
39.0	1029.0	25.0	1.0	1.0	69.0
0.0	31.0	15.0	0.0	0.0	1.0
0.0	12.0	1.0	0.0	0.0	0.0
0.0	4.0	1.0	0.0	0.0	0.0
0.0	4.0	0.0	0.0	0.0	0.0
0.0	0.0	1.0	0.0	0.0	0.0
0.0	8.0	0.0	0.0	0.0	0.0
0.0	19.0	14.0	0.0	0.0	1.0
0.0	15.0	3.0	0.0	0.0	0.0
0.0	0.0	2.0	0.0	0.0	0.0
0.0	15.0	1.0	0.0	0.0	0.0
0.0	4.0	1.0	0.0	0.0	0.0
0.0	4.0	0.0	0.0	0.0	0.0
0.0	0.0	1.0	0.0	0.0	0.0
0.0	11.0	0.0	0.0	0.0	0.0
0.0	4.0	11.0	0.0	0.0	1.0
0.0	0.0	0.0	0.0	0.0	1.0
0.0	4.0	11.0	0.0	0.0	0.0
0.0	0.0	6.0	0.0	0.0	0.0
0.0	4.0	5.0	0.0	0.0	0.0
0.0	4.0	1.0	0.0	0.0	0.0
0.0	2.0	0.0	0.0	0.0	0.0
0.0	2.0	1.0	0.0	0.0	0.0
0.0	0.0	4.0	0.0	0.0	0.0
39.0	998.0	10.0	1.0	1.0	68.0
27.0	318.0	10.0	1.0	1.0	28.0
23.0	304.0	5.0	0.0	1.0	25.0
3.0	156.0	5.0	0.0	0.0	5.0
2.0	156.0	5.0	0.0	0.0	5.0
2.0	68.0	3.0	0.0	0.0	5.0
2.0	46.0	0.0	0.0	0.0	0.0
1.0	3.0	0.0	0.0	0.0	0.0
1.0	0.0	0.0	0.0	0.0	0.0
0.0	3.0	0.0	0.0	0.0	0.0
1.0	43.0	0.0	0.0	0.0	0.0
0.0	32.0	0.0	0.0	0.0	0.0
1.0	11.0	0.0	0.0	0.0	0.0
1.0	2.0	0.0	0.0	0.0	0.0
0.0	9.0	0.0	0.0	0.0	0.0
0.0	22.0	3.0	0.0	0.0	5.0
0.0	2.0	3.0	0.0	0.0	0.0
0.0	0.0	3.0	0.0	0.0	0.0
0.0	2.0	0.0	0.0	0.0	0.0
0.0	20.0	0.0	0.0	0.0	5.0
0.0	12.0	0.0	0.0	0.0	0.0
0.0	8.0	0.0	0.0	0.0	5.0
0.0	0.0	0.0	0.0	0.0	2.0
0.0	8.0	0.0	0.0	0.0	3.0
0.0	5.0	0.0	0.0	0.0	0.0
0.0	3.0	0.0	0.0	0.0	3.0
0.0	88.0	2.0	0.0	0.0	0.0
0.0	4.0	1.0	0.0	0.0	0.0
0.0	4.0	0.0	0.0	0.0	0.0
0.0	0.0	1.0	0.0	0.0	0.0
0.0	84.0	1.0	0.0	0.0	0.0
0.0	8.0	1.0	0.0	0.0	0.0
0.0	8.0	0.0	0.0	0.0	0.0
0.0	0.0	1.0	0.0	0.0	0.0
0.0	76.0	0.0	0.0	0.0	0.0
1.0	0.0	0.0	0.0	0.0	0.0
20.0	148.0	0.0	0.0	1.0	20.0
12.0	136.0	0.0	0.0	1.0	20.0
10.0	30.0	0.0	0.0	0.0	7.0
9.0	30.0	0.0	0.0	0.0	7.0
9.0	27.0	0.0	0.0	0.0	7.0
0.0	3.0	0.0	0.0	0.0	0.0
1.0	0.0	0.0	0.0	0.0	0.0
2.0	106.0	0.0	0.0	1.0	13.0
2.0	106.0	0.0	0.0	1.0	11.0
2.0	55.0	0.0	0.0	0.0	0.0
0.0	50.0	0.0	0.0	0.0	0.0
2.0	5.0	0.0	0.0	0.0	0.0
0.0	5.0	0.0	0.0	0.0	0.0
2.0	0.0	0.0	0.0	0.0	0.0
0.0	51.0	0.0	0.0	1.0	11.0
0.0	2.0	0.0	0.0	0.0	4.0
0.0	0.0	0.0	0.0	0.0	3.0
0.0	2.0	0.0	0.0	0.0	1.0
0.0	2.0	0.0	0.0	0.0	0.0
0.0	0.0	0.0	0.0	0.0	1.0
0.0	49.0	0.0	0.0	1.0	7.0
0.0	49.0	0.0	0.0	1.0	6.0
0.0	33.0	0.0	0.0	1.0	6.0
0.0	16.0	0.0	0.0	0.0	0.0
0.0	0.0	0.0	0.0	0.0	1.0
0.0	0.0	0.0	0.0	0.0	2.0
8.0	12.0	0.0	0.0	0.0	0.0
4.0	0.0	0.0	0.0	0.0	0.0
4.0	12.0	0.0	0.0	0.0	0.0
3.0	12.0	0.0	0.0	0.0	0.0
3.0	6.0	0.0	0.0	0.0	0.0
0.0	6.0	0.0	0.0	0.0	0.0
1.0	0.0	0.0	0.0	0.0	0.0
4.0	14.0	5.0	1.0	0.0	3.0
0.0	0.0	4.0	1.0	0.0	0.0
0.0	0.0	4.0	0.0	0.0	0.0
0.0	0.0	0.0	1.0	0.0	0.0
4.0	14.0	1.0	0.0	0.0	3.0
0.0	11.0	0.0	0.0	0.0	0.0
4.0	3.0	1.0	0.0	0.0	3.0
4.0	0.0	1.0	0.0	0.0	3.0
4.0	0.0	0.0	0.0	0.0	1.0
4.0	0.0	0.0	0.0	0.0	0.0
0.0	0.0	0.0	0.0	0.0	1.0
0.0	0.0	1.0	0.0	0.0	2.0
0.0	0.0	1.0	0.0	0.0	0.0
0.0	0.0	0.0	0.0	0.0	2.0
0.0	3.0	0.0	0.0	0.0	0.0
12.0	680.0	0.0	0.0	0.0	40.0
6.0	138.0	0.0	0.0	0.0	19.0
3.0	138.0	0.0	0.0	0.0	18.0
3.0	136.0	0.0	0.0	0.0	13.0
1.0	0.0	0.0	0.0	0.0	0.0
2.0	136.0	0.0	0.0	0.0	13.0
0.0	134.0	0.0	0.0	0.0	13.0
0.0	101.0	0.0	0.0	0.0	13.0
0.0	2.0	0.0	0.0	0.0	3.0
0.0	2.0	0.0	0.0	0.0	0.0
0.0	0.0	0.0	0.0	0.0	3.0
0.0	99.0	0.0	0.0	0.0	10.0
0.0	41.0	0.0	0.0	0.0	8.0
0.0	40.0	0.0	0.0	0.0	5.0
0.0	27.0	0.0	0.0	0.0	0.0
0.0	13.0	0.0	0.0	0.0	5.0
0.0	1.0	0.0	0.0	0.0	3.0
0.0	1.0	0.0	0.0	0.0	0.0
0.0	0.0	0.0	0.0	0.0	3.0
0.0	12.0	0.0	0.0	0.0	2.0
0.0	4.0	0.0	0.0	0.0	2.0
0.0	2.0	0.0	0.0	0.0	2.0
0.0	2.0	0.0	0.0	0.0	1.0
0.0	0.0	0.0	0.0	0.0	1.0
0.0	2.0	0.0	0.0	0.0	0.0
0.0	8.0	0.0	0.0	0.0	0.0
0.0	1.0	0.0	0.0	0.0	3.0
0.0	1.0	0.0	0.0	0.0	0.0
0.0	0.0	0.0	0.0	0.0	3.0
0.0	58.0	0.0	0.0	0.0	2.0
0.0	34.0	0.0	0.0	0.0	0.0
0.0	24.0	0.0	0.0	0.0	2.0
0.0	1.0	0.0	0.0	0.0	2.0
0.0	0.0	0.0	0.0	0.0	2.0
0.0	1.0	0.0	0.0	0.0	0.0
0.0	23.0	0.0	0.0	0.0	0.0
0.0	33.0	0.0	0.0	0.0	0.0
2.0	2.0	0.0	0.0	0.0	0.0
2.0	0.0	0.0	0.0	0.0	0.0
0.0	2.0	0.0	0.0	0.0	0.0
0.0	2.0	0.0	0.0	0.0	5.0
0.0	0.0	0.0	0.0	0.0	5.0
0.0	2.0	0.0	0.0	0.0	0.0
3.0	0.0	0.0	0.0	0.0	1.0
0.0	0.0	0.0	0.0	0.0	1.0
3.0	0.0	0.0	0.0	0.0	0.0
6.0	542.0	0.0	0.0	0.0	21.0
6.0	542.0	0.0	0.0	0.0	19.0
4.0	332.0	0.0	0.0	0.0	19.0
4.0	207.0	0.0	0.0	0.0	16.0
4.0	207.0	0.0	0.0	0.0	15.0
4.0	207.0	0.0	0.0	0.0	14.0
2.0	205.0	0.0	0.0	0.0	14.0
1.0	129.0	0.0	0.0	0.0	4.0
0.0	0.0	0.0	0.0	0.0	1.0
1.0	129.0	0.0	0.0	0.0	3.0
0.0	126.0	0.0	0.0	0.0	3.0
0.0	6.0	0.0	0.0	0.0	1.0
0.0	6.0	0.0	0.0	0.0	0.0
0.0	0.0	0.0	0.0	0.0	1.0
0.0	120.0	0.0	0.0	0.0	2.0
0.0	26.0	0.0	0.0	0.0	2.0
0.0	2.0	0.0	0.0	0.0	1.0
0.0	0.0	0.0	0.0	0.0	1.0
0.0	2.0	0.0	0.0	0.0	0.0
0.0	24.0	0.0	0.0	0.0	1.0
0.0	22.0	0.0	0.0	0.0	0.0
0.0	2.0	0.0	0.0	0.0	1.0
0.0	2.0	0.0	0.0	0.0	0.0
0.0	0.0	0.0	0.0	0.0	1.0
0.0	94.0	0.0	0.0	0.0	0.0
1.0	3.0	0.0	0.0	0.0	0.0
1.0	0.0	0.0	0.0	0.0	0.0
0.0	3.0	0.0	0.0	0.0	0.0
1.0	76.0	0.0	0.0	0.0	10.0
0.0	1.0	0.0	0.0	0.0	2.0
0.0	0.0	0.0	0.0	0.0	2.0
0.0	1.0	0.0	0.0	0.0	0.0
1.0	75.0	0.0	0.0	0.0	8.0
0.0	0.0	0.0	0.0	0.0	1.0
1.0	75.0	0.0	0.0	0.0	7.0
1.0	74.0	0.0	0.0	0.0	6.0
1.0	4.0	0.0	0.0	0.0	1.0
1.0	4.0	0.0	0.0	0.0	0.0
0.0	3.0	0.0	0.0	0.0	0.0
1.0	1.0	0.0	0.0	0.0	0.0
0.0	0.0	0.0	0.0	0.0	1.0
0.0	70.0	0.0	0.0	0.0	5.0
0.0	2.0	0.0	0.0	0.0	1.0
0.0	2.0	0.0	0.0	0.0	0.0
0.0	0.0	0.0	0.0	0.0	1.0
0.0	68.0	0.0	0.0	0.0	4.0
0.0	43.0	0.0	0.0	0.0	1.0
0.0	34.0	0.0	0.0	0.0	0.0
0.0	9.0	0.0	0.0	0.0	1.0
0.0	0.0	0.0	0.0	0.0	1.0
0.0	9.0	0.0	0.0	0.0	0.0
0.0	25.0	0.0	0.0	0.0	3.0
0.0	0.0	0.0	0.0	0.0	1.0
0.0	25.0	0.0	0.0	0.0	2.0
0.0	18.0	0.0	0.0	0.0	0.0
0.0	7.0	0.0	0.0	0.0	2.0
0.0	0.0	0.0	0.0	0.0	2.0
0.0	7.0	0.0	0.0	0.0	0.0
0.0	1.0	0.0	0.0	0.0	1.0
0.0	0.0	0.0	0.0	0.0	1.0
0.0	1.0	0.0	0.0	0.0	0.0
2.0	2.0	0.0	0.0	0.0	0.0
2.0	0.0	0.0	0.0	0.0	0.0
0.0	2.0	0.0	0.0	0.0	0.0
0.0	0.0	0.0	0.0	0.0	1.0
0.0	0.0	0.0	0.0	0.0	1.0
0.0	125.0	0.0	0.0	0.0	3.0
0.0	124.0	0.0	0.0	0.0	2.0
0.0	24.0	0.0	0.0	0.0	2.0
0.0	0.0	0.0	0.0	0.0	1.0
0.0	24.0	0.0	0.0	0.0	1.0
0.0	1.0	0.0	0.0	0.0	1.0
0.0	1.0	0.0	0.0	0.0	0.0
0.0	0.0	0.0	0.0	0.0	1.0
0.0	23.0	0.0	0.0	0.0	0.0
0.0	100.0	0.0	0.0	0.0	0.0
0.0	1.0	0.0	0.0	0.0	1.0
0.0	0.0	0.0	0.0	0.0	1.0
0.0	1.0	0.0	0.0	0.0	0.0
2.0	210.0	0.0	0.0	0.0	0.0
0.0	195.0	0.0	0.0	0.0	0.0
2.0	15.0	0.0	0.0	0.0	0.0
2.0	0.0	0.0	0.0	0.0	0.0
0.0	15.0	0.0	0.0	0.0	0.0
0.0	0.0	0.0	0.0	0.0	2.0
49.0	241.0	0.0	0.0	0.0	21.0
30.0	48.0	0.0	0.0	0.0	7.0
0.0	21.0	0.0	0.0	0.0	4.0
0.0	21.0	0.0	0.0	0.0	0.0
0.0	0.0	0.0	0.0	0.0	4.0
30.0	27.0	0.0	0.0	0.0	3.0
30.0	14.0	0.0	0.0	0.0	0.0
0.0	5.0	0.0	0.0	0.0	0.0
30.0	9.0	0.0	0.0	0.0	0.0
28.0	4.0	0.0	0.0	0.0	0.0
28.0	2.0	0.0	0.0	0.0	0.0
3.0	2.0	0.0	0.0	0.0	0.0
3.0	0.0	0.0	0.0	0.0	0.0
0.0	2.0	0.0	0.0	0.0	0.0
25.0	0.0	0.0	0.0	0.0	0.0
0.0	2.0	0.0	0.0	0.0	0.0
2.0	5.0	0.0	0.0	0.0	0.0
2.0	0.0	0.0	0.0	0.0	0.0
0.0	5.0	0.0	0.0	0.0	0.0
0.0	13.0	0.0	0.0	0.0	3.0
0.0	13.0	0.0	0.0	0.0	0.0
0.0	0.0	0.0	0.0	0.0	3.0
19.0	193.0	0.0	0.0	0.0	14.0
5.0	3.0	0.0	0.0	0.0	0.0
5.0	0.0	0.0	0.0	0.0	0.0
0.0	3.0	0.0	0.0	0.0	0.0
14.0	190.0	0.0	0.0	0.0	14.0
14.0	124.0	0.0	0.0	0.0	14.0
9.0	14.0	0.0	0.0	0.0	1.0
2.0	14.0	0.0	0.0	0.0	1.0
0.0	14.0	0.0	0.0	0.0	1.0
0.0	14.0	0.0	0.0	0.0	0.0
0.0	0.0	0.0	0.0	0.0	1.0
2.0	0.0	0.0	0.0	0.0	0.0
7.0	0.0	0.0	0.0	0.0	0.0
5.0	110.0	0.0	0.0	0.0	13.0
5.0	110.0	0.0	0.0	0.0	11.0
4.0	8.0	0.0	0.0	0.0	0.0
1.0	8.0	0.0	0.0	0.0	0.0
0.0	7.0	0.0	0.0	0.0	0.0
1.0	1.0	0.0	0.0	0.0	0.0
3.0	0.0	0.0	0.0	0.0	0.0
1.0	102.0	0.0	0.0	0.0	11.0
1.0	102.0	0.0	0.0	0.0	10.0
0.0	13.0	0.0	0.0	0.0	5.0
0.0	10.0	0.0	0.0	0.0	0.0
0.0	3.0	0.0	0.0	0.0	5.0
0.0	3.0	0.0	0.0	0.0	0.0
0.0	0.0	0.0	0.0	0.0	5.0
1.0	89.0	0.0	0.0	0.0	5.0
0.0	2.0	0.0	0.0	0.0	2.0
1.0	87.0	0.0	0.0	0.0	3.0
1.0	83.0	0.0	0.0	0.0	1.0
0.0	78.0	0.0	0.0	0.0	1.0
0.0	60.0	0.0	0.0	0.0	0.0
0.0	18.0	0.0	0.0	0.0	1.0
0.0	0.0	0.0	0.0	0.0	1.0
0.0	18.0	0.0	0.0	0.0	0.0
1.0	5.0	0.0	0.0	0.0	0.0
1.0	0.0	0.0	0.0	0.0	0.0
0.0	5.0	0.0	0.0	0.0	0.0
0.0	4.0	0.0	0.0	0.0	2.0
0.0	0.0	0.0	0.0	0.0	2.0
0.0	4.0	0.0	0.0	0.0	0.0
0.0	0.0	0.0	0.0	0.0	1.0
0.0	0.0	0.0	0.0	0.0	2.0
0.0	66.0	0.0	0.0	0.0	0.0
110.0	81.0	0.0	0.0	1.0	16.0
101.0	40.0	0.0	0.0	0.0	10.0
50.0	38.0	0.0	0.0	0.0	7.0
27.0	36.0	0.0	0.0	0.0	7.0
27.0	17.0	0.0	0.0	0.0	7.0
13.0	1.0	0.0	0.0	0.0	0.0
13.0	0.0	0.0	0.0	0.0	0.0
0.0	1.0	0.0	0.0	0.0	0.0
14.0	16.0	0.0	0.0	0.0	7.0
1.0	0.0	0.0	0.0	0.0	4.0
1.0	0.0	0.0	0.0	0.0	0.0
0.0	0.0	0.0	0.0	0.0	4.0
13.0	16.0	0.0	0.0	0.0	3.0
1.0	9.0	0.0	0.0	0.0	0.0
0.0	8.0	0.0	0.0	0.0	0.0
1.0	1.0	0.0	0.0	0.0	0.0
0.0	1.0	0.0	0.0	0.0	0.0
1.0	0.0	0.0	0.0	0.0	0.0
12.0	7.0	0.0	0.0	0.0	3.0
9.0	1.0	0.0	0.0	0.0	3.0
7.0	0.0	0.0	0.0	0.0	0.0
2.0	1.0	0.0	0.0	0.0	3.0
2.0	0.0	0.0	0.0	0.0	3.0
0.0	1.0	0.0	0.0	0.0	0.0
3.0	6.0	0.0	0.0	0.0	0.0
0.0	5.0	0.0	0.0	0.0	0.0
3.0	1.0	0.0	0.0	0.0	0.0
3.0	0.0	0.0	0.0	0.0	0.0
0.0	1.0	0.0	0.0	0.0	0.0
0.0	19.0	0.0	0.0	0.0	0.0
23.0	2.0	0.0	0.0	0.0	0.0
23.0	0.0	0.0	0.0	0.0	0.0
0.0	2.0	0.0	0.0	0.0	0.0
51.0	2.0	0.0	0.0	0.0	3.0
1.0	2.0	0.0	0.0	0.0	2.0
0.0	0.0	0.0	0.0	0.0	2.0
1.0	2.0	0.0	0.0	0.0	0.0
1.0	0.0	0.0	0.0	0.0	0.0
0.0	2.0	0.0	0.0	0.0	0.0
50.0	0.0	0.0	0.0	0.0	1.0
49.0	0.0	0.0	0.0	0.0	0.0
1.0	0.0	0.0	0.0	0.0	1.0
1.0	0.0	0.0	0.0	0.0	0.0
0.0	0.0	0.0	0.0	0.0	1.0
9.0	41.0	0.0	0.0	1.0	6.0
1.0	33.0	0.0	0.0	0.0	0.0
0.0	33.0	0.0	0.0	0.0	0.0
1.0	0.0	0.0	0.0	0.0	0.0
8.0	8.0	0.0	0.0	1.0	6.0
0.0	7.0	0.0	0.0	1.0	6.0
0.0	1.0	0.0	0.0	0.0	6.0
0.0	1.0	0.0	0.0	0.0	0.0
0.0	0.0	0.0	0.0	0.0	6.0
0.0	6.0	0.0	0.0	1.0	0.0
0.0	0.0	0.0	0.0	1.0	0.0
0.0	6.0	0.0	0.0	0.0	0.0
8.0	1.0	0.0	0.0	0.0	0.0
8.0	0.0	0.0	0.0	0.0	0.0
0.0	1.0	0.0	0.0	0.0	0.0
