# Sizes (NFeatures, Nclasses, NodeCount, MaxDepth)
10	6	337	17
# Classes
0.0	1.0	2.0	3.0	4.0	5.0
# Feature Names
Nrows	Ncols	Nnnz	AvgNnnz	Density	MaxRowNnnz	MinRowNnnz	StdRowNnnz	NDiags	NTrueDiags
# Left
1	2	3	4	5	6	7	8	9	-1	11	-1	-1	14	15	-1	17	-1	-1	20	-1	-1	-1	24	-1	26	-1	-1	29	-1	31	-1	33	-1	-1	-1	37	38	39	40	41	-1	43	44	-1	-1	47	48	-1	50	51	52	-1	-1	-1	-1	-1	58	59	60	61	-1	-1	-1	65	-1	67	68	-1	-1	-1	72	-1	-1	75	-1	-1	78	79	-1	81	82	83	84	85	-1	-1	88	89	-1	-1	92	-1	94	-1	-1	97	98	-1	100	101	-1	-1	104	105	-1	-1	-1	-1	-1	111	112	-1	-1	115	116	-1	118	-1	120	-1	122	-1	-1	-1	126	127	-1	-1	130	131	132	-1	-1	135	-1	-1	138	-1	140	-1	142	143	144	145	146	-1	148	-1	-1	-1	152	153	154	155	-1	-1	-1	159	-1	-1	-1	163	164	165	-1	167	-1	-1	170	-1	-1	173	174	-1	176	-1	-1	179	180	181	-1	-1	-1	-1	186	-1	188	-1	190	-1	-1	193	194	-1	196	-1	-1	199	200	-1	202	-1	-1	-1	206	207	208	209	-1	-1	212	213	214	-1	-1	-1	-1	219	220	-1	222	-1	-1	-1	226	227	228	-1	230	-1	-1	233	234	235	-1	-1	238	-1	240	241	-1	243	244	-1	-1	-1	-1	249	250	251	252	-1	-1	-1	-1	-1	258	259	-1	261	-1	-1	264	265	266	267	-1	-1	-1	271	-1	-1	-1	275	276	277	278	279	280	-1	282	283	-1	-1	286	-1	-1	289	-1	-1	292	293	-1	295	296	-1	298	-1	300	-1	-1	-1	-1	305	306	-1	-1	309	-1	311	-1	313	314	-1	-1	-1	318	-1	-1	321	-1	323	324	325	-1	-1	-1	329	330	331	-1	333	-1	-1	-1	-1
# Right
274	205	36	35	28	23	22	13	10	-1	12	-1	-1	19	16	-1	18	-1	-1	21	-1	-1	-1	25	-1	27	-1	-1	30	-1	32	-1	34	-1	-1	-1	192	77	74	57	42	-1	46	45	-1	-1	56	49	-1	55	54	53	-1	-1	-1	-1	-1	71	64	63	62	-1	-1	-1	66	-1	70	69	-1	-1	-1	73	-1	-1	76	-1	-1	125	80	-1	110	109	96	87	86	-1	-1	91	90	-1	-1	93	-1	95	-1	-1	108	99	-1	103	102	-1	-1	107	106	-1	-1	-1	-1	-1	114	113	-1	-1	124	117	-1	119	-1	121	-1	123	-1	-1	-1	129	128	-1	-1	137	134	133	-1	-1	136	-1	-1	139	-1	141	-1	185	162	151	150	147	-1	149	-1	-1	-1	161	158	157	156	-1	-1	-1	160	-1	-1	-1	172	169	166	-1	168	-1	-1	171	-1	-1	178	175	-1	177	-1	-1	184	183	182	-1	-1	-1	-1	187	-1	189	-1	191	-1	-1	198	195	-1	197	-1	-1	204	201	-1	203	-1	-1	-1	225	218	211	210	-1	-1	217	216	215	-1	-1	-1	-1	224	221	-1	223	-1	-1	-1	257	232	229	-1	231	-1	-1	248	237	236	-1	-1	239	-1	247	242	-1	246	245	-1	-1	-1	-1	256	255	254	253	-1	-1	-1	-1	-1	263	260	-1	262	-1	-1	273	270	269	268	-1	-1	-1	272	-1	-1	-1	320	317	304	291	288	281	-1	285	284	-1	-1	287	-1	-1	290	-1	-1	303	294	-1	302	297	-1	299	-1	301	-1	-1	-1	-1	308	307	-1	-1	310	-1	312	-1	316	315	-1	-1	-1	319	-1	-1	322	-1	328	327	326	-1	-1	-1	336	335	332	-1	334	-1	-1	-1	-1
# Threshold
1359.0	209.5	1155.0	7.983105182647705	42.0	26.0	1124.0	40.5	2.707795023918152	-2.0	38.0	-2.0	-2.0	212.5	7.404545068740845	-2.0	12.0	-2.0	-2.0	3.0	-2.0	-2.0	-2.0	1.0204249620437622	-2.0	0.5	-2.0	-2.0	3.0	-2.0	14.0	-2.0	2.846590042114258	-2.0	-2.0	-2.0	17.5	11.5	12.0	7.5	0.0010418080200906843	-2.0	0.0024338250514119864	5.0	-2.0	-2.0	6.371425151824951	4.5	-2.0	0.3951124995946884	0.3655484914779663	6.0	-2.0	-2.0	-2.0	-2.0	-2.0	2.906665086746216	10750.0	3.4308900833129883	3.1743550300598145	-2.0	-2.0	-2.0	13782.0	-2.0	0.013795229839161038	2497550.0	-2.0	-2.0	-2.0	1.5	-2.0	-2.0	358.5	-2.0	-2.0	5.753644943237305	170.0	-2.0	0.00028360000578686595	3.114935040473938	2.6442049741744995	1.8602049946784973	1.4568849802017212	-2.0	-2.0	39.5	2.468250036239624	-2.0	-2.0	1.883724962681299e-05	-2.0	186184.5	-2.0	-2.0	57291.0	48736.0	-2.0	3.6751500368118286	2.7879250049591064	-2.0	-2.0	53.5	91809.0	-2.0	-2.0	-2.0	-2.0	-2.0	2.4455000162124634	2.112006038427353	-2.0	-2.0	97.0	0.0039354299660772085	-2.0	0.003946519922465086	-2.0	1635.5	-2.0	5890.0	-2.0	-2.0	-2.0	30.0	199.5	-2.0	-2.0	0.5	3394.0	5.106135010719299	-2.0	-2.0	10485750.0	-2.0	-2.0	0.0003497279976727441	-2.0	0.00036055150849279016	-2.0	21885.0	13.965350151062012	1.842555046081543	1.7887099981307983	1.357919991016388	-2.0	4224.0	-2.0	-2.0	-2.0	1.5	24211.5	0.5	0.020953349769115448	-2.0	-2.0	-2.0	7.303270101547241	-2.0	-2.0	-2.0	33754.0	1025.0	14.374799728393555	-2.0	2.3710740953683853	-2.0	-2.0	19004.5	-2.0	-2.0	0.000813573511550203	35796.5	-2.0	0.0005601870070677251	-2.0	-2.0	1.5	4117.5	23.043350219726562	-2.0	-2.0	-2.0	-2.0	28029.0	-2.0	1.9690499901771545	-2.0	77414.0	-2.0	-2.0	165.5	66.66365051269531	-2.0	27.0	-2.0	-2.0	31.790549755096436	18216.0	-2.0	19341.0	-2.0	-2.0	-2.0	3596.0	41.25255012512207	332.5	283.0	-2.0	-2.0	10369.5	931.5	11.563349723815918	-2.0	-2.0	-2.0	-2.0	2816.0	0.002762894902843982	-2.0	969.5	-2.0	-2.0	-2.0	4.5	9.069799900054932	2.1986700296401978	-2.0	3.8510299921035767	-2.0	-2.0	12.015699863433838	12.673799991607666	303490.5	-2.0	-2.0	5.548870086669922	-2.0	1256.5	1.4954049674997805e-05	-2.0	14.94860029220581	14.409950256347656	-2.0	-2.0	-2.0	-2.0	0.0063550148624926805	24395.0	0.002798564964905381	93.41064834594727	-2.0	-2.0	-2.0	-2.0	-2.0	0.001647290016990155	22.5	-2.0	246280.5	-2.0	-2.0	72454.0	624.5	0.0034060999751091003	23000.5	-2.0	-2.0	-2.0	883.5	-2.0	-2.0	-2.0	7.0	1.5	0.0002888784947572276	2.5	47.518001556396484	6302395.0	-2.0	30.751150131225586	4.7366838202833605e-06	-2.0	-2.0	1.3860600574844284e-05	-2.0	-2.0	79.68490219116211	-2.0	-2.0	79726.0	50367.0	-2.0	7677725.0	19.95444965362549	-2.0	11.055959701538086	-2.0	3900910.0	-2.0	-2.0	-2.0	-2.0	51125.5	3.7520549297332764	-2.0	-2.0	60.05215072631836	-2.0	14209.5	-2.0	0.00045168651558924466	1.0	-2.0	-2.0	-2.0	16660.0	-2.0	-2.0	10.826849937438965	-2.0	3351.0	1.5	2615.0	-2.0	-2.0	-2.0	656.4449920654297	24863300.0	103.38185119628906	-2.0	122.74449920654297	-2.0	-2.0	-2.0	-2.0
# Feature
5	5	2	7	8	8	2	2	3	-2	2	-2	-2	1	3	-2	5	-2	-2	5	-2	-2	-2	7	-2	6	-2	-2	5	-2	5	-2	7	-2	-2	-2	9	5	9	8	4	-2	4	5	-2	-2	3	5	-2	7	7	8	-2	-2	-2	-2	-2	7	8	3	3	-2	-2	-2	8	-2	7	2	-2	-2	-2	6	-2	-2	8	-2	-2	3	8	-2	4	7	7	3	3	-2	-2	5	3	-2	-2	4	-2	0	-2	-2	8	2	-2	3	7	-2	-2	5	2	-2	-2	-2	-2	-2	3	7	-2	-2	5	4	-2	4	-2	2	-2	2	-2	-2	-2	8	1	-2	-2	6	8	7	-2	-2	1	-2	-2	4	-2	4	-2	8	3	7	7	7	-2	8	-2	-2	-2	6	2	9	4	-2	-2	-2	7	-2	-2	-2	2	0	3	-2	7	-2	-2	2	-2	-2	4	1	-2	4	-2	-2	6	1	7	-2	-2	-2	-2	8	-2	7	-2	1	-2	-2	5	3	-2	9	-2	-2	3	2	-2	2	-2	-2	-2	8	7	1	1	-2	-2	2	1	3	-2	-2	-2	-2	8	4	-2	8	-2	-2	-2	9	7	3	-2	7	-2	-2	3	7	2	-2	-2	3	-2	5	4	-2	7	7	-2	-2	-2	-2	4	8	4	7	-2	-2	-2	-2	-2	4	6	-2	0	-2	-2	8	5	4	1	-2	-2	-2	5	-2	-2	-2	9	6	4	9	3	2	-2	7	4	-2	-2	4	-2	-2	3	-2	-2	5	1	-2	8	7	-2	3	-2	8	-2	-2	-2	-2	2	3	-2	-2	7	-2	1	-2	4	9	-2	-2	-2	2	-2	-2	3	-2	8	6	0	-2	-2	-2	7	2	7	-2	7	-2	-2	-2	-2
# Values
214.0	1334.0	23.0	5.0	1.0	106.0
83.0	1255.0	23.0	5.0	1.0	93.0
27.0	1056.0	23.0	5.0	1.0	73.0
2.0	77.0	18.0	2.0	0.0	2.0
0.0	77.0	18.0	2.0	0.0	2.0
0.0	38.0	15.0	2.0	0.0	2.0
0.0	31.0	4.0	2.0	0.0	2.0
0.0	31.0	2.0	2.0	0.0	2.0
0.0	3.0	1.0	2.0	0.0	0.0
0.0	3.0	0.0	0.0	0.0	0.0
0.0	0.0	1.0	2.0	0.0	0.0
0.0	0.0	0.0	2.0	0.0	0.0
0.0	0.0	1.0	0.0	0.0	0.0
0.0	28.0	1.0	0.0	0.0	2.0
0.0	24.0	1.0	0.0	0.0	0.0
0.0	22.0	0.0	0.0	0.0	0.0
0.0	2.0	1.0	0.0	0.0	0.0
0.0	0.0	1.0	0.0	0.0	0.0
0.0	2.0	0.0	0.0	0.0	0.0
0.0	4.0	0.0	0.0	0.0	2.0
0.0	4.0	0.0	0.0	0.0	0.0
0.0	0.0	0.0	0.0	0.0	2.0
0.0	0.0	2.0	0.0	0.0	0.0
0.0	7.0	11.0	0.0	0.0	0.0
0.0	4.0	0.0	0.0	0.0	0.0
0.0	3.0	11.0	0.0	0.0	0.0
0.0	3.0	0.0	0.0	0.0	0.0
0.0	0.0	11.0	0.0	0.0	0.0
0.0	39.0	3.0	0.0	0.0	0.0
0.0	0.0	2.0	0.0	0.0	0.0
0.0	39.0	1.0	0.0	0.0	0.0
0.0	29.0	0.0	0.0	0.0	0.0
0.0	10.0	1.0	0.0	0.0	0.0
0.0	0.0	1.0	0.0	0.0	0.0
0.0	10.0	0.0	0.0	0.0	0.0
2.0	0.0	0.0	0.0	0.0	0.0
25.0	979.0	5.0	3.0	1.0	71.0
22.0	729.0	5.0	3.0	1.0	70.0
3.0	247.0	4.0	0.0	0.0	6.0
1.0	241.0	4.0	0.0	0.0	6.0
0.0	52.0	4.0	0.0	0.0	3.0
0.0	36.0	0.0	0.0	0.0	0.0
0.0	16.0	4.0	0.0	0.0	3.0
0.0	1.0	3.0	0.0	0.0	0.0
0.0	1.0	0.0	0.0	0.0	0.0
0.0	0.0	3.0	0.0	0.0	0.0
0.0	15.0	1.0	0.0	0.0	3.0
0.0	15.0	1.0	0.0	0.0	2.0
0.0	0.0	0.0	0.0	0.0	1.0
0.0	15.0	1.0	0.0	0.0	1.0
0.0	4.0	1.0	0.0	0.0	1.0
0.0	4.0	1.0	0.0	0.0	0.0
0.0	3.0	1.0	0.0	0.0	0.0
0.0	1.0	0.0	0.0	0.0	0.0
0.0	0.0	0.0	0.0	0.0	1.0
0.0	11.0	0.0	0.0	0.0	0.0
0.0	0.0	0.0	0.0	0.0	1.0
1.0	189.0	0.0	0.0	0.0	3.0
1.0	187.0	0.0	0.0	0.0	2.0
1.0	138.0	0.0	0.0	0.0	0.0
1.0	26.0	0.0	0.0	0.0	0.0
0.0	26.0	0.0	0.0	0.0	0.0
1.0	0.0	0.0	0.0	0.0	0.0
0.0	112.0	0.0	0.0	0.0	0.0
0.0	49.0	0.0	0.0	0.0	2.0
0.0	0.0	0.0	0.0	0.0	1.0
0.0	49.0	0.0	0.0	0.0	1.0
0.0	2.0	0.0	0.0	0.0	1.0
0.0	2.0	0.0	0.0	0.0	0.0
0.0	0.0	0.0	0.0	0.0	1.0
0.0	47.0	0.0	0.0	0.0	0.0
0.0	2.0	0.0	0.0	0.0	1.0
0.0	2.0	0.0	0.0	0.0	0.0
0.0	0.0	0.0	0.0	0.0	1.0
2.0	6.0	0.0	0.0	0.0	0.0
0.0	4.0	0.0	0.0	0.0	0.0
2.0	2.0	0.0	0.0	0.0	0.0
19.0	482.0	1.0	3.0	1.0	64.0
12.0	149.0	0.0	0.0	1.0	35.0
0.0	0.0	0.0	0.0	0.0	4.0
12.0	149.0	0.0	0.0	1.0	31.0
4.0	39.0	0.0	0.0	0.0	18.0
4.0	21.0	0.0	0.0	0.0	18.0
3.0	17.0	0.0	0.0	0.0	1.0
2.0	1.0	0.0	0.0	0.0	0.0
0.0	1.0	0.0	0.0	0.0	0.0
2.0	0.0	0.0	0.0	0.0	0.0
1.0	16.0	0.0	0.0	0.0	1.0
1.0	1.0	0.0	0.0	0.0	0.0
1.0	0.0	0.0	0.0	0.0	0.0
0.0	1.0	0.0	0.0	0.0	0.0
0.0	15.0	0.0	0.0	0.0	1.0
0.0	12.0	0.0	0.0	0.0	0.0
0.0	3.0	0.0	0.0	0.0	1.0
0.0	3.0	0.0	0.0	0.0	0.0
0.0	0.0	0.0	0.0	0.0	1.0
1.0	4.0	0.0	0.0	0.0	17.0
1.0	2.0	0.0	0.0	0.0	17.0
1.0	0.0	0.0	0.0	0.0	0.0
0.0	2.0	0.0	0.0	0.0	17.0
0.0	1.0	0.0	0.0	0.0	1.0
0.0	0.0	0.0	0.0	0.0	1.0
0.0	1.0	0.0	0.0	0.0	0.0
0.0	1.0	0.0	0.0	0.0	16.0
0.0	1.0	0.0	0.0	0.0	6.0
0.0	0.0	0.0	0.0	0.0	6.0
0.0	1.0	0.0	0.0	0.0	0.0
0.0	0.0	0.0	0.0	0.0	10.0
0.0	2.0	0.0	0.0	0.0	0.0
0.0	18.0	0.0	0.0	0.0	0.0
8.0	110.0	0.0	0.0	1.0	13.0
4.0	3.0	0.0	0.0	0.0	0.0
4.0	0.0	0.0	0.0	0.0	0.0
0.0	3.0	0.0	0.0	0.0	0.0
4.0	107.0	0.0	0.0	1.0	13.0
4.0	107.0	0.0	0.0	1.0	11.0
0.0	40.0	0.0	0.0	0.0	0.0
4.0	67.0	0.0	0.0	1.0	11.0
0.0	0.0	0.0	0.0	0.0	2.0
4.0	67.0	0.0	0.0	1.0	9.0
3.0	43.0	0.0	0.0	0.0	8.0
1.0	24.0	0.0	0.0	1.0	1.0
0.0	7.0	0.0	0.0	0.0	0.0
1.0	17.0	0.0	0.0	1.0	1.0
0.0	0.0	0.0	0.0	0.0	2.0
7.0	333.0	1.0	3.0	0.0	29.0
0.0	0.0	1.0	0.0	0.0	1.0
0.0	0.0	0.0	0.0	0.0	1.0
0.0	0.0	1.0	0.0	0.0	0.0
7.0	333.0	0.0	3.0	0.0	28.0
0.0	11.0	0.0	0.0	0.0	5.0
0.0	1.0	0.0	0.0	0.0	4.0
0.0	0.0	0.0	0.0	0.0	4.0
0.0	1.0	0.0	0.0	0.0	0.0
0.0	10.0	0.0	0.0	0.0	1.0
0.0	10.0	0.0	0.0	0.0	0.0
0.0	0.0	0.0	0.0	0.0	1.0
7.0	322.0	0.0	3.0	0.0	23.0
0.0	106.0	0.0	0.0	0.0	0.0
7.0	216.0	0.0	3.0	0.0	23.0
2.0	0.0	0.0	0.0	0.0	0.0
5.0	216.0	0.0	3.0	0.0	23.0
5.0	202.0	0.0	3.0	0.0	16.0
1.0	134.0	0.0	3.0	0.0	5.0
0.0	10.0	0.0	3.0	0.0	1.0
0.0	10.0	0.0	0.0	0.0	1.0
0.0	8.0	0.0	0.0	0.0	0.0
0.0	2.0	0.0	0.0	0.0	1.0
0.0	2.0	0.0	0.0	0.0	0.0
0.0	0.0	0.0	0.0	0.0	1.0
0.0	0.0	0.0	3.0	0.0	0.0
1.0	124.0	0.0	0.0	0.0	4.0
1.0	40.0	0.0	0.0	0.0	4.0
1.0	35.0	0.0	0.0	0.0	0.0
1.0	2.0	0.0	0.0	0.0	0.0
0.0	2.0	0.0	0.0	0.0	0.0
1.0	0.0	0.0	0.0	0.0	0.0
0.0	33.0	0.0	0.0	0.0	0.0
0.0	5.0	0.0	0.0	0.0	4.0
0.0	0.0	0.0	0.0	0.0	4.0
0.0	5.0	0.0	0.0	0.0	0.0
0.0	84.0	0.0	0.0	0.0	0.0
4.0	68.0	0.0	0.0	0.0	11.0
4.0	10.0	0.0	0.0	0.0	6.0
1.0	10.0	0.0	0.0	0.0	1.0
0.0	0.0	0.0	0.0	0.0	1.0
1.0	10.0	0.0	0.0	0.0	0.0
1.0	1.0	0.0	0.0	0.0	0.0
0.0	9.0	0.0	0.0	0.0	0.0
3.0	0.0	0.0	0.0	0.0	5.0
3.0	0.0	0.0	0.0	0.0	0.0
0.0	0.0	0.0	0.0	0.0	5.0
0.0	58.0	0.0	0.0	0.0	5.0
0.0	11.0	0.0	0.0	0.0	4.0
0.0	0.0	0.0	0.0	0.0	2.0
0.0	11.0	0.0	0.0	0.0	2.0
0.0	7.0	0.0	0.0	0.0	0.0
0.0	4.0	0.0	0.0	0.0	2.0
0.0	47.0	0.0	0.0	0.0	1.0
0.0	12.0	0.0	0.0	0.0	1.0
0.0	2.0	0.0	0.0	0.0	1.0
0.0	1.0	0.0	0.0	0.0	0.0
0.0	1.0	0.0	0.0	0.0	1.0
0.0	10.0	0.0	0.0	0.0	0.0
0.0	35.0	0.0	0.0	0.0	0.0
0.0	14.0	0.0	0.0	0.0	7.0
0.0	0.0	0.0	0.0	0.0	3.0
0.0	14.0	0.0	0.0	0.0	4.0
0.0	0.0	0.0	0.0	0.0	2.0
0.0	14.0	0.0	0.0	0.0	2.0
0.0	14.0	0.0	0.0	0.0	0.0
0.0	0.0	0.0	0.0	0.0	2.0
3.0	250.0	0.0	0.0	0.0	1.0
0.0	232.0	0.0	0.0	0.0	1.0
0.0	215.0	0.0	0.0	0.0	0.0
0.0	17.0	0.0	0.0	0.0	1.0
0.0	0.0	0.0	0.0	0.0	1.0
0.0	17.0	0.0	0.0	0.0	0.0
3.0	18.0	0.0	0.0	0.0	0.0
3.0	1.0	0.0	0.0	0.0	0.0
2.0	0.0	0.0	0.0	0.0	0.0
1.0	1.0	0.0	0.0	0.0	0.0
0.0	1.0	0.0	0.0	0.0	0.0
1.0	0.0	0.0	0.0	0.0	0.0
0.0	17.0	0.0	0.0	0.0	0.0
56.0	199.0	0.0	0.0	0.0	20.0
7.0	106.0	0.0	0.0	0.0	8.0
1.0	104.0	0.0	0.0	0.0	4.0
0.0	1.0	0.0	0.0	0.0	2.0
0.0	1.0	0.0	0.0	0.0	0.0
0.0	0.0	0.0	0.0	0.0	2.0
1.0	103.0	0.0	0.0	0.0	2.0
1.0	16.0	0.0	0.0	0.0	2.0
1.0	16.0	0.0	0.0	0.0	0.0
0.0	16.0	0.0	0.0	0.0	0.0
1.0	0.0	0.0	0.0	0.0	0.0
0.0	0.0	0.0	0.0	0.0	2.0
0.0	87.0	0.0	0.0	0.0	0.0
6.0	2.0	0.0	0.0	0.0	4.0
6.0	2.0	0.0	0.0	0.0	0.0
0.0	1.0	0.0	0.0	0.0	0.0
6.0	1.0	0.0	0.0	0.0	0.0
0.0	1.0	0.0	0.0	0.0	0.0
6.0	0.0	0.0	0.0	0.0	0.0
0.0	0.0	0.0	0.0	0.0	4.0
49.0	93.0	0.0	0.0	0.0	12.0
46.0	34.0	0.0	0.0	0.0	4.0
0.0	11.0	0.0	0.0	0.0	2.0
0.0	0.0	0.0	0.0	0.0	1.0
0.0	11.0	0.0	0.0	0.0	1.0
0.0	0.0	0.0	0.0	0.0	1.0
0.0	11.0	0.0	0.0	0.0	0.0
46.0	23.0	0.0	0.0	0.0	2.0
38.0	10.0	0.0	0.0	0.0	1.0
6.0	6.0	0.0	0.0	0.0	0.0
0.0	6.0	0.0	0.0	0.0	0.0
6.0	0.0	0.0	0.0	0.0	0.0
32.0	4.0	0.0	0.0	0.0	1.0
0.0	2.0	0.0	0.0	0.0	0.0
32.0	2.0	0.0	0.0	0.0	1.0
32.0	2.0	0.0	0.0	0.0	0.0
0.0	1.0	0.0	0.0	0.0	0.0
32.0	1.0	0.0	0.0	0.0	0.0
8.0	1.0	0.0	0.0	0.0	0.0
8.0	0.0	0.0	0.0	0.0	0.0
0.0	1.0	0.0	0.0	0.0	0.0
24.0	0.0	0.0	0.0	0.0	0.0
0.0	0.0	0.0	0.0	0.0	1.0
8.0	13.0	0.0	0.0	0.0	1.0
1.0	13.0	0.0	0.0	0.0	1.0
1.0	2.0	0.0	0.0	0.0	1.0
1.0	0.0	0.0	0.0	0.0	1.0
1.0	0.0	0.0	0.0	0.0	0.0
0.0	0.0	0.0	0.0	0.0	1.0
0.0	2.0	0.0	0.0	0.0	0.0
0.0	11.0	0.0	0.0	0.0	0.0
7.0	0.0	0.0	0.0	0.0	0.0
3.0	59.0	0.0	0.0	0.0	8.0
3.0	36.0	0.0	0.0	0.0	0.0
0.0	31.0	0.0	0.0	0.0	0.0
3.0	5.0	0.0	0.0	0.0	0.0
0.0	5.0	0.0	0.0	0.0	0.0
3.0	0.0	0.0	0.0	0.0	0.0
0.0	23.0	0.0	0.0	0.0	8.0
0.0	23.0	0.0	0.0	0.0	4.0
0.0	20.0	0.0	0.0	0.0	1.0
0.0	1.0	0.0	0.0	0.0	1.0
0.0	0.0	0.0	0.0	0.0	1.0
0.0	1.0	0.0	0.0	0.0	0.0
0.0	19.0	0.0	0.0	0.0	0.0
0.0	3.0	0.0	0.0	0.0	3.0
0.0	0.0	0.0	0.0	0.0	3.0
0.0	3.0	0.0	0.0	0.0	0.0
0.0	0.0	0.0	0.0	0.0	4.0
131.0	79.0	0.0	0.0	0.0	13.0
117.0	29.0	0.0	0.0	0.0	12.0
56.0	29.0	0.0	0.0	0.0	10.0
52.0	17.0	0.0	0.0	0.0	6.0
42.0	4.0	0.0	0.0	0.0	4.0
42.0	2.0	0.0	0.0	0.0	2.0
30.0	0.0	0.0	0.0	0.0	0.0
12.0	2.0	0.0	0.0	0.0	2.0
0.0	1.0	0.0	0.0	0.0	2.0
0.0	1.0	0.0	0.0	0.0	0.0
0.0	0.0	0.0	0.0	0.0	2.0
12.0	1.0	0.0	0.0	0.0	0.0
12.0	0.0	0.0	0.0	0.0	0.0
0.0	1.0	0.0	0.0	0.0	0.0
0.0	2.0	0.0	0.0	0.0	2.0
0.0	0.0	0.0	0.0	0.0	2.0
0.0	2.0	0.0	0.0	0.0	0.0
10.0	13.0	0.0	0.0	0.0	2.0
4.0	13.0	0.0	0.0	0.0	2.0
1.0	0.0	0.0	0.0	0.0	2.0
3.0	13.0	0.0	0.0	0.0	0.0
2.0	13.0	0.0	0.0	0.0	0.0
1.0	0.0	0.0	0.0	0.0	0.0
1.0	13.0	0.0	0.0	0.0	0.0
0.0	11.0	0.0	0.0	0.0	0.0
1.0	2.0	0.0	0.0	0.0	0.0
1.0	0.0	0.0	0.0	0.0	0.0
0.0	2.0	0.0	0.0	0.0	0.0
1.0	0.0	0.0	0.0	0.0	0.0
6.0	0.0	0.0	0.0	0.0	0.0
4.0	12.0	0.0	0.0	0.0	4.0
4.0	1.0	0.0	0.0	0.0	0.0
0.0	1.0	0.0	0.0	0.0	0.0
4.0	0.0	0.0	0.0	0.0	0.0
0.0	11.0	0.0	0.0	0.0	4.0
0.0	7.0	0.0	0.0	0.0	0.0
0.0	4.0	0.0	0.0	0.0	4.0
0.0	0.0	0.0	0.0	0.0	1.0
0.0	4.0	0.0	0.0	0.0	3.0
0.0	2.0	0.0	0.0	0.0	3.0
0.0	0.0	0.0	0.0	0.0	1.0
0.0	2.0	0.0	0.0	0.0	2.0
0.0	2.0	0.0	0.0	0.0	0.0
61.0	0.0	0.0	0.0	0.0	2.0
0.0	0.0	0.0	0.0	0.0	2.0
61.0	0.0	0.0	0.0	0.0	0.0
14.0	50.0	0.0	0.0	0.0	1.0
6.0	0.0	0.0	0.0	0.0	0.0
8.0	50.0	0.0	0.0	0.0	1.0
5.0	2.0	0.0	0.0	0.0	0.0
1.0	2.0	0.0	0.0	0.0	0.0
0.0	2.0	0.0	0.0	0.0	0.0
1.0	0.0	0.0	0.0	0.0	0.0
4.0	0.0	0.0	0.0	0.0	0.0
3.0	48.0	0.0	0.0	0.0	1.0
1.0	48.0	0.0	0.0	0.0	1.0
0.0	48.0	0.0	0.0	0.0	1.0
0.0	37.0	0.0	0.0	0.0	0.0
0.0	11.0	0.0	0.0	0.0	1.0
0.0	0.0	0.0	0.0	0.0	1.0
0.0	11.0	0.0	0.0	0.0	0.0
1.0	0.0	0.0	0.0	0.0	0.0
2.0	0.0	0.0	0.0	0.0	0.0
