# Sizes (NFeatures, Nclasses, NodeCount, MaxDepth)
10	6	347	19
# Classes
0.0	1.0	2.0	3.0	4.0	5.0
# Feature Names
Nrows	Ncols	Nnnz	AvgNnnz	Density	MaxRowNnnz	MinRowNnnz	StdRowNnnz	NDiags	NTrueDiags
# Left
1	2	3	4	-1	-1	7	8	9	-1	-1	12	-1	14	-1	-1	17	18	-1	-1	21	-1	-1	24	25	26	27	28	29	30	31	-1	33	-1	-1	-1	-1	-1	39	40	-1	42	43	-1	-1	46	-1	48	-1	-1	51	-1	53	54	-1	-1	-1	58	59	60	61	-1	-1	64	65	-1	67	-1	-1	70	-1	72	-1	-1	75	-1	-1	-1	79	80	81	82	-1	84	-1	-1	87	88	89	90	91	-1	-1	-1	95	-1	-1	98	-1	-1	101	-1	-1	104	105	106	107	108	-1	110	-1	-1	-1	114	-1	-1	117	118	119	-1	-1	-1	-1	124	125	-1	-1	-1	129	130	131	-1	133	-1	135	136	-1	-1	-1	140	141	142	-1	144	-1	146	147	148	149	150	151	152	153	-1	-1	-1	157	158	-1	-1	-1	-1	163	164	-1	-1	167	168	-1	-1	-1	-1	173	174	-1	-1	177	178	179	180	-1	-1	183	-1	185	-1	-1	188	-1	-1	191	-1	-1	194	-1	196	-1	198	-1	200	201	202	-1	204	-1	-1	207	208	-1	-1	-1	212	-1	214	-1	-1	217	-1	-1	220	221	-1	-1	-1	-1	226	227	228	229	230	231	232	-1	-1	-1	236	-1	238	-1	-1	241	242	-1	244	-1	-1	247	248	249	250	-1	-1	-1	-1	255	256	257	-1	-1	-1	-1	262	-1	264	-1	266	-1	-1	269	270	-1	-1	273	274	275	-1	-1	278	279	-1	281	-1	-1	-1	-1	286	-1	288	-1	-1	291	292	293	294	-1	-1	297	298	299	-1	-1	302	-1	304	305	-1	-1	-1	309	-1	311	-1	313	314	315	-1	-1	318	-1	320	-1	-1	-1	324	-1	326	327	-1	-1	-1	331	332	333	-1	335	-1	-1	338	-1	-1	341	-1	343	344	-1	-1	-1
# Right
290	23	6	5	-1	-1	16	11	10	-1	-1	13	-1	15	-1	-1	20	19	-1	-1	22	-1	-1	225	78	57	38	37	36	35	32	-1	34	-1	-1	-1	-1	-1	50	41	-1	45	44	-1	-1	47	-1	49	-1	-1	52	-1	56	55	-1	-1	-1	77	74	63	62	-1	-1	69	66	-1	68	-1	-1	71	-1	73	-1	-1	76	-1	-1	-1	128	103	86	83	-1	85	-1	-1	100	97	94	93	92	-1	-1	-1	96	-1	-1	99	-1	-1	102	-1	-1	123	116	113	112	109	-1	111	-1	-1	-1	115	-1	-1	122	121	120	-1	-1	-1	-1	127	126	-1	-1	-1	224	139	132	-1	134	-1	138	137	-1	-1	-1	219	216	143	-1	145	-1	193	172	171	162	161	156	155	154	-1	-1	-1	160	159	-1	-1	-1	-1	166	165	-1	-1	170	169	-1	-1	-1	-1	176	175	-1	-1	190	187	182	181	-1	-1	184	-1	186	-1	-1	189	-1	-1	192	-1	-1	195	-1	197	-1	199	-1	211	206	203	-1	205	-1	-1	210	209	-1	-1	-1	213	-1	215	-1	-1	218	-1	-1	223	222	-1	-1	-1	-1	285	268	261	240	235	234	233	-1	-1	-1	237	-1	239	-1	-1	246	243	-1	245	-1	-1	254	253	252	251	-1	-1	-1	-1	260	259	258	-1	-1	-1	-1	263	-1	265	-1	267	-1	-1	272	271	-1	-1	284	277	276	-1	-1	283	280	-1	282	-1	-1	-1	-1	287	-1	289	-1	-1	330	323	296	295	-1	-1	308	301	300	-1	-1	303	-1	307	306	-1	-1	-1	310	-1	312	-1	322	317	316	-1	-1	319	-1	321	-1	-1	-1	325	-1	329	328	-1	-1	-1	340	337	334	-1	336	-1	-1	339	-1	-1	342	-1	346	345	-1	-1	-1
# Threshold
1528.5	309.0	1.5	49.0	-2.0	-2.0	3.7412549257278442	38.5	36.5	-2.0	-2.0	37.5	-2.0	75.5	-2.0	-2.0	13.0	0.12103050202131271	-2.0	-2.0	11.5	-2.0	-2.0	235.0	556.0	288.5	18.0	2881.5	2726.5	4.791625022888184	4.5	-2.0	231.0	-2.0	-2.0	-2.0	-2.0	-2.0	1.5	41.5	-2.0	2.7974849939346313	1.9668699502944946	-2.0	-2.0	219.5	-2.0	398.0	-2.0	-2.0	46.5	-2.0	57.5	155.5	-2.0	-2.0	-2.0	18.756800651550293	11.0	329.0	0.02013567928224802	-2.0	-2.0	4.5	7.412955045700073	-2.0	8.197770118713379	-2.0	-2.0	392.5	-2.0	2.5	-2.0	-2.0	11.03026008605957	-2.0	-2.0	-2.0	0.5	673588.0	2.547559976577759	3459.0	-2.0	161608.5	-2.0	-2.0	207.5	22.9264497756958	20265.0	0.5	9525.0	-2.0	-2.0	-2.0	142416.0	-2.0	-2.0	26.192099571228027	-2.0	-2.0	2408.5	-2.0	-2.0	57291.0	3.28392493724823	61.0	57.0	2.289240001118742e-05	-2.0	0.5	-2.0	-2.0	-2.0	4.787230014801025	-2.0	-2.0	93860700.0	52728.0	25790.0	-2.0	-2.0	-2.0	-2.0	2.1334099769592285	0.6188770234584808	-2.0	-2.0	-2.0	279508504.0	6.5	0.0014437600038945675	-2.0	2.5	-2.0	11290.5	4.5	-2.0	-2.0	-2.0	15.5	18.0	0.0002540170098654926	-2.0	0.0002581705048214644	-2.0	4892.5	7882.0	7757.0	3.7410300970077515	10.0	0.002952415030449629	3.9480600357055664	1318.0	-2.0	-2.0	-2.0	2790.0	2560.0	-2.0	-2.0	-2.0	-2.0	5853.5	888.5	-2.0	-2.0	2.0	4.013415098190308	-2.0	-2.0	-2.0	-2.0	3.5	6912.0	-2.0	-2.0	0.020349849946796894	26848.0	7.5	0.0028877300210297108	-2.0	-2.0	6.815850019454956	-2.0	7.1653101444244385	-2.0	-2.0	29014.5	-2.0	-2.0	15.531949520111084	-2.0	-2.0	5042.5	-2.0	0.00027605349896475673	-2.0	0.887800008058548	-2.0	0.0013474450097419322	0.00028360000578686595	13250.5	-2.0	13273.5	-2.0	-2.0	0.00041495250479783863	0.0003902155003743246	-2.0	-2.0	-2.0	5.0	-2.0	19.86794948577881	-2.0	-2.0	57.276100158691406	-2.0	-2.0	20591.5	465.0	-2.0	-2.0	-2.0	-2.0	1115.0	1010565.0	61.035400390625	3642.0	479.5	4.7833099365234375	3.6242899894714355	-2.0	-2.0	-2.0	618.5	-2.0	8.0	-2.0	-2.0	12.673799991607666	0.5	-2.0	2.8127949917688966e-05	-2.0	-2.0	12.024399757385254	1042.0	15.35819959640503	14.409950256347656	-2.0	-2.0	-2.0	-2.0	10554.0	5091.0	19.727100372314453	-2.0	-2.0	-2.0	-2.0	107.51279830932617	-2.0	969.5	-2.0	4022.0	-2.0	-2.0	249.0	25.08236026763916	-2.0	-2.0	0.01693265000358224	7.412629842758179	6.075974941253662	-2.0	-2.0	6.0	18.0	-2.0	35998.5	-2.0	-2.0	-2.0	-2.0	30067.0	-2.0	7.8893349170684814	-2.0	-2.0	7.0	1.5	1.5171200175245758e-05	246111488.0	-2.0	-2.0	9.773489952087402	1.5	14240.5	-2.0	-2.0	9.620840137358755e-05	-2.0	3.5	7.672449827194214	-2.0	-2.0	-2.0	4864.5	-2.0	1898.0	-2.0	3954035.0	2697.0	0.0013743999879807234	-2.0	-2.0	388321.0	-2.0	0.00023324150242842734	-2.0	-2.0	-2.0	2391370.0	-2.0	5467.0	5039710.0	-2.0	-2.0	-2.0	2.5	14181.0	34610.0	-2.0	8001.0	-2.0	-2.0	924191.5	-2.0	-2.0	1634.0	-2.0	58469.5	29.0	-2.0	-2.0	-2.0
# Feature
5	2	6	2	-2	-2	3	2	2	-2	-2	8	-2	8	-2	-2	5	7	-2	-2	9	-2	-2	5	0	8	8	2	2	3	5	-2	1	-2	-2	-2	-2	-2	6	8	-2	7	7	-2	-2	8	-2	1	-2	-2	5	-2	5	1	-2	-2	-2	7	9	8	4	-2	-2	6	7	-2	7	-2	-2	0	-2	9	-2	-2	3	-2	-2	-2	9	2	3	1	-2	0	-2	-2	5	7	8	6	8	-2	-2	-2	2	-2	-2	7	-2	-2	8	-2	-2	8	7	5	5	4	-2	6	-2	-2	-2	3	-2	-2	2	0	0	-2	-2	-2	-2	3	7	-2	-2	-2	2	8	4	-2	6	-2	2	5	-2	-2	-2	9	6	4	-2	4	-2	8	2	2	7	9	4	3	0	-2	-2	-2	2	2	-2	-2	-2	-2	2	8	-2	-2	6	7	-2	-2	-2	-2	5	0	-2	-2	4	0	8	4	-2	-2	7	-2	7	-2	-2	1	-2	-2	7	-2	-2	0	-2	4	-2	7	-2	4	4	0	-2	1	-2	-2	4	4	-2	-2	-2	6	-2	3	-2	-2	3	-2	-2	2	8	-2	-2	-2	-2	5	2	7	8	5	3	3	-2	-2	-2	1	-2	9	-2	-2	7	6	-2	4	-2	-2	3	5	7	7	-2	-2	-2	-2	0	8	7	-2	-2	-2	-2	7	-2	8	-2	0	-2	-2	5	7	-2	-2	4	3	3	-2	-2	9	6	-2	0	-2	-2	-2	-2	8	-2	3	-2	-2	9	6	4	2	-2	-2	3	9	8	-2	-2	4	-2	9	3	-2	-2	-2	1	-2	5	-2	8	5	4	-2	-2	8	-2	4	-2	-2	-2	2	-2	5	2	-2	-2	-2	6	8	2	-2	5	-2	-2	8	-2	-2	5	-2	1	9	-2	-2	-2
# Values
186.0	1367.0	30.0	3.0	1.0	96.0
78.0	1283.0	30.0	3.0	1.0	87.0
0.0	32.0	15.0	2.0	0.0	0.0
0.0	18.0	1.0	0.0	0.0	0.0
0.0	0.0	1.0	0.0	0.0	0.0
0.0	18.0	0.0	0.0	0.0	0.0
0.0	14.0	14.0	2.0	0.0	0.0
0.0	3.0	12.0	1.0	0.0	0.0
0.0	2.0	0.0	1.0	0.0	0.0
0.0	0.0	0.0	1.0	0.0	0.0
0.0	2.0	0.0	0.0	0.0	0.0
0.0	1.0	12.0	0.0	0.0	0.0
0.0	0.0	11.0	0.0	0.0	0.0
0.0	1.0	1.0	0.0	0.0	0.0
0.0	1.0	0.0	0.0	0.0	0.0
0.0	0.0	1.0	0.0	0.0	0.0
0.0	11.0	2.0	1.0	0.0	0.0
0.0	10.0	0.0	1.0	0.0	0.0
0.0	0.0	0.0	1.0	0.0	0.0
0.0	10.0	0.0	0.0	0.0	0.0
0.0	1.0	2.0	0.0	0.0	0.0
0.0	0.0	2.0	0.0	0.0	0.0
0.0	1.0	0.0	0.0	0.0	0.0
78.0	1251.0	15.0	1.0	1.0	87.0
36.0	1039.0	15.0	1.0	1.0	67.0
17.0	160.0	10.0	1.0	0.0	14.0
2.0	111.0	10.0	0.0	0.0	7.0
0.0	16.0	8.0	0.0	0.0	3.0
0.0	16.0	3.0	0.0	0.0	3.0
0.0	16.0	3.0	0.0	0.0	1.0
0.0	6.0	3.0	0.0	0.0	1.0
0.0	6.0	0.0	0.0	0.0	0.0
0.0	0.0	3.0	0.0	0.0	1.0
0.0	0.0	0.0	0.0	0.0	1.0
0.0	0.0	3.0	0.0	0.0	0.0
0.0	10.0	0.0	0.0	0.0	0.0
0.0	0.0	0.0	0.0	0.0	2.0
0.0	0.0	5.0	0.0	0.0	0.0
2.0	95.0	2.0	0.0	0.0	4.0
1.0	26.0	2.0	0.0	0.0	3.0
0.0	0.0	2.0	0.0	0.0	0.0
1.0	26.0	0.0	0.0	0.0	3.0
0.0	6.0	0.0	0.0	0.0	3.0
0.0	6.0	0.0	0.0	0.0	0.0
0.0	0.0	0.0	0.0	0.0	3.0
1.0	20.0	0.0	0.0	0.0	0.0
0.0	19.0	0.0	0.0	0.0	0.0
1.0	1.0	0.0	0.0	0.0	0.0
1.0	0.0	0.0	0.0	0.0	0.0
0.0	1.0	0.0	0.0	0.0	0.0
1.0	69.0	0.0	0.0	0.0	1.0
0.0	63.0	0.0	0.0	0.0	0.0
1.0	6.0	0.0	0.0	0.0	1.0
1.0	0.0	0.0	0.0	0.0	1.0
1.0	0.0	0.0	0.0	0.0	0.0
0.0	0.0	0.0	0.0	0.0	1.0
0.0	6.0	0.0	0.0	0.0	0.0
15.0	49.0	0.0	1.0	0.0	7.0
15.0	49.0	0.0	1.0	0.0	5.0
10.0	46.0	0.0	1.0	0.0	5.0
8.0	23.0	0.0	0.0	0.0	5.0
5.0	19.0	0.0	0.0	0.0	5.0
3.0	4.0	0.0	0.0	0.0	0.0
2.0	23.0	0.0	1.0	0.0	0.0
1.0	20.0	0.0	0.0	0.0	0.0
0.0	15.0	0.0	0.0	0.0	0.0
1.0	5.0	0.0	0.0	0.0	0.0
1.0	0.0	0.0	0.0	0.0	0.0
0.0	5.0	0.0	0.0	0.0	0.0
1.0	3.0	0.0	1.0	0.0	0.0
0.0	0.0	0.0	1.0	0.0	0.0
1.0	3.0	0.0	0.0	0.0	0.0
1.0	2.0	0.0	0.0	0.0	0.0
0.0	1.0	0.0	0.0	0.0	0.0
5.0	3.0	0.0	0.0	0.0	0.0
3.0	3.0	0.0	0.0	0.0	0.0
2.0	0.0	0.0	0.0	0.0	0.0
0.0	0.0	0.0	0.0	0.0	2.0
19.0	879.0	5.0	0.0	1.0	53.0
8.0	161.0	0.0	0.0	0.0	24.0
7.0	119.0	0.0	0.0	0.0	6.0
5.0	4.0	0.0	0.0	0.0	0.0
0.0	3.0	0.0	0.0	0.0	0.0
5.0	1.0	0.0	0.0	0.0	0.0
5.0	0.0	0.0	0.0	0.0	0.0
0.0	1.0	0.0	0.0	0.0	0.0
2.0	115.0	0.0	0.0	0.0	6.0
0.0	114.0	0.0	0.0	0.0	6.0
0.0	101.0	0.0	0.0	0.0	3.0
0.0	89.0	0.0	0.0	0.0	1.0
0.0	7.0	0.0	0.0	0.0	1.0
0.0	7.0	0.0	0.0	0.0	0.0
0.0	0.0	0.0	0.0	0.0	1.0
0.0	82.0	0.0	0.0	0.0	0.0
0.0	12.0	0.0	0.0	0.0	2.0
0.0	0.0	0.0	0.0	0.0	2.0
0.0	12.0	0.0	0.0	0.0	0.0
0.0	13.0	0.0	0.0	0.0	3.0
0.0	0.0	0.0	0.0	0.0	3.0
0.0	13.0	0.0	0.0	0.0	0.0
2.0	1.0	0.0	0.0	0.0	0.0
0.0	1.0	0.0	0.0	0.0	0.0
2.0	0.0	0.0	0.0	0.0	0.0
1.0	42.0	0.0	0.0	0.0	18.0
0.0	24.0	0.0	0.0	0.0	18.0
0.0	4.0	0.0	0.0	0.0	12.0
0.0	3.0	0.0	0.0	0.0	2.0
0.0	1.0	0.0	0.0	0.0	2.0
0.0	0.0	0.0	0.0	0.0	1.0
0.0	1.0	0.0	0.0	0.0	1.0
0.0	0.0	0.0	0.0	0.0	1.0
0.0	1.0	0.0	0.0	0.0	0.0
0.0	2.0	0.0	0.0	0.0	0.0
0.0	1.0	0.0	0.0	0.0	10.0
0.0	1.0	0.0	0.0	0.0	0.0
0.0	0.0	0.0	0.0	0.0	10.0
0.0	20.0	0.0	0.0	0.0	6.0
0.0	20.0	0.0	0.0	0.0	3.0
0.0	3.0	0.0	0.0	0.0	3.0
0.0	3.0	0.0	0.0	0.0	0.0
0.0	0.0	0.0	0.0	0.0	3.0
0.0	17.0	0.0	0.0	0.0	0.0
0.0	0.0	0.0	0.0	0.0	3.0
1.0	18.0	0.0	0.0	0.0	0.0
1.0	2.0	0.0	0.0	0.0	0.0
0.0	2.0	0.0	0.0	0.0	0.0
1.0	0.0	0.0	0.0	0.0	0.0
0.0	16.0	0.0	0.0	0.0	0.0
11.0	718.0	5.0	0.0	1.0	29.0
11.0	718.0	5.0	0.0	1.0	28.0
0.0	19.0	5.0	0.0	0.0	0.0
0.0	15.0	0.0	0.0	0.0	0.0
0.0	4.0	5.0	0.0	0.0	0.0
0.0	0.0	2.0	0.0	0.0	0.0
0.0	4.0	3.0	0.0	0.0	0.0
0.0	4.0	2.0	0.0	0.0	0.0
0.0	1.0	0.0	0.0	0.0	0.0
0.0	3.0	2.0	0.0	0.0	0.0
0.0	0.0	1.0	0.0	0.0	0.0
11.0	699.0	0.0	0.0	1.0	28.0
9.0	452.0	0.0	0.0	1.0	28.0
9.0	449.0	0.0	0.0	1.0	25.0
0.0	157.0	0.0	0.0	0.0	0.0
9.0	292.0	0.0	0.0	1.0	25.0
2.0	0.0	0.0	0.0	0.0	0.0
7.0	292.0	0.0	0.0	1.0	25.0
6.0	252.0	0.0	0.0	1.0	13.0
6.0	106.0	0.0	0.0	1.0	8.0
6.0	106.0	0.0	0.0	1.0	6.0
5.0	62.0	0.0	0.0	0.0	0.0
4.0	62.0	0.0	0.0	0.0	0.0
3.0	15.0	0.0	0.0	0.0	0.0
1.0	15.0	0.0	0.0	0.0	0.0
1.0	0.0	0.0	0.0	0.0	0.0
0.0	15.0	0.0	0.0	0.0	0.0
2.0	0.0	0.0	0.0	0.0	0.0
1.0	47.0	0.0	0.0	0.0	0.0
1.0	6.0	0.0	0.0	0.0	0.0
0.0	6.0	0.0	0.0	0.0	0.0
1.0	0.0	0.0	0.0	0.0	0.0
0.0	41.0	0.0	0.0	0.0	0.0
1.0	0.0	0.0	0.0	0.0	0.0
1.0	44.0	0.0	0.0	1.0	6.0
0.0	1.0	0.0	0.0	0.0	1.0
0.0	1.0	0.0	0.0	0.0	0.0
0.0	0.0	0.0	0.0	0.0	1.0
1.0	43.0	0.0	0.0	1.0	5.0
1.0	42.0	0.0	0.0	1.0	4.0
1.0	31.0	0.0	0.0	1.0	4.0
0.0	11.0	0.0	0.0	0.0	0.0
0.0	1.0	0.0	0.0	0.0	1.0
0.0	0.0	0.0	0.0	0.0	2.0
0.0	146.0	0.0	0.0	0.0	5.0
0.0	1.0	0.0	0.0	0.0	1.0
0.0	0.0	0.0	0.0	0.0	1.0
0.0	1.0	0.0	0.0	0.0	0.0
0.0	145.0	0.0	0.0	0.0	4.0
0.0	142.0	0.0	0.0	0.0	3.0
0.0	137.0	0.0	0.0	0.0	2.0
0.0	5.0	0.0	0.0	0.0	1.0
0.0	5.0	0.0	0.0	0.0	0.0
0.0	0.0	0.0	0.0	0.0	1.0
0.0	132.0	0.0	0.0	0.0	1.0
0.0	107.0	0.0	0.0	0.0	0.0
0.0	25.0	0.0	0.0	0.0	1.0
0.0	0.0	0.0	0.0	0.0	1.0
0.0	25.0	0.0	0.0	0.0	0.0
0.0	5.0	0.0	0.0	0.0	1.0
0.0	0.0	0.0	0.0	0.0	1.0
0.0	5.0	0.0	0.0	0.0	0.0
0.0	3.0	0.0	0.0	0.0	1.0
0.0	3.0	0.0	0.0	0.0	0.0
0.0	0.0	0.0	0.0	0.0	1.0
1.0	40.0	0.0	0.0	0.0	12.0
0.0	0.0	0.0	0.0	0.0	3.0
1.0	40.0	0.0	0.0	0.0	9.0
0.0	0.0	0.0	0.0	0.0	3.0
1.0	40.0	0.0	0.0	0.0	6.0
0.0	0.0	0.0	0.0	0.0	1.0
1.0	40.0	0.0	0.0	0.0	5.0
1.0	34.0	0.0	0.0	0.0	2.0
1.0	3.0	0.0	0.0	0.0	1.0
1.0	0.0	0.0	0.0	0.0	0.0
0.0	3.0	0.0	0.0	0.0	1.0
0.0	1.0	0.0	0.0	0.0	1.0
0.0	2.0	0.0	0.0	0.0	0.0
0.0	31.0	0.0	0.0	0.0	1.0
0.0	7.0	0.0	0.0	0.0	1.0
0.0	7.0	0.0	0.0	0.0	0.0
0.0	0.0	0.0	0.0	0.0	1.0
0.0	24.0	0.0	0.0	0.0	0.0
0.0	6.0	0.0	0.0	0.0	3.0
0.0	5.0	0.0	0.0	0.0	0.0
0.0	1.0	0.0	0.0	0.0	3.0
0.0	1.0	0.0	0.0	0.0	0.0
0.0	0.0	0.0	0.0	0.0	3.0
0.0	3.0	0.0	0.0	0.0	3.0
0.0	3.0	0.0	0.0	0.0	2.0
0.0	0.0	0.0	0.0	0.0	1.0
2.0	247.0	0.0	0.0	0.0	0.0
2.0	15.0	0.0	0.0	0.0	0.0
0.0	15.0	0.0	0.0	0.0	0.0
2.0	0.0	0.0	0.0	0.0	0.0
0.0	232.0	0.0	0.0	0.0	0.0
0.0	0.0	0.0	0.0	0.0	1.0
42.0	212.0	0.0	0.0	0.0	20.0
39.0	126.0	0.0	0.0	0.0	19.0
38.0	64.0	0.0	0.0	0.0	14.0
36.0	62.0	0.0	0.0	0.0	4.0
5.0	35.0	0.0	0.0	0.0	2.0
0.0	28.0	0.0	0.0	0.0	1.0
0.0	2.0	0.0	0.0	0.0	1.0
0.0	2.0	0.0	0.0	0.0	0.0
0.0	0.0	0.0	0.0	0.0	1.0
0.0	26.0	0.0	0.0	0.0	0.0
5.0	7.0	0.0	0.0	0.0	1.0
5.0	0.0	0.0	0.0	0.0	0.0
0.0	7.0	0.0	0.0	0.0	1.0
0.0	0.0	0.0	0.0	0.0	1.0
0.0	7.0	0.0	0.0	0.0	0.0
31.0	27.0	0.0	0.0	0.0	2.0
2.0	11.0	0.0	0.0	0.0	1.0
2.0	0.0	0.0	0.0	0.0	0.0
0.0	11.0	0.0	0.0	0.0	1.0
0.0	0.0	0.0	0.0	0.0	1.0
0.0	11.0	0.0	0.0	0.0	0.0
29.0	16.0	0.0	0.0	0.0	1.0
24.0	3.0	0.0	0.0	0.0	0.0
24.0	2.0	0.0	0.0	0.0	0.0
8.0	2.0	0.0	0.0	0.0	0.0
8.0	0.0	0.0	0.0	0.0	0.0
0.0	2.0	0.0	0.0	0.0	0.0
16.0	0.0	0.0	0.0	0.0	0.0
0.0	1.0	0.0	0.0	0.0	0.0
5.0	13.0	0.0	0.0	0.0	1.0
5.0	4.0	0.0	0.0	0.0	1.0
0.0	4.0	0.0	0.0	0.0	1.0
0.0	0.0	0.0	0.0	0.0	1.0
0.0	4.0	0.0	0.0	0.0	0.0
5.0	0.0	0.0	0.0	0.0	0.0
0.0	9.0	0.0	0.0	0.0	0.0
2.0	2.0	0.0	0.0	0.0	10.0
0.0	0.0	0.0	0.0	0.0	10.0
2.0	2.0	0.0	0.0	0.0	0.0
0.0	1.0	0.0	0.0	0.0	0.0
2.0	1.0	0.0	0.0	0.0	0.0
1.0	1.0	0.0	0.0	0.0	0.0
1.0	0.0	0.0	0.0	0.0	0.0
1.0	62.0	0.0	0.0	0.0	5.0
1.0	0.0	0.0	0.0	0.0	1.0
1.0	0.0	0.0	0.0	0.0	0.0
0.0	0.0	0.0	0.0	0.0	1.0
0.0	62.0	0.0	0.0	0.0	4.0
0.0	62.0	0.0	0.0	0.0	3.0
0.0	7.0	0.0	0.0	0.0	2.0
0.0	7.0	0.0	0.0	0.0	0.0
0.0	0.0	0.0	0.0	0.0	2.0
0.0	55.0	0.0	0.0	0.0	1.0
0.0	12.0	0.0	0.0	0.0	1.0
0.0	10.0	0.0	0.0	0.0	0.0
0.0	2.0	0.0	0.0	0.0	1.0
0.0	2.0	0.0	0.0	0.0	0.0
0.0	0.0	0.0	0.0	0.0	1.0
0.0	43.0	0.0	0.0	0.0	0.0
0.0	0.0	0.0	0.0	0.0	1.0
3.0	86.0	0.0	0.0	0.0	1.0
0.0	86.0	0.0	0.0	0.0	0.0
3.0	0.0	0.0	0.0	0.0	1.0
3.0	0.0	0.0	0.0	0.0	0.0
0.0	0.0	0.0	0.0	0.0	1.0
108.0	84.0	0.0	0.0	0.0	9.0
95.0	33.0	0.0	0.0	0.0	7.0
55.0	31.0	0.0	0.0	0.0	6.0
27.0	1.0	0.0	0.0	0.0	0.0
27.0	0.0	0.0	0.0	0.0	0.0
0.0	1.0	0.0	0.0	0.0	0.0
28.0	30.0	0.0	0.0	0.0	6.0
24.0	8.0	0.0	0.0	0.0	2.0
17.0	0.0	0.0	0.0	0.0	1.0
0.0	0.0	0.0	0.0	0.0	1.0
17.0	0.0	0.0	0.0	0.0	0.0
7.0	8.0	0.0	0.0	0.0	1.0
0.0	7.0	0.0	0.0	0.0	0.0
7.0	1.0	0.0	0.0	0.0	1.0
1.0	1.0	0.0	0.0	0.0	1.0
1.0	0.0	0.0	0.0	0.0	0.0
0.0	1.0	0.0	0.0	0.0	1.0
6.0	0.0	0.0	0.0	0.0	0.0
4.0	22.0	0.0	0.0	0.0	4.0
0.0	0.0	0.0	0.0	0.0	2.0
4.0	22.0	0.0	0.0	0.0	2.0
2.0	0.0	0.0	0.0	0.0	0.0
2.0	22.0	0.0	0.0	0.0	2.0
2.0	22.0	0.0	0.0	0.0	1.0
2.0	5.0	0.0	0.0	0.0	0.0
2.0	0.0	0.0	0.0	0.0	0.0
0.0	5.0	0.0	0.0	0.0	0.0
0.0	17.0	0.0	0.0	0.0	1.0
0.0	14.0	0.0	0.0	0.0	0.0
0.0	3.0	0.0	0.0	0.0	1.0
0.0	3.0	0.0	0.0	0.0	0.0
0.0	0.0	0.0	0.0	0.0	1.0
0.0	0.0	0.0	0.0	0.0	1.0
40.0	2.0	0.0	0.0	0.0	1.0
33.0	0.0	0.0	0.0	0.0	0.0
7.0	2.0	0.0	0.0	0.0	1.0
0.0	2.0	0.0	0.0	0.0	1.0
0.0	2.0	0.0	0.0	0.0	0.0
0.0	0.0	0.0	0.0	0.0	1.0
7.0	0.0	0.0	0.0	0.0	0.0
13.0	51.0	0.0	0.0	0.0	2.0
13.0	10.0	0.0	0.0	0.0	0.0
3.0	8.0	0.0	0.0	0.0	0.0
2.0	0.0	0.0	0.0	0.0	0.0
1.0	8.0	0.0	0.0	0.0	0.0
0.0	8.0	0.0	0.0	0.0	0.0
1.0	0.0	0.0	0.0	0.0	0.0
10.0	2.0	0.0	0.0	0.0	0.0
10.0	0.0	0.0	0.0	0.0	0.0
0.0	2.0	0.0	0.0	0.0	0.0
0.0	41.0	0.0	0.0	0.0	2.0
0.0	0.0	0.0	0.0	0.0	1.0
0.0	41.0	0.0	0.0	0.0	1.0
0.0	7.0	0.0	0.0	0.0	1.0
0.0	0.0	0.0	0.0	0.0	1.0
0.0	7.0	0.0	0.0	0.0	0.0
0.0	34.0	0.0	0.0	0.0	0.0
