# Sizes (NFeatures, Nclasses, NodeCount, MaxDepth)
10	6	337	19
# Classes
0.0	1.0	2.0	3.0	4.0	5.0
# Feature Names
Nrows	Ncols	Nnnz	AvgNnnz	Density	MaxRowNnnz	MinRowNnnz	StdRowNnnz	NDiags	NTrueDiags
# Left
1	2	3	4	5	6	7	8	9	10	-1	-1	13	-1	15	-1	-1	-1	19	-1	-1	22	23	24	-1	26	27	28	-1	-1	-1	-1	-1	-1	35	36	37	-1	-1	-1	41	-1	-1	44	45	-1	-1	48	-1	-1	51	52	53	54	55	56	57	58	-1	-1	-1	-1	63	64	-1	66	67	68	-1	-1	-1	72	73	-1	-1	-1	77	-1	-1	-1	81	82	83	-1	85	86	87	88	-1	-1	91	92	93	94	-1	96	-1	98	-1	-1	101	102	-1	-1	105	106	-1	-1	-1	-1	-1	112	113	114	115	116	117	118	-1	-1	121	122	-1	-1	125	-1	-1	128	-1	-1	-1	-1	-1	-1	135	136	-1	-1	139	-1	141	-1	143	144	-1	-1	-1	-1	149	150	151	152	153	-1	155	156	-1	-1	-1	-1	161	-1	163	164	-1	166	-1	-1	-1	170	171	-1	-1	174	175	176	-1	178	-1	-1	-1	182	183	-1	-1	186	187	188	-1	190	-1	-1	-1	194	195	-1	-1	198	-1	-1	-1	202	-1	-1	205	206	-1	-1	209	210	211	212	-1	-1	-1	216	-1	218	219	-1	-1	-1	-1	224	225	226	227	-1	229	-1	231	-1	-1	234	-1	-1	237	-1	239	-1	241	-1	243	-1	-1	246	247	248	249	250	-1	-1	253	-1	255	256	-1	-1	259	-1	-1	-1	263	264	-1	-1	-1	268	269	-1	-1	272	273	274	-1	-1	277	-1	279	-1	-1	282	283	-1	-1	286	-1	-1	289	290	291	292	-1	294	295	296	-1	298	-1	-1	-1	-1	303	304	305	306	-1	308	309	-1	-1	-1	-1	314	-1	-1	317	-1	319	320	-1	-1	-1	-1	325	326	327	328	-1	-1	-1	-1	333	-1	335	-1	-1
# Right
288	223	50	43	34	21	18	17	12	11	-1	-1	14	-1	16	-1	-1	-1	20	-1	-1	33	32	25	-1	31	30	29	-1	-1	-1	-1	-1	-1	40	39	38	-1	-1	-1	42	-1	-1	47	46	-1	-1	49	-1	-1	204	201	80	79	62	61	60	59	-1	-1	-1	-1	76	65	-1	71	70	69	-1	-1	-1	75	74	-1	-1	-1	78	-1	-1	-1	148	147	84	-1	134	111	90	89	-1	-1	110	109	100	95	-1	97	-1	99	-1	-1	104	103	-1	-1	108	107	-1	-1	-1	-1	-1	133	132	131	130	127	120	119	-1	-1	124	123	-1	-1	126	-1	-1	129	-1	-1	-1	-1	-1	-1	138	137	-1	-1	140	-1	142	-1	146	145	-1	-1	-1	-1	200	169	160	159	154	-1	158	157	-1	-1	-1	-1	162	-1	168	165	-1	167	-1	-1	-1	173	172	-1	-1	181	180	177	-1	179	-1	-1	-1	185	184	-1	-1	193	192	189	-1	191	-1	-1	-1	197	196	-1	-1	199	-1	-1	-1	203	-1	-1	208	207	-1	-1	222	215	214	213	-1	-1	-1	217	-1	221	220	-1	-1	-1	-1	245	236	233	228	-1	230	-1	232	-1	-1	235	-1	-1	238	-1	240	-1	242	-1	244	-1	-1	267	262	261	252	251	-1	-1	254	-1	258	257	-1	-1	260	-1	-1	-1	266	265	-1	-1	-1	271	270	-1	-1	281	276	275	-1	-1	278	-1	280	-1	-1	285	284	-1	-1	287	-1	-1	324	323	302	293	-1	301	300	297	-1	299	-1	-1	-1	-1	316	313	312	307	-1	311	310	-1	-1	-1	-1	315	-1	-1	318	-1	322	321	-1	-1	-1	-1	332	331	330	329	-1	-1	-1	-1	334	-1	336	-1	-1
# Threshold
1360.0	231.5	19.5	7998.0	9.5	6.5	3348.0	4.3626649379730225	351.0	117.0	-2.0	-2.0	1137.5	-2.0	450.0	-2.0	-2.0	-2.0	1480.5	-2.0	-2.0	1125.0	5.5	0.011150594800710678	-2.0	0.2796040028333664	0.6253099739551544	325.0	-2.0	-2.0	-2.0	-2.0	-2.0	-2.0	17.5	1.240964949131012	13.5	-2.0	-2.0	-2.0	7.954545021057129	-2.0	-2.0	15.0	0.0028877300210297108	-2.0	-2.0	14.0	-2.0	-2.0	20.25195026397705	20.069049835205078	11.5	0.20920149981975555	86.0	83.0	24.5	9.5	-2.0	-2.0	-2.0	-2.0	2.8925000429153442	9.5	-2.0	3.5	1.0385315120220184	4594.0	-2.0	-2.0	-2.0	160141.5	68396.5	-2.0	-2.0	-2.0	5.565925121307373	-2.0	-2.0	-2.0	1.5	28.0	307.0	-2.0	9.622294902801514	3.686284899711609	1.6353600025177002	21774.0	-2.0	-2.0	3.6771849393844604	5.433645009994507	3.58351993560791	24602.5	-2.0	136291.5	-2.0	39.5	-2.0	-2.0	0.00027605349896475673	3.6323500871658325	-2.0	-2.0	3.6085950136184692	16691.5	-2.0	-2.0	-2.0	-2.0	-2.0	1386817.5	4.996520042419434	4.98778510093689	71.0	61.5	2.4615050554275513	5985.5	-2.0	-2.0	1598.0	3.379784941673279	-2.0	-2.0	0.003957269946113229	-2.0	-2.0	4.787230014801025	-2.0	-2.0	-2.0	-2.0	-2.0	-2.0	11.796549797058105	10.224830150604248	-2.0	-2.0	2.1966580447951856e-06	-2.0	0.009483379777520895	-2.0	23.0	15.5	-2.0	-2.0	-2.0	-2.0	205.5	6924.0	565.0	6761.5	0.5	-2.0	313.5	11.5	-2.0	-2.0	-2.0	-2.0	383.0	-2.0	6310.5	5.883435010910034	-2.0	36.5	-2.0	-2.0	-2.0	12.5	23817.5	-2.0	-2.0	5.992309808731079	3.5	9066.0	-2.0	10387.0	-2.0	-2.0	-2.0	551.0	27.5	-2.0	-2.0	70.5	17.5	3.59750497341156	-2.0	0.00023748655439703725	-2.0	-2.0	-2.0	11.5	82.5	-2.0	-2.0	14.0	-2.0	-2.0	-2.0	1768.5	-2.0	-2.0	0.8319639712572098	0.537083350121975	-2.0	-2.0	12.0	8.0	21.76650047302246	0.0009274015028495342	-2.0	-2.0	-2.0	10705.0	-2.0	59.20639991760254	16.0	-2.0	-2.0	-2.0	-2.0	3603.0	0.023751449771225452	38.89025115966797	10.49524974822998	-2.0	10.720250129699707	-2.0	817.0	-2.0	-2.0	2849.0	-2.0	-2.0	283.0	-2.0	968.5	-2.0	70.27484893798828	-2.0	625.5	-2.0	-2.0	12.024399757385254	2027540.0	1204.0	6.0310399532318115	40261.0	-2.0	-2.0	2.0	-2.0	9.075550079345703	33537.0	-2.0	-2.0	8986.5	-2.0	-2.0	-2.0	488056.5	299.0	-2.0	-2.0	-2.0	162444.0	16.206650257110596	-2.0	-2.0	0.0015501150046475232	12.637850284576416	0.00040737200470175594	-2.0	-2.0	478485.5	-2.0	643743.0	-2.0	-2.0	0.00319580000359565	44.20774841308594	-2.0	-2.0	128.0	-2.0	-2.0	10.0	1.5	6.878044951008633e-05	1.5	-2.0	101068.5	3.078635018027853e-05	11.664400100708008	-2.0	33.281700134277344	-2.0	-2.0	-2.0	-2.0	85.67935180664062	12664.0	59.951351165771484	0.00028076650778530166	-2.0	10.609799861907959	5132.5	-2.0	-2.0	-2.0	-2.0	25.491950035095215	-2.0	-2.0	0.00023157299438025802	-2.0	388321.0	228.1595001220703	-2.0	-2.0	-2.0	-2.0	7155.0	348205.0	35390.0	11.988649845123291	-2.0	-2.0	-2.0	-2.0	61638.5	-2.0	706.0919647216797	-2.0	-2.0
# Feature
5	5	8	2	9	8	2	3	2	0	-2	-2	2	-2	0	-2	-2	-2	1	-2	-2	0	6	4	-2	4	7	1	-2	-2	-2	-2	-2	-2	8	7	9	-2	-2	-2	3	-2	-2	8	4	-2	-2	5	-2	-2	3	3	5	4	8	8	8	5	-2	-2	-2	-2	7	5	-2	6	7	0	-2	-2	-2	0	8	-2	-2	-2	3	-2	-2	-2	6	9	8	-2	3	3	3	8	-2	-2	3	7	3	1	-2	2	-2	5	-2	-2	4	3	-2	-2	3	2	-2	-2	-2	-2	-2	1	3	3	5	5	7	8	-2	-2	8	7	-2	-2	4	-2	-2	3	-2	-2	-2	-2	-2	-2	3	7	-2	-2	4	-2	4	-2	9	9	-2	-2	-2	-2	5	2	8	2	9	-2	2	9	-2	-2	-2	-2	1	-2	2	3	-2	5	-2	-2	-2	5	8	-2	-2	3	9	8	-2	8	-2	-2	-2	1	5	-2	-2	5	5	7	-2	4	-2	-2	-2	9	5	-2	-2	9	-2	-2	-2	8	-2	-2	7	4	-2	-2	9	9	3	4	-2	-2	-2	1	-2	3	6	-2	-2	-2	-2	8	4	7	3	-2	3	-2	0	-2	-2	8	-2	-2	0	-2	8	-2	7	-2	5	-2	-2	3	2	5	7	8	-2	-2	9	-2	3	2	-2	-2	0	-2	-2	-2	1	5	-2	-2	-2	2	3	-2	-2	4	3	4	-2	-2	8	-2	1	-2	-2	4	3	-2	-2	6	-2	-2	9	6	4	9	-2	5	4	3	-2	7	-2	-2	-2	-2	7	8	7	4	-2	3	1	-2	-2	-2	-2	7	-2	-2	4	-2	8	7	-2	-2	-2	-2	5	1	2	3	-2	-2	-2	-2	1	-2	7	-2	-2
# Values
202.0	1354.0	23.0	4.0	2.0	98.0
80.0	1268.0	23.0	4.0	2.0	87.0
40.0	1077.0	23.0	4.0	2.0	62.0
0.0	82.0	21.0	2.0	0.0	12.0
0.0	40.0	21.0	2.0	0.0	8.0
0.0	39.0	15.0	0.0	0.0	7.0
0.0	15.0	12.0	0.0	0.0	5.0
0.0	14.0	3.0	0.0	0.0	5.0
0.0	14.0	3.0	0.0	0.0	0.0
0.0	1.0	2.0	0.0	0.0	0.0
0.0	0.0	2.0	0.0	0.0	0.0
0.0	1.0	0.0	0.0	0.0	0.0
0.0	13.0	1.0	0.0	0.0	0.0
0.0	10.0	0.0	0.0	0.0	0.0
0.0	3.0	1.0	0.0	0.0	0.0
0.0	0.0	1.0	0.0	0.0	0.0
0.0	3.0	0.0	0.0	0.0	0.0
0.0	0.0	0.0	0.0	0.0	5.0
0.0	1.0	9.0	0.0	0.0	0.0
0.0	1.0	5.0	0.0	0.0	0.0
0.0	0.0	4.0	0.0	0.0	0.0
0.0	24.0	3.0	0.0	0.0	2.0
0.0	24.0	3.0	0.0	0.0	1.0
0.0	24.0	2.0	0.0	0.0	1.0
0.0	14.0	0.0	0.0	0.0	0.0
0.0	10.0	2.0	0.0	0.0	1.0
0.0	3.0	2.0	0.0	0.0	1.0
0.0	3.0	0.0	0.0	0.0	1.0
0.0	2.0	0.0	0.0	0.0	0.0
0.0	1.0	0.0	0.0	0.0	1.0
0.0	0.0	2.0	0.0	0.0	0.0
0.0	7.0	0.0	0.0	0.0	0.0
0.0	0.0	1.0	0.0	0.0	0.0
0.0	0.0	0.0	0.0	0.0	1.0
0.0	1.0	6.0	2.0	0.0	1.0
0.0	0.0	6.0	0.0	0.0	1.0
0.0	0.0	2.0	0.0	0.0	1.0
0.0	0.0	2.0	0.0	0.0	0.0
0.0	0.0	0.0	0.0	0.0	1.0
0.0	0.0	4.0	0.0	0.0	0.0
0.0	1.0	0.0	2.0	0.0	0.0
0.0	1.0	0.0	0.0	0.0	0.0
0.0	0.0	0.0	2.0	0.0	0.0
0.0	42.0	0.0	0.0	0.0	4.0
0.0	41.0	0.0	0.0	0.0	1.0
0.0	41.0	0.0	0.0	0.0	0.0
0.0	0.0	0.0	0.0	0.0	1.0
0.0	1.0	0.0	0.0	0.0	3.0
0.0	0.0	0.0	0.0	0.0	3.0
0.0	1.0	0.0	0.0	0.0	0.0
40.0	995.0	2.0	2.0	2.0	50.0
38.0	695.0	2.0	2.0	2.0	46.0
38.0	694.0	2.0	2.0	2.0	43.0
7.0	217.0	1.0	0.0	0.0	2.0
7.0	217.0	0.0	0.0	0.0	2.0
5.0	31.0	0.0	0.0	0.0	0.0
2.0	31.0	0.0	0.0	0.0	0.0
2.0	5.0	0.0	0.0	0.0	0.0
2.0	2.0	0.0	0.0	0.0	0.0
0.0	3.0	0.0	0.0	0.0	0.0
0.0	26.0	0.0	0.0	0.0	0.0
3.0	0.0	0.0	0.0	0.0	0.0
2.0	186.0	0.0	0.0	0.0	2.0
1.0	185.0	0.0	0.0	0.0	2.0
0.0	144.0	0.0	0.0	0.0	0.0
1.0	41.0	0.0	0.0	0.0	2.0
1.0	36.0	0.0	0.0	0.0	0.0
1.0	11.0	0.0	0.0	0.0	0.0
1.0	0.0	0.0	0.0	0.0	0.0
0.0	11.0	0.0	0.0	0.0	0.0
0.0	25.0	0.0	0.0	0.0	0.0
0.0	5.0	0.0	0.0	0.0	2.0
0.0	5.0	0.0	0.0	0.0	1.0
0.0	2.0	0.0	0.0	0.0	0.0
0.0	3.0	0.0	0.0	0.0	1.0
0.0	0.0	0.0	0.0	0.0	1.0
1.0	1.0	0.0	0.0	0.0	0.0
1.0	0.0	0.0	0.0	0.0	0.0
0.0	1.0	0.0	0.0	0.0	0.0
0.0	0.0	1.0	0.0	0.0	0.0
31.0	477.0	1.0	2.0	2.0	41.0
18.0	239.0	0.0	0.0	2.0	34.0
15.0	239.0	0.0	0.0	2.0	34.0
0.0	40.0	0.0	0.0	0.0	0.0
15.0	199.0	0.0	0.0	2.0	34.0
13.0	174.0	0.0	0.0	2.0	22.0
11.0	52.0	0.0	0.0	0.0	9.0
2.0	1.0	0.0	0.0	0.0	0.0
0.0	1.0	0.0	0.0	0.0	0.0
2.0	0.0	0.0	0.0	0.0	0.0
9.0	51.0	0.0	0.0	0.0	9.0
8.0	51.0	0.0	0.0	0.0	9.0
7.0	51.0	0.0	0.0	0.0	9.0
1.0	17.0	0.0	0.0	0.0	1.0
0.0	11.0	0.0	0.0	0.0	0.0
1.0	6.0	0.0	0.0	0.0	1.0
0.0	0.0	0.0	0.0	0.0	1.0
1.0	6.0	0.0	0.0	0.0	0.0
1.0	0.0	0.0	0.0	0.0	0.0
0.0	6.0	0.0	0.0	0.0	0.0
6.0	34.0	0.0	0.0	0.0	8.0
0.0	1.0	0.0	0.0	0.0	2.0
0.0	1.0	0.0	0.0	0.0	0.0
0.0	0.0	0.0	0.0	0.0	2.0
6.0	33.0	0.0	0.0	0.0	6.0
6.0	28.0	0.0	0.0	0.0	6.0
5.0	28.0	0.0	0.0	0.0	6.0
1.0	0.0	0.0	0.0	0.0	0.0
0.0	5.0	0.0	0.0	0.0	0.0
1.0	0.0	0.0	0.0	0.0	0.0
1.0	0.0	0.0	0.0	0.0	0.0
2.0	122.0	0.0	0.0	2.0	13.0
1.0	122.0	0.0	0.0	2.0	13.0
1.0	79.0	0.0	0.0	2.0	13.0
1.0	79.0	0.0	0.0	2.0	11.0
1.0	55.0	0.0	0.0	2.0	11.0
1.0	54.0	0.0	0.0	2.0	9.0
0.0	3.0	0.0	0.0	0.0	2.0
0.0	3.0	0.0	0.0	0.0	0.0
0.0	0.0	0.0	0.0	0.0	2.0
1.0	51.0	0.0	0.0	2.0	7.0
0.0	1.0	0.0	0.0	0.0	2.0
0.0	1.0	0.0	0.0	0.0	0.0
0.0	0.0	0.0	0.0	0.0	2.0
1.0	50.0	0.0	0.0	2.0	5.0
0.0	19.0	0.0	0.0	0.0	0.0
1.0	31.0	0.0	0.0	2.0	5.0
0.0	1.0	0.0	0.0	0.0	2.0
0.0	1.0	0.0	0.0	0.0	0.0
0.0	0.0	0.0	0.0	0.0	2.0
0.0	24.0	0.0	0.0	0.0	0.0
0.0	0.0	0.0	0.0	0.0	2.0
0.0	43.0	0.0	0.0	0.0	0.0
1.0	0.0	0.0	0.0	0.0	0.0
2.0	25.0	0.0	0.0	0.0	12.0
0.0	2.0	0.0	0.0	0.0	9.0
0.0	0.0	0.0	0.0	0.0	9.0
0.0	2.0	0.0	0.0	0.0	0.0
2.0	23.0	0.0	0.0	0.0	3.0
0.0	0.0	0.0	0.0	0.0	1.0
2.0	23.0	0.0	0.0	0.0	2.0
0.0	16.0	0.0	0.0	0.0	0.0
2.0	7.0	0.0	0.0	0.0	2.0
2.0	0.0	0.0	0.0	0.0	2.0
0.0	0.0	0.0	0.0	0.0	2.0
2.0	0.0	0.0	0.0	0.0	0.0
0.0	7.0	0.0	0.0	0.0	0.0
3.0	0.0	0.0	0.0	0.0	0.0
13.0	238.0	1.0	2.0	0.0	7.0
11.0	238.0	1.0	2.0	0.0	7.0
8.0	44.0	1.0	2.0	0.0	0.0
3.0	42.0	1.0	0.0	0.0	0.0
1.0	42.0	1.0	0.0	0.0	0.0
1.0	0.0	0.0	0.0	0.0	0.0
0.0	42.0	1.0	0.0	0.0	0.0
0.0	1.0	1.0	0.0	0.0	0.0
0.0	0.0	1.0	0.0	0.0	0.0
0.0	1.0	0.0	0.0	0.0	0.0
0.0	41.0	0.0	0.0	0.0	0.0
2.0	0.0	0.0	0.0	0.0	0.0
5.0	2.0	0.0	2.0	0.0	0.0
0.0	0.0	0.0	2.0	0.0	0.0
5.0	2.0	0.0	0.0	0.0	0.0
5.0	1.0	0.0	0.0	0.0	0.0
3.0	0.0	0.0	0.0	0.0	0.0
2.0	1.0	0.0	0.0	0.0	0.0
0.0	1.0	0.0	0.0	0.0	0.0
2.0	0.0	0.0	0.0	0.0	0.0
0.0	1.0	0.0	0.0	0.0	0.0
3.0	194.0	0.0	0.0	0.0	7.0
0.0	3.0	0.0	0.0	0.0	2.0
0.0	3.0	0.0	0.0	0.0	0.0
0.0	0.0	0.0	0.0	0.0	2.0
3.0	191.0	0.0	0.0	0.0	5.0
0.0	9.0	0.0	0.0	0.0	2.0
0.0	9.0	0.0	0.0	0.0	1.0
0.0	6.0	0.0	0.0	0.0	0.0
0.0	3.0	0.0	0.0	0.0	1.0
0.0	0.0	0.0	0.0	0.0	1.0
0.0	3.0	0.0	0.0	0.0	0.0
0.0	0.0	0.0	0.0	0.0	1.0
3.0	182.0	0.0	0.0	0.0	3.0
0.0	3.0	0.0	0.0	0.0	1.0
0.0	3.0	0.0	0.0	0.0	0.0
0.0	0.0	0.0	0.0	0.0	1.0
3.0	179.0	0.0	0.0	0.0	2.0
1.0	148.0	0.0	0.0	0.0	1.0
1.0	26.0	0.0	0.0	0.0	1.0
0.0	26.0	0.0	0.0	0.0	0.0
1.0	0.0	0.0	0.0	0.0	1.0
1.0	0.0	0.0	0.0	0.0	0.0
0.0	0.0	0.0	0.0	0.0	1.0
0.0	122.0	0.0	0.0	0.0	0.0
2.0	31.0	0.0	0.0	0.0	1.0
1.0	31.0	0.0	0.0	0.0	0.0
1.0	0.0	0.0	0.0	0.0	0.0
0.0	31.0	0.0	0.0	0.0	0.0
1.0	0.0	0.0	0.0	0.0	1.0
1.0	0.0	0.0	0.0	0.0	0.0
0.0	0.0	0.0	0.0	0.0	1.0
2.0	0.0	0.0	0.0	0.0	0.0
0.0	1.0	0.0	0.0	0.0	3.0
0.0	0.0	0.0	0.0	0.0	2.0
0.0	1.0	0.0	0.0	0.0	1.0
2.0	300.0	0.0	0.0	0.0	4.0
2.0	1.0	0.0	0.0	0.0	0.0
2.0	0.0	0.0	0.0	0.0	0.0
0.0	1.0	0.0	0.0	0.0	0.0
0.0	299.0	0.0	0.0	0.0	4.0
0.0	72.0	0.0	0.0	0.0	4.0
0.0	58.0	0.0	0.0	0.0	1.0
0.0	6.0	0.0	0.0	0.0	1.0
0.0	0.0	0.0	0.0	0.0	1.0
0.0	6.0	0.0	0.0	0.0	0.0
0.0	52.0	0.0	0.0	0.0	0.0
0.0	14.0	0.0	0.0	0.0	3.0
0.0	0.0	0.0	0.0	0.0	1.0
0.0	14.0	0.0	0.0	0.0	2.0
0.0	14.0	0.0	0.0	0.0	1.0
0.0	10.0	0.0	0.0	0.0	0.0
0.0	4.0	0.0	0.0	0.0	1.0
0.0	0.0	0.0	0.0	0.0	1.0
0.0	227.0	0.0	0.0	0.0	0.0
40.0	191.0	0.0	0.0	0.0	25.0
4.0	114.0	0.0	0.0	0.0	12.0
2.0	110.0	0.0	0.0	0.0	5.0
1.0	110.0	0.0	0.0	0.0	4.0
0.0	96.0	0.0	0.0	0.0	0.0
1.0	14.0	0.0	0.0	0.0	4.0
0.0	0.0	0.0	0.0	0.0	4.0
1.0	14.0	0.0	0.0	0.0	0.0
1.0	0.0	0.0	0.0	0.0	0.0
0.0	14.0	0.0	0.0	0.0	0.0
1.0	0.0	0.0	0.0	0.0	1.0
1.0	0.0	0.0	0.0	0.0	0.0
0.0	0.0	0.0	0.0	0.0	1.0
2.0	4.0	0.0	0.0	0.0	7.0
0.0	3.0	0.0	0.0	0.0	0.0
2.0	1.0	0.0	0.0	0.0	7.0
0.0	0.0	0.0	0.0	0.0	6.0
2.0	1.0	0.0	0.0	0.0	1.0
2.0	0.0	0.0	0.0	0.0	0.0
0.0	1.0	0.0	0.0	0.0	1.0
0.0	1.0	0.0	0.0	0.0	0.0
0.0	0.0	0.0	0.0	0.0	1.0
36.0	77.0	0.0	0.0	0.0	13.0
33.0	18.0	0.0	0.0	0.0	3.0
33.0	10.0	0.0	0.0	0.0	1.0
33.0	7.0	0.0	0.0	0.0	1.0
0.0	2.0	0.0	0.0	0.0	1.0
0.0	0.0	0.0	0.0	0.0	1.0
0.0	2.0	0.0	0.0	0.0	0.0
33.0	5.0	0.0	0.0	0.0	0.0
21.0	0.0	0.0	0.0	0.0	0.0
12.0	5.0	0.0	0.0	0.0	0.0
11.0	1.0	0.0	0.0	0.0	0.0
0.0	1.0	0.0	0.0	0.0	0.0
11.0	0.0	0.0	0.0	0.0	0.0
1.0	4.0	0.0	0.0	0.0	0.0
0.0	4.0	0.0	0.0	0.0	0.0
1.0	0.0	0.0	0.0	0.0	0.0
0.0	3.0	0.0	0.0	0.0	0.0
0.0	8.0	0.0	0.0	0.0	2.0
0.0	1.0	0.0	0.0	0.0	2.0
0.0	1.0	0.0	0.0	0.0	0.0
0.0	0.0	0.0	0.0	0.0	2.0
0.0	7.0	0.0	0.0	0.0	0.0
3.0	59.0	0.0	0.0	0.0	10.0
2.0	0.0	0.0	0.0	0.0	1.0
2.0	0.0	0.0	0.0	0.0	0.0
0.0	0.0	0.0	0.0	0.0	1.0
1.0	59.0	0.0	0.0	0.0	9.0
1.0	41.0	0.0	0.0	0.0	1.0
0.0	1.0	0.0	0.0	0.0	1.0
0.0	1.0	0.0	0.0	0.0	0.0
0.0	0.0	0.0	0.0	0.0	1.0
1.0	40.0	0.0	0.0	0.0	0.0
0.0	35.0	0.0	0.0	0.0	0.0
1.0	5.0	0.0	0.0	0.0	0.0
1.0	0.0	0.0	0.0	0.0	0.0
0.0	5.0	0.0	0.0	0.0	0.0
0.0	18.0	0.0	0.0	0.0	8.0
0.0	1.0	0.0	0.0	0.0	7.0
0.0	1.0	0.0	0.0	0.0	0.0
0.0	0.0	0.0	0.0	0.0	7.0
0.0	17.0	0.0	0.0	0.0	1.0
0.0	17.0	0.0	0.0	0.0	0.0
0.0	0.0	0.0	0.0	0.0	1.0
122.0	86.0	0.0	0.0	0.0	11.0
105.0	41.0	0.0	0.0	0.0	11.0
45.0	41.0	0.0	0.0	0.0	11.0
32.0	13.0	0.0	0.0	0.0	0.0
22.0	0.0	0.0	0.0	0.0	0.0
10.0	13.0	0.0	0.0	0.0	0.0
4.0	13.0	0.0	0.0	0.0	0.0
2.0	13.0	0.0	0.0	0.0	0.0
0.0	9.0	0.0	0.0	0.0	0.0
2.0	4.0	0.0	0.0	0.0	0.0
0.0	4.0	0.0	0.0	0.0	0.0
2.0	0.0	0.0	0.0	0.0	0.0
2.0	0.0	0.0	0.0	0.0	0.0
6.0	0.0	0.0	0.0	0.0	0.0
13.0	28.0	0.0	0.0	0.0	11.0
13.0	11.0	0.0	0.0	0.0	7.0
3.0	7.0	0.0	0.0	0.0	7.0
3.0	7.0	0.0	0.0	0.0	3.0
0.0	0.0	0.0	0.0	0.0	3.0
3.0	7.0	0.0	0.0	0.0	0.0
1.0	7.0	0.0	0.0	0.0	0.0
1.0	0.0	0.0	0.0	0.0	0.0
0.0	7.0	0.0	0.0	0.0	0.0
2.0	0.0	0.0	0.0	0.0	0.0
0.0	0.0	0.0	0.0	0.0	4.0
10.0	4.0	0.0	0.0	0.0	0.0
0.0	4.0	0.0	0.0	0.0	0.0
10.0	0.0	0.0	0.0	0.0	0.0
0.0	17.0	0.0	0.0	0.0	4.0
0.0	10.0	0.0	0.0	0.0	0.0
0.0	7.0	0.0	0.0	0.0	4.0
0.0	7.0	0.0	0.0	0.0	2.0
0.0	3.0	0.0	0.0	0.0	2.0
0.0	4.0	0.0	0.0	0.0	0.0
0.0	0.0	0.0	0.0	0.0	2.0
60.0	0.0	0.0	0.0	0.0	0.0
17.0	45.0	0.0	0.0	0.0	0.0
5.0	39.0	0.0	0.0	0.0	0.0
3.0	39.0	0.0	0.0	0.0	0.0
3.0	3.0	0.0	0.0	0.0	0.0
0.0	3.0	0.0	0.0	0.0	0.0
3.0	0.0	0.0	0.0	0.0	0.0
0.0	36.0	0.0	0.0	0.0	0.0
2.0	0.0	0.0	0.0	0.0	0.0
12.0	6.0	0.0	0.0	0.0	0.0
11.0	0.0	0.0	0.0	0.0	0.0
1.0	6.0	0.0	0.0	0.0	0.0
0.0	6.0	0.0	0.0	0.0	0.0
1.0	0.0	0.0	0.0	0.0	0.0
