# Sizes (NFeatures, Nclasses, NodeCount, MaxDepth)
10	6	335	25
# Classes
0.0	1.0	2.0	3.0	4.0	5.0
# Feature Names
Nrows	Ncols	Nnnz	AvgNnnz	Density	MaxRowNnnz	MinRowNnnz	StdRowNnnz	NDiags	NTrueDiags
# Left
1	2	3	4	5	-1	-1	8	-1	10	-1	12	13	14	-1	-1	-1	18	-1	20	-1	-1	23	24	25	26	-1	-1	-1	30	-1	-1	33	34	35	36	37	38	39	-1	-1	-1	43	-1	45	-1	-1	48	-1	50	51	-1	-1	54	-1	-1	-1	-1	59	60	61	62	63	64	65	66	67	-1	-1	70	-1	72	-1	-1	75	-1	77	78	-1	80	-1	-1	83	-1	85	86	-1	88	-1	-1	91	92	-1	-1	-1	-1	97	98	99	100	-1	102	-1	-1	105	-1	107	108	-1	-1	111	112	-1	-1	115	116	117	118	119	120	-1	122	-1	124	-1	126	-1	-1	-1	-1	-1	-1	133	134	135	136	137	-1	139	-1	-1	142	-1	-1	145	-1	-1	148	149	-1	-1	152	153	-1	-1	-1	157	158	-1	160	-1	-1	-1	164	-1	166	-1	-1	169	-1	-1	172	-1	174	-1	-1	177	178	-1	-1	181	-1	-1	184	185	-1	187	-1	-1	-1	191	-1	-1	194	195	196	197	-1	199	-1	-1	202	203	204	-1	-1	207	-1	-1	210	211	-1	-1	-1	-1	216	217	218	219	-1	221	-1	223	-1	-1	226	-1	-1	229	230	231	-1	-1	234	235	-1	-1	238	239	240	-1	-1	-1	-1	245	246	247	-1	-1	250	-1	-1	253	-1	255	-1	-1	258	259	260	-1	-1	263	-1	-1	266	-1	-1	269	270	271	272	273	274	-1	-1	277	278	279	-1	-1	-1	283	-1	285	286	-1	-1	-1	290	-1	-1	293	294	-1	296	-1	298	299	-1	301	-1	-1	-1	-1	306	-1	308	-1	310	311	-1	-1	-1	315	-1	317	318	319	-1	-1	-1	323	324	-1	326	327	328	-1	330	-1	-1	-1	-1	-1
# Right
268	193	22	7	6	-1	-1	9	-1	11	-1	17	16	15	-1	-1	-1	19	-1	21	-1	-1	32	29	28	27	-1	-1	-1	31	-1	-1	58	57	56	47	42	41	40	-1	-1	-1	44	-1	46	-1	-1	49	-1	53	52	-1	-1	55	-1	-1	-1	-1	190	183	176	171	96	95	74	69	68	-1	-1	71	-1	73	-1	-1	76	-1	82	79	-1	81	-1	-1	84	-1	90	87	-1	89	-1	-1	94	93	-1	-1	-1	-1	168	163	104	101	-1	103	-1	-1	106	-1	110	109	-1	-1	114	113	-1	-1	132	131	130	129	128	121	-1	123	-1	125	-1	127	-1	-1	-1	-1	-1	-1	156	147	144	141	138	-1	140	-1	-1	143	-1	-1	146	-1	-1	151	150	-1	-1	155	154	-1	-1	-1	162	159	-1	161	-1	-1	-1	165	-1	167	-1	-1	170	-1	-1	173	-1	175	-1	-1	180	179	-1	-1	182	-1	-1	189	186	-1	188	-1	-1	-1	192	-1	-1	215	214	201	198	-1	200	-1	-1	209	206	205	-1	-1	208	-1	-1	213	212	-1	-1	-1	-1	257	228	225	220	-1	222	-1	224	-1	-1	227	-1	-1	244	233	232	-1	-1	237	236	-1	-1	243	242	241	-1	-1	-1	-1	252	249	248	-1	-1	251	-1	-1	254	-1	256	-1	-1	265	262	261	-1	-1	264	-1	-1	267	-1	-1	314	305	292	289	276	275	-1	-1	282	281	280	-1	-1	-1	284	-1	288	287	-1	-1	-1	291	-1	-1	304	295	-1	297	-1	303	300	-1	302	-1	-1	-1	-1	307	-1	309	-1	313	312	-1	-1	-1	316	-1	322	321	320	-1	-1	-1	334	325	-1	333	332	329	-1	331	-1	-1	-1	-1	-1
# Threshold
1495.0	209.5	6.5	0.05389774776995182	90.0	-2.0	-2.0	101.0	-2.0	0.08744695037603378	-2.0	0.007745125098153949	1480.5	2941.0	-2.0	-2.0	-2.0	0.02046849951148033	-2.0	163.5	-2.0	-2.0	32.0	21.0	12.5	36.5	-2.0	-2.0	-2.0	15.5	-2.0	-2.0	3.686284899711609	3.678049921989441	5.365530014038086	3.1743550300598145	31.5	3.5	2.8876649141311646	-2.0	-2.0	-2.0	39.5	-2.0	1.6200149655342102	-2.0	-2.0	0.7071944773197174	-2.0	0.005728374933823943	3.6751500368118286	-2.0	-2.0	246.0	-2.0	-2.0	-2.0	-2.0	122204500.0	20.096400260925293	0.09119134768843651	15.5	2.016450047492981	22.5	6.575895071029663	244.5	230.5	-2.0	-2.0	1.5976450443267822	-2.0	1.6248649954795837	-2.0	-2.0	6.576755046844482	-2.0	6.7390899658203125	11.0	-2.0	1.6109600067138672	-2.0	-2.0	20475.5	-2.0	0.00025005300994962454	98359.0	-2.0	2.0	-2.0	-2.0	210657.5	4.0	-2.0	-2.0	-2.0	-2.0	1090221.0	12.5	2.1898800134658813	1.5	-2.0	10.0	-2.0	-2.0	9.0	-2.0	1182.5	251.0	-2.0	-2.0	93.5	70.0	-2.0	-2.0	4.90231990814209	1.5	4.897860050201416	55.5	53.5	3.990660071372986	-2.0	5853.5	-2.0	1598.0	-2.0	0.003957269946113229	-2.0	-2.0	-2.0	-2.0	-2.0	-2.0	13.760349750518799	998.0	849.5	9.5	7.013930082321167	-2.0	7.167010068893433	-2.0	-2.0	13.295249938964844	-2.0	-2.0	6.0	-2.0	-2.0	17.5	6.793060064315796	-2.0	-2.0	3.2816799879074097	7434.5	-2.0	-2.0	-2.0	13.995999813079834	41243.5	-2.0	16.64555025100708	-2.0	-2.0	-2.0	52.5	-2.0	14014.0	-2.0	-2.0	2.0	-2.0	-2.0	152.5	-2.0	3417.5	-2.0	-2.0	0.09352639690041542	14.843279838562012	-2.0	-2.0	1.0	-2.0	-2.0	26.192099571228027	1.0	-2.0	7523.0	-2.0	-2.0	-2.0	34.0	-2.0	-2.0	0.5	2.5	505.5	17.517499923706055	-2.0	0.5	-2.0	-2.0	20.522250175476074	198345.5	0.00040730850014369935	-2.0	-2.0	1.9987350242445245e-05	-2.0	-2.0	995.5	1272874.5	-2.0	-2.0	-2.0	-2.0	0.013458650093525648	3487.0	0.007800980005413294	1.5	-2.0	26.47860050201416	-2.0	26.727499961853027	-2.0	-2.0	1325.0	-2.0	-2.0	4.5	13.899850368499756	235032.5	-2.0	-2.0	1.5	34.5	-2.0	-2.0	53.57939910888672	16.682600021362305	685.0	-2.0	-2.0	-2.0	-2.0	10.0	2.5	0.5	-2.0	-2.0	37.02504920959473	-2.0	-2.0	281.6205062866211	-2.0	559.0	-2.0	-2.0	0.041200099512934685	4733.0	15.0	-2.0	-2.0	1033.5	-2.0	-2.0	126.52099990844727	-2.0	-2.0	8.0	1.5	2.5	15.073850154876709	7707.0	6620.5	-2.0	-2.0	137.60900115966797	9803.5	0.001337079971563071	-2.0	-2.0	-2.0	7.672449827194214	-2.0	3120888.0	7.93840479850769	-2.0	-2.0	-2.0	1157889.0	-2.0	-2.0	158.90349960327148	9696.5	-2.0	19.95444965362549	-2.0	11.055959701538086	4.5	-2.0	46.183549880981445	-2.0	-2.0	-2.0	-2.0	16660.0	-2.0	2302970.0	-2.0	36.799400329589844	155723.5	-2.0	-2.0	-2.0	10.826849937438965	-2.0	1986.0	0.005068020196631551	4676380.0	-2.0	-2.0	-2.0	528.0084991455078	65.13349914550781	-2.0	79.93355178833008	74.26525115966797	0.0002860174972738605	-2.0	3901.5	-2.0	-2.0	-2.0	-2.0	-2.0
# Feature
5	5	8	7	2	-2	-2	1	-2	7	-2	4	1	2	-2	-2	-2	4	-2	1	-2	-2	1	1	9	2	-2	-2	-2	9	-2	-2	3	3	7	3	5	5	3	-2	-2	-2	5	-2	3	-2	-2	7	-2	4	3	-2	-2	1	-2	-2	-2	-2	2	7	4	9	7	6	3	1	0	-2	-2	7	-2	7	-2	-2	3	-2	3	5	-2	7	-2	-2	1	-2	4	8	-2	9	-2	-2	2	9	-2	-2	-2	-2	8	9	7	6	-2	9	-2	-2	5	-2	2	8	-2	-2	8	8	-2	-2	3	6	3	5	5	7	-2	2	-2	8	-2	4	-2	-2	-2	-2	-2	-2	7	8	8	9	7	-2	7	-2	-2	3	-2	-2	9	-2	-2	5	3	-2	-2	7	1	-2	-2	-2	7	8	-2	3	-2	-2	-2	5	-2	1	-2	-2	6	-2	-2	5	-2	1	-2	-2	4	3	-2	-2	9	-2	-2	7	9	-2	8	-2	-2	-2	5	-2	-2	9	6	5	7	-2	6	-2	-2	7	0	4	-2	-2	4	-2	-2	5	2	-2	-2	-2	-2	4	8	4	6	-2	7	-2	7	-2	-2	8	-2	-2	9	7	0	-2	-2	9	6	-2	-2	7	7	5	-2	-2	-2	-2	9	6	6	-2	-2	7	-2	-2	7	-2	9	-2	-2	4	2	9	-2	-2	5	-2	-2	7	-2	-2	9	6	9	3	1	0	-2	-2	7	0	4	-2	-2	-2	3	-2	1	3	-2	-2	-2	0	-2	-2	7	8	-2	7	-2	3	9	-2	7	-2	-2	-2	-2	2	-2	2	-2	3	1	-2	-2	-2	3	-2	5	4	2	-2	-2	-2	7	7	-2	3	3	4	-2	5	-2	-2	-2	-2	-2
# Values
217.0	1340.0	24.0	3.0	1.0	98.0
104.0	1253.0	24.0	3.0	0.0	81.0
48.0	1026.0	24.0	3.0	0.0	62.0
0.0	23.0	15.0	0.0	0.0	2.0
0.0	15.0	2.0	0.0	0.0	0.0
0.0	0.0	2.0	0.0	0.0	0.0
0.0	15.0	0.0	0.0	0.0	0.0
0.0	8.0	13.0	0.0	0.0	2.0
0.0	3.0	0.0	0.0	0.0	0.0
0.0	5.0	13.0	0.0	0.0	2.0
0.0	0.0	0.0	0.0	0.0	1.0
0.0	5.0	13.0	0.0	0.0	1.0
0.0	2.0	10.0	0.0	0.0	0.0
0.0	2.0	7.0	0.0	0.0	0.0
0.0	0.0	1.0	0.0	0.0	0.0
0.0	2.0	6.0	0.0	0.0	0.0
0.0	0.0	3.0	0.0	0.0	0.0
0.0	3.0	3.0	0.0	0.0	1.0
0.0	3.0	0.0	0.0	0.0	0.0
0.0	0.0	3.0	0.0	0.0	1.0
0.0	0.0	3.0	0.0	0.0	0.0
0.0	0.0	0.0	0.0	0.0	1.0
48.0	1003.0	9.0	3.0	0.0	60.0
0.0	10.0	6.0	2.0	0.0	0.0
0.0	9.0	0.0	2.0	0.0	0.0
0.0	9.0	0.0	1.0	0.0	0.0
0.0	0.0	0.0	1.0	0.0	0.0
0.0	9.0	0.0	0.0	0.0	0.0
0.0	0.0	0.0	1.0	0.0	0.0
0.0	1.0	6.0	0.0	0.0	0.0
0.0	0.0	6.0	0.0	0.0	0.0
0.0	1.0	0.0	0.0	0.0	0.0
48.0	993.0	3.0	1.0	0.0	60.0
23.0	130.0	0.0	0.0	0.0	6.0
20.0	130.0	0.0	0.0	0.0	6.0
18.0	130.0	0.0	0.0	0.0	6.0
3.0	78.0	0.0	0.0	0.0	1.0
0.0	68.0	0.0	0.0	0.0	1.0
0.0	15.0	0.0	0.0	0.0	1.0
0.0	0.0	0.0	0.0	0.0	1.0
0.0	15.0	0.0	0.0	0.0	0.0
0.0	53.0	0.0	0.0	0.0	0.0
3.0	10.0	0.0	0.0	0.0	0.0
2.0	0.0	0.0	0.0	0.0	0.0
1.0	10.0	0.0	0.0	0.0	0.0
1.0	0.0	0.0	0.0	0.0	0.0
0.0	10.0	0.0	0.0	0.0	0.0
15.0	52.0	0.0	0.0	0.0	5.0
4.0	0.0	0.0	0.0	0.0	0.0
11.0	52.0	0.0	0.0	0.0	5.0
0.0	19.0	0.0	0.0	0.0	1.0
0.0	18.0	0.0	0.0	0.0	0.0
0.0	1.0	0.0	0.0	0.0	1.0
11.0	33.0	0.0	0.0	0.0	4.0
0.0	1.0	0.0	0.0	0.0	0.0
11.0	32.0	0.0	0.0	0.0	4.0
2.0	0.0	0.0	0.0	0.0	0.0
3.0	0.0	0.0	0.0	0.0	0.0
25.0	863.0	3.0	1.0	0.0	54.0
25.0	862.0	3.0	1.0	0.0	49.0
25.0	819.0	3.0	1.0	0.0	38.0
23.0	800.0	2.0	1.0	0.0	34.0
20.0	572.0	2.0	1.0	0.0	34.0
7.0	232.0	1.0	1.0	0.0	2.0
6.0	231.0	1.0	1.0	0.0	2.0
1.0	161.0	1.0	0.0	0.0	0.0
0.0	11.0	1.0	0.0	0.0	0.0
0.0	11.0	0.0	0.0	0.0	0.0
0.0	0.0	1.0	0.0	0.0	0.0
1.0	150.0	0.0	0.0	0.0	0.0
0.0	130.0	0.0	0.0	0.0	0.0
1.0	20.0	0.0	0.0	0.0	0.0
1.0	0.0	0.0	0.0	0.0	0.0
0.0	20.0	0.0	0.0	0.0	0.0
5.0	70.0	0.0	1.0	0.0	2.0
1.0	0.0	0.0	0.0	0.0	0.0
4.0	70.0	0.0	1.0	0.0	2.0
2.0	7.0	0.0	1.0	0.0	0.0
0.0	7.0	0.0	0.0	0.0	0.0
2.0	0.0	0.0	1.0	0.0	0.0
2.0	0.0	0.0	0.0	0.0	0.0
0.0	0.0	0.0	1.0	0.0	0.0
2.0	63.0	0.0	0.0	0.0	2.0
0.0	44.0	0.0	0.0	0.0	0.0
2.0	19.0	0.0	0.0	0.0	2.0
0.0	18.0	0.0	0.0	0.0	1.0
0.0	16.0	0.0	0.0	0.0	0.0
0.0	2.0	0.0	0.0	0.0	1.0
0.0	0.0	0.0	0.0	0.0	1.0
0.0	2.0	0.0	0.0	0.0	0.0
2.0	1.0	0.0	0.0	0.0	1.0
0.0	1.0	0.0	0.0	0.0	1.0
0.0	0.0	0.0	0.0	0.0	1.0
0.0	1.0	0.0	0.0	0.0	0.0
2.0	0.0	0.0	0.0	0.0	0.0
1.0	1.0	0.0	0.0	0.0	0.0
13.0	340.0	1.0	0.0	0.0	32.0
10.0	339.0	1.0	0.0	0.0	32.0
7.0	327.0	1.0	0.0	0.0	27.0
0.0	3.0	1.0	0.0	0.0	3.0
0.0	0.0	0.0	0.0	0.0	3.0
0.0	3.0	1.0	0.0	0.0	0.0
0.0	3.0	0.0	0.0	0.0	0.0
0.0	0.0	1.0	0.0	0.0	0.0
7.0	324.0	0.0	0.0	0.0	24.0
1.0	0.0	0.0	0.0	0.0	0.0
6.0	324.0	0.0	0.0	0.0	24.0
3.0	5.0	0.0	0.0	0.0	0.0
0.0	2.0	0.0	0.0	0.0	0.0
3.0	3.0	0.0	0.0	0.0	0.0
3.0	319.0	0.0	0.0	0.0	24.0
0.0	4.0	0.0	0.0	0.0	3.0
0.0	4.0	0.0	0.0	0.0	0.0
0.0	0.0	0.0	0.0	0.0	3.0
3.0	315.0	0.0	0.0	0.0	21.0
0.0	60.0	0.0	0.0	0.0	11.0
0.0	60.0	0.0	0.0	0.0	9.0
0.0	60.0	0.0	0.0	0.0	8.0
0.0	41.0	0.0	0.0	0.0	8.0
0.0	41.0	0.0	0.0	0.0	6.0
0.0	17.0	0.0	0.0	0.0	0.0
0.0	24.0	0.0	0.0	0.0	6.0
0.0	0.0	0.0	0.0	0.0	1.0
0.0	24.0	0.0	0.0	0.0	5.0
0.0	0.0	0.0	0.0	0.0	1.0
0.0	24.0	0.0	0.0	0.0	4.0
0.0	6.0	0.0	0.0	0.0	0.0
0.0	18.0	0.0	0.0	0.0	4.0
0.0	0.0	0.0	0.0	0.0	2.0
0.0	19.0	0.0	0.0	0.0	0.0
0.0	0.0	0.0	0.0	0.0	1.0
0.0	0.0	0.0	0.0	0.0	2.0
3.0	255.0	0.0	0.0	0.0	10.0
1.0	230.0	0.0	0.0	0.0	7.0
0.0	63.0	0.0	0.0	0.0	6.0
0.0	62.0	0.0	0.0	0.0	2.0
0.0	61.0	0.0	0.0	0.0	1.0
0.0	49.0	0.0	0.0	0.0	0.0
0.0	12.0	0.0	0.0	0.0	1.0
0.0	0.0	0.0	0.0	0.0	1.0
0.0	12.0	0.0	0.0	0.0	0.0
0.0	1.0	0.0	0.0	0.0	1.0
0.0	1.0	0.0	0.0	0.0	0.0
0.0	0.0	0.0	0.0	0.0	1.0
0.0	1.0	0.0	0.0	0.0	4.0
0.0	0.0	0.0	0.0	0.0	4.0
0.0	1.0	0.0	0.0	0.0	0.0
1.0	167.0	0.0	0.0	0.0	1.0
1.0	11.0	0.0	0.0	0.0	0.0
1.0	0.0	0.0	0.0	0.0	0.0
0.0	11.0	0.0	0.0	0.0	0.0
0.0	156.0	0.0	0.0	0.0	1.0
0.0	22.0	0.0	0.0	0.0	1.0
0.0	0.0	0.0	0.0	0.0	1.0
0.0	22.0	0.0	0.0	0.0	0.0
0.0	134.0	0.0	0.0	0.0	0.0
2.0	25.0	0.0	0.0	0.0	3.0
2.0	1.0	0.0	0.0	0.0	3.0
0.0	0.0	0.0	0.0	0.0	3.0
2.0	1.0	0.0	0.0	0.0	0.0
2.0	0.0	0.0	0.0	0.0	0.0
0.0	1.0	0.0	0.0	0.0	0.0
0.0	24.0	0.0	0.0	0.0	0.0
3.0	12.0	0.0	0.0	0.0	5.0
0.0	12.0	0.0	0.0	0.0	0.0
3.0	0.0	0.0	0.0	0.0	5.0
3.0	0.0	0.0	0.0	0.0	0.0
0.0	0.0	0.0	0.0	0.0	5.0
3.0	1.0	0.0	0.0	0.0	0.0
3.0	0.0	0.0	0.0	0.0	0.0
0.0	1.0	0.0	0.0	0.0	0.0
3.0	228.0	0.0	0.0	0.0	0.0
0.0	220.0	0.0	0.0	0.0	0.0
3.0	8.0	0.0	0.0	0.0	0.0
3.0	0.0	0.0	0.0	0.0	0.0
0.0	8.0	0.0	0.0	0.0	0.0
2.0	19.0	1.0	0.0	0.0	4.0
0.0	0.0	1.0	0.0	0.0	4.0
0.0	0.0	1.0	0.0	0.0	0.0
0.0	0.0	0.0	0.0	0.0	4.0
2.0	19.0	0.0	0.0	0.0	0.0
2.0	0.0	0.0	0.0	0.0	0.0
0.0	19.0	0.0	0.0	0.0	0.0
0.0	43.0	0.0	0.0	0.0	11.0
0.0	10.0	0.0	0.0	0.0	11.0
0.0	0.0	0.0	0.0	0.0	8.0
0.0	10.0	0.0	0.0	0.0	3.0
0.0	10.0	0.0	0.0	0.0	0.0
0.0	0.0	0.0	0.0	0.0	3.0
0.0	33.0	0.0	0.0	0.0	0.0
0.0	1.0	0.0	0.0	0.0	5.0
0.0	1.0	0.0	0.0	0.0	0.0
0.0	0.0	0.0	0.0	0.0	5.0
56.0	227.0	0.0	0.0	0.0	19.0
27.0	32.0	0.0	0.0	0.0	5.0
13.0	32.0	0.0	0.0	0.0	5.0
2.0	23.0	0.0	0.0	0.0	0.0
0.0	18.0	0.0	0.0	0.0	0.0
2.0	5.0	0.0	0.0	0.0	0.0
2.0	0.0	0.0	0.0	0.0	0.0
0.0	5.0	0.0	0.0	0.0	0.0
11.0	9.0	0.0	0.0	0.0	5.0
9.0	1.0	0.0	0.0	0.0	5.0
9.0	0.0	0.0	0.0	0.0	1.0
9.0	0.0	0.0	0.0	0.0	0.0
0.0	0.0	0.0	0.0	0.0	1.0
0.0	1.0	0.0	0.0	0.0	4.0
0.0	1.0	0.0	0.0	0.0	0.0
0.0	0.0	0.0	0.0	0.0	4.0
2.0	8.0	0.0	0.0	0.0	0.0
2.0	1.0	0.0	0.0	0.0	0.0
2.0	0.0	0.0	0.0	0.0	0.0
0.0	1.0	0.0	0.0	0.0	0.0
0.0	7.0	0.0	0.0	0.0	0.0
14.0	0.0	0.0	0.0	0.0	0.0
29.0	195.0	0.0	0.0	0.0	14.0
20.0	188.0	0.0	0.0	0.0	9.0
0.0	108.0	0.0	0.0	0.0	4.0
0.0	103.0	0.0	0.0	0.0	1.0
0.0	87.0	0.0	0.0	0.0	0.0
0.0	16.0	0.0	0.0	0.0	1.0
0.0	13.0	0.0	0.0	0.0	0.0
0.0	3.0	0.0	0.0	0.0	1.0
0.0	0.0	0.0	0.0	0.0	1.0
0.0	3.0	0.0	0.0	0.0	0.0
0.0	5.0	0.0	0.0	0.0	3.0
0.0	5.0	0.0	0.0	0.0	0.0
0.0	0.0	0.0	0.0	0.0	3.0
20.0	80.0	0.0	0.0	0.0	5.0
19.0	18.0	0.0	0.0	0.0	0.0
2.0	11.0	0.0	0.0	0.0	0.0
0.0	11.0	0.0	0.0	0.0	0.0
2.0	0.0	0.0	0.0	0.0	0.0
17.0	7.0	0.0	0.0	0.0	0.0
1.0	4.0	0.0	0.0	0.0	0.0
0.0	4.0	0.0	0.0	0.0	0.0
1.0	0.0	0.0	0.0	0.0	0.0
16.0	3.0	0.0	0.0	0.0	0.0
16.0	2.0	0.0	0.0	0.0	0.0
4.0	2.0	0.0	0.0	0.0	0.0
4.0	0.0	0.0	0.0	0.0	0.0
0.0	2.0	0.0	0.0	0.0	0.0
12.0	0.0	0.0	0.0	0.0	0.0
0.0	1.0	0.0	0.0	0.0	0.0
1.0	62.0	0.0	0.0	0.0	5.0
1.0	10.0	0.0	0.0	0.0	4.0
1.0	8.0	0.0	0.0	0.0	0.0
1.0	0.0	0.0	0.0	0.0	0.0
0.0	8.0	0.0	0.0	0.0	0.0
0.0	2.0	0.0	0.0	0.0	4.0
0.0	0.0	0.0	0.0	0.0	4.0
0.0	2.0	0.0	0.0	0.0	0.0
0.0	52.0	0.0	0.0	0.0	1.0
0.0	51.0	0.0	0.0	0.0	0.0
0.0	1.0	0.0	0.0	0.0	1.0
0.0	0.0	0.0	0.0	0.0	1.0
0.0	1.0	0.0	0.0	0.0	0.0
9.0	7.0	0.0	0.0	0.0	5.0
8.0	1.0	0.0	0.0	0.0	5.0
0.0	1.0	0.0	0.0	0.0	3.0
0.0	0.0	0.0	0.0	0.0	3.0
0.0	1.0	0.0	0.0	0.0	0.0
8.0	0.0	0.0	0.0	0.0	2.0
8.0	0.0	0.0	0.0	0.0	0.0
0.0	0.0	0.0	0.0	0.0	2.0
1.0	6.0	0.0	0.0	0.0	0.0
0.0	5.0	0.0	0.0	0.0	0.0
1.0	1.0	0.0	0.0	0.0	0.0
113.0	87.0	0.0	0.0	1.0	17.0
99.0	34.0	0.0	0.0	0.0	11.0
47.0	33.0	0.0	0.0	0.0	8.0
36.0	11.0	0.0	0.0	0.0	5.0
36.0	7.0	0.0	0.0	0.0	2.0
0.0	2.0	0.0	0.0	0.0	1.0
0.0	0.0	0.0	0.0	0.0	1.0
0.0	2.0	0.0	0.0	0.0	0.0
36.0	5.0	0.0	0.0	0.0	1.0
30.0	1.0	0.0	0.0	0.0	0.0
3.0	1.0	0.0	0.0	0.0	0.0
0.0	1.0	0.0	0.0	0.0	0.0
3.0	0.0	0.0	0.0	0.0	0.0
27.0	0.0	0.0	0.0	0.0	0.0
6.0	4.0	0.0	0.0	0.0	1.0
5.0	0.0	0.0	0.0	0.0	0.0
1.0	4.0	0.0	0.0	0.0	1.0
0.0	4.0	0.0	0.0	0.0	1.0
0.0	1.0	0.0	0.0	0.0	1.0
0.0	3.0	0.0	0.0	0.0	0.0
1.0	0.0	0.0	0.0	0.0	0.0
0.0	4.0	0.0	0.0	0.0	3.0
0.0	4.0	0.0	0.0	0.0	0.0
0.0	0.0	0.0	0.0	0.0	3.0
11.0	22.0	0.0	0.0	0.0	3.0
5.0	22.0	0.0	0.0	0.0	3.0
0.0	0.0	0.0	0.0	0.0	2.0
5.0	22.0	0.0	0.0	0.0	1.0
2.0	0.0	0.0	0.0	0.0	0.0
3.0	22.0	0.0	0.0	0.0	1.0
1.0	22.0	0.0	0.0	0.0	1.0
0.0	22.0	0.0	0.0	0.0	0.0
1.0	0.0	0.0	0.0	0.0	1.0
0.0	0.0	0.0	0.0	0.0	1.0
1.0	0.0	0.0	0.0	0.0	0.0
2.0	0.0	0.0	0.0	0.0	0.0
6.0	0.0	0.0	0.0	0.0	0.0
52.0	1.0	0.0	0.0	0.0	3.0
0.0	0.0	0.0	0.0	0.0	2.0
52.0	1.0	0.0	0.0	0.0	1.0
47.0	0.0	0.0	0.0	0.0	0.0
5.0	1.0	0.0	0.0	0.0	1.0
0.0	1.0	0.0	0.0	0.0	1.0
0.0	1.0	0.0	0.0	0.0	0.0
0.0	0.0	0.0	0.0	0.0	1.0
5.0	0.0	0.0	0.0	0.0	0.0
14.0	53.0	0.0	0.0	1.0	6.0
8.0	0.0	0.0	0.0	0.0	0.0
6.0	53.0	0.0	0.0	1.0	6.0
3.0	1.0	0.0	0.0	0.0	3.0
0.0	1.0	0.0	0.0	0.0	3.0
0.0	1.0	0.0	0.0	0.0	0.0
0.0	0.0	0.0	0.0	0.0	3.0
3.0	0.0	0.0	0.0	0.0	0.0
3.0	52.0	0.0	0.0	1.0	3.0
1.0	52.0	0.0	0.0	1.0	3.0
0.0	44.0	0.0	0.0	0.0	0.0
1.0	8.0	0.0	0.0	1.0	3.0
1.0	1.0	0.0	0.0	1.0	3.0
1.0	1.0	0.0	0.0	1.0	0.0
1.0	0.0	0.0	0.0	0.0	0.0
0.0	1.0	0.0	0.0	1.0	0.0
0.0	1.0	0.0	0.0	0.0	0.0
0.0	0.0	0.0	0.0	1.0	0.0
0.0	0.0	0.0	0.0	0.0	3.0
0.0	7.0	0.0	0.0	0.0	0.0
2.0	0.0	0.0	0.0	0.0	0.0
