# Sizes (NFeatures, Nclasses, NodeCount, MaxDepth)
14	6	235	14
# Classes
0.0	1.0	2.0	3.0	4.0	5.0
# Feature Names
Nrows	Ncols	Nnnz	AvgNnnz	Density	MaxRowNnnz	MinRowNnnz	StdRowNnnz	NDiags	NTrueDiags	AvgNnnzDia	AvgNnnzELL	AvgNnnzHyb	AvgNnnzHdc
# Left
1	2	3	4	5	-1	7	8	9	10	11	-1	13	14	-1	16	-1	-1	19	-1	21	22	-1	-1	-1	-1	27	-1	29	30	-1	-1	-1	34	35	-1	-1	-1	39	40	41	42	43	44	-1	-1	-1	48	49	-1	-1	-1	-1	-1	55	56	-1	-1	-1	60	61	62	63	64	-1	66	-1	-1	69	-1	71	72	-1	-1	-1	76	77	78	-1	80	-1	-1	83	-1	-1	-1	87	88	-1	90	-1	-1	93	94	-1	-1	-1	98	99	100	101	-1	-1	-1	-1	106	-1	108	109	110	-1	-1	113	-1	-1	-1	117	118	119	-1	121	-1	-1	124	-1	126	127	128	-1	130	-1	-1	-1	134	135	-1	-1	-1	139	140	141	-1	-1	-1	-1	146	147	-1	149	150	-1	-1	-1	154	155	156	157	-1	159	-1	-1	-1	163	-1	-1	-1	167	168	169	-1	-1	172	173	-1	-1	-1	177	178	179	180	-1	-1	183	184	185	-1	-1	-1	-1	190	191	192	193	-1	-1	-1	197	198	199	200	-1	-1	-1	-1	-1	206	207	-1	-1	-1	211	212	213	-1	215	-1	-1	218	219	-1	221	-1	-1	-1	225	226	-1	-1	229	230	-1	-1	233	-1	-1
# Right
166	145	116	59	6	-1	38	33	26	25	12	-1	18	15	-1	17	-1	-1	20	-1	24	23	-1	-1	-1	-1	28	-1	32	31	-1	-1	-1	37	36	-1	-1	-1	54	53	52	47	46	45	-1	-1	-1	51	50	-1	-1	-1	-1	-1	58	57	-1	-1	-1	97	86	75	68	65	-1	67	-1	-1	70	-1	74	73	-1	-1	-1	85	82	79	-1	81	-1	-1	84	-1	-1	-1	92	89	-1	91	-1	-1	96	95	-1	-1	-1	105	104	103	102	-1	-1	-1	-1	107	-1	115	112	111	-1	-1	114	-1	-1	-1	138	123	120	-1	122	-1	-1	125	-1	133	132	129	-1	131	-1	-1	-1	137	136	-1	-1	-1	144	143	142	-1	-1	-1	-1	153	148	-1	152	151	-1	-1	-1	165	162	161	158	-1	160	-1	-1	-1	164	-1	-1	-1	176	171	170	-1	-1	175	174	-1	-1	-1	210	189	182	181	-1	-1	188	187	186	-1	-1	-1	-1	205	196	195	194	-1	-1	-1	204	203	202	201	-1	-1	-1	-1	-1	209	208	-1	-1	-1	224	217	214	-1	216	-1	-1	223	220	-1	222	-1	-1	-1	228	227	-1	-1	232	231	-1	-1	234	-1	-1
# Threshold
11464350.0	3338.5	32.5	0.48137401044368744	8.5	-2.0	4.5	21429.5	7.0	3928.5	0.9987500011920929	-2.0	1142.0	0.008252165047451854	-2.0	107.0	-2.0	-2.0	0.7502084970474243	-2.0	3348.0	2528.0	-2.0	-2.0	-2.0	-2.0	0.32906000316143036	-2.0	2500.0	0.49912650883197784	-2.0	-2.0	-2.0	31518.5	27139.5	-2.0	-2.0	-2.0	127034.5	15.5	24997.5	0.4933535009622574	562.5	6.0	-2.0	-2.0	-2.0	12.612834930419922	1730.5	-2.0	-2.0	-2.0	-2.0	-2.0	6.818310022354126	6.0	-2.0	-2.0	-2.0	0.001722204964607954	0.8536535203456879	2.2941900491714478	1.1034400463104248	14.0	-2.0	1.4177550077438354	-2.0	-2.0	0.0005946629971731454	-2.0	9.402354955673218	0.7445074915885925	-2.0	-2.0	-2.0	0.7747965157032013	1101955.0	17.0	-2.0	0.688896507024765	-2.0	-2.0	14.113450050354004	-2.0	-2.0	-2.0	2.017009973526001	0.29435837909113616	-2.0	6.97220516204834	-2.0	-2.0	4.712460041046143	11.204299926757812	-2.0	-2.0	-2.0	33.5	1.186964988708496	7.0	0.13080399855971336	-2.0	-2.0	-2.0	-2.0	296.5	-2.0	2033.5	0.5	0.0076581151224672794	-2.0	-2.0	3.627179980278015	-2.0	-2.0	-2.0	0.511075496673584	40618.5	2342.0	-2.0	5.783545017242432	-2.0	-2.0	0.527099996805191	-2.0	0.892160028219223	61582.0	0.00046610948629677296	-2.0	0.024845275562256575	-2.0	-2.0	-2.0	48.0	0.00047613150672987103	-2.0	-2.0	-2.0	19330.5	62.0	0.00903729535639286	-2.0	-2.0	-2.0	-2.0	0.29905200004577637	0.0006301539833657444	-2.0	439026.0	12357.0	-2.0	-2.0	-2.0	8.0	9.825200080871582	665764.0	0.4214330017566681	-2.0	0.5998424887657166	-2.0	-2.0	-2.0	15142.5	-2.0	-2.0	-2.0	7723.5	20544800.0	0.04453535005450249	-2.0	-2.0	0.5280220061540604	1.0792750120162964	-2.0	-2.0	-2.0	20.132200241088867	0.5102654993534088	221267.5	0.00027004598814528435	-2.0	-2.0	82121700.0	1.1252599954605103	5.668981429189444	-2.0	-2.0	-2.0	-2.0	75810350.0	0.0001740099542075768	1.925390006363159e-05	0.5852980017662048	-2.0	-2.0	-2.0	2121500.0	0.6082749962806702	515855.0	240.0	-2.0	-2.0	-2.0	-2.0	-2.0	0.895222008228302	12582905.0	-2.0	-2.0	-2.0	1977290.0	0.5	92.9986457824707	-2.0	89489.0	-2.0	-2.0	2191130.0	1018.9245300292969	-2.0	0.07159895775839686	-2.0	-2.0	-2.0	0.7431910037994385	3.5	-2.0	-2.0	0.02709933533333242	2352620.0	-2.0	-2.0	1.0492370165593456e-05	-2.0	-2.0
# Feature
2	5	5	7	1	-2	9	1	8	1	3	-2	2	4	-2	0	-2	-2	10	-2	1	0	-2	-2	-2	-2	10	-2	0	13	-2	-2	-2	0	1	-2	-2	-2	1	8	1	13	1	9	-2	-2	-2	12	0	-2	-2	-2	-2	-2	3	9	-2	-2	-2	4	11	7	12	5	-2	3	-2	-2	4	-2	3	11	-2	-2	-2	13	2	9	-2	11	-2	-2	3	-2	-2	-2	7	10	-2	12	-2	-2	7	3	-2	-2	-2	0	12	9	4	-2	-2	-2	-2	8	-2	2	9	4	-2	-2	3	-2	-2	-2	10	0	5	-2	3	-2	-2	11	-2	11	0	4	-2	10	-2	-2	-2	5	4	-2	-2	-2	0	9	4	-2	-2	-2	-2	12	10	-2	2	0	-2	-2	-2	9	3	2	13	-2	12	-2	-2	-2	5	-2	-2	-2	8	2	10	-2	-2	13	7	-2	-2	-2	7	13	1	4	-2	-2	2	12	7	-2	-2	-2	-2	2	10	4	13	-2	-2	-2	1	11	1	5	-2	-2	-2	-2	-2	11	1	-2	-2	-2	8	9	7	-2	5	-2	-2	0	7	-2	11	-2	-2	-2	12	9	-2	-2	11	1	-2	-2	4	-2	-2
# Values
83.0	1468.0	42.0	48.0	12.0	23.0
67.0	1409.0	41.0	37.0	0.0	2.0
4.0	1361.0	41.0	37.0	0.0	2.0
3.0	536.0	37.0	32.0	0.0	1.0
3.0	85.0	27.0	1.0	0.0	1.0
3.0	0.0	0.0	0.0	0.0	0.0
0.0	85.0	27.0	1.0	0.0	1.0
0.0	58.0	8.0	1.0	0.0	0.0
0.0	41.0	8.0	0.0	0.0	0.0
0.0	11.0	7.0	0.0	0.0	0.0
0.0	11.0	4.0	0.0	0.0	0.0
0.0	0.0	1.0	0.0	0.0	0.0
0.0	11.0	3.0	0.0	0.0	0.0
0.0	8.0	1.0	0.0	0.0	0.0
0.0	6.0	0.0	0.0	0.0	0.0
0.0	2.0	1.0	0.0	0.0	0.0
0.0	2.0	0.0	0.0	0.0	0.0
0.0	0.0	1.0	0.0	0.0	0.0
0.0	3.0	2.0	0.0	0.0	0.0
0.0	0.0	1.0	0.0	0.0	0.0
0.0	3.0	1.0	0.0	0.0	0.0
0.0	1.0	1.0	0.0	0.0	0.0
0.0	1.0	0.0	0.0	0.0	0.0
0.0	0.0	1.0	0.0	0.0	0.0
0.0	2.0	0.0	0.0	0.0	0.0
0.0	0.0	3.0	0.0	0.0	0.0
0.0	30.0	1.0	0.0	0.0	0.0
0.0	21.0	0.0	0.0	0.0	0.0
0.0	9.0	1.0	0.0	0.0	0.0
0.0	3.0	1.0	0.0	0.0	0.0
0.0	1.0	0.0	0.0	0.0	0.0
0.0	2.0	1.0	0.0	0.0	0.0
0.0	6.0	0.0	0.0	0.0	0.0
0.0	17.0	0.0	1.0	0.0	0.0
0.0	2.0	0.0	1.0	0.0	0.0
0.0	2.0	0.0	0.0	0.0	0.0
0.0	0.0	0.0	1.0	0.0	0.0
0.0	15.0	0.0	0.0	0.0	0.0
0.0	27.0	19.0	0.0	0.0	1.0
0.0	27.0	12.0	0.0	0.0	0.0
0.0	16.0	12.0	0.0	0.0	0.0
0.0	16.0	6.0	0.0	0.0	0.0
0.0	13.0	1.0	0.0	0.0	0.0
0.0	3.0	1.0	0.0	0.0	0.0
0.0	3.0	0.0	0.0	0.0	0.0
0.0	0.0	1.0	0.0	0.0	0.0
0.0	10.0	0.0	0.0	0.0	0.0
0.0	3.0	5.0	0.0	0.0	0.0
0.0	2.0	5.0	0.0	0.0	0.0
0.0	2.0	3.0	0.0	0.0	0.0
0.0	0.0	2.0	0.0	0.0	0.0
0.0	1.0	0.0	0.0	0.0	0.0
0.0	0.0	6.0	0.0	0.0	0.0
0.0	11.0	0.0	0.0	0.0	0.0
0.0	0.0	7.0	0.0	0.0	1.0
0.0	0.0	1.0	0.0	0.0	1.0
0.0	0.0	1.0	0.0	0.0	0.0
0.0	0.0	0.0	0.0	0.0	1.0
0.0	0.0	6.0	0.0	0.0	0.0
0.0	451.0	10.0	31.0	0.0	0.0
0.0	149.0	8.0	28.0	0.0	0.0
0.0	138.0	1.0	19.0	0.0	0.0
0.0	91.0	1.0	3.0	0.0	0.0
0.0	5.0	0.0	2.0	0.0	0.0
0.0	4.0	0.0	0.0	0.0	0.0
0.0	1.0	0.0	2.0	0.0	0.0
0.0	1.0	0.0	0.0	0.0	0.0
0.0	0.0	0.0	2.0	0.0	0.0
0.0	86.0	1.0	1.0	0.0	0.0
0.0	63.0	0.0	0.0	0.0	0.0
0.0	23.0	1.0	1.0	0.0	0.0
0.0	23.0	1.0	0.0	0.0	0.0
0.0	23.0	0.0	0.0	0.0	0.0
0.0	0.0	1.0	0.0	0.0	0.0
0.0	0.0	0.0	1.0	0.0	0.0
0.0	47.0	0.0	16.0	0.0	0.0
0.0	47.0	0.0	9.0	0.0	0.0
0.0	42.0	0.0	3.0	0.0	0.0
0.0	41.0	0.0	0.0	0.0	0.0
0.0	1.0	0.0	3.0	0.0	0.0
0.0	0.0	0.0	3.0	0.0	0.0
0.0	1.0	0.0	0.0	0.0	0.0
0.0	5.0	0.0	6.0	0.0	0.0
0.0	5.0	0.0	0.0	0.0	0.0
0.0	0.0	0.0	6.0	0.0	0.0
0.0	0.0	0.0	7.0	0.0	0.0
0.0	11.0	7.0	9.0	0.0	0.0
0.0	10.0	6.0	0.0	0.0	0.0
0.0	8.0	0.0	0.0	0.0	0.0
0.0	2.0	6.0	0.0	0.0	0.0
0.0	0.0	5.0	0.0	0.0	0.0
0.0	2.0	1.0	0.0	0.0	0.0
0.0	1.0	1.0	9.0	0.0	0.0
0.0	1.0	0.0	9.0	0.0	0.0
0.0	1.0	0.0	1.0	0.0	0.0
0.0	0.0	0.0	8.0	0.0	0.0
0.0	0.0	1.0	0.0	0.0	0.0
0.0	302.0	2.0	3.0	0.0	0.0
0.0	17.0	2.0	1.0	0.0	0.0
0.0	2.0	2.0	1.0	0.0	0.0
0.0	2.0	0.0	1.0	0.0	0.0
0.0	0.0	0.0	1.0	0.0	0.0
0.0	2.0	0.0	0.0	0.0	0.0
0.0	0.0	2.0	0.0	0.0	0.0
0.0	15.0	0.0	0.0	0.0	0.0
0.0	285.0	0.0	2.0	0.0	0.0
0.0	163.0	0.0	0.0	0.0	0.0
0.0	122.0	0.0	2.0	0.0	0.0
0.0	55.0	0.0	2.0	0.0	0.0
0.0	1.0	0.0	1.0	0.0	0.0
0.0	1.0	0.0	0.0	0.0	0.0
0.0	0.0	0.0	1.0	0.0	0.0
0.0	54.0	0.0	1.0	0.0	0.0
0.0	51.0	0.0	1.0	0.0	0.0
0.0	3.0	0.0	0.0	0.0	0.0
0.0	67.0	0.0	0.0	0.0	0.0
1.0	825.0	4.0	5.0	0.0	1.0
1.0	812.0	0.0	5.0	0.0	1.0
1.0	651.0	0.0	0.0	0.0	0.0
0.0	635.0	0.0	0.0	0.0	0.0
1.0	16.0	0.0	0.0	0.0	0.0
1.0	0.0	0.0	0.0	0.0	0.0
0.0	16.0	0.0	0.0	0.0	0.0
0.0	161.0	0.0	5.0	0.0	1.0
0.0	145.0	0.0	0.0	0.0	0.0
0.0	16.0	0.0	5.0	0.0	1.0
0.0	15.0	0.0	3.0	0.0	0.0
0.0	2.0	0.0	3.0	0.0	0.0
0.0	1.0	0.0	0.0	0.0	0.0
0.0	1.0	0.0	3.0	0.0	0.0
0.0	0.0	0.0	3.0	0.0	0.0
0.0	1.0	0.0	0.0	0.0	0.0
0.0	13.0	0.0	0.0	0.0	0.0
0.0	1.0	0.0	2.0	0.0	1.0
0.0	1.0	0.0	2.0	0.0	0.0
0.0	1.0	0.0	1.0	0.0	0.0
0.0	0.0	0.0	1.0	0.0	0.0
0.0	0.0	0.0	0.0	0.0	1.0
0.0	13.0	4.0	0.0	0.0	0.0
0.0	13.0	1.0	0.0	0.0	0.0
0.0	1.0	1.0	0.0	0.0	0.0
0.0	0.0	1.0	0.0	0.0	0.0
0.0	1.0	0.0	0.0	0.0	0.0
0.0	12.0	0.0	0.0	0.0	0.0
0.0	0.0	3.0	0.0	0.0	0.0
63.0	48.0	0.0	0.0	0.0	0.0
42.0	2.0	0.0	0.0	0.0	0.0
38.0	0.0	0.0	0.0	0.0	0.0
4.0	2.0	0.0	0.0	0.0	0.0
1.0	2.0	0.0	0.0	0.0	0.0
1.0	0.0	0.0	0.0	0.0	0.0
0.0	2.0	0.0	0.0	0.0	0.0
3.0	0.0	0.0	0.0	0.0	0.0
21.0	46.0	0.0	0.0	0.0	0.0
21.0	13.0	0.0	0.0	0.0	0.0
18.0	2.0	0.0	0.0	0.0	0.0
9.0	2.0	0.0	0.0	0.0	0.0
7.0	0.0	0.0	0.0	0.0	0.0
2.0	2.0	0.0	0.0	0.0	0.0
2.0	0.0	0.0	0.0	0.0	0.0
0.0	2.0	0.0	0.0	0.0	0.0
9.0	0.0	0.0	0.0	0.0	0.0
3.0	11.0	0.0	0.0	0.0	0.0
0.0	11.0	0.0	0.0	0.0	0.0
3.0	0.0	0.0	0.0	0.0	0.0
0.0	33.0	0.0	0.0	0.0	0.0
16.0	59.0	1.0	11.0	12.0	21.0
0.0	2.0	1.0	1.0	0.0	14.0
0.0	0.0	0.0	1.0	0.0	12.0
0.0	0.0	0.0	0.0	0.0	12.0
0.0	0.0	0.0	1.0	0.0	0.0
0.0	2.0	1.0	0.0	0.0	2.0
0.0	0.0	1.0	0.0	0.0	2.0
0.0	0.0	0.0	0.0	0.0	2.0
0.0	0.0	1.0	0.0	0.0	0.0
0.0	2.0	0.0	0.0	0.0	0.0
16.0	57.0	0.0	10.0	12.0	7.0
0.0	35.0	0.0	10.0	7.0	6.0
0.0	27.0	0.0	0.0	0.0	3.0
0.0	1.0	0.0	0.0	0.0	1.0
0.0	0.0	0.0	0.0	0.0	1.0
0.0	1.0	0.0	0.0	0.0	0.0
0.0	26.0	0.0	0.0	0.0	2.0
0.0	26.0	0.0	0.0	0.0	1.0
0.0	1.0	0.0	0.0	0.0	1.0
0.0	1.0	0.0	0.0	0.0	0.0
0.0	0.0	0.0	0.0	0.0	1.0
0.0	25.0	0.0	0.0	0.0	0.0
0.0	0.0	0.0	0.0	0.0	1.0
0.0	8.0	0.0	10.0	7.0	3.0
0.0	8.0	0.0	4.0	1.0	3.0
0.0	1.0	0.0	0.0	1.0	3.0
0.0	1.0	0.0	0.0	0.0	3.0
0.0	1.0	0.0	0.0	0.0	0.0
0.0	0.0	0.0	0.0	0.0	3.0
0.0	0.0	0.0	0.0	1.0	0.0
0.0	7.0	0.0	4.0	0.0	0.0
0.0	7.0	0.0	2.0	0.0	0.0
0.0	7.0	0.0	1.0	0.0	0.0
0.0	1.0	0.0	1.0	0.0	0.0
0.0	0.0	0.0	1.0	0.0	0.0
0.0	1.0	0.0	0.0	0.0	0.0
0.0	6.0	0.0	0.0	0.0	0.0
0.0	0.0	0.0	1.0	0.0	0.0
0.0	0.0	0.0	2.0	0.0	0.0
0.0	0.0	0.0	6.0	6.0	0.0
0.0	0.0	0.0	1.0	6.0	0.0
0.0	0.0	0.0	0.0	6.0	0.0
0.0	0.0	0.0	1.0	0.0	0.0
0.0	0.0	0.0	5.0	0.0	0.0
16.0	22.0	0.0	0.0	5.0	1.0
4.0	20.0	0.0	0.0	2.0	0.0
4.0	2.0	0.0	0.0	0.0	0.0
0.0	1.0	0.0	0.0	0.0	0.0
4.0	1.0	0.0	0.0	0.0	0.0
4.0	0.0	0.0	0.0	0.0	0.0
0.0	1.0	0.0	0.0	0.0	0.0
0.0	18.0	0.0	0.0	2.0	0.0
0.0	18.0	0.0	0.0	1.0	0.0
0.0	17.0	0.0	0.0	0.0	0.0
0.0	1.0	0.0	0.0	1.0	0.0
0.0	0.0	0.0	0.0	1.0	0.0
0.0	1.0	0.0	0.0	0.0	0.0
0.0	0.0	0.0	0.0	1.0	0.0
12.0	2.0	0.0	0.0	3.0	1.0
12.0	0.0	0.0	0.0	1.0	0.0
12.0	0.0	0.0	0.0	0.0	0.0
0.0	0.0	0.0	0.0	1.0	0.0
0.0	2.0	0.0	0.0	2.0	1.0
0.0	2.0	0.0	0.0	1.0	0.0
0.0	0.0	0.0	0.0	1.0	0.0
0.0	2.0	0.0	0.0	0.0	0.0
0.0	0.0	0.0	0.0	1.0	1.0
0.0	0.0	0.0	0.0	1.0	0.0
0.0	0.0	0.0	0.0	0.0	1.0
