# Sizes (NFeatures, Nclasses, NodeCount, MaxDepth)
14	6	233	19
# Classes
0.0	1.0	2.0	3.0	4.0	5.0
# Feature Names
Nrows	Ncols	Nnnz	AvgNnnz	Density	MaxRowNnnz	MinRowNnnz	StdRowNnnz	NDiags	NTrueDiags	AvgNnnzDia	AvgNnnzELL	AvgNnnzHyb	AvgNnnzHdc
# Left
1	2	3	4	-1	6	7	8	9	-1	-1	-1	13	-1	15	-1	17	18	19	20	-1	22	23	-1	25	26	27	28	29	-1	-1	-1	-1	-1	-1	-1	-1	-1	-1	40	41	42	-1	-1	45	46	-1	-1	49	-1	51	-1	-1	54	-1	56	-1	-1	59	60	-1	-1	-1	64	65	66	67	-1	69	70	71	72	-1	-1	-1	76	77	78	-1	-1	-1	-1	-1	-1	85	86	87	88	-1	-1	91	92	93	-1	-1	-1	-1	98	99	100	101	-1	-1	104	-1	106	-1	-1	109	-1	111	112	-1	114	-1	116	-1	-1	-1	120	-1	122	-1	-1	125	126	127	-1	-1	-1	131	132	133	134	-1	-1	-1	-1	139	-1	141	-1	143	144	-1	-1	-1	148	149	150	151	-1	153	154	-1	-1	157	158	159	-1	-1	-1	-1	164	165	-1	167	-1	-1	-1	171	-1	173	-1	175	-1	177	178	179	-1	-1	-1	-1	184	-1	186	187	188	-1	-1	-1	192	-1	-1	195	196	-1	198	-1	200	-1	-1	203	204	205	-1	207	208	209	-1	211	-1	-1	214	-1	216	-1	-1	219	-1	221	-1	-1	224	-1	226	-1	-1	229	-1	231	-1	-1
# Right
194	63	58	5	-1	39	12	11	10	-1	-1	-1	14	-1	16	-1	38	37	36	21	-1	35	24	-1	34	33	32	31	30	-1	-1	-1	-1	-1	-1	-1	-1	-1	-1	53	44	43	-1	-1	48	47	-1	-1	50	-1	52	-1	-1	55	-1	57	-1	-1	62	61	-1	-1	-1	147	84	83	68	-1	82	75	74	73	-1	-1	-1	81	80	79	-1	-1	-1	-1	-1	-1	124	97	90	89	-1	-1	96	95	94	-1	-1	-1	-1	119	108	103	102	-1	-1	105	-1	107	-1	-1	110	-1	118	113	-1	115	-1	117	-1	-1	-1	121	-1	123	-1	-1	130	129	128	-1	-1	-1	138	137	136	135	-1	-1	-1	-1	140	-1	142	-1	146	145	-1	-1	-1	183	170	163	152	-1	156	155	-1	-1	162	161	160	-1	-1	-1	-1	169	166	-1	168	-1	-1	-1	172	-1	174	-1	176	-1	182	181	180	-1	-1	-1	-1	185	-1	191	190	189	-1	-1	-1	193	-1	-1	202	197	-1	199	-1	201	-1	-1	228	223	206	-1	218	213	210	-1	212	-1	-1	215	-1	217	-1	-1	220	-1	222	-1	-1	225	-1	227	-1	-1	230	-1	232	-1	-1
# Threshold
3350.0	34.0	187402.0	8.0	-2.0	0.97376349568367	0.5	1.1519750356674194	10.5	-2.0	-2.0	-2.0	9.5	-2.0	350.0	-2.0	12.0	4.5	0.8238095045089722	475.0	-2.0	5.7736101150512695	0.0009491420059930533	-2.0	8.0	0.0022056850139051676	5.405000150203705	0.49958349764347076	5.0	-2.0	-2.0	-2.0	-2.0	-2.0	-2.0	-2.0	-2.0	-2.0	-2.0	3.1696550846099854	0.000256342493230477	33566.0	-2.0	-2.0	122.0	89.0	-2.0	-2.0	2528.0	-2.0	3348.0	-2.0	-2.0	0.30739448964595795	-2.0	3.5	-2.0	-2.0	0.8492324948310852	0.4357929974794388	-2.0	-2.0	-2.0	11464350.0	11631.0	2.8010300397872925	11.5	-2.0	2.6722049713134766	0.11524270102381706	0.002080084930639714	1.821234941482544	-2.0	-2.0	-2.0	437.5	0.008539749775081873	0.2178715094923973	-2.0	-2.0	-2.0	-2.0	-2.0	-2.0	24.0	9.253695011138916	0.002027349954005331	21.463191032409668	-2.0	-2.0	90661.5	3.5	0.00012309724843362346	-2.0	-2.0	-2.0	-2.0	5.755914926528931	7434.0	14.0	179259.0	-2.0	-2.0	17.0	-2.0	2.6519649624824524	-2.0	-2.0	0.3878760039806366	-2.0	4.091140031814575	27.0	-2.0	16.120349884033203	-2.0	1613760.0	-2.0	-2.0	-2.0	0.551191508769989	-2.0	0.5541795194149017	-2.0	-2.0	4.691614866256714	4287175.0	6.206074953079224	-2.0	-2.0	-2.0	29.0	0.001176214951556176	0.5193049907684326	0.0006432424997910857	-2.0	-2.0	-2.0	-2.0	11867.5	-2.0	1.8677200078964233	-2.0	2.104180097579956	20655.0	-2.0	-2.0	-2.0	0.8675684928894043	0.7438310086727142	11.0	26148000.0	-2.0	2.301137470794856e-06	4.7274399150865065e-07	-2.0	-2.0	38.480350494384766	8.0	32695100.0	-2.0	-2.0	-2.0	-2.0	4.856549859046936	1592455.0	-2.0	51.004000663757324	-2.0	-2.0	-2.0	11956.0	-2.0	22.5	-2.0	3.8535200357437134	-2.0	61248.0	66.5	12582905.0	-2.0	-2.0	-2.0	-2.0	1.1764894907173584e-06	-2.0	13.212650299072266	25.0	562.5	-2.0	-2.0	-2.0	81776150.0	-2.0	-2.0	0.0013770349905826151	1427775.0	-2.0	0.5153810083866119	-2.0	0.5115679800510406	-2.0	-2.0	0.0039402550319209695	1.5	0.2808295041322708	-2.0	185.30550384521484	15.689550399780273	0.5281780064105988	-2.0	3.071733999604476e-05	-2.0	-2.0	0.7883850038051605	-2.0	1247732.0	-2.0	-2.0	11682150.0	-2.0	2.5	-2.0	-2.0	9.121219635009766	-2.0	0.29905200004577637	-2.0	-2.0	15970.0	-2.0	200590008.0	-2.0	-2.0
# Feature
5	8	2	1	-2	10	6	12	5	-2	-2	-2	1	-2	1	-2	8	6	10	0	-2	3	4	-2	9	4	12	13	5	-2	-2	-2	-2	-2	-2	-2	-2	-2	-2	12	4	2	-2	-2	2	0	-2	-2	0	-2	1	-2	-2	7	-2	6	-2	-2	11	13	-2	-2	-2	2	0	7	5	-2	7	11	10	7	-2	-2	-2	1	4	11	-2	-2	-2	-2	-2	-2	9	3	11	7	-2	-2	2	5	4	-2	-2	-2	-2	7	8	9	2	-2	-2	9	-2	12	-2	-2	13	-2	12	5	-2	3	-2	2	-2	-2	-2	11	-2	11	-2	-2	7	2	12	-2	-2	-2	9	4	13	4	-2	-2	-2	-2	0	-2	12	-2	12	1	-2	-2	-2	11	13	9	2	-2	4	10	-2	-2	7	9	2	-2	-2	-2	-2	12	8	-2	3	-2	-2	-2	8	-2	5	-2	7	-2	8	5	0	-2	-2	-2	-2	4	-2	12	6	8	-2	-2	-2	2	-2	-2	11	8	-2	13	-2	12	-2	-2	11	6	13	-2	7	3	13	-2	10	-2	-2	12	-2	0	-2	-2	2	-2	9	-2	-2	3	-2	12	-2	-2	5	-2	2	-2	-2
# Values
83.0	1468.0	42.0	48.0	12.0	23.0
4.0	1412.0	42.0	48.0	8.0	23.0
3.0	111.0	38.0	1.0	0.0	1.0
3.0	110.0	20.0	1.0	0.0	0.0
3.0	0.0	0.0	0.0	0.0	0.0
0.0	110.0	20.0	1.0	0.0	0.0
0.0	95.0	9.0	1.0	0.0	0.0
0.0	5.0	1.0	1.0	0.0	0.0
0.0	5.0	1.0	0.0	0.0	0.0
0.0	5.0	0.0	0.0	0.0	0.0
0.0	0.0	1.0	0.0	0.0	0.0
0.0	0.0	0.0	1.0	0.0	0.0
0.0	90.0	8.0	0.0	0.0	0.0
0.0	0.0	1.0	0.0	0.0	0.0
0.0	90.0	7.0	0.0	0.0	0.0
0.0	33.0	0.0	0.0	0.0	0.0
0.0	57.0	7.0	0.0	0.0	0.0
0.0	34.0	7.0	0.0	0.0	0.0
0.0	34.0	6.0	0.0	0.0	0.0
0.0	25.0	6.0	0.0	0.0	0.0
0.0	0.0	2.0	0.0	0.0	0.0
0.0	25.0	4.0	0.0	0.0	0.0
0.0	25.0	3.0	0.0	0.0	0.0
0.0	11.0	0.0	0.0	0.0	0.0
0.0	14.0	3.0	0.0	0.0	0.0
0.0	14.0	2.0	0.0	0.0	0.0
0.0	5.0	2.0	0.0	0.0	0.0
0.0	5.0	1.0	0.0	0.0	0.0
0.0	3.0	1.0	0.0	0.0	0.0
0.0	2.0	1.0	0.0	0.0	0.0
0.0	1.0	0.0	0.0	0.0	0.0
0.0	2.0	0.0	0.0	0.0	0.0
0.0	0.0	1.0	0.0	0.0	0.0
0.0	9.0	0.0	0.0	0.0	0.0
0.0	0.0	1.0	0.0	0.0	0.0
0.0	0.0	1.0	0.0	0.0	0.0
0.0	9.0	0.0	0.0	0.0	0.0
0.0	0.0	1.0	0.0	0.0	0.0
0.0	23.0	0.0	0.0	0.0	0.0
0.0	15.0	11.0	0.0	0.0	0.0
0.0	11.0	5.0	0.0	0.0	0.0
0.0	1.0	3.0	0.0	0.0	0.0
0.0	0.0	3.0	0.0	0.0	0.0
0.0	1.0	0.0	0.0	0.0	0.0
0.0	10.0	2.0	0.0	0.0	0.0
0.0	1.0	1.0	0.0	0.0	0.0
0.0	1.0	0.0	0.0	0.0	0.0
0.0	0.0	1.0	0.0	0.0	0.0
0.0	9.0	1.0	0.0	0.0	0.0
0.0	7.0	0.0	0.0	0.0	0.0
0.0	2.0	1.0	0.0	0.0	0.0
0.0	0.0	1.0	0.0	0.0	0.0
0.0	2.0	0.0	0.0	0.0	0.0
0.0	4.0	6.0	0.0	0.0	0.0
0.0	0.0	2.0	0.0	0.0	0.0
0.0	4.0	4.0	0.0	0.0	0.0
0.0	2.0	3.0	0.0	0.0	0.0
0.0	2.0	1.0	0.0	0.0	0.0
0.0	1.0	18.0	0.0	0.0	1.0
0.0	1.0	0.0	0.0	0.0	1.0
0.0	1.0	0.0	0.0	0.0	0.0
0.0	0.0	0.0	0.0	0.0	1.0
0.0	0.0	18.0	0.0	0.0	0.0
1.0	1301.0	4.0	47.0	8.0	22.0
1.0	1250.0	4.0	36.0	0.0	1.0
0.0	835.0	0.0	3.0	0.0	0.0
0.0	240.0	0.0	3.0	0.0	0.0
0.0	122.0	0.0	0.0	0.0	0.0
0.0	118.0	0.0	3.0	0.0	0.0
0.0	118.0	0.0	2.0	0.0	0.0
0.0	5.0	0.0	1.0	0.0	0.0
0.0	1.0	0.0	1.0	0.0	0.0
0.0	0.0	0.0	1.0	0.0	0.0
0.0	1.0	0.0	0.0	0.0	0.0
0.0	4.0	0.0	0.0	0.0	0.0
0.0	113.0	0.0	1.0	0.0	0.0
0.0	70.0	0.0	1.0	0.0	0.0
0.0	52.0	0.0	1.0	0.0	0.0
0.0	1.0	0.0	0.0	0.0	0.0
0.0	51.0	0.0	1.0	0.0	0.0
0.0	18.0	0.0	0.0	0.0	0.0
0.0	43.0	0.0	0.0	0.0	0.0
0.0	0.0	0.0	1.0	0.0	0.0
0.0	595.0	0.0	0.0	0.0	0.0
1.0	415.0	4.0	33.0	0.0	1.0
1.0	362.0	0.0	24.0	0.0	0.0
1.0	216.0	0.0	1.0	0.0	0.0
1.0	1.0	0.0	0.0	0.0	0.0
0.0	1.0	0.0	0.0	0.0	0.0
1.0	0.0	0.0	0.0	0.0	0.0
0.0	215.0	0.0	1.0	0.0	0.0
0.0	30.0	0.0	1.0	0.0	0.0
0.0	2.0	0.0	1.0	0.0	0.0
0.0	0.0	0.0	1.0	0.0	0.0
0.0	2.0	0.0	0.0	0.0	0.0
0.0	28.0	0.0	0.0	0.0	0.0
0.0	185.0	0.0	0.0	0.0	0.0
0.0	146.0	0.0	23.0	0.0	0.0
0.0	28.0	0.0	22.0	0.0	0.0
0.0	7.0	0.0	16.0	0.0	0.0
0.0	1.0	0.0	14.0	0.0	0.0
0.0	1.0	0.0	1.0	0.0	0.0
0.0	0.0	0.0	13.0	0.0	0.0
0.0	6.0	0.0	2.0	0.0	0.0
0.0	4.0	0.0	0.0	0.0	0.0
0.0	2.0	0.0	2.0	0.0	0.0
0.0	0.0	0.0	2.0	0.0	0.0
0.0	2.0	0.0	0.0	0.0	0.0
0.0	21.0	0.0	6.0	0.0	0.0
0.0	14.0	0.0	0.0	0.0	0.0
0.0	7.0	0.0	6.0	0.0	0.0
0.0	5.0	0.0	6.0	0.0	0.0
0.0	0.0	0.0	4.0	0.0	0.0
0.0	5.0	0.0	2.0	0.0	0.0
0.0	4.0	0.0	0.0	0.0	0.0
0.0	1.0	0.0	2.0	0.0	0.0
0.0	1.0	0.0	0.0	0.0	0.0
0.0	0.0	0.0	2.0	0.0	0.0
0.0	2.0	0.0	0.0	0.0	0.0
0.0	118.0	0.0	1.0	0.0	0.0
0.0	111.0	0.0	0.0	0.0	0.0
0.0	7.0	0.0	1.0	0.0	0.0
0.0	0.0	0.0	1.0	0.0	0.0
0.0	7.0	0.0	0.0	0.0	0.0
0.0	53.0	4.0	9.0	0.0	1.0
0.0	1.0	0.0	6.0	0.0	1.0
0.0	1.0	0.0	6.0	0.0	0.0
0.0	0.0	0.0	5.0	0.0	0.0
0.0	1.0	0.0	1.0	0.0	0.0
0.0	0.0	0.0	0.0	0.0	1.0
0.0	52.0	4.0	3.0	0.0	0.0
0.0	5.0	0.0	3.0	0.0	0.0
0.0	5.0	0.0	1.0	0.0	0.0
0.0	1.0	0.0	1.0	0.0	0.0
0.0	0.0	0.0	1.0	0.0	0.0
0.0	1.0	0.0	0.0	0.0	0.0
0.0	4.0	0.0	0.0	0.0	0.0
0.0	0.0	0.0	2.0	0.0	0.0
0.0	47.0	4.0	0.0	0.0	0.0
0.0	0.0	1.0	0.0	0.0	0.0
0.0	47.0	3.0	0.0	0.0	0.0
0.0	35.0	0.0	0.0	0.0	0.0
0.0	12.0	3.0	0.0	0.0	0.0
0.0	3.0	3.0	0.0	0.0	0.0
0.0	3.0	0.0	0.0	0.0	0.0
0.0	0.0	3.0	0.0	0.0	0.0
0.0	9.0	0.0	0.0	0.0	0.0
0.0	51.0	0.0	11.0	8.0	21.0
0.0	42.0	0.0	4.0	8.0	7.0
0.0	39.0	0.0	0.0	3.0	5.0
0.0	16.0	0.0	0.0	3.0	3.0
0.0	13.0	0.0	0.0	0.0	0.0
0.0	3.0	0.0	0.0	3.0	3.0
0.0	2.0	0.0	0.0	0.0	1.0
0.0	0.0	0.0	0.0	0.0	1.0
0.0	2.0	0.0	0.0	0.0	0.0
0.0	1.0	0.0	0.0	3.0	2.0
0.0	0.0	0.0	0.0	3.0	2.0
0.0	0.0	0.0	0.0	3.0	1.0
0.0	0.0	0.0	0.0	0.0	1.0
0.0	0.0	0.0	0.0	3.0	0.0
0.0	0.0	0.0	0.0	0.0	1.0
0.0	1.0	0.0	0.0	0.0	0.0
0.0	23.0	0.0	0.0	0.0	2.0
0.0	23.0	0.0	0.0	0.0	1.0
0.0	21.0	0.0	0.0	0.0	0.0
0.0	2.0	0.0	0.0	0.0	1.0
0.0	0.0	0.0	0.0	0.0	1.0
0.0	2.0	0.0	0.0	0.0	0.0
0.0	0.0	0.0	0.0	0.0	1.0
0.0	3.0	0.0	4.0	5.0	2.0
0.0	3.0	0.0	0.0	0.0	0.0
0.0	0.0	0.0	4.0	5.0	2.0
0.0	0.0	0.0	0.0	0.0	2.0
0.0	0.0	0.0	4.0	5.0	0.0
0.0	0.0	0.0	2.0	0.0	0.0
0.0	0.0	0.0	2.0	5.0	0.0
0.0	0.0	0.0	2.0	1.0	0.0
0.0	0.0	0.0	1.0	1.0	0.0
0.0	0.0	0.0	0.0	1.0	0.0
0.0	0.0	0.0	1.0	0.0	0.0
0.0	0.0	0.0	1.0	0.0	0.0
0.0	0.0	0.0	0.0	4.0	0.0
0.0	9.0	0.0	7.0	0.0	14.0
0.0	8.0	0.0	0.0	0.0	0.0
0.0	1.0	0.0	7.0	0.0	14.0
0.0	1.0	0.0	6.0	0.0	1.0
0.0	0.0	0.0	6.0	0.0	1.0
0.0	0.0	0.0	0.0	0.0	1.0
0.0	0.0	0.0	6.0	0.0	0.0
0.0	1.0	0.0	0.0	0.0	0.0
0.0	0.0	0.0	1.0	0.0	13.0
0.0	0.0	0.0	0.0	0.0	13.0
0.0	0.0	0.0	1.0	0.0	0.0
79.0	56.0	0.0	0.0	4.0	0.0
60.0	0.0	0.0	0.0	1.0	0.0
51.0	0.0	0.0	0.0	0.0	0.0
9.0	0.0	0.0	0.0	1.0	0.0
8.0	0.0	0.0	0.0	0.0	0.0
1.0	0.0	0.0	0.0	1.0	0.0
0.0	0.0	0.0	0.0	1.0	0.0
1.0	0.0	0.0	0.0	0.0	0.0
19.0	56.0	0.0	0.0	3.0	0.0
17.0	25.0	0.0	0.0	3.0	0.0
13.0	6.0	0.0	0.0	3.0	0.0
0.0	2.0	0.0	0.0	0.0	0.0
13.0	4.0	0.0	0.0	3.0	0.0
8.0	4.0	0.0	0.0	1.0	0.0
8.0	2.0	0.0	0.0	0.0	0.0
7.0	0.0	0.0	0.0	0.0	0.0
1.0	2.0	0.0	0.0	0.0	0.0
1.0	0.0	0.0	0.0	0.0	0.0
0.0	2.0	0.0	0.0	0.0	0.0
0.0	2.0	0.0	0.0	1.0	0.0
0.0	1.0	0.0	0.0	0.0	0.0
0.0	1.0	0.0	0.0	1.0	0.0
0.0	1.0	0.0	0.0	0.0	0.0
0.0	0.0	0.0	0.0	1.0	0.0
5.0	0.0	0.0	0.0	2.0	0.0
4.0	0.0	0.0	0.0	0.0	0.0
1.0	0.0	0.0	0.0	2.0	0.0
1.0	0.0	0.0	0.0	0.0	0.0
0.0	0.0	0.0	0.0	2.0	0.0
4.0	19.0	0.0	0.0	0.0	0.0
2.0	0.0	0.0	0.0	0.0	0.0
2.0	19.0	0.0	0.0	0.0	0.0
2.0	0.0	0.0	0.0	0.0	0.0
0.0	19.0	0.0	0.0	0.0	0.0
2.0	31.0	0.0	0.0	0.0	0.0
0.0	30.0	0.0	0.0	0.0	0.0
2.0	1.0	0.0	0.0	0.0	0.0
2.0	0.0	0.0	0.0	0.0	0.0
0.0	1.0	0.0	0.0	0.0	0.0
