# Sizes (NFeatures, Nclasses, NodeCount, MaxDepth)
14	6	247	14
# Classes
0.0	1.0	2.0	3.0	4.0	5.0
# Feature Names
Nrows	Ncols	Nnnz	AvgNnnz	Density	MaxRowNnnz	MinRowNnnz	StdRowNnnz	NDiags	NTrueDiags	AvgNnnzDia	AvgNnnzELL	AvgNnnzHyb	AvgNnnzHdc
# Left
1	2	3	-1	5	6	-1	-1	-1	10	-1	12	-1	14	15	16	-1	-1	-1	20	21	-1	-1	24	-1	-1	27	28	29	30	31	32	33	-1	-1	36	-1	38	-1	-1	41	42	43	-1	45	46	47	48	-1	50	-1	-1	-1	-1	55	-1	-1	-1	-1	60	61	62	63	-1	65	66	-1	-1	-1	-1	71	-1	-1	74	75	-1	77	-1	-1	80	-1	-1	83	-1	85	86	87	88	-1	90	-1	-1	-1	-1	95	96	-1	98	-1	100	-1	102	103	-1	105	106	-1	-1	-1	-1	111	112	113	-1	-1	-1	117	-1	119	-1	-1	122	123	124	125	-1	-1	128	-1	-1	131	132	-1	134	-1	136	137	-1	139	-1	141	-1	-1	-1	-1	146	147	148	149	150	-1	152	-1	154	-1	156	-1	-1	159	160	-1	162	-1	-1	-1	-1	167	-1	169	170	171	-1	-1	174	175	-1	177	-1	-1	-1	181	-1	-1	184	-1	186	187	-1	-1	190	-1	192	-1	-1	195	196	197	198	199	-1	201	202	-1	-1	-1	206	-1	-1	209	210	-1	-1	213	-1	215	216	-1	218	-1	-1	-1	222	223	-1	225	-1	-1	228	229	-1	-1	232	-1	-1	235	236	237	-1	239	-1	-1	-1	243	-1	245	-1	-1
# Right
26	9	4	-1	8	7	-1	-1	-1	11	-1	13	-1	19	18	17	-1	-1	-1	23	22	-1	-1	25	-1	-1	194	121	82	59	40	35	34	-1	-1	37	-1	39	-1	-1	58	57	44	-1	54	53	52	49	-1	51	-1	-1	-1	-1	56	-1	-1	-1	-1	73	70	69	64	-1	68	67	-1	-1	-1	-1	72	-1	-1	79	76	-1	78	-1	-1	81	-1	-1	84	-1	94	93	92	89	-1	91	-1	-1	-1	-1	110	97	-1	99	-1	101	-1	109	104	-1	108	107	-1	-1	-1	-1	116	115	114	-1	-1	-1	118	-1	120	-1	-1	145	130	127	126	-1	-1	129	-1	-1	144	133	-1	135	-1	143	138	-1	140	-1	142	-1	-1	-1	-1	183	166	165	158	151	-1	153	-1	155	-1	157	-1	-1	164	161	-1	163	-1	-1	-1	-1	168	-1	180	173	172	-1	-1	179	176	-1	178	-1	-1	-1	182	-1	-1	185	-1	189	188	-1	-1	191	-1	193	-1	-1	234	221	208	205	200	-1	204	203	-1	-1	-1	207	-1	-1	212	211	-1	-1	214	-1	220	217	-1	219	-1	-1	-1	227	224	-1	226	-1	-1	231	230	-1	-1	233	-1	-1	242	241	238	-1	240	-1	-1	-1	244	-1	246	-1	-1
# Threshold
0.0026278450386598706	0.0013770349905826151	0.5194304883480072	-2.0	5.23765993420966e-06	2696865.0	-2.0	-2.0	-2.0	0.2887209951877594	-2.0	19.83174991607666	-2.0	0.0019041550112888217	5.228710961091565e-05	7407.0	-2.0	-2.0	-2.0	0.7883850038051605	0.5	-2.0	-2.0	2.5	-2.0	-2.0	480125.5	0.0016646449803374708	32.5	0.3283989876508713	9.245130062103271	3342.0	0.07103435136377811	-2.0	-2.0	10.565795421600342	-2.0	2849.0	-2.0	-2.0	15.925449848175049	0.7604855000972748	1.3705450296401978	-2.0	0.006431745132431388	8.5	4.5	7.545265179942362e-05	-2.0	0.00034033436168101616	-2.0	-2.0	-2.0	-2.0	326059.0	-2.0	-2.0	-2.0	-2.0	1.6880000233650208	0.00035954049963038415	1.0601450204849243	3.524810017552227e-05	-2.0	3928.5	3348.0	-2.0	-2.0	-2.0	-2.0	13.0	-2.0	-2.0	10999.5	0.9858585000038147	-2.0	0.9902784824371338	-2.0	-2.0	0.8339255154132843	-2.0	-2.0	1538540.0	-2.0	1.3885050415992737	13217.5	61044.5	0.003111444995738566	-2.0	0.0005622774770017713	-2.0	-2.0	-2.0	-2.0	6.055359840393066	943.0	-2.0	1566315.0	-2.0	0.5439735054969788	-2.0	14.5	1.4622099995613098	-2.0	0.00355413492070511	4.755120038986206	-2.0	-2.0	-2.0	-2.0	1077.0	0.0005240390019025654	860.0	-2.0	-2.0	-2.0	0.4149694889783859	-2.0	0.00916137988679111	-2.0	-2.0	0.3513469994068146	0.5002084970474243	0.2101600021123886	1400.0	-2.0	-2.0	5.5	-2.0	-2.0	5.407299995422363	0.706725001335144	-2.0	0.9987500011920929	-2.0	4.43348491191864	0.008252165047451854	-2.0	89.0	-2.0	3.0	-2.0	-2.0	-2.0	-2.0	24635.5	0.20431949943304062	13.5	1.5	1.8111600279808044	-2.0	33.5	-2.0	0.5287719964981079	-2.0	1.1275299787521362	-2.0	-2.0	1.5	233.0	-2.0	3.672094941139221	-2.0	-2.0	-2.0	-2.0	9.5	-2.0	10618.0	0.2055785059928894	3.681820034980774	-2.0	-2.0	5.766664981842041	0.4473530054092407	-2.0	0.46828150749206543	-2.0	-2.0	-2.0	61.0	-2.0	-2.0	25161.0	-2.0	0.007344139856286347	7468600.0	-2.0	-2.0	831.0180053710938	-2.0	0.8234425187110901	-2.0	-2.0	0.00406249996740371	82370400.0	1.4750500321388245	1.5160249859036412e-05	0.36170199513435364	-2.0	12815300.0	4.5	-2.0	-2.0	-2.0	0.6163204908370972	-2.0	-2.0	16.0	9.962600231170654	-2.0	-2.0	0.0003080915048485622	-2.0	44.6068000793457	3.7266900539398193	-2.0	0.9960294961929321	-2.0	-2.0	-2.0	1.5600450038909912	2761075.0	-2.0	13454555.0	-2.0	-2.0	3155935.0	23.0	-2.0	-2.0	0.3129099979996681	-2.0	-2.0	957448.5	15.0	5.5	-2.0	3671.0	-2.0	-2.0	-2.0	38086500.0	-2.0	3.6089150853513274e-05	-2.0	-2.0
# Feature
11	11	13	-2	10	1	-2	-2	-2	13	-2	7	-2	11	4	5	-2	-2	-2	12	6	-2	-2	9	-2	-2	1	4	5	10	3	2	11	-2	-2	12	-2	8	-2	-2	3	13	12	-2	10	6	6	4	-2	10	-2	-2	-2	-2	2	-2	-2	-2	-2	12	4	12	4	-2	0	1	-2	-2	-2	-2	9	-2	-2	1	11	-2	11	-2	-2	11	-2	-2	2	-2	12	5	1	10	-2	4	-2	-2	-2	-2	12	8	-2	2	-2	13	-2	6	12	-2	10	7	-2	-2	-2	-2	8	4	8	-2	-2	-2	13	-2	10	-2	-2	7	10	4	0	-2	-2	6	-2	-2	3	10	-2	3	-2	3	4	-2	0	-2	8	-2	-2	-2	-2	1	10	5	9	7	-2	8	-2	13	-2	12	-2	-2	6	8	-2	3	-2	-2	-2	-2	0	-2	0	10	3	-2	-2	3	13	-2	13	-2	-2	-2	5	-2	-2	0	-2	11	2	-2	-2	3	-2	12	-2	-2	10	2	12	4	13	-2	1	6	-2	-2	-2	13	-2	-2	5	3	-2	-2	10	-2	3	7	-2	13	-2	-2	-2	12	1	-2	0	-2	-2	0	9	-2	-2	11	-2	-2	0	9	9	-2	8	-2	-2	-2	2	-2	4	-2	-2
# Values
83.0	1468.0	42.0	48.0	12.0	23.0
76.0	23.0	0.0	0.0	2.0	0.0
60.0	0.0	0.0	0.0	1.0	0.0
56.0	0.0	0.0	0.0	0.0	0.0
4.0	0.0	0.0	0.0	1.0	0.0
1.0	0.0	0.0	0.0	1.0	0.0
1.0	0.0	0.0	0.0	0.0	0.0
0.0	0.0	0.0	0.0	1.0	0.0
3.0	0.0	0.0	0.0	0.0	0.0
16.0	23.0	0.0	0.0	1.0	0.0
0.0	11.0	0.0	0.0	0.0	0.0
16.0	12.0	0.0	0.0	1.0	0.0
0.0	5.0	0.0	0.0	0.0	0.0
16.0	7.0	0.0	0.0	1.0	0.0
12.0	1.0	0.0	0.0	0.0	0.0
3.0	1.0	0.0	0.0	0.0	0.0
3.0	0.0	0.0	0.0	0.0	0.0
0.0	1.0	0.0	0.0	0.0	0.0
9.0	0.0	0.0	0.0	0.0	0.0
4.0	6.0	0.0	0.0	1.0	0.0
3.0	6.0	0.0	0.0	0.0	0.0
3.0	0.0	0.0	0.0	0.0	0.0
0.0	6.0	0.0	0.0	0.0	0.0
1.0	0.0	0.0	0.0	1.0	0.0
0.0	0.0	0.0	0.0	1.0	0.0
1.0	0.0	0.0	0.0	0.0	0.0
7.0	1445.0	42.0	48.0	10.0	23.0
7.0	1384.0	37.0	38.0	1.0	2.0
2.0	525.0	23.0	35.0	0.0	2.0
0.0	182.0	22.0	28.0	0.0	0.0
0.0	160.0	0.0	26.0	0.0	0.0
0.0	141.0	0.0	2.0	0.0	0.0
0.0	1.0	0.0	1.0	0.0	0.0
0.0	1.0	0.0	0.0	0.0	0.0
0.0	0.0	0.0	1.0	0.0	0.0
0.0	140.0	0.0	1.0	0.0	0.0
0.0	134.0	0.0	0.0	0.0	0.0
0.0	6.0	0.0	1.0	0.0	0.0
0.0	0.0	0.0	1.0	0.0	0.0
0.0	6.0	0.0	0.0	0.0	0.0
0.0	19.0	0.0	24.0	0.0	0.0
0.0	19.0	0.0	12.0	0.0	0.0
0.0	19.0	0.0	5.0	0.0	0.0
0.0	9.0	0.0	0.0	0.0	0.0
0.0	10.0	0.0	5.0	0.0	0.0
0.0	9.0	0.0	2.0	0.0	0.0
0.0	9.0	0.0	1.0	0.0	0.0
0.0	3.0	0.0	1.0	0.0	0.0
0.0	2.0	0.0	0.0	0.0	0.0
0.0	1.0	0.0	1.0	0.0	0.0
0.0	0.0	0.0	1.0	0.0	0.0
0.0	1.0	0.0	0.0	0.0	0.0
0.0	6.0	0.0	0.0	0.0	0.0
0.0	0.0	0.0	1.0	0.0	0.0
0.0	1.0	0.0	3.0	0.0	0.0
0.0	1.0	0.0	1.0	0.0	0.0
0.0	0.0	0.0	2.0	0.0	0.0
0.0	0.0	0.0	7.0	0.0	0.0
0.0	0.0	0.0	12.0	0.0	0.0
0.0	22.0	22.0	2.0	0.0	0.0
0.0	19.0	4.0	1.0	0.0	0.0
0.0	6.0	4.0	0.0	0.0	0.0
0.0	3.0	4.0	0.0	0.0	0.0
0.0	1.0	0.0	0.0	0.0	0.0
0.0	2.0	4.0	0.0	0.0	0.0
0.0	2.0	1.0	0.0	0.0	0.0
0.0	0.0	1.0	0.0	0.0	0.0
0.0	2.0	0.0	0.0	0.0	0.0
0.0	0.0	3.0	0.0	0.0	0.0
0.0	3.0	0.0	0.0	0.0	0.0
0.0	13.0	0.0	1.0	0.0	0.0
0.0	13.0	0.0	0.0	0.0	0.0
0.0	0.0	0.0	1.0	0.0	0.0
0.0	3.0	18.0	1.0	0.0	0.0
0.0	3.0	3.0	0.0	0.0	0.0
0.0	0.0	2.0	0.0	0.0	0.0
0.0	3.0	1.0	0.0	0.0	0.0
0.0	2.0	1.0	0.0	0.0	0.0
0.0	1.0	0.0	0.0	0.0	0.0
0.0	0.0	15.0	1.0	0.0	0.0
0.0	0.0	0.0	1.0	0.0	0.0
0.0	0.0	15.0	0.0	0.0	0.0
2.0	343.0	1.0	7.0	0.0	2.0
0.0	243.0	0.0	0.0	0.0	0.0
2.0	100.0	1.0	7.0	0.0	2.0
2.0	72.0	0.0	1.0	0.0	0.0
0.0	72.0	0.0	1.0	0.0	0.0
0.0	10.0	0.0	1.0	0.0	0.0
0.0	7.0	0.0	0.0	0.0	0.0
0.0	3.0	0.0	1.0	0.0	0.0
0.0	0.0	0.0	1.0	0.0	0.0
0.0	3.0	0.0	0.0	0.0	0.0
0.0	62.0	0.0	0.0	0.0	0.0
2.0	0.0	0.0	0.0	0.0	0.0
0.0	28.0	1.0	6.0	0.0	2.0
0.0	24.0	1.0	4.0	0.0	0.0
0.0	0.0	1.0	0.0	0.0	0.0
0.0	24.0	0.0	4.0	0.0	0.0
0.0	0.0	0.0	1.0	0.0	0.0
0.0	24.0	0.0	3.0	0.0	0.0
0.0	15.0	0.0	0.0	0.0	0.0
0.0	9.0	0.0	3.0	0.0	0.0
0.0	4.0	0.0	3.0	0.0	0.0
0.0	0.0	0.0	2.0	0.0	0.0
0.0	4.0	0.0	1.0	0.0	0.0
0.0	1.0	0.0	1.0	0.0	0.0
0.0	1.0	0.0	0.0	0.0	0.0
0.0	0.0	0.0	1.0	0.0	0.0
0.0	3.0	0.0	0.0	0.0	0.0
0.0	5.0	0.0	0.0	0.0	0.0
0.0	4.0	0.0	2.0	0.0	2.0
0.0	1.0	0.0	2.0	0.0	1.0
0.0	1.0	0.0	2.0	0.0	0.0
0.0	1.0	0.0	1.0	0.0	0.0
0.0	0.0	0.0	1.0	0.0	0.0
0.0	0.0	0.0	0.0	0.0	1.0
0.0	3.0	0.0	0.0	0.0	1.0
0.0	2.0	0.0	0.0	0.0	0.0
0.0	1.0	0.0	0.0	0.0	1.0
0.0	0.0	0.0	0.0	0.0	1.0
0.0	1.0	0.0	0.0	0.0	0.0
5.0	859.0	14.0	3.0	1.0	0.0
3.0	24.0	8.0	0.0	0.0	0.0
3.0	11.0	1.0	0.0	0.0	0.0
0.0	10.0	1.0	0.0	0.0	0.0
0.0	8.0	0.0	0.0	0.0	0.0
0.0	2.0	1.0	0.0	0.0	0.0
3.0	1.0	0.0	0.0	0.0	0.0
3.0	0.0	0.0	0.0	0.0	0.0
0.0	1.0	0.0	0.0	0.0	0.0
0.0	13.0	7.0	0.0	0.0	0.0
0.0	9.0	7.0	0.0	0.0	0.0
0.0	0.0	2.0	0.0	0.0	0.0
0.0	9.0	5.0	0.0	0.0	0.0
0.0	0.0	1.0	0.0	0.0	0.0
0.0	9.0	4.0	0.0	0.0	0.0
0.0	7.0	1.0	0.0	0.0	0.0
0.0	5.0	0.0	0.0	0.0	0.0
0.0	2.0	1.0	0.0	0.0	0.0
0.0	1.0	0.0	0.0	0.0	0.0
0.0	1.0	1.0	0.0	0.0	0.0
0.0	0.0	1.0	0.0	0.0	0.0
0.0	1.0	0.0	0.0	0.0	0.0
0.0	2.0	3.0	0.0	0.0	0.0
0.0	4.0	0.0	0.0	0.0	0.0
2.0	835.0	6.0	3.0	1.0	0.0
0.0	816.0	4.0	3.0	0.0	0.0
0.0	715.0	0.0	3.0	0.0	0.0
0.0	171.0	0.0	3.0	0.0	0.0
0.0	21.0	0.0	2.0	0.0	0.0
0.0	14.0	0.0	0.0	0.0	0.0
0.0	7.0	0.0	2.0	0.0	0.0
0.0	0.0	0.0	1.0	0.0	0.0
0.0	7.0	0.0	1.0	0.0	0.0
0.0	5.0	0.0	0.0	0.0	0.0
0.0	2.0	0.0	1.0	0.0	0.0
0.0	2.0	0.0	0.0	0.0	0.0
0.0	0.0	0.0	1.0	0.0	0.0
0.0	150.0	0.0	1.0	0.0	0.0
0.0	75.0	0.0	1.0	0.0	0.0
0.0	19.0	0.0	0.0	0.0	0.0
0.0	56.0	0.0	1.0	0.0	0.0
0.0	51.0	0.0	1.0	0.0	0.0
0.0	5.0	0.0	0.0	0.0	0.0
0.0	75.0	0.0	0.0	0.0	0.0
0.0	544.0	0.0	0.0	0.0	0.0
0.0	101.0	4.0	0.0	0.0	0.0
0.0	0.0	1.0	0.0	0.0	0.0
0.0	101.0	3.0	0.0	0.0	0.0
0.0	99.0	2.0	0.0	0.0	0.0
0.0	1.0	1.0	0.0	0.0	0.0
0.0	1.0	0.0	0.0	0.0	0.0
0.0	0.0	1.0	0.0	0.0	0.0
0.0	98.0	1.0	0.0	0.0	0.0
0.0	21.0	1.0	0.0	0.0	0.0
0.0	14.0	0.0	0.0	0.0	0.0
0.0	7.0	1.0	0.0	0.0	0.0
0.0	0.0	1.0	0.0	0.0	0.0
0.0	7.0	0.0	0.0	0.0	0.0
0.0	77.0	0.0	0.0	0.0	0.0
0.0	2.0	1.0	0.0	0.0	0.0
0.0	0.0	1.0	0.0	0.0	0.0
0.0	2.0	0.0	0.0	0.0	0.0
2.0	19.0	2.0	0.0	1.0	0.0
0.0	0.0	2.0	0.0	0.0	0.0
2.0	19.0	0.0	0.0	1.0	0.0
1.0	0.0	0.0	0.0	1.0	0.0
1.0	0.0	0.0	0.0	0.0	0.0
0.0	0.0	0.0	0.0	1.0	0.0
1.0	19.0	0.0	0.0	0.0	0.0
0.0	18.0	0.0	0.0	0.0	0.0
1.0	1.0	0.0	0.0	0.0	0.0
0.0	1.0	0.0	0.0	0.0	0.0
1.0	0.0	0.0	0.0	0.0	0.0
0.0	61.0	5.0	10.0	9.0	21.0
0.0	59.0	0.0	9.0	9.0	7.0
0.0	56.0	0.0	4.0	1.0	6.0
0.0	24.0	0.0	0.0	1.0	5.0
0.0	16.0	0.0	0.0	0.0	5.0
0.0	0.0	0.0	0.0	0.0	2.0
0.0	16.0	0.0	0.0	0.0	3.0
0.0	16.0	0.0	0.0	0.0	1.0
0.0	16.0	0.0	0.0	0.0	0.0
0.0	0.0	0.0	0.0	0.0	1.0
0.0	0.0	0.0	0.0	0.0	2.0
0.0	8.0	0.0	0.0	1.0	0.0
0.0	8.0	0.0	0.0	0.0	0.0
0.0	0.0	0.0	0.0	1.0	0.0
0.0	32.0	0.0	4.0	0.0	1.0
0.0	20.0	0.0	0.0	0.0	1.0
0.0	20.0	0.0	0.0	0.0	0.0
0.0	0.0	0.0	0.0	0.0	1.0
0.0	12.0	0.0	4.0	0.0	0.0
0.0	8.0	0.0	0.0	0.0	0.0
0.0	4.0	0.0	4.0	0.0	0.0
0.0	2.0	0.0	4.0	0.0	0.0
0.0	0.0	0.0	3.0	0.0	0.0
0.0	2.0	0.0	1.0	0.0	0.0
0.0	2.0	0.0	0.0	0.0	0.0
0.0	0.0	0.0	1.0	0.0	0.0
0.0	2.0	0.0	0.0	0.0	0.0
0.0	3.0	0.0	5.0	8.0	1.0
0.0	3.0	0.0	0.0	4.0	0.0
0.0	2.0	0.0	0.0	0.0	0.0
0.0	1.0	0.0	0.0	4.0	0.0
0.0	0.0	0.0	0.0	4.0	0.0
0.0	1.0	0.0	0.0	0.0	0.0
0.0	0.0	0.0	5.0	4.0	1.0
0.0	0.0	0.0	1.0	4.0	0.0
0.0	0.0	0.0	0.0	4.0	0.0
0.0	0.0	0.0	1.0	0.0	0.0
0.0	0.0	0.0	4.0	0.0	1.0
0.0	0.0	0.0	0.0	0.0	1.0
0.0	0.0	0.0	4.0	0.0	0.0
0.0	2.0	5.0	1.0	0.0	14.0
0.0	2.0	0.0	0.0	0.0	12.0
0.0	2.0	0.0	0.0	0.0	1.0
0.0	1.0	0.0	0.0	0.0	0.0
0.0	1.0	0.0	0.0	0.0	1.0
0.0	0.0	0.0	0.0	0.0	1.0
0.0	1.0	0.0	0.0	0.0	0.0
0.0	0.0	0.0	0.0	0.0	11.0
0.0	0.0	5.0	1.0	0.0	2.0
0.0	0.0	5.0	0.0	0.0	0.0
0.0	0.0	0.0	1.0	0.0	2.0
0.0	0.0	0.0	0.0	0.0	2.0
0.0	0.0	0.0	1.0	0.0	0.0
