# Sizes (NFeatures, Nclasses, NodeCount, MaxDepth)
14	6	223	17
# Classes
0.0	1.0	2.0	3.0	4.0	5.0
# Feature Names
Nrows	Ncols	Nnnz	AvgNnnz	Density	MaxRowNnnz	MinRowNnnz	StdRowNnnz	NDiags	NTrueDiags	AvgNnnzDia	AvgNnnzELL	AvgNnnzHyb	AvgNnnzHdc
# Left
1	2	3	-1	5	6	-1	8	9	-1	-1	12	-1	14	15	-1	-1	-1	-1	20	21	-1	23	24	-1	26	-1	-1	-1	-1	31	32	33	34	35	36	-1	38	-1	-1	41	42	43	44	-1	-1	47	-1	-1	50	-1	52	-1	-1	55	-1	-1	58	59	60	-1	-1	63	64	65	-1	-1	68	69	-1	71	-1	-1	-1	75	76	-1	-1	-1	80	81	-1	83	84	85	86	87	-1	89	90	-1	-1	-1	94	-1	-1	-1	98	-1	100	-1	-1	103	104	105	-1	107	-1	109	-1	111	-1	113	114	-1	-1	-1	-1	-1	-1	121	122	123	-1	-1	126	-1	-1	129	130	131	-1	133	-1	135	-1	-1	138	139	-1	-1	-1	143	144	-1	-1	147	148	-1	-1	-1	152	153	154	155	156	-1	-1	159	-1	-1	-1	-1	164	-1	166	-1	168	169	-1	-1	-1	173	174	175	176	-1	178	-1	180	-1	182	183	-1	185	186	-1	188	-1	-1	191	-1	-1	194	195	-1	-1	-1	199	200	201	202	-1	-1	-1	-1	-1	208	209	-1	-1	-1	213	214	215	-1	-1	218	219	-1	-1	-1	-1
# Right
30	19	4	-1	18	7	-1	11	10	-1	-1	13	-1	17	16	-1	-1	-1	-1	29	22	-1	28	25	-1	27	-1	-1	-1	-1	172	151	120	57	40	37	-1	39	-1	-1	54	49	46	45	-1	-1	48	-1	-1	51	-1	53	-1	-1	56	-1	-1	79	62	61	-1	-1	74	67	66	-1	-1	73	70	-1	72	-1	-1	-1	78	77	-1	-1	-1	119	82	-1	102	97	96	93	88	-1	92	91	-1	-1	-1	95	-1	-1	-1	99	-1	101	-1	-1	118	117	106	-1	108	-1	110	-1	112	-1	116	115	-1	-1	-1	-1	-1	-1	128	125	124	-1	-1	127	-1	-1	142	137	132	-1	134	-1	136	-1	-1	141	140	-1	-1	-1	146	145	-1	-1	150	149	-1	-1	-1	163	162	161	158	157	-1	-1	160	-1	-1	-1	-1	165	-1	167	-1	171	170	-1	-1	-1	212	207	198	177	-1	179	-1	181	-1	193	184	-1	190	187	-1	189	-1	-1	192	-1	-1	197	196	-1	-1	-1	206	205	204	203	-1	-1	-1	-1	-1	211	210	-1	-1	-1	222	217	216	-1	-1	221	220	-1	-1	-1	-1
# Threshold
0.0026278450386598706	0.0001244884988409467	2298.5	-2.0	0.6814689934253693	1386475.0	-2.0	0.35119250416755676	208226504.0	-2.0	-2.0	1633895.0	-2.0	2.7487249099067412e-06	1.7186379750455671e-06	-2.0	-2.0	-2.0	-2.0	8164.5	8047.5	-2.0	4.0	0.46341049671173096	-2.0	0.5281780064105988	-2.0	-2.0	-2.0	-2.0	0.4970559924840927	8.62667989730835	1179035.0	0.3319760113954544	0.004170144908130169	13821.0	-2.0	838.3210296630859	-2.0	-2.0	31546.5	1.484595000743866	0.10182920098304749	792.5	-2.0	-2.0	1.4452750086784363	-2.0	-2.0	5.18322491645813	-2.0	0.4085544943809509	-2.0	-2.0	0.009079480310902	-2.0	-2.0	12328.5	9.5	0.32280251383781433	-2.0	-2.0	32.5	1.5	27.5	-2.0	-2.0	3.3366150856018066	0.738386482000351	-2.0	1.5	-2.0	-2.0	-2.0	3.9937349557876587	0.3347160071134567	-2.0	-2.0	-2.0	15.5	9.245130062103271	-2.0	32.5	22375.5	0.0010598240187391639	44774.0	2.0	-2.0	18469.0	14884.0	-2.0	-2.0	-2.0	3.5335850715637207	-2.0	-2.0	-2.0	0.3878760039806366	-2.0	29090.5	-2.0	-2.0	29.0	0.7753244936466217	37984.0	-2.0	7.73691987991333	-2.0	10.167049884796143	-2.0	0.0005277329764794558	-2.0	0.551191508769989	26.0	-2.0	-2.0	-2.0	-2.0	-2.0	-2.0	2.394129991531372	1.0	1.484535038471222	-2.0	-2.0	75497300.0	-2.0	-2.0	76109000.0	0.6362805068492889	6.5080798208327906e-06	-2.0	11.334099769592285	-2.0	24.316550254821777	-2.0	-2.0	13.5	31976250.0	-2.0	-2.0	-2.0	1.3733480273003806e-06	1245.0	-2.0	-2.0	7.031495094299316	4.412125053931959e-05	-2.0	-2.0	-2.0	5.5	255903192.0	14.09885025024414	6588385.0	0.9888219833374023	-2.0	-2.0	592389.5	-2.0	-2.0	-2.0	-2.0	1.8910450339317322	-2.0	0.9875394999980927	-2.0	16.520100116729736	54.0	-2.0	-2.0	-2.0	11418.5	5.766664981842041	4.868819952011108	10.0	-2.0	0.4957910031080246	-2.0	0.9987500011920929	-2.0	2.5	0.000256342493230477	-2.0	0.008252165047451854	2528.0	-2.0	0.00029991100018378347	-2.0	-2.0	89.0	-2.0	-2.0	2500.0	0.003499999991618097	-2.0	-2.0	-2.0	0.02037035021930933	0.9909499883651733	8515.0	6.0	-2.0	-2.0	-2.0	-2.0	-2.0	0.6176725029945374	0.9147169888019562	-2.0	-2.0	-2.0	0.0039189200615510345	1.3429049849510193	33566.0	-2.0	-2.0	0.617636501789093	437588.0	-2.0	-2.0	-2.0	-2.0
# Feature
11	10	5	-2	13	1	-2	13	2	-2	-2	1	-2	4	4	-2	-2	-2	-2	5	0	-2	9	13	-2	13	-2	-2	-2	-2	10	12	0	11	11	5	-2	7	-2	-2	5	7	11	8	-2	-2	7	-2	-2	12	-2	13	-2	-2	4	-2	-2	1	0	13	-2	-2	8	9	0	-2	-2	7	11	-2	6	-2	-2	-2	3	11	-2	-2	-2	6	3	-2	5	8	4	0	9	-2	0	1	-2	-2	-2	12	-2	-2	-2	13	-2	8	-2	-2	9	11	1	-2	7	-2	7	-2	4	-2	11	9	-2	-2	-2	-2	-2	-2	7	9	12	-2	-2	2	-2	-2	2	13	4	-2	7	-2	7	-2	-2	9	2	-2	-2	-2	4	5	-2	-2	12	4	-2	-2	-2	6	2	12	2	11	-2	-2	1	-2	-2	-2	-2	7	-2	11	-2	12	9	-2	-2	-2	1	3	3	1	-2	13	-2	11	-2	5	4	-2	4	0	-2	4	-2	-2	0	-2	-2	0	4	-2	-2	-2	4	11	2	8	-2	-2	-2	-2	-2	7	10	-2	-2	-2	4	12	1	-2	-2	10	1	-2	-2	-2	-2
# Values
83.0	1468.0	42.0	48.0	12.0	23.0
76.0	23.0	0.0	0.0	2.0	0.0
53.0	4.0	0.0	0.0	2.0	0.0
0.0	2.0	0.0	0.0	0.0	0.0
53.0	2.0	0.0	0.0	2.0	0.0
53.0	1.0	0.0	0.0	2.0	0.0
40.0	0.0	0.0	0.0	0.0	0.0
13.0	1.0	0.0	0.0	2.0	0.0
2.0	1.0	0.0	0.0	0.0	0.0
2.0	0.0	0.0	0.0	0.0	0.0
0.0	1.0	0.0	0.0	0.0	0.0
11.0	0.0	0.0	0.0	2.0	0.0
0.0	0.0	0.0	0.0	1.0	0.0
11.0	0.0	0.0	0.0	1.0	0.0
4.0	0.0	0.0	0.0	1.0	0.0
4.0	0.0	0.0	0.0	0.0	0.0
0.0	0.0	0.0	0.0	1.0	0.0
7.0	0.0	0.0	0.0	0.0	0.0
0.0	1.0	0.0	0.0	0.0	0.0
23.0	19.0	0.0	0.0	0.0	0.0
5.0	19.0	0.0	0.0	0.0	0.0
3.0	0.0	0.0	0.0	0.0	0.0
2.0	19.0	0.0	0.0	0.0	0.0
2.0	6.0	0.0	0.0	0.0	0.0
0.0	4.0	0.0	0.0	0.0	0.0
2.0	2.0	0.0	0.0	0.0	0.0
2.0	0.0	0.0	0.0	0.0	0.0
0.0	2.0	0.0	0.0	0.0	0.0
0.0	13.0	0.0	0.0	0.0	0.0
18.0	0.0	0.0	0.0	0.0	0.0
7.0	1445.0	42.0	48.0	10.0	23.0
6.0	1356.0	3.0	48.0	10.0	22.0
6.0	1331.0	3.0	43.0	10.0	7.0
6.0	1306.0	3.0	37.0	1.0	1.0
4.0	753.0	0.0	2.0	1.0	1.0
3.0	33.0	0.0	0.0	1.0	0.0
0.0	33.0	0.0	0.0	0.0	0.0
3.0	0.0	0.0	0.0	1.0	0.0
3.0	0.0	0.0	0.0	0.0	0.0
0.0	0.0	0.0	0.0	1.0	0.0
1.0	720.0	0.0	2.0	0.0	1.0
0.0	719.0	0.0	2.0	0.0	1.0
0.0	83.0	0.0	2.0	0.0	0.0
0.0	4.0	0.0	1.0	0.0	0.0
0.0	4.0	0.0	0.0	0.0	0.0
0.0	0.0	0.0	1.0	0.0	0.0
0.0	79.0	0.0	1.0	0.0	0.0
0.0	28.0	0.0	0.0	0.0	0.0
0.0	51.0	0.0	1.0	0.0	0.0
0.0	636.0	0.0	0.0	0.0	1.0
0.0	635.0	0.0	0.0	0.0	0.0
0.0	1.0	0.0	0.0	0.0	1.0
0.0	1.0	0.0	0.0	0.0	0.0
0.0	0.0	0.0	0.0	0.0	1.0
1.0	1.0	0.0	0.0	0.0	0.0
0.0	1.0	0.0	0.0	0.0	0.0
1.0	0.0	0.0	0.0	0.0	0.0
2.0	553.0	3.0	35.0	0.0	0.0
2.0	386.0	3.0	2.0	0.0	0.0
2.0	0.0	1.0	0.0	0.0	0.0
0.0	0.0	1.0	0.0	0.0	0.0
2.0	0.0	0.0	0.0	0.0	0.0
0.0	386.0	2.0	2.0	0.0	0.0
0.0	30.0	2.0	1.0	0.0	0.0
0.0	1.0	0.0	1.0	0.0	0.0
0.0	0.0	0.0	1.0	0.0	0.0
0.0	1.0	0.0	0.0	0.0	0.0
0.0	29.0	2.0	0.0	0.0	0.0
0.0	29.0	1.0	0.0	0.0	0.0
0.0	20.0	0.0	0.0	0.0	0.0
0.0	9.0	1.0	0.0	0.0	0.0
0.0	0.0	1.0	0.0	0.0	0.0
0.0	9.0	0.0	0.0	0.0	0.0
0.0	0.0	1.0	0.0	0.0	0.0
0.0	356.0	0.0	1.0	0.0	0.0
0.0	33.0	0.0	1.0	0.0	0.0
0.0	0.0	0.0	1.0	0.0	0.0
0.0	33.0	0.0	0.0	0.0	0.0
0.0	323.0	0.0	0.0	0.0	0.0
0.0	167.0	0.0	33.0	0.0	0.0
0.0	134.0	0.0	33.0	0.0	0.0
0.0	63.0	0.0	0.0	0.0	0.0
0.0	71.0	0.0	33.0	0.0	0.0
0.0	16.0	0.0	27.0	0.0	0.0
0.0	8.0	0.0	24.0	0.0	0.0
0.0	8.0	0.0	19.0	0.0	0.0
0.0	7.0	0.0	6.0	0.0	0.0
0.0	0.0	0.0	4.0	0.0	0.0
0.0	7.0	0.0	2.0	0.0	0.0
0.0	1.0	0.0	2.0	0.0	0.0
0.0	1.0	0.0	1.0	0.0	0.0
0.0	0.0	0.0	1.0	0.0	0.0
0.0	6.0	0.0	0.0	0.0	0.0
0.0	1.0	0.0	13.0	0.0	0.0
0.0	0.0	0.0	13.0	0.0	0.0
0.0	1.0	0.0	0.0	0.0	0.0
0.0	0.0	0.0	5.0	0.0	0.0
0.0	8.0	0.0	3.0	0.0	0.0
0.0	7.0	0.0	0.0	0.0	0.0
0.0	1.0	0.0	3.0	0.0	0.0
0.0	1.0	0.0	0.0	0.0	0.0
0.0	0.0	0.0	3.0	0.0	0.0
0.0	55.0	0.0	6.0	0.0	0.0
0.0	32.0	0.0	6.0	0.0	0.0
0.0	32.0	0.0	4.0	0.0	0.0
0.0	15.0	0.0	0.0	0.0	0.0
0.0	17.0	0.0	4.0	0.0	0.0
0.0	7.0	0.0	0.0	0.0	0.0
0.0	10.0	0.0	4.0	0.0	0.0
0.0	0.0	0.0	1.0	0.0	0.0
0.0	10.0	0.0	3.0	0.0	0.0
0.0	8.0	0.0	0.0	0.0	0.0
0.0	2.0	0.0	3.0	0.0	0.0
0.0	2.0	0.0	1.0	0.0	0.0
0.0	2.0	0.0	0.0	0.0	0.0
0.0	0.0	0.0	1.0	0.0	0.0
0.0	0.0	0.0	2.0	0.0	0.0
0.0	0.0	0.0	2.0	0.0	0.0
0.0	23.0	0.0	0.0	0.0	0.0
0.0	33.0	0.0	0.0	0.0	0.0
0.0	25.0	0.0	6.0	9.0	6.0
0.0	20.0	0.0	0.0	0.0	3.0
0.0	1.0	0.0	0.0	0.0	2.0
0.0	0.0	0.0	0.0	0.0	2.0
0.0	1.0	0.0	0.0	0.0	0.0
0.0	19.0	0.0	0.0	0.0	1.0
0.0	19.0	0.0	0.0	0.0	0.0
0.0	0.0	0.0	0.0	0.0	1.0
0.0	5.0	0.0	6.0	9.0	3.0
0.0	4.0	0.0	2.0	1.0	3.0
0.0	1.0	0.0	0.0	1.0	3.0
0.0	1.0	0.0	0.0	0.0	0.0
0.0	0.0	0.0	0.0	1.0	3.0
0.0	0.0	0.0	0.0	0.0	2.0
0.0	0.0	0.0	0.0	1.0	1.0
0.0	0.0	0.0	0.0	1.0	0.0
0.0	0.0	0.0	0.0	0.0	1.0
0.0	3.0	0.0	2.0	0.0	0.0
0.0	1.0	0.0	2.0	0.0	0.0
0.0	1.0	0.0	0.0	0.0	0.0
0.0	0.0	0.0	2.0	0.0	0.0
0.0	2.0	0.0	0.0	0.0	0.0
0.0	1.0	0.0	4.0	8.0	0.0
0.0	1.0	0.0	1.0	0.0	0.0
0.0	0.0	0.0	1.0	0.0	0.0
0.0	1.0	0.0	0.0	0.0	0.0
0.0	0.0	0.0	3.0	8.0	0.0
0.0	0.0	0.0	1.0	8.0	0.0
0.0	0.0	0.0	0.0	8.0	0.0
0.0	0.0	0.0	1.0	0.0	0.0
0.0	0.0	0.0	2.0	0.0	0.0
0.0	25.0	0.0	5.0	0.0	15.0
0.0	23.0	0.0	3.0	0.0	1.0
0.0	23.0	0.0	2.0	0.0	1.0
0.0	5.0	0.0	2.0	0.0	1.0
0.0	5.0	0.0	1.0	0.0	0.0
0.0	5.0	0.0	0.0	0.0	0.0
0.0	0.0	0.0	1.0	0.0	0.0
0.0	0.0	0.0	1.0	0.0	1.0
0.0	0.0	0.0	1.0	0.0	0.0
0.0	0.0	0.0	0.0	0.0	1.0
0.0	18.0	0.0	0.0	0.0	0.0
0.0	0.0	0.0	1.0	0.0	0.0
0.0	2.0	0.0	2.0	0.0	14.0
0.0	0.0	0.0	0.0	0.0	13.0
0.0	2.0	0.0	2.0	0.0	1.0
0.0	0.0	0.0	0.0	0.0	1.0
0.0	2.0	0.0	2.0	0.0	0.0
0.0	2.0	0.0	1.0	0.0	0.0
0.0	1.0	0.0	1.0	0.0	0.0
0.0	1.0	0.0	0.0	0.0	0.0
0.0	0.0	0.0	1.0	0.0	0.0
1.0	89.0	39.0	0.0	0.0	1.0
1.0	85.0	13.0	0.0	0.0	0.0
1.0	41.0	12.0	0.0	0.0	0.0
1.0	36.0	6.0	0.0	0.0	0.0
1.0	0.0	0.0	0.0	0.0	0.0
0.0	36.0	6.0	0.0	0.0	0.0
0.0	17.0	0.0	0.0	0.0	0.0
0.0	19.0	6.0	0.0	0.0	0.0
0.0	0.0	2.0	0.0	0.0	0.0
0.0	19.0	4.0	0.0	0.0	0.0
0.0	10.0	3.0	0.0	0.0	0.0
0.0	0.0	1.0	0.0	0.0	0.0
0.0	10.0	2.0	0.0	0.0	0.0
0.0	9.0	1.0	0.0	0.0	0.0
0.0	7.0	0.0	0.0	0.0	0.0
0.0	2.0	1.0	0.0	0.0	0.0
0.0	2.0	0.0	0.0	0.0	0.0
0.0	0.0	1.0	0.0	0.0	0.0
0.0	1.0	1.0	0.0	0.0	0.0
0.0	1.0	0.0	0.0	0.0	0.0
0.0	0.0	1.0	0.0	0.0	0.0
0.0	9.0	1.0	0.0	0.0	0.0
0.0	3.0	1.0	0.0	0.0	0.0
0.0	2.0	1.0	0.0	0.0	0.0
0.0	1.0	0.0	0.0	0.0	0.0
0.0	6.0	0.0	0.0	0.0	0.0
0.0	5.0	6.0	0.0	0.0	0.0
0.0	3.0	6.0	0.0	0.0	0.0
0.0	2.0	6.0	0.0	0.0	0.0
0.0	2.0	4.0	0.0	0.0	0.0
0.0	2.0	3.0	0.0	0.0	0.0
0.0	0.0	1.0	0.0	0.0	0.0
0.0	0.0	2.0	0.0	0.0	0.0
0.0	1.0	0.0	0.0	0.0	0.0
0.0	2.0	0.0	0.0	0.0	0.0
0.0	44.0	1.0	0.0	0.0	0.0
0.0	10.0	1.0	0.0	0.0	0.0
0.0	8.0	0.0	0.0	0.0	0.0
0.0	2.0	1.0	0.0	0.0	0.0
0.0	34.0	0.0	0.0	0.0	0.0
0.0	4.0	26.0	0.0	0.0	1.0
0.0	2.0	26.0	0.0	0.0	1.0
0.0	2.0	2.0	0.0	0.0	0.0
0.0	0.0	2.0	0.0	0.0	0.0
0.0	2.0	0.0	0.0	0.0	0.0
0.0	0.0	24.0	0.0	0.0	1.0
0.0	0.0	4.0	0.0	0.0	1.0
0.0	0.0	4.0	0.0	0.0	0.0
0.0	0.0	0.0	0.0	0.0	1.0
0.0	0.0	20.0	0.0	0.0	0.0
0.0	2.0	0.0	0.0	0.0	0.0
