# Sizes (NFeatures, Nclasses, NodeCount, MaxDepth)
14	6	243	15
# Classes
0.0	1.0	2.0	3.0	4.0	5.0
# Feature Names
Nrows	Ncols	Nnnz	AvgNnnz	Density	MaxRowNnnz	MinRowNnnz	StdRowNnnz	NDiags	NTrueDiags	AvgNnnzDia	AvgNnnzELL	AvgNnnzHyb	AvgNnnzHdc
# Left
1	2	3	-1	5	-1	-1	8	9	10	11	-1	-1	-1	15	16	-1	-1	19	-1	-1	22	23	-1	25	-1	-1	28	-1	-1	31	32	33	34	-1	36	-1	-1	39	40	-1	-1	43	44	-1	46	-1	48	49	-1	-1	-1	53	54	55	-1	-1	58	-1	60	61	-1	-1	-1	65	66	67	68	-1	70	-1	-1	-1	-1	75	-1	-1	78	79	-1	81	82	83	-1	-1	86	87	88	-1	-1	-1	92	-1	-1	95	96	97	-1	99	-1	101	102	103	104	-1	-1	-1	-1	-1	-1	-1	112	113	114	-1	116	-1	-1	119	120	121	-1	-1	-1	125	-1	127	-1	-1	130	131	132	133	134	-1	136	-1	-1	139	-1	-1	142	143	144	145	-1	-1	-1	149	-1	151	-1	153	-1	155	-1	157	-1	-1	160	-1	162	163	-1	-1	-1	167	168	169	-1	-1	-1	173	174	-1	-1	-1	178	179	-1	181	-1	-1	184	-1	186	187	-1	-1	-1	191	192	193	-1	-1	196	197	-1	199	200	-1	-1	-1	-1	205	206	207	208	209	210	-1	-1	213	-1	215	-1	-1	-1	219	-1	221	222	-1	-1	-1	226	227	228	-1	230	231	-1	-1	-1	-1	236	-1	-1	239	240	-1	-1	-1
# Right
30	7	4	-1	6	-1	-1	21	14	13	12	-1	-1	-1	18	17	-1	-1	20	-1	-1	27	24	-1	26	-1	-1	29	-1	-1	190	77	38	35	-1	37	-1	-1	42	41	-1	-1	52	45	-1	47	-1	51	50	-1	-1	-1	64	57	56	-1	-1	59	-1	63	62	-1	-1	-1	74	73	72	69	-1	71	-1	-1	-1	-1	76	-1	-1	111	80	-1	94	85	84	-1	-1	91	90	89	-1	-1	-1	93	-1	-1	110	109	98	-1	100	-1	108	107	106	105	-1	-1	-1	-1	-1	-1	-1	129	118	115	-1	117	-1	-1	124	123	122	-1	-1	-1	126	-1	128	-1	-1	177	166	141	138	135	-1	137	-1	-1	140	-1	-1	159	148	147	146	-1	-1	-1	150	-1	152	-1	154	-1	156	-1	158	-1	-1	161	-1	165	164	-1	-1	-1	172	171	170	-1	-1	-1	176	175	-1	-1	-1	183	180	-1	182	-1	-1	185	-1	189	188	-1	-1	-1	204	195	194	-1	-1	203	198	-1	202	201	-1	-1	-1	-1	238	225	218	217	212	211	-1	-1	214	-1	216	-1	-1	-1	220	-1	224	223	-1	-1	-1	235	234	229	-1	233	232	-1	-1	-1	-1	237	-1	-1	242	241	-1	-1	-1
# Threshold
0.6995324790477753	3338.5	21801.5	-2.0	23890.5	-2.0	-2.0	13983.0	0.001544609956908971	0.3026124984025955	8164.5	-2.0	-2.0	-2.0	1644755.0	2.0	-2.0	-2.0	5490890.0	-2.0	-2.0	0.0016421399777755141	0.5003159940242767	-2.0	0.5115679800510406	-2.0	-2.0	154.0	-2.0	-2.0	0.4970559924840927	6.930645031388849e-05	11.471749782562256	30557700.0	-2.0	1.9373899698257446	-2.0	-2.0	1.3528650403022766	5.8355401158332825	-2.0	-2.0	1179035.0	6.446060069720261e-05	-2.0	633540.5	-2.0	69.0	0.0014722950290888548	-2.0	-2.0	-2.0	87.0	34865050.0	9.276939863411826e-06	-2.0	-2.0	3.8535200357437134	-2.0	20.0	12582905.0	-2.0	-2.0	-2.0	14528.0	0.0007600905082654208	0.0001740099542075768	0.367296501994133	-2.0	3.860327552729359e-06	-2.0	-2.0	-2.0	-2.0	45.2570013999939	-2.0	-2.0	12437.0	0.0025150899309664965	-2.0	138.5	9.5	11.5	-2.0	-2.0	8.5	23.5	0.09459475055336952	-2.0	-2.0	-2.0	0.44318199157714844	-2.0	-2.0	3.9937349557876587	7.0	297.5	-2.0	1.5716400146484375	-2.0	2192.0	3.870479941368103	0.3928865045309067	1.5	-2.0	-2.0	-2.0	-2.0	-2.0	-2.0	-2.0	0.3538910001516342	85717.0	5.18322491645813	-2.0	136421.0	-2.0	-2.0	462.6309814453125	0.7221820056438446	4659.0	-2.0	-2.0	-2.0	28591.5	-2.0	16.5	-2.0	-2.0	41.61275100708008	10182.0	208570.0	9.470830202102661	2.0436400175094604	-2.0	12572.0	-2.0	-2.0	0.15926050394773483	-2.0	-2.0	25.28345012664795	421.0	42701.5	219636.0	-2.0	-2.0	-2.0	11.5	-2.0	25517.5	-2.0	0.49355199933052063	-2.0	10.253049850463867	-2.0	38111.5	-2.0	-2.0	1916605.0	-2.0	95243.0	39.0	-2.0	-2.0	-2.0	1516430.0	1.4340500235557556	9.0	-2.0	-2.0	-2.0	29.248950004577637	15.23134994506836	-2.0	-2.0	-2.0	4.292094945907593	7.0	-2.0	63.37369918823242	-2.0	-2.0	0.008464535232633352	-2.0	0.00181663001421839	0.001409674994647503	-2.0	-2.0	-2.0	0.9539825022220612	11418.5	0.49554650485515594	-2.0	-2.0	395828.0	329042.5	-2.0	0.4146514981985092	2487981.5	-2.0	-2.0	-2.0	-2.0	12719.5	0.024968750774860382	1.5	3928.5	122.0	89.0	-2.0	-2.0	2528.0	-2.0	3348.0	-2.0	-2.0	-2.0	0.33417899906635284	-2.0	2500.0	6178.0	-2.0	-2.0	-2.0	5.766664981842041	0.9796670079231262	4.868819952011108	-2.0	12.612834930419922	4.905284881591797	-2.0	-2.0	-2.0	-2.0	0.9147169888019562	-2.0	-2.0	1.8348050117492676	33566.0	-2.0	-2.0	-2.0
# Feature
12	5	1	-2	0	-2	-2	5	11	13	5	-2	-2	-2	8	9	-2	-2	0	-2	-2	4	12	-2	12	-2	-2	9	-2	-2	10	4	3	2	-2	12	-2	-2	7	12	-2	-2	1	10	-2	1	-2	5	10	-2	-2	-2	5	2	4	-2	-2	7	-2	9	1	-2	-2	-2	5	10	10	13	-2	4	-2	-2	-2	-2	3	-2	-2	1	11	-2	2	1	8	-2	-2	9	0	10	-2	-2	-2	11	-2	-2	3	9	8	-2	3	-2	2	3	13	6	-2	-2	-2	-2	-2	-2	-2	11	8	12	-2	0	-2	-2	7	12	5	-2	-2	-2	5	-2	6	-2	-2	3	8	2	12	7	-2	1	-2	-2	7	-2	-2	3	8	0	2	-2	-2	-2	5	-2	1	-2	13	-2	3	-2	1	-2	-2	2	-2	1	9	-2	-2	-2	2	12	6	-2	-2	-2	3	3	-2	-2	-2	7	6	-2	3	-2	-2	10	-2	4	4	-2	-2	-2	11	1	13	-2	-2	0	2	-2	13	2	-2	-2	-2	-2	1	7	9	1	0	2	-2	-2	1	-2	2	-2	-2	-2	13	-2	0	2	-2	-2	-2	3	10	3	-2	12	3	-2	-2	-2	-2	10	-2	-2	12	2	-2	-2	-2
# Values
83.0	1468.0	42.0	48.0	12.0	23.0
73.0	138.0	0.0	0.0	3.0	0.0
1.0	117.0	0.0	0.0	0.0	0.0
0.0	103.0	0.0	0.0	0.0	0.0
1.0	14.0	0.0	0.0	0.0	0.0
1.0	0.0	0.0	0.0	0.0	0.0
0.0	14.0	0.0	0.0	0.0	0.0
72.0	21.0	0.0	0.0	3.0	0.0
25.0	21.0	0.0	0.0	1.0	0.0
20.0	2.0	0.0	0.0	0.0	0.0
4.0	2.0	0.0	0.0	0.0	0.0
0.0	2.0	0.0	0.0	0.0	0.0
4.0	0.0	0.0	0.0	0.0	0.0
16.0	0.0	0.0	0.0	0.0	0.0
5.0	19.0	0.0	0.0	1.0	0.0
1.0	19.0	0.0	0.0	0.0	0.0
1.0	0.0	0.0	0.0	0.0	0.0
0.0	19.0	0.0	0.0	0.0	0.0
4.0	0.0	0.0	0.0	1.0	0.0
4.0	0.0	0.0	0.0	0.0	0.0
0.0	0.0	0.0	0.0	1.0	0.0
47.0	0.0	0.0	0.0	2.0	0.0
46.0	0.0	0.0	0.0	1.0	0.0
39.0	0.0	0.0	0.0	0.0	0.0
7.0	0.0	0.0	0.0	1.0	0.0
0.0	0.0	0.0	0.0	1.0	0.0
7.0	0.0	0.0	0.0	0.0	0.0
1.0	0.0	0.0	0.0	1.0	0.0
1.0	0.0	0.0	0.0	0.0	0.0
0.0	0.0	0.0	0.0	1.0	0.0
10.0	1330.0	42.0	48.0	9.0	23.0
9.0	1241.0	3.0	48.0	9.0	22.0
1.0	140.0	0.0	14.0	9.0	20.0
0.0	124.0	0.0	0.0	0.0	3.0
0.0	120.0	0.0	0.0	0.0	0.0
0.0	4.0	0.0	0.0	0.0	3.0
0.0	0.0	0.0	0.0	0.0	3.0
0.0	4.0	0.0	0.0	0.0	0.0
1.0	16.0	0.0	14.0	9.0	17.0
0.0	1.0	0.0	0.0	0.0	14.0
0.0	1.0	0.0	0.0	0.0	0.0
0.0	0.0	0.0	0.0	0.0	14.0
1.0	15.0	0.0	14.0	9.0	3.0
0.0	10.0	0.0	6.0	0.0	0.0
0.0	7.0	0.0	0.0	0.0	0.0
0.0	3.0	0.0	6.0	0.0	0.0
0.0	0.0	0.0	5.0	0.0	0.0
0.0	3.0	0.0	1.0	0.0	0.0
0.0	1.0	0.0	1.0	0.0	0.0
0.0	0.0	0.0	1.0	0.0	0.0
0.0	1.0	0.0	0.0	0.0	0.0
0.0	2.0	0.0	0.0	0.0	0.0
1.0	5.0	0.0	8.0	9.0	3.0
0.0	1.0	0.0	8.0	4.0	2.0
0.0	1.0	0.0	0.0	0.0	2.0
0.0	1.0	0.0	0.0	0.0	0.0
0.0	0.0	0.0	0.0	0.0	2.0
0.0	0.0	0.0	8.0	4.0	0.0
0.0	0.0	0.0	5.0	0.0	0.0
0.0	0.0	0.0	3.0	4.0	0.0
0.0	0.0	0.0	1.0	4.0	0.0
0.0	0.0	0.0	0.0	4.0	0.0
0.0	0.0	0.0	1.0	0.0	0.0
0.0	0.0	0.0	2.0	0.0	0.0
1.0	4.0	0.0	0.0	5.0	1.0
0.0	3.0	0.0	0.0	5.0	1.0
0.0	3.0	0.0	0.0	3.0	1.0
0.0	1.0	0.0	0.0	3.0	1.0
0.0	0.0	0.0	0.0	0.0	1.0
0.0	1.0	0.0	0.0	3.0	0.0
0.0	1.0	0.0	0.0	0.0	0.0
0.0	0.0	0.0	0.0	3.0	0.0
0.0	2.0	0.0	0.0	0.0	0.0
0.0	0.0	0.0	0.0	2.0	0.0
1.0	1.0	0.0	0.0	0.0	0.0
1.0	0.0	0.0	0.0	0.0	0.0
0.0	1.0	0.0	0.0	0.0	0.0
8.0	1101.0	3.0	34.0	0.0	2.0
5.0	759.0	3.0	4.0	0.0	0.0
3.0	0.0	0.0	0.0	0.0	0.0
2.0	759.0	3.0	4.0	0.0	0.0
2.0	16.0	2.0	1.0	0.0	0.0
2.0	0.0	1.0	0.0	0.0	0.0
2.0	0.0	0.0	0.0	0.0	0.0
0.0	0.0	1.0	0.0	0.0	0.0
0.0	16.0	1.0	1.0	0.0	0.0
0.0	13.0	0.0	1.0	0.0	0.0
0.0	5.0	0.0	1.0	0.0	0.0
0.0	0.0	0.0	1.0	0.0	0.0
0.0	5.0	0.0	0.0	0.0	0.0
0.0	8.0	0.0	0.0	0.0	0.0
0.0	3.0	1.0	0.0	0.0	0.0
0.0	0.0	1.0	0.0	0.0	0.0
0.0	3.0	0.0	0.0	0.0	0.0
0.0	743.0	1.0	3.0	0.0	0.0
0.0	136.0	1.0	3.0	0.0	0.0
0.0	136.0	0.0	3.0	0.0	0.0
0.0	45.0	0.0	0.0	0.0	0.0
0.0	91.0	0.0	3.0	0.0	0.0
0.0	0.0	0.0	1.0	0.0	0.0
0.0	91.0	0.0	2.0	0.0	0.0
0.0	54.0	0.0	2.0	0.0	0.0
0.0	54.0	0.0	1.0	0.0	0.0
0.0	52.0	0.0	1.0	0.0	0.0
0.0	51.0	0.0	1.0	0.0	0.0
0.0	1.0	0.0	0.0	0.0	0.0
0.0	2.0	0.0	0.0	0.0	0.0
0.0	0.0	0.0	1.0	0.0	0.0
0.0	37.0	0.0	0.0	0.0	0.0
0.0	0.0	1.0	0.0	0.0	0.0
0.0	607.0	0.0	0.0	0.0	0.0
3.0	342.0	0.0	30.0	0.0	2.0
3.0	218.0	0.0	0.0	0.0	1.0
0.0	175.0	0.0	0.0	0.0	1.0
0.0	174.0	0.0	0.0	0.0	0.0
0.0	1.0	0.0	0.0	0.0	1.0
0.0	1.0	0.0	0.0	0.0	0.0
0.0	0.0	0.0	0.0	0.0	1.0
3.0	43.0	0.0	0.0	0.0	0.0
1.0	41.0	0.0	0.0	0.0	0.0
1.0	6.0	0.0	0.0	0.0	0.0
0.0	6.0	0.0	0.0	0.0	0.0
1.0	0.0	0.0	0.0	0.0	0.0
0.0	35.0	0.0	0.0	0.0	0.0
2.0	2.0	0.0	0.0	0.0	0.0
0.0	1.0	0.0	0.0	0.0	0.0
2.0	1.0	0.0	0.0	0.0	0.0
2.0	0.0	0.0	0.0	0.0	0.0
0.0	1.0	0.0	0.0	0.0	0.0
0.0	124.0	0.0	30.0	0.0	1.0
0.0	70.0	0.0	28.0	0.0	0.0
0.0	33.0	0.0	23.0	0.0	0.0
0.0	19.0	0.0	2.0	0.0	0.0
0.0	18.0	0.0	1.0	0.0	0.0
0.0	15.0	0.0	0.0	0.0	0.0
0.0	3.0	0.0	1.0	0.0	0.0
0.0	1.0	0.0	1.0	0.0	0.0
0.0	2.0	0.0	0.0	0.0	0.0
0.0	1.0	0.0	1.0	0.0	0.0
0.0	1.0	0.0	0.0	0.0	0.0
0.0	0.0	0.0	1.0	0.0	0.0
0.0	14.0	0.0	21.0	0.0	0.0
0.0	6.0	0.0	19.0	0.0	0.0
0.0	3.0	0.0	3.0	0.0	0.0
0.0	3.0	0.0	1.0	0.0	0.0
0.0	0.0	0.0	1.0	0.0	0.0
0.0	3.0	0.0	0.0	0.0	0.0
0.0	0.0	0.0	2.0	0.0	0.0
0.0	3.0	0.0	16.0	0.0	0.0
0.0	1.0	0.0	0.0	0.0	0.0
0.0	2.0	0.0	16.0	0.0	0.0
0.0	0.0	0.0	8.0	0.0	0.0
0.0	2.0	0.0	8.0	0.0	0.0
0.0	0.0	0.0	3.0	0.0	0.0
0.0	2.0	0.0	5.0	0.0	0.0
0.0	1.0	0.0	0.0	0.0	0.0
0.0	1.0	0.0	5.0	0.0	0.0
0.0	1.0	0.0	0.0	0.0	0.0
0.0	0.0	0.0	5.0	0.0	0.0
0.0	8.0	0.0	2.0	0.0	0.0
0.0	5.0	0.0	0.0	0.0	0.0
0.0	3.0	0.0	2.0	0.0	0.0
0.0	1.0	0.0	2.0	0.0	0.0
0.0	0.0	0.0	1.0	0.0	0.0
0.0	1.0	0.0	1.0	0.0	0.0
0.0	2.0	0.0	0.0	0.0	0.0
0.0	37.0	0.0	5.0	0.0	0.0
0.0	32.0	0.0	1.0	0.0	0.0
0.0	12.0	0.0	1.0	0.0	0.0
0.0	12.0	0.0	0.0	0.0	0.0
0.0	0.0	0.0	1.0	0.0	0.0
0.0	20.0	0.0	0.0	0.0	0.0
0.0	5.0	0.0	4.0	0.0	0.0
0.0	5.0	0.0	1.0	0.0	0.0
0.0	0.0	0.0	1.0	0.0	0.0
0.0	5.0	0.0	0.0	0.0	0.0
0.0	0.0	0.0	3.0	0.0	0.0
0.0	54.0	0.0	2.0	0.0	1.0
0.0	1.0	0.0	1.0	0.0	1.0
0.0	0.0	0.0	1.0	0.0	0.0
0.0	1.0	0.0	0.0	0.0	1.0
0.0	0.0	0.0	0.0	0.0	1.0
0.0	1.0	0.0	0.0	0.0	0.0
0.0	53.0	0.0	1.0	0.0	0.0
0.0	36.0	0.0	0.0	0.0	0.0
0.0	17.0	0.0	1.0	0.0	0.0
0.0	5.0	0.0	1.0	0.0	0.0
0.0	5.0	0.0	0.0	0.0	0.0
0.0	0.0	0.0	1.0	0.0	0.0
0.0	12.0	0.0	0.0	0.0	0.0
1.0	89.0	39.0	0.0	0.0	1.0
0.0	52.0	8.0	0.0	0.0	1.0
0.0	49.0	1.0	0.0	0.0	0.0
0.0	49.0	0.0	0.0	0.0	0.0
0.0	0.0	1.0	0.0	0.0	0.0
0.0	3.0	7.0	0.0	0.0	1.0
0.0	3.0	7.0	0.0	0.0	0.0
0.0	0.0	4.0	0.0	0.0	0.0
0.0	3.0	3.0	0.0	0.0	0.0
0.0	3.0	1.0	0.0	0.0	0.0
0.0	3.0	0.0	0.0	0.0	0.0
0.0	0.0	1.0	0.0	0.0	0.0
0.0	0.0	2.0	0.0	0.0	0.0
0.0	0.0	0.0	0.0	0.0	1.0
1.0	37.0	31.0	0.0	0.0	0.0
1.0	36.0	12.0	0.0	0.0	0.0
1.0	21.0	4.0	0.0	0.0	0.0
0.0	10.0	3.0	0.0	0.0	0.0
0.0	10.0	2.0	0.0	0.0	0.0
0.0	1.0	1.0	0.0	0.0	0.0
0.0	1.0	0.0	0.0	0.0	0.0
0.0	0.0	1.0	0.0	0.0	0.0
0.0	9.0	1.0	0.0	0.0	0.0
0.0	7.0	0.0	0.0	0.0	0.0
0.0	2.0	1.0	0.0	0.0	0.0
0.0	0.0	1.0	0.0	0.0	0.0
0.0	2.0	0.0	0.0	0.0	0.0
0.0	0.0	1.0	0.0	0.0	0.0
1.0	11.0	1.0	0.0	0.0	0.0
1.0	0.0	0.0	0.0	0.0	0.0
0.0	11.0	1.0	0.0	0.0	0.0
0.0	5.0	1.0	0.0	0.0	0.0
0.0	3.0	0.0	0.0	0.0	0.0
0.0	2.0	1.0	0.0	0.0	0.0
0.0	6.0	0.0	0.0	0.0	0.0
0.0	15.0	8.0	0.0	0.0	0.0
0.0	7.0	7.0	0.0	0.0	0.0
0.0	7.0	5.0	0.0	0.0	0.0
0.0	4.0	0.0	0.0	0.0	0.0
0.0	3.0	5.0	0.0	0.0	0.0
0.0	2.0	5.0	0.0	0.0	0.0
0.0	2.0	3.0	0.0	0.0	0.0
0.0	0.0	2.0	0.0	0.0	0.0
0.0	1.0	0.0	0.0	0.0	0.0
0.0	0.0	2.0	0.0	0.0	0.0
0.0	8.0	1.0	0.0	0.0	0.0
0.0	6.0	0.0	0.0	0.0	0.0
0.0	2.0	1.0	0.0	0.0	0.0
0.0	1.0	19.0	0.0	0.0	0.0
0.0	1.0	2.0	0.0	0.0	0.0
0.0	0.0	2.0	0.0	0.0	0.0
0.0	1.0	0.0	0.0	0.0	0.0
0.0	0.0	17.0	0.0	0.0	0.0
