# Sizes (NFeatures, Nclasses, NodeCount, MaxDepth)
14	6	239	14
# Classes
0.0	1.0	2.0	3.0	4.0	5.0
# Feature Names
Nrows	Ncols	Nnnz	AvgNnnz	Density	MaxRowNnnz	MinRowNnnz	StdRowNnnz	NDiags	NTrueDiags	AvgNnnzDia	AvgNnnzELL	AvgNnnzHyb	AvgNnnzHdc
# Left
1	2	3	4	5	-1	-1	-1	-1	10	11	-1	13	-1	-1	16	17	18	-1	-1	21	22	23	-1	-1	-1	-1	28	-1	30	-1	-1	33	34	35	36	37	-1	-1	40	41	42	-1	-1	45	46	47	48	-1	50	-1	-1	-1	54	-1	-1	-1	58	59	60	-1	-1	-1	64	65	-1	-1	68	69	-1	71	-1	-1	-1	75	76	-1	78	79	80	81	82	83	-1	-1	-1	-1	88	-1	-1	91	-1	-1	94	-1	-1	97	98	-1	100	-1	-1	103	104	105	106	107	108	-1	110	-1	112	-1	-1	-1	-1	117	118	-1	120	-1	122	123	-1	-1	-1	-1	128	-1	130	-1	-1	133	-1	135	-1	-1	138	139	140	-1	142	143	-1	145	-1	-1	-1	149	150	-1	152	153	-1	155	-1	-1	158	-1	-1	161	162	-1	-1	165	-1	167	-1	-1	170	171	-1	173	-1	175	-1	-1	178	179	-1	-1	182	-1	184	-1	-1	187	188	189	190	-1	192	193	-1	195	-1	-1	-1	199	200	201	202	203	-1	-1	-1	207	208	-1	210	-1	-1	213	214	-1	-1	-1	-1	219	-1	221	222	-1	-1	225	-1	-1	228	229	230	-1	-1	-1	-1	235	-1	237	-1	-1
# Right
32	9	8	7	6	-1	-1	-1	-1	15	12	-1	14	-1	-1	27	20	19	-1	-1	26	25	24	-1	-1	-1	-1	29	-1	31	-1	-1	186	137	74	39	38	-1	-1	57	44	43	-1	-1	56	53	52	49	-1	51	-1	-1	-1	55	-1	-1	-1	63	62	61	-1	-1	-1	67	66	-1	-1	73	70	-1	72	-1	-1	-1	96	77	-1	93	90	87	86	85	84	-1	-1	-1	-1	89	-1	-1	92	-1	-1	95	-1	-1	102	99	-1	101	-1	-1	132	127	116	115	114	109	-1	111	-1	113	-1	-1	-1	-1	126	119	-1	121	-1	125	124	-1	-1	-1	-1	129	-1	131	-1	-1	134	-1	136	-1	-1	169	148	141	-1	147	144	-1	146	-1	-1	-1	160	151	-1	157	154	-1	156	-1	-1	159	-1	-1	164	163	-1	-1	166	-1	168	-1	-1	177	172	-1	174	-1	176	-1	-1	181	180	-1	-1	183	-1	185	-1	-1	234	227	198	191	-1	197	194	-1	196	-1	-1	-1	218	217	206	205	204	-1	-1	-1	212	209	-1	211	-1	-1	216	215	-1	-1	-1	-1	220	-1	224	223	-1	-1	226	-1	-1	233	232	231	-1	-1	-1	-1	236	-1	238	-1	-1
# Threshold
0.6995324790477753	15515.0	0.0016859399620443583	12969.0	0.5	-2.0	-2.0	-2.0	-2.0	0.001544609956908971	22616650.0	-2.0	29638050.0	-2.0	-2.0	248234.0	0.3097729980945587	7767060.0	-2.0	-2.0	15970.0	23890.5	9.071105003356934	-2.0	-2.0	-2.0	-2.0	0.0028669750317931175	-2.0	4.010646568985976e-05	-2.0	-2.0	0.4970559924840927	480125.5	12437.0	9.5	8.0	-2.0	-2.0	4.5	23.5	2.4190850257873535	-2.0	-2.0	1964.0	1655.0	0.008539749775081873	11.5	-2.0	1.1961300075054169	-2.0	-2.0	-2.0	387.0	-2.0	-2.0	-2.0	0.001017499016597867	35.13371443748474	8.0	-2.0	-2.0	-2.0	4.091254949569702	4.073235034942627	-2.0	-2.0	0.0022242749109864235	3874.5	-2.0	4980.5	-2.0	-2.0	-2.0	1.3514050245285034	1.5	-2.0	30719.0	63.5	10.167739868164062	1527705.0	650.0	421.0	-2.0	-2.0	-2.0	-2.0	0.5242674946784973	-2.0	-2.0	0.001885264995507896	-2.0	-2.0	1275.2000122070312	-2.0	-2.0	10.22042989730835	9.489765167236328	-2.0	11.446450233459473	-2.0	-2.0	0.6377774775028229	57.5	1363.0	12.5	2.838634967803955	0.401125505566597	-2.0	0.015951750334352255	-2.0	5.7028250098228455	-2.0	-2.0	-2.0	-2.0	0.5482095181941986	0.5205544829368591	-2.0	1.496155023574829	-2.0	38811.5	5.5	-2.0	-2.0	-2.0	-2.0	199630.5	-2.0	219518.5	-2.0	-2.0	41.325448989868164	-2.0	66.66365051269531	-2.0	-2.0	4.5	11.805949687957764	30557700.0	-2.0	0.6501870006322861	4.204900026321411	-2.0	12582905.0	-2.0	-2.0	-2.0	0.3759629875421524	0.7419320046901703	-2.0	30.182350158691406	29799300.0	-2.0	29.835200309753418	-2.0	-2.0	1.1288585028523812e-05	-2.0	-2.0	3.8535200357437134	0.5	-2.0	-2.0	66976600.0	-2.0	196058500.0	-2.0	-2.0	35.920650482177734	3.4986200034836656e-06	-2.0	253700.0	-2.0	8.408164739608765	-2.0	-2.0	0.7638915181159973	550.5	-2.0	-2.0	1864775.0	-2.0	3155935.0	-2.0	-2.0	1631090.0	11418.5	0.4933535009622574	0.33417899906635284	-2.0	0.4855480045080185	0.4782015085220337	-2.0	3.1408649682998657	-2.0	-2.0	-2.0	1.001205027103424	4628.5	2528.0	122.0	89.0	-2.0	-2.0	-2.0	2.5	0.000256342493230477	-2.0	3348.0	-2.0	-2.0	0.49958349764347076	0.003499999991618097	-2.0	-2.0	-2.0	-2.0	0.14219200238585472	-2.0	0.001284739002585411	9900.5	-2.0	-2.0	1730.5	-2.0	-2.0	48.673951148986816	2.0	43386.0	-2.0	-2.0	-2.0	-2.0	4412625.0	-2.0	4906930.0	-2.0	-2.0
# Feature
12	8	11	8	6	-2	-2	-2	-2	11	2	-2	2	-2	-2	8	12	2	-2	-2	5	1	3	-2	-2	-2	-2	11	-2	4	-2	-2	10	0	0	1	0	-2	-2	9	1	3	-2	-2	2	2	4	5	-2	12	-2	-2	-2	8	-2	-2	-2	4	7	9	-2	-2	-2	3	3	-2	-2	4	8	-2	1	-2	-2	-2	12	6	-2	5	5	7	2	8	8	-2	-2	-2	-2	11	-2	-2	11	-2	-2	3	-2	-2	3	12	-2	12	-2	-2	13	5	8	6	7	13	-2	10	-2	12	-2	-2	-2	-2	13	11	-2	7	-2	1	9	-2	-2	-2	-2	1	-2	1	-2	-2	3	-2	3	-2	-2	6	3	2	-2	11	3	-2	0	-2	-2	-2	11	12	-2	3	2	-2	7	-2	-2	10	-2	-2	7	6	-2	-2	2	-2	2	-2	-2	3	4	-2	8	-2	7	-2	-2	11	5	-2	-2	1	-2	1	-2	-2	2	1	13	13	-2	7	7	-2	12	-2	-2	-2	12	1	2	2	0	-2	-2	-2	3	4	-2	0	-2	-2	13	4	-2	-2	-2	-2	7	-2	4	1	-2	-2	1	-2	-2	3	6	1	-2	-2	-2	-2	2	-2	2	-2	-2
# Values
83.0	1468.0	42.0	48.0	12.0	23.0
73.0	138.0	0.0	0.0	3.0	0.0
2.0	115.0	0.0	0.0	0.0	0.0
2.0	3.0	0.0	0.0	0.0	0.0
2.0	1.0	0.0	0.0	0.0	0.0
0.0	1.0	0.0	0.0	0.0	0.0
2.0	0.0	0.0	0.0	0.0	0.0
0.0	2.0	0.0	0.0	0.0	0.0
0.0	112.0	0.0	0.0	0.0	0.0
71.0	23.0	0.0	0.0	3.0	0.0
60.0	0.0	0.0	0.0	1.0	0.0
52.0	0.0	0.0	0.0	0.0	0.0
8.0	0.0	0.0	0.0	1.0	0.0
0.0	0.0	0.0	0.0	1.0	0.0
8.0	0.0	0.0	0.0	0.0	0.0
11.0	23.0	0.0	0.0	2.0	0.0
5.0	22.0	0.0	0.0	1.0	0.0
3.0	0.0	0.0	0.0	1.0	0.0
3.0	0.0	0.0	0.0	0.0	0.0
0.0	0.0	0.0	0.0	1.0	0.0
2.0	22.0	0.0	0.0	0.0	0.0
1.0	22.0	0.0	0.0	0.0	0.0
1.0	1.0	0.0	0.0	0.0	0.0
1.0	0.0	0.0	0.0	0.0	0.0
0.0	1.0	0.0	0.0	0.0	0.0
0.0	21.0	0.0	0.0	0.0	0.0
1.0	0.0	0.0	0.0	0.0	0.0
6.0	1.0	0.0	0.0	1.0	0.0
6.0	0.0	0.0	0.0	0.0	0.0
0.0	1.0	0.0	0.0	1.0	0.0
0.0	0.0	0.0	0.0	1.0	0.0
0.0	1.0	0.0	0.0	0.0	0.0
10.0	1330.0	42.0	48.0	9.0	23.0
9.0	1241.0	3.0	48.0	9.0	22.0
8.0	1180.0	3.0	38.0	0.0	2.0
5.0	759.0	3.0	4.0	0.0	0.0
2.0	0.0	1.0	0.0	0.0	0.0
2.0	0.0	0.0	0.0	0.0	0.0
0.0	0.0	1.0	0.0	0.0	0.0
3.0	759.0	2.0	4.0	0.0	0.0
0.0	416.0	0.0	4.0	0.0	0.0
0.0	1.0	0.0	1.0	0.0	0.0
0.0	1.0	0.0	0.0	0.0	0.0
0.0	0.0	0.0	1.0	0.0	0.0
0.0	415.0	0.0	3.0	0.0	0.0
0.0	109.0	0.0	3.0	0.0	0.0
0.0	106.0	0.0	1.0	0.0	0.0
0.0	62.0	0.0	1.0	0.0	0.0
0.0	7.0	0.0	0.0	0.0	0.0
0.0	55.0	0.0	1.0	0.0	0.0
0.0	4.0	0.0	0.0	0.0	0.0
0.0	51.0	0.0	1.0	0.0	0.0
0.0	44.0	0.0	0.0	0.0	0.0
0.0	3.0	0.0	2.0	0.0	0.0
0.0	3.0	0.0	0.0	0.0	0.0
0.0	0.0	0.0	2.0	0.0	0.0
0.0	306.0	0.0	0.0	0.0	0.0
3.0	343.0	2.0	0.0	0.0	0.0
2.0	5.0	1.0	0.0	0.0	0.0
0.0	5.0	1.0	0.0	0.0	0.0
0.0	5.0	0.0	0.0	0.0	0.0
0.0	0.0	1.0	0.0	0.0	0.0
2.0	0.0	0.0	0.0	0.0	0.0
1.0	338.0	1.0	0.0	0.0	0.0
0.0	11.0	1.0	0.0	0.0	0.0
0.0	11.0	0.0	0.0	0.0	0.0
0.0	0.0	1.0	0.0	0.0	0.0
1.0	327.0	0.0	0.0	0.0	0.0
1.0	27.0	0.0	0.0	0.0	0.0
0.0	25.0	0.0	0.0	0.0	0.0
1.0	2.0	0.0	0.0	0.0	0.0
1.0	0.0	0.0	0.0	0.0	0.0
0.0	2.0	0.0	0.0	0.0	0.0
0.0	300.0	0.0	0.0	0.0	0.0
3.0	421.0	0.0	34.0	0.0	2.0
3.0	291.0	0.0	4.0	0.0	0.0
0.0	135.0	0.0	0.0	0.0	0.0
3.0	156.0	0.0	4.0	0.0	0.0
1.0	155.0	0.0	4.0	0.0	0.0
0.0	34.0	0.0	4.0	0.0	0.0
0.0	33.0	0.0	2.0	0.0	0.0
0.0	33.0	0.0	1.0	0.0	0.0
0.0	5.0	0.0	1.0	0.0	0.0
0.0	5.0	0.0	0.0	0.0	0.0
0.0	0.0	0.0	1.0	0.0	0.0
0.0	28.0	0.0	0.0	0.0	0.0
0.0	0.0	0.0	1.0	0.0	0.0
0.0	1.0	0.0	2.0	0.0	0.0
0.0	1.0	0.0	0.0	0.0	0.0
0.0	0.0	0.0	2.0	0.0	0.0
1.0	121.0	0.0	0.0	0.0	0.0
1.0	0.0	0.0	0.0	0.0	0.0
0.0	121.0	0.0	0.0	0.0	0.0
2.0	1.0	0.0	0.0	0.0	0.0
2.0	0.0	0.0	0.0	0.0	0.0
0.0	1.0	0.0	0.0	0.0	0.0
0.0	130.0	0.0	30.0	0.0	2.0
0.0	57.0	0.0	1.0	0.0	0.0
0.0	51.0	0.0	0.0	0.0	0.0
0.0	6.0	0.0	1.0	0.0	0.0
0.0	0.0	0.0	1.0	0.0	0.0
0.0	6.0	0.0	0.0	0.0	0.0
0.0	73.0	0.0	29.0	0.0	2.0
0.0	70.0	0.0	15.0	0.0	2.0
0.0	23.0	0.0	15.0	0.0	1.0
0.0	2.0	0.0	9.0	0.0	1.0
0.0	2.0	0.0	9.0	0.0	0.0
0.0	2.0	0.0	4.0	0.0	0.0
0.0	0.0	0.0	1.0	0.0	0.0
0.0	2.0	0.0	3.0	0.0	0.0
0.0	0.0	0.0	1.0	0.0	0.0
0.0	2.0	0.0	2.0	0.0	0.0
0.0	1.0	0.0	1.0	0.0	0.0
0.0	1.0	0.0	1.0	0.0	0.0
0.0	0.0	0.0	5.0	0.0	0.0
0.0	0.0	0.0	0.0	0.0	1.0
0.0	21.0	0.0	6.0	0.0	0.0
0.0	14.0	0.0	6.0	0.0	0.0
0.0	8.0	0.0	0.0	0.0	0.0
0.0	6.0	0.0	6.0	0.0	0.0
0.0	3.0	0.0	0.0	0.0	0.0
0.0	3.0	0.0	6.0	0.0	0.0
0.0	3.0	0.0	1.0	0.0	0.0
0.0	0.0	0.0	1.0	0.0	0.0
0.0	3.0	0.0	0.0	0.0	0.0
0.0	0.0	0.0	5.0	0.0	0.0
0.0	7.0	0.0	0.0	0.0	0.0
0.0	47.0	0.0	0.0	0.0	1.0
0.0	44.0	0.0	0.0	0.0	0.0
0.0	3.0	0.0	0.0	0.0	1.0
0.0	0.0	0.0	0.0	0.0	1.0
0.0	3.0	0.0	0.0	0.0	0.0
0.0	3.0	0.0	14.0	0.0	0.0
0.0	0.0	0.0	13.0	0.0	0.0
0.0	3.0	0.0	1.0	0.0	0.0
0.0	3.0	0.0	0.0	0.0	0.0
0.0	0.0	0.0	1.0	0.0	0.0
1.0	61.0	0.0	10.0	9.0	20.0
1.0	52.0	0.0	4.0	4.0	6.0
0.0	43.0	0.0	0.0	0.0	3.0
0.0	39.0	0.0	0.0	0.0	0.0
0.0	4.0	0.0	0.0	0.0	3.0
0.0	1.0	0.0	0.0	0.0	3.0
0.0	0.0	0.0	0.0	0.0	2.0
0.0	1.0	0.0	0.0	0.0	1.0
0.0	1.0	0.0	0.0	0.0	0.0
0.0	0.0	0.0	0.0	0.0	1.0
0.0	3.0	0.0	0.0	0.0	0.0
1.0	9.0	0.0	4.0	4.0	3.0
1.0	9.0	0.0	0.0	2.0	1.0
1.0	0.0	0.0	0.0	0.0	0.0
0.0	9.0	0.0	0.0	2.0	1.0
0.0	4.0	0.0	0.0	2.0	0.0
0.0	3.0	0.0	0.0	0.0	0.0
0.0	1.0	0.0	0.0	2.0	0.0
0.0	1.0	0.0	0.0	0.0	0.0
0.0	0.0	0.0	0.0	2.0	0.0
0.0	5.0	0.0	0.0	0.0	1.0
0.0	0.0	0.0	0.0	0.0	1.0
0.0	5.0	0.0	0.0	0.0	0.0
0.0	0.0	0.0	4.0	2.0	2.0
0.0	0.0	0.0	3.0	0.0	1.0
0.0	0.0	0.0	3.0	0.0	0.0
0.0	0.0	0.0	0.0	0.0	1.0
0.0	0.0	0.0	1.0	2.0	1.0
0.0	0.0	0.0	0.0	0.0	1.0
0.0	0.0	0.0	1.0	2.0	0.0
0.0	0.0	0.0	0.0	2.0	0.0
0.0	0.0	0.0	1.0	0.0	0.0
0.0	9.0	0.0	6.0	5.0	14.0
0.0	0.0	0.0	2.0	1.0	14.0
0.0	0.0	0.0	2.0	0.0	0.0
0.0	0.0	0.0	0.0	1.0	14.0
0.0	0.0	0.0	0.0	0.0	13.0
0.0	0.0	0.0	0.0	1.0	1.0
0.0	0.0	0.0	0.0	0.0	1.0
0.0	0.0	0.0	0.0	1.0	0.0
0.0	9.0	0.0	4.0	4.0	0.0
0.0	9.0	0.0	0.0	2.0	0.0
0.0	9.0	0.0	0.0	0.0	0.0
0.0	0.0	0.0	0.0	2.0	0.0
0.0	0.0	0.0	4.0	2.0	0.0
0.0	0.0	0.0	3.0	0.0	0.0
0.0	0.0	0.0	1.0	2.0	0.0
0.0	0.0	0.0	0.0	2.0	0.0
0.0	0.0	0.0	1.0	0.0	0.0
1.0	89.0	39.0	0.0	0.0	1.0
1.0	89.0	28.0	0.0	0.0	0.0
1.0	85.0	13.0	0.0	0.0	0.0
1.0	61.0	1.0	0.0	0.0	0.0
1.0	0.0	0.0	0.0	0.0	0.0
0.0	61.0	1.0	0.0	0.0	0.0
0.0	15.0	1.0	0.0	0.0	0.0
0.0	14.0	0.0	0.0	0.0	0.0
0.0	1.0	1.0	0.0	0.0	0.0
0.0	1.0	0.0	0.0	0.0	0.0
0.0	0.0	1.0	0.0	0.0	0.0
0.0	46.0	0.0	0.0	0.0	0.0
0.0	24.0	12.0	0.0	0.0	0.0
0.0	19.0	4.0	0.0	0.0	0.0
0.0	15.0	4.0	0.0	0.0	0.0
0.0	8.0	1.0	0.0	0.0	0.0
0.0	1.0	1.0	0.0	0.0	0.0
0.0	1.0	0.0	0.0	0.0	0.0
0.0	0.0	1.0	0.0	0.0	0.0
0.0	7.0	0.0	0.0	0.0	0.0
0.0	7.0	3.0	0.0	0.0	0.0
0.0	2.0	2.0	0.0	0.0	0.0
0.0	0.0	1.0	0.0	0.0	0.0
0.0	2.0	1.0	0.0	0.0	0.0
0.0	0.0	1.0	0.0	0.0	0.0
0.0	2.0	0.0	0.0	0.0	0.0
0.0	5.0	1.0	0.0	0.0	0.0
0.0	3.0	1.0	0.0	0.0	0.0
0.0	2.0	1.0	0.0	0.0	0.0
0.0	1.0	0.0	0.0	0.0	0.0
0.0	2.0	0.0	0.0	0.0	0.0
0.0	4.0	0.0	0.0	0.0	0.0
0.0	5.0	8.0	0.0	0.0	0.0
0.0	0.0	2.0	0.0	0.0	0.0
0.0	5.0	6.0	0.0	0.0	0.0
0.0	3.0	1.0	0.0	0.0	0.0
0.0	2.0	1.0	0.0	0.0	0.0
0.0	1.0	0.0	0.0	0.0	0.0
0.0	2.0	5.0	0.0	0.0	0.0
0.0	2.0	3.0	0.0	0.0	0.0
0.0	0.0	2.0	0.0	0.0	0.0
0.0	4.0	15.0	0.0	0.0	0.0
0.0	2.0	15.0	0.0	0.0	0.0
0.0	2.0	4.0	0.0	0.0	0.0
0.0	0.0	4.0	0.0	0.0	0.0
0.0	2.0	0.0	0.0	0.0	0.0
0.0	0.0	11.0	0.0	0.0	0.0
0.0	2.0	0.0	0.0	0.0	0.0
0.0	0.0	11.0	0.0	0.0	1.0
0.0	0.0	6.0	0.0	0.0	0.0
0.0	0.0	5.0	0.0	0.0	1.0
0.0	0.0	0.0	0.0	0.0	1.0
0.0	0.0	5.0	0.0	0.0	0.0
