# Sizes (NFeatures, Nclasses, NodeCount, MaxDepth)
14	6	239	13
# Classes
0.0	1.0	2.0	3.0	4.0	5.0
# Feature Names
Nrows	Ncols	Nnnz	AvgNnnz	Density	MaxRowNnnz	MinRowNnnz	StdRowNnnz	NDiags	NTrueDiags	AvgNnnzDia	AvgNnnzELL	AvgNnnzHyb	AvgNnnzHdc
# Left
1	2	3	-1	5	6	7	8	9	10	-1	-1	13	14	-1	-1	17	18	-1	-1	-1	-1	23	24	25	26	-1	28	-1	-1	31	32	-1	34	-1	-1	-1	-1	-1	40	41	-1	43	44	-1	-1	47	-1	49	50	51	-1	-1	54	55	-1	-1	-1	-1	-1	-1	62	63	64	65	66	67	-1	69	-1	-1	-1	-1	-1	-1	76	77	78	79	80	-1	82	83	-1	-1	-1	-1	-1	-1	90	91	92	93	94	95	-1	-1	-1	-1	100	101	-1	103	-1	-1	-1	107	-1	109	-1	-1	112	-1	114	115	-1	-1	-1	119	120	-1	122	123	-1	-1	126	-1	-1	129	130	131	132	-1	134	135	-1	137	-1	139	-1	-1	142	143	-1	-1	146	147	-1	-1	-1	151	152	153	-1	-1	156	-1	-1	159	160	-1	162	-1	164	-1	-1	167	168	169	-1	-1	172	-1	174	-1	-1	177	178	179	-1	181	-1	-1	-1	185	-1	187	-1	-1	190	191	-1	-1	194	195	196	197	-1	199	-1	-1	202	203	-1	-1	-1	207	208	209	210	-1	-1	-1	-1	215	-1	-1	218	219	-1	221	222	-1	-1	-1	226	227	-1	229	-1	-1	-1	233	-1	235	236	-1	-1	-1
# Right
118	61	4	-1	60	39	22	21	12	11	-1	-1	16	15	-1	-1	20	19	-1	-1	-1	-1	38	37	30	27	-1	29	-1	-1	36	33	-1	35	-1	-1	-1	-1	-1	59	42	-1	46	45	-1	-1	48	-1	58	53	52	-1	-1	57	56	-1	-1	-1	-1	-1	-1	75	74	73	72	71	68	-1	70	-1	-1	-1	-1	-1	-1	89	88	87	86	81	-1	85	84	-1	-1	-1	-1	-1	-1	111	106	99	98	97	96	-1	-1	-1	-1	105	102	-1	104	-1	-1	-1	108	-1	110	-1	-1	113	-1	117	116	-1	-1	-1	128	121	-1	125	124	-1	-1	127	-1	-1	232	189	150	133	-1	141	136	-1	138	-1	140	-1	-1	145	144	-1	-1	149	148	-1	-1	-1	158	155	154	-1	-1	157	-1	-1	166	161	-1	163	-1	165	-1	-1	176	171	170	-1	-1	173	-1	175	-1	-1	184	183	180	-1	182	-1	-1	-1	186	-1	188	-1	-1	193	192	-1	-1	217	206	201	198	-1	200	-1	-1	205	204	-1	-1	-1	214	213	212	211	-1	-1	-1	-1	216	-1	-1	225	220	-1	224	223	-1	-1	-1	231	228	-1	230	-1	-1	-1	234	-1	238	237	-1	-1	-1
# Threshold
37797.5	34.0	25.5	-2.0	203571.5	0.97376349568367	1.186964988708496	2500.0	3.0012500286102295	1.605305016040802	-2.0	-2.0	0.8086419999599457	2.5	-2.0	-2.0	9.0	0.003499999991618097	-2.0	-2.0	-2.0	-2.0	1.0157449841499329	7.949375152587891	2352.5	5.6666648387908936	-2.0	5.766664981842041	-2.0	-2.0	13.0	15614.5	-2.0	87509.5	-2.0	-2.0	-2.0	-2.0	-2.0	12620.0	0.9987500011920929	-2.0	0.9858585000038147	1961.0	-2.0	-2.0	0.000256342493230477	-2.0	4.939599990844727	122.0	89.0	-2.0	-2.0	0.0004196859954390675	0.00029991100018378347	-2.0	-2.0	-2.0	-2.0	-2.0	-2.0	0.0038875299505889416	8164.5	5997.0	98324.5	67.6937026977539	0.37992750108242035	-2.0	15730.0	-2.0	-2.0	-2.0	-2.0	-2.0	-2.0	11631.0	1964.0	1899.5	997.5	427.5	-2.0	436.5	1.4320300221443176	-2.0	-2.0	-2.0	-2.0	-2.0	-2.0	0.2630159929394722	4.321585178375244	0.005370819941163063	8.0	3.5	2.9736950397491455	-2.0	-2.0	-2.0	-2.0	0.6029145121574402	0.0007349470106419176	-2.0	30.0	-2.0	-2.0	-2.0	24.0	-2.0	37.0	-2.0	-2.0	33.0	-2.0	0.7084205150604248	0.3925670087337494	-2.0	-2.0	-2.0	0.0019041550112888217	0.5194304883480072	-2.0	2.5	295471.5	-2.0	-2.0	0.5376259982585907	-2.0	-2.0	0.41717348992824554	4.5	9575095.0	10.289700031280518	-2.0	4.3625898361206055	2.5	-2.0	14.814849853515625	-2.0	6.052735079720151e-05	-2.0	-2.0	40945.0	2.0	-2.0	-2.0	0.6709120273590088	0.4885925054550171	-2.0	-2.0	-2.0	0.7288479804992676	0.3290324956178665	0.30671849846839905	-2.0	-2.0	5199180.0	-2.0	-2.0	2.460219979286194	0.7502820193767548	-2.0	5.364415045505666e-07	-2.0	1079237.5	-2.0	-2.0	4.361984968185425	2121500.0	0.02593983506085351	-2.0	-2.0	6291455.0	-2.0	196058500.0	-2.0	-2.0	8.0	38.390899658203125	2644035.0	-2.0	32.26739978790283	-2.0	-2.0	-2.0	1.9990149667137302e-05	-2.0	4.024044871330261	-2.0	-2.0	1.3093000054359436	309796.0	-2.0	-2.0	0.7740949988365173	33.57929992675781	232052.5	2146.0	-2.0	0.000496244989335537	-2.0	-2.0	7.132485188776627e-05	1353195.0	-2.0	-2.0	-2.0	1430750.0	0.009079480310902	41873.0	109.5	-2.0	-2.0	-2.0	-2.0	0.7062299847602844	-2.0	-2.0	0.013223899994045496	51.59084892272949	-2.0	5.40664005279541	0.00440676647122018	-2.0	-2.0	-2.0	60.0	39.0	-2.0	3.10350501537323	-2.0	-2.0	-2.0	4.625969886779785	-2.0	4.912955045700073	4.623326594810351e-05	-2.0	-2.0	-2.0
# Feature
1	8	2	-2	2	10	12	0	3	7	-2	-2	11	9	-2	-2	9	4	-2	-2	-2	-2	7	3	0	3	-2	3	-2	-2	8	2	-2	2	-2	-2	-2	-2	-2	1	3	-2	10	1	-2	-2	4	-2	3	2	1	-2	-2	4	4	-2	-2	-2	-2	-2	-2	11	5	5	2	7	13	-2	1	-2	-2	-2	-2	-2	-2	0	2	2	8	0	-2	1	7	-2	-2	-2	-2	-2	-2	10	7	10	6	5	3	-2	-2	-2	-2	13	4	-2	9	-2	-2	-2	9	-2	5	-2	-2	9	-2	10	13	-2	-2	-2	11	13	-2	9	0	-2	-2	13	-2	-2	10	6	2	3	-2	7	6	-2	3	-2	10	-2	-2	0	6	-2	-2	12	13	-2	-2	-2	12	13	13	-2	-2	0	-2	-2	7	7	-2	4	-2	0	-2	-2	7	0	10	-2	-2	0	-2	2	-2	-2	9	7	8	-2	7	-2	-2	-2	4	-2	12	-2	-2	7	1	-2	-2	11	3	1	8	-2	4	-2	-2	10	0	-2	-2	-2	1	4	0	5	-2	-2	-2	-2	13	-2	-2	10	3	-2	7	10	-2	-2	-2	9	9	-2	7	-2	-2	-2	3	-2	12	4	-2	-2	-2
# Values
83.0	1468.0	42.0	48.0	12.0	23.0
18.0	1149.0	28.0	16.0	0.0	0.0
3.0	107.0	25.0	1.0	0.0	0.0
3.0	0.0	0.0	0.0	0.0	0.0
0.0	107.0	25.0	1.0	0.0	0.0
0.0	107.0	20.0	1.0	0.0	0.0
0.0	93.0	9.0	1.0	0.0	0.0
0.0	19.0	4.0	1.0	0.0	0.0
0.0	8.0	4.0	1.0	0.0	0.0
0.0	3.0	0.0	1.0	0.0	0.0
0.0	3.0	0.0	0.0	0.0	0.0
0.0	0.0	0.0	1.0	0.0	0.0
0.0	5.0	4.0	0.0	0.0	0.0
0.0	1.0	3.0	0.0	0.0	0.0
0.0	1.0	0.0	0.0	0.0	0.0
0.0	0.0	3.0	0.0	0.0	0.0
0.0	4.0	1.0	0.0	0.0	0.0
0.0	3.0	1.0	0.0	0.0	0.0
0.0	2.0	1.0	0.0	0.0	0.0
0.0	1.0	0.0	0.0	0.0	0.0
0.0	1.0	0.0	0.0	0.0	0.0
0.0	11.0	0.0	0.0	0.0	0.0
0.0	74.0	5.0	0.0	0.0	0.0
0.0	33.0	5.0	0.0	0.0	0.0
0.0	33.0	4.0	0.0	0.0	0.0
0.0	25.0	1.0	0.0	0.0	0.0
0.0	17.0	0.0	0.0	0.0	0.0
0.0	8.0	1.0	0.0	0.0	0.0
0.0	0.0	1.0	0.0	0.0	0.0
0.0	8.0	0.0	0.0	0.0	0.0
0.0	8.0	3.0	0.0	0.0	0.0
0.0	4.0	3.0	0.0	0.0	0.0
0.0	0.0	2.0	0.0	0.0	0.0
0.0	4.0	1.0	0.0	0.0	0.0
0.0	4.0	0.0	0.0	0.0	0.0
0.0	0.0	1.0	0.0	0.0	0.0
0.0	4.0	0.0	0.0	0.0	0.0
0.0	0.0	1.0	0.0	0.0	0.0
0.0	41.0	0.0	0.0	0.0	0.0
0.0	14.0	11.0	0.0	0.0	0.0
0.0	14.0	9.0	0.0	0.0	0.0
0.0	0.0	1.0	0.0	0.0	0.0
0.0	14.0	8.0	0.0	0.0	0.0
0.0	2.0	4.0	0.0	0.0	0.0
0.0	2.0	3.0	0.0	0.0	0.0
0.0	0.0	1.0	0.0	0.0	0.0
0.0	12.0	4.0	0.0	0.0	0.0
0.0	0.0	1.0	0.0	0.0	0.0
0.0	12.0	3.0	0.0	0.0	0.0
0.0	10.0	2.0	0.0	0.0	0.0
0.0	1.0	1.0	0.0	0.0	0.0
0.0	1.0	0.0	0.0	0.0	0.0
0.0	0.0	1.0	0.0	0.0	0.0
0.0	9.0	1.0	0.0	0.0	0.0
0.0	2.0	1.0	0.0	0.0	0.0
0.0	2.0	0.0	0.0	0.0	0.0
0.0	0.0	1.0	0.0	0.0	0.0
0.0	7.0	0.0	0.0	0.0	0.0
0.0	2.0	1.0	0.0	0.0	0.0
0.0	0.0	2.0	0.0	0.0	0.0
0.0	0.0	5.0	0.0	0.0	0.0
15.0	1042.0	3.0	15.0	0.0	0.0
15.0	17.0	0.0	0.0	0.0	0.0
4.0	17.0	0.0	0.0	0.0	0.0
4.0	7.0	0.0	0.0	0.0	0.0
4.0	3.0	0.0	0.0	0.0	0.0
1.0	3.0	0.0	0.0	0.0	0.0
0.0	2.0	0.0	0.0	0.0	0.0
1.0	1.0	0.0	0.0	0.0	0.0
0.0	1.0	0.0	0.0	0.0	0.0
1.0	0.0	0.0	0.0	0.0	0.0
3.0	0.0	0.0	0.0	0.0	0.0
0.0	4.0	0.0	0.0	0.0	0.0
0.0	10.0	0.0	0.0	0.0	0.0
11.0	0.0	0.0	0.0	0.0	0.0
0.0	1025.0	3.0	15.0	0.0	0.0
0.0	834.0	0.0	3.0	0.0	0.0
0.0	148.0	0.0	3.0	0.0	0.0
0.0	148.0	0.0	2.0	0.0	0.0
0.0	148.0	0.0	1.0	0.0	0.0
0.0	85.0	0.0	0.0	0.0	0.0
0.0	63.0	0.0	1.0	0.0	0.0
0.0	52.0	0.0	1.0	0.0	0.0
0.0	1.0	0.0	0.0	0.0	0.0
0.0	51.0	0.0	1.0	0.0	0.0
0.0	11.0	0.0	0.0	0.0	0.0
0.0	0.0	0.0	1.0	0.0	0.0
0.0	0.0	0.0	1.0	0.0	0.0
0.0	686.0	0.0	0.0	0.0	0.0
0.0	191.0	3.0	12.0	0.0	0.0
0.0	189.0	0.0	11.0	0.0	0.0
0.0	55.0	0.0	10.0	0.0	0.0
0.0	49.0	0.0	2.0	0.0	0.0
0.0	49.0	0.0	1.0	0.0	0.0
0.0	3.0	0.0	1.0	0.0	0.0
0.0	0.0	0.0	1.0	0.0	0.0
0.0	3.0	0.0	0.0	0.0	0.0
0.0	46.0	0.0	0.0	0.0	0.0
0.0	0.0	0.0	1.0	0.0	0.0
0.0	6.0	0.0	8.0	0.0	0.0
0.0	6.0	0.0	2.0	0.0	0.0
0.0	5.0	0.0	0.0	0.0	0.0
0.0	1.0	0.0	2.0	0.0	0.0
0.0	1.0	0.0	1.0	0.0	0.0
0.0	0.0	0.0	1.0	0.0	0.0
0.0	0.0	0.0	6.0	0.0	0.0
0.0	134.0	0.0	1.0	0.0	0.0
0.0	99.0	0.0	0.0	0.0	0.0
0.0	35.0	0.0	1.0	0.0	0.0
0.0	0.0	0.0	1.0	0.0	0.0
0.0	35.0	0.0	0.0	0.0	0.0
0.0	2.0	3.0	1.0	0.0	0.0
0.0	0.0	0.0	1.0	0.0	0.0
0.0	2.0	3.0	0.0	0.0	0.0
0.0	2.0	1.0	0.0	0.0	0.0
0.0	0.0	1.0	0.0	0.0	0.0
0.0	2.0	0.0	0.0	0.0	0.0
0.0	0.0	2.0	0.0	0.0	0.0
65.0	319.0	14.0	32.0	12.0	23.0
59.0	3.0	0.0	0.0	1.0	0.0
54.0	0.0	0.0	0.0	0.0	0.0
5.0	3.0	0.0	0.0	1.0	0.0
5.0	1.0	0.0	0.0	0.0	0.0
0.0	1.0	0.0	0.0	0.0	0.0
5.0	0.0	0.0	0.0	0.0	0.0
0.0	2.0	0.0	0.0	1.0	0.0
0.0	0.0	0.0	0.0	1.0	0.0
0.0	2.0	0.0	0.0	0.0	0.0
6.0	316.0	14.0	32.0	11.0	23.0
6.0	314.0	0.0	32.0	11.0	22.0
5.0	228.0	0.0	11.0	6.0	7.0
2.0	191.0	0.0	7.0	0.0	0.0
0.0	145.0	0.0	0.0	0.0	0.0
2.0	46.0	0.0	7.0	0.0	0.0
0.0	7.0	0.0	7.0	0.0	0.0
0.0	0.0	0.0	5.0	0.0	0.0
0.0	7.0	0.0	2.0	0.0	0.0
0.0	6.0	0.0	0.0	0.0	0.0
0.0	1.0	0.0	2.0	0.0	0.0
0.0	1.0	0.0	0.0	0.0	0.0
0.0	0.0	0.0	2.0	0.0	0.0
2.0	39.0	0.0	0.0	0.0	0.0
1.0	1.0	0.0	0.0	0.0	0.0
1.0	0.0	0.0	0.0	0.0	0.0
0.0	1.0	0.0	0.0	0.0	0.0
1.0	38.0	0.0	0.0	0.0	0.0
1.0	1.0	0.0	0.0	0.0	0.0
1.0	0.0	0.0	0.0	0.0	0.0
0.0	1.0	0.0	0.0	0.0	0.0
0.0	37.0	0.0	0.0	0.0	0.0
3.0	37.0	0.0	4.0	6.0	7.0
3.0	1.0	0.0	0.0	2.0	0.0
0.0	1.0	0.0	0.0	1.0	0.0
0.0	0.0	0.0	0.0	1.0	0.0
0.0	1.0	0.0	0.0	0.0	0.0
3.0	0.0	0.0	0.0	1.0	0.0
3.0	0.0	0.0	0.0	0.0	0.0
0.0	0.0	0.0	0.0	1.0	0.0
0.0	36.0	0.0	4.0	4.0	7.0
0.0	21.0	0.0	0.0	0.0	4.0
0.0	12.0	0.0	0.0	0.0	0.0
0.0	9.0	0.0	0.0	0.0	4.0
0.0	0.0	0.0	0.0	0.0	3.0
0.0	9.0	0.0	0.0	0.0	1.0
0.0	0.0	0.0	0.0	0.0	1.0
0.0	9.0	0.0	0.0	0.0	0.0
0.0	15.0	0.0	4.0	4.0	3.0
0.0	2.0	0.0	4.0	1.0	0.0
0.0	2.0	0.0	1.0	0.0	0.0
0.0	2.0	0.0	0.0	0.0	0.0
0.0	0.0	0.0	1.0	0.0	0.0
0.0	0.0	0.0	3.0	1.0	0.0
0.0	0.0	0.0	2.0	0.0	0.0
0.0	0.0	0.0	1.0	1.0	0.0
0.0	0.0	0.0	0.0	1.0	0.0
0.0	0.0	0.0	1.0	0.0	0.0
0.0	13.0	0.0	0.0	3.0	3.0
0.0	6.0	0.0	0.0	3.0	0.0
0.0	2.0	0.0	0.0	3.0	0.0
0.0	0.0	0.0	0.0	2.0	0.0
0.0	2.0	0.0	0.0	1.0	0.0
0.0	2.0	0.0	0.0	0.0	0.0
0.0	0.0	0.0	0.0	1.0	0.0
0.0	4.0	0.0	0.0	0.0	0.0
0.0	7.0	0.0	0.0	0.0	3.0
0.0	0.0	0.0	0.0	0.0	2.0
0.0	7.0	0.0	0.0	0.0	1.0
0.0	7.0	0.0	0.0	0.0	0.0
0.0	0.0	0.0	0.0	0.0	1.0
1.0	86.0	0.0	21.0	5.0	15.0
0.0	1.0	0.0	0.0	0.0	13.0
0.0	1.0	0.0	0.0	0.0	0.0
0.0	0.0	0.0	0.0	0.0	13.0
1.0	85.0	0.0	21.0	5.0	2.0
1.0	83.0	0.0	6.0	3.0	1.0
0.0	18.0	0.0	5.0	1.0	1.0
0.0	18.0	0.0	3.0	0.0	0.0
0.0	0.0	0.0	1.0	0.0	0.0
0.0	18.0	0.0	2.0	0.0	0.0
0.0	18.0	0.0	0.0	0.0	0.0
0.0	0.0	0.0	2.0	0.0	0.0
0.0	0.0	0.0	2.0	1.0	1.0
0.0	0.0	0.0	0.0	1.0	1.0
0.0	0.0	0.0	0.0	1.0	0.0
0.0	0.0	0.0	0.0	0.0	1.0
0.0	0.0	0.0	2.0	0.0	0.0
1.0	65.0	0.0	1.0	2.0	0.0
1.0	64.0	0.0	1.0	0.0	0.0
0.0	64.0	0.0	1.0	0.0	0.0
0.0	1.0	0.0	1.0	0.0	0.0
0.0	0.0	0.0	1.0	0.0	0.0
0.0	1.0	0.0	0.0	0.0	0.0
0.0	63.0	0.0	0.0	0.0	0.0
1.0	0.0	0.0	0.0	0.0	0.0
0.0	1.0	0.0	0.0	2.0	0.0
0.0	1.0	0.0	0.0	0.0	0.0
0.0	0.0	0.0	0.0	2.0	0.0
0.0	2.0	0.0	15.0	2.0	1.0
0.0	0.0	0.0	12.0	2.0	0.0
0.0	0.0	0.0	9.0	0.0	0.0
0.0	0.0	0.0	3.0	2.0	0.0
0.0	0.0	0.0	1.0	2.0	0.0
0.0	0.0	0.0	0.0	2.0	0.0
0.0	0.0	0.0	1.0	0.0	0.0
0.0	0.0	0.0	2.0	0.0	0.0
0.0	2.0	0.0	3.0	0.0	1.0
0.0	2.0	0.0	3.0	0.0	0.0
0.0	0.0	0.0	2.0	0.0	0.0
0.0	2.0	0.0	1.0	0.0	0.0
0.0	1.0	0.0	1.0	0.0	0.0
0.0	1.0	0.0	0.0	0.0	0.0
0.0	0.0	0.0	0.0	0.0	1.0
0.0	2.0	14.0	0.0	0.0	1.0
0.0	2.0	0.0	0.0	0.0	0.0
0.0	0.0	14.0	0.0	0.0	1.0
0.0	0.0	2.0	0.0	0.0	1.0
0.0	0.0	0.0	0.0	0.0	1.0
0.0	0.0	2.0	0.0	0.0	0.0
0.0	0.0	12.0	0.0	0.0	0.0
