# Sizes (NFeatures, Nclasses, NodeCount, MaxDepth)
10	4	171	12
# Classes
0.0	1.0	2.0	3.0
# Feature Names
Nrows	Ncols	Nnnz	AvgNnnz	Density	MaxRowNnnz	MinRowNnnz	StdRowNnnz	NDiags	NTrueDiags
# Left
1	2	3	4	-1	6	7	-1	9	-1	-1	12	-1	14	15	16	-1	-1	-1	-1	21	22	23	-1	25	26	-1	-1	-1	30	-1	32	-1	-1	-1	36	37	38	-1	40	-1	-1	43	44	45	46	-1	48	49	-1	-1	-1	53	-1	55	56	-1	58	59	-1	-1	-1	-1	64	-1	-1	67	-1	69	70	71	72	-1	-1	75	76	-1	-1	-1	80	-1	82	83	-1	-1	-1	87	88	-1	-1	91	92	-1	-1	-1	96	97	-1	99	100	101	-1	-1	104	-1	106	-1	-1	109	-1	-1	112	113	114	115	116	-1	118	119	120	-1	-1	-1	124	-1	126	-1	-1	129	-1	-1	-1	133	-1	-1	136	-1	138	-1	-1	141	142	-1	144	-1	-1	147	148	149	150	-1	152	153	-1	-1	-1	157	-1	-1	-1	161	162	-1	-1	165	-1	167	168	-1	-1	-1
# Right
140	35	20	5	-1	11	8	-1	10	-1	-1	13	-1	19	18	17	-1	-1	-1	-1	34	29	24	-1	28	27	-1	-1	-1	31	-1	33	-1	-1	-1	95	42	39	-1	41	-1	-1	66	63	52	47	-1	51	50	-1	-1	-1	54	-1	62	57	-1	61	60	-1	-1	-1	-1	65	-1	-1	68	-1	86	79	74	73	-1	-1	78	77	-1	-1	-1	81	-1	85	84	-1	-1	-1	90	89	-1	-1	94	93	-1	-1	-1	111	98	-1	108	103	102	-1	-1	105	-1	107	-1	-1	110	-1	-1	135	132	131	128	117	-1	123	122	121	-1	-1	-1	125	-1	127	-1	-1	130	-1	-1	-1	134	-1	-1	137	-1	139	-1	-1	146	143	-1	145	-1	-1	160	159	156	151	-1	155	154	-1	-1	-1	158	-1	-1	-1	164	163	-1	-1	166	-1	170	169	-1	-1	-1
# Threshold
1365.5	28.5	10.0	107.0	-2.0	4.989799976348877	3.5	-2.0	1400.0	-2.0	-2.0	4.99978494644165	-2.0	6.335510015487671	0.0030832199845463037	25958.0	-2.0	-2.0	-2.0	-2.0	6.913860082626343	3265.0	3.7637699842453003	-2.0	5.857145071029663	596.0	-2.0	-2.0	-2.0	0.21786199510097504	-2.0	1.5985915069904877e-05	-2.0	-2.0	-2.0	76178.5	163.5	1.4846500158309937	-2.0	11.5	-2.0	-2.0	78130.0	34.17514991760254	436.0	418.0	-2.0	4737.0	316.0	-2.0	-2.0	-2.0	15.97760009765625	-2.0	4697.0	1298.0	-2.0	30.77715015411377	2911.0	-2.0	-2.0	-2.0	-2.0	54671.0	-2.0	-2.0	2.3854799270629883	-2.0	224.0	39400.0	4242.0	4053.5	-2.0	-2.0	3.8864749670028687	0.000169778497365769	-2.0	-2.0	-2.0	3.7963000535964966	-2.0	13.0	0.5	-2.0	-2.0	-2.0	15.396700382232666	836.5	-2.0	-2.0	300.0	286.5	-2.0	-2.0	-2.0	5.208975076675415	5173.5	-2.0	2.570830019976711e-05	0.26324399933218956	3.49862003326416	-2.0	-2.0	1242150.0	-2.0	92807.0	-2.0	-2.0	2.9807300567626953	-2.0	-2.0	514571.5	419.0	504240.0	394168.5	5.4403300285339355	-2.0	93378.0	16.5	8.099614933598787e-05	-2.0	-2.0	-2.0	7572700.0	-2.0	34.759050369262695	-2.0	-2.0	2.893389940261841	-2.0	-2.0	-2.0	0.00021371500042732805	-2.0	-2.0	819395.0	-2.0	909029.0	-2.0	-2.0	9629.5	62.66600227355957	-2.0	3105.5	-2.0	-2.0	3.5	0.03404094930738211	45.43669891357422	12506.0	-2.0	20.884300231933594	6.0762098655686714e-05	-2.0	-2.0	-2.0	269.47745513916016	-2.0	-2.0	-2.0	29.246000289916992	0.0001787985020200722	-2.0	-2.0	5276.5	-2.0	14440.0	224197.0	-2.0	-2.0	-2.0
# Feature
5	8	8	2	-2	3	6	-2	0	-2	-2	3	-2	3	4	2	-2	-2	-2	-2	3	2	3	-2	3	0	-2	-2	-2	7	-2	4	-2	-2	-2	1	2	7	-2	9	-2	-2	2	7	1	1	-2	2	8	-2	-2	-2	7	-2	0	5	-2	7	8	-2	-2	-2	-2	2	-2	-2	3	-2	5	0	1	0	-2	-2	3	4	-2	-2	-2	3	-2	6	6	-2	-2	-2	3	5	-2	-2	5	5	-2	-2	-2	3	8	-2	4	7	3	-2	-2	1	-2	8	-2	-2	7	-2	-2	1	5	1	8	3	-2	0	6	4	-2	-2	-2	2	-2	3	-2	-2	7	-2	-2	-2	4	-2	-2	8	-2	8	-2	-2	8	7	-2	1	-2	-2	9	4	3	1	-2	7	4	-2	-2	-2	3	-2	-2	-2	7	4	-2	-2	5	-2	8	2	-2	-2	-2
# Values
245.0	1258.0	105.0	31.0
99.0	1177.0	105.0	31.0
1.0	41.0	96.0	1.0
0.0	15.0	76.0	0.0
0.0	6.0	0.0	0.0
0.0	9.0	76.0	0.0
0.0	2.0	53.0	0.0
0.0	0.0	39.0	0.0
0.0	2.0	14.0	0.0
0.0	2.0	4.0	0.0
0.0	0.0	10.0	0.0
0.0	7.0	23.0	0.0
0.0	3.0	0.0	0.0
0.0	4.0	23.0	0.0
0.0	4.0	8.0	0.0
0.0	4.0	3.0	0.0
0.0	4.0	0.0	0.0
0.0	0.0	3.0	0.0
0.0	0.0	5.0	0.0
0.0	0.0	15.0	0.0
1.0	26.0	20.0	1.0
1.0	26.0	12.0	1.0
0.0	6.0	12.0	0.0
0.0	4.0	0.0	0.0
0.0	2.0	12.0	0.0
0.0	1.0	12.0	0.0
0.0	0.0	10.0	0.0
0.0	1.0	2.0	0.0
0.0	1.0	0.0	0.0
1.0	20.0	0.0	1.0
1.0	0.0	0.0	0.0
0.0	20.0	0.0	1.0
0.0	0.0	0.0	1.0
0.0	20.0	0.0	0.0
0.0	0.0	8.0	0.0
98.0	1136.0	9.0	30.0
23.0	1022.0	9.0	8.0
0.0	6.0	6.0	0.0
0.0	4.0	0.0	0.0
0.0	2.0	6.0	0.0
0.0	1.0	6.0	0.0
0.0	1.0	0.0	0.0
23.0	1016.0	3.0	8.0
2.0	701.0	3.0	1.0
1.0	693.0	3.0	1.0
0.0	170.0	3.0	0.0
0.0	133.0	0.0	0.0
0.0	37.0	3.0	0.0
0.0	36.0	2.0	0.0
0.0	35.0	2.0	0.0
0.0	1.0	0.0	0.0
0.0	1.0	1.0	0.0
1.0	523.0	0.0	1.0
0.0	402.0	0.0	0.0
1.0	121.0	0.0	1.0
0.0	117.0	0.0	1.0
0.0	47.0	0.0	0.0
0.0	70.0	0.0	1.0
0.0	59.0	0.0	1.0
0.0	1.0	0.0	0.0
0.0	58.0	0.0	1.0
0.0	11.0	0.0	0.0
1.0	4.0	0.0	0.0
1.0	8.0	0.0	0.0
0.0	8.0	0.0	0.0
1.0	0.0	0.0	0.0
21.0	315.0	0.0	7.0
3.0	0.0	0.0	0.0
18.0	315.0	0.0	7.0
4.0	266.0	0.0	6.0
1.0	214.0	0.0	2.0
0.0	15.0	0.0	2.0
0.0	15.0	0.0	0.0
0.0	0.0	0.0	2.0
1.0	199.0	0.0	0.0
1.0	8.0	0.0	0.0
0.0	8.0	0.0	0.0
1.0	0.0	0.0	0.0
0.0	191.0	0.0	0.0
3.0	52.0	0.0	4.0
3.0	1.0	0.0	0.0
0.0	51.0	0.0	4.0
0.0	50.0	0.0	1.0
0.0	4.0	0.0	1.0
0.0	46.0	0.0	0.0
0.0	1.0	0.0	3.0
14.0	49.0	0.0	1.0
14.0	4.0	0.0	0.0
13.0	0.0	0.0	0.0
1.0	4.0	0.0	0.0
0.0	45.0	0.0	1.0
0.0	6.0	0.0	1.0
0.0	6.0	0.0	0.0
0.0	0.0	0.0	1.0
0.0	39.0	0.0	0.0
75.0	114.0	0.0	22.0
61.0	15.0	0.0	0.0
0.0	7.0	0.0	0.0
61.0	8.0	0.0	0.0
56.0	4.0	0.0	0.0
9.0	3.0	0.0	0.0
8.0	0.0	0.0	0.0
1.0	3.0	0.0	0.0
47.0	1.0	0.0	0.0
33.0	0.0	0.0	0.0
14.0	1.0	0.0	0.0
0.0	1.0	0.0	0.0
14.0	0.0	0.0	0.0
5.0	4.0	0.0	0.0
0.0	3.0	0.0	0.0
5.0	1.0	0.0	0.0
14.0	99.0	0.0	22.0
13.0	54.0	0.0	22.0
5.0	54.0	0.0	17.0
5.0	54.0	0.0	10.0
0.0	53.0	0.0	10.0
0.0	0.0	0.0	3.0
0.0	53.0	0.0	7.0
0.0	6.0	0.0	6.0
0.0	2.0	0.0	6.0
0.0	2.0	0.0	0.0
0.0	0.0	0.0	6.0
0.0	4.0	0.0	0.0
0.0	47.0	0.0	1.0
0.0	35.0	0.0	0.0
0.0	12.0	0.0	1.0
0.0	0.0	0.0	1.0
0.0	12.0	0.0	0.0
5.0	1.0	0.0	0.0
0.0	1.0	0.0	0.0
5.0	0.0	0.0	0.0
0.0	0.0	0.0	7.0
8.0	0.0	0.0	5.0
8.0	0.0	0.0	0.0
0.0	0.0	0.0	5.0
1.0	45.0	0.0	0.0
0.0	30.0	0.0	0.0
1.0	15.0	0.0	0.0
1.0	0.0	0.0	0.0
0.0	15.0	0.0	0.0
146.0	81.0	0.0	0.0
5.0	32.0	0.0	0.0
0.0	28.0	0.0	0.0
5.0	4.0	0.0	0.0
5.0	0.0	0.0	0.0
0.0	4.0	0.0	0.0
141.0	49.0	0.0	0.0
110.0	15.0	0.0	0.0
110.0	12.0	0.0	0.0
101.0	5.0	0.0	0.0
7.0	3.0	0.0	0.0
94.0	2.0	0.0	0.0
10.0	2.0	0.0	0.0
0.0	2.0	0.0	0.0
10.0	0.0	0.0	0.0
84.0	0.0	0.0	0.0
9.0	7.0	0.0	0.0
2.0	7.0	0.0	0.0
7.0	0.0	0.0	0.0
0.0	3.0	0.0	0.0
31.0	34.0	0.0	0.0
1.0	24.0	0.0	0.0
1.0	2.0	0.0	0.0
0.0	22.0	0.0	0.0
30.0	10.0	0.0	0.0
0.0	6.0	0.0	0.0
30.0	4.0	0.0	0.0
7.0	4.0	0.0	0.0
7.0	0.0	0.0	0.0
0.0	4.0	0.0	0.0
23.0	0.0	0.0	0.0
