# Sizes (NFeatures, Nclasses, NodeCount, MaxDepth)
14	3	121	13
# Classes
0.0	1.0	2.0
# Feature Names
Nrows	Ncols	Nnnz	AvgNnnz	Density	MaxRowNnnz	MinRowNnnz	StdRowNnnz	NDiags	NTrueDiags	AvgNnnzDia	AvgNnnzELL	AvgNnnzHyb	AvgNnnzHdc
# Left
1	2	3	4	-1	-1	-1	8	-1	10	-1	12	-1	-1	15	16	17	18	-1	20	-1	22	23	24	25	26	-1	28	-1	-1	-1	-1	-1	34	35	36	-1	-1	-1	40	41	42	-1	44	-1	46	-1	-1	-1	-1	51	-1	53	-1	55	56	-1	-1	59	-1	-1	62	63	64	-1	66	67	68	69	-1	-1	-1	-1	74	75	-1	-1	78	-1	80	81	-1	83	-1	-1	86	-1	-1	89	-1	-1	92	93	94	95	-1	-1	-1	99	-1	101	-1	103	-1	-1	106	-1	-1	109	110	-1	-1	113	114	-1	116	-1	-1	119	-1	-1
# Right
14	7	6	5	-1	-1	-1	9	-1	11	-1	13	-1	-1	108	61	50	19	-1	21	-1	33	32	31	30	27	-1	29	-1	-1	-1	-1	-1	39	38	37	-1	-1	-1	49	48	43	-1	45	-1	47	-1	-1	-1	-1	52	-1	54	-1	58	57	-1	-1	60	-1	-1	91	88	65	-1	73	72	71	70	-1	-1	-1	-1	77	76	-1	-1	79	-1	85	82	-1	84	-1	-1	87	-1	-1	90	-1	-1	105	98	97	96	-1	-1	-1	100	-1	102	-1	104	-1	-1	107	-1	-1	112	111	-1	-1	118	115	-1	117	-1	-1	120	-1	-1
# Threshold
2.429520010948181	0.002156705013476312	6.66078519821167	1.5	-2.0	-2.0	-2.0	4.0	-2.0	0.31909650564193726	-2.0	0.5120370090007782	-2.0	-2.0	0.723827987909317	1.5	0.03524844907224178	4518.5	-2.0	4555.5	-2.0	5.130509853363037	4.855309963226318	1425.5	67676.5	26226.0	-2.0	3.0	-2.0	-2.0	-2.0	-2.0	-2.0	0.9918015003204346	43781.5	4832.0	-2.0	-2.0	-2.0	3342365.0	19158.0	6183.5	-2.0	5.015340209007263	-2.0	0.2411380037665367	-2.0	-2.0	-2.0	-2.0	0.9402960240840912	-2.0	27.5	-2.0	6.65301513671875	0.03582515101879835	-2.0	-2.0	6.665215015411377	-2.0	-2.0	0.0015525449998676777	0.0014070550096221268	2.863460063934326	-2.0	1.585034966468811	1.340030014514923	0.26086699962615967	2380700.0	-2.0	-2.0	-2.0	-2.0	6235.5	11.362755417823792	-2.0	-2.0	33120.0	-2.0	16.5	45096700.0	-2.0	23.08946943283081	-2.0	-2.0	356.0	-2.0	-2.0	25.952749729156494	-2.0	-2.0	0.6697185039520264	0.03784255124628544	2.5630149841308594	0.7042795121669769	-2.0	-2.0	-2.0	0.03891110047698021	-2.0	639.5	-2.0	0.3316414952278137	-2.0	-2.0	146.5	-2.0	-2.0	4.914685010910034	12.5	-2.0	-2.0	48.78810119628906	0.08303869888186455	-2.0	106398.0	-2.0	-2.0	0.8063225150108337	-2.0	-2.0
# Feature
3	4	7	6	-2	-2	-2	8	-2	11	-2	11	-2	-2	13	9	4	8	-2	8	-2	3	3	5	2	2	-2	6	-2	-2	-2	-2	-2	12	2	1	-2	-2	-2	2	0	1	-2	7	-2	11	-2	-2	-2	-2	12	-2	6	-2	7	10	-2	-2	7	-2	-2	10	10	3	-2	7	7	11	0	-2	-2	-2	-2	1	7	-2	-2	2	-2	6	2	-2	7	-2	-2	5	-2	-2	7	-2	-2	13	4	3	7	-2	-2	-2	4	-2	8	-2	13	-2	-2	5	-2	-2	3	5	-2	-2	3	11	-2	8	-2	-2	11	-2	-2
# Values
109.0	1472.0	56.0
47.0	26.0	0.0
41.0	6.0	0.0
41.0	1.0	0.0
41.0	0.0	0.0
0.0	1.0	0.0
0.0	5.0	0.0
6.0	20.0	0.0
4.0	0.0	0.0
2.0	20.0	0.0
0.0	15.0	0.0
2.0	5.0	0.0
2.0	0.0	0.0
0.0	5.0	0.0
62.0	1446.0	56.0
24.0	1398.0	44.0
11.0	233.0	27.0
11.0	211.0	16.0
0.0	102.0	0.0
11.0	109.0	16.0
0.0	0.0	7.0
11.0	109.0	9.0
11.0	21.0	0.0
5.0	21.0	0.0
3.0	21.0	0.0
3.0	10.0	0.0
0.0	9.0	0.0
3.0	1.0	0.0
3.0	0.0	0.0
0.0	1.0	0.0
0.0	11.0	0.0
2.0	0.0	0.0
6.0	0.0	0.0
0.0	88.0	9.0
0.0	69.0	1.0
0.0	3.0	1.0
0.0	3.0	0.0
0.0	0.0	1.0
0.0	66.0	0.0
0.0	19.0	8.0
0.0	19.0	5.0
0.0	5.0	5.0
0.0	3.0	0.0
0.0	2.0	5.0
0.0	1.0	0.0
0.0	1.0	5.0
0.0	1.0	0.0
0.0	0.0	5.0
0.0	14.0	0.0
0.0	0.0	3.0
0.0	22.0	11.0
0.0	0.0	6.0
0.0	22.0	5.0
0.0	17.0	0.0
0.0	5.0	5.0
0.0	1.0	4.0
0.0	0.0	4.0
0.0	1.0	0.0
0.0	4.0	1.0
0.0	2.0	0.0
0.0	2.0	1.0
13.0	1165.0	17.0
12.0	261.0	11.0
12.0	259.0	6.0
2.0	0.0	0.0
10.0	259.0	6.0
9.0	40.0	0.0
1.0	40.0	0.0
1.0	2.0	0.0
1.0	0.0	0.0
0.0	2.0	0.0
0.0	38.0	0.0
8.0	0.0	0.0
1.0	219.0	6.0
0.0	3.0	3.0
0.0	3.0	0.0
0.0	0.0	3.0
1.0	216.0	3.0
1.0	0.0	0.0
0.0	216.0	3.0
0.0	208.0	1.0
0.0	203.0	0.0
0.0	5.0	1.0
0.0	0.0	1.0
0.0	5.0	0.0
0.0	8.0	2.0
0.0	8.0	0.0
0.0	0.0	2.0
0.0	2.0	5.0
0.0	2.0	0.0
0.0	0.0	5.0
1.0	904.0	6.0
1.0	882.0	4.0
1.0	780.0	0.0
1.0	12.0	0.0
0.0	12.0	0.0
1.0	0.0	0.0
0.0	768.0	0.0
0.0	102.0	4.0
0.0	0.0	2.0
0.0	102.0	2.0
0.0	98.0	0.0
0.0	4.0	2.0
0.0	4.0	0.0
0.0	0.0	2.0
0.0	22.0	2.0
0.0	22.0	0.0
0.0	0.0	2.0
38.0	48.0	12.0
38.0	3.0	0.0
0.0	3.0	0.0
38.0	0.0	0.0
0.0	45.0	12.0
0.0	43.0	3.0
0.0	0.0	2.0
0.0	43.0	1.0
0.0	43.0	0.0
0.0	0.0	1.0
0.0	2.0	9.0
0.0	0.0	9.0
0.0	2.0	0.0
