# Sizes (NFeatures, Nclasses, NodeCount, MaxDepth)
14	3	117	12
# Classes
0.0	1.0	2.0
# Feature Names
Nrows	Ncols	Nnnz	AvgNnnz	Density	MaxRowNnnz	MinRowNnnz	StdRowNnnz	NDiags	NTrueDiags	AvgNnnzDia	AvgNnnzELL	AvgNnnzHyb	AvgNnnzHdc
# Left
1	2	3	4	-1	-1	7	-1	-1	10	-1	-1	13	14	15	16	17	18	-1	20	-1	22	-1	-1	-1	26	-1	28	-1	30	31	32	-1	34	35	-1	-1	-1	-1	40	41	-1	-1	-1	45	-1	47	48	-1	-1	51	-1	53	-1	-1	56	57	-1	59	-1	-1	62	63	64	-1	-1	-1	68	69	-1	71	-1	-1	74	75	-1	-1	78	79	-1	-1	82	83	84	-1	86	-1	-1	89	-1	-1	-1	93	94	-1	96	-1	-1	99	100	101	-1	103	104	105	-1	-1	-1	-1	110	-1	-1	113	114	-1	-1	-1
# Right
12	9	6	5	-1	-1	8	-1	-1	11	-1	-1	92	55	44	25	24	19	-1	21	-1	23	-1	-1	-1	27	-1	29	-1	39	38	33	-1	37	36	-1	-1	-1	-1	43	42	-1	-1	-1	46	-1	50	49	-1	-1	52	-1	54	-1	-1	61	58	-1	60	-1	-1	67	66	65	-1	-1	-1	73	70	-1	72	-1	-1	77	76	-1	-1	81	80	-1	-1	91	88	85	-1	87	-1	-1	90	-1	-1	-1	98	95	-1	97	-1	-1	112	109	102	-1	108	107	106	-1	-1	-1	-1	111	-1	-1	116	115	-1	-1	-1
# Threshold
2.4670050144195557	0.00034233249607495964	0.784142017364502	1.8332000374794006	-2.0	-2.0	1.5	-2.0	-2.0	1.136110007762909	-2.0	-2.0	0.5824824869632721	1.5	0.03508614934980869	5.110785007476807	4.855309963226318	26226.0	-2.0	0.00017010950250551105	-2.0	0.6975715011358261	-2.0	-2.0	-2.0	0.10339310020208359	-2.0	0.13055399805307388	-2.0	28.54159927368164	232052.5	3807.0	-2.0	56609.0	0.003015831403899938	-2.0	-2.0	-2.0	-2.0	43.776649475097656	54174.0	-2.0	-2.0	-2.0	0.9402960240840912	-2.0	27.5	0.02118799928575754	-2.0	-2.0	0.7056105136871338	-2.0	0.03570785094052553	-2.0	-2.0	2.830680012702942	246.5	-2.0	1.345674991607666	-2.0	-2.0	0.0003841500001726672	1.8058699369430542	1.336210012435913	-2.0	-2.0	-2.0	81.5	10180.5	-2.0	8668.0	-2.0	-2.0	82.5	594.5	-2.0	-2.0	3.8431148529052734	5.0	-2.0	-2.0	3.5	14.736649990081787	0.053735049441456795	-2.0	10117.5	-2.0	-2.0	1.5	-2.0	-2.0	-2.0	4.988509893417358	13.5	-2.0	0.8881505131721497	-2.0	-2.0	63.94565010070801	0.9377110004425049	16.99820041656494	-2.0	37.8095006942749	339306.0	248646.0	-2.0	-2.0	-2.0	-2.0	16.508984804153442	-2.0	-2.0	0.9032259881496429	0.6822749972343445	-2.0	-2.0	-2.0
# Feature
3	4	12	3	-2	-2	6	-2	-2	3	-2	-2	13	9	4	3	3	2	-2	10	-2	11	-2	-2	-2	11	-2	11	-2	3	1	8	-2	2	10	-2	-2	-2	-2	7	1	-2	-2	-2	12	-2	6	10	-2	-2	11	-2	10	-2	-2	3	8	-2	12	-2	-2	10	7	7	-2	-2	-2	5	8	-2	0	-2	-2	5	8	-2	-2	7	6	-2	-2	9	3	11	-2	2	-2	-2	6	-2	-2	-2	3	5	-2	12	-2	-2	7	11	7	-2	3	2	2	-2	-2	-2	-2	3	-2	-2	12	13	-2	-2	-2
# Values
105.0	1474.0	58.0
46.0	25.0	0.0
36.0	7.0	0.0
2.0	6.0	0.0
2.0	0.0	0.0
0.0	6.0	0.0
34.0	1.0	0.0
34.0	0.0	0.0
0.0	1.0	0.0
10.0	18.0	0.0
10.0	0.0	0.0
0.0	18.0	0.0
59.0	1449.0	58.0
33.0	1322.0	29.0
16.0	223.0	25.0
16.0	205.0	13.0
16.0	46.0	0.0
9.0	46.0	0.0
0.0	31.0	0.0
9.0	15.0	0.0
0.0	14.0	0.0
9.0	1.0	0.0
9.0	0.0	0.0
0.0	1.0	0.0
7.0	0.0	0.0
0.0	159.0	13.0
0.0	95.0	0.0
0.0	64.0	13.0
0.0	0.0	5.0
0.0	64.0	8.0
0.0	57.0	3.0
0.0	57.0	2.0
0.0	34.0	0.0
0.0	23.0	2.0
0.0	2.0	2.0
0.0	0.0	1.0
0.0	2.0	1.0
0.0	21.0	0.0
0.0	0.0	1.0
0.0	7.0	5.0
0.0	1.0	5.0
0.0	0.0	5.0
0.0	1.0	0.0
0.0	6.0	0.0
0.0	18.0	12.0
0.0	0.0	7.0
0.0	18.0	5.0
0.0	16.0	1.0
0.0	0.0	1.0
0.0	16.0	0.0
0.0	2.0	4.0
0.0	0.0	3.0
0.0	2.0	1.0
0.0	1.0	1.0
0.0	1.0	0.0
17.0	1099.0	4.0
5.0	9.0	0.0
0.0	8.0	0.0
5.0	1.0	0.0
0.0	1.0	0.0
5.0	0.0	0.0
12.0	1090.0	4.0
11.0	155.0	0.0
11.0	32.0	0.0
0.0	32.0	0.0
11.0	0.0	0.0
0.0	123.0	0.0
1.0	935.0	4.0
1.0	626.0	0.0
0.0	598.0	0.0
1.0	28.0	0.0
1.0	0.0	0.0
0.0	28.0	0.0
0.0	309.0	4.0
0.0	2.0	1.0
0.0	2.0	0.0
0.0	0.0	1.0
0.0	307.0	3.0
0.0	1.0	1.0
0.0	1.0	0.0
0.0	0.0	1.0
0.0	306.0	2.0
0.0	94.0	2.0
0.0	92.0	1.0
0.0	89.0	0.0
0.0	3.0	1.0
0.0	3.0	0.0
0.0	0.0	1.0
0.0	2.0	1.0
0.0	2.0	0.0
0.0	0.0	1.0
0.0	212.0	0.0
26.0	127.0	29.0
26.0	12.0	0.0
0.0	10.0	0.0
26.0	2.0	0.0
0.0	2.0	0.0
26.0	0.0	0.0
0.0	115.0	29.0
0.0	108.0	12.0
0.0	106.0	8.0
0.0	88.0	0.0
0.0	18.0	8.0
0.0	18.0	2.0
0.0	2.0	2.0
0.0	2.0	0.0
0.0	0.0	2.0
0.0	16.0	0.0
0.0	0.0	6.0
0.0	2.0	4.0
0.0	2.0	0.0
0.0	0.0	4.0
0.0	7.0	17.0
0.0	7.0	2.0
0.0	7.0	0.0
0.0	0.0	2.0
0.0	0.0	15.0
