# Sizes (NFeatures, Nclasses, NodeCount, MaxDepth)
14	3	129	12
# Classes
0.0	1.0	2.0
# Feature Names
Nrows	Ncols	Nnnz	AvgNnnz	Density	MaxRowNnnz	MinRowNnnz	StdRowNnnz	NDiags	NTrueDiags	AvgNnnzDia	AvgNnnzELL	AvgNnnzHyb	AvgNnnzHdc
# Left
1	2	-1	4	-1	6	-1	8	-1	10	-1	-1	13	14	15	16	17	18	19	20	-1	22	23	-1	-1	-1	-1	-1	29	30	-1	-1	33	34	35	-1	37	-1	-1	40	-1	-1	43	44	-1	46	-1	-1	49	50	-1	52	-1	-1	-1	56	57	-1	-1	-1	-1	62	63	64	-1	-1	67	68	-1	-1	71	72	73	74	75	76	-1	-1	-1	-1	-1	82	-1	84	-1	-1	87	88	89	-1	91	-1	-1	94	-1	-1	97	98	-1	-1	-1	102	103	104	-1	-1	-1	108	-1	-1	111	112	-1	-1	115	116	117	118	-1	-1	121	-1	123	-1	-1	126	-1	-1	-1
# Right
12	3	-1	5	-1	7	-1	9	-1	11	-1	-1	110	61	60	55	28	27	26	21	-1	25	24	-1	-1	-1	-1	-1	32	31	-1	-1	42	39	36	-1	38	-1	-1	41	-1	-1	48	45	-1	47	-1	-1	54	51	-1	53	-1	-1	-1	59	58	-1	-1	-1	-1	101	66	65	-1	-1	70	69	-1	-1	86	81	80	79	78	77	-1	-1	-1	-1	-1	83	-1	85	-1	-1	96	93	90	-1	92	-1	-1	95	-1	-1	100	99	-1	-1	-1	107	106	105	-1	-1	-1	109	-1	-1	114	113	-1	-1	128	125	120	119	-1	-1	122	-1	124	-1	-1	127	-1	-1	-1
# Threshold
2.429520010948181	0.00010939249841612764	-2.0	1.5	-2.0	1.5	-2.0	1.184119999408722	-2.0	1.0555500090122223	-2.0	-2.0	0.723827987909317	1.5	0.12518249824643135	28.5	5.0578649044036865	4.855309963226318	0.5	80.5	-2.0	38.03635025024414	0.5342375040054321	-2.0	-2.0	-2.0	-2.0	-2.0	0.09112174808979034	0.03181494865566492	-2.0	-2.0	8.295965194702148	98244.0	1.6941200494766235	-2.0	0.005266139982268214	-2.0	-2.0	80000.0	-2.0	-2.0	0.385470986366272	121.69400405883789	-2.0	1183.5549926757812	-2.0	-2.0	23120.0	0.45406000316143036	-2.0	6332.5	-2.0	-2.0	-2.0	0.6898199915885925	1559.0	-2.0	-2.0	-2.0	-2.0	0.6336844861507416	2.830680012702942	0.5095315128564835	-2.0	-2.0	5.43924488738412e-06	4.878224899584893e-06	-2.0	-2.0	8.5	0.0012735999771393836	0.00125020497944206	1.7316150069236755	15.0	51567.0	-2.0	-2.0	-2.0	-2.0	-2.0	0.09855660051107407	-2.0	0.10979850217700005	-2.0	-2.0	0.19042199850082397	0.17745500057935715	122.74449920654297	-2.0	5447065.0	-2.0	-2.0	0.3226044923067093	-2.0	-2.0	15126.0	13622.0	-2.0	-2.0	-2.0	49.06925010681152	0.07339425012469292	0.03773790400009602	-2.0	-2.0	-2.0	0.794464498758316	-2.0	-2.0	5.213084936141968	12.5	-2.0	-2.0	75026.0	55.88895034790039	0.08303869888186455	13.378299713134766	-2.0	-2.0	48.78810119628906	-2.0	16.082250118255615	-2.0	-2.0	1228426.5	-2.0	-2.0	-2.0
# Feature
3	4	-2	8	-2	5	-2	12	-2	7	-2	-2	13	9	4	6	3	3	6	5	-2	7	13	-2	-2	-2	-2	-2	11	10	-2	-2	7	8	12	-2	10	-2	-2	1	-2	-2	13	3	-2	3	-2	-2	1	13	-2	0	-2	-2	-2	11	8	-2	-2	-2	-2	13	3	13	-2	-2	10	10	-2	-2	6	10	10	7	5	2	-2	-2	-2	-2	-2	4	-2	4	-2	-2	11	11	7	-2	2	-2	-2	13	-2	-2	2	2	-2	-2	-2	7	11	11	-2	-2	-2	12	-2	-2	3	5	-2	-2	8	3	11	3	-2	-2	3	-2	7	-2	-2	0	-2	-2	-2
# Values
98.0	1480.0	59.0
40.0	21.0	1.0
26.0	0.0	0.0
14.0	21.0	1.0
13.0	0.0	0.0
1.0	21.0	1.0
0.0	0.0	1.0
1.0	21.0	0.0
0.0	18.0	0.0
1.0	3.0	0.0
0.0	3.0	0.0
1.0	0.0	0.0
58.0	1459.0	58.0
24.0	1405.0	41.0
13.0	220.0	23.0
13.0	220.0	19.0
13.0	218.0	15.0
13.0	58.0	0.0
5.0	58.0	0.0
5.0	13.0	0.0
0.0	9.0	0.0
5.0	4.0	0.0
5.0	1.0	0.0
5.0	0.0	0.0
0.0	1.0	0.0
0.0	3.0	0.0
0.0	45.0	0.0
8.0	0.0	0.0
0.0	160.0	15.0
0.0	92.0	1.0
0.0	92.0	0.0
0.0	0.0	1.0
0.0	68.0	14.0
0.0	48.0	3.0
0.0	46.0	1.0
0.0	38.0	0.0
0.0	8.0	1.0
0.0	2.0	1.0
0.0	6.0	0.0
0.0	2.0	2.0
0.0	0.0	2.0
0.0	2.0	0.0
0.0	20.0	11.0
0.0	16.0	2.0
0.0	15.0	0.0
0.0	1.0	2.0
0.0	0.0	2.0
0.0	1.0	0.0
0.0	4.0	9.0
0.0	2.0	9.0
0.0	0.0	8.0
0.0	2.0	1.0
0.0	2.0	0.0
0.0	0.0	1.0
0.0	2.0	0.0
0.0	2.0	4.0
0.0	1.0	4.0
0.0	1.0	1.0
0.0	0.0	3.0
0.0	1.0	0.0
0.0	0.0	4.0
11.0	1185.0	18.0
11.0	1122.0	7.0
4.0	8.0	0.0
0.0	8.0	0.0
4.0	0.0	0.0
7.0	1114.0	7.0
3.0	21.0	0.0
0.0	21.0	0.0
3.0	0.0	0.0
4.0	1093.0	7.0
4.0	917.0	2.0
4.0	203.0	1.0
4.0	203.0	0.0
4.0	18.0	0.0
1.0	18.0	0.0
1.0	0.0	0.0
0.0	18.0	0.0
3.0	0.0	0.0
0.0	185.0	0.0
0.0	0.0	1.0
0.0	714.0	1.0
0.0	684.0	0.0
0.0	30.0	1.0
0.0	0.0	1.0
0.0	30.0	0.0
0.0	176.0	5.0
0.0	29.0	4.0
0.0	28.0	1.0
0.0	26.0	0.0
0.0	2.0	1.0
0.0	0.0	1.0
0.0	2.0	0.0
0.0	1.0	3.0
0.0	1.0	0.0
0.0	0.0	3.0
0.0	147.0	1.0
0.0	8.0	1.0
0.0	8.0	0.0
0.0	0.0	1.0
0.0	139.0	0.0
0.0	63.0	11.0
0.0	61.0	3.0
0.0	4.0	3.0
0.0	4.0	0.0
0.0	0.0	3.0
0.0	57.0	0.0
0.0	2.0	8.0
0.0	2.0	0.0
0.0	0.0	8.0
34.0	54.0	17.0
34.0	2.0	0.0
0.0	2.0	0.0
34.0	0.0	0.0
0.0	52.0	17.0
0.0	52.0	9.0
0.0	50.0	3.0
0.0	2.0	2.0
0.0	0.0	2.0
0.0	2.0	0.0
0.0	48.0	1.0
0.0	41.0	0.0
0.0	7.0	1.0
0.0	7.0	0.0
0.0	0.0	1.0
0.0	2.0	6.0
0.0	0.0	6.0
0.0	2.0	0.0
0.0	0.0	8.0
