# Sizes (NFeatures, Nclasses, NodeCount, MaxDepth)
14	3	113	12
# Classes
0.0	1.0	2.0
# Feature Names
Nrows	Ncols	Nnnz	AvgNnnz	Density	MaxRowNnnz	MinRowNnnz	StdRowNnnz	NDiags	NTrueDiags	AvgNnnzDia	AvgNnnzELL	AvgNnnzHyb	AvgNnnzHdc
# Left
1	2	3	4	-1	-1	7	-1	-1	10	-1	-1	13	14	15	16	-1	18	-1	20	21	-1	-1	-1	25	26	-1	-1	29	-1	31	-1	33	-1	-1	36	37	38	-1	40	-1	-1	43	-1	45	46	-1	-1	-1	50	51	52	53	-1	55	-1	57	-1	59	-1	-1	62	63	64	65	66	-1	-1	-1	70	71	-1	-1	-1	75	-1	-1	-1	79	-1	-1	82	83	84	85	-1	-1	-1	89	-1	91	-1	93	-1	-1	96	-1	-1	99	100	-1	-1	103	104	-1	106	107	-1	-1	110	-1	-1	-1
# Right
12	9	6	5	-1	-1	8	-1	-1	11	-1	-1	98	35	24	17	-1	19	-1	23	22	-1	-1	-1	28	27	-1	-1	30	-1	32	-1	34	-1	-1	49	42	39	-1	41	-1	-1	44	-1	48	47	-1	-1	-1	81	78	61	54	-1	56	-1	58	-1	60	-1	-1	77	74	69	68	67	-1	-1	-1	73	72	-1	-1	-1	76	-1	-1	-1	80	-1	-1	95	88	87	86	-1	-1	-1	90	-1	92	-1	94	-1	-1	97	-1	-1	102	101	-1	-1	112	105	-1	109	108	-1	-1	111	-1	-1	-1
# Threshold
2.505239963531494	0.002235999912954867	5.964195013046265	2.5	-2.0	-2.0	1.826669991016388	-2.0	-2.0	1.5	-2.0	-2.0	0.7259339988231659	4518.5	0.0380194503813982	1898.5	-2.0	1906.5	-2.0	2829.5	2781.5	-2.0	-2.0	-2.0	0.10327814891934395	14.323450088500977	-2.0	-2.0	1241.5	-2.0	783.5	-2.0	0.7209430038928986	-2.0	-2.0	56609.0	7772.0	4555.5	-2.0	4.5	-2.0	-2.0	0.3388175070285797	-2.0	7.160979747772217	0.41752950847148895	-2.0	-2.0	-2.0	0.5374239981174469	54.5	1.5413399934768677	16.5	-2.0	1.336210012435913	-2.0	381408.0	-2.0	8.582884902352816e-06	-2.0	-2.0	1.5	0.0019517849432304502	4.5	3.5745949745178223	0.4490090012550354	-2.0	-2.0	-2.0	13.020450115203857	64907.5	-2.0	-2.0	-2.0	0.00490363989956677	-2.0	-2.0	-2.0	0.006700125057250261	-2.0	-2.0	50.49264907836914	5.0043251514434814	4.764465093612671	0.566628485918045	-2.0	-2.0	-2.0	0.5410224795341492	-2.0	45494150.0	-2.0	2.534508098506194e-05	-2.0	-2.0	149.4980010986328	-2.0	-2.0	0.00030754049657844007	38.0	-2.0	-2.0	59.933048248291016	3.264365077018738	-2.0	16.082250118255615	0.0006372304924298078	-2.0	-2.0	21.767650604248047	-2.0	-2.0	-2.0
# Feature
3	4	7	9	-2	-2	3	-2	-2	5	-2	-2	13	8	4	8	-2	8	-2	8	8	-2	-2	-2	11	7	-2	-2	8	-2	0	-2	11	-2	-2	2	8	8	-2	9	-2	-2	13	-2	3	13	-2	-2	-2	13	6	7	5	-2	7	-2	8	-2	4	-2	-2	9	10	6	3	13	-2	-2	-2	3	8	-2	-2	-2	10	-2	-2	-2	4	-2	-2	7	3	3	13	-2	-2	-2	13	-2	2	-2	10	-2	-2	7	-2	-2	10	5	-2	-2	3	3	-2	7	10	-2	-2	7	-2	-2	-2
# Values
104.0	1490.0	43.0
46.0	23.0	0.0
41.0	10.0	0.0
39.0	2.0	0.0
39.0	0.0	0.0
0.0	2.0	0.0
2.0	8.0	0.0
2.0	0.0	0.0
0.0	8.0	0.0
5.0	13.0	0.0
5.0	0.0	0.0
0.0	13.0	0.0
58.0	1467.0	43.0
25.0	1408.0	33.0
0.0	906.0	6.0
0.0	793.0	2.0
0.0	643.0	0.0
0.0	150.0	2.0
0.0	0.0	1.0
0.0	150.0	1.0
0.0	41.0	1.0
0.0	41.0	0.0
0.0	0.0	1.0
0.0	109.0	0.0
0.0	113.0	4.0
0.0	1.0	2.0
0.0	1.0	0.0
0.0	0.0	2.0
0.0	112.0	2.0
0.0	100.0	0.0
0.0	12.0	2.0
0.0	0.0	1.0
0.0	12.0	1.0
0.0	12.0	0.0
0.0	0.0	1.0
25.0	502.0	27.0
12.0	35.0	7.0
0.0	27.0	4.0
0.0	0.0	3.0
0.0	27.0	1.0
0.0	27.0	0.0
0.0	0.0	1.0
12.0	8.0	3.0
0.0	5.0	0.0
12.0	3.0	3.0
12.0	3.0	0.0
12.0	0.0	0.0
0.0	3.0	0.0
0.0	0.0	3.0
13.0	467.0	20.0
7.0	405.0	7.0
7.0	403.0	5.0
6.0	46.0	0.0
0.0	44.0	0.0
6.0	2.0	0.0
0.0	1.0	0.0
6.0	1.0	0.0
4.0	0.0	0.0
2.0	1.0	0.0
2.0	0.0	0.0
0.0	1.0	0.0
1.0	357.0	5.0
1.0	91.0	5.0
1.0	84.0	2.0
1.0	79.0	0.0
1.0	3.0	0.0
1.0	0.0	0.0
0.0	3.0	0.0
0.0	76.0	0.0
0.0	5.0	2.0
0.0	1.0	2.0
0.0	1.0	0.0
0.0	0.0	2.0
0.0	4.0	0.0
0.0	7.0	3.0
0.0	0.0	3.0
0.0	7.0	0.0
0.0	266.0	0.0
0.0	2.0	2.0
0.0	2.0	0.0
0.0	0.0	2.0
6.0	62.0	13.0
6.0	60.0	4.0
6.0	8.0	0.0
2.0	8.0	0.0
2.0	0.0	0.0
0.0	8.0	0.0
4.0	0.0	0.0
0.0	52.0	4.0
0.0	0.0	2.0
0.0	52.0	2.0
0.0	48.0	0.0
0.0	4.0	2.0
0.0	4.0	0.0
0.0	0.0	2.0
0.0	2.0	9.0
0.0	0.0	9.0
0.0	2.0	0.0
33.0	59.0	10.0
30.0	0.0	2.0
0.0	0.0	2.0
30.0	0.0	0.0
3.0	59.0	8.0
3.0	59.0	5.0
2.0	0.0	0.0
1.0	59.0	5.0
1.0	45.0	0.0
1.0	0.0	0.0
0.0	45.0	0.0
0.0	14.0	5.0
0.0	0.0	5.0
0.0	14.0	0.0
0.0	0.0	3.0
