# Sizes (NFeatures, Nclasses, NodeCount, MaxDepth)
10	4	279	13
# Classes
0.0	1.0	2.0	3.0
# Feature Names
Nrows	Ncols	Nnnz	AvgNnnz	Density	MaxRowNnnz	MinRowNnnz	StdRowNnnz	NDiags	NTrueDiags
# Left
1	2	3	4	5	6	-1	8	9	-1	-1	-1	13	-1	15	-1	-1	18	19	20	-1	22	-1	-1	25	-1	27	-1	-1	30	31	-1	33	-1	-1	-1	37	38	-1	40	41	42	-1	-1	-1	46	47	-1	49	-1	-1	52	53	54	-1	-1	-1	-1	-1	60	61	62	-1	64	-1	66	-1	-1	69	70	71	-1	-1	74	75	-1	-1	-1	-1	80	81	-1	83	-1	85	86	87	-1	89	90	-1	-1	93	94	-1	-1	-1	98	-1	-1	101	102	103	-1	-1	-1	107	-1	109	110	-1	-1	-1	114	115	116	117	118	119	-1	-1	-1	123	-1	-1	126	127	-1	-1	130	131	-1	133	134	-1	-1	137	-1	139	-1	-1	-1	143	144	145	-1	-1	148	149	-1	-1	152	153	-1	-1	156	157	-1	-1	-1	161	-1	-1	164	165	166	167	168	-1	170	-1	-1	173	-1	175	176	-1	-1	-1	-1	181	182	183	184	-1	186	-1	-1	-1	190	-1	192	-1	194	-1	196	-1	-1	-1	200	201	202	-1	-1	205	206	-1	-1	-1	210	-1	212	-1	-1	215	216	217	-1	-1	220	221	-1	-1	224	-1	-1	227	228	229	230	231	-1	233	-1	-1	236	237	238	239	-1	241	-1	-1	-1	-1	246	-1	-1	249	250	-1	252	253	-1	-1	-1	257	-1	-1	260	261	-1	-1	264	265	266	267	-1	269	-1	-1	272	-1	-1	-1	-1	277	-1	-1
# Right
214	59	36	17	12	7	-1	11	10	-1	-1	-1	14	-1	16	-1	-1	29	24	21	-1	23	-1	-1	26	-1	28	-1	-1	35	32	-1	34	-1	-1	-1	58	39	-1	45	44	43	-1	-1	-1	51	48	-1	50	-1	-1	57	56	55	-1	-1	-1	-1	-1	79	68	63	-1	65	-1	67	-1	-1	78	73	72	-1	-1	77	76	-1	-1	-1	-1	113	82	-1	84	-1	100	97	88	-1	92	91	-1	-1	96	95	-1	-1	-1	99	-1	-1	106	105	104	-1	-1	-1	108	-1	112	111	-1	-1	-1	163	142	125	122	121	120	-1	-1	-1	124	-1	-1	129	128	-1	-1	141	132	-1	136	135	-1	-1	138	-1	140	-1	-1	-1	160	147	146	-1	-1	151	150	-1	-1	155	154	-1	-1	159	158	-1	-1	-1	162	-1	-1	199	180	179	172	169	-1	171	-1	-1	174	-1	178	177	-1	-1	-1	-1	198	189	188	185	-1	187	-1	-1	-1	191	-1	193	-1	195	-1	197	-1	-1	-1	209	204	203	-1	-1	208	207	-1	-1	-1	211	-1	213	-1	-1	226	219	218	-1	-1	223	222	-1	-1	225	-1	-1	276	259	248	235	232	-1	234	-1	-1	245	244	243	240	-1	242	-1	-1	-1	-1	247	-1	-1	256	251	-1	255	254	-1	-1	-1	258	-1	-1	263	262	-1	-1	275	274	271	268	-1	270	-1	-1	273	-1	-1	-1	-1	278	-1	-1
# Threshold
7.5	8395.0	2.5	4.092794895172119	5.5	5.901970148086548	-2.0	3397.0	2185.5	-2.0	-2.0	-2.0	6.5	-2.0	5.845005035400391	-2.0	-2.0	6.078670024871826	1188.5	0.5	-2.0	226.5	-2.0	-2.0	4783.5	-2.0	1414.5	-2.0	-2.0	112.0	3252.5	-2.0	51.0	-2.0	-2.0	-2.0	6.0	279.0	-2.0	7.5	3.5	6.0	-2.0	-2.0	-2.0	41.0	5.5	-2.0	0.009498595260083675	-2.0	-2.0	4.714060068130493	4.0	3.5	-2.0	-2.0	-2.0	-2.0	-2.0	5.76312518119812	4.5	1014.0	-2.0	1425.5	-2.0	5.295715093612671	-2.0	-2.0	226.0	4.585945129394531	6.5	-2.0	-2.0	7.5	529999.5	-2.0	-2.0	-2.0	-2.0	6.993989944458008	83.0	-2.0	2150.5	-2.0	6.565315008163452	1368950.0	1.6268150210380554	-2.0	24.0	6.0203399658203125	-2.0	-2.0	16.216100215911865	2211.5	-2.0	-2.0	-2.0	10470480.0	-2.0	-2.0	7299.0	27.0	561.0	-2.0	-2.0	-2.0	1.4597859680652618	-2.0	26.5	9.883675011224113e-05	-2.0	-2.0	-2.0	1.5	533.0	0.5	10.232450008392334	63438.5	56423.0	-2.0	-2.0	-2.0	385.5	-2.0	-2.0	30.0	8.690929889678955	-2.0	-2.0	9672.5	11.29751968383789	-2.0	57582.0	11.5110502243042	-2.0	-2.0	70412.0	-2.0	20.746350288391113	-2.0	-2.0	-2.0	3498655.0	43.01840019226074	13.300400257110596	-2.0	-2.0	3.342325089761289e-05	638.4389953613281	-2.0	-2.0	67.32880020141602	110704.5	-2.0	-2.0	20396.5	12323.0	-2.0	-2.0	-2.0	699.7885475158691	-2.0	-2.0	4.5	23.50434970855713	229.45149993896484	34.5	86971.0	-2.0	4.167369961738586	-2.0	-2.0	7.105679988861084	-2.0	7.791064977645874	13428.5	-2.0	-2.0	-2.0	-2.0	73100.0	835172.0	6.665215015411377	29.0	-2.0	1562.0	-2.0	-2.0	-2.0	13143.5	-2.0	33982.0	-2.0	34.309000968933105	-2.0	0.001959580054972321	-2.0	-2.0	-2.0	31.47000026702881	1286.0	11.20580005645752	-2.0	-2.0	0.00011613330207183026	287819.0	-2.0	-2.0	-2.0	0.0032467651180922985	-2.0	16459.0	-2.0	-2.0	21.0	10.0	4.8790000677108765	-2.0	-2.0	15.5	8.5	-2.0	-2.0	1616.5	-2.0	-2.0	89.40750122070312	13.5	12.5	331.0	8.502924919128418	-2.0	10.0	-2.0	-2.0	97231.0	69.61445236206055	2.3313350677490234	9.635900020599365	-2.0	0.005783956032246351	-2.0	-2.0	-2.0	-2.0	2.6317750215530396	-2.0	-2.0	9.5	705.0	-2.0	0.007190560223534703	45.62770080566406	-2.0	-2.0	-2.0	0.014539310242980719	-2.0	-2.0	1.0971899628639221	2481000.0	-2.0	-2.0	4.948915004730225	39133.0	4.668470144271851	13.0	-2.0	1.569029986858368	-2.0	-2.0	9869.0	-2.0	-2.0	-2.0	-2.0	50782.5	-2.0	-2.0
# Feature
9	2	6	7	9	3	-2	2	2	-2	-2	-2	8	-2	3	-2	-2	3	2	6	-2	8	-2	-2	2	-2	8	-2	-2	5	2	-2	5	-2	-2	-2	6	2	-2	8	6	8	-2	-2	-2	8	5	-2	4	-2	-2	7	9	6	-2	-2	-2	-2	-2	3	9	5	-2	5	-2	3	-2	-2	8	3	9	-2	-2	8	1	-2	-2	-2	-2	3	8	-2	1	-2	3	8	7	-2	5	3	-2	-2	7	8	-2	-2	-2	1	-2	-2	1	5	8	-2	-2	-2	7	-2	5	4	-2	-2	-2	6	5	6	3	8	0	-2	-2	-2	5	-2	-2	5	3	-2	-2	0	7	-2	2	3	-2	-2	2	-2	3	-2	-2	-2	0	7	7	-2	-2	4	7	-2	-2	7	1	-2	-2	1	1	-2	-2	-2	7	-2	-2	9	3	7	5	2	-2	7	-2	-2	3	-2	7	1	-2	-2	-2	-2	8	2	7	6	-2	8	-2	-2	-2	0	-2	8	-2	3	-2	4	-2	-2	-2	7	1	3	-2	-2	4	0	-2	-2	-2	4	-2	0	-2	-2	8	8	3	-2	-2	8	5	-2	-2	0	-2	-2	7	9	9	8	3	-2	9	-2	-2	8	3	7	3	-2	4	-2	-2	-2	-2	7	-2	-2	6	0	-2	4	7	-2	-2	-2	4	-2	-2	7	0	-2	-2	7	0	7	6	-2	7	-2	-2	1	-2	-2	-2	-2	0	-2	-2
# Values
470.0	731.0	46.0	268.0
459.0	301.0	37.0	224.0
236.0	38.0	18.0	28.0
227.0	22.0	4.0	11.0
202.0	3.0	4.0	2.0
192.0	2.0	0.0	2.0
191.0	0.0	0.0	0.0
1.0	2.0	0.0	2.0
1.0	2.0	0.0	0.0
1.0	0.0	0.0	0.0
0.0	2.0	0.0	0.0
0.0	0.0	0.0	2.0
10.0	1.0	4.0	0.0
0.0	0.0	4.0	0.0
10.0	1.0	0.0	0.0
10.0	0.0	0.0	0.0
0.0	1.0	0.0	0.0
25.0	19.0	0.0	9.0
25.0	5.0	0.0	2.0
0.0	3.0	0.0	2.0
0.0	2.0	0.0	0.0
0.0	1.0	0.0	2.0
0.0	0.0	0.0	1.0
0.0	1.0	0.0	1.0
25.0	2.0	0.0	0.0
14.0	0.0	0.0	0.0
11.0	2.0	0.0	0.0
0.0	2.0	0.0	0.0
11.0	0.0	0.0	0.0
0.0	14.0	0.0	7.0
0.0	14.0	0.0	1.0
0.0	12.0	0.0	0.0
0.0	2.0	0.0	1.0
0.0	0.0	0.0	1.0
0.0	2.0	0.0	0.0
0.0	0.0	0.0	6.0
9.0	16.0	14.0	17.0
9.0	16.0	14.0	6.0
4.0	0.0	0.0	0.0
5.0	16.0	14.0	6.0
1.0	0.0	14.0	0.0
1.0	0.0	3.0	0.0
0.0	0.0	3.0	0.0
1.0	0.0	0.0	0.0
0.0	0.0	11.0	0.0
4.0	16.0	0.0	6.0
4.0	0.0	0.0	3.0
3.0	0.0	0.0	0.0
1.0	0.0	0.0	3.0
0.0	0.0	0.0	3.0
1.0	0.0	0.0	0.0
0.0	16.0	0.0	3.0
0.0	16.0	0.0	1.0
0.0	1.0	0.0	1.0
0.0	1.0	0.0	0.0
0.0	0.0	0.0	1.0
0.0	15.0	0.0	0.0
0.0	0.0	0.0	2.0
0.0	0.0	0.0	11.0
223.0	263.0	19.0	196.0
194.0	3.0	7.0	4.0
177.0	3.0	0.0	1.0
160.0	0.0	0.0	0.0
17.0	3.0	0.0	1.0
0.0	3.0	0.0	0.0
17.0	0.0	0.0	1.0
17.0	0.0	0.0	0.0
0.0	0.0	0.0	1.0
17.0	0.0	7.0	3.0
4.0	0.0	7.0	3.0
4.0	0.0	1.0	0.0
0.0	0.0	1.0	0.0
4.0	0.0	0.0	0.0
0.0	0.0	6.0	3.0
0.0	0.0	6.0	1.0
0.0	0.0	6.0	0.0
0.0	0.0	0.0	1.0
0.0	0.0	0.0	2.0
13.0	0.0	0.0	0.0
29.0	260.0	12.0	192.0
17.0	138.0	12.0	12.0
0.0	0.0	12.0	0.0
17.0	138.0	0.0	12.0
0.0	79.0	0.0	0.0
17.0	59.0	0.0	12.0
15.0	41.0	0.0	1.0
11.0	40.0	0.0	1.0
0.0	13.0	0.0	0.0
11.0	27.0	0.0	1.0
3.0	0.0	0.0	1.0
0.0	0.0	0.0	1.0
3.0	0.0	0.0	0.0
8.0	27.0	0.0	0.0
8.0	14.0	0.0	0.0
0.0	14.0	0.0	0.0
8.0	0.0	0.0	0.0
0.0	13.0	0.0	0.0
4.0	1.0	0.0	0.0
4.0	0.0	0.0	0.0
0.0	1.0	0.0	0.0
2.0	18.0	0.0	11.0
2.0	2.0	0.0	6.0
2.0	2.0	0.0	0.0
2.0	0.0	0.0	0.0
0.0	2.0	0.0	0.0
0.0	0.0	0.0	6.0
0.0	16.0	0.0	5.0
0.0	8.0	0.0	0.0
0.0	8.0	0.0	5.0
0.0	1.0	0.0	5.0
0.0	0.0	0.0	5.0
0.0	1.0	0.0	0.0
0.0	7.0	0.0	0.0
12.0	122.0	0.0	180.0
12.0	65.0	0.0	39.0
6.0	24.0	0.0	29.0
6.0	9.0	0.0	1.0
5.0	2.0	0.0	1.0
0.0	2.0	0.0	1.0
0.0	2.0	0.0	0.0
0.0	0.0	0.0	1.0
5.0	0.0	0.0	0.0
1.0	7.0	0.0	0.0
0.0	7.0	0.0	0.0
1.0	0.0	0.0	0.0
0.0	15.0	0.0	28.0
0.0	6.0	0.0	2.0
0.0	0.0	0.0	2.0
0.0	6.0	0.0	0.0
0.0	9.0	0.0	26.0
0.0	9.0	0.0	13.0
0.0	0.0	0.0	4.0
0.0	9.0	0.0	9.0
0.0	4.0	0.0	1.0
0.0	0.0	0.0	1.0
0.0	4.0	0.0	0.0
0.0	5.0	0.0	8.0
0.0	0.0	0.0	2.0
0.0	5.0	0.0	6.0
0.0	3.0	0.0	4.0
0.0	2.0	0.0	2.0
0.0	0.0	0.0	13.0
6.0	41.0	0.0	10.0
1.0	39.0	0.0	10.0
1.0	19.0	0.0	0.0
1.0	0.0	0.0	0.0
0.0	19.0	0.0	0.0
0.0	20.0	0.0	10.0
0.0	2.0	0.0	5.0
0.0	0.0	0.0	5.0
0.0	2.0	0.0	0.0
0.0	18.0	0.0	5.0
0.0	2.0	0.0	4.0
0.0	0.0	0.0	4.0
0.0	2.0	0.0	0.0
0.0	16.0	0.0	1.0
0.0	5.0	0.0	1.0
0.0	5.0	0.0	0.0
0.0	0.0	0.0	1.0
0.0	11.0	0.0	0.0
5.0	2.0	0.0	0.0
5.0	0.0	0.0	0.0
0.0	2.0	0.0	0.0
0.0	57.0	0.0	141.0
0.0	37.0	0.0	131.0
0.0	10.0	0.0	112.0
0.0	8.0	0.0	112.0
0.0	5.0	0.0	9.0
0.0	3.0	0.0	0.0
0.0	2.0	0.0	9.0
0.0	0.0	0.0	9.0
0.0	2.0	0.0	0.0
0.0	3.0	0.0	103.0
0.0	1.0	0.0	0.0
0.0	2.0	0.0	103.0
0.0	2.0	0.0	23.0
0.0	0.0	0.0	23.0
0.0	2.0	0.0	0.0
0.0	0.0	0.0	80.0
0.0	2.0	0.0	0.0
0.0	27.0	0.0	19.0
0.0	19.0	0.0	19.0
0.0	15.0	0.0	8.0
0.0	5.0	0.0	8.0
0.0	4.0	0.0	0.0
0.0	1.0	0.0	8.0
0.0	0.0	0.0	6.0
0.0	1.0	0.0	2.0
0.0	10.0	0.0	0.0
0.0	4.0	0.0	11.0
0.0	2.0	0.0	0.0
0.0	2.0	0.0	11.0
0.0	0.0	0.0	9.0
0.0	2.0	0.0	2.0
0.0	1.0	0.0	0.0
0.0	1.0	0.0	2.0
0.0	0.0	0.0	2.0
0.0	1.0	0.0	0.0
0.0	8.0	0.0	0.0
0.0	20.0	0.0	10.0
0.0	19.0	0.0	3.0
0.0	1.0	0.0	2.0
0.0	1.0	0.0	0.0
0.0	0.0	0.0	2.0
0.0	18.0	0.0	1.0
0.0	1.0	0.0	1.0
0.0	1.0	0.0	0.0
0.0	0.0	0.0	1.0
0.0	17.0	0.0	0.0
0.0	1.0	0.0	7.0
0.0	0.0	0.0	6.0
0.0	1.0	0.0	1.0
0.0	0.0	0.0	1.0
0.0	1.0	0.0	0.0
11.0	430.0	9.0	44.0
8.0	4.0	6.0	2.0
2.0	0.0	6.0	0.0
2.0	0.0	0.0	0.0
0.0	0.0	6.0	0.0
6.0	4.0	0.0	2.0
0.0	3.0	0.0	2.0
0.0	3.0	0.0	0.0
0.0	0.0	0.0	2.0
6.0	1.0	0.0	0.0
6.0	0.0	0.0	0.0
0.0	1.0	0.0	0.0
3.0	426.0	3.0	42.0
3.0	417.0	3.0	34.0
3.0	92.0	0.0	30.0
2.0	81.0	0.0	14.0
0.0	8.0	0.0	12.0
0.0	7.0	0.0	0.0
0.0	1.0	0.0	12.0
0.0	0.0	0.0	12.0
0.0	1.0	0.0	0.0
2.0	73.0	0.0	2.0
0.0	67.0	0.0	2.0
0.0	67.0	0.0	1.0
0.0	17.0	0.0	1.0
0.0	14.0	0.0	0.0
0.0	3.0	0.0	1.0
0.0	0.0	0.0	1.0
0.0	3.0	0.0	0.0
0.0	50.0	0.0	0.0
0.0	0.0	0.0	1.0
2.0	6.0	0.0	0.0
2.0	0.0	0.0	0.0
0.0	6.0	0.0	0.0
1.0	11.0	0.0	16.0
1.0	10.0	0.0	1.0
0.0	4.0	0.0	0.0
1.0	6.0	0.0	1.0
0.0	6.0	0.0	1.0
0.0	6.0	0.0	0.0
0.0	0.0	0.0	1.0
1.0	0.0	0.0	0.0
0.0	1.0	0.0	15.0
0.0	0.0	0.0	15.0
0.0	1.0	0.0	0.0
0.0	325.0	3.0	4.0
0.0	2.0	0.0	3.0
0.0	2.0	0.0	0.0
0.0	0.0	0.0	3.0
0.0	323.0	3.0	1.0
0.0	51.0	3.0	1.0
0.0	25.0	3.0	1.0
0.0	24.0	0.0	1.0
0.0	20.0	0.0	0.0
0.0	4.0	0.0	1.0
0.0	0.0	0.0	1.0
0.0	4.0	0.0	0.0
0.0	1.0	3.0	0.0
0.0	1.0	0.0	0.0
0.0	0.0	3.0	0.0
0.0	26.0	0.0	0.0
0.0	272.0	0.0	0.0
0.0	9.0	0.0	8.0
0.0	9.0	0.0	0.0
0.0	0.0	0.0	8.0
