# Sizes (NFeatures, Nclasses, NodeCount, MaxDepth)
10	4	251	13
# Classes
0.0	1.0	2.0	3.0
# Feature Names
Nrows	Ncols	Nnnz	AvgNnnz	Density	MaxRowNnnz	MinRowNnnz	StdRowNnnz	NDiags	NTrueDiags
# Left
1	2	3	4	5	-1	7	-1	-1	10	11	-1	13	-1	-1	16	17	-1	19	-1	-1	22	-1	-1	25	-1	27	28	29	30	-1	32	-1	-1	35	-1	-1	38	39	-1	41	42	-1	44	45	-1	-1	-1	49	-1	-1	52	53	-1	55	-1	57	-1	-1	60	-1	62	-1	64	65	-1	-1	-1	69	-1	-1	72	73	74	-1	76	77	-1	-1	80	-1	-1	83	84	85	-1	-1	-1	89	-1	91	-1	-1	94	95	96	97	-1	99	-1	101	-1	-1	-1	-1	106	107	108	-1	110	111	-1	113	114	-1	-1	-1	-1	119	120	121	122	-1	-1	125	126	-1	-1	129	130	131	-1	-1	134	-1	-1	-1	-1	139	-1	141	-1	-1	144	145	146	147	148	149	150	-1	-1	-1	-1	155	-1	157	-1	-1	160	161	-1	-1	-1	165	166	167	-1	169	-1	-1	-1	173	-1	175	-1	177	-1	-1	180	-1	-1	183	184	185	186	187	-1	-1	190	191	-1	-1	194	-1	-1	197	198	199	200	201	202	203	-1	-1	-1	207	208	-1	210	-1	212	-1	-1	-1	-1	217	-1	-1	220	221	-1	-1	224	225	-1	-1	228	-1	230	-1	-1	233	-1	-1	-1	237	238	239	240	-1	-1	-1	244	245	246	-1	-1	-1	-1	-1
# Right
182	71	24	9	6	-1	8	-1	-1	15	12	-1	14	-1	-1	21	18	-1	20	-1	-1	23	-1	-1	26	-1	68	37	34	31	-1	33	-1	-1	36	-1	-1	51	40	-1	48	43	-1	47	46	-1	-1	-1	50	-1	-1	59	54	-1	56	-1	58	-1	-1	61	-1	63	-1	67	66	-1	-1	-1	70	-1	-1	93	82	75	-1	79	78	-1	-1	81	-1	-1	88	87	86	-1	-1	-1	90	-1	92	-1	-1	105	104	103	98	-1	100	-1	102	-1	-1	-1	-1	143	118	109	-1	117	112	-1	116	115	-1	-1	-1	-1	138	137	124	123	-1	-1	128	127	-1	-1	136	133	132	-1	-1	135	-1	-1	-1	-1	140	-1	142	-1	-1	179	164	159	154	153	152	151	-1	-1	-1	-1	156	-1	158	-1	-1	163	162	-1	-1	-1	172	171	168	-1	170	-1	-1	-1	174	-1	176	-1	178	-1	-1	181	-1	-1	236	235	196	189	188	-1	-1	193	192	-1	-1	195	-1	-1	232	219	216	215	206	205	204	-1	-1	-1	214	209	-1	211	-1	213	-1	-1	-1	-1	218	-1	-1	223	222	-1	-1	227	226	-1	-1	229	-1	231	-1	-1	234	-1	-1	-1	250	243	242	241	-1	-1	-1	249	248	247	-1	-1	-1	-1	-1
# Threshold
7.5	4.044539928436279	5.559069871902466	4.5	5.42808985710144	-2.0	0.014721803447173443	-2.0	-2.0	0.5739130079746246	6.0	-2.0	4.918789863586426	-2.0	-2.0	1.9345999956130981	4.857340097427368	-2.0	28.5	-2.0	-2.0	6.5	-2.0	-2.0	17.0	-2.0	5.5	1.7796149849891663	17400050.0	1368950.0	-2.0	1568165.0	-2.0	-2.0	1.0779375259062363e-06	-2.0	-2.0	2.8628950119018555	10.5	-2.0	16.5	0.5	-2.0	6.017670154571533	118.0	-2.0	-2.0	-2.0	464696.5	-2.0	-2.0	19.5	14805.5	-2.0	2.9681400060653687	-2.0	242618.0	-2.0	-2.0	61.5	-2.0	13345.0	-2.0	2.0	90501.0	-2.0	-2.0	-2.0	0.24494899809360504	-2.0	-2.0	6.078670024871826	574.0	22.0	-2.0	41.5	5.554095029830933	-2.0	-2.0	5.768189907073975	-2.0	-2.0	5.4032299518585205	7359.5	6101.0	-2.0	-2.0	-2.0	476.5	-2.0	5.626145124435425	-2.0	-2.0	6.820704936981201	162036.0	407.0	56.0	-2.0	68.5	-2.0	2928.0	-2.0	-2.0	-2.0	-2.0	1.5	0.00030858399986755103	13.487350463867188	-2.0	2.9721949431404937e-05	0.5	-2.0	2.0840350771322846e-05	69273702.0	-2.0	-2.0	-2.0	-2.0	1.5	44.31570053100586	0.5	282783.5	-2.0	-2.0	617.0	0.5	-2.0	-2.0	7418.5	25.98194980621338	25.741600036621094	-2.0	-2.0	53274.0	-2.0	-2.0	-2.0	-2.0	5766.0	-2.0	144672.0	-2.0	-2.0	5.5	25.407699584960938	58993.5	15950.5	2833.5	0.003119280096143484	31392.0	-2.0	-2.0	-2.0	-2.0	171641.5	-2.0	104.0	-2.0	-2.0	2.5	228.46199798583984	-2.0	-2.0	-2.0	12395.5	1568.0	16.0	-2.0	1562.0	-2.0	-2.0	-2.0	34.36000061035156	-2.0	43.776649475097656	-2.0	0.00220555008854717	-2.0	-2.0	4.5	-2.0	-2.0	13.5	60.10464859008789	17.5	6.645040035247803	4.54039990901947	-2.0	-2.0	0.022533544339239597	7.832465171813965	-2.0	-2.0	60.5	-2.0	-2.0	39.46879959106445	27.5	754931.0	2.365025043487549	8.358264923095703	6.505244970321655	10.5	-2.0	-2.0	-2.0	23474.0	8.433059692382812	-2.0	227.0	-2.0	6554.5	-2.0	-2.0	-2.0	-2.0	13.1497802734375	-2.0	-2.0	4978.0	0.03478000033646822	-2.0	-2.0	0.00016773449897300452	28.483399391174316	-2.0	-2.0	12.0	-2.0	30.645450592041016	-2.0	-2.0	242512.5	-2.0	-2.0	-2.0	855.5334777832031	30.0	22.36520004272461	21.5	-2.0	-2.0	-2.0	4474555.0	18.5	17.5	-2.0	-2.0	-2.0	-2.0	-2.0
# Feature
9	7	3	9	3	-2	4	-2	-2	7	8	-2	3	-2	-2	7	3	-2	8	-2	-2	8	-2	-2	8	-2	6	7	2	8	-2	0	-2	-2	4	-2	-2	7	5	-2	5	6	-2	3	8	-2	-2	-2	8	-2	-2	5	1	-2	7	-2	1	-2	-2	1	-2	8	-2	6	8	-2	-2	-2	7	-2	-2	3	1	5	-2	5	7	-2	-2	3	-2	-2	3	8	8	-2	-2	-2	5	-2	3	-2	-2	3	1	5	5	-2	5	-2	1	-2	-2	-2	-2	6	4	7	-2	4	9	-2	4	2	-2	-2	-2	-2	9	3	6	2	-2	-2	8	9	-2	-2	0	7	7	-2	-2	2	-2	-2	-2	-2	8	-2	2	-2	-2	9	3	1	0	8	4	2	-2	-2	-2	-2	2	-2	5	-2	-2	6	7	-2	-2	-2	0	8	6	-2	8	-2	-2	-2	3	-2	7	-2	4	-2	-2	6	-2	-2	9	3	8	3	3	-2	-2	4	3	-2	-2	1	-2	-2	7	5	2	7	3	3	5	-2	-2	-2	1	3	-2	8	-2	0	-2	-2	-2	-2	3	-2	-2	2	4	-2	-2	4	3	-2	-2	9	-2	7	-2	-2	2	-2	-2	-2	7	8	3	8	-2	-2	-2	1	5	5	-2	-2	-2	-2	-2
# Values
469.0	736.0	45.0	265.0
459.0	321.0	36.0	227.0
373.0	107.0	36.0	46.0
357.0	3.0	14.0	9.0
312.0	3.0	0.0	0.0
306.0	0.0	0.0	0.0
6.0	3.0	0.0	0.0
6.0	0.0	0.0	0.0
0.0	3.0	0.0	0.0
45.0	0.0	14.0	9.0
4.0	0.0	10.0	8.0
0.0	0.0	10.0	0.0
4.0	0.0	0.0	8.0
4.0	0.0	0.0	0.0
0.0	0.0	0.0	8.0
41.0	0.0	4.0	1.0
31.0	0.0	0.0	1.0
27.0	0.0	0.0	0.0
4.0	0.0	0.0	1.0
2.0	0.0	0.0	1.0
2.0	0.0	0.0	0.0
10.0	0.0	4.0	0.0
0.0	0.0	4.0	0.0
10.0	0.0	0.0	0.0
16.0	104.0	22.0	37.0
0.0	0.0	22.0	0.0
16.0	104.0	0.0	37.0
16.0	101.0	0.0	23.0
5.0	57.0	0.0	0.0
1.0	54.0	0.0	0.0
0.0	50.0	0.0	0.0
1.0	4.0	0.0	0.0
1.0	0.0	0.0	0.0
0.0	4.0	0.0	0.0
4.0	3.0	0.0	0.0
0.0	3.0	0.0	0.0
4.0	0.0	0.0	0.0
11.0	44.0	0.0	23.0
1.0	11.0	0.0	18.0
0.0	0.0	0.0	8.0
1.0	11.0	0.0	10.0
1.0	10.0	0.0	2.0
0.0	0.0	0.0	2.0
1.0	10.0	0.0	0.0
1.0	1.0	0.0	0.0
1.0	0.0	0.0	0.0
0.0	1.0	0.0	0.0
0.0	9.0	0.0	0.0
0.0	1.0	0.0	8.0
0.0	0.0	0.0	8.0
0.0	1.0	0.0	0.0
10.0	33.0	0.0	5.0
9.0	4.0	0.0	2.0
8.0	0.0	0.0	0.0
1.0	4.0	0.0	2.0
0.0	4.0	0.0	0.0
1.0	0.0	0.0	2.0
0.0	0.0	0.0	2.0
1.0	0.0	0.0	0.0
1.0	29.0	0.0	3.0
0.0	0.0	0.0	1.0
1.0	29.0	0.0	2.0
0.0	20.0	0.0	0.0
1.0	9.0	0.0	2.0
1.0	0.0	0.0	2.0
0.0	0.0	0.0	2.0
1.0	0.0	0.0	0.0
0.0	9.0	0.0	0.0
0.0	3.0	0.0	14.0
0.0	3.0	0.0	0.0
0.0	0.0	0.0	14.0
86.0	214.0	0.0	181.0
70.0	13.0	0.0	3.0
4.0	10.0	0.0	1.0
3.0	0.0	0.0	0.0
1.0	10.0	0.0	1.0
1.0	2.0	0.0	0.0
0.0	2.0	0.0	0.0
1.0	0.0	0.0	0.0
0.0	8.0	0.0	1.0
0.0	4.0	0.0	0.0
0.0	4.0	0.0	1.0
66.0	3.0	0.0	2.0
51.0	1.0	0.0	0.0
14.0	1.0	0.0	0.0
14.0	0.0	0.0	0.0
0.0	1.0	0.0	0.0
37.0	0.0	0.0	0.0
15.0	2.0	0.0	2.0
15.0	0.0	0.0	0.0
0.0	2.0	0.0	2.0
0.0	0.0	0.0	2.0
0.0	2.0	0.0	0.0
16.0	201.0	0.0	178.0
10.0	80.0	0.0	1.0
6.0	80.0	0.0	1.0
6.0	19.0	0.0	1.0
0.0	16.0	0.0	0.0
6.0	3.0	0.0	1.0
6.0	0.0	0.0	0.0
0.0	3.0	0.0	1.0
0.0	3.0	0.0	0.0
0.0	0.0	0.0	1.0
0.0	61.0	0.0	0.0
4.0	0.0	0.0	0.0
6.0	121.0	0.0	177.0
6.0	73.0	0.0	40.0
6.0	30.0	0.0	1.0
2.0	0.0	0.0	0.0
4.0	30.0	0.0	1.0
4.0	7.0	0.0	1.0
3.0	0.0	0.0	0.0
1.0	7.0	0.0	1.0
1.0	7.0	0.0	0.0
0.0	7.0	0.0	0.0
1.0	0.0	0.0	0.0
0.0	0.0	0.0	1.0
0.0	23.0	0.0	0.0
0.0	43.0	0.0	39.0
0.0	17.0	0.0	38.0
0.0	12.0	0.0	38.0
0.0	4.0	0.0	2.0
0.0	0.0	0.0	2.0
0.0	4.0	0.0	0.0
0.0	8.0	0.0	36.0
0.0	4.0	0.0	2.0
0.0	4.0	0.0	0.0
0.0	0.0	0.0	2.0
0.0	4.0	0.0	34.0
0.0	4.0	0.0	13.0
0.0	1.0	0.0	12.0
0.0	0.0	0.0	9.0
0.0	1.0	0.0	3.0
0.0	3.0	0.0	1.0
0.0	0.0	0.0	1.0
0.0	3.0	0.0	0.0
0.0	0.0	0.0	21.0
0.0	5.0	0.0	0.0
0.0	26.0	0.0	1.0
0.0	22.0	0.0	0.0
0.0	4.0	0.0	1.0
0.0	0.0	0.0	1.0
0.0	4.0	0.0	0.0
0.0	48.0	0.0	137.0
0.0	37.0	0.0	136.0
0.0	15.0	0.0	120.0
0.0	5.0	0.0	111.0
0.0	1.0	0.0	78.0
0.0	1.0	0.0	21.0
0.0	1.0	0.0	3.0
0.0	1.0	0.0	0.0
0.0	0.0	0.0	3.0
0.0	0.0	0.0	18.0
0.0	0.0	0.0	57.0
0.0	4.0	0.0	33.0
0.0	3.0	0.0	0.0
0.0	1.0	0.0	33.0
0.0	1.0	0.0	0.0
0.0	0.0	0.0	33.0
0.0	10.0	0.0	9.0
0.0	3.0	0.0	9.0
0.0	0.0	0.0	9.0
0.0	3.0	0.0	0.0
0.0	7.0	0.0	0.0
0.0	22.0	0.0	16.0
0.0	14.0	0.0	2.0
0.0	2.0	0.0	2.0
0.0	1.0	0.0	0.0
0.0	1.0	0.0	2.0
0.0	0.0	0.0	1.0
0.0	1.0	0.0	1.0
0.0	12.0	0.0	0.0
0.0	8.0	0.0	14.0
0.0	3.0	0.0	0.0
0.0	5.0	0.0	14.0
0.0	0.0	0.0	8.0
0.0	5.0	0.0	6.0
0.0	0.0	0.0	6.0
0.0	5.0	0.0	0.0
0.0	11.0	0.0	1.0
0.0	11.0	0.0	0.0
0.0	0.0	0.0	1.0
10.0	415.0	9.0	38.0
10.0	111.0	5.0	35.0
10.0	111.0	5.0	24.0
3.0	8.0	5.0	8.0
3.0	7.0	0.0	0.0
3.0	0.0	0.0	0.0
0.0	7.0	0.0	0.0
0.0	1.0	5.0	8.0
0.0	1.0	4.0	0.0
0.0	1.0	0.0	0.0
0.0	0.0	4.0	0.0
0.0	0.0	1.0	8.0
0.0	0.0	1.0	0.0
0.0	0.0	0.0	8.0
7.0	103.0	0.0	16.0
7.0	102.0	0.0	12.0
7.0	35.0	0.0	8.0
3.0	34.0	0.0	8.0
3.0	21.0	0.0	8.0
1.0	16.0	0.0	0.0
1.0	3.0	0.0	0.0
0.0	3.0	0.0	0.0
1.0	0.0	0.0	0.0
0.0	13.0	0.0	0.0
2.0	5.0	0.0	8.0
2.0	2.0	0.0	8.0
2.0	0.0	0.0	0.0
0.0	2.0	0.0	8.0
0.0	0.0	0.0	5.0
0.0	2.0	0.0	3.0
0.0	2.0	0.0	0.0
0.0	0.0	0.0	3.0
0.0	3.0	0.0	0.0
0.0	13.0	0.0	0.0
4.0	1.0	0.0	0.0
4.0	0.0	0.0	0.0
0.0	1.0	0.0	0.0
0.0	67.0	0.0	4.0
0.0	2.0	0.0	2.0
0.0	0.0	0.0	2.0
0.0	2.0	0.0	0.0
0.0	65.0	0.0	2.0
0.0	1.0	0.0	1.0
0.0	1.0	0.0	0.0
0.0	0.0	0.0	1.0
0.0	64.0	0.0	1.0
0.0	52.0	0.0	0.0
0.0	12.0	0.0	1.0
0.0	12.0	0.0	0.0
0.0	0.0	0.0	1.0
0.0	1.0	0.0	4.0
0.0	1.0	0.0	0.0
0.0	0.0	0.0	4.0
0.0	0.0	0.0	11.0
0.0	304.0	4.0	3.0
0.0	304.0	4.0	2.0
0.0	10.0	4.0	0.0
0.0	10.0	1.0	0.0
0.0	0.0	1.0	0.0
0.0	10.0	0.0	0.0
0.0	0.0	3.0	0.0
0.0	294.0	0.0	2.0
0.0	294.0	0.0	1.0
0.0	8.0	0.0	1.0
0.0	8.0	0.0	0.0
0.0	0.0	0.0	1.0
0.0	286.0	0.0	0.0
0.0	0.0	0.0	1.0
0.0	0.0	0.0	1.0
