# Sizes (NFeatures, Nclasses, NodeCount, MaxDepth)
10	4	265	16
# Classes
0.0	1.0	2.0	3.0
# Feature Names
Nrows	Ncols	Nnnz	AvgNnnz	Density	MaxRowNnnz	MinRowNnnz	StdRowNnnz	NDiags	NTrueDiags
# Left
1	2	3	-1	5	6	7	-1	9	-1	-1	12	13	-1	15	-1	17	18	-1	-1	-1	22	-1	-1	25	26	-1	-1	-1	30	-1	32	33	-1	-1	36	37	-1	39	-1	41	-1	43	-1	-1	46	-1	48	-1	-1	51	52	53	-1	55	56	57	-1	59	60	61	62	63	-1	-1	-1	-1	-1	69	-1	71	-1	-1	74	75	76	77	-1	-1	-1	81	-1	-1	84	-1	-1	87	88	89	-1	91	-1	93	94	95	96	97	98	99	-1	-1	-1	-1	-1	-1	106	-1	108	109	-1	-1	-1	-1	114	115	116	-1	-1	-1	-1	-1	122	123	124	125	126	127	-1	129	-1	131	-1	133	-1	-1	136	137	138	-1	140	-1	-1	143	-1	-1	-1	147	148	149	150	-1	-1	153	154	-1	156	-1	-1	-1	-1	161	-1	-1	164	165	166	-1	168	169	-1	-1	-1	173	-1	175	-1	-1	178	179	180	181	-1	-1	-1	-1	186	-1	-1	189	190	-1	192	193	194	195	196	-1	-1	199	200	201	-1	-1	-1	-1	206	-1	-1	-1	-1	211	212	213	-1	-1	-1	217	-1	219	-1	-1	222	223	-1	225	-1	-1	228	229	230	231	-1	-1	-1	235	236	237	-1	-1	-1	-1	242	-1	-1	245	246	247	248	249	250	251	-1	-1	-1	255	-1	257	-1	259	-1	-1	-1	-1	-1	-1
# Right
50	29	4	-1	24	11	8	-1	10	-1	-1	21	14	-1	16	-1	20	19	-1	-1	-1	23	-1	-1	28	27	-1	-1	-1	31	-1	35	34	-1	-1	45	38	-1	40	-1	42	-1	44	-1	-1	47	-1	49	-1	-1	244	121	54	-1	86	73	58	-1	68	67	66	65	64	-1	-1	-1	-1	-1	70	-1	72	-1	-1	83	80	79	78	-1	-1	-1	82	-1	-1	85	-1	-1	120	113	90	-1	92	-1	112	105	104	103	102	101	100	-1	-1	-1	-1	-1	-1	107	-1	111	110	-1	-1	-1	-1	119	118	117	-1	-1	-1	-1	-1	221	188	163	146	135	128	-1	130	-1	132	-1	134	-1	-1	145	142	139	-1	141	-1	-1	144	-1	-1	-1	160	159	152	151	-1	-1	158	155	-1	157	-1	-1	-1	-1	162	-1	-1	177	172	167	-1	171	170	-1	-1	-1	174	-1	176	-1	-1	185	184	183	182	-1	-1	-1	-1	187	-1	-1	210	191	-1	209	208	205	198	197	-1	-1	204	203	202	-1	-1	-1	-1	207	-1	-1	-1	-1	216	215	214	-1	-1	-1	218	-1	220	-1	-1	227	224	-1	226	-1	-1	241	234	233	232	-1	-1	-1	240	239	238	-1	-1	-1	-1	243	-1	-1	264	263	262	261	254	253	252	-1	-1	-1	256	-1	258	-1	260	-1	-1	-1	-1	-1	-1
# Threshold
5.717795133590698	2.5	4.5	-2.0	0.035366250202059746	6.5	4.5	-2.0	700.0	-2.0	-2.0	5.701070070266724	9.671215057373047	-2.0	426.5	-2.0	1425.5	36877.0	-2.0	-2.0	-2.0	428939.0	-2.0	-2.0	4.815860033035278	331.5	-2.0	-2.0	-2.0	4.585184812545776	-2.0	192.5	1.4768149852752686	-2.0	-2.0	6.5	6480.5	-2.0	124449.5	-2.0	62783.5	-2.0	542783.0	-2.0	-2.0	4.0	-2.0	0.009498595260083675	-2.0	-2.0	13.5	8.478314876556396	10.0	-2.0	0.0005142409936524928	6.993989944458008	5.998700141906738	-2.0	62.0	0.00045017000229563564	16.0	9.883675011224113e-05	10.0	-2.0	-2.0	-2.0	-2.0	-2.0	14.207849979400635	-2.0	1.5	-2.0	-2.0	320531.0	4.0	1.5	7.757644891738892	-2.0	-2.0	-2.0	8.123774766921997	-2.0	-2.0	1704793.0	-2.0	-2.0	464.0	1543.0	1.6430649757385254	-2.0	1.7603199481964111	-2.0	7.14015007019043	0.013182800263166428	307.5	6.735179901123047	0.001713914971332997	3.691765069961548	189.5	-2.0	-2.0	-2.0	-2.0	-2.0	-2.0	0.02887894958257675	-2.0	190.5	5.9281699657440186	-2.0	-2.0	-2.0	-2.0	2.5	12.78030014038086	11263.5	-2.0	-2.0	-2.0	-2.0	-2.0	74349.0	21.17584991455078	4.5	8.273620128631592	2.9513649940490723	91.0	-2.0	31245.5	-2.0	181786.0	-2.0	750829.5	-2.0	-2.0	5242880.0	0.020901699550449848	6.171339988708496	-2.0	12.852200031280518	-2.0	-2.0	10.59184980392456	-2.0	-2.0	-2.0	3.5	0.08919449895620346	0.5	31158.0	-2.0	-2.0	13.824599742889404	2377.0	-2.0	13.483574867248535	-2.0	-2.0	-2.0	-2.0	67128.5	-2.0	-2.0	8.0	12.0	5672.5	-2.0	27.5	3.5	-2.0	-2.0	-2.0	29.5	-2.0	1562.0	-2.0	-2.0	32790750.0	0.0416123503819108	39.5	4.667284965515137	-2.0	-2.0	-2.0	-2.0	1212331.5	-2.0	-2.0	0.003819395089522004	7.541990044046543e-05	-2.0	37428.0	36537.0	34163.0	8.717509746551514	1.5	-2.0	-2.0	87.0	10818.0	6701.0	-2.0	-2.0	-2.0	-2.0	279.5	-2.0	-2.0	-2.0	-2.0	5138.0	2800.5	514.0	-2.0	-2.0	-2.0	21.0	-2.0	800015.5	-2.0	-2.0	3.0039150714874268	4.5	-2.0	8.5	-2.0	-2.0	0.001164022512966767	855511.0	40.5	278179.5	-2.0	-2.0	-2.0	24021.5	6370.5	3.268622015184519e-05	-2.0	-2.0	-2.0	-2.0	16.0	-2.0	-2.0	3483380.0	44072.5	29.0	13.0	16.243800163269043	15.5	0.003501772414892912	-2.0	-2.0	-2.0	24.0	-2.0	24128.0	-2.0	0.0006684614927507937	-2.0	-2.0	-2.0	-2.0	-2.0	-2.0
# Feature
3	6	1	-2	4	8	5	-2	0	-2	-2	3	7	-2	8	-2	5	0	-2	-2	-2	2	-2	-2	3	2	-2	-2	-2	3	-2	0	7	-2	-2	5	0	-2	2	-2	1	-2	0	-2	-2	9	-2	4	-2	-2	9	3	8	-2	4	3	3	-2	5	4	5	4	5	-2	-2	-2	-2	-2	7	-2	6	-2	-2	8	9	6	3	-2	-2	-2	3	-2	-2	0	-2	-2	5	8	7	-2	7	-2	3	4	5	3	4	7	8	-2	-2	-2	-2	-2	-2	4	-2	1	3	-2	-2	-2	-2	6	7	2	-2	-2	-2	-2	-2	8	7	6	7	7	8	-2	2	-2	2	-2	1	-2	-2	0	4	7	-2	3	-2	-2	3	-2	-2	-2	9	4	6	1	-2	-2	7	0	-2	3	-2	-2	-2	-2	8	-2	-2	9	6	8	-2	5	9	-2	-2	-2	6	-2	8	-2	-2	2	4	5	7	-2	-2	-2	-2	0	-2	-2	4	4	-2	1	0	8	3	6	-2	-2	5	0	8	-2	-2	-2	-2	5	-2	-2	-2	-2	8	0	0	-2	-2	-2	6	-2	2	-2	-2	7	9	-2	9	-2	-2	4	8	5	8	-2	-2	-2	5	5	4	-2	-2	-2	-2	6	-2	-2	0	5	5	6	3	9	4	-2	-2	-2	9	-2	1	-2	4	-2	-2	-2	-2	-2	-2
# Values
504.0	708.0	39.0	264.0
467.0	11.0	16.0	12.0
433.0	9.0	6.0	0.0
0.0	0.0	1.0	0.0
433.0	9.0	5.0	0.0
417.0	5.0	3.0	0.0
29.0	0.0	3.0	0.0
28.0	0.0	0.0	0.0
1.0	0.0	3.0	0.0
1.0	0.0	0.0	0.0
0.0	0.0	3.0	0.0
388.0	5.0	0.0	0.0
384.0	2.0	0.0	0.0
340.0	0.0	0.0	0.0
44.0	2.0	0.0	0.0
0.0	1.0	0.0	0.0
44.0	1.0	0.0	0.0
12.0	1.0	0.0	0.0
12.0	0.0	0.0	0.0
0.0	1.0	0.0	0.0
32.0	0.0	0.0	0.0
4.0	3.0	0.0	0.0
4.0	0.0	0.0	0.0
0.0	3.0	0.0	0.0
16.0	4.0	2.0	0.0
16.0	0.0	2.0	0.0
16.0	0.0	0.0	0.0
0.0	0.0	2.0	0.0
0.0	4.0	0.0	0.0
34.0	2.0	10.0	12.0
28.0	0.0	0.0	0.0
6.0	2.0	10.0	12.0
3.0	2.0	0.0	0.0
0.0	2.0	0.0	0.0
3.0	0.0	0.0	0.0
3.0	0.0	10.0	12.0
1.0	0.0	10.0	4.0
0.0	0.0	9.0	0.0
1.0	0.0	1.0	4.0
0.0	0.0	0.0	3.0
1.0	0.0	1.0	1.0
0.0	0.0	1.0	0.0
1.0	0.0	0.0	1.0
1.0	0.0	0.0	0.0
0.0	0.0	0.0	1.0
2.0	0.0	0.0	8.0
1.0	0.0	0.0	0.0
1.0	0.0	0.0	8.0
0.0	0.0	0.0	7.0
1.0	0.0	0.0	1.0
37.0	697.0	23.0	252.0
37.0	377.0	19.0	245.0
32.0	212.0	16.0	32.0
0.0	0.0	16.0	0.0
32.0	212.0	0.0	32.0
18.0	47.0	0.0	21.0
13.0	37.0	0.0	4.0
5.0	0.0	0.0	0.0
8.0	37.0	0.0	4.0
1.0	28.0	0.0	2.0
0.0	28.0	0.0	2.0
0.0	6.0	0.0	2.0
0.0	1.0	0.0	2.0
0.0	1.0	0.0	0.0
0.0	0.0	0.0	2.0
0.0	5.0	0.0	0.0
0.0	22.0	0.0	0.0
1.0	0.0	0.0	0.0
7.0	9.0	0.0	2.0
7.0	0.0	0.0	0.0
0.0	9.0	0.0	2.0
0.0	9.0	0.0	0.0
0.0	0.0	0.0	2.0
5.0	10.0	0.0	17.0
0.0	8.0	0.0	17.0
0.0	4.0	0.0	15.0
0.0	4.0	0.0	2.0
0.0	4.0	0.0	0.0
0.0	0.0	0.0	2.0
0.0	0.0	0.0	13.0
0.0	4.0	0.0	2.0
0.0	4.0	0.0	0.0
0.0	0.0	0.0	2.0
5.0	2.0	0.0	0.0
5.0	0.0	0.0	0.0
0.0	2.0	0.0	0.0
14.0	165.0	0.0	11.0
14.0	108.0	0.0	11.0
12.0	92.0	0.0	2.0
0.0	42.0	0.0	0.0
12.0	50.0	0.0	2.0
2.0	0.0	0.0	0.0
10.0	50.0	0.0	2.0
10.0	25.0	0.0	2.0
3.0	19.0	0.0	0.0
2.0	19.0	0.0	0.0
1.0	19.0	0.0	0.0
1.0	4.0	0.0	0.0
1.0	2.0	0.0	0.0
0.0	2.0	0.0	0.0
1.0	0.0	0.0	0.0
0.0	2.0	0.0	0.0
0.0	15.0	0.0	0.0
1.0	0.0	0.0	0.0
1.0	0.0	0.0	0.0
7.0	6.0	0.0	2.0
7.0	0.0	0.0	0.0
0.0	6.0	0.0	2.0
0.0	6.0	0.0	1.0
0.0	4.0	0.0	1.0
0.0	2.0	0.0	0.0
0.0	0.0	0.0	1.0
0.0	25.0	0.0	0.0
2.0	16.0	0.0	9.0
2.0	3.0	0.0	9.0
2.0	0.0	0.0	9.0
2.0	0.0	0.0	0.0
0.0	0.0	0.0	9.0
0.0	3.0	0.0	0.0
0.0	13.0	0.0	0.0
0.0	57.0	0.0	0.0
5.0	165.0	3.0	213.0
3.0	110.0	3.0	201.0
3.0	81.0	3.0	98.0
3.0	55.0	3.0	35.0
0.0	32.0	3.0	8.0
0.0	2.0	3.0	4.0
0.0	0.0	3.0	0.0
0.0	2.0	0.0	4.0
0.0	1.0	0.0	0.0
0.0	1.0	0.0	4.0
0.0	0.0	0.0	2.0
0.0	1.0	0.0	2.0
0.0	1.0	0.0	0.0
0.0	0.0	0.0	2.0
0.0	30.0	0.0	4.0
0.0	30.0	0.0	3.0
0.0	26.0	0.0	1.0
0.0	19.0	0.0	0.0
0.0	7.0	0.0	1.0
0.0	7.0	0.0	0.0
0.0	0.0	0.0	1.0
0.0	4.0	0.0	2.0
0.0	4.0	0.0	0.0
0.0	0.0	0.0	2.0
0.0	0.0	0.0	1.0
3.0	23.0	0.0	27.0
2.0	11.0	0.0	27.0
2.0	8.0	0.0	27.0
2.0	5.0	0.0	0.0
0.0	5.0	0.0	0.0
2.0	0.0	0.0	0.0
0.0	3.0	0.0	27.0
0.0	3.0	0.0	8.0
0.0	0.0	0.0	7.0
0.0	3.0	0.0	1.0
0.0	0.0	0.0	1.0
0.0	3.0	0.0	0.0
0.0	0.0	0.0	19.0
0.0	3.0	0.0	0.0
1.0	12.0	0.0	0.0
0.0	12.0	0.0	0.0
1.0	0.0	0.0	0.0
0.0	26.0	0.0	63.0
0.0	9.0	0.0	56.0
0.0	1.0	0.0	48.0
0.0	0.0	0.0	43.0
0.0	1.0	0.0	5.0
0.0	1.0	0.0	1.0
0.0	1.0	0.0	0.0
0.0	0.0	0.0	1.0
0.0	0.0	0.0	4.0
0.0	8.0	0.0	8.0
0.0	7.0	0.0	0.0
0.0	1.0	0.0	8.0
0.0	0.0	0.0	6.0
0.0	1.0	0.0	2.0
0.0	17.0	0.0	7.0
0.0	16.0	0.0	2.0
0.0	16.0	0.0	1.0
0.0	5.0	0.0	1.0
0.0	5.0	0.0	0.0
0.0	0.0	0.0	1.0
0.0	11.0	0.0	0.0
0.0	0.0	0.0	1.0
0.0	1.0	0.0	5.0
0.0	0.0	0.0	5.0
0.0	1.0	0.0	0.0
0.0	29.0	0.0	103.0
0.0	12.0	0.0	92.0
0.0	2.0	0.0	0.0
0.0	10.0	0.0	92.0
0.0	10.0	0.0	45.0
0.0	7.0	0.0	45.0
0.0	4.0	0.0	42.0
0.0	2.0	0.0	2.0
0.0	2.0	0.0	0.0
0.0	0.0	0.0	2.0
0.0	2.0	0.0	40.0
0.0	2.0	0.0	6.0
0.0	2.0	0.0	2.0
0.0	1.0	0.0	2.0
0.0	1.0	0.0	0.0
0.0	0.0	0.0	4.0
0.0	0.0	0.0	34.0
0.0	3.0	0.0	3.0
0.0	3.0	0.0	0.0
0.0	0.0	0.0	3.0
0.0	3.0	0.0	0.0
0.0	0.0	0.0	47.0
0.0	17.0	0.0	11.0
0.0	6.0	0.0	10.0
0.0	6.0	0.0	2.0
0.0	0.0	0.0	2.0
0.0	6.0	0.0	0.0
0.0	0.0	0.0	8.0
0.0	11.0	0.0	1.0
0.0	10.0	0.0	0.0
0.0	1.0	0.0	1.0
0.0	1.0	0.0	0.0
0.0	0.0	0.0	1.0
2.0	55.0	0.0	12.0
1.0	1.0	0.0	5.0
0.0	0.0	0.0	5.0
1.0	1.0	0.0	0.0
0.0	1.0	0.0	0.0
1.0	0.0	0.0	0.0
1.0	54.0	0.0	7.0
1.0	53.0	0.0	4.0
0.0	46.0	0.0	1.0
0.0	14.0	0.0	1.0
0.0	14.0	0.0	0.0
0.0	0.0	0.0	1.0
0.0	32.0	0.0	0.0
1.0	7.0	0.0	3.0
1.0	1.0	0.0	3.0
1.0	1.0	0.0	0.0
1.0	0.0	0.0	0.0
0.0	1.0	0.0	0.0
0.0	0.0	0.0	3.0
0.0	6.0	0.0	0.0
0.0	1.0	0.0	3.0
0.0	1.0	0.0	0.0
0.0	0.0	0.0	3.0
0.0	320.0	4.0	7.0
0.0	320.0	4.0	5.0
0.0	320.0	4.0	4.0
0.0	40.0	4.0	4.0
0.0	40.0	4.0	1.0
0.0	27.0	0.0	1.0
0.0	5.0	0.0	1.0
0.0	0.0	0.0	1.0
0.0	5.0	0.0	0.0
0.0	22.0	0.0	0.0
0.0	13.0	4.0	0.0
0.0	0.0	3.0	0.0
0.0	13.0	1.0	0.0
0.0	11.0	0.0	0.0
0.0	2.0	1.0	0.0
0.0	2.0	0.0	0.0
0.0	0.0	1.0	0.0
0.0	0.0	0.0	3.0
0.0	280.0	0.0	0.0
0.0	0.0	0.0	1.0
0.0	0.0	0.0	2.0
