# Sizes (NFeatures, Nclasses, NodeCount, MaxDepth)
10	4	281	14
# Classes
0.0	1.0	2.0	3.0
# Feature Names
Nrows	Ncols	Nnnz	AvgNnnz	Density	MaxRowNnnz	MinRowNnnz	StdRowNnnz	NDiags	NTrueDiags
# Left
1	2	3	4	5	6	-1	-1	-1	10	11	12	13	-1	-1	-1	17	18	-1	-1	-1	22	23	-1	-1	26	27	28	-1	-1	-1	32	33	34	35	-1	-1	-1	39	-1	41	-1	-1	-1	45	46	-1	48	49	-1	-1	-1	53	54	-1	-1	57	-1	59	60	-1	-1	63	-1	65	66	-1	-1	-1	70	71	72	73	-1	-1	76	77	-1	79	-1	-1	-1	83	84	-1	86	-1	-1	89	-1	91	-1	-1	94	95	96	97	98	99	-1	101	-1	-1	104	-1	106	-1	-1	109	110	-1	-1	-1	114	-1	116	-1	-1	119	120	-1	122	-1	124	-1	126	-1	-1	129	130	131	132	-1	-1	-1	-1	137	-1	139	-1	-1	142	143	-1	145	-1	147	-1	149	-1	-1	152	153	-1	155	-1	157	-1	159	-1	161	162	163	-1	165	-1	-1	168	169	-1	-1	-1	173	174	-1	-1	-1	178	179	-1	181	-1	183	184	185	186	-1	-1	-1	-1	191	-1	-1	194	195	-1	197	-1	199	-1	-1	202	203	204	205	-1	-1	-1	209	-1	-1	-1	213	214	215	-1	217	-1	219	220	-1	-1	223	-1	-1	226	-1	-1	229	230	231	-1	233	-1	-1	236	-1	-1	239	240	241	242	243	-1	-1	246	247	-1	-1	250	251	-1	-1	-1	255	-1	257	258	-1	-1	261	262	-1	-1	-1	266	-1	-1	269	270	271	-1	-1	274	275	-1	-1	-1	279	-1	-1
# Right
212	69	44	9	8	7	-1	-1	-1	21	16	15	14	-1	-1	-1	20	19	-1	-1	-1	25	24	-1	-1	31	30	29	-1	-1	-1	43	38	37	36	-1	-1	-1	40	-1	42	-1	-1	-1	52	47	-1	51	50	-1	-1	-1	56	55	-1	-1	58	-1	62	61	-1	-1	64	-1	68	67	-1	-1	-1	93	82	75	74	-1	-1	81	78	-1	80	-1	-1	-1	88	85	-1	87	-1	-1	90	-1	92	-1	-1	141	118	113	108	103	100	-1	102	-1	-1	105	-1	107	-1	-1	112	111	-1	-1	-1	115	-1	117	-1	-1	128	121	-1	123	-1	125	-1	127	-1	-1	136	135	134	133	-1	-1	-1	-1	138	-1	140	-1	-1	151	144	-1	146	-1	148	-1	150	-1	-1	177	154	-1	156	-1	158	-1	160	-1	172	167	164	-1	166	-1	-1	171	170	-1	-1	-1	176	175	-1	-1	-1	193	180	-1	182	-1	190	189	188	187	-1	-1	-1	-1	192	-1	-1	201	196	-1	198	-1	200	-1	-1	211	208	207	206	-1	-1	-1	210	-1	-1	-1	228	225	216	-1	218	-1	222	221	-1	-1	224	-1	-1	227	-1	-1	238	235	232	-1	234	-1	-1	237	-1	-1	268	265	254	245	244	-1	-1	249	248	-1	-1	253	252	-1	-1	-1	256	-1	260	259	-1	-1	264	263	-1	-1	-1	267	-1	-1	278	273	272	-1	-1	277	276	-1	-1	-1	280	-1	-1
# Threshold
7.5	4.045804977416992	4.5	5.6146299839019775	196.0	740.5	-2.0	-2.0	-2.0	1.6767399907112122	8.666069984436035	3.66683497077247e-06	6276185.0	-2.0	-2.0	-2.0	11106.0	240.5	-2.0	-2.0	-2.0	6.417225122451782	19544.0	-2.0	-2.0	0.5	26.0	0.0001993549994949717	-2.0	-2.0	-2.0	24855050.0	3.6887149810791016	0.00011464400085969828	0.0001057445006154012	-2.0	-2.0	-2.0	2767.0	-2.0	308278.0	-2.0	-2.0	-2.0	7.5	3.8550000190734863	-2.0	4.844444990158081	6.5	-2.0	-2.0	-2.0	62.5	0.004066845052875578	-2.0	-2.0	5.394714832305908	-2.0	12.5	1.0	-2.0	-2.0	1098.5	-2.0	7449.0	3.0	-2.0	-2.0	-2.0	7.10320491634775e-05	2335095.0	49180.0	6.091430077503901e-05	-2.0	-2.0	170210.0	681664.5	-2.0	2.0	-2.0	-2.0	-2.0	1.0018385182775091e-05	8.189459800720215	-2.0	0.5	-2.0	-2.0	7.168594837188721	-2.0	4.0	-2.0	-2.0	3219.5	1.5	260.5	8.47630500793457	900.0	26.0	-2.0	69.5	-2.0	-2.0	4.753759860992432	-2.0	18797.5	-2.0	-2.0	2600.5	7.407519817352295	-2.0	-2.0	-2.0	4783.5	-2.0	0.006028440082445741	-2.0	-2.0	0.0037252199836075306	5.916315078735352	-2.0	7.4987499713897705	-2.0	6574.5	-2.0	6.734714984893799	-2.0	-2.0	1011.0	26.233150482177734	6.446665048599243	4.4422149658203125	-2.0	-2.0	-2.0	-2.0	7.656534910202026	-2.0	1047.5	-2.0	-2.0	0.5	5.871525049209595	-2.0	15.59570026397705	-2.0	18.361899375915527	-2.0	72202.0	-2.0	-2.0	14448.0	0.00024828299501677975	-2.0	3295.0	-2.0	6.202189922332764	-2.0	17897.5	-2.0	21.32515048980713	42.67609977722168	15735.5	-2.0	2.5	-2.0	-2.0	1.5	7125.5	-2.0	-2.0	-2.0	10803.5	0.006293985061347485	-2.0	-2.0	-2.0	325.5	0.5	-2.0	9.542029874864966e-05	-2.0	10.5	2.0	24956.0	19300.0	-2.0	-2.0	-2.0	-2.0	0.008558614877983928	-2.0	-2.0	7.757644891738892	5.719214916229248	-2.0	1.5	-2.0	30688.0	-2.0	-2.0	0.009079480310902	326891.0	0.00027753050380852073	0.0002476290028425865	-2.0	-2.0	-2.0	6923.5	-2.0	-2.0	-2.0	32.5	7239.5	5.5	-2.0	6.6541900634765625	-2.0	20.5	0.0875246487557888	-2.0	-2.0	2.825265049934387	-2.0	-2.0	0.47327400743961334	-2.0	-2.0	0.00018571200052974746	15.0	13.1497802734375	-2.0	69.0	-2.0	-2.0	4474555.0	-2.0	-2.0	13.5	30.63960075378418	193.0	1.6153249740600586	1701.5	-2.0	-2.0	0.02360669942572713	0.0074834300321526825	-2.0	-2.0	8.5	6.306105136871338	-2.0	-2.0	-2.0	3.5	-2.0	439.5	363.0	-2.0	-2.0	11487.5	6461.5	-2.0	-2.0	-2.0	12.0	-2.0	-2.0	68330.5	0.0005881760152988136	370146.0	-2.0	-2.0	650.0	3.785794973373413	-2.0	-2.0	-2.0	5997295.0	-2.0	-2.0
# Feature
9	7	9	3	1	2	-2	-2	-2	7	3	4	1	-2	-2	-2	2	0	-2	-2	-2	3	2	-2	-2	6	5	4	-2	-2	-2	2	7	4	4	-2	-2	-2	0	-2	2	-2	-2	-2	8	3	-2	3	9	-2	-2	-2	8	4	-2	-2	3	-2	5	6	-2	-2	2	-2	2	6	-2	-2	-2	4	2	8	4	-2	-2	0	2	-2	9	-2	-2	-2	4	3	-2	9	-2	-2	3	-2	9	-2	-2	8	9	5	7	1	5	-2	5	-2	-2	7	-2	1	-2	-2	1	3	-2	-2	-2	2	-2	4	-2	-2	4	3	-2	3	-2	1	-2	7	-2	-2	8	7	3	7	-2	-2	-2	-2	3	-2	0	-2	-2	6	3	-2	7	-2	3	-2	0	-2	-2	8	4	-2	8	-2	3	-2	2	-2	3	7	0	-2	9	-2	-2	6	1	-2	-2	-2	0	4	-2	-2	-2	5	9	-2	4	-2	6	9	8	8	-2	-2	-2	-2	4	-2	-2	3	3	-2	6	-2	0	-2	-2	4	0	4	4	-2	-2	-2	5	-2	-2	-2	8	0	5	-2	3	-2	9	4	-2	-2	7	-2	-2	7	-2	-2	4	9	3	-2	5	-2	-2	0	-2	-2	9	7	8	7	2	-2	-2	4	4	-2	-2	9	3	-2	-2	-2	6	-2	0	0	-2	-2	1	1	-2	-2	-2	9	-2	-2	8	4	2	-2	-2	0	7	-2	-2	-2	2	-2	-2
# Values
517.0	695.0	44.0	259.0
504.0	295.0	35.0	215.0
408.0	80.0	35.0	48.0
368.0	43.0	0.0	34.0
356.0	1.0	0.0	0.0
41.0	1.0	0.0	0.0
41.0	0.0	0.0	0.0
0.0	1.0	0.0	0.0
315.0	0.0	0.0	0.0
12.0	42.0	0.0	34.0
3.0	24.0	0.0	6.0
3.0	23.0	0.0	0.0
3.0	3.0	0.0	0.0
3.0	0.0	0.0	0.0
0.0	3.0	0.0	0.0
0.0	20.0	0.0	0.0
0.0	1.0	0.0	6.0
0.0	1.0	0.0	1.0
0.0	0.0	0.0	1.0
0.0	1.0	0.0	0.0
0.0	0.0	0.0	5.0
9.0	18.0	0.0	28.0
4.0	4.0	0.0	0.0
0.0	4.0	0.0	0.0
4.0	0.0	0.0	0.0
5.0	14.0	0.0	28.0
5.0	7.0	0.0	0.0
5.0	2.0	0.0	0.0
5.0	0.0	0.0	0.0
0.0	2.0	0.0	0.0
0.0	5.0	0.0	0.0
0.0	7.0	0.0	28.0
0.0	4.0	0.0	28.0
0.0	1.0	0.0	24.0
0.0	1.0	0.0	6.0
0.0	0.0	0.0	6.0
0.0	1.0	0.0	0.0
0.0	0.0	0.0	18.0
0.0	3.0	0.0	4.0
0.0	0.0	0.0	3.0
0.0	3.0	0.0	1.0
0.0	3.0	0.0	0.0
0.0	0.0	0.0	1.0
0.0	3.0	0.0	0.0
40.0	37.0	35.0	14.0
7.0	0.0	35.0	0.0
5.0	0.0	0.0	0.0
2.0	0.0	35.0	0.0
2.0	0.0	6.0	0.0
0.0	0.0	6.0	0.0
2.0	0.0	0.0	0.0
0.0	0.0	29.0	0.0
33.0	37.0	0.0	14.0
15.0	0.0	0.0	5.0
0.0	0.0	0.0	5.0
15.0	0.0	0.0	0.0
18.0	37.0	0.0	9.0
15.0	0.0	0.0	0.0
3.0	37.0	0.0	9.0
0.0	28.0	0.0	2.0
0.0	0.0	0.0	2.0
0.0	28.0	0.0	0.0
3.0	9.0	0.0	7.0
0.0	5.0	0.0	0.0
3.0	4.0	0.0	7.0
3.0	0.0	0.0	7.0
3.0	0.0	0.0	0.0
0.0	0.0	0.0	7.0
0.0	4.0	0.0	0.0
96.0	215.0	0.0	167.0
40.0	14.0	0.0	4.0
33.0	6.0	0.0	1.0
2.0	3.0	0.0	0.0
0.0	3.0	0.0	0.0
2.0	0.0	0.0	0.0
31.0	3.0	0.0	1.0
7.0	3.0	0.0	1.0
7.0	0.0	0.0	0.0
0.0	3.0	0.0	1.0
0.0	3.0	0.0	0.0
0.0	0.0	0.0	1.0
24.0	0.0	0.0	0.0
7.0	8.0	0.0	3.0
7.0	1.0	0.0	0.0
6.0	0.0	0.0	0.0
1.0	1.0	0.0	0.0
1.0	0.0	0.0	0.0
0.0	1.0	0.0	0.0
0.0	7.0	0.0	3.0
0.0	0.0	0.0	2.0
0.0	7.0	0.0	1.0
0.0	7.0	0.0	0.0
0.0	0.0	0.0	1.0
56.0	201.0	0.0	163.0
16.0	126.0	0.0	41.0
10.0	20.0	0.0	30.0
2.0	16.0	0.0	29.0
2.0	12.0	0.0	8.0
1.0	11.0	0.0	1.0
1.0	0.0	0.0	0.0
0.0	11.0	0.0	1.0
0.0	11.0	0.0	0.0
0.0	0.0	0.0	1.0
1.0	1.0	0.0	7.0
0.0	0.0	0.0	7.0
1.0	1.0	0.0	0.0
1.0	0.0	0.0	0.0
0.0	1.0	0.0	0.0
0.0	4.0	0.0	21.0
0.0	1.0	0.0	21.0
0.0	1.0	0.0	4.0
0.0	0.0	0.0	17.0
0.0	3.0	0.0	0.0
8.0	4.0	0.0	1.0
8.0	0.0	0.0	0.0
0.0	4.0	0.0	1.0
0.0	0.0	0.0	1.0
0.0	4.0	0.0	0.0
6.0	106.0	0.0	11.0
2.0	80.0	0.0	2.0
2.0	0.0	0.0	0.0
0.0	80.0	0.0	2.0
0.0	72.0	0.0	0.0
0.0	8.0	0.0	2.0
0.0	0.0	0.0	1.0
0.0	8.0	0.0	1.0
0.0	0.0	0.0	1.0
0.0	8.0	0.0	0.0
4.0	26.0	0.0	9.0
1.0	24.0	0.0	2.0
1.0	24.0	0.0	0.0
1.0	2.0	0.0	0.0
0.0	2.0	0.0	0.0
1.0	0.0	0.0	0.0
0.0	22.0	0.0	0.0
0.0	0.0	0.0	2.0
3.0	2.0	0.0	7.0
3.0	0.0	0.0	0.0
0.0	2.0	0.0	7.0
0.0	2.0	0.0	0.0
0.0	0.0	0.0	7.0
40.0	75.0	0.0	122.0
19.0	11.0	0.0	1.0
16.0	0.0	0.0	0.0
3.0	11.0	0.0	1.0
3.0	0.0	0.0	0.0
0.0	11.0	0.0	1.0
0.0	10.0	0.0	0.0
0.0	1.0	0.0	1.0
0.0	0.0	0.0	1.0
0.0	1.0	0.0	0.0
21.0	64.0	0.0	121.0
16.0	12.0	0.0	74.0
7.0	0.0	0.0	0.0
9.0	12.0	0.0	74.0
5.0	0.0	0.0	0.0
4.0	12.0	0.0	74.0
4.0	0.0	0.0	0.0
0.0	12.0	0.0	74.0
0.0	2.0	0.0	0.0
0.0	10.0	0.0	74.0
0.0	5.0	0.0	68.0
0.0	2.0	0.0	63.0
0.0	0.0	0.0	51.0
0.0	2.0	0.0	12.0
0.0	0.0	0.0	12.0
0.0	2.0	0.0	0.0
0.0	3.0	0.0	5.0
0.0	3.0	0.0	1.0
0.0	3.0	0.0	0.0
0.0	0.0	0.0	1.0
0.0	0.0	0.0	4.0
0.0	5.0	0.0	6.0
0.0	5.0	0.0	1.0
0.0	2.0	0.0	1.0
0.0	3.0	0.0	0.0
0.0	0.0	0.0	5.0
5.0	52.0	0.0	47.0
0.0	26.0	0.0	6.0
0.0	0.0	0.0	3.0
0.0	26.0	0.0	3.0
0.0	0.0	0.0	1.0
0.0	26.0	0.0	2.0
0.0	25.0	0.0	1.0
0.0	6.0	0.0	1.0
0.0	1.0	0.0	1.0
0.0	1.0	0.0	0.0
0.0	0.0	0.0	1.0
0.0	5.0	0.0	0.0
0.0	19.0	0.0	0.0
0.0	1.0	0.0	1.0
0.0	1.0	0.0	0.0
0.0	0.0	0.0	1.0
5.0	26.0	0.0	41.0
5.0	18.0	0.0	2.0
5.0	0.0	0.0	0.0
0.0	18.0	0.0	2.0
0.0	15.0	0.0	0.0
0.0	3.0	0.0	2.0
0.0	3.0	0.0	0.0
0.0	0.0	0.0	2.0
0.0	8.0	0.0	39.0
0.0	3.0	0.0	39.0
0.0	1.0	0.0	38.0
0.0	1.0	0.0	9.0
0.0	0.0	0.0	9.0
0.0	1.0	0.0	0.0
0.0	0.0	0.0	29.0
0.0	2.0	0.0	1.0
0.0	2.0	0.0	0.0
0.0	0.0	0.0	1.0
0.0	5.0	0.0	0.0
13.0	400.0	9.0	44.0
2.0	16.0	9.0	8.0
2.0	13.0	1.0	8.0
2.0	0.0	0.0	0.0
0.0	13.0	1.0	8.0
0.0	9.0	0.0	0.0
0.0	4.0	1.0	8.0
0.0	1.0	0.0	8.0
0.0	0.0	0.0	8.0
0.0	1.0	0.0	0.0
0.0	3.0	1.0	0.0
0.0	0.0	1.0	0.0
0.0	3.0	0.0	0.0
0.0	3.0	8.0	0.0
0.0	3.0	0.0	0.0
0.0	0.0	8.0	0.0
11.0	384.0	0.0	36.0
8.0	41.0	0.0	9.0
8.0	3.0	0.0	7.0
8.0	0.0	0.0	0.0
0.0	3.0	0.0	7.0
0.0	3.0	0.0	0.0
0.0	0.0	0.0	7.0
0.0	38.0	0.0	2.0
0.0	38.0	0.0	0.0
0.0	0.0	0.0	2.0
3.0	343.0	0.0	27.0
3.0	87.0	0.0	24.0
3.0	85.0	0.0	13.0
3.0	12.0	0.0	8.0
0.0	1.0	0.0	8.0
0.0	1.0	0.0	0.0
0.0	0.0	0.0	8.0
3.0	11.0	0.0	0.0
2.0	1.0	0.0	0.0
0.0	1.0	0.0	0.0
2.0	0.0	0.0	0.0
1.0	10.0	0.0	0.0
1.0	2.0	0.0	0.0
0.0	2.0	0.0	0.0
1.0	0.0	0.0	0.0
0.0	8.0	0.0	0.0
0.0	73.0	0.0	5.0
0.0	35.0	0.0	0.0
0.0	38.0	0.0	5.0
0.0	1.0	0.0	2.0
0.0	1.0	0.0	0.0
0.0	0.0	0.0	2.0
0.0	37.0	0.0	3.0
0.0	17.0	0.0	3.0
0.0	17.0	0.0	0.0
0.0	0.0	0.0	3.0
0.0	20.0	0.0	0.0
0.0	2.0	0.0	11.0
0.0	2.0	0.0	0.0
0.0	0.0	0.0	11.0
0.0	256.0	0.0	3.0
0.0	245.0	0.0	2.0
0.0	14.0	0.0	1.0
0.0	0.0	0.0	1.0
0.0	14.0	0.0	0.0
0.0	231.0	0.0	1.0
0.0	16.0	0.0	1.0
0.0	0.0	0.0	1.0
0.0	16.0	0.0	0.0
0.0	215.0	0.0	0.0
0.0	11.0	0.0	1.0
0.0	0.0	0.0	1.0
0.0	11.0	0.0	0.0
