# Sizes (NFeatures, Nclasses, NodeCount, MaxDepth)
10	4	249	16
# Classes
0.0	1.0	2.0	3.0
# Feature Names
Nrows	Ncols	Nnnz	AvgNnnz	Density	MaxRowNnnz	MinRowNnnz	StdRowNnnz	NDiags	NTrueDiags
# Left
1	2	3	4	5	6	-1	8	-1	-1	-1	-1	13	-1	-1	16	17	-1	19	-1	21	-1	-1	24	25	-1	-1	28	29	-1	31	-1	33	-1	-1	-1	37	38	39	40	41	-1	43	-1	45	46	47	-1	49	50	-1	-1	-1	54	-1	56	-1	-1	59	60	61	-1	63	-1	65	66	-1	-1	69	-1	-1	72	-1	74	-1	76	-1	-1	79	-1	-1	82	-1	84	-1	-1	87	-1	89	-1	91	-1	-1	94	95	96	97	98	-1	100	-1	-1	103	104	-1	106	-1	-1	-1	-1	-1	112	113	114	-1	116	-1	-1	119	120	121	122	123	124	125	126	-1	128	-1	130	-1	-1	-1	-1	135	-1	-1	138	-1	140	-1	-1	143	144	145	-1	-1	-1	-1	150	151	152	-1	-1	155	156	157	158	159	-1	-1	-1	-1	-1	165	166	-1	-1	169	170	-1	172	-1	-1	-1	176	177	178	-1	180	-1	-1	-1	184	-1	-1	187	188	189	-1	-1	-1	-1	194	-1	196	197	198	199	200	-1	-1	-1	-1	205	206	207	208	209	210	-1	212	-1	-1	215	-1	-1	218	-1	220	221	-1	223	-1	-1	226	-1	-1	-1	-1	231	-1	-1	-1	235	236	237	238	-1	-1	241	242	243	-1	-1	-1	-1	-1	-1
# Right
36	15	12	11	10	7	-1	9	-1	-1	-1	-1	14	-1	-1	23	18	-1	20	-1	22	-1	-1	27	26	-1	-1	35	30	-1	32	-1	34	-1	-1	-1	234	93	86	81	42	-1	44	-1	58	53	48	-1	52	51	-1	-1	-1	55	-1	57	-1	-1	78	71	62	-1	64	-1	68	67	-1	-1	70	-1	-1	73	-1	75	-1	77	-1	-1	80	-1	-1	83	-1	85	-1	-1	88	-1	90	-1	92	-1	-1	111	110	109	102	99	-1	101	-1	-1	108	105	-1	107	-1	-1	-1	-1	-1	193	118	115	-1	117	-1	-1	186	149	142	137	134	133	132	127	-1	129	-1	131	-1	-1	-1	-1	136	-1	-1	139	-1	141	-1	-1	148	147	146	-1	-1	-1	-1	175	154	153	-1	-1	164	163	162	161	160	-1	-1	-1	-1	-1	168	167	-1	-1	174	171	-1	173	-1	-1	-1	183	182	179	-1	181	-1	-1	-1	185	-1	-1	192	191	190	-1	-1	-1	-1	195	-1	233	204	203	202	201	-1	-1	-1	-1	230	229	228	217	214	211	-1	213	-1	-1	216	-1	-1	219	-1	225	222	-1	224	-1	-1	227	-1	-1	-1	-1	232	-1	-1	-1	248	247	240	239	-1	-1	246	245	244	-1	-1	-1	-1	-1	-1
# Threshold
5.692934989929199	4.5	1014.0	1103.0	110.5	2.5	-2.0	5.5	-2.0	-2.0	-2.0	-2.0	1425.5	-2.0	-2.0	2.5	6.5	-2.0	8.0	-2.0	1570.0	-2.0	-2.0	7.5	0.1405430007725954	-2.0	-2.0	45008.0	0.009498595260083675	-2.0	0.5698639899492264	-2.0	0.05466547096148133	-2.0	-2.0	-2.0	13.5	19208.5	1073.0	11.31125020980835	6.5	-2.0	10.0	-2.0	1495.5	113.5	170.0	-2.0	1.5	679.0	-2.0	-2.0	-2.0	0.02887894958257675	-2.0	1147.5	-2.0	-2.0	16.02999973297119	189.0	334.5	-2.0	1.6339199542999268	-2.0	10.5	9.5	-2.0	-2.0	0.014116949867457151	-2.0	-2.0	0.007041750010102987	-2.0	38.0	-2.0	10.087090015411377	-2.0	-2.0	17.8125	-2.0	-2.0	19.5	-2.0	17444.5	-2.0	-2.0	13.0	-2.0	7416.0	-2.0	61.98214912414551	-2.0	-2.0	6.565315008163452	16.216100215911865	56.0	4016.5	3438.0	-2.0	9.0	-2.0	-2.0	15.5	10961.5	-2.0	4.5	-2.0	-2.0	-2.0	-2.0	-2.0	77387.0	896.0	325.0	-2.0	2.0	-2.0	-2.0	0.01030520023778081	0.0007843279745429754	4.5	1390.0	451726.0	64452.0	17.78339958190918	6.88816499710083	-2.0	57.5	-2.0	9.782794952392578	-2.0	-2.0	-2.0	-2.0	1156502.0	-2.0	-2.0	121.88174819946289	-2.0	16120.5	-2.0	-2.0	25.759699821472168	0.00015090650413185358	5.5	-2.0	-2.0	-2.0	-2.0	6.0	27.5	7.409204959869385	-2.0	-2.0	20.07569980621338	25395.5	3950.5	7.557330131530762	27.001400470733643	-2.0	-2.0	-2.0	-2.0	-2.0	10242.0	0.003667064942419529	-2.0	-2.0	77.8104019165039	30129.5	-2.0	0.0019898300524801016	-2.0	-2.0	-2.0	28.014349937438965	8.497509956359863	62764.5	-2.0	16479.0	-2.0	-2.0	-2.0	5.5	-2.0	-2.0	1002.5	29.5	900.0	-2.0	-2.0	-2.0	-2.0	1.2298354804515839	-2.0	5792600.0	27.0	401857.0	5.5	1.0	-2.0	-2.0	-2.0	-2.0	12.0	7.51667503209319e-05	7.24574492778629e-05	2693420.0	388183.5	131858.0	-2.0	4.687335058406461e-05	-2.0	-2.0	2474325.0	-2.0	-2.0	8429.5	-2.0	68.43185043334961	5672475.0	-2.0	12292800.0	-2.0	-2.0	339.0411911010742	-2.0	-2.0	-2.0	-2.0	5781810.0	-2.0	-2.0	-2.0	44072.5	4474555.0	29.0	22.36520004272461	-2.0	-2.0	18.5	2.0	17.0	-2.0	-2.0	-2.0	-2.0	-2.0	-2.0
# Feature
3	9	5	2	5	6	-2	5	-2	-2	-2	-2	5	-2	-2	6	8	-2	9	-2	1	-2	-2	8	4	-2	-2	0	4	-2	7	-2	4	-2	-2	-2	9	2	1	3	5	-2	8	-2	2	0	2	-2	6	2	-2	-2	-2	4	-2	2	-2	-2	7	8	0	-2	7	-2	5	5	-2	-2	4	-2	-2	4	-2	5	-2	3	-2	-2	7	-2	-2	5	-2	2	-2	-2	8	-2	2	-2	7	-2	-2	3	7	5	0	0	-2	5	-2	-2	5	8	-2	6	-2	-2	-2	-2	-2	1	8	8	-2	9	-2	-2	4	4	9	5	2	8	7	3	-2	5	-2	3	-2	-2	-2	-2	2	-2	-2	7	-2	5	-2	-2	3	4	9	-2	-2	-2	-2	9	5	3	-2	-2	3	8	5	3	7	-2	-2	-2	-2	-2	0	4	-2	-2	3	8	-2	4	-2	-2	-2	7	7	2	-2	1	-2	-2	-2	6	-2	-2	1	6	1	-2	-2	-2	-2	7	-2	8	5	1	9	6	-2	-2	-2	-2	9	4	4	2	8	0	-2	4	-2	-2	2	-2	-2	8	-2	7	1	-2	0	-2	-2	7	-2	-2	-2	-2	2	-2	-2	-2	5	0	8	3	-2	-2	5	6	9	-2	-2	-2	-2	-2	-2
# Values
478.0	744.0	36.0	257.0
437.0	9.0	14.0	11.0
376.0	5.0	0.0	0.0
359.0	2.0	0.0	0.0
49.0	2.0	0.0	0.0
49.0	1.0	0.0	0.0
48.0	0.0	0.0	0.0
1.0	1.0	0.0	0.0
1.0	0.0	0.0	0.0
0.0	1.0	0.0	0.0
0.0	1.0	0.0	0.0
310.0	0.0	0.0	0.0
17.0	3.0	0.0	0.0
0.0	3.0	0.0	0.0
17.0	0.0	0.0	0.0
61.0	4.0	14.0	11.0
43.0	3.0	3.0	0.0
0.0	0.0	3.0	0.0
43.0	3.0	0.0	0.0
39.0	0.0	0.0	0.0
4.0	3.0	0.0	0.0
0.0	3.0	0.0	0.0
4.0	0.0	0.0	0.0
18.0	1.0	11.0	11.0
2.0	0.0	11.0	0.0
0.0	0.0	11.0	0.0
2.0	0.0	0.0	0.0
16.0	1.0	0.0	11.0
7.0	1.0	0.0	11.0
0.0	0.0	0.0	9.0
7.0	1.0	0.0	2.0
0.0	1.0	0.0	0.0
7.0	0.0	0.0	2.0
2.0	0.0	0.0	2.0
5.0	0.0	0.0	0.0
9.0	0.0	0.0	0.0
41.0	735.0	22.0	246.0
41.0	400.0	20.0	240.0
10.0	166.0	14.0	37.0
9.0	70.0	9.0	36.0
9.0	68.0	9.0	22.0
0.0	0.0	5.0	0.0
9.0	68.0	4.0	22.0
0.0	0.0	4.0	0.0
9.0	68.0	0.0	22.0
4.0	17.0	0.0	13.0
2.0	14.0	0.0	0.0
1.0	0.0	0.0	0.0
1.0	14.0	0.0	0.0
1.0	2.0	0.0	0.0
1.0	0.0	0.0	0.0
0.0	2.0	0.0	0.0
0.0	12.0	0.0	0.0
2.0	3.0	0.0	13.0
2.0	0.0	0.0	0.0
0.0	3.0	0.0	13.0
0.0	3.0	0.0	5.0
0.0	0.0	0.0	8.0
5.0	51.0	0.0	9.0
5.0	49.0	0.0	6.0
4.0	10.0	0.0	5.0
0.0	8.0	0.0	0.0
4.0	2.0	0.0	5.0
0.0	0.0	0.0	4.0
4.0	2.0	0.0	1.0
0.0	1.0	0.0	1.0
0.0	1.0	0.0	0.0
0.0	0.0	0.0	1.0
4.0	1.0	0.0	0.0
4.0	0.0	0.0	0.0
0.0	1.0	0.0	0.0
1.0	39.0	0.0	1.0
1.0	0.0	0.0	0.0
0.0	39.0	0.0	1.0
0.0	30.0	0.0	0.0
0.0	9.0	0.0	1.0
0.0	9.0	0.0	0.0
0.0	0.0	0.0	1.0
0.0	2.0	0.0	3.0
0.0	0.0	0.0	3.0
0.0	2.0	0.0	0.0
0.0	2.0	0.0	14.0
0.0	1.0	0.0	0.0
0.0	1.0	0.0	14.0
0.0	0.0	0.0	14.0
0.0	1.0	0.0	0.0
1.0	96.0	5.0	1.0
0.0	0.0	5.0	0.0
1.0	96.0	0.0	1.0
1.0	0.0	0.0	0.0
0.0	96.0	0.0	1.0
0.0	96.0	0.0	0.0
0.0	0.0	0.0	1.0
31.0	234.0	6.0	203.0
13.0	40.0	1.0	0.0
13.0	26.0	1.0	0.0
4.0	26.0	1.0	0.0
1.0	1.0	1.0	0.0
0.0	1.0	0.0	0.0
1.0	0.0	1.0	0.0
0.0	0.0	1.0	0.0
1.0	0.0	0.0	0.0
3.0	25.0	0.0	0.0
3.0	10.0	0.0	0.0
0.0	9.0	0.0	0.0
3.0	1.0	0.0	0.0
3.0	0.0	0.0	0.0
0.0	1.0	0.0	0.0
0.0	15.0	0.0	0.0
9.0	0.0	0.0	0.0
0.0	14.0	0.0	0.0
18.0	194.0	5.0	203.0
2.0	124.0	0.0	173.0
0.0	24.0	0.0	6.0
0.0	0.0	0.0	5.0
0.0	24.0	0.0	1.0
0.0	0.0	0.0	1.0
0.0	24.0	0.0	0.0
2.0	100.0	0.0	167.0
2.0	76.0	0.0	158.0
2.0	45.0	0.0	47.0
2.0	16.0	0.0	43.0
2.0	12.0	0.0	12.0
2.0	10.0	0.0	4.0
0.0	10.0	0.0	4.0
0.0	5.0	0.0	4.0
0.0	3.0	0.0	0.0
0.0	2.0	0.0	4.0
0.0	0.0	0.0	3.0
0.0	2.0	0.0	1.0
0.0	2.0	0.0	0.0
0.0	0.0	0.0	1.0
0.0	5.0	0.0	0.0
2.0	0.0	0.0	0.0
0.0	2.0	0.0	8.0
0.0	0.0	0.0	8.0
0.0	2.0	0.0	0.0
0.0	4.0	0.0	31.0
0.0	0.0	0.0	29.0
0.0	4.0	0.0	2.0
0.0	0.0	0.0	2.0
0.0	4.0	0.0	0.0
0.0	29.0	0.0	4.0
0.0	29.0	0.0	2.0
0.0	4.0	0.0	2.0
0.0	4.0	0.0	0.0
0.0	0.0	0.0	2.0
0.0	25.0	0.0	0.0
0.0	0.0	0.0	2.0
0.0	31.0	0.0	111.0
0.0	16.0	0.0	99.0
0.0	4.0	0.0	1.0
0.0	0.0	0.0	1.0
0.0	4.0	0.0	0.0
0.0	12.0	0.0	98.0
0.0	3.0	0.0	73.0
0.0	2.0	0.0	73.0
0.0	1.0	0.0	73.0
0.0	1.0	0.0	6.0
0.0	0.0	0.0	6.0
0.0	1.0	0.0	0.0
0.0	0.0	0.0	67.0
0.0	1.0	0.0	0.0
0.0	1.0	0.0	0.0
0.0	9.0	0.0	25.0
0.0	6.0	0.0	1.0
0.0	2.0	0.0	1.0
0.0	4.0	0.0	0.0
0.0	3.0	0.0	24.0
0.0	2.0	0.0	24.0
0.0	0.0	0.0	18.0
0.0	2.0	0.0	6.0
0.0	0.0	0.0	6.0
0.0	2.0	0.0	0.0
0.0	1.0	0.0	0.0
0.0	15.0	0.0	12.0
0.0	14.0	0.0	5.0
0.0	2.0	0.0	5.0
0.0	1.0	0.0	0.0
0.0	1.0	0.0	5.0
0.0	0.0	0.0	5.0
0.0	1.0	0.0	0.0
0.0	12.0	0.0	0.0
0.0	1.0	0.0	7.0
0.0	1.0	0.0	0.0
0.0	0.0	0.0	7.0
0.0	24.0	0.0	9.0
0.0	6.0	0.0	9.0
0.0	6.0	0.0	4.0
0.0	6.0	0.0	0.0
0.0	0.0	0.0	4.0
0.0	0.0	0.0	5.0
0.0	18.0	0.0	0.0
16.0	70.0	5.0	30.0
0.0	0.0	5.0	0.0
16.0	70.0	0.0	30.0
9.0	70.0	0.0	30.0
6.0	1.0	0.0	8.0
1.0	1.0	0.0	8.0
1.0	0.0	0.0	8.0
1.0	0.0	0.0	0.0
0.0	0.0	0.0	8.0
0.0	1.0	0.0	0.0
5.0	0.0	0.0	0.0
3.0	69.0	0.0	22.0
3.0	66.0	0.0	13.0
3.0	26.0	0.0	13.0
3.0	26.0	0.0	9.0
3.0	3.0	0.0	5.0
0.0	3.0	0.0	4.0
0.0	2.0	0.0	0.0
0.0	1.0	0.0	4.0
0.0	0.0	0.0	4.0
0.0	1.0	0.0	0.0
3.0	0.0	0.0	1.0
3.0	0.0	0.0	0.0
0.0	0.0	0.0	1.0
0.0	23.0	0.0	4.0
0.0	0.0	0.0	1.0
0.0	23.0	0.0	3.0
0.0	20.0	0.0	1.0
0.0	18.0	0.0	0.0
0.0	2.0	0.0	1.0
0.0	0.0	0.0	1.0
0.0	2.0	0.0	0.0
0.0	3.0	0.0	2.0
0.0	0.0	0.0	2.0
0.0	3.0	0.0	0.0
0.0	0.0	0.0	4.0
0.0	40.0	0.0	0.0
0.0	3.0	0.0	9.0
0.0	3.0	0.0	0.0
0.0	0.0	0.0	9.0
7.0	0.0	0.0	0.0
0.0	335.0	2.0	6.0
0.0	335.0	2.0	3.0
0.0	335.0	2.0	2.0
0.0	5.0	2.0	0.0
0.0	5.0	0.0	0.0
0.0	0.0	2.0	0.0
0.0	330.0	0.0	2.0
0.0	13.0	0.0	2.0
0.0	1.0	0.0	2.0
0.0	0.0	0.0	2.0
0.0	1.0	0.0	0.0
0.0	12.0	0.0	0.0
0.0	317.0	0.0	0.0
0.0	0.0	0.0	1.0
0.0	0.0	0.0	3.0
