# Sizes (NFeatures, Nclasses, NodeCount, MaxDepth)
10	4	267	16
# Classes
0.0	1.0	2.0	3.0
# Feature Names
Nrows	Ncols	Nnnz	AvgNnnz	Density	MaxRowNnnz	MinRowNnnz	StdRowNnnz	NDiags	NTrueDiags
# Left
1	2	3	-1	5	6	7	8	-1	-1	-1	12	13	14	-1	-1	17	18	-1	-1	-1	-1	23	24	25	-1	27	-1	29	-1	-1	-1	33	-1	35	36	-1	-1	39	40	41	-1	-1	44	-1	46	-1	-1	-1	50	51	52	53	-1	55	56	57	58	-1	60	-1	-1	-1	64	-1	-1	-1	68	-1	-1	71	72	-1	74	75	-1	-1	-1	79	80	-1	-1	83	-1	85	-1	87	-1	-1	90	91	-1	93	-1	95	-1	-1	98	99	100	-1	102	103	-1	-1	106	107	-1	109	-1	-1	112	-1	-1	115	-1	-1	118	119	120	121	122	-1	124	-1	-1	-1	128	-1	-1	131	132	133	134	135	136	-1	-1	139	-1	141	142	-1	-1	-1	146	147	-1	-1	-1	151	152	-1	-1	-1	156	157	-1	-1	-1	161	162	163	-1	-1	166	-1	168	169	170	-1	172	-1	174	-1	-1	-1	-1	-1	180	181	-1	183	184	-1	-1	-1	188	189	-1	-1	192	193	-1	195	-1	-1	-1	199	200	201	-1	-1	204	-1	206	207	-1	-1	-1	211	212	213	214	215	216	-1	218	-1	-1	221	222	223	224	-1	-1	-1	228	-1	-1	231	232	233	-1	-1	-1	-1	-1	239	240	-1	-1	243	244	-1	-1	-1	248	-1	250	251	-1	-1	254	-1	256	257	-1	-1	-1	261	262	-1	-1	265	-1	-1
# Right
198	49	4	-1	22	11	10	9	-1	-1	-1	21	16	15	-1	-1	20	19	-1	-1	-1	-1	32	31	26	-1	28	-1	30	-1	-1	-1	34	-1	38	37	-1	-1	48	43	42	-1	-1	45	-1	47	-1	-1	-1	89	70	67	54	-1	66	63	62	59	-1	61	-1	-1	-1	65	-1	-1	-1	69	-1	-1	78	73	-1	77	76	-1	-1	-1	82	81	-1	-1	84	-1	86	-1	88	-1	-1	97	92	-1	94	-1	96	-1	-1	117	114	101	-1	105	104	-1	-1	111	108	-1	110	-1	-1	113	-1	-1	116	-1	-1	179	130	127	126	123	-1	125	-1	-1	-1	129	-1	-1	160	155	150	145	138	137	-1	-1	140	-1	144	143	-1	-1	-1	149	148	-1	-1	-1	154	153	-1	-1	-1	159	158	-1	-1	-1	178	165	164	-1	-1	167	-1	177	176	171	-1	173	-1	175	-1	-1	-1	-1	-1	187	182	-1	186	185	-1	-1	-1	191	190	-1	-1	197	194	-1	196	-1	-1	-1	210	203	202	-1	-1	205	-1	209	208	-1	-1	-1	260	247	238	237	220	217	-1	219	-1	-1	230	227	226	225	-1	-1	-1	229	-1	-1	236	235	234	-1	-1	-1	-1	-1	242	241	-1	-1	246	245	-1	-1	-1	249	-1	253	252	-1	-1	255	-1	259	258	-1	-1	-1	264	263	-1	-1	266	-1	-1
# Threshold
8.5	14.5	4.5	-2.0	2.5	5.591370105743408	6.5	4.5	-2.0	-2.0	-2.0	291728.5	10.5	1.836609959602356	-2.0	-2.0	321.5	0.04790784791111946	-2.0	-2.0	-2.0	-2.0	0.4906029999256134	342.0	4.844444990158081	-2.0	5.228759846431785e-06	-2.0	7.5	-2.0	-2.0	-2.0	5.242419958114624	-2.0	58.5	0.05077554075978696	-2.0	-2.0	3175789.0	11.5	1.5531449913978577	-2.0	-2.0	3.5	-2.0	1005.5	-2.0	-2.0	-2.0	4.045804977416992	2.5	5.5	6.028005123138428	-2.0	4.0	63746.0	6.185275077819824	5035.5	-2.0	6551.0	-2.0	-2.0	-2.0	146022.5	-2.0	-2.0	-2.0	22799.5	-2.0	-2.0	2.91797005047556e-05	2613080.0	-2.0	12292800.0	16.750054836273193	-2.0	-2.0	-2.0	3.5	3.5	-2.0	-2.0	7.836855173110962	-2.0	4.5	-2.0	0.03799634845927358	-2.0	-2.0	5.838850021362305	0.002026064961683005	-2.0	940.5	-2.0	10.359524965286255	-2.0	-2.0	7.38998007774353	1133.0	5.472179889678955	-2.0	6.82748007774353	6.707555055618286	-2.0	-2.0	9.32834005355835	7.536294937133789	-2.0	11142.5	-2.0	-2.0	5.718440115742851e-05	-2.0	-2.0	272997.0	-2.0	-2.0	21.76650047302246	33.5	6.5	5.5	0.024421549402177334	-2.0	2.5	-2.0	-2.0	-2.0	10.652899742126465	-2.0	-2.0	71838.0	4.5	62.426151275634766	20.091349601745605	0.5	46977.0	-2.0	-2.0	1180.0	-2.0	3406.5	0.004661394981667399	-2.0	-2.0	-2.0	7728.0	0.0039117899723351	-2.0	-2.0	-2.0	1.5	1.5	-2.0	-2.0	-2.0	10647.5	10.529839992523193	-2.0	-2.0	-2.0	64443350.0	0.5	52.004950523376465	-2.0	-2.0	7.553599834442139	-2.0	18.38794994354248	323689.0	3840.0	-2.0	52874.5	-2.0	2.0	-2.0	-2.0	-2.0	-2.0	-2.0	12018.0	9152.5	-2.0	72.0	1568.0	-2.0	-2.0	-2.0	31430.0	24.041549682617188	-2.0	-2.0	16.0	484988.5	-2.0	72046.0	-2.0	-2.0	-2.0	17.5	3.5	1.9835400581359863	-2.0	-2.0	10.0	-2.0	0.9555569738149643	5.5	-2.0	-2.0	-2.0	55.4325008392334	27.5	2.365025043487549	22.5	7.946889877319336	10.5	-2.0	75.0	-2.0	-2.0	8092.0	10.0	9.5	2738.0	-2.0	-2.0	-2.0	657.0	-2.0	-2.0	10.5	68259.5	377.5	-2.0	-2.0	-2.0	-2.0	-2.0	23.0	11.706645011901855	-2.0	-2.0	28.0	10416.0	-2.0	-2.0	-2.0	17282.0	-2.0	41.0	0.0008061810221988708	-2.0	-2.0	19302.0	-2.0	8.143185138702393	6.8514649868011475	-2.0	-2.0	-2.0	48674.5	63.412750244140625	-2.0	-2.0	324892.5	-2.0	-2.0
# Feature
9	5	5	-2	6	3	8	9	-2	-2	-2	0	5	7	-2	-2	1	4	-2	-2	-2	-2	7	8	3	-2	4	-2	8	-2	-2	-2	3	-2	8	4	-2	-2	2	5	7	-2	-2	6	-2	2	-2	-2	-2	7	6	9	3	-2	9	8	3	2	-2	1	-2	-2	-2	8	-2	-2	-2	0	-2	-2	4	0	-2	0	3	-2	-2	-2	6	9	-2	-2	3	-2	9	-2	4	-2	-2	3	4	-2	1	-2	7	-2	-2	3	5	7	-2	7	3	-2	-2	7	7	-2	2	-2	-2	4	-2	-2	8	-2	-2	3	5	9	6	4	-2	9	-2	-2	-2	3	-2	-2	1	9	7	3	6	8	-2	-2	2	-2	8	4	-2	-2	-2	8	4	-2	-2	-2	6	9	-2	-2	-2	0	3	-2	-2	-2	2	9	7	-2	-2	3	-2	3	0	5	-2	5	-2	9	-2	-2	-2	-2	-2	1	2	-2	5	8	-2	-2	-2	8	7	-2	-2	6	1	-2	5	-2	-2	-2	8	6	7	-2	-2	8	-2	7	6	-2	-2	-2	7	5	7	5	3	5	-2	8	-2	-2	2	9	5	2	-2	-2	-2	0	-2	-2	9	0	8	-2	-2	-2	-2	-2	8	3	-2	-2	8	1	-2	-2	-2	8	-2	5	4	-2	-2	8	-2	7	7	-2	-2	-2	0	7	-2	-2	0	-2	-2
# Values
488.0	738.0	46.0	243.0
478.0	296.0	31.0	208.0
250.0	46.0	31.0	20.0
64.0	0.0	0.0	0.0
186.0	46.0	31.0	20.0
176.0	9.0	4.0	6.0
168.0	0.0	4.0	0.0
1.0	0.0	4.0	0.0
1.0	0.0	0.0	0.0
0.0	0.0	4.0	0.0
167.0	0.0	0.0	0.0
8.0	9.0	0.0	6.0
1.0	9.0	0.0	6.0
0.0	3.0	0.0	6.0
0.0	3.0	0.0	0.0
0.0	0.0	0.0	6.0
1.0	6.0	0.0	0.0
1.0	1.0	0.0	0.0
1.0	0.0	0.0	0.0
0.0	1.0	0.0	0.0
0.0	5.0	0.0	0.0
7.0	0.0	0.0	0.0
10.0	37.0	27.0	14.0
2.0	7.0	25.0	3.0
2.0	0.0	25.0	3.0
2.0	0.0	0.0	0.0
0.0	0.0	25.0	3.0
0.0	0.0	0.0	2.0
0.0	0.0	25.0	1.0
0.0	0.0	25.0	0.0
0.0	0.0	0.0	1.0
0.0	7.0	0.0	0.0
8.0	30.0	2.0	11.0
0.0	0.0	0.0	7.0
8.0	30.0	2.0	4.0
5.0	0.0	2.0	0.0
0.0	0.0	2.0	0.0
5.0	0.0	0.0	0.0
3.0	30.0	0.0	4.0
0.0	30.0	0.0	4.0
0.0	25.0	0.0	1.0
0.0	25.0	0.0	0.0
0.0	0.0	0.0	1.0
0.0	5.0	0.0	3.0
0.0	4.0	0.0	0.0
0.0	1.0	0.0	3.0
0.0	1.0	0.0	0.0
0.0	0.0	0.0	3.0
3.0	0.0	0.0	0.0
228.0	250.0	0.0	188.0
134.0	37.0	0.0	30.0
132.0	19.0	0.0	4.0
131.0	15.0	0.0	4.0
127.0	0.0	0.0	0.0
4.0	15.0	0.0	4.0
2.0	15.0	0.0	4.0
1.0	15.0	0.0	2.0
1.0	2.0	0.0	2.0
0.0	2.0	0.0	0.0
1.0	0.0	0.0	2.0
0.0	0.0	0.0	2.0
1.0	0.0	0.0	0.0
0.0	13.0	0.0	0.0
1.0	0.0	0.0	2.0
0.0	0.0	0.0	2.0
1.0	0.0	0.0	0.0
2.0	0.0	0.0	0.0
1.0	4.0	0.0	0.0
1.0	0.0	0.0	0.0
0.0	4.0	0.0	0.0
2.0	18.0	0.0	26.0
1.0	10.0	0.0	1.0
0.0	7.0	0.0	0.0
1.0	3.0	0.0	1.0
1.0	0.0	0.0	1.0
1.0	0.0	0.0	0.0
0.0	0.0	0.0	1.0
0.0	3.0	0.0	0.0
1.0	8.0	0.0	25.0
1.0	6.0	0.0	0.0
1.0	0.0	0.0	0.0
0.0	6.0	0.0	0.0
0.0	2.0	0.0	25.0
0.0	1.0	0.0	0.0
0.0	1.0	0.0	25.0
0.0	0.0	0.0	23.0
0.0	1.0	0.0	2.0
0.0	1.0	0.0	0.0
0.0	0.0	0.0	2.0
94.0	213.0	0.0	158.0
77.0	4.0	0.0	0.0
66.0	0.0	0.0	0.0
11.0	4.0	0.0	0.0
10.0	0.0	0.0	0.0
1.0	4.0	0.0	0.0
1.0	0.0	0.0	0.0
0.0	4.0	0.0	0.0
17.0	209.0	0.0	158.0
8.0	105.0	0.0	8.0
8.0	29.0	0.0	7.0
0.0	18.0	0.0	0.0
8.0	11.0	0.0	7.0
7.0	0.0	0.0	1.0
7.0	0.0	0.0	0.0
0.0	0.0	0.0	1.0
1.0	11.0	0.0	6.0
0.0	4.0	0.0	6.0
0.0	2.0	0.0	0.0
0.0	2.0	0.0	6.0
0.0	2.0	0.0	3.0
0.0	0.0	0.0	3.0
1.0	7.0	0.0	0.0
1.0	0.0	0.0	0.0
0.0	7.0	0.0	0.0
0.0	76.0	0.0	1.0
0.0	76.0	0.0	0.0
0.0	0.0	0.0	1.0
9.0	104.0	0.0	150.0
9.0	60.0	0.0	126.0
0.0	20.0	0.0	5.0
0.0	17.0	0.0	2.0
0.0	17.0	0.0	1.0
0.0	14.0	0.0	0.0
0.0	3.0	0.0	1.0
0.0	0.0	0.0	1.0
0.0	3.0	0.0	0.0
0.0	0.0	0.0	1.0
0.0	3.0	0.0	3.0
0.0	3.0	0.0	0.0
0.0	0.0	0.0	3.0
9.0	40.0	0.0	121.0
4.0	22.0	0.0	114.0
4.0	14.0	0.0	110.0
4.0	10.0	0.0	106.0
4.0	5.0	0.0	98.0
4.0	2.0	0.0	0.0
0.0	2.0	0.0	0.0
4.0	0.0	0.0	0.0
0.0	3.0	0.0	98.0
0.0	1.0	0.0	0.0
0.0	2.0	0.0	98.0
0.0	2.0	0.0	21.0
0.0	2.0	0.0	0.0
0.0	0.0	0.0	21.0
0.0	0.0	0.0	77.0
0.0	5.0	0.0	8.0
0.0	5.0	0.0	2.0
0.0	3.0	0.0	1.0
0.0	2.0	0.0	1.0
0.0	0.0	0.0	6.0
0.0	4.0	0.0	4.0
0.0	4.0	0.0	1.0
0.0	0.0	0.0	1.0
0.0	4.0	0.0	0.0
0.0	0.0	0.0	3.0
0.0	8.0	0.0	4.0
0.0	2.0	0.0	4.0
0.0	0.0	0.0	4.0
0.0	2.0	0.0	0.0
0.0	6.0	0.0	0.0
5.0	18.0	0.0	7.0
2.0	18.0	0.0	7.0
2.0	0.0	0.0	1.0
2.0	0.0	0.0	0.0
0.0	0.0	0.0	1.0
0.0	18.0	0.0	6.0
0.0	0.0	0.0	2.0
0.0	18.0	0.0	4.0
0.0	18.0	0.0	3.0
0.0	8.0	0.0	3.0
0.0	6.0	0.0	0.0
0.0	2.0	0.0	3.0
0.0	0.0	0.0	2.0
0.0	2.0	0.0	1.0
0.0	0.0	0.0	1.0
0.0	2.0	0.0	0.0
0.0	10.0	0.0	0.0
0.0	0.0	0.0	1.0
3.0	0.0	0.0	0.0
0.0	44.0	0.0	24.0
0.0	22.0	0.0	3.0
0.0	0.0	0.0	2.0
0.0	22.0	0.0	1.0
0.0	3.0	0.0	1.0
0.0	0.0	0.0	1.0
0.0	3.0	0.0	0.0
0.0	19.0	0.0	0.0
0.0	22.0	0.0	21.0
0.0	1.0	0.0	9.0
0.0	1.0	0.0	0.0
0.0	0.0	0.0	9.0
0.0	21.0	0.0	12.0
0.0	21.0	0.0	6.0
0.0	20.0	0.0	0.0
0.0	1.0	0.0	6.0
0.0	0.0	0.0	6.0
0.0	1.0	0.0	0.0
0.0	0.0	0.0	6.0
10.0	442.0	15.0	35.0
5.0	2.0	12.0	2.0
5.0	1.0	0.0	0.0
5.0	0.0	0.0	0.0
0.0	1.0	0.0	0.0
0.0	1.0	12.0	2.0
0.0	0.0	11.0	0.0
0.0	1.0	1.0	2.0
0.0	1.0	1.0	0.0
0.0	1.0	0.0	0.0
0.0	0.0	1.0	0.0
0.0	0.0	0.0	2.0
5.0	440.0	3.0	33.0
5.0	409.0	3.0	18.0
5.0	80.0	3.0	14.0
4.0	37.0	0.0	14.0
4.0	37.0	0.0	9.0
2.0	22.0	0.0	0.0
0.0	14.0	0.0	0.0
2.0	8.0	0.0	0.0
2.0	0.0	0.0	0.0
0.0	8.0	0.0	0.0
2.0	15.0	0.0	9.0
1.0	4.0	0.0	8.0
0.0	2.0	0.0	8.0
0.0	2.0	0.0	1.0
0.0	2.0	0.0	0.0
0.0	0.0	0.0	1.0
0.0	0.0	0.0	7.0
1.0	2.0	0.0	0.0
0.0	2.0	0.0	0.0
1.0	0.0	0.0	0.0
1.0	11.0	0.0	1.0
1.0	3.0	0.0	1.0
0.0	3.0	0.0	1.0
0.0	0.0	0.0	1.0
0.0	3.0	0.0	0.0
1.0	0.0	0.0	0.0
0.0	8.0	0.0	0.0
0.0	0.0	0.0	5.0
1.0	43.0	3.0	0.0
1.0	0.0	1.0	0.0
1.0	0.0	0.0	0.0
0.0	0.0	1.0	0.0
0.0	43.0	2.0	0.0
0.0	5.0	2.0	0.0
0.0	5.0	0.0	0.0
0.0	0.0	2.0	0.0
0.0	38.0	0.0	0.0
0.0	329.0	0.0	4.0
0.0	271.0	0.0	0.0
0.0	58.0	0.0	4.0
0.0	1.0	0.0	2.0
0.0	0.0	0.0	2.0
0.0	1.0	0.0	0.0
0.0	57.0	0.0	2.0
0.0	0.0	0.0	1.0
0.0	57.0	0.0	1.0
0.0	9.0	0.0	1.0
0.0	9.0	0.0	0.0
0.0	0.0	0.0	1.0
0.0	48.0	0.0	0.0
0.0	31.0	0.0	15.0
0.0	28.0	0.0	4.0
0.0	0.0	0.0	4.0
0.0	28.0	0.0	0.0
0.0	3.0	0.0	11.0
0.0	0.0	0.0	11.0
0.0	3.0	0.0	0.0
