# Sizes (NFeatures, Nclasses, NodeCount, MaxDepth)
10	4	305	17
# Classes
0.0	1.0	2.0	3.0
# Feature Names
Nrows	Ncols	Nnnz	AvgNnnz	Density	MaxRowNnnz	MinRowNnnz	StdRowNnnz	NDiags	NTrueDiags
# Left
1	2	3	4	5	6	-1	8	-1	-1	11	12	-1	-1	-1	16	-1	18	-1	20	-1	-1	23	-1	25	26	27	28	29	-1	-1	32	33	-1	35	-1	-1	38	-1	-1	-1	42	-1	44	-1	-1	47	-1	-1	50	51	52	-1	-1	55	-1	57	58	59	-1	61	62	-1	-1	-1	66	-1	68	-1	-1	71	-1	-1	74	75	76	77	-1	-1	80	81	-1	83	84	-1	-1	87	88	-1	-1	91	-1	93	-1	-1	-1	97	98	99	-1	-1	-1	103	-1	105	106	-1	-1	109	110	-1	-1	-1	114	115	116	-1	118	-1	120	-1	122	-1	-1	125	126	127	128	-1	-1	131	132	133	-1	-1	136	-1	138	-1	140	-1	-1	143	144	145	-1	-1	148	-1	150	151	152	153	-1	-1	-1	157	-1	-1	160	-1	-1	-1	164	165	-1	-1	-1	169	170	171	172	173	-1	-1	-1	-1	-1	179	180	181	182	-1	-1	-1	-1	-1	188	-1	190	191	-1	193	194	-1	196	197	198	199	200	-1	202	203	-1	-1	-1	207	-1	-1	-1	211	212	-1	214	-1	216	-1	-1	219	-1	221	222	-1	-1	225	-1	-1	228	229	-1	-1	-1	233	234	-1	-1	-1	-1	239	240	241	-1	243	244	245	-1	-1	-1	-1	250	251	-1	-1	-1	255	256	-1	258	259	260	261	262	263	264	-1	-1	-1	268	-1	-1	271	272	273	-1	-1	-1	-1	278	-1	-1	-1	282	283	284	-1	286	287	288	-1	-1	-1	292	-1	-1	295	-1	-1	298	299	-1	301	-1	-1	-1	-1
# Right
238	49	22	15	10	7	-1	9	-1	-1	14	13	-1	-1	-1	17	-1	19	-1	21	-1	-1	24	-1	46	41	40	31	30	-1	-1	37	34	-1	36	-1	-1	39	-1	-1	-1	43	-1	45	-1	-1	48	-1	-1	73	54	53	-1	-1	56	-1	70	65	60	-1	64	63	-1	-1	-1	67	-1	69	-1	-1	72	-1	-1	113	96	79	78	-1	-1	95	82	-1	86	85	-1	-1	90	89	-1	-1	92	-1	94	-1	-1	-1	102	101	100	-1	-1	-1	104	-1	108	107	-1	-1	112	111	-1	-1	-1	187	124	117	-1	119	-1	121	-1	123	-1	-1	168	163	130	129	-1	-1	142	135	134	-1	-1	137	-1	139	-1	141	-1	-1	162	147	146	-1	-1	149	-1	159	156	155	154	-1	-1	-1	158	-1	-1	161	-1	-1	-1	167	166	-1	-1	-1	178	177	176	175	174	-1	-1	-1	-1	-1	186	185	184	183	-1	-1	-1	-1	-1	189	-1	237	192	-1	232	195	-1	227	210	209	206	201	-1	205	204	-1	-1	-1	208	-1	-1	-1	218	213	-1	215	-1	217	-1	-1	220	-1	224	223	-1	-1	226	-1	-1	231	230	-1	-1	-1	236	235	-1	-1	-1	-1	254	249	242	-1	248	247	246	-1	-1	-1	-1	253	252	-1	-1	-1	304	257	-1	281	280	277	270	267	266	265	-1	-1	-1	269	-1	-1	276	275	274	-1	-1	-1	-1	279	-1	-1	-1	297	294	285	-1	291	290	289	-1	-1	-1	293	-1	-1	296	-1	-1	303	300	-1	302	-1	-1	-1	-1
# Threshold
7.5	8395.0	5.782055139541626	2.5	5.5	5.631325006484985	-2.0	653.5	-2.0	-2.0	6.5	17.5	-2.0	-2.0	-2.0	4.644444942474365	-2.0	9.0	-2.0	1.309937983751297	-2.0	-2.0	24.0	-2.0	5.0	617.0	279.0	16.5	8.5	-2.0	-2.0	112.0	20.5	-2.0	6.545764923095703	-2.0	-2.0	305.5	-2.0	-2.0	-2.0	1154.5	-2.0	177.0	-2.0	-2.0	12.0	-2.0	-2.0	5.65776515007019	6.5	3.0	-2.0	-2.0	2668.0	-2.0	5.531389951705933	2.5	26.643850326538086	-2.0	0.5	33457.5	-2.0	-2.0	-2.0	4.997524976730347	-2.0	14.0	-2.0	-2.0	19.548279523849487	-2.0	-2.0	3187.5	7.4987499713897705	6.5	5.801635026931763	-2.0	-2.0	848125.0	83.0	-2.0	5.76312518119812	2.5	-2.0	-2.0	390.0	3.0	-2.0	-2.0	6.782094955444336	-2.0	6.830060005187988	-2.0	-2.0	-2.0	24128.0	20.723649978637695	29.0	-2.0	-2.0	-2.0	1561.0	-2.0	16.80454969406128	2387.0	-2.0	-2.0	94.5	1565.0	-2.0	-2.0	-2.0	72528.0	6.614080190658569	4235.5	-2.0	5.96093487739563	-2.0	6.079560041427612	-2.0	6.232064962387085	-2.0	-2.0	21.766950607299805	4.5	0.5	12.387249946594238	-2.0	-2.0	7.708369970321655	8991.5	1442.0	-2.0	-2.0	9.5	-2.0	251646.0	-2.0	53059.0	-2.0	-2.0	229.45149993896484	32.5	7.5	-2.0	-2.0	3347.5	-2.0	72.73405075073242	10.063049793243408	10.001269817352295	7.711220026016235	-2.0	-2.0	-2.0	3451.0	-2.0	-2.0	90486.0	-2.0	-2.0	-2.0	513742.5	7930.5	-2.0	-2.0	-2.0	1681750.0	41.51289939880371	21564.0	77.5	9086.0	-2.0	-2.0	-2.0	-2.0	-2.0	0.016966504976153374	4580380.0	30861.0	237.5	-2.0	-2.0	-2.0	-2.0	-2.0	5.998895168304443	-2.0	267.7990036010742	1.663474977016449	-2.0	0.00010353849938837811	10.5	-2.0	8.270615217043087e-05	261324.5	126.73550033569336	1256860.0	2.555114984512329	-2.0	26.5	147912.0	-2.0	-2.0	-2.0	123026.0	-2.0	-2.0	-2.0	210.0	1479845.0	-2.0	128324150.0	-2.0	27.550899505615234	-2.0	-2.0	6370.5	-2.0	21199350.0	29092.0	-2.0	-2.0	46202550.0	-2.0	-2.0	1.5	87944.0	-2.0	-2.0	-2.0	882511.0	75695.0	-2.0	-2.0	-2.0	-2.0	10.5	7.832465171813965	5.5	-2.0	2694168.5	201.0	17.0	-2.0	-2.0	-2.0	-2.0	61364.5	10.0	-2.0	-2.0	-2.0	41396.5	5.648870001095929e-06	-2.0	3.1762300729751587	3.1174449920654297	81374.0	1015.0	738.0	1.6153249740600586	576.0	-2.0	-2.0	-2.0	11888.5	-2.0	-2.0	10.0	11487.5	2.6658151149749756	-2.0	-2.0	-2.0	-2.0	6.435824889194919e-05	-2.0	-2.0	-2.0	13.5	6541210.0	0.0004611040058080107	-2.0	12.5	4978.0	2.5	-2.0	-2.0	-2.0	25.897500038146973	-2.0	-2.0	5.207745016377885e-05	-2.0	-2.0	27.5	20959.0	-2.0	0.0006830789934610948	-2.0	-2.0	-2.0	-2.0
# Feature
9	2	3	6	9	3	-2	1	-2	-2	9	8	-2	-2	-2	3	-2	8	-2	7	-2	-2	8	-2	6	8	1	5	5	-2	-2	5	5	-2	3	-2	-2	8	-2	-2	-2	8	-2	5	-2	-2	6	-2	-2	3	8	5	-2	-2	0	-2	3	6	7	-2	6	8	-2	-2	-2	3	-2	5	-2	-2	7	-2	-2	8	3	5	3	-2	-2	0	8	-2	3	9	-2	-2	8	9	-2	-2	3	-2	3	-2	-2	-2	2	7	5	-2	-2	-2	8	-2	3	8	-2	-2	5	8	-2	-2	-2	0	3	8	-2	3	-2	3	-2	3	-2	-2	3	9	6	3	-2	-2	3	1	5	-2	-2	5	-2	2	-2	0	-2	-2	7	5	6	-2	-2	8	-2	7	3	3	7	-2	-2	-2	8	-2	-2	2	-2	-2	-2	2	1	-2	-2	-2	2	7	8	5	1	-2	-2	-2	-2	-2	4	2	1	5	-2	-2	-2	-2	-2	3	-2	7	7	-2	4	5	-2	4	8	7	1	7	-2	5	8	-2	-2	-2	8	-2	-2	-2	5	1	-2	2	-2	3	-2	-2	5	-2	2	5	-2	-2	2	-2	-2	9	1	-2	-2	-2	2	0	-2	-2	-2	-2	5	3	5	-2	2	2	0	-2	-2	-2	-2	2	8	-2	-2	-2	5	4	-2	7	7	8	1	1	7	0	-2	-2	-2	2	-2	-2	9	1	7	-2	-2	-2	-2	4	-2	-2	-2	9	2	4	-2	9	2	6	-2	-2	-2	3	-2	-2	4	-2	-2	5	0	-2	4	-2	-2	-2	-2
# Values
463.0	739.0	45.0	268.0
452.0	319.0	35.0	240.0
223.0	40.0	20.0	26.0
217.0	1.0	14.0	1.0
204.0	1.0	4.0	0.0
196.0	1.0	0.0	0.0
193.0	0.0	0.0	0.0
3.0	1.0	0.0	0.0
0.0	1.0	0.0	0.0
3.0	0.0	0.0	0.0
8.0	0.0	4.0	0.0
1.0	0.0	4.0	0.0
0.0	0.0	4.0	0.0
1.0	0.0	0.0	0.0
7.0	0.0	0.0	0.0
13.0	0.0	10.0	1.0
12.0	0.0	0.0	0.0
1.0	0.0	10.0	1.0
0.0	0.0	10.0	0.0
1.0	0.0	0.0	1.0
0.0	0.0	0.0	1.0
1.0	0.0	0.0	0.0
6.0	39.0	6.0	25.0
0.0	0.0	6.0	0.0
6.0	39.0	0.0	25.0
6.0	38.0	0.0	11.0
4.0	36.0	0.0	6.0
4.0	13.0	0.0	6.0
4.0	1.0	0.0	0.0
0.0	1.0	0.0	0.0
4.0	0.0	0.0	0.0
0.0	12.0	0.0	6.0
0.0	11.0	0.0	3.0
0.0	0.0	0.0	1.0
0.0	11.0	0.0	2.0
0.0	4.0	0.0	2.0
0.0	7.0	0.0	0.0
0.0	1.0	0.0	3.0
0.0	0.0	0.0	3.0
0.0	1.0	0.0	0.0
0.0	23.0	0.0	0.0
2.0	2.0	0.0	5.0
0.0	0.0	0.0	5.0
2.0	2.0	0.0	0.0
2.0	0.0	0.0	0.0
0.0	2.0	0.0	0.0
0.0	1.0	0.0	14.0
0.0	0.0	0.0	14.0
0.0	1.0	0.0	0.0
229.0	279.0	15.0	214.0
189.0	1.0	9.0	5.0
1.0	0.0	9.0	0.0
1.0	0.0	0.0	0.0
0.0	0.0	9.0	0.0
188.0	1.0	0.0	5.0
0.0	0.0	0.0	3.0
188.0	1.0	0.0	2.0
187.0	1.0	0.0	1.0
171.0	1.0	0.0	0.0
153.0	0.0	0.0	0.0
18.0	1.0	0.0	0.0
2.0	1.0	0.0	0.0
2.0	0.0	0.0	0.0
0.0	1.0	0.0	0.0
16.0	0.0	0.0	0.0
16.0	0.0	0.0	1.0
14.0	0.0	0.0	0.0
2.0	0.0	0.0	1.0
0.0	0.0	0.0	1.0
2.0	0.0	0.0	0.0
1.0	0.0	0.0	1.0
1.0	0.0	0.0	0.0
0.0	0.0	0.0	1.0
40.0	278.0	6.0	209.0
4.0	126.0	6.0	38.0
4.0	94.0	6.0	1.0
0.0	1.0	4.0	0.0
0.0	1.0	0.0	0.0
0.0	0.0	4.0	0.0
4.0	93.0	2.0	1.0
4.0	93.0	1.0	1.0
0.0	0.0	1.0	0.0
4.0	93.0	0.0	1.0
2.0	2.0	0.0	0.0
2.0	0.0	0.0	0.0
0.0	2.0	0.0	0.0
2.0	91.0	0.0	1.0
2.0	4.0	0.0	0.0
0.0	4.0	0.0	0.0
2.0	0.0	0.0	0.0
0.0	87.0	0.0	1.0
0.0	78.0	0.0	0.0
0.0	9.0	0.0	1.0
0.0	0.0	0.0	1.0
0.0	9.0	0.0	0.0
0.0	0.0	1.0	0.0
0.0	32.0	0.0	37.0
0.0	9.0	0.0	32.0
0.0	2.0	0.0	32.0
0.0	2.0	0.0	0.0
0.0	0.0	0.0	32.0
0.0	7.0	0.0	0.0
0.0	23.0	0.0	5.0
0.0	9.0	0.0	0.0
0.0	14.0	0.0	5.0
0.0	2.0	0.0	4.0
0.0	0.0	0.0	4.0
0.0	2.0	0.0	0.0
0.0	12.0	0.0	1.0
0.0	5.0	0.0	1.0
0.0	0.0	0.0	1.0
0.0	5.0	0.0	0.0
0.0	7.0	0.0	0.0
36.0	152.0	0.0	171.0
16.0	84.0	0.0	143.0
13.0	11.0	0.0	1.0
10.0	0.0	0.0	0.0
3.0	11.0	0.0	1.0
0.0	0.0	0.0	1.0
3.0	11.0	0.0	0.0
0.0	6.0	0.0	0.0
3.0	5.0	0.0	0.0
3.0	0.0	0.0	0.0
0.0	5.0	0.0	0.0
3.0	73.0	0.0	142.0
3.0	53.0	0.0	130.0
3.0	35.0	0.0	123.0
3.0	5.0	0.0	0.0
3.0	0.0	0.0	0.0
0.0	5.0	0.0	0.0
0.0	30.0	0.0	123.0
0.0	14.0	0.0	13.0
0.0	3.0	0.0	11.0
0.0	0.0	0.0	11.0
0.0	3.0	0.0	0.0
0.0	11.0	0.0	2.0
0.0	0.0	0.0	1.0
0.0	11.0	0.0	1.0
0.0	8.0	0.0	0.0
0.0	3.0	0.0	1.0
0.0	0.0	0.0	1.0
0.0	3.0	0.0	0.0
0.0	16.0	0.0	110.0
0.0	13.0	0.0	110.0
0.0	4.0	0.0	1.0
0.0	4.0	0.0	0.0
0.0	0.0	0.0	1.0
0.0	9.0	0.0	109.0
0.0	1.0	0.0	0.0
0.0	8.0	0.0	109.0
0.0	5.0	0.0	102.0
0.0	4.0	0.0	19.0
0.0	2.0	0.0	19.0
0.0	2.0	0.0	0.0
0.0	0.0	0.0	19.0
0.0	2.0	0.0	0.0
0.0	1.0	0.0	83.0
0.0	1.0	0.0	2.0
0.0	0.0	0.0	81.0
0.0	3.0	0.0	7.0
0.0	3.0	0.0	0.0
0.0	0.0	0.0	7.0
0.0	3.0	0.0	0.0
0.0	18.0	0.0	7.0
0.0	18.0	0.0	3.0
0.0	0.0	0.0	3.0
0.0	18.0	0.0	0.0
0.0	0.0	0.0	4.0
0.0	20.0	0.0	12.0
0.0	16.0	0.0	4.0
0.0	7.0	0.0	4.0
0.0	7.0	0.0	2.0
0.0	2.0	0.0	2.0
0.0	0.0	0.0	2.0
0.0	2.0	0.0	0.0
0.0	5.0	0.0	0.0
0.0	0.0	0.0	2.0
0.0	9.0	0.0	0.0
0.0	4.0	0.0	8.0
0.0	2.0	0.0	8.0
0.0	1.0	0.0	8.0
0.0	1.0	0.0	3.0
0.0	1.0	0.0	0.0
0.0	0.0	0.0	3.0
0.0	0.0	0.0	5.0
0.0	1.0	0.0	0.0
0.0	2.0	0.0	0.0
20.0	68.0	0.0	28.0
7.0	0.0	0.0	0.0
13.0	68.0	0.0	28.0
13.0	50.0	0.0	28.0
0.0	13.0	0.0	0.0
13.0	37.0	0.0	28.0
13.0	25.0	0.0	27.0
4.0	0.0	0.0	0.0
9.0	25.0	0.0	27.0
8.0	24.0	0.0	19.0
0.0	19.0	0.0	10.0
0.0	19.0	0.0	5.0
0.0	16.0	0.0	2.0
0.0	0.0	0.0	1.0
0.0	16.0	0.0	1.0
0.0	3.0	0.0	1.0
0.0	0.0	0.0	1.0
0.0	3.0	0.0	0.0
0.0	13.0	0.0	0.0
0.0	3.0	0.0	3.0
0.0	0.0	0.0	3.0
0.0	3.0	0.0	0.0
0.0	0.0	0.0	5.0
8.0	5.0	0.0	9.0
0.0	3.0	0.0	5.0
0.0	0.0	0.0	3.0
0.0	3.0	0.0	2.0
0.0	2.0	0.0	0.0
0.0	1.0	0.0	2.0
0.0	0.0	0.0	2.0
0.0	1.0	0.0	0.0
8.0	2.0	0.0	4.0
6.0	0.0	0.0	0.0
2.0	2.0	0.0	4.0
1.0	0.0	0.0	4.0
0.0	0.0	0.0	4.0
1.0	0.0	0.0	0.0
1.0	2.0	0.0	0.0
0.0	2.0	0.0	0.0
1.0	0.0	0.0	0.0
1.0	1.0	0.0	8.0
1.0	1.0	0.0	0.0
0.0	1.0	0.0	0.0
1.0	0.0	0.0	0.0
0.0	0.0	0.0	8.0
0.0	12.0	0.0	1.0
0.0	1.0	0.0	1.0
0.0	1.0	0.0	0.0
0.0	0.0	0.0	1.0
0.0	11.0	0.0	0.0
0.0	18.0	0.0	0.0
11.0	420.0	10.0	28.0
6.0	14.0	8.0	6.0
6.0	14.0	2.0	0.0
4.0	0.0	0.0	0.0
2.0	14.0	2.0	0.0
0.0	14.0	2.0	0.0
0.0	2.0	2.0	0.0
0.0	2.0	0.0	0.0
0.0	0.0	2.0	0.0
0.0	12.0	0.0	0.0
2.0	0.0	0.0	0.0
0.0	0.0	6.0	6.0
0.0	0.0	1.0	6.0
0.0	0.0	1.0	0.0
0.0	0.0	0.0	6.0
0.0	0.0	5.0	0.0
5.0	406.0	2.0	22.0
5.0	406.0	2.0	19.0
0.0	0.0	0.0	2.0
5.0	406.0	2.0	17.0
5.0	57.0	0.0	6.0
5.0	57.0	0.0	3.0
2.0	56.0	0.0	3.0
2.0	12.0	0.0	2.0
0.0	12.0	0.0	1.0
0.0	1.0	0.0	1.0
0.0	1.0	0.0	0.0
0.0	0.0	0.0	1.0
0.0	11.0	0.0	0.0
2.0	0.0	0.0	1.0
2.0	0.0	0.0	0.0
0.0	0.0	0.0	1.0
0.0	44.0	0.0	1.0
0.0	8.0	0.0	1.0
0.0	1.0	0.0	1.0
0.0	0.0	0.0	1.0
0.0	1.0	0.0	0.0
0.0	7.0	0.0	0.0
0.0	36.0	0.0	0.0
3.0	1.0	0.0	0.0
0.0	1.0	0.0	0.0
3.0	0.0	0.0	0.0
0.0	0.0	0.0	3.0
0.0	349.0	2.0	11.0
0.0	50.0	0.0	11.0
0.0	49.0	0.0	5.0
0.0	20.0	0.0	0.0
0.0	29.0	0.0	5.0
0.0	27.0	0.0	1.0
0.0	2.0	0.0	1.0
0.0	2.0	0.0	0.0
0.0	0.0	0.0	1.0
0.0	25.0	0.0	0.0
0.0	2.0	0.0	4.0
0.0	2.0	0.0	0.0
0.0	0.0	0.0	4.0
0.0	1.0	0.0	6.0
0.0	1.0	0.0	0.0
0.0	0.0	0.0	6.0
0.0	299.0	2.0	0.0
0.0	27.0	2.0	0.0
0.0	24.0	0.0	0.0
0.0	3.0	2.0	0.0
0.0	3.0	0.0	0.0
0.0	0.0	2.0	0.0
0.0	272.0	0.0	0.0
0.0	0.0	0.0	3.0
