# Sizes (NFeatures, Nclasses, NodeCount, MaxDepth)
10	4	255	18
# Classes
0.0	1.0	2.0	3.0
# Feature Names
Nrows	Ncols	Nnnz	AvgNnnz	Density	MaxRowNnnz	MinRowNnnz	StdRowNnnz	NDiags	NTrueDiags
# Left
1	2	3	-1	5	6	-1	8	-1	10	11	-1	-1	14	15	16	-1	18	-1	-1	-1	-1	23	-1	-1	26	-1	28	29	-1	31	32	-1	34	-1	-1	-1	38	-1	-1	41	42	-1	44	-1	-1	47	48	49	-1	51	52	53	-1	55	56	-1	58	-1	-1	-1	62	-1	-1	65	-1	67	68	-1	70	-1	-1	-1	74	75	76	77	-1	-1	80	-1	-1	83	84	-1	-1	-1	88	89	90	-1	-1	93	94	-1	96	-1	98	-1	-1	101	102	103	104	105	-1	-1	-1	109	110	-1	112	-1	114	-1	-1	-1	118	119	120	-1	-1	-1	124	-1	-1	127	128	129	-1	-1	-1	-1	134	135	-1	137	138	-1	-1	-1	-1	143	144	145	146	-1	148	-1	-1	151	-1	153	154	155	-1	-1	158	-1	-1	161	162	-1	-1	165	166	-1	168	-1	-1	-1	172	173	174	-1	176	177	-1	179	-1	-1	182	183	184	-1	186	-1	-1	-1	190	191	192	-1	-1	195	196	197	-1	-1	200	201	-1	203	-1	205	-1	-1	-1	209	-1	-1	212	-1	-1	-1	216	217	218	-1	-1	-1	222	-1	224	-1	226	227	228	-1	-1	-1	232	-1	-1	235	236	237	238	239	-1	-1	-1	243	-1	245	-1	247	-1	-1	250	-1	-1	253	-1	-1
# Right
40	25	4	-1	22	7	-1	9	-1	13	12	-1	-1	21	20	17	-1	19	-1	-1	-1	-1	24	-1	-1	27	-1	37	30	-1	36	33	-1	35	-1	-1	-1	39	-1	-1	46	43	-1	45	-1	-1	142	73	50	-1	64	61	54	-1	60	57	-1	59	-1	-1	-1	63	-1	-1	66	-1	72	69	-1	71	-1	-1	-1	87	82	79	78	-1	-1	81	-1	-1	86	85	-1	-1	-1	133	92	91	-1	-1	100	95	-1	97	-1	99	-1	-1	126	117	108	107	106	-1	-1	-1	116	111	-1	113	-1	115	-1	-1	-1	123	122	121	-1	-1	-1	125	-1	-1	132	131	130	-1	-1	-1	-1	141	136	-1	140	139	-1	-1	-1	-1	234	171	150	147	-1	149	-1	-1	152	-1	160	157	156	-1	-1	159	-1	-1	164	163	-1	-1	170	167	-1	169	-1	-1	-1	215	214	175	-1	181	178	-1	180	-1	-1	189	188	185	-1	187	-1	-1	-1	211	194	193	-1	-1	208	199	198	-1	-1	207	202	-1	204	-1	206	-1	-1	-1	210	-1	-1	213	-1	-1	-1	221	220	219	-1	-1	-1	223	-1	225	-1	231	230	229	-1	-1	-1	233	-1	-1	252	249	242	241	240	-1	-1	-1	244	-1	246	-1	248	-1	-1	251	-1	-1	254	-1	-1
# Threshold
5.688539981842041	4.5	8.5	-2.0	0.11685450002551079	144.0	-2.0	529.5	-2.0	1066.5	0.5	-2.0	-2.0	11966.5	57046.0	8670.0	-2.0	9761.5	-2.0	-2.0	-2.0	-2.0	2.3860435783863068	-2.0	-2.0	6.5	-2.0	3.5	2.5	-2.0	2505.5	4.832984924316406	-2.0	5.287525177001953	-2.0	-2.0	-2.0	104.5	-2.0	-2.0	10.0	7.302335023880005	-2.0	19898.0	-2.0	-2.0	3451.0	1.5	0.5	-2.0	33010.0	8.835239887237549	2.565845012664795	-2.0	512.0	228.5	-2.0	1.5	-2.0	-2.0	-2.0	19.0	-2.0	-2.0	28.5	-2.0	47643.0	29.5	-2.0	6.65301513671875	-2.0	-2.0	-2.0	1.5	20.5	7.5	4.284415006637573	-2.0	-2.0	17.5	-2.0	-2.0	6.002094984054565	5.855674982070923	-2.0	-2.0	-2.0	18.245400428771973	2.5	6312.0	-2.0	-2.0	6.976140022277832	20.5	-2.0	2.338099956512451	-2.0	3.343845009803772	-2.0	-2.0	10.0	5.517899990081787	1.8890100121498108	2738.0	1.1564300060272217	-2.0	-2.0	-2.0	11.87589979171753	7.144180059432983	-2.0	72596.5	-2.0	0.0005894825153518468	-2.0	-2.0	-2.0	2532.0	8166.5	488.0	-2.0	-2.0	-2.0	12.800400257110596	-2.0	-2.0	11.5	2481000.0	21.5	-2.0	-2.0	-2.0	-2.0	31.5	22.270649909973145	-2.0	402.0	36.0	-2.0	-2.0	-2.0	-2.0	3.5	8.861890091793612e-05	268950.0	2.5	-2.0	7.257654905319214	-2.0	-2.0	326493.5	-2.0	37.24824905395508	14.754349708557129	9.5	-2.0	-2.0	464696.5	-2.0	-2.0	2693420.0	2.7272400075162295e-05	-2.0	-2.0	112.29419708251953	12346505.0	-2.0	3498655.0	-2.0	-2.0	-2.0	22.85134983062744	16120.5	1.409860998392105	-2.0	6.4317851066589355	2.5646249651908875	-2.0	12.328024625778198	-2.0	-2.0	25.5	4.0	77500.0	-2.0	14.0	-2.0	-2.0	-2.0	69.8036003112793	7.392284870147705	17.31564998626709	-2.0	-2.0	73832.0	0.5	358827.0	-2.0	-2.0	123.0	147629.0	-2.0	153083.0	-2.0	10803.5	-2.0	-2.0	-2.0	0.00013589850277639925	-2.0	-2.0	75.70730209350586	-2.0	-2.0	-2.0	13757.0	5590.5	176004.0	-2.0	-2.0	-2.0	0.5	-2.0	0.0006605965027119964	-2.0	14458945.0	210.0	41.372549057006836	-2.0	-2.0	-2.0	16.0	-2.0	-2.0	14.0	12.0	8.257414810941555e-05	143.5	27971.0	-2.0	-2.0	-2.0	0.0011683249904308468	-2.0	4099.5	-2.0	8.0	-2.0	-2.0	29.81029987335205	-2.0	-2.0	41396.5	-2.0	-2.0
# Feature
3	9	2	-2	4	5	-2	0	-2	8	6	-2	-2	0	2	0	-2	0	-2	-2	-2	-2	7	-2	-2	8	-2	6	6	-2	5	3	-2	3	-2	-2	-2	1	-2	-2	8	3	-2	0	-2	-2	8	9	6	-2	2	3	7	-2	8	1	-2	6	-2	-2	-2	5	-2	-2	5	-2	2	6	-2	7	-2	-2	-2	6	5	9	7	-2	-2	5	-2	-2	7	7	-2	-2	-2	3	9	0	-2	-2	3	0	-2	7	-2	7	-2	-2	9	7	7	2	7	-2	-2	-2	3	3	-2	2	-2	4	-2	-2	-2	8	2	1	-2	-2	-2	7	-2	-2	6	0	8	-2	-2	-2	-2	5	3	-2	8	9	-2	-2	-2	-2	9	4	8	9	-2	3	-2	-2	8	-2	7	3	5	-2	-2	8	-2	-2	2	4	-2	-2	7	2	-2	0	-2	-2	-2	3	5	7	-2	3	7	-2	7	-2	-2	5	6	8	-2	5	-2	-2	-2	7	3	7	-2	-2	1	6	2	-2	-2	5	2	-2	2	-2	1	-2	-2	-2	4	-2	-2	7	-2	-2	-2	0	8	2	-2	-2	-2	6	-2	4	-2	2	5	7	-2	-2	-2	6	-2	-2	9	9	4	5	8	-2	-2	-2	4	-2	1	-2	9	-2	-2	7	-2	-2	5	-2	-2
# Values
473.0	725.0	48.0	269.0
437.0	8.0	21.0	6.0
390.0	5.0	2.0	1.0
0.0	0.0	2.0	0.0
390.0	5.0	0.0	1.0
389.0	4.0	0.0	1.0
340.0	0.0	0.0	0.0
49.0	4.0	0.0	1.0
0.0	2.0	0.0	0.0
49.0	2.0	0.0	1.0
1.0	1.0	0.0	0.0
0.0	1.0	0.0	0.0
1.0	0.0	0.0	0.0
48.0	1.0	0.0	1.0
15.0	1.0	0.0	1.0
15.0	1.0	0.0	0.0
12.0	0.0	0.0	0.0
3.0	1.0	0.0	0.0
0.0	1.0	0.0	0.0
3.0	0.0	0.0	0.0
0.0	0.0	0.0	1.0
33.0	0.0	0.0	0.0
1.0	1.0	0.0	0.0
1.0	0.0	0.0	0.0
0.0	1.0	0.0	0.0
47.0	3.0	19.0	5.0
0.0	0.0	17.0	0.0
47.0	3.0	2.0	5.0
47.0	0.0	0.0	5.0
40.0	0.0	0.0	0.0
7.0	0.0	0.0	5.0
3.0	0.0	0.0	5.0
2.0	0.0	0.0	0.0
1.0	0.0	0.0	5.0
0.0	0.0	0.0	5.0
1.0	0.0	0.0	0.0
4.0	0.0	0.0	0.0
0.0	3.0	2.0	0.0
0.0	3.0	0.0	0.0
0.0	0.0	2.0	0.0
36.0	717.0	27.0	263.0
0.0	1.0	24.0	0.0
0.0	0.0	20.0	0.0
0.0	1.0	4.0	0.0
0.0	0.0	4.0	0.0
0.0	1.0	0.0	0.0
36.0	716.0	3.0	263.0
13.0	444.0	3.0	88.0
1.0	31.0	0.0	46.0
0.0	6.0	0.0	0.0
1.0	25.0	0.0	46.0
1.0	8.0	0.0	33.0
1.0	7.0	0.0	6.0
0.0	2.0	0.0	0.0
1.0	5.0	0.0	6.0
1.0	2.0	0.0	6.0
0.0	2.0	0.0	4.0
1.0	0.0	0.0	2.0
0.0	0.0	0.0	2.0
1.0	0.0	0.0	0.0
0.0	3.0	0.0	0.0
0.0	1.0	0.0	27.0
0.0	1.0	0.0	0.0
0.0	0.0	0.0	27.0
0.0	17.0	0.0	13.0
0.0	0.0	0.0	6.0
0.0	17.0	0.0	7.0
0.0	11.0	0.0	7.0
0.0	9.0	0.0	0.0
0.0	2.0	0.0	7.0
0.0	0.0	0.0	5.0
0.0	2.0	0.0	2.0
0.0	6.0	0.0	0.0
12.0	413.0	3.0	42.0
5.0	186.0	0.0	2.0
4.0	9.0	0.0	2.0
4.0	0.0	0.0	1.0
4.0	0.0	0.0	0.0
0.0	0.0	0.0	1.0
0.0	9.0	0.0	1.0
0.0	9.0	0.0	0.0
0.0	0.0	0.0	1.0
1.0	177.0	0.0	0.0
1.0	9.0	0.0	0.0
0.0	9.0	0.0	0.0
1.0	0.0	0.0	0.0
0.0	168.0	0.0	0.0
7.0	227.0	3.0	40.0
7.0	130.0	2.0	38.0
4.0	0.0	0.0	4.0
0.0	0.0	0.0	4.0
4.0	0.0	0.0	0.0
3.0	130.0	2.0	34.0
3.0	62.0	0.0	0.0
1.0	0.0	0.0	0.0
2.0	62.0	0.0	0.0
0.0	46.0	0.0	0.0
2.0	16.0	0.0	0.0
2.0	0.0	0.0	0.0
0.0	16.0	0.0	0.0
0.0	68.0	2.0	34.0
0.0	28.0	0.0	30.0
0.0	25.0	0.0	14.0
0.0	1.0	0.0	8.0
0.0	1.0	0.0	3.0
0.0	1.0	0.0	0.0
0.0	0.0	0.0	3.0
0.0	0.0	0.0	5.0
0.0	24.0	0.0	6.0
0.0	24.0	0.0	2.0
0.0	0.0	0.0	1.0
0.0	24.0	0.0	1.0
0.0	23.0	0.0	0.0
0.0	1.0	0.0	1.0
0.0	1.0	0.0	0.0
0.0	0.0	0.0	1.0
0.0	0.0	0.0	4.0
0.0	3.0	0.0	16.0
0.0	1.0	0.0	15.0
0.0	1.0	0.0	2.0
0.0	0.0	0.0	2.0
0.0	1.0	0.0	0.0
0.0	0.0	0.0	13.0
0.0	2.0	0.0	1.0
0.0	0.0	0.0	1.0
0.0	2.0	0.0	0.0
0.0	40.0	2.0	4.0
0.0	40.0	2.0	1.0
0.0	40.0	2.0	0.0
0.0	0.0	2.0	0.0
0.0	40.0	0.0	0.0
0.0	0.0	0.0	1.0
0.0	0.0	0.0	3.0
0.0	97.0	1.0	2.0
0.0	8.0	1.0	2.0
0.0	5.0	0.0	0.0
0.0	3.0	1.0	2.0
0.0	0.0	1.0	2.0
0.0	0.0	1.0	0.0
0.0	0.0	0.0	2.0
0.0	3.0	0.0	0.0
0.0	89.0	0.0	0.0
23.0	272.0	0.0	175.0
17.0	91.0	0.0	152.0
13.0	46.0	0.0	13.0
0.0	24.0	0.0	2.0
0.0	19.0	0.0	0.0
0.0	5.0	0.0	2.0
0.0	5.0	0.0	0.0
0.0	0.0	0.0	2.0
13.0	22.0	0.0	11.0
0.0	0.0	0.0	6.0
13.0	22.0	0.0	5.0
11.0	6.0	0.0	1.0
11.0	2.0	0.0	0.0
0.0	2.0	0.0	0.0
11.0	0.0	0.0	0.0
0.0	4.0	0.0	1.0
0.0	0.0	0.0	1.0
0.0	4.0	0.0	0.0
2.0	16.0	0.0	4.0
1.0	0.0	0.0	2.0
0.0	0.0	0.0	2.0
1.0	0.0	0.0	0.0
1.0	16.0	0.0	2.0
1.0	4.0	0.0	2.0
0.0	0.0	0.0	2.0
1.0	4.0	0.0	0.0
0.0	4.0	0.0	0.0
1.0	0.0	0.0	0.0
0.0	12.0	0.0	0.0
4.0	45.0	0.0	139.0
4.0	22.0	0.0	123.0
4.0	18.0	0.0	123.0
0.0	5.0	0.0	0.0
4.0	13.0	0.0	123.0
3.0	2.0	0.0	3.0
0.0	0.0	0.0	3.0
3.0	2.0	0.0	0.0
3.0	0.0	0.0	0.0
0.0	2.0	0.0	0.0
1.0	11.0	0.0	120.0
0.0	3.0	0.0	4.0
0.0	1.0	0.0	4.0
0.0	0.0	0.0	3.0
0.0	1.0	0.0	1.0
0.0	1.0	0.0	0.0
0.0	0.0	0.0	1.0
0.0	2.0	0.0	0.0
1.0	8.0	0.0	116.0
1.0	6.0	0.0	112.0
0.0	3.0	0.0	7.0
0.0	0.0	0.0	7.0
0.0	3.0	0.0	0.0
1.0	3.0	0.0	105.0
1.0	2.0	0.0	102.0
1.0	0.0	0.0	2.0
0.0	0.0	0.0	2.0
1.0	0.0	0.0	0.0
0.0	2.0	0.0	100.0
0.0	2.0	0.0	27.0
0.0	0.0	0.0	17.0
0.0	2.0	0.0	10.0
0.0	1.0	0.0	0.0
0.0	1.0	0.0	10.0
0.0	1.0	0.0	2.0
0.0	0.0	0.0	8.0
0.0	0.0	0.0	73.0
0.0	1.0	0.0	3.0
0.0	0.0	0.0	3.0
0.0	1.0	0.0	0.0
0.0	2.0	0.0	4.0
0.0	2.0	0.0	0.0
0.0	0.0	0.0	4.0
0.0	4.0	0.0	0.0
0.0	23.0	0.0	16.0
0.0	12.0	0.0	2.0
0.0	1.0	0.0	2.0
0.0	1.0	0.0	0.0
0.0	0.0	0.0	2.0
0.0	11.0	0.0	0.0
0.0	11.0	0.0	14.0
0.0	5.0	0.0	0.0
0.0	6.0	0.0	14.0
0.0	3.0	0.0	0.0
0.0	3.0	0.0	14.0
0.0	1.0	0.0	11.0
0.0	1.0	0.0	1.0
0.0	0.0	0.0	1.0
0.0	1.0	0.0	0.0
0.0	0.0	0.0	10.0
0.0	2.0	0.0	3.0
0.0	2.0	0.0	0.0
0.0	0.0	0.0	3.0
6.0	181.0	0.0	23.0
6.0	72.0	0.0	22.0
6.0	70.0	0.0	8.0
6.0	10.0	0.0	4.0
0.0	10.0	0.0	4.0
0.0	0.0	0.0	4.0
0.0	10.0	0.0	0.0
6.0	0.0	0.0	0.0
0.0	60.0	0.0	4.0
0.0	55.0	0.0	0.0
0.0	5.0	0.0	4.0
0.0	4.0	0.0	0.0
0.0	1.0	0.0	4.0
0.0	0.0	0.0	4.0
0.0	1.0	0.0	0.0
0.0	2.0	0.0	14.0
0.0	2.0	0.0	0.0
0.0	0.0	0.0	14.0
0.0	109.0	0.0	1.0
0.0	109.0	0.0	0.0
0.0	0.0	0.0	1.0
