# Sizes (NFeatures, Nclasses, NodeCount, MaxDepth)
10	4	309	14
# Classes
0.0	1.0	2.0	3.0
# Feature Names
Nrows	Ncols	Nnnz	AvgNnnz	Density	MaxRowNnnz	MinRowNnnz	StdRowNnnz	NDiags	NTrueDiags
# Left
1	2	3	4	5	6	7	-1	9	-1	-1	-1	13	14	-1	16	-1	-1	19	-1	-1	22	23	-1	-1	26	27	-1	-1	-1	31	32	-1	-1	35	36	37	38	-1	40	41	42	43	-1	45	-1	-1	-1	-1	-1	-1	52	53	-1	-1	56	57	-1	-1	60	61	62	63	64	-1	-1	-1	-1	69	-1	-1	72	-1	-1	75	-1	77	78	-1	-1	-1	82	83	84	-1	86	87	-1	-1	90	91	92	-1	-1	-1	-1	97	98	-1	100	101	102	103	-1	-1	-1	107	108	-1	-1	111	112	-1	-1	-1	116	-1	118	-1	-1	121	-1	123	-1	125	126	127	-1	129	-1	-1	-1	133	-1	-1	136	137	138	139	-1	141	-1	143	-1	-1	-1	147	148	-1	-1	-1	152	153	-1	155	-1	157	158	159	-1	161	162	-1	-1	-1	166	-1	-1	169	-1	171	172	-1	-1	-1	176	177	178	179	180	-1	-1	183	184	-1	-1	-1	188	-1	190	191	192	-1	194	-1	196	-1	-1	-1	200	-1	-1	203	204	-1	206	207	208	-1	-1	-1	-1	-1	214	215	-1	217	218	-1	220	-1	-1	223	-1	225	226	-1	228	-1	-1	231	-1	-1	234	235	236	237	-1	-1	-1	241	-1	-1	244	245	246	-1	-1	-1	-1	251	252	253	-1	255	256	-1	258	259	-1	-1	262	263	-1	-1	-1	267	268	269	-1	-1	-1	273	274	-1	276	-1	278	279	280	-1	282	-1	284	-1	-1	-1	-1	289	290	-1	-1	293	-1	-1	-1	297	298	299	-1	301	302	-1	304	-1	-1	-1	-1	-1
# Right
250	81	30	21	12	11	8	-1	10	-1	-1	-1	18	15	-1	17	-1	-1	20	-1	-1	25	24	-1	-1	29	28	-1	-1	-1	34	33	-1	-1	74	51	50	39	-1	49	48	47	44	-1	46	-1	-1	-1	-1	-1	-1	55	54	-1	-1	59	58	-1	-1	71	68	67	66	65	-1	-1	-1	-1	70	-1	-1	73	-1	-1	76	-1	80	79	-1	-1	-1	135	96	85	-1	89	88	-1	-1	95	94	93	-1	-1	-1	-1	120	99	-1	115	106	105	104	-1	-1	-1	110	109	-1	-1	114	113	-1	-1	-1	117	-1	119	-1	-1	122	-1	124	-1	132	131	128	-1	130	-1	-1	-1	134	-1	-1	151	146	145	140	-1	142	-1	144	-1	-1	-1	150	149	-1	-1	-1	175	154	-1	156	-1	168	165	160	-1	164	163	-1	-1	-1	167	-1	-1	170	-1	174	173	-1	-1	-1	213	202	187	182	181	-1	-1	186	185	-1	-1	-1	189	-1	199	198	193	-1	195	-1	197	-1	-1	-1	201	-1	-1	212	205	-1	211	210	209	-1	-1	-1	-1	-1	233	216	-1	222	219	-1	221	-1	-1	224	-1	230	227	-1	229	-1	-1	232	-1	-1	243	240	239	238	-1	-1	-1	242	-1	-1	249	248	247	-1	-1	-1	-1	296	295	254	-1	266	257	-1	261	260	-1	-1	265	264	-1	-1	-1	272	271	270	-1	-1	-1	288	275	-1	277	-1	287	286	281	-1	283	-1	285	-1	-1	-1	-1	292	291	-1	-1	294	-1	-1	-1	308	307	300	-1	306	303	-1	305	-1	-1	-1	-1	-1
# Threshold
8.5	8395.0	5.557909965515137	4.83663010597229	4.5	0.5	110.5	-2.0	9.928459644317627	-2.0	-2.0	-2.0	1.941610038280487	2.5	-2.0	450.0	-2.0	-2.0	3.871000051498413	-2.0	-2.0	0.6983755230903625	0.007264545187354088	-2.0	-2.0	7.5	646.0	-2.0	-2.0	-2.0	0.5844509899616241	3.5	-2.0	-2.0	8.47768497467041	6.094130039215088	6.066279888153076	11.0	-2.0	1291.5	253.0	204.0	4.2250800132751465	-2.0	0.041608499363064766	-2.0	-2.0	-2.0	-2.0	-2.0	-2.0	56.0	1.2575660049915314	-2.0	-2.0	524.5	479.0	-2.0	-2.0	7124.5	502.0	2.2847349643707275	1748.0	15.0	-2.0	-2.0	-2.0	-2.0	636.0	-2.0	-2.0	3.0	-2.0	-2.0	4.018524885177612	-2.0	671.0	164.0	-2.0	-2.0	-2.0	0.00013390800449997187	5.998700141906738	4.936434984207153	-2.0	859.0	529999.5	-2.0	-2.0	6.5	2705008.0	5.57778000831604	-2.0	-2.0	-2.0	-2.0	11.003900051116943	259.0	-2.0	36.96904945373535	1.5	237466.0	9.788520037545823e-05	-2.0	-2.0	-2.0	2.5	462465.0	-2.0	-2.0	575456.5	6.468394994735718	-2.0	-2.0	-2.0	315616.5	-2.0	482907.5	-2.0	-2.0	7054280.0	-2.0	39.5	-2.0	13701.5	4.5	23.201619625091553	-2.0	68.43185043334961	-2.0	-2.0	-2.0	3733150.0	-2.0	-2.0	1980.0	0.5	277.0	30289.0	-2.0	29.5	-2.0	69.5	-2.0	-2.0	-2.0	10345.5	4.375640034675598	-2.0	-2.0	-2.0	6.297399997711182	7.5	-2.0	2668.5	-2.0	95826.0	4.5	5.850059986114502	-2.0	10620.0	6.182075023651123	-2.0	-2.0	-2.0	9557.0	-2.0	-2.0	18508.5	-2.0	40111.5	13.5	-2.0	-2.0	-2.0	1.5	1.5	0.5	18275.5	0.0016778899589553475	-2.0	-2.0	15.54390001296997	219.0	-2.0	-2.0	-2.0	3300.5	-2.0	3950.5	6214.5	39219.5	-2.0	70412.0	-2.0	25.98194980621338	-2.0	-2.0	-2.0	9172.0	-2.0	-2.0	65483.5	0.0011413100291974843	-2.0	4898.5	22.5	3641.0	-2.0	-2.0	-2.0	-2.0	-2.0	149.0	2102.5	-2.0	2.5	351365.0	-2.0	19.38629961013794	-2.0	-2.0	6.4923951625823975	-2.0	25164.0	0.00124074995983392	-2.0	6980.5	-2.0	-2.0	9.291264772415161	-2.0	-2.0	73.94295120239258	58993.5	7.105679988861084	78370.0	-2.0	-2.0	-2.0	0.00016203150153160095	-2.0	-2.0	200590008.0	300.0	0.008558614877983928	-2.0	-2.0	-2.0	-2.0	13.5	67.77944946289062	4.722019910812378	-2.0	1.3677849769592285	10.0	-2.0	7.56677508354187	42877.5	-2.0	-2.0	0.0011559470585780218	16.5	-2.0	-2.0	-2.0	11.5	2.162594974040985	3.5	-2.0	-2.0	-2.0	11.5	22.0	-2.0	3.5	-2.0	50.56480026245117	4.5	18.5	-2.0	9.635900020599365	-2.0	0.0005997215193929151	-2.0	-2.0	-2.0	-2.0	12.0	60.10464859008789	-2.0	-2.0	144469.5	-2.0	-2.0	-2.0	41396.5	1009.5	23.0	-2.0	996.0	12.0	-2.0	5.009619951248169	-2.0	-2.0	-2.0	-2.0	-2.0
# Feature
9	2	3	3	9	6	5	-2	7	-2	-2	-2	7	6	-2	1	-2	-2	3	-2	-2	7	4	-2	-2	5	1	-2	-2	-2	7	9	-2	-2	3	3	3	5	-2	8	1	1	7	-2	4	-2	-2	-2	-2	-2	-2	8	7	-2	-2	2	2	-2	-2	2	0	7	2	5	-2	-2	-2	-2	1	-2	-2	9	-2	-2	7	-2	8	1	-2	-2	-2	4	3	3	-2	8	1	-2	-2	5	2	3	-2	-2	-2	-2	3	8	-2	7	6	8	4	-2	-2	-2	6	2	-2	-2	2	3	-2	-2	-2	1	-2	1	-2	-2	2	-2	5	-2	5	6	7	-2	7	-2	-2	-2	8	-2	-2	1	9	5	2	-2	6	-2	5	-2	-2	-2	2	7	-2	-2	-2	3	8	-2	1	-2	2	9	3	-2	1	3	-2	-2	-2	1	-2	-2	1	-2	1	5	-2	-2	-2	6	9	6	0	4	-2	-2	7	5	-2	-2	-2	8	-2	5	8	2	-2	2	-2	7	-2	-2	-2	5	-2	-2	8	4	-2	0	5	1	-2	-2	-2	-2	-2	5	1	-2	9	2	-2	3	-2	-2	3	-2	8	4	-2	0	-2	-2	3	-2	-2	3	1	3	2	-2	-2	-2	4	-2	-2	2	5	4	-2	-2	-2	-2	9	3	3	-2	7	8	-2	3	1	-2	-2	4	5	-2	-2	-2	5	7	6	-2	-2	-2	6	8	-2	6	-2	7	6	5	-2	3	-2	4	-2	-2	-2	-2	9	3	-2	-2	2	-2	-2	-2	5	0	8	-2	0	6	-2	7	-2	-2	-2	-2	-2
# Values
466.0	716.0	49.0	284.0
452.0	309.0	42.0	251.0
224.0	57.0	19.0	27.0
216.0	4.0	7.0	2.0
203.0	2.0	3.0	0.0
183.0	2.0	0.0	0.0
20.0	2.0	0.0	0.0
19.0	0.0	0.0	0.0
1.0	2.0	0.0	0.0
1.0	0.0	0.0	0.0
0.0	2.0	0.0	0.0
163.0	0.0	0.0	0.0
20.0	0.0	3.0	0.0
16.0	0.0	1.0	0.0
15.0	0.0	0.0	0.0
1.0	0.0	1.0	0.0
0.0	0.0	1.0	0.0
1.0	0.0	0.0	0.0
4.0	0.0	2.0	0.0
4.0	0.0	0.0	0.0
0.0	0.0	2.0	0.0
13.0	2.0	4.0	2.0
0.0	0.0	4.0	2.0
0.0	0.0	4.0	0.0
0.0	0.0	0.0	2.0
13.0	2.0	0.0	0.0
1.0	2.0	0.0	0.0
0.0	2.0	0.0	0.0
1.0	0.0	0.0	0.0
12.0	0.0	0.0	0.0
8.0	53.0	12.0	25.0
0.0	2.0	10.0	0.0
0.0	2.0	0.0	0.0
0.0	0.0	10.0	0.0
8.0	51.0	2.0	25.0
8.0	43.0	2.0	11.0
4.0	8.0	0.0	9.0
4.0	8.0	0.0	6.0
0.0	0.0	0.0	3.0
4.0	8.0	0.0	3.0
2.0	8.0	0.0	3.0
2.0	4.0	0.0	3.0
0.0	4.0	0.0	3.0
0.0	2.0	0.0	0.0
0.0	2.0	0.0	3.0
0.0	2.0	0.0	2.0
0.0	0.0	0.0	1.0
2.0	0.0	0.0	0.0
0.0	4.0	0.0	0.0
2.0	0.0	0.0	0.0
0.0	0.0	0.0	3.0
4.0	35.0	2.0	2.0
1.0	0.0	2.0	0.0
0.0	0.0	2.0	0.0
1.0	0.0	0.0	0.0
3.0	35.0	0.0	2.0
2.0	2.0	0.0	0.0
0.0	2.0	0.0	0.0
2.0	0.0	0.0	0.0
1.0	33.0	0.0	2.0
1.0	32.0	0.0	1.0
0.0	26.0	0.0	1.0
0.0	12.0	0.0	1.0
0.0	4.0	0.0	1.0
0.0	4.0	0.0	0.0
0.0	0.0	0.0	1.0
0.0	8.0	0.0	0.0
0.0	14.0	0.0	0.0
1.0	6.0	0.0	0.0
1.0	0.0	0.0	0.0
0.0	6.0	0.0	0.0
0.0	1.0	0.0	1.0
0.0	1.0	0.0	0.0
0.0	0.0	0.0	1.0
0.0	8.0	0.0	14.0
0.0	0.0	0.0	10.0
0.0	8.0	0.0	4.0
0.0	8.0	0.0	2.0
0.0	0.0	0.0	2.0
0.0	8.0	0.0	0.0
0.0	0.0	0.0	2.0
228.0	252.0	23.0	224.0
158.0	55.0	10.0	28.0
143.0	2.0	5.0	3.0
116.0	0.0	0.0	0.0
27.0	2.0	5.0	3.0
0.0	0.0	5.0	3.0
0.0	0.0	5.0	0.0
0.0	0.0	0.0	3.0
27.0	2.0	0.0	0.0
3.0	2.0	0.0	0.0
1.0	2.0	0.0	0.0
1.0	0.0	0.0	0.0
0.0	2.0	0.0	0.0
2.0	0.0	0.0	0.0
24.0	0.0	0.0	0.0
15.0	53.0	5.0	25.0
13.0	43.0	5.0	8.0
0.0	0.0	5.0	0.0
13.0	43.0	0.0	8.0
13.0	23.0	0.0	7.0
13.0	5.0	0.0	0.0
1.0	5.0	0.0	0.0
0.0	5.0	0.0	0.0
1.0	0.0	0.0	0.0
12.0	0.0	0.0	0.0
0.0	18.0	0.0	7.0
0.0	1.0	0.0	5.0
0.0	1.0	0.0	0.0
0.0	0.0	0.0	5.0
0.0	17.0	0.0	2.0
0.0	1.0	0.0	2.0
0.0	1.0	0.0	0.0
0.0	0.0	0.0	2.0
0.0	16.0	0.0	0.0
0.0	20.0	0.0	1.0
0.0	16.0	0.0	0.0
0.0	4.0	0.0	1.0
0.0	0.0	0.0	1.0
0.0	4.0	0.0	0.0
2.0	10.0	0.0	17.0
0.0	0.0	0.0	10.0
2.0	10.0	0.0	7.0
0.0	5.0	0.0	0.0
2.0	5.0	0.0	7.0
0.0	4.0	0.0	7.0
0.0	2.0	0.0	7.0
0.0	0.0	0.0	4.0
0.0	2.0	0.0	3.0
0.0	2.0	0.0	0.0
0.0	0.0	0.0	3.0
0.0	2.0	0.0	0.0
2.0	1.0	0.0	0.0
0.0	1.0	0.0	0.0
2.0	0.0	0.0	0.0
70.0	197.0	13.0	196.0
0.0	81.0	0.0	24.0
0.0	10.0	0.0	22.0
0.0	6.0	0.0	22.0
0.0	0.0	0.0	20.0
0.0	6.0	0.0	2.0
0.0	2.0	0.0	0.0
0.0	4.0	0.0	2.0
0.0	4.0	0.0	1.0
0.0	0.0	0.0	1.0
0.0	4.0	0.0	0.0
0.0	71.0	0.0	2.0
0.0	2.0	0.0	2.0
0.0	2.0	0.0	0.0
0.0	0.0	0.0	2.0
0.0	69.0	0.0	0.0
70.0	116.0	13.0	172.0
65.0	12.0	10.0	5.0
0.0	0.0	10.0	0.0
65.0	12.0	0.0	5.0
0.0	0.0	0.0	3.0
65.0	12.0	0.0	2.0
55.0	4.0	0.0	2.0
54.0	4.0	0.0	0.0
51.0	0.0	0.0	0.0
3.0	4.0	0.0	0.0
1.0	4.0	0.0	0.0
0.0	4.0	0.0	0.0
1.0	0.0	0.0	0.0
2.0	0.0	0.0	0.0
1.0	0.0	0.0	2.0
0.0	0.0	0.0	2.0
1.0	0.0	0.0	0.0
10.0	8.0	0.0	0.0
0.0	6.0	0.0	0.0
10.0	2.0	0.0	0.0
10.0	1.0	0.0	0.0
0.0	1.0	0.0	0.0
10.0	0.0	0.0	0.0
0.0	1.0	0.0	0.0
5.0	104.0	3.0	167.0
5.0	56.0	0.0	32.0
1.0	27.0	0.0	28.0
1.0	17.0	0.0	2.0
0.0	2.0	0.0	2.0
0.0	0.0	0.0	2.0
0.0	2.0	0.0	0.0
1.0	15.0	0.0	0.0
1.0	4.0	0.0	0.0
0.0	4.0	0.0	0.0
1.0	0.0	0.0	0.0
0.0	11.0	0.0	0.0
0.0	10.0	0.0	26.0
0.0	4.0	0.0	0.0
0.0	6.0	0.0	26.0
0.0	3.0	0.0	25.0
0.0	3.0	0.0	5.0
0.0	1.0	0.0	0.0
0.0	2.0	0.0	5.0
0.0	0.0	0.0	3.0
0.0	2.0	0.0	2.0
0.0	1.0	0.0	1.0
0.0	1.0	0.0	1.0
0.0	0.0	0.0	20.0
0.0	3.0	0.0	1.0
0.0	3.0	0.0	0.0
0.0	0.0	0.0	1.0
4.0	29.0	0.0	4.0
2.0	29.0	0.0	4.0
0.0	18.0	0.0	0.0
2.0	11.0	0.0	4.0
2.0	11.0	0.0	0.0
2.0	2.0	0.0	0.0
2.0	0.0	0.0	0.0
0.0	2.0	0.0	0.0
0.0	9.0	0.0	0.0
0.0	0.0	0.0	4.0
2.0	0.0	0.0	0.0
0.0	48.0	3.0	135.0
0.0	35.0	3.0	38.0
0.0	0.0	0.0	15.0
0.0	35.0	3.0	23.0
0.0	5.0	0.0	18.0
0.0	0.0	0.0	17.0
0.0	5.0	0.0	1.0
0.0	0.0	0.0	1.0
0.0	5.0	0.0	0.0
0.0	30.0	3.0	5.0
0.0	0.0	3.0	0.0
0.0	30.0	0.0	5.0
0.0	23.0	0.0	1.0
0.0	18.0	0.0	0.0
0.0	5.0	0.0	1.0
0.0	5.0	0.0	0.0
0.0	0.0	0.0	1.0
0.0	7.0	0.0	4.0
0.0	0.0	0.0	4.0
0.0	7.0	0.0	0.0
0.0	13.0	0.0	97.0
0.0	7.0	0.0	94.0
0.0	3.0	0.0	91.0
0.0	3.0	0.0	3.0
0.0	0.0	0.0	3.0
0.0	3.0	0.0	0.0
0.0	0.0	0.0	88.0
0.0	4.0	0.0	3.0
0.0	0.0	0.0	3.0
0.0	4.0	0.0	0.0
0.0	6.0	0.0	3.0
0.0	6.0	0.0	1.0
0.0	1.0	0.0	1.0
0.0	1.0	0.0	0.0
0.0	0.0	0.0	1.0
0.0	5.0	0.0	0.0
0.0	0.0	0.0	2.0
14.0	407.0	7.0	33.0
14.0	99.0	5.0	30.0
14.0	99.0	5.0	20.0
6.0	0.0	0.0	0.0
8.0	99.0	5.0	20.0
2.0	7.0	4.0	7.0
0.0	0.0	4.0	0.0
2.0	7.0	0.0	7.0
1.0	5.0	0.0	0.0
0.0	5.0	0.0	0.0
1.0	0.0	0.0	0.0
1.0	2.0	0.0	7.0
1.0	2.0	0.0	0.0
0.0	2.0	0.0	0.0
1.0	0.0	0.0	0.0
0.0	0.0	0.0	7.0
6.0	92.0	1.0	13.0
6.0	5.0	1.0	0.0
0.0	5.0	1.0	0.0
0.0	5.0	0.0	0.0
0.0	0.0	1.0	0.0
6.0	0.0	0.0	0.0
0.0	87.0	0.0	13.0
0.0	74.0	0.0	5.0
0.0	0.0	0.0	2.0
0.0	74.0	0.0	3.0
0.0	39.0	0.0	0.0
0.0	35.0	0.0	3.0
0.0	35.0	0.0	2.0
0.0	6.0	0.0	2.0
0.0	0.0	0.0	1.0
0.0	6.0	0.0	1.0
0.0	4.0	0.0	0.0
0.0	2.0	0.0	1.0
0.0	2.0	0.0	0.0
0.0	0.0	0.0	1.0
0.0	29.0	0.0	0.0
0.0	0.0	0.0	1.0
0.0	13.0	0.0	8.0
0.0	10.0	0.0	1.0
0.0	10.0	0.0	0.0
0.0	0.0	0.0	1.0
0.0	3.0	0.0	7.0
0.0	3.0	0.0	0.0
0.0	0.0	0.0	7.0
0.0	0.0	0.0	10.0
0.0	308.0	2.0	3.0
0.0	308.0	2.0	2.0
0.0	38.0	2.0	2.0
0.0	0.0	2.0	0.0
0.0	38.0	0.0	2.0
0.0	38.0	0.0	1.0
0.0	35.0	0.0	0.0
0.0	3.0	0.0	1.0
0.0	0.0	0.0	1.0
0.0	3.0	0.0	0.0
0.0	0.0	0.0	1.0
0.0	270.0	0.0	0.0
0.0	0.0	0.0	1.0
