# Sizes (NFeatures, Nclasses, NodeCount, MaxDepth)
10	6	193	9
# Classes
0.0	1.0	2.0	3.0	4.0	5.0
# Feature Names
Nrows	Ncols	Nnnz	AvgNnnz	Density	MaxRowNnnz	MinRowNnnz	StdRowNnnz	NDiags	NTrueDiags
# Left
1	2	3	4	-1	6	-1	-1	9	-1	-1	12	13	14	15	-1	-1	18	19	-1	-1	-1	23	24	25	26	27	-1	-1	-1	31	-1	33	-1	-1	36	37	38	-1	-1	-1	42	-1	44	-1	-1	47	48	49	-1	51	-1	-1	54	55	-1	-1	58	-1	-1	61	62	63	-1	-1	-1	-1	68	69	70	71	72	-1	-1	75	-1	-1	-1	-1	80	81	82	83	-1	85	-1	-1	88	-1	-1	91	-1	93	-1	95	-1	-1	-1	99	100	101	-1	-1	104	105	106	107	-1	-1	110	-1	112	-1	114	-1	-1	117	118	119	-1	-1	-1	123	124	125	-1	-1	128	-1	-1	131	132	-1	-1	-1	136	137	-1	-1	140	141	142	143	-1	-1	146	-1	-1	-1	150	-1	152	-1	154	-1	-1	157	158	159	160	161	162	-1	-1	-1	166	167	-1	169	-1	-1	172	173	-1	-1	-1	-1	178	179	180	181	-1	183	-1	-1	-1	187	-1	-1	-1	191	-1	-1
# Right
98	11	8	5	-1	7	-1	-1	10	-1	-1	67	22	17	16	-1	-1	21	20	-1	-1	-1	46	35	30	29	28	-1	-1	-1	32	-1	34	-1	-1	41	40	39	-1	-1	-1	43	-1	45	-1	-1	60	53	50	-1	52	-1	-1	57	56	-1	-1	59	-1	-1	66	65	64	-1	-1	-1	-1	79	78	77	74	73	-1	-1	76	-1	-1	-1	-1	97	90	87	84	-1	86	-1	-1	89	-1	-1	92	-1	94	-1	96	-1	-1	-1	156	103	102	-1	-1	135	116	109	108	-1	-1	111	-1	113	-1	115	-1	-1	122	121	120	-1	-1	-1	130	127	126	-1	-1	129	-1	-1	134	133	-1	-1	-1	139	138	-1	-1	149	148	145	144	-1	-1	147	-1	-1	-1	151	-1	153	-1	155	-1	-1	190	177	176	165	164	163	-1	-1	-1	171	168	-1	170	-1	-1	175	174	-1	-1	-1	-1	189	186	185	182	-1	184	-1	-1	-1	188	-1	-1	-1	192	-1	-1
# Threshold
3003.0	300.0	69.5	4.5	-2.0	48.5	-2.0	-2.0	3.0	-2.0	-2.0	170.5	7.5	0.35009849071502686	1217.0	-2.0	-2.0	850.0	5.6666648387908936	-2.0	-2.0	-2.0	720.5	154.5	5.280519962310791	84.5	0.15321149677038193	-2.0	-2.0	-2.0	5.826114892959595	-2.0	74.5	-2.0	-2.0	4.027780055999756	436.5	1269.0	-2.0	-2.0	-2.0	6.0	-2.0	20.0	-2.0	-2.0	2809.5	27800.0	766.5	-2.0	20592.0	-2.0	-2.0	2154.5	9.0	-2.0	-2.0	2572.5	-2.0	-2.0	3807.0	2480.5	3779.0	-2.0	-2.0	-2.0	-2.0	1539.5	9.5	32.34940052032471	21.401599884033203	416.0	-2.0	-2.0	437.0	-2.0	-2.0	-2.0	-2.0	1750.5	21208.5	0.0034212350146844983	30.77715015411377	-2.0	0.0034043550258502364	-2.0	-2.0	8.000295162200928	-2.0	-2.0	10.67704963684082	-2.0	0.0054009349551051855	-2.0	2716.5	-2.0	-2.0	-2.0	105.0	19440.0	6951.5	-2.0	-2.0	0.00432206504046917	193.0	7.20411007932853e-05	62816.0	-2.0	-2.0	27060.0	-2.0	7051.0	-2.0	11.065880298614502	-2.0	-2.0	2.3338900064118207e-05	11.43681001663208	21702700.0	-2.0	-2.0	-2.0	41.0	15.621699810028076	12.571199893951416	-2.0	-2.0	121099.0	-2.0	-2.0	29.0	14840.5	-2.0	-2.0	-2.0	3960.5	213.5	-2.0	-2.0	404856.0	394814.0	2.0	47.0	-2.0	-2.0	43.0	-2.0	-2.0	-2.0	6.146080017089844	-2.0	49.598249435424805	-2.0	13.009850025177002	-2.0	-2.0	93261.5	11177.0	59.0	37002.0	0.001934850006364286	1.5	-2.0	-2.0	-2.0	575.0	0.003640800016000867	-2.0	17.0	-2.0	-2.0	40009.0	2707.0	-2.0	-2.0	-2.0	-2.0	115912000.0	0.01185290003195405	0.5	10.962699890136719	-2.0	849.5	-2.0	-2.0	-2.0	26509.5	-2.0	-2.0	-2.0	74795194.0	-2.0	-2.0
# Feature
1	2	0	5	-2	2	-2	-2	5	-2	-2	5	8	7	1	-2	-2	0	3	-2	-2	-2	1	1	7	8	4	-2	-2	-2	7	-2	5	-2	-2	3	1	2	-2	-2	-2	5	-2	8	-2	-2	8	2	0	-2	2	-2	-2	0	6	-2	-2	1	-2	-2	8	0	8	-2	-2	-2	-2	0	6	7	7	5	-2	-2	8	-2	-2	-2	-2	5	2	4	7	-2	4	-2	-2	3	-2	-2	3	-2	4	-2	0	-2	-2	-2	5	2	1	-2	-2	4	8	4	0	-2	-2	2	-2	1	-2	7	-2	-2	4	3	0	-2	-2	-2	5	3	3	-2	-2	0	-2	-2	6	8	-2	-2	-2	0	8	-2	-2	2	2	6	9	-2	-2	9	-2	-2	-2	7	-2	3	-2	7	-2	-2	5	1	6	2	4	6	-2	-2	-2	5	4	-2	9	-2	-2	2	8	-2	-2	-2	-2	2	4	9	3	-2	5	-2	-2	-2	8	-2	-2	-2	2	-2	-2
# Values
24.0	863.0	358.0	421.0	6.0	6.0
7.0	89.0	314.0	235.0	4.0	0.0
5.0	28.0	9.0	4.0	2.0	0.0
5.0	28.0	0.0	0.0	2.0	0.0
5.0	1.0	0.0	0.0	0.0	0.0
0.0	27.0	0.0	0.0	2.0	0.0
0.0	1.0	0.0	0.0	2.0	0.0
0.0	26.0	0.0	0.0	0.0	0.0
0.0	0.0	9.0	4.0	0.0	0.0
0.0	0.0	0.0	4.0	0.0	0.0
0.0	0.0	9.0	0.0	0.0	0.0
2.0	61.0	305.0	231.0	2.0	0.0
0.0	35.0	294.0	148.0	2.0	0.0
0.0	0.0	5.0	28.0	1.0	0.0
0.0	0.0	0.0	22.0	1.0	0.0
0.0	0.0	0.0	20.0	0.0	0.0
0.0	0.0	0.0	2.0	1.0	0.0
0.0	0.0	5.0	6.0	0.0	0.0
0.0	0.0	1.0	6.0	0.0	0.0
0.0	0.0	0.0	4.0	0.0	0.0
0.0	0.0	1.0	2.0	0.0	0.0
0.0	0.0	4.0	0.0	0.0	0.0
0.0	35.0	289.0	120.0	1.0	0.0
0.0	10.0	171.0	28.0	1.0	0.0
0.0	10.0	32.0	3.0	1.0	0.0
0.0	10.0	23.0	0.0	1.0	0.0
0.0	10.0	9.0	0.0	1.0	0.0
0.0	7.0	9.0	0.0	1.0	0.0
0.0	3.0	0.0	0.0	0.0	0.0
0.0	0.0	14.0	0.0	0.0	0.0
0.0	0.0	9.0	3.0	0.0	0.0
0.0	0.0	1.0	2.0	0.0	0.0
0.0	0.0	8.0	1.0	0.0	0.0
0.0	0.0	7.0	0.0	0.0	0.0
0.0	0.0	1.0	1.0	0.0	0.0
0.0	0.0	139.0	25.0	0.0	0.0
0.0	0.0	58.0	2.0	0.0	0.0
0.0	0.0	46.0	2.0	0.0	0.0
0.0	0.0	7.0	0.0	0.0	0.0
0.0	0.0	39.0	2.0	0.0	0.0
0.0	0.0	12.0	0.0	0.0	0.0
0.0	0.0	81.0	23.0	0.0	0.0
0.0	0.0	0.0	3.0	0.0	0.0
0.0	0.0	81.0	20.0	0.0	0.0
0.0	0.0	1.0	6.0	0.0	0.0
0.0	0.0	80.0	14.0	0.0	0.0
0.0	25.0	118.0	92.0	0.0	0.0
0.0	19.0	118.0	82.0	0.0	0.0
0.0	2.0	102.0	71.0	0.0	0.0
0.0	0.0	0.0	7.0	0.0	0.0
0.0	2.0	102.0	64.0	0.0	0.0
0.0	2.0	89.0	64.0	0.0	0.0
0.0	0.0	13.0	0.0	0.0	0.0
0.0	17.0	16.0	11.0	0.0	0.0
0.0	10.0	9.0	11.0	0.0	0.0
0.0	3.0	8.0	4.0	0.0	0.0
0.0	7.0	1.0	7.0	0.0	0.0
0.0	7.0	7.0	0.0	0.0	0.0
0.0	6.0	1.0	0.0	0.0	0.0
0.0	1.0	6.0	0.0	0.0	0.0
0.0	6.0	0.0	10.0	0.0	0.0
0.0	6.0	0.0	4.0	0.0	0.0
0.0	4.0	0.0	4.0	0.0	0.0
0.0	1.0	0.0	1.0	0.0	0.0
0.0	3.0	0.0	3.0	0.0	0.0
0.0	2.0	0.0	0.0	0.0	0.0
0.0	0.0	0.0	6.0	0.0	0.0
2.0	26.0	11.0	83.0	0.0	0.0
2.0	7.0	8.0	11.0	0.0	0.0
2.0	3.0	7.0	11.0	0.0	0.0
0.0	0.0	6.0	11.0	0.0	0.0
0.0	0.0	1.0	9.0	0.0	0.0
0.0	0.0	0.0	8.0	0.0	0.0
0.0	0.0	1.0	1.0	0.0	0.0
0.0	0.0	5.0	2.0	0.0	0.0
0.0	0.0	1.0	2.0	0.0	0.0
0.0	0.0	4.0	0.0	0.0	0.0
2.0	3.0	1.0	0.0	0.0	0.0
0.0	4.0	1.0	0.0	0.0	0.0
0.0	19.0	3.0	72.0	0.0	0.0
0.0	17.0	1.0	72.0	0.0	0.0
0.0	8.0	1.0	64.0	0.0	0.0
0.0	6.0	0.0	12.0	0.0	0.0
0.0	0.0	0.0	6.0	0.0	0.0
0.0	6.0	0.0	6.0	0.0	0.0
0.0	1.0	0.0	3.0	0.0	0.0
0.0	5.0	0.0	3.0	0.0	0.0
0.0	2.0	1.0	52.0	0.0	0.0
0.0	2.0	1.0	48.0	0.0	0.0
0.0	0.0	0.0	4.0	0.0	0.0
0.0	9.0	0.0	8.0	0.0	0.0
0.0	3.0	0.0	0.0	0.0	0.0
0.0	6.0	0.0	8.0	0.0	0.0
0.0	0.0	0.0	3.0	0.0	0.0
0.0	6.0	0.0	5.0	0.0	0.0
0.0	4.0	0.0	1.0	0.0	0.0
0.0	2.0	0.0	4.0	0.0	0.0
0.0	2.0	2.0	0.0	0.0	0.0
17.0	774.0	44.0	186.0	2.0	6.0
3.0	357.0	42.0	170.0	2.0	1.0
0.0	0.0	0.0	19.0	2.0	0.0
0.0	0.0	0.0	18.0	0.0	0.0
0.0	0.0	0.0	1.0	2.0	0.0
3.0	357.0	42.0	151.0	0.0	1.0
1.0	339.0	24.0	121.0	0.0	1.0
0.0	24.0	24.0	10.0	0.0	0.0
0.0	0.0	8.0	4.0	0.0	0.0
0.0	0.0	0.0	4.0	0.0	0.0
0.0	0.0	8.0	0.0	0.0	0.0
0.0	24.0	16.0	6.0	0.0	0.0
0.0	6.0	0.0	0.0	0.0	0.0
0.0	18.0	16.0	6.0	0.0	0.0
0.0	0.0	5.0	0.0	0.0	0.0
0.0	18.0	11.0	6.0	0.0	0.0
0.0	18.0	7.0	6.0	0.0	0.0
0.0	0.0	4.0	0.0	0.0	0.0
1.0	315.0	0.0	111.0	0.0	1.0
0.0	75.0	0.0	3.0	0.0	1.0
0.0	73.0	0.0	0.0	0.0	1.0
0.0	71.0	0.0	0.0	0.0	0.0
0.0	2.0	0.0	0.0	0.0	1.0
0.0	2.0	0.0	3.0	0.0	0.0
1.0	240.0	0.0	108.0	0.0	0.0
1.0	116.0	0.0	88.0	0.0	0.0
1.0	109.0	0.0	60.0	0.0	0.0
1.0	89.0	0.0	58.0	0.0	0.0
0.0	20.0	0.0	2.0	0.0	0.0
0.0	7.0	0.0	28.0	0.0	0.0
0.0	7.0	0.0	9.0	0.0	0.0
0.0	0.0	0.0	19.0	0.0	0.0
0.0	124.0	0.0	20.0	0.0	0.0
0.0	124.0	0.0	17.0	0.0	0.0
0.0	77.0	0.0	17.0	0.0	0.0
0.0	47.0	0.0	0.0	0.0	0.0
0.0	0.0	0.0	3.0	0.0	0.0
2.0	18.0	18.0	30.0	0.0	0.0
0.0	2.0	0.0	10.0	0.0	0.0
0.0	0.0	0.0	7.0	0.0	0.0
0.0	2.0	0.0	3.0	0.0	0.0
2.0	16.0	18.0	20.0	0.0	0.0
2.0	10.0	17.0	13.0	0.0	0.0
2.0	10.0	13.0	13.0	0.0	0.0
2.0	1.0	4.0	2.0	0.0	0.0
0.0	0.0	2.0	2.0	0.0	0.0
2.0	1.0	2.0	0.0	0.0	0.0
0.0	9.0	9.0	11.0	0.0	0.0
0.0	4.0	0.0	3.0	0.0	0.0
0.0	5.0	9.0	8.0	0.0	0.0
0.0	0.0	4.0	0.0	0.0	0.0
0.0	6.0	1.0	7.0	0.0	0.0
0.0	1.0	1.0	0.0	0.0	0.0
0.0	5.0	0.0	7.0	0.0	0.0
0.0	0.0	0.0	2.0	0.0	0.0
0.0	5.0	0.0	5.0	0.0	0.0
0.0	1.0	0.0	2.0	0.0	0.0
0.0	4.0	0.0	3.0	0.0	0.0
14.0	417.0	2.0	16.0	0.0	5.0
0.0	417.0	2.0	16.0	0.0	1.0
0.0	78.0	2.0	14.0	0.0	0.0
0.0	75.0	0.0	14.0	0.0	0.0
0.0	5.0	0.0	6.0	0.0	0.0
0.0	2.0	0.0	6.0	0.0	0.0
0.0	2.0	0.0	3.0	0.0	0.0
0.0	0.0	0.0	3.0	0.0	0.0
0.0	3.0	0.0	0.0	0.0	0.0
0.0	70.0	0.0	8.0	0.0	0.0
0.0	11.0	0.0	7.0	0.0	0.0
0.0	2.0	0.0	6.0	0.0	0.0
0.0	9.0	0.0	1.0	0.0	0.0
0.0	2.0	0.0	1.0	0.0	0.0
0.0	7.0	0.0	0.0	0.0	0.0
0.0	59.0	0.0	1.0	0.0	0.0
0.0	7.0	0.0	1.0	0.0	0.0
0.0	1.0	0.0	1.0	0.0	0.0
0.0	6.0	0.0	0.0	0.0	0.0
0.0	52.0	0.0	0.0	0.0	0.0
0.0	3.0	2.0	0.0	0.0	0.0
0.0	339.0	0.0	2.0	0.0	1.0
0.0	337.0	0.0	2.0	0.0	0.0
0.0	323.0	0.0	1.0	0.0	0.0
0.0	64.0	0.0	1.0	0.0	0.0
0.0	43.0	0.0	0.0	0.0	0.0
0.0	21.0	0.0	1.0	0.0	0.0
0.0	2.0	0.0	1.0	0.0	0.0
0.0	19.0	0.0	0.0	0.0	0.0
0.0	259.0	0.0	0.0	0.0	0.0
0.0	14.0	0.0	1.0	0.0	0.0
0.0	3.0	0.0	1.0	0.0	0.0
0.0	11.0	0.0	0.0	0.0	0.0
0.0	2.0	0.0	0.0	0.0	1.0
14.0	0.0	0.0	0.0	0.0	4.0
14.0	0.0	0.0	0.0	0.0	0.0
0.0	0.0	0.0	0.0	0.0	4.0
