# Sizes (NFeatures, Nclasses, NodeCount, MaxDepth)
10	6	171	9
# Classes
0.0	1.0	2.0	3.0	4.0	5.0
# Feature Names
Nrows	Ncols	Nnnz	AvgNnnz	Density	MaxRowNnnz	MinRowNnnz	StdRowNnnz	NDiags	NTrueDiags
# Left
1	2	3	4	5	6	7	-1	9	10	-1	-1	-1	14	15	16	-1	-1	-1	-1	21	22	23	-1	-1	-1	27	28	-1	30	-1	-1	33	34	-1	-1	-1	38	39	-1	-1	42	43	44	-1	46	-1	-1	49	-1	-1	52	-1	-1	55	56	57	58	-1	-1	-1	62	-1	64	-1	66	-1	-1	69	-1	71	-1	-1	74	-1	-1	77	78	79	80	-1	-1	83	84	85	86	-1	-1	89	-1	-1	-1	-1	94	95	96	97	-1	-1	100	101	-1	-1	104	-1	106	-1	-1	109	-1	-1	112	113	114	-1	-1	117	-1	119	120	-1	-1	123	-1	-1	126	-1	-1	129	130	131	-1	133	134	135	136	-1	-1	139	-1	-1	-1	143	144	145	-1	-1	148	-1	-1	151	152	-1	-1	-1	156	157	158	-1	-1	161	-1	-1	164	-1	166	-1	-1	169	-1	-1
# Right
76	73	54	37	20	13	8	-1	12	11	-1	-1	-1	19	18	17	-1	-1	-1	-1	26	25	24	-1	-1	-1	32	29	-1	31	-1	-1	36	35	-1	-1	-1	41	40	-1	-1	51	48	45	-1	47	-1	-1	50	-1	-1	53	-1	-1	68	61	60	59	-1	-1	-1	63	-1	65	-1	67	-1	-1	70	-1	72	-1	-1	75	-1	-1	128	93	82	81	-1	-1	92	91	88	87	-1	-1	90	-1	-1	-1	-1	111	108	99	98	-1	-1	103	102	-1	-1	105	-1	107	-1	-1	110	-1	-1	125	116	115	-1	-1	118	-1	122	121	-1	-1	124	-1	-1	127	-1	-1	168	155	132	-1	142	141	138	137	-1	-1	140	-1	-1	-1	150	147	146	-1	-1	149	-1	-1	154	153	-1	-1	-1	163	160	159	-1	-1	162	-1	-1	165	-1	167	-1	-1	170	-1	-1
# Threshold
2217.5	0.24916499853134155	305.0	0.04368964955210686	511.5	5.5	2.5	-2.0	40.5	89.0	-2.0	-2.0	-2.0	11.0	4.5	4.82074499130249	-2.0	-2.0	-2.0	-2.0	0.35009849071502686	0.17116349935531616	2.5	-2.0	-2.0	-2.0	3365.5	520.0	-2.0	558.0	-2.0	-2.0	6.5	31775.0	-2.0	-2.0	-2.0	4.988755226135254	48.5	-2.0	-2.0	788.0	0.12493899837136269	99.5	-2.0	0.05657060071825981	-2.0	-2.0	35.0	-2.0	-2.0	29.5	-2.0	-2.0	17017.5	6.191394805908203	6.139824867248535	989.5	-2.0	-2.0	-2.0	668.0	-2.0	11244.0	-2.0	12084.0	-2.0	-2.0	3.5	-2.0	0.0893586021848023	-2.0	-2.0	3.5	-2.0	-2.0	902.5	42500.0	3.9606850147247314	5.0	-2.0	-2.0	7328.5	4488.5	2951.5	3.5	-2.0	-2.0	6.080749988555908	-2.0	-2.0	-2.0	-2.0	8.0	35.5	3.999750018119812	8.676759898662567e-05	-2.0	-2.0	4.0	21940.0	-2.0	-2.0	23031.0	-2.0	60600.5	-2.0	-2.0	476.0	-2.0	-2.0	761.5	24.5	10900.0	-2.0	-2.0	2572.5	-2.0	3714.5	17.178600311279297	-2.0	-2.0	27.0	-2.0	-2.0	0.005397780099883676	-2.0	-2.0	156830504.0	30.294150352478027	15367.0	-2.0	22593.0	22222.5	9438.5	3054.0	-2.0	-2.0	13645.5	-2.0	-2.0	-2.0	47.5	10.5	135347.5	-2.0	-2.0	2644035.0	-2.0	-2.0	80.0	11.17894983291626	-2.0	-2.0	-2.0	306612.5	228.39149475097656	54593.5	-2.0	-2.0	281.6205062866211	-2.0	-2.0	61714.5	-2.0	4272670.0	-2.0	-2.0	79.38053798675537	-2.0	-2.0
# Feature
1	4	5	4	0	9	5	-2	5	8	-2	-2	-2	9	6	3	-2	-2	-2	-2	7	7	9	-2	-2	-2	8	1	-2	0	-2	-2	6	2	-2	-2	-2	3	8	-2	-2	8	4	0	-2	4	-2	-2	5	-2	-2	6	-2	-2	2	3	3	1	-2	-2	-2	8	-2	2	-2	2	-2	-2	9	-2	4	-2	-2	3	-2	-2	8	2	3	8	-2	-2	1	1	0	6	-2	-2	3	-2	-2	-2	-2	9	5	3	4	-2	-2	9	0	-2	-2	1	-2	0	-2	-2	8	-2	-2	8	8	0	-2	-2	0	-2	1	7	-2	-2	6	-2	-2	4	-2	-2	2	7	2	-2	1	0	8	0	-2	-2	1	-2	-2	-2	5	5	2	-2	-2	8	-2	-2	9	3	-2	-2	-2	1	3	5	-2	-2	7	-2	-2	5	-2	1	-2	-2	7	-2	-2
# Values
27.0	833.0	363.0	436.0	9.0	10.0
8.0	69.0	313.0	217.0	5.0	0.0
3.0	47.0	313.0	217.0	3.0	0.0
1.0	33.0	306.0	143.0	3.0	0.0
0.0	14.0	260.0	131.0	3.0	0.0
0.0	2.0	129.0	24.0	0.0	0.0
0.0	2.0	115.0	13.0	0.0	0.0
0.0	0.0	0.0	3.0	0.0	0.0
0.0	2.0	115.0	10.0	0.0	0.0
0.0	2.0	113.0	6.0	0.0	0.0
0.0	2.0	9.0	4.0	0.0	0.0
0.0	0.0	104.0	2.0	0.0	0.0
0.0	0.0	2.0	4.0	0.0	0.0
0.0	0.0	14.0	11.0	0.0	0.0
0.0	0.0	13.0	6.0	0.0	0.0
0.0	0.0	12.0	3.0	0.0	0.0
0.0	0.0	0.0	2.0	0.0	0.0
0.0	0.0	12.0	1.0	0.0	0.0
0.0	0.0	1.0	3.0	0.0	0.0
0.0	0.0	1.0	5.0	0.0	0.0
0.0	12.0	131.0	107.0	3.0	0.0
0.0	1.0	1.0	6.0	3.0	0.0
0.0	1.0	1.0	2.0	3.0	0.0
0.0	1.0	0.0	0.0	3.0	0.0
0.0	0.0	1.0	2.0	0.0	0.0
0.0	0.0	0.0	4.0	0.0	0.0
0.0	11.0	130.0	101.0	0.0	0.0
0.0	7.0	130.0	94.0	0.0	0.0
0.0	0.0	0.0	7.0	0.0	0.0
0.0	7.0	130.0	87.0	0.0	0.0
0.0	0.0	10.0	0.0	0.0	0.0
0.0	7.0	120.0	87.0	0.0	0.0
0.0	4.0	0.0	7.0	0.0	0.0
0.0	1.0	0.0	7.0	0.0	0.0
0.0	0.0	0.0	2.0	0.0	0.0
0.0	1.0	0.0	5.0	0.0	0.0
0.0	3.0	0.0	0.0	0.0	0.0
1.0	19.0	46.0	12.0	0.0	0.0
1.0	9.0	0.0	1.0	0.0	0.0
0.0	7.0	0.0	0.0	0.0	0.0
1.0	2.0	0.0	1.0	0.0	0.0
0.0	10.0	46.0	11.0	0.0	0.0
0.0	3.0	44.0	7.0	0.0	0.0
0.0	0.0	38.0	7.0	0.0	0.0
0.0	0.0	18.0	0.0	0.0	0.0
0.0	0.0	20.0	7.0	0.0	0.0
0.0	0.0	10.0	0.0	0.0	0.0
0.0	0.0	10.0	7.0	0.0	0.0
0.0	3.0	6.0	0.0	0.0	0.0
0.0	3.0	2.0	0.0	0.0	0.0
0.0	0.0	4.0	0.0	0.0	0.0
0.0	7.0	2.0	4.0	0.0	0.0
0.0	7.0	1.0	0.0	0.0	0.0
0.0	0.0	1.0	4.0	0.0	0.0
2.0	14.0	7.0	74.0	0.0	0.0
0.0	8.0	3.0	74.0	0.0	0.0
0.0	5.0	1.0	7.0	0.0	0.0
0.0	0.0	1.0	7.0	0.0	0.0
0.0	0.0	0.0	6.0	0.0	0.0
0.0	0.0	1.0	1.0	0.0	0.0
0.0	5.0	0.0	0.0	0.0	0.0
0.0	3.0	2.0	67.0	0.0	0.0
0.0	0.0	1.0	2.0	0.0	0.0
0.0	3.0	1.0	65.0	0.0	0.0
0.0	0.0	0.0	11.0	0.0	0.0
0.0	3.0	1.0	54.0	0.0	0.0
0.0	3.0	1.0	47.0	0.0	0.0
0.0	0.0	0.0	7.0	0.0	0.0
2.0	6.0	4.0	0.0	0.0	0.0
0.0	5.0	0.0	0.0	0.0	0.0
2.0	1.0	4.0	0.0	0.0	0.0
2.0	0.0	2.0	0.0	0.0	0.0
0.0	1.0	2.0	0.0	0.0	0.0
5.0	22.0	0.0	0.0	2.0	0.0
5.0	0.0	0.0	0.0	2.0	0.0
0.0	22.0	0.0	0.0	0.0	0.0
19.0	764.0	50.0	219.0	4.0	10.0
0.0	83.0	50.0	87.0	4.0	0.0
0.0	2.0	8.0	33.0	4.0	0.0
0.0	0.0	0.0	15.0	3.0	0.0
0.0	0.0	0.0	2.0	3.0	0.0
0.0	0.0	0.0	13.0	0.0	0.0
0.0	2.0	8.0	18.0	1.0	0.0
0.0	2.0	8.0	14.0	0.0	0.0
0.0	1.0	3.0	14.0	0.0	0.0
0.0	0.0	3.0	3.0	0.0	0.0
0.0	0.0	2.0	1.0	0.0	0.0
0.0	0.0	1.0	2.0	0.0	0.0
0.0	1.0	0.0	11.0	0.0	0.0
0.0	0.0	0.0	7.0	0.0	0.0
0.0	1.0	0.0	4.0	0.0	0.0
0.0	1.0	5.0	0.0	0.0	0.0
0.0	0.0	0.0	4.0	1.0	0.0
0.0	81.0	42.0	54.0	0.0	0.0
0.0	30.0	10.0	7.0	0.0	0.0
0.0	11.0	9.0	7.0	0.0	0.0
0.0	6.0	0.0	1.0	0.0	0.0
0.0	2.0	0.0	1.0	0.0	0.0
0.0	4.0	0.0	0.0	0.0	0.0
0.0	5.0	9.0	6.0	0.0	0.0
0.0	1.0	0.0	6.0	0.0	0.0
0.0	1.0	0.0	1.0	0.0	0.0
0.0	0.0	0.0	5.0	0.0	0.0
0.0	4.0	9.0	0.0	0.0	0.0
0.0	2.0	1.0	0.0	0.0	0.0
0.0	2.0	8.0	0.0	0.0	0.0
0.0	0.0	6.0	0.0	0.0	0.0
0.0	2.0	2.0	0.0	0.0	0.0
0.0	19.0	1.0	0.0	0.0	0.0
0.0	3.0	1.0	0.0	0.0	0.0
0.0	16.0	0.0	0.0	0.0	0.0
0.0	51.0	32.0	47.0	0.0	0.0
0.0	50.0	32.0	34.0	0.0	0.0
0.0	0.0	5.0	5.0	0.0	0.0
0.0	0.0	2.0	3.0	0.0	0.0
0.0	0.0	3.0	2.0	0.0	0.0
0.0	50.0	27.0	29.0	0.0	0.0
0.0	5.0	0.0	0.0	0.0	0.0
0.0	45.0	27.0	29.0	0.0	0.0
0.0	2.0	8.0	9.0	0.0	0.0
0.0	2.0	3.0	9.0	0.0	0.0
0.0	0.0	5.0	0.0	0.0	0.0
0.0	43.0	19.0	20.0	0.0	0.0
0.0	37.0	19.0	19.0	0.0	0.0
0.0	6.0	0.0	1.0	0.0	0.0
0.0	1.0	0.0	13.0	0.0	0.0
0.0	0.0	0.0	11.0	0.0	0.0
0.0	1.0	0.0	2.0	0.0	0.0
19.0	681.0	0.0	132.0	0.0	10.0
19.0	681.0	0.0	131.0	0.0	3.0
3.0	468.0	0.0	128.0	0.0	0.0
0.0	0.0	0.0	12.0	0.0	0.0
3.0	468.0	0.0	116.0	0.0	0.0
3.0	152.0	0.0	63.0	0.0	0.0
1.0	150.0	0.0	63.0	0.0	0.0
1.0	124.0	0.0	36.0	0.0	0.0
1.0	9.0	0.0	10.0	0.0	0.0
0.0	115.0	0.0	26.0	0.0	0.0
0.0	26.0	0.0	27.0	0.0	0.0
0.0	19.0	0.0	8.0	0.0	0.0
0.0	7.0	0.0	19.0	0.0	0.0
2.0	2.0	0.0	0.0	0.0	0.0
0.0	316.0	0.0	53.0	0.0	0.0
0.0	118.0	0.0	41.0	0.0	0.0
0.0	60.0	0.0	2.0	0.0	0.0
0.0	4.0	0.0	2.0	0.0	0.0
0.0	56.0	0.0	0.0	0.0	0.0
0.0	58.0	0.0	39.0	0.0	0.0
0.0	47.0	0.0	39.0	0.0	0.0
0.0	11.0	0.0	0.0	0.0	0.0
0.0	198.0	0.0	12.0	0.0	0.0
0.0	197.0	0.0	10.0	0.0	0.0
0.0	92.0	0.0	0.0	0.0	0.0
0.0	105.0	0.0	10.0	0.0	0.0
0.0	1.0	0.0	2.0	0.0	0.0
16.0	213.0	0.0	3.0	0.0	3.0
1.0	190.0	0.0	3.0	0.0	0.0
1.0	167.0	0.0	0.0	0.0	0.0
0.0	165.0	0.0	0.0	0.0	0.0
1.0	2.0	0.0	0.0	0.0	0.0
0.0	23.0	0.0	3.0	0.0	0.0
0.0	3.0	0.0	3.0	0.0	0.0
0.0	20.0	0.0	0.0	0.0	0.0
15.0	23.0	0.0	0.0	0.0	3.0
0.0	23.0	0.0	0.0	0.0	0.0
15.0	0.0	0.0	0.0	0.0	3.0
14.0	0.0	0.0	0.0	0.0	0.0
1.0	0.0	0.0	0.0	0.0	3.0
0.0	0.0	0.0	1.0	0.0	7.0
0.0	0.0	0.0	1.0	0.0	1.0
0.0	0.0	0.0	0.0	0.0	6.0
