# Sizes (NFeatures, Nclasses, NodeCount, MaxDepth)
14	4	181	12
# Classes
0.0	1.0	2.0	3.0
# Feature Names
Nrows	Ncols	Nnnz	AvgNnnz	Density	MaxRowNnnz	MinRowNnnz	StdRowNnnz	NDiags	NTrueDiags	AvgNnnzDia	AvgNnnzELL	AvgNnnzHyb	AvgNnnzHdc
# Left
1	2	3	4	5	-1	7	8	-1	10	-1	12	13	-1	-1	16	-1	18	-1	20	-1	-1	-1	24	-1	-1	27	-1	-1	30	-1	32	33	-1	-1	36	-1	38	39	40	41	42	-1	-1	-1	46	47	48	49	-1	-1	52	-1	-1	-1	-1	-1	58	-1	-1	61	62	63	64	65	-1	-1	68	-1	70	71	72	73	74	-1	76	-1	-1	79	80	-1	-1	-1	-1	85	-1	-1	-1	89	90	-1	-1	93	94	95	96	-1	-1	99	100	101	-1	-1	-1	105	-1	-1	-1	109	-1	-1	112	-1	114	115	-1	-1	118	-1	-1	121	122	123	-1	125	-1	-1	128	129	130	-1	-1	133	-1	135	-1	137	-1	-1	140	141	-1	-1	144	-1	146	-1	148	-1	-1	151	152	-1	-1	155	-1	157	158	159	160	161	-1	163	164	-1	-1	167	-1	-1	170	-1	-1	173	-1	-1	176	-1	-1	179	-1	-1
# Right
60	29	26	23	6	-1	22	9	-1	11	-1	15	14	-1	-1	17	-1	19	-1	21	-1	-1	-1	25	-1	-1	28	-1	-1	31	-1	35	34	-1	-1	37	-1	57	56	45	44	43	-1	-1	-1	55	54	51	50	-1	-1	53	-1	-1	-1	-1	-1	59	-1	-1	120	111	88	67	66	-1	-1	69	-1	87	84	83	78	75	-1	77	-1	-1	82	81	-1	-1	-1	-1	86	-1	-1	-1	92	91	-1	-1	108	107	98	97	-1	-1	104	103	102	-1	-1	-1	106	-1	-1	-1	110	-1	-1	113	-1	117	116	-1	-1	119	-1	-1	150	127	124	-1	126	-1	-1	139	132	131	-1	-1	134	-1	136	-1	138	-1	-1	143	142	-1	-1	145	-1	147	-1	149	-1	-1	154	153	-1	-1	156	-1	178	175	172	169	162	-1	166	165	-1	-1	168	-1	-1	171	-1	-1	174	-1	-1	177	-1	-1	180	-1	-1
# Threshold
44.0	0.4394035041332245	1.6515249609947205	1996.0	0.25416750460863113	-2.0	0.7887380123138428	20.5	-2.0	23.5	-2.0	348.0	8.5	-2.0	-2.0	410.0	-2.0	0.35645100474357605	-2.0	0.5404394865036011	-2.0	-2.0	-2.0	39694.5	-2.0	-2.0	3.260029911994934	-2.0	-2.0	83.0	-2.0	1.8186314719059737e-05	0.35620349645614624	-2.0	-2.0	0.33718399703502655	-2.0	28.0	0.5022825002670288	107.0	5.5	0.16799350082874298	-2.0	-2.0	-2.0	3582.0	3563.0	2024.0	4.083330154418945	-2.0	-2.0	7.5	-2.0	-2.0	-2.0	-2.0	-2.0	251346.5	-2.0	-2.0	0.00042317950283177197	26.7322998046875	0.11595849692821503	19805.5	0.10464650020003319	-2.0	-2.0	67680.0	-2.0	284174496.0	0.08946815133094788	1.8682100176811218	4.5	18929.0	-2.0	7.32742023501487e-07	-2.0	-2.0	0.3878924995660782	69842.0	-2.0	-2.0	-2.0	-2.0	51.0	-2.0	-2.0	-2.0	97034.5	2.7241549491882324	-2.0	-2.0	10.581349849700928	0.5776914954185486	3.0	0.2318819984793663	-2.0	-2.0	0.35193850100040436	6.002679856464965e-05	0.3192730098962784	-2.0	-2.0	-2.0	4.72097994475007e-07	-2.0	-2.0	-2.0	0.3394719958305359	-2.0	-2.0	1.1910884950339096e-05	-2.0	0.9010759890079498	0.5	-2.0	-2.0	0.004390675108879805	-2.0	-2.0	1438485.0	471.0	227.0	-2.0	0.0013882599887438118	-2.0	-2.0	0.0017634349642321467	1.5	29494.0	-2.0	-2.0	15.501899719238281	-2.0	0.7989414930343628	-2.0	3.0	-2.0	-2.0	0.4606095105409622	0.32828548550605774	-2.0	-2.0	1705.5	-2.0	12.0	-2.0	3.5	-2.0	-2.0	0.8977565169334412	2.0	-2.0	-2.0	36.5	-2.0	68.0	34990600.0	22.0	75914.0	0.01574036944657564	-2.0	0.3924500048160553	17207.0	-2.0	-2.0	0.7170315086841583	-2.0	-2.0	0.0006888040225021541	-2.0	-2.0	1.3024399876594543	-2.0	-2.0	1180548.0	-2.0	-2.0	1.5	-2.0	-2.0
# Feature
8	10	12	1	13	-2	11	8	-2	0	-2	2	5	-2	-2	1	-2	13	-2	13	-2	-2	-2	1	-2	-2	3	-2	-2	0	-2	4	7	-2	-2	13	-2	9	13	1	9	7	-2	-2	-2	1	0	0	12	-2	-2	8	-2	-2	-2	-2	-2	2	-2	-2	10	3	11	8	11	-2	-2	2	-2	2	11	12	9	1	-2	4	-2	-2	13	8	-2	-2	-2	-2	5	-2	-2	-2	0	3	-2	-2	3	13	9	11	-2	-2	13	4	13	-2	-2	-2	4	-2	-2	-2	13	-2	-2	10	-2	12	6	-2	-2	11	-2	-2	2	5	5	-2	4	-2	-2	10	6	0	-2	-2	7	-2	12	-2	6	-2	-2	12	13	-2	-2	5	-2	9	-2	6	-2	-2	12	6	-2	-2	5	-2	9	2	6	8	11	-2	13	1	-2	-2	13	-2	-2	4	-2	-2	12	-2	-2	0	-2	-2	6	-2	-2
# Values
409.7499999999993	409.75000000000307	409.75000000000034	409.75
1.700207468879668	25.954077593032455	409.75000000000057	9.105555555555556
1.700207468879668	17.843428345209823	54.63333333333334	0.0
1.700207468879668	9.732779097387175	54.63333333333334	0.0
0.0	8.110649247822645	54.63333333333334	0.0
0.0	0.6488519398258116	0.0	0.0
0.0	7.461797307996833	54.63333333333333	0.0
0.0	6.812945368171023	54.63333333333334	0.0
0.0	0.0	22.76388888888889	0.0
0.0	6.812945368171023	31.869444444444447	0.0
0.0	1.2977038796516231	0.0	0.0
0.0	5.515241488519399	31.869444444444444	0.0
0.0	0.6488519398258116	18.211111111111112	0.0
0.0	0.6488519398258116	0.0	0.0
0.0	0.0	18.211111111111112	0.0
0.0	4.866389548693587	13.658333333333335	0.0
0.0	1.9465558194774348	0.0	0.0
0.0	2.919833729216152	13.658333333333335	0.0
0.0	0.6488519398258116	0.0	0.0
0.0	2.2709817893903406	13.658333333333335	0.0
0.0	1.9465558194774346	13.658333333333335	0.0
0.0	0.3244259699129058	0.0	0.0
0.0	0.6488519398258116	0.0	0.0
1.700207468879668	1.6221298495645289	0.0	0.0
0.0	1.6221298495645289	0.0	0.0
1.700207468879668	0.0	0.0	0.0
0.0	8.110649247822646	0.0	0.0
0.0	0.9732779097387174	0.0	0.0
0.0	7.137371338083927	0.0	0.0
0.0	8.110649247822646	355.1166666666669	9.105555555555556
0.0	3.5686856690419635	0.0	0.0
0.0	4.541963578780681	355.11666666666696	9.105555555555556
0.0	0.0	31.869444444444447	9.105555555555556
0.0	0.0	31.869444444444444	0.0
0.0	0.0	0.0	9.105555555555556
0.0	4.541963578780681	323.24722222222243	0.0
0.0	0.6488519398258116	0.0	0.0
0.0	3.8931116389548692	323.24722222222243	0.0
0.0	3.2442596991290578	323.2472222222224	0.0
0.0	2.5954077593032463	323.24722222222243	0.0
0.0	0.9732779097387174	4.552777777777778	0.0
0.0	0.9732779097387174	0.0	0.0
0.0	0.6488519398258116	0.0	0.0
0.0	0.3244259699129058	0.0	0.0
0.0	0.0	4.552777777777778	0.0
0.0	1.6221298495645289	318.6944444444446	0.0
0.0	1.6221298495645289	159.34722222222223	0.0
0.0	1.2977038796516231	159.34722222222223	0.0
0.0	0.3244259699129058	141.13611111111112	0.0
0.0	0.0	122.925	0.0
0.0	0.3244259699129058	18.211111111111112	0.0
0.0	0.9732779097387174	18.211111111111112	0.0
0.0	0.3244259699129058	18.211111111111112	0.0
0.0	0.6488519398258116	0.0	0.0
0.0	0.3244259699129058	0.0	0.0
0.0	0.0	159.34722222222223	0.0
0.0	0.6488519398258116	0.0	0.0
0.0	0.6488519398258116	0.0	0.0
0.0	0.3244259699129058	0.0	0.0
0.0	0.3244259699129058	0.0	0.0
408.04979253112	383.79592240697036	0.0	400.64444444444445
346.84232365145203	51.90815518606498	0.0	18.211111111111112
341.74170124481276	41.20209817893905	0.0	0.0
309.43775933609913	17.519002375296914	0.0	0.0
5.100622406639004	6.488519398258116	0.0	0.0
0.0	6.4885193982581155	0.0	0.0
5.100622406639004	0.0	0.0	0.0
304.3371369294603	11.030482977038798	0.0	0.0
0.0	0.9732779097387174	0.0	0.0
304.3371369294603	10.05720506730008	0.0	0.0
304.33713692946026	9.408353127474271	0.0	0.0
299.2365145228211	7.78622327790974	0.0	0.0
299.2365145228213	7.461797307996834	0.0	0.0
273.7334024896261	4.541963578780681	0.0	0.0
0.0	0.6488519398258116	0.0	0.0
273.73340248962614	3.8931116389548697	0.0	0.0
6.800829875518672	1.2977038796516231	0.0	0.0
266.93257261410747	2.5954077593032463	0.0	0.0
25.50311203319502	2.919833729216152	0.0	0.0
25.50311203319502	1.2977038796516231	0.0	0.0
6.800829875518672	1.2977038796516231	0.0	0.0
18.702282157676347	0.0	0.0	0.0
0.0	1.622129849564529	0.0	0.0
0.0	0.3244259699129058	0.0	0.0
5.100622406639004	1.622129849564529	0.0	0.0
5.100622406639004	0.0	0.0	0.0
0.0	1.6221298495645289	0.0	0.0
0.0	0.6488519398258116	0.0	0.0
32.30394190871369	23.68309580364211	0.0	0.0
1.700207468879668	14.274742676167854	0.0	0.0
1.700207468879668	0.0	0.0	0.0
0.0	14.274742676167852	0.0	0.0
30.603734439834025	9.40835312747427	0.0	0.0
30.603734439834025	5.515241488519399	0.0	0.0
30.603734439834025	4.217537608867775	0.0	0.0
22.102697095435683	0.3244259699129058	0.0	0.0
0.0	0.3244259699129058	0.0	0.0
22.102697095435683	0.0	0.0	0.0
8.50103734439834	3.8931116389548692	0.0	0.0
8.50103734439834	0.3244259699129058	0.0	0.0
8.50103734439834	0.0	0.0	0.0
1.700207468879668	0.0	0.0	0.0
6.800829875518672	0.0	0.0	0.0
0.0	0.3244259699129058	0.0	0.0
0.0	3.5686856690419635	0.0	0.0
0.0	0.3244259699129058	0.0	0.0
0.0	3.2442596991290578	0.0	0.0
0.0	1.2977038796516231	0.0	0.0
0.0	3.8931116389548692	0.0	0.0
0.0	0.6488519398258116	0.0	0.0
0.0	3.2442596991290578	0.0	0.0
5.100622406639004	10.706057007125896	0.0	18.211111111111112
0.0	0.0	0.0	18.211111111111112
5.100622406639004	10.70605700712589	0.0	0.0
5.100622406639004	1.9465558194774348	0.0	0.0
0.0	1.9465558194774348	0.0	0.0
5.100622406639004	0.0	0.0	0.0
0.0	8.759501187648457	0.0	0.0
0.0	0.3244259699129058	0.0	0.0
0.0	8.435075217735552	0.0	0.0
61.20746887966805	331.88776722090495	0.0	382.43333333333334
42.5051867219917	297.4986144101366	0.0	18.211111111111112
3.400414937759336	253.05225653206818	0.0	0.0
0.0	240.72406967537754	0.0	0.0
3.400414937759336	12.32818685669042	0.0	0.0
3.400414937759336	0.0	0.0	0.0
0.0	12.328186856690424	0.0	0.0
39.10477178423236	44.446357878068106	0.0	18.211111111111112
32.30394190871369	6.812945368171022	0.0	0.0
1.700207468879668	5.839667458432304	0.0	0.0
0.0	5.839667458432304	0.0	0.0
1.700207468879668	0.0	0.0	0.0
30.603734439834025	0.9732779097387174	0.0	0.0
0.0	0.3244259699129058	0.0	0.0
30.603734439834025	0.6488519398258116	0.0	0.0
25.50311203319502	0.0	0.0	0.0
5.100622406639004	0.6488519398258116	0.0	0.0
0.0	0.6488519398258116	0.0	0.0
5.100622406639004	0.0	0.0	0.0
6.800829875518672	37.63341250989708	0.0	18.211111111111112
0.0	16.8701504354711	0.0	18.211111111111112
0.0	1.9465558194774346	0.0	0.0
0.0	14.923594615993666	0.0	18.211111111111112
6.800829875518672	20.763262074425967	0.0	0.0
0.0	19.141132224861444	0.0	0.0
6.800829875518672	1.622129849564529	0.0	0.0
6.800829875518672	0.0	0.0	0.0
0.0	1.622129849564529	0.0	0.0
0.0	0.6488519398258116	0.0	0.0
0.0	0.9732779097387174	0.0	0.0
18.702282157676347	34.389152810767996	0.0	364.22222222222223
15.301867219917012	0.6488519398258116	0.0	0.0
0.0	0.6488519398258116	0.0	0.0
15.301867219917012	0.0	0.0	0.0
3.400414937759336	33.740300870942185	0.0	364.22222222222223
0.0	7.786223277909739	0.0	0.0
3.400414937759336	25.954077593032455	0.0	364.22222222222223
3.400414937759336	18.81670625494854	0.0	364.22222222222223
3.400414937759336	15.89687252573238	0.0	364.22222222222223
3.400414937759336	13.625890736342045	0.0	364.22222222222223
3.400414937759336	12.003760886777512	0.0	364.22222222222223
0.0	1.622129849564529	0.0	0.0
3.400414937759336	10.381631037212987	0.0	364.22222222222223
3.400414937759336	2.919833729216152	0.0	27.31666666666667
0.0	0.0	0.0	27.31666666666667
3.400414937759336	2.919833729216152	0.0	0.0
0.0	7.461797307996835	0.0	336.90555555555557
0.0	5.190815518606493	0.0	327.8
0.0	2.2709817893903406	0.0	9.105555555555556
0.0	1.6221298495645289	0.0	0.0
0.0	0.6488519398258116	0.0	0.0
0.0	0.9732779097387174	0.0	0.0
0.0	2.2709817893903406	0.0	0.0
0.0	0.3244259699129058	0.0	0.0
0.0	1.9465558194774346	0.0	0.0
0.0	2.919833729216152	0.0	0.0
0.0	0.3244259699129058	0.0	0.0
0.0	2.5954077593032463	0.0	0.0
0.0	7.137371338083928	0.0	0.0
0.0	0.9732779097387174	0.0	0.0
0.0	6.16409342834521	0.0	0.0
