# Sizes (NFeatures, Nclasses, NodeCount, MaxDepth)
14	4	185	12
# Classes
0.0	1.0	2.0	3.0
# Feature Names
Nrows	Ncols	Nnnz	AvgNnnz	Density	MaxRowNnnz	MinRowNnnz	StdRowNnnz	NDiags	NTrueDiags	AvgNnnzDia	AvgNnnzELL	AvgNnnzHyb	AvgNnnzHdc
# Left
1	2	-1	4	5	-1	7	8	-1	10	11	12	-1	14	15	16	-1	-1	19	-1	-1	22	-1	24	-1	-1	-1	28	29	-1	-1	-1	-1	34	35	-1	-1	38	-1	40	-1	-1	43	44	45	46	-1	48	49	50	51	52	-1	-1	55	-1	57	-1	59	-1	-1	62	-1	-1	-1	66	67	68	69	-1	71	72	-1	-1	-1	-1	77	78	79	-1	-1	-1	83	-1	-1	-1	87	88	89	90	91	-1	93	94	-1	-1	-1	-1	-1	-1	101	102	-1	-1	105	106	-1	108	-1	-1	-1	112	113	114	-1	-1	117	118	119	-1	-1	122	-1	-1	-1	126	-1	-1	129	130	131	132	133	-1	-1	136	-1	-1	139	-1	-1	142	-1	-1	145	146	-1	148	149	-1	151	-1	153	-1	-1	156	-1	-1	159	160	-1	162	163	-1	165	166	167	-1	169	-1	-1	172	-1	174	-1	-1	177	-1	-1	180	-1	-1	183	-1	-1
# Right
42	3	-1	33	6	-1	32	9	-1	27	26	13	-1	21	18	17	-1	-1	20	-1	-1	23	-1	25	-1	-1	-1	31	30	-1	-1	-1	-1	37	36	-1	-1	39	-1	41	-1	-1	128	111	86	47	-1	65	64	61	54	53	-1	-1	56	-1	58	-1	60	-1	-1	63	-1	-1	-1	85	76	75	70	-1	74	73	-1	-1	-1	-1	82	81	80	-1	-1	-1	84	-1	-1	-1	100	99	98	97	92	-1	96	95	-1	-1	-1	-1	-1	-1	104	103	-1	-1	110	107	-1	109	-1	-1	-1	125	116	115	-1	-1	124	121	120	-1	-1	123	-1	-1	-1	127	-1	-1	144	141	138	135	134	-1	-1	137	-1	-1	140	-1	-1	143	-1	-1	158	147	-1	155	150	-1	152	-1	154	-1	-1	157	-1	-1	182	161	-1	179	164	-1	176	171	168	-1	170	-1	-1	173	-1	175	-1	-1	178	-1	-1	181	-1	-1	184	-1	-1
# Threshold
36.5	24.0	-2.0	25.5	102.0	-2.0	0.5022825002670288	0.30002449825406075	-2.0	9.5	22.5	0.23469100147485733	-2.0	4.0945751667022705	0.5002084970474243	0.0018943350296467543	-2.0	-2.0	3.0	-2.0	-2.0	0.9688884913921356	-2.0	0.4166559875011444	-2.0	-2.0	-2.0	42364.5	1.381285011768341	-2.0	-2.0	-2.0	-2.0	0.463578000664711	28.0	-2.0	-2.0	0.5410020053386688	-2.0	3.2610299587249756	-2.0	-2.0	17.716450691223145	0.0015896799741312861	0.1111304983496666	43406.0	-2.0	105225.5	0.4779389947652817	99308.5	0.5	18891.0	-2.0	-2.0	52130.0	-2.0	9.068885326385498	-2.0	620.5	-2.0	-2.0	102717.0	-2.0	-2.0	-2.0	7.5	1.1539049744606018	51.97884941101074	0.00030050800705794245	-2.0	46.2320499420166	0.8893710076808929	-2.0	-2.0	-2.0	-2.0	3.0985950616013724e-05	56.5	241539.0	-2.0	-2.0	-2.0	47267.0	-2.0	-2.0	-2.0	2.1851749806955922e-05	2.5	20.0	0.9998894929885864	3.4046000242233276	-2.0	1.5	0.3776784986257553	-2.0	-2.0	-2.0	-2.0	-2.0	-2.0	522326.0	2.7241549491882324	-2.0	-2.0	105583.5	567368.0	-2.0	1.5	-2.0	-2.0	-2.0	62.66600227355957	41.0	0.10968675091862679	-2.0	-2.0	4.5	19842.0	94.5	-2.0	-2.0	0.9842864871025085	-2.0	-2.0	-2.0	0.0048433649353682995	-2.0	-2.0	1481760.0	147.19499969482422	19.984999656677246	4.40422511100769	4.318360090255737	-2.0	-2.0	243.0	-2.0	-2.0	0.5	-2.0	-2.0	0.2914324998855591	-2.0	-2.0	0.9338220059871674	0.5	-2.0	0.8977565169334412	1946875.0	-2.0	10.5	-2.0	59614.0	-2.0	-2.0	0.9085990190505981	-2.0	-2.0	51.5	0.3327164947986603	-2.0	0.6949180066585541	0.025609849952161312	-2.0	0.991863489151001	78192.0	0.5	-2.0	2.0	-2.0	-2.0	0.09837485291063786	-2.0	1422630.0	-2.0	-2.0	0.02597315004095435	-2.0	-2.0	0.00012385660375002772	-2.0	-2.0	34.81424903869629	-2.0	-2.0
# Feature
8	0	-2	8	2	-2	13	11	-2	9	8	10	-2	12	10	4	-2	-2	8	-2	-2	11	-2	13	-2	-2	-2	1	12	-2	-2	-2	-2	13	8	-2	-2	13	-2	3	-2	-2	3	10	11	2	-2	2	13	2	6	8	-2	-2	2	-2	3	-2	5	-2	-2	2	-2	-2	-2	6	12	7	11	-2	7	12	-2	-2	-2	-2	4	5	0	-2	-2	-2	0	-2	-2	-2	4	6	5	11	3	-2	6	13	-2	-2	-2	-2	-2	-2	2	3	-2	-2	0	2	-2	9	-2	-2	-2	7	0	4	-2	-2	5	1	0	-2	-2	11	-2	-2	-2	11	-2	-2	2	7	3	7	7	-2	-2	1	-2	-2	9	-2	-2	13	-2	-2	12	6	-2	12	2	-2	6	-2	0	-2	-2	12	-2	-2	9	13	-2	13	11	-2	11	8	9	-2	6	-2	-2	11	-2	0	-2	-2	10	-2	-2	10	-2	-2	3	-2	-2
# Values
409.7499999999995	409.7500000000001	409.75000000000017	409.7500000000001
3.151923076923077	19.11946902654868	405.73284313725503	0.0
0.0	3.2964601769911503	0.0	0.0
3.151923076923077	15.823008849557528	405.73284313725503	0.0
0.0	9.889380530973455	389.6642156862747	0.0
0.0	0.6592920353982301	0.0	0.0
0.0	9.230088495575222	389.66421568627464	0.0
0.0	8.241150442477876	389.66421568627453	0.0
0.0	0.32964601769911506	0.0	0.0
0.0	7.911504424778762	389.6642156862747	0.0
0.0	6.263274336283186	381.62990196078437	0.0
0.0	5.933628318584072	381.6299019607844	0.0
0.0	0.9889380530973452	4.017156862745098	0.0
0.0	4.9446902654867255	377.6127450980392	0.0
0.0	0.9889380530973452	285.2181372549021	0.0
0.0	0.9889380530973452	64.27450980392156	0.0
0.0	0.9889380530973452	16.068627450980394	0.0
0.0	0.0	48.205882352941174	0.0
0.0	0.0	220.94362745098042	0.0
0.0	0.0	56.24019607843137	0.0
0.0	0.0	164.703431372549	0.0
0.0	3.9557522123893807	92.39460784313724	0.0
0.0	0.9889380530973452	0.0	0.0
0.0	2.9668141592920354	92.39460784313725	0.0
0.0	0.6592920353982301	0.0	0.0
0.0	2.3075221238938055	92.39460784313725	0.0
0.0	0.32964601769911506	0.0	0.0
0.0	1.6482300884955752	8.034313725490197	0.0
0.0	0.6592920353982301	8.034313725490197	0.0
0.0	0.6592920353982301	0.0	0.0
0.0	0.0	8.034313725490197	0.0
0.0	0.9889380530973452	0.0	0.0
0.0	0.9889380530973452	0.0	0.0
3.151923076923077	5.933628318584072	16.068627450980394	0.0
0.0	5.603982300884956	0.0	0.0
0.0	0.6592920353982301	0.0	0.0
0.0	4.944690265486726	0.0	0.0
3.151923076923077	0.32964601769911506	16.068627450980394	0.0
0.0	0.0	16.068627450980394	0.0
3.151923076923077	0.32964601769911506	0.0	0.0
3.151923076923077	0.0	0.0	0.0
0.0	0.32964601769911506	0.0	0.0
406.59807692307646	390.63053097345244	4.017156862745098	409.7500000000001
371.92692307692283	271.957964601769	4.017156862745098	48.205882352941174
360.89519230769196	67.90707964601759	0.0	48.205882352941174
305.7365384615385	21.7566371681416	0.0	0.0
0.0	5.603982300884955	0.0	0.0
305.73653846153854	16.152654867256643	0.0	0.0
26.79134615384615	7.911504424778762	0.0	0.0
26.79134615384615	5.274336283185841	0.0	0.0
26.79134615384615	2.9668141592920354	0.0	0.0
1.5759615384615384	1.9778761061946903	0.0	0.0
1.5759615384615384	0.0	0.0	0.0
0.0	1.9778761061946903	0.0	0.0
25.21538461538461	0.9889380530973452	0.0	0.0
0.0	0.32964601769911506	0.0	0.0
25.21538461538461	0.6592920353982301	0.0	0.0
20.487499999999997	0.0	0.0	0.0
4.727884615384616	0.6592920353982301	0.0	0.0
4.727884615384616	0.0	0.0	0.0
0.0	0.6592920353982301	0.0	0.0
0.0	2.3075221238938055	0.0	0.0
0.0	0.9889380530973452	0.0	0.0
0.0	1.3185840707964602	0.0	0.0
0.0	2.63716814159292	0.0	0.0
278.9451923076925	8.241150442477878	0.0	0.0
278.9451923076925	7.581858407079647	0.0	0.0
261.6096153846157	4.9446902654867255	0.0	0.0
130.8048076923078	4.9446902654867255	0.0	0.0
0.0	0.9889380530973452	0.0	0.0
130.8048076923078	3.9557522123893802	0.0	0.0
130.80480769230778	2.307522123893805	0.0	0.0
88.2538461538462	0.32964601769911506	0.0	0.0
42.55096153846155	1.9778761061946901	0.0	0.0
0.0	1.6482300884955752	0.0	0.0
130.80480769230775	0.0	0.0	0.0
17.33557692307692	2.6371681415929205	0.0	0.0
17.33557692307692	0.32964601769911506	0.0	0.0
1.5759615384615384	0.32964601769911506	0.0	0.0
1.5759615384615384	0.0	0.0	0.0
0.0	0.32964601769911506	0.0	0.0
15.759615384615383	0.0	0.0	0.0
0.0	2.307522123893805	0.0	0.0
0.0	0.6592920353982301	0.0	0.0
0.0	1.6482300884955752	0.0	0.0
0.0	0.6592920353982301	0.0	0.0
55.158653846153854	46.15044247787608	0.0	48.205882352941174
52.00673076923077	7.581858407079648	0.0	0.0
52.00673076923078	4.285398230088496	0.0	0.0
52.00673076923078	2.9668141592920354	0.0	0.0
52.00673076923077	1.9778761061946903	0.0	0.0
37.823076923076925	0.0	0.0	0.0
14.183653846153845	1.9778761061946903	0.0	0.0
14.183653846153845	0.0	0.0	0.0
1.5759615384615384	0.0	0.0	0.0
12.607692307692307	0.0	0.0	0.0
0.0	1.9778761061946903	0.0	0.0
0.0	0.9889380530973452	0.0	0.0
0.0	1.3185840707964602	0.0	0.0
0.0	3.2964601769911503	0.0	0.0
3.151923076923077	38.568584070796454	0.0	48.205882352941174
1.5759615384615384	29.33849557522126	0.0	0.0
1.5759615384615384	0.0	0.0	0.0
0.0	29.33849557522126	0.0	0.0
1.5759615384615384	9.230088495575224	0.0	48.205882352941174
1.5759615384615384	1.9778761061946903	0.0	48.205882352941174
0.0	0.0	0.0	48.205882352941174
1.5759615384615384	1.9778761061946903	0.0	0.0
1.5759615384615384	0.0	0.0	0.0
0.0	1.9778761061946903	0.0	0.0
0.0	7.252212389380532	0.0	0.0
11.03173076923077	204.05088495575157	4.017156862745098	0.0
3.151923076923077	204.0508849557512	4.017156862745098	0.0
0.0	1.3185840707964602	4.017156862745098	0.0
0.0	0.0	4.017156862745098	0.0
0.0	1.3185840707964602	0.0	0.0
3.151923076923077	202.73230088495484	0.0	0.0
3.151923076923077	6.263274336283186	0.0	0.0
0.0	5.933628318584071	0.0	0.0
0.0	0.32964601769911506	0.0	0.0
0.0	5.603982300884955	0.0	0.0
3.151923076923077	0.32964601769911506	0.0	0.0
3.151923076923077	0.0	0.0	0.0
0.0	0.32964601769911506	0.0	0.0
0.0	196.46902654867176	0.0	0.0
7.8798076923076925	0.0	0.0	0.0
4.727884615384616	0.0	0.0	0.0
3.151923076923077	0.0	0.0	0.0
34.67115384615384	118.67256637168133	0.0	361.54411764705884
7.879807692307692	68.89601769911496	0.0	12.051470588235293
0.0	68.56637168141583	0.0	12.051470588235293
0.0	5.27433628318584	0.0	12.051470588235293
0.0	0.32964601769911506	0.0	12.051470588235293
0.0	0.32964601769911506	0.0	0.0
0.0	0.0	0.0	12.051470588235293
0.0	4.9446902654867255	0.0	0.0
0.0	0.32964601769911506	0.0	0.0
0.0	4.615044247787611	0.0	0.0
0.0	63.29203539822997	0.0	0.0
0.0	11.207964601769914	0.0	0.0
0.0	52.08407079646009	0.0	0.0
7.879807692307692	0.32964601769911506	0.0	0.0
0.0	0.32964601769911506	0.0	0.0
7.879807692307692	0.0	0.0	0.0
26.79134615384615	49.77654867256632	0.0	349.4926470588236
23.639423076923073	5.603982300884956	0.0	0.0
0.0	1.9778761061946903	0.0	0.0
23.639423076923073	3.626106194690265	0.0	0.0
23.639423076923073	1.9778761061946903	0.0	0.0
0.0	1.3185840707964602	0.0	0.0
23.639423076923073	0.6592920353982301	0.0	0.0
18.91153846153846	0.0	0.0	0.0
4.727884615384616	0.6592920353982301	0.0	0.0
4.727884615384616	0.0	0.0	0.0
0.0	0.6592920353982301	0.0	0.0
0.0	1.6482300884955752	0.0	0.0
0.0	0.32964601769911506	0.0	0.0
0.0	1.3185840707964602	0.0	0.0
3.151923076923077	44.17256637168138	0.0	349.49264705882354
3.151923076923077	29.99778761061949	0.0	349.49264705882365
0.0	7.911504424778762	0.0	0.0
3.151923076923077	22.08628318584072	0.0	349.4926470588236
3.151923076923077	15.163716814159303	0.0	349.49264705882365
0.0	2.63716814159292	0.0	0.0
3.151923076923077	12.526548672566378	0.0	349.4926470588236
3.151923076923077	11.207964601769916	0.0	349.4926470588236
0.0	7.252212389380534	0.0	337.44117647058823
0.0	0.6592920353982301	0.0	0.0
0.0	6.592920353982302	0.0	337.44117647058835
0.0	0.6592920353982301	0.0	0.0
0.0	5.93362831858407	0.0	337.4411764705883
3.151923076923077	3.9557522123893802	0.0	12.051470588235293
0.0	0.0	0.0	12.051470588235293
3.151923076923077	3.95575221238938	0.0	0.0
0.0	2.966814159292035	0.0	0.0
3.151923076923077	0.9889380530973452	0.0	0.0
0.0	1.3185840707964602	0.0	0.0
0.0	0.32964601769911506	0.0	0.0
0.0	0.9889380530973452	0.0	0.0
0.0	6.922566371681416	0.0	0.0
0.0	0.32964601769911506	0.0	0.0
0.0	6.5929203539823025	0.0	0.0
0.0	14.17477876106195	0.0	0.0
0.0	0.6592920353982301	0.0	0.0
0.0	13.515486725663719	0.0	0.0
