# Sizes (NFeatures, Nclasses, NodeCount, MaxDepth)
14	4	177	12
# Classes
0.0	1.0	2.0	3.0
# Feature Names
Nrows	Ncols	Nnnz	AvgNnnz	Density	MaxRowNnnz	MinRowNnnz	StdRowNnnz	NDiags	NTrueDiags	AvgNnnzDia	AvgNnnzELL	AvgNnnzHyb	AvgNnnzHdc
# Left
1	2	3	4	-1	-1	7	8	9	10	-1	-1	-1	-1	-1	16	17	-1	-1	20	21	-1	23	24	-1	-1	27	28	29	30	-1	32	-1	34	-1	-1	-1	38	-1	-1	-1	-1	43	44	45	-1	47	48	49	50	51	52	53	54	-1	-1	-1	-1	59	60	61	-1	-1	-1	65	-1	-1	68	69	70	-1	72	-1	-1	-1	-1	-1	-1	-1	80	81	82	83	84	-1	86	-1	88	-1	-1	91	-1	-1	-1	95	-1	-1	98	99	-1	101	-1	-1	104	105	-1	-1	-1	109	110	111	112	-1	114	-1	116	-1	118	119	-1	-1	-1	123	124	125	126	-1	-1	-1	-1	131	-1	133	134	-1	-1	137	-1	139	-1	-1	142	-1	144	145	-1	147	-1	-1	-1	151	152	153	-1	-1	-1	157	-1	159	160	-1	162	163	164	-1	166	167	-1	-1	-1	171	-1	173	-1	-1	-1	-1
# Right
42	15	6	5	-1	-1	14	13	12	11	-1	-1	-1	-1	-1	19	18	-1	-1	41	22	-1	26	25	-1	-1	40	37	36	31	-1	33	-1	35	-1	-1	-1	39	-1	-1	-1	-1	108	79	46	-1	78	77	76	67	58	57	56	55	-1	-1	-1	-1	64	63	62	-1	-1	-1	66	-1	-1	75	74	71	-1	73	-1	-1	-1	-1	-1	-1	-1	97	94	93	90	85	-1	87	-1	89	-1	-1	92	-1	-1	-1	96	-1	-1	103	100	-1	102	-1	-1	107	106	-1	-1	-1	150	141	122	113	-1	115	-1	117	-1	121	120	-1	-1	-1	130	129	128	127	-1	-1	-1	-1	132	-1	136	135	-1	-1	138	-1	140	-1	-1	143	-1	149	146	-1	148	-1	-1	-1	156	155	154	-1	-1	-1	158	-1	176	161	-1	175	170	165	-1	169	168	-1	-1	-1	172	-1	174	-1	-1	-1	-1
# Threshold
53.0	0.40744149684906006	1.771369993686676	37608.0	-2.0	-2.0	10.5	1.3408600091934204	3.3781049251556396	376.5	-2.0	-2.0	-2.0	-2.0	-2.0	1.8186314719059737e-05	9.0	-2.0	-2.0	11.0	102.0	-2.0	0.0012786599691025913	10.0	-2.0	-2.0	17812.0	0.5474800169467926	5.820000171661377	0.8483335077762604	-2.0	0.001498429977800697	-2.0	0.6495999991893768	-2.0	-2.0	-2.0	4.831415057182312	-2.0	-2.0	-2.0	-2.0	0.0006256655033212155	0.11183149740099907	10684.5	-2.0	6.5	77.31304931640625	1.313979983329773	0.487418994307518	7.026829957962036	2.5	177903.5	0.45524850487709045	-2.0	-2.0	-2.0	-2.0	0.04669075086712837	64595.5	62313.5	-2.0	-2.0	-2.0	762381.0	-2.0	-2.0	6.199605195433833e-05	19780800.0	23244.0	-2.0	1.5	-2.0	-2.0	-2.0	-2.0	-2.0	-2.0	-2.0	2.859845062630484e-05	11.0	0.48841050267219543	2.5	1.5	-2.0	0.9994759857654572	-2.0	3.3929798348708573e-07	-2.0	-2.0	0.07631649821996689	-2.0	-2.0	-2.0	31.80280113220215	-2.0	-2.0	12.5	10.0	-2.0	73800.0	-2.0	-2.0	0.5	72543.5	-2.0	-2.0	-2.0	1481760.0	61.65354919433594	0.0014528600149787962	12.22100019454956	-2.0	0.008073755074292421	-2.0	0.5	-2.0	10351.0	70308.5	-2.0	-2.0	-2.0	1864.5	3.6144999265670776	3.576545000076294	68.0	-2.0	-2.0	-2.0	-2.0	1875.0	-2.0	11532.0	11245.5	-2.0	-2.0	29.833200454711914	-2.0	30.23680019378662	-2.0	-2.0	927.5	-2.0	0.04365289956331253	18413.0	-2.0	0.0006590179982595146	-2.0	-2.0	-2.0	0.9397279918193817	11352.0	0.001092505466658622	-2.0	-2.0	-2.0	0.3924500048160553	-2.0	51.5	36.5	-2.0	82723.0	0.6977584958076477	2.5	-2.0	25.0	3256115.0	-2.0	-2.0	-2.0	0.847831517457962	-2.0	5.5	-2.0	-2.0	-2.0	-2.0
# Feature
8	10	7	0	-2	-2	9	12	7	0	-2	-2	-2	-2	-2	4	8	-2	-2	6	2	-2	4	9	-2	-2	2	7	3	11	-2	4	-2	10	-2	-2	-2	7	-2	-2	-2	-2	10	11	1	-2	6	3	12	13	7	9	1	13	-2	-2	-2	-2	11	8	8	-2	-2	-2	0	-2	-2	4	2	8	-2	9	-2	-2	-2	-2	-2	-2	-2	4	5	13	6	6	-2	11	-2	4	-2	-2	7	-2	-2	-2	3	-2	-2	5	5	-2	1	-2	-2	6	0	-2	-2	-2	2	7	10	7	-2	11	-2	6	-2	8	2	-2	-2	-2	8	3	3	8	-2	-2	-2	-2	8	-2	2	2	-2	-2	7	-2	7	-2	-2	5	-2	4	1	-2	4	-2	-2	-2	12	5	10	-2	-2	-2	13	-2	9	5	-2	8	13	6	-2	6	2	-2	-2	-2	13	-2	9	-2	-2	-2	-2
# Values
409.7500000000007	409.75	409.7500000000002	409.7500000000001
3.9210526315789473	24.996332046332046	401.47222222222257	11.381944444444445
3.9210526315789473	15.187644787644787	20.694444444444446	0.0
3.9210526315789473	8.543050193050194	0.0	0.0
0.0	8.543050193050194	0.0	0.0
3.9210526315789473	0.0	0.0	0.0
0.0	6.644594594594595	20.694444444444446	0.0
0.0	2.5312741312741314	20.694444444444446	0.0
0.0	1.582046332046332	20.694444444444446	0.0
0.0	0.9492277992277993	20.694444444444446	0.0
0.0	0.0	16.555555555555557	0.0
0.0	0.9492277992277993	4.138888888888889	0.0
0.0	0.6328185328185328	0.0	0.0
0.0	0.9492277992277993	0.0	0.0
0.0	4.113320463320464	0.0	0.0
0.0	9.808687258687259	380.7777777777781	11.381944444444445
0.0	0.0	16.555555555555557	11.381944444444445
0.0	0.0	16.555555555555557	0.0
0.0	0.0	0.0	11.381944444444445
0.0	9.808687258687259	364.2222222222224	0.0
0.0	8.226640926640927	364.2222222222224	0.0
0.0	1.5820463320463323	0.0	0.0
0.0	6.644594594594595	364.2222222222223	0.0
0.0	0.3164092664092664	153.13888888888886	0.0
0.0	0.0	153.13888888888886	0.0
0.0	0.3164092664092664	0.0	0.0
0.0	6.328185328185328	211.08333333333326	0.0
0.0	4.746138996138996	211.08333333333326	0.0
0.0	4.113320463320464	82.77777777777777	0.0
0.0	2.8476833976833977	82.77777777777777	0.0
0.0	1.8984555984555986	0.0	0.0
0.0	0.9492277992277993	82.77777777777777	0.0
0.0	0.6328185328185328	8.277777777777779	0.0
0.0	0.3164092664092664	74.5	0.0
0.0	0.3164092664092664	12.416666666666668	0.0
0.0	0.0	62.08333333333334	0.0
0.0	1.2656370656370657	0.0	0.0
0.0	0.6328185328185328	128.30555555555557	0.0
0.0	0.0	120.02777777777779	0.0
0.0	0.6328185328185328	8.277777777777779	0.0
0.0	1.5820463320463323	0.0	0.0
0.0	1.5820463320463323	0.0	0.0
405.8289473684219	384.75366795366796	8.277777777777779	398.3680555555557
325.4473684210531	66.44594594594595	0.0	22.76388888888889
272.51315789473716	25.62915057915058	0.0	0.0
0.0	3.796911196911197	0.0	0.0
272.5131578947373	21.832239382239383	0.0	0.0
272.51315789473716	15.187644787644787	0.0	0.0
272.5131578947373	13.28918918918919	0.0	0.0
272.51315789473716	11.074324324324325	0.0	0.0
209.7763157894739	3.164092664092664	0.0	0.0
5.881578947368421	1.2656370656370657	0.0	0.0
5.881578947368421	0.3164092664092664	0.0	0.0
1.9605263157894737	0.3164092664092664	0.0	0.0
1.9605263157894737	0.0	0.0	0.0
0.0	0.3164092664092664	0.0	0.0
3.9210526315789473	0.0	0.0	0.0
0.0	0.9492277992277993	0.0	0.0
203.89473684210552	1.8984555984555984	0.0	0.0
198.013157894737	1.2656370656370657	0.0	0.0
80.38157894736842	1.2656370656370657	0.0	0.0
80.38157894736844	0.6328185328185328	0.0	0.0
0.0	0.6328185328185328	0.0	0.0
117.63157894736851	0.0	0.0	0.0
5.881578947368421	0.6328185328185328	0.0	0.0
5.881578947368421	0.0	0.0	0.0
0.0	0.6328185328185328	0.0	0.0
62.73684210526315	7.91023166023166	0.0	0.0
62.73684210526314	4.42972972972973	0.0	0.0
62.73684210526314	3.4805019305019305	0.0	0.0
0.0	0.9492277992277993	0.0	0.0
62.736842105263136	2.5312741312741314	0.0	0.0
54.89473684210525	0.6328185328185328	0.0	0.0
7.842105263157895	1.8984555984555986	0.0	0.0
0.0	0.9492277992277993	0.0	0.0
0.0	3.4805019305019305	0.0	0.0
0.0	2.214864864864865	0.0	0.0
0.0	1.8984555984555986	0.0	0.0
0.0	6.644594594594595	0.0	0.0
52.93421052631578	40.81679536679537	0.0	22.76388888888889
50.973684210526315	6.961003861003861	0.0	0.0
49.01315789473684	2.214864864864865	0.0	0.0
49.01315789473684	1.582046332046332	0.0	0.0
47.05263157894737	0.6328185328185328	0.0	0.0
37.24999999999999	0.0	0.0	0.0
9.802631578947368	0.6328185328185328	0.0	0.0
0.0	0.6328185328185328	0.0	0.0
9.802631578947368	0.0	0.0	0.0
1.9605263157894737	0.0	0.0	0.0
7.842105263157895	0.0	0.0	0.0
1.9605263157894737	0.9492277992277993	0.0	0.0
1.9605263157894737	0.0	0.0	0.0
0.0	0.9492277992277993	0.0	0.0
0.0	0.6328185328185328	0.0	0.0
1.9605263157894737	4.746138996138996	0.0	0.0
0.0	4.746138996138996	0.0	0.0
1.9605263157894737	0.0	0.0	0.0
1.9605263157894737	33.85579150579151	0.0	22.76388888888889
0.0	7.91023166023166	0.0	22.76388888888889
0.0	7.91023166023166	0.0	0.0
0.0	0.0	0.0	22.76388888888889
0.0	0.0	0.0	11.381944444444445
0.0	0.0	0.0	11.381944444444445
1.9605263157894737	25.945559845559846	0.0	0.0
1.9605263157894737	0.9492277992277993	0.0	0.0
0.0	0.9492277992277993	0.0	0.0
1.9605263157894737	0.0	0.0	0.0
0.0	24.996332046332046	0.0	0.0
80.38157894736841	318.307722007722	8.277777777777779	375.6041666666668
62.736842105263136	283.5027027027027	8.277777777777779	34.145833333333336
19.605263157894736	279.072972972973	8.277777777777779	34.145833333333336
17.644736842105264	12.972779922779923	0.0	0.0
0.0	10.441505791505792	0.0	0.0
17.644736842105264	2.5312741312741314	0.0	0.0
0.0	1.2656370656370657	0.0	0.0
17.644736842105264	1.2656370656370657	0.0	0.0
0.0	0.6328185328185328	0.0	0.0
17.644736842105264	0.6328185328185328	0.0	0.0
5.881578947368421	0.6328185328185328	0.0	0.0
5.881578947368421	0.0	0.0	0.0
0.0	0.6328185328185328	0.0	0.0
11.763157894736842	0.0	0.0	0.0
1.9605263157894737	266.10019305019307	8.277777777777779	34.145833333333336
0.0	182.56814671814672	8.277777777777779	0.0
0.0	25.312741312741313	8.277777777777779	0.0
0.0	13.922007722007722	0.0	0.0
0.0	0.6328185328185328	0.0	0.0
0.0	13.28918918918919	0.0	0.0
0.0	11.390733590733591	8.277777777777779	0.0
0.0	157.2554054054054	0.0	0.0
1.9605263157894737	83.53204633204633	0.0	34.145833333333336
0.0	0.0	0.0	22.76388888888889
1.9605263157894737	83.53204633204633	0.0	11.381944444444445
0.0	18.035328185328186	0.0	11.381944444444445
0.0	6.328185328185328	0.0	0.0
0.0	11.707142857142857	0.0	11.381944444444445
1.9605263157894737	65.49671814671815	0.0	0.0
0.0	51.574710424710425	0.0	0.0
1.9605263157894737	13.922007722007722	0.0	0.0
1.9605263157894737	0.0	0.0	0.0
0.0	13.922007722007722	0.0	0.0
43.13157894736842	4.42972972972973	0.0	0.0
0.0	3.164092664092664	0.0	0.0
43.13157894736841	1.2656370656370657	0.0	0.0
43.13157894736842	0.3164092664092664	0.0	0.0
39.21052631578947	0.0	0.0	0.0
3.9210526315789473	0.3164092664092664	0.0	0.0
3.9210526315789473	0.0	0.0	0.0
0.0	0.3164092664092664	0.0	0.0
0.0	0.9492277992277993	0.0	0.0
17.644736842105264	34.80501930501931	0.0	341.4583333333334
17.644736842105264	4.746138996138996	0.0	0.0
0.0	4.746138996138996	0.0	0.0
0.0	0.3164092664092664	0.0	0.0
0.0	4.42972972972973	0.0	0.0
17.644736842105264	0.0	0.0	0.0
0.0	30.05888030888031	0.0	341.4583333333335
0.0	11.707142857142857	0.0	0.0
0.0	18.351737451737453	0.0	341.4583333333334
0.0	14.554826254826255	0.0	341.4583333333334
0.0	3.796911196911197	0.0	0.0
0.0	10.757915057915058	0.0	341.4583333333334
0.0	9.808687258687259	0.0	341.4583333333335
0.0	4.42972972972973	0.0	318.6944444444445
0.0	1.8984555984555986	0.0	0.0
0.0	2.5312741312741314	0.0	318.69444444444457
0.0	2.214864864864865	0.0	318.6944444444445
0.0	1.8984555984555984	0.0	56.90972222222223
0.0	0.3164092664092664	0.0	261.7847222222223
0.0	0.3164092664092664	0.0	0.0
0.0	5.378957528957529	0.0	22.76388888888889
0.0	5.378957528957529	0.0	0.0
0.0	0.0	0.0	22.76388888888889
0.0	0.0	0.0	11.381944444444445
0.0	0.0	0.0	11.381944444444445
0.0	0.9492277992277993	0.0	0.0
0.0	3.796911196911197	0.0	0.0
