# Sizes (NFeatures, Nclasses, NodeCount, MaxDepth)
14	4	193	12
# Classes
0.0	1.0	2.0	3.0
# Feature Names
Nrows	Ncols	Nnnz	AvgNnnz	Density	MaxRowNnnz	MinRowNnnz	StdRowNnnz	NDiags	NTrueDiags	AvgNnnzDia	AvgNnnzELL	AvgNnnzHyb	AvgNnnzHdc
# Left
1	2	3	4	5	6	-1	-1	9	10	-1	-1	-1	-1	-1	16	17	18	-1	20	-1	22	23	24	-1	-1	27	28	-1	30	31	-1	-1	-1	35	36	37	-1	-1	-1	41	-1	43	-1	-1	-1	-1	48	-1	-1	51	52	53	54	-1	56	-1	-1	-1	60	61	62	63	64	-1	-1	-1	68	69	70	71	72	73	-1	-1	-1	77	-1	79	-1	-1	82	-1	84	85	-1	-1	88	-1	-1	91	-1	93	-1	95	-1	97	-1	-1	-1	101	102	-1	104	-1	-1	-1	108	-1	110	-1	-1	113	114	115	116	117	-1	-1	-1	121	122	123	-1	-1	-1	127	128	-1	130	-1	-1	133	-1	135	-1	-1	138	-1	140	-1	-1	143	144	145	-1	147	148	-1	150	-1	-1	-1	154	-1	-1	157	158	159	160	-1	-1	163	164	165	-1	-1	-1	-1	-1	171	172	173	-1	175	176	177	-1	179	-1	-1	182	-1	-1	185	-1	-1	188	-1	-1	191	-1	-1
# Right
50	15	14	13	8	7	-1	-1	12	11	-1	-1	-1	-1	-1	47	46	19	-1	21	-1	45	26	25	-1	-1	34	29	-1	33	32	-1	-1	-1	40	39	38	-1	-1	-1	42	-1	44	-1	-1	-1	-1	49	-1	-1	112	59	58	55	-1	57	-1	-1	-1	107	100	67	66	65	-1	-1	-1	99	90	81	76	75	74	-1	-1	-1	78	-1	80	-1	-1	83	-1	87	86	-1	-1	89	-1	-1	92	-1	94	-1	96	-1	98	-1	-1	-1	106	103	-1	105	-1	-1	-1	109	-1	111	-1	-1	142	137	120	119	118	-1	-1	-1	126	125	124	-1	-1	-1	132	129	-1	131	-1	-1	134	-1	136	-1	-1	139	-1	141	-1	-1	156	153	146	-1	152	149	-1	151	-1	-1	-1	155	-1	-1	170	169	162	161	-1	-1	168	167	166	-1	-1	-1	-1	-1	190	187	174	-1	184	181	178	-1	180	-1	-1	183	-1	-1	186	-1	-1	189	-1	-1	192	-1	-1
# Threshold
42.0	0.4098225086927414	1.628724992275238	10.5	8.5	10340.0	-2.0	-2.0	3.3781049251556396	3098.0	-2.0	-2.0	-2.0	-2.0	-2.0	8.5	0.5022825002670288	107.0	-2.0	0.34066249430179596	-2.0	29.0	117.0	5.0	-2.0	-2.0	4.9320900440216064	3.5	-2.0	0.49973349273204803	0.49958349764347076	-2.0	-2.0	-2.0	0.45780350267887115	0.7742834985256195	3.5	-2.0	-2.0	-2.0	0.7073180079460144	-2.0	23035.0	-2.0	-2.0	-2.0	-2.0	505.0	-2.0	-2.0	0.06559300050139427	53845.0	62.23855209350586	4807.0	-2.0	0.001572409993968904	-2.0	-2.0	-2.0	13.5	6.5	9062.5	0.7809299826622009	0.00446697510778904	-2.0	-2.0	-2.0	1.2132249474525452	16.005749702453613	35285.0	0.4566654860973358	0.04900079965591431	0.5	-2.0	-2.0	-2.0	32941.5	-2.0	76044.0	-2.0	-2.0	23975.5	-2.0	4.5	0.5194304883480072	-2.0	-2.0	8.623679968877696e-05	-2.0	-2.0	55.65429878234863	-2.0	0.5	-2.0	0.28642450273036957	-2.0	1094.0	-2.0	-2.0	-2.0	1.0016935169696808	0.0009986919758375734	-2.0	77.41650009155273	-2.0	-2.0	-2.0	0.001529775036033243	-2.0	0.05130620114505291	-2.0	-2.0	553741.5	0.8937059938907623	9.142244743998162e-05	287404.0	1.2851700186729431	-2.0	-2.0	-2.0	0.01988970022648573	1583.5	0.012784100137650967	-2.0	-2.0	-2.0	0.020137449726462364	1.688675045967102	-2.0	0.5554285049438477	-2.0	-2.0	121.375	-2.0	3105.5	-2.0	-2.0	13058.0	-2.0	3209.5	-2.0	-2.0	4.840564966201782	0.5773769915103912	16256.0	-2.0	698.6775169372559	26335900.0	-2.0	3.49862003326416	-2.0	-2.0	-2.0	4.819545030593872	-2.0	-2.0	0.44678249955177307	8.0	71260.0	0.4128294885158539	-2.0	-2.0	0.5	122.0	251697.0	-2.0	-2.0	-2.0	-2.0	-2.0	0.0006866505136713386	0.6949180066585541	2.5	-2.0	74292.0	23.0	43038.0	-2.0	7.303325176239014	-2.0	-2.0	63.429399490356445	-2.0	-2.0	0.5	-2.0	-2.0	52904.0	-2.0	-2.0	594007.0	-2.0	-2.0
# Feature
8	10	12	9	5	1	-2	-2	7	2	-2	-2	-2	-2	-2	6	13	2	-2	13	-2	8	1	5	-2	-2	3	6	-2	13	13	-2	-2	-2	13	10	6	-2	-2	-2	11	-2	2	-2	-2	-2	-2	0	-2	-2	11	2	7	8	-2	10	-2	-2	-2	6	6	8	12	11	-2	-2	-2	12	3	8	13	11	6	-2	-2	-2	8	-2	0	-2	-2	1	-2	9	13	-2	-2	10	-2	-2	7	-2	6	-2	13	-2	5	-2	-2	-2	12	4	-2	3	-2	-2	-2	10	-2	11	-2	-2	2	13	4	2	12	-2	-2	-2	4	2	10	-2	-2	-2	4	12	-2	11	-2	-2	3	-2	1	-2	-2	1	-2	8	-2	-2	3	13	8	-2	12	2	-2	3	-2	-2	-2	3	-2	-2	13	9	8	11	-2	-2	6	5	1	-2	-2	-2	-2	-2	4	13	6	-2	8	6	0	-2	12	-2	-2	3	-2	-2	9	-2	-2	0	-2	-2	2	-2	-2
# Values
409.75000000000006	409.75000000000466	409.7499999999997	409.74999999999994
0.0	20.08578431372548	405.8844339622639	0.0
0.0	11.716707516339868	30.92452830188679	0.0
0.0	6.025735294117647	30.92452830188679	0.0
0.0	4.0171568627450975	30.92452830188679	0.0
0.0	3.3476307189542482	3.865566037735849	0.0
0.0	3.3476307189542482	0.0	0.0
0.0	0.0	3.865566037735849	0.0
0.0	0.6695261437908496	27.058962264150942	0.0
0.0	0.3347630718954248	27.058962264150942	0.0
0.0	0.0	27.058962264150942	0.0
0.0	0.3347630718954248	0.0	0.0
0.0	0.3347630718954248	0.0	0.0
0.0	2.0085784313725488	0.0	0.0
0.0	5.6909722222222205	0.0	0.0
0.0	8.369076797385617	374.95990566037716	0.0
0.0	6.6952614379084965	374.95990566037716	0.0
0.0	6.025735294117645	374.9599056603771	0.0
0.0	0.6695261437908496	0.0	0.0
0.0	5.356209150326796	374.9599056603771	0.0
0.0	0.3347630718954248	0.0	0.0
0.0	5.021446078431372	374.9599056603771	0.0
0.0	4.686683006535946	374.9599056603771	0.0
0.0	1.0042892156862744	3.865566037735849	0.0
0.0	1.0042892156862744	0.0	0.0
0.0	0.0	3.865566037735849	0.0
0.0	3.682393790849673	371.09433962264126	0.0
0.0	0.3347630718954248	266.7240566037734	0.0
0.0	0.0	208.74056603773573	0.0
0.0	0.3347630718954248	57.98349056603772	0.0
0.0	0.3347630718954248	34.79009433962264	0.0
0.0	0.0	19.327830188679243	0.0
0.0	0.3347630718954248	15.462264150943396	0.0
0.0	0.0	23.193396226415093	0.0
0.0	3.3476307189542482	104.37028301886791	0.0
0.0	2.3433415032679736	7.731132075471698	0.0
0.0	0.3347630718954248	7.731132075471698	0.0
0.0	0.3347630718954248	0.0	0.0
0.0	0.0	7.731132075471698	0.0
0.0	2.0085784313725488	0.0	0.0
0.0	1.0042892156862744	96.63915094339622	0.0
0.0	0.3347630718954248	0.0	0.0
0.0	0.6695261437908496	96.6391509433962	0.0
0.0	0.6695261437908496	27.058962264150942	0.0
0.0	0.0	69.58018867924527	0.0
0.0	0.3347630718954248	0.0	0.0
0.0	0.6695261437908496	0.0	0.0
0.0	1.673815359477124	0.0	0.0
0.0	0.6695261437908496	0.0	0.0
0.0	1.0042892156862744	0.0	0.0
409.7500000000001	389.6642156862785	3.865566037735849	409.75
356.830258302583	81.6821895424835	0.0	21.56578947368421
9.071955719557195	56.2401960784313	0.0	0.0
1.5119926199261993	56.24019607843132	0.0	0.0
0.0	51.8882761437908	0.0	0.0
1.5119926199261993	4.351919934640523	0.0	0.0
0.0	4.351919934640523	0.0	0.0
1.5119926199261993	0.0	0.0	0.0
7.5599630996309966	0.0	0.0	0.0
347.7583025830261	25.441993464052274	0.0	21.56578947368421
343.22232472324714	25.10723039215685	0.0	0.0
340.19833948339493	18.411968954248362	0.0	0.0
12.095940959409592	7.030024509803921	0.0	0.0
12.095940959409594	2.6781045751633985	0.0	0.0
0.0	2.6781045751633985	0.0	0.0
12.095940959409592	0.0	0.0	0.0
0.0	4.351919934640523	0.0	0.0
328.10239852398547	11.381944444444443	0.0	0.0
328.1023985239856	10.712418300653594	0.0	0.0
309.9584870848711	7.364787581699344	0.0	0.0
58.96771217712176	4.351919934640522	0.0	0.0
55.94372693726936	0.6695261437908496	0.0	0.0
55.94372693726937	0.3347630718954248	0.0	0.0
0.0	0.3347630718954248	0.0	0.0
55.94372693726937	0.0	0.0	0.0
0.0	0.3347630718954248	0.0	0.0
3.0239852398523985	3.682393790849673	0.0	0.0
0.0	3.3476307189542482	0.0	0.0
3.0239852398523985	0.3347630718954248	0.0	0.0
0.0	0.3347630718954248	0.0	0.0
3.0239852398523985	0.0	0.0	0.0
250.99077490774894	3.0128676470588234	0.0	0.0
0.0	0.3347630718954248	0.0	0.0
250.99077490774903	2.6781045751633985	0.0	0.0
238.89483394833942	1.3390522875816993	0.0	0.0
179.92712177121768	0.0	0.0	0.0
58.96771217712177	1.3390522875816993	0.0	0.0
12.095940959409594	1.3390522875816993	0.0	0.0
10.583948339483394	0.0	0.0	0.0
1.5119926199261993	1.3390522875816993	0.0	0.0
18.14391143911439	3.3476307189542482	0.0	0.0
0.0	2.0085784313725488	0.0	0.0
18.14391143911439	1.3390522875816993	0.0	0.0
0.0	1.0042892156862744	0.0	0.0
18.14391143911439	0.3347630718954248	0.0	0.0
0.0	0.3347630718954248	0.0	0.0
18.14391143911439	0.0	0.0	0.0
1.5119926199261993	0.0	0.0	0.0
16.63191881918819	0.0	0.0	0.0
0.0	0.6695261437908496	0.0	0.0
3.0239852398523985	6.695261437908496	0.0	0.0
3.0239852398523985	2.0085784313725488	0.0	0.0
0.0	1.6738153594771241	0.0	0.0
3.0239852398523985	0.3347630718954248	0.0	0.0
0.0	0.3347630718954248	0.0	0.0
3.0239852398523985	0.0	0.0	0.0
0.0	4.686683006535947	0.0	0.0
4.535977859778598	0.3347630718954248	0.0	21.56578947368421
0.0	0.0	0.0	21.56578947368421
4.535977859778598	0.3347630718954248	0.0	0.0
4.535977859778598	0.0	0.0	0.0
0.0	0.3347630718954248	0.0	0.0
52.91974169741697	307.98202614379176	3.865566037735849	388.18421052631567
16.63191881918819	231.65604575163326	3.865566037735849	21.56578947368421
10.583948339483394	230.31699346405156	3.865566037735849	10.782894736842104
9.071955719557195	4.686683006535947	0.0	0.0
9.071955719557195	0.3347630718954248	0.0	0.0
9.071955719557195	0.0	0.0	0.0
0.0	0.3347630718954248	0.0	0.0
0.0	4.351919934640523	0.0	0.0
1.5119926199261993	225.63031045751563	3.865566037735849	10.782894736842104
0.0	176.08537581699292	3.865566037735849	0.0
0.0	17.072916666666664	3.865566037735849	0.0
0.0	12.720996732026142	3.865566037735849	0.0
0.0	4.351919934640523	0.0	0.0
0.0	159.01245915032635	0.0	0.0
1.5119926199261993	49.54493464052282	0.0	10.782894736842104
0.0	1.0042892156862744	0.0	10.782894736842104
0.0	0.0	0.0	10.782894736842104
0.0	1.0042892156862744	0.0	0.0
0.0	0.3347630718954248	0.0	0.0
0.0	0.6695261437908496	0.0	0.0
1.5119926199261993	48.54064542483654	0.0	0.0
0.0	47.20159313725485	0.0	0.0
1.5119926199261993	1.3390522875816993	0.0	0.0
1.5119926199261993	0.0	0.0	0.0
0.0	1.3390522875816993	0.0	0.0
6.047970479704797	1.3390522875816993	0.0	10.782894736842104
0.0	0.0	0.0	10.782894736842104
6.047970479704797	1.3390522875816993	0.0	0.0
0.0	1.3390522875816993	0.0	0.0
6.047970479704797	0.0	0.0	0.0
36.28782287822879	76.32598039215672	0.0	366.61842105263145
31.751845018450187	2.6781045751633985	0.0	0.0
30.23985239852399	1.0042892156862744	0.0	0.0
0.0	0.3347630718954248	0.0	0.0
30.239852398523983	0.6695261437908496	0.0	0.0
30.239852398523986	0.3347630718954248	0.0	0.0
19.655904059040587	0.0	0.0	0.0
10.583948339483396	0.3347630718954248	0.0	0.0
10.583948339483396	0.0	0.0	0.0
0.0	0.3347630718954248	0.0	0.0
0.0	0.3347630718954248	0.0	0.0
1.5119926199261993	1.6738153594771241	0.0	0.0
0.0	1.6738153594771241	0.0	0.0
1.5119926199261993	0.0	0.0	0.0
4.535977859778598	73.64787581699332	0.0	366.61842105263156
4.535977859778598	42.1801470588235	0.0	32.348684210526315
4.535977859778598	8.703839869281044	0.0	32.348684210526315
0.0	1.6738153594771241	0.0	32.348684210526315
0.0	1.6738153594771241	0.0	0.0
0.0	0.0	0.0	32.348684210526315
4.535977859778598	7.03002450980392	0.0	0.0
4.535977859778598	0.3347630718954248	0.0	0.0
4.535977859778598	0.0	0.0	0.0
3.0239852398523985	0.0	0.0	0.0
1.5119926199261993	0.0	0.0	0.0
0.0	0.3347630718954248	0.0	0.0
0.0	6.695261437908495	0.0	0.0
0.0	33.47630718954245	0.0	0.0
0.0	31.467728758169923	0.0	334.2697368421053
0.0	20.75531045751633	0.0	334.2697368421052
0.0	11.047181372549016	0.0	334.2697368421053
0.0	2.6781045751633985	0.0	0.0
0.0	8.369076797385619	0.0	334.26973684210526
0.0	5.690972222222221	0.0	334.2697368421052
0.0	4.686683006535947	0.0	334.26973684210526
0.0	1.0042892156862744	0.0	0.0
0.0	3.682393790849673	0.0	334.2697368421052
0.0	3.682393790849673	0.0	129.3947368421053
0.0	0.0	0.0	204.87500000000003
0.0	1.0042892156862744	0.0	0.0
0.0	0.3347630718954248	0.0	0.0
0.0	0.6695261437908496	0.0	0.0
0.0	2.6781045751633985	0.0	0.0
0.0	0.6695261437908496	0.0	0.0
0.0	2.0085784313725488	0.0	0.0
0.0	9.708129084967322	0.0	0.0
0.0	0.3347630718954248	0.0	0.0
0.0	9.373366013071893	0.0	0.0
0.0	10.712418300653592	0.0	0.0
0.0	0.3347630718954248	0.0	0.0
0.0	10.377655228758169	0.0	0.0
