# Sizes (NFeatures, Nclasses, NodeCount, MaxDepth)
14	4	205	12
# Classes
0.0	1.0	2.0	3.0
# Feature Names
Nrows	Ncols	Nnnz	AvgNnnz	Density	MaxRowNnnz	MinRowNnnz	StdRowNnnz	NDiags	NTrueDiags	AvgNnnzDia	AvgNnnzELL	AvgNnnzHyb	AvgNnnzHdc
# Left
1	2	3	4	5	-1	7	-1	-1	-1	11	12	13	14	-1	16	-1	-1	19	-1	-1	22	23	24	25	-1	-1	28	29	30	31	-1	-1	34	-1	-1	-1	38	-1	-1	41	-1	-1	-1	45	46	47	-1	-1	-1	51	-1	-1	54	55	56	57	58	59	60	-1	62	-1	64	-1	-1	-1	68	-1	-1	71	-1	-1	74	75	76	77	78	-1	80	-1	-1	83	-1	-1	86	87	88	-1	-1	-1	92	93	94	-1	-1	-1	98	-1	-1	-1	102	-1	-1	105	106	-1	108	109	-1	-1	112	-1	-1	115	-1	-1	118	119	120	121	122	-1	124	-1	-1	127	-1	129	-1	-1	-1	133	-1	-1	136	137	138	-1	140	-1	142	143	144	145	-1	-1	-1	149	-1	151	-1	-1	-1	-1	156	-1	158	-1	160	-1	-1	163	164	165	-1	167	168	169	170	171	-1	-1	-1	175	176	177	-1	-1	-1	181	182	-1	184	185	-1	-1	188	-1	-1	191	-1	193	194	-1	-1	-1	-1	-1	200	201	-1	-1	-1	-1
# Right
162	53	10	9	6	-1	8	-1	-1	-1	44	21	18	15	-1	17	-1	-1	20	-1	-1	43	40	27	26	-1	-1	37	36	33	32	-1	-1	35	-1	-1	-1	39	-1	-1	42	-1	-1	-1	50	49	48	-1	-1	-1	52	-1	-1	117	104	73	70	67	66	61	-1	63	-1	65	-1	-1	-1	69	-1	-1	72	-1	-1	101	100	85	82	79	-1	81	-1	-1	84	-1	-1	91	90	89	-1	-1	-1	97	96	95	-1	-1	-1	99	-1	-1	-1	103	-1	-1	114	107	-1	111	110	-1	-1	113	-1	-1	116	-1	-1	135	132	131	126	123	-1	125	-1	-1	128	-1	130	-1	-1	-1	134	-1	-1	155	154	139	-1	141	-1	153	148	147	146	-1	-1	-1	150	-1	152	-1	-1	-1	-1	157	-1	159	-1	161	-1	-1	204	199	166	-1	198	197	174	173	172	-1	-1	-1	180	179	178	-1	-1	-1	190	183	-1	187	186	-1	-1	189	-1	-1	192	-1	196	195	-1	-1	-1	-1	-1	203	202	-1	-1	-1	-1
# Threshold
0.32029150426387787	0.08766334876418114	4928.0	0.004792635096237063	2590.0	-2.0	0.004734465153887868	-2.0	-2.0	-2.0	5.5	10711.5	0.7975794970989227	0.004437450086697936	-2.0	1.5	-2.0	-2.0	0.000306992995319888	-2.0	-2.0	0.0024970200029201806	74.42144775390625	69309.0	0.01645440043648705	-2.0	-2.0	51093450.0	1.3142499923706055	0.02784594986587763	1.0221695005893707	-2.0	-2.0	0.029276149347424507	-2.0	-2.0	-2.0	3.9439051151275635	-2.0	-2.0	0.5	-2.0	-2.0	-2.0	0.003083864925429225	0.6062865257263184	567.5	-2.0	-2.0	-2.0	589050.5	-2.0	-2.0	66575.5	1488985.0	53.0	37610.0	1.3408600091934204	10.5	1.619949996471405	-2.0	91.0	-2.0	0.051024410175159574	-2.0	-2.0	-2.0	0.0007275994721567258	-2.0	-2.0	0.0935714989900589	-2.0	-2.0	0.8937059938907623	167.2224998474121	0.00018018700211541727	85896.0	0.44093000888824463	-2.0	2.7008700370788574	-2.0	-2.0	27633.5	-2.0	-2.0	7.5	3.6144999265670776	3.58351993560791	-2.0	-2.0	-2.0	1.0	34.5	9.0	-2.0	-2.0	-2.0	19.5	-2.0	-2.0	-2.0	389331.0	-2.0	-2.0	6.0	39654.0	-2.0	62.222999572753906	0.349467009305954	-2.0	-2.0	737.8729476928711	-2.0	-2.0	13500.0	-2.0	-2.0	4.763324975967407	2.843315087375231e-05	698.6775169372559	3.0	1.031404972076416	-2.0	0.572180986404419	-2.0	-2.0	0.3714964985847473	-2.0	5421280.0	-2.0	-2.0	-2.0	0.0002933169962489046	-2.0	-2.0	62736.0	22.0	0.36381450295448303	-2.0	502590.5	-2.0	0.991863489151001	0.6588145196437836	74.0	3.8495800495147705	-2.0	-2.0	-2.0	954919.5	-2.0	0.0012282750103622675	-2.0	-2.0	-2.0	-2.0	0.40884949266910553	-2.0	482610.0	-2.0	1479845.0	-2.0	-2.0	44.0	3292135.0	74.0	-2.0	9.5	0.5022825002670288	107.0	5.5	2.5	-2.0	-2.0	-2.0	0.4394035041332245	3.0	1.7776049971580505	-2.0	-2.0	-2.0	4.384015083312988	2.5	-2.0	0.8916254937648773	4.421875	-2.0	-2.0	0.6941474974155426	-2.0	-2.0	0.7142550051212311	-2.0	0.9842365086078644	5.5	-2.0	-2.0	-2.0	-2.0	-2.0	7.440524996127351e-06	1135214.5	-2.0	-2.0	-2.0	-2.0
# Feature
10	11	8	11	8	-2	11	-2	-2	-2	6	8	12	11	-2	9	-2	-2	10	-2	-2	4	3	2	11	-2	-2	2	12	11	12	-2	-2	11	-2	-2	-2	3	-2	-2	6	-2	-2	-2	10	13	5	-2	-2	-2	2	-2	-2	1	2	8	1	12	5	7	-2	2	-2	4	-2	-2	-2	4	-2	-2	10	-2	-2	13	7	4	2	13	-2	7	-2	-2	1	-2	-2	6	3	3	-2	-2	-2	9	5	6	-2	-2	-2	5	-2	-2	-2	2	-2	-2	9	8	-2	7	13	-2	-2	7	-2	-2	1	-2	-2	3	4	12	9	7	-2	13	-2	-2	13	-2	1	-2	-2	-2	10	-2	-2	8	6	13	-2	2	-2	11	13	9	7	-2	-2	-2	1	-2	10	-2	-2	-2	-2	13	-2	8	-2	1	-2	-2	8	2	0	-2	6	13	1	9	6	-2	-2	-2	10	6	12	-2	-2	-2	12	6	-2	10	3	-2	-2	7	-2	-2	10	-2	11	5	-2	-2	-2	-2	-2	4	1	-2	-2	-2	-2
# Values
409.74999999999966	409.74999999999477	409.7499999999999	409.75
409.7499999999998	389.4785077047807	23.86893203883495	388.73717948717956
338.35416666666674	98.03426601784284	0.0	42.02564102564103
1.5520833333333333	66.131589618816	0.0	21.012820512820515
1.5520833333333333	21.933090024330898	0.0	21.012820512820515
1.5520833333333333	0.0	0.0	0.0
0.0	21.933090024330895	0.0	21.012820512820515
0.0	4.320154095701541	0.0	0.0
0.0	17.61293592862935	0.0	21.012820512820515
0.0	44.19849959448502	0.0	0.0
336.8020833333332	31.902676399026767	0.0	21.012820512820515
319.72916666666663	22.265409570154088	0.0	0.0
15.520833333333334	9.304947283049474	0.0	0.0
15.520833333333332	3.3231954582319547	0.0	0.0
0.0	2.6585563665855636	0.0	0.0
15.520833333333334	0.6646390916463909	0.0	0.0
0.0	0.6646390916463909	0.0	0.0
15.520833333333336	0.0	0.0	0.0
0.0	5.981751824817519	0.0	0.0
0.0	0.33231954582319545	0.0	0.0
0.0	5.649432278994323	0.0	0.0
304.20833333333326	12.960462287104622	0.0	0.0
304.20833333333337	11.631184103811838	0.0	0.0
298.0	8.307988645579888	0.0	0.0
1.5520833333333333	0.9969586374695864	0.0	0.0
1.5520833333333333	0.0	0.0	0.0
0.0	0.9969586374695864	0.0	0.0
296.4479166666668	7.3110300081103015	0.0	0.0
291.79166666666674	6.314071370640715	0.0	0.0
291.79166666666663	5.981751824817519	0.0	0.0
240.57291666666683	2.658556366585564	0.0	0.0
237.46875000000014	2.326236820762368	0.0	0.0
3.1041666666666665	0.33231954582319545	0.0	0.0
51.21875	3.3231954582319547	0.0	0.0
0.0	0.9969586374695864	0.0	0.0
51.21875	2.3262368207623685	0.0	0.0
0.0	0.33231954582319545	0.0	0.0
4.65625	0.9969586374695864	0.0	0.0
4.65625	0.0	0.0	0.0
0.0	0.9969586374695864	0.0	0.0
6.208333333333333	3.3231954582319547	0.0	0.0
0.0	3.3231954582319547	0.0	0.0
6.208333333333333	0.0	0.0	0.0
0.0	1.3292781832927818	0.0	0.0
17.072916666666668	9.637266828872669	0.0	21.012820512820515
0.0	9.637266828872669	0.0	21.012820512820515
0.0	9.637266828872669	0.0	0.0
0.0	0.33231954582319545	0.0	0.0
0.0	9.304947283049472	0.0	0.0
0.0	0.0	0.0	21.012820512820515
17.072916666666664	0.0	0.0	0.0
4.65625	0.0	0.0	0.0
12.416666666666666	0.0	0.0	0.0
71.39583333333334	291.44424168694155	23.868932038834952	346.7115384615385
17.072916666666664	251.56589618815957	23.86893203883495	52.532051282051285
15.520833333333332	237.27615571776215	23.86893203883495	21.012820512820515
6.208333333333333	14.622060016220594	19.890776699029125	0.0
0.0	14.2897404703974	19.890776699029125	0.0
0.0	6.314071370640715	19.890776699029125	0.0
0.0	2.9908759124087596	19.890776699029125	0.0
0.0	1.993917274939173	0.0	0.0
0.0	0.9969586374695864	19.890776699029125	0.0
0.0	0.33231954582319545	0.0	0.0
0.0	0.6646390916463909	19.890776699029125	0.0
0.0	0.6646390916463909	3.9781553398058254	0.0
0.0	0.0	15.912621359223301	0.0
0.0	3.3231954582319547	0.0	0.0
0.0	7.975669099756693	0.0	0.0
0.0	0.33231954582319545	0.0	0.0
0.0	7.643349553933497	0.0	0.0
6.208333333333333	0.33231954582319545	0.0	0.0
0.0	0.33231954582319545	0.0	0.0
6.208333333333333	0.0	0.0	0.0
9.3125	222.6540957015415	3.9781553398058254	21.012820512820515
9.3125	221.6571370640719	3.9781553398058254	10.506410256410257
6.208333333333333	221.65713706407192	3.9781553398058254	10.506410256410257
6.208333333333333	10.63422546634225	0.0	0.0
6.208333333333333	0.9969586374695864	0.0	0.0
0.0	0.6646390916463909	0.0	0.0
6.208333333333333	0.33231954582319545	0.0	0.0
6.208333333333333	0.0	0.0	0.0
0.0	0.33231954582319545	0.0	0.0
0.0	9.637266828872667	0.0	0.0
0.0	0.6646390916463909	0.0	0.0
0.0	8.972627737226277	0.0	0.0
0.0	211.02291159772963	3.9781553398058254	10.506410256410257
0.0	170.81224655312283	3.9781553398058254	0.0
0.0	17.61293592862935	3.9781553398058254	0.0
0.0	8.972627737226276	0.0	0.0
0.0	8.640308191403083	3.9781553398058254	0.0
0.0	153.19931062449345	0.0	0.0
0.0	40.210665044606664	0.0	10.506410256410257
0.0	8.972627737226277	0.0	10.506410256410257
0.0	1.6615977291159774	0.0	10.506410256410257
0.0	0.0	0.0	10.506410256410257
0.0	1.6615977291159774	0.0	0.0
0.0	7.311030008110301	0.0	0.0
0.0	31.238037307380374	0.0	0.0
0.0	1.993917274939173	0.0	0.0
0.0	29.244120032441195	0.0	0.0
3.1041666666666665	0.0	0.0	0.0
0.0	0.9969586374695864	0.0	10.506410256410257
0.0	0.0	0.0	10.506410256410257
0.0	0.9969586374695864	0.0	0.0
1.5520833333333333	14.289740470397403	0.0	31.519230769230774
1.5520833333333333	2.326236820762368	0.0	31.519230769230774
0.0	0.0	0.0	31.519230769230774
1.5520833333333333	2.326236820762368	0.0	0.0
0.0	1.6615977291159774	0.0	0.0
0.0	0.33231954582319545	0.0	0.0
0.0	1.3292781832927818	0.0	0.0
1.5520833333333333	0.6646390916463909	0.0	0.0
1.5520833333333333	0.0	0.0	0.0
0.0	0.6646390916463909	0.0	0.0
0.0	11.963503649635035	0.0	0.0
0.0	0.9969586374695864	0.0	0.0
0.0	10.966545012165449	0.0	0.0
54.32291666666667	39.878345498783474	0.0	294.17948717948724
49.66666666666668	3.6555150040551503	0.0	0.0
49.66666666666668	2.326236820762368	0.0	0.0
49.66666666666667	1.9939172749391727	0.0	0.0
45.01041666666667	0.9969586374695864	0.0	0.0
38.802083333333336	0.0	0.0	0.0
6.208333333333333	0.9969586374695864	0.0	0.0
0.0	0.9969586374695864	0.0	0.0
6.208333333333333	0.0	0.0	0.0
4.65625	0.9969586374695864	0.0	0.0
4.65625	0.0	0.0	0.0
0.0	0.9969586374695864	0.0	0.0
0.0	0.6646390916463909	0.0	0.0
0.0	0.33231954582319545	0.0	0.0
0.0	0.33231954582319545	0.0	0.0
0.0	1.3292781832927818	0.0	0.0
0.0	0.33231954582319545	0.0	0.0
0.0	0.9969586374695864	0.0	0.0
4.65625	36.22283049472831	0.0	294.17948717948724
0.0	17.280616382806155	0.0	294.17948717948724
0.0	14.954379562043785	0.0	294.1794871794873
0.0	1.6615977291159774	0.0	0.0
0.0	13.292781832927814	0.0	294.17948717948724
0.0	1.6615977291159774	0.0	0.0
0.0	11.631184103811837	0.0	294.1794871794872
0.0	10.301905920519058	0.0	294.17948717948724
0.0	2.326236820762368	0.0	252.15384615384616
0.0	1.993917274939173	0.0	252.15384615384622
0.0	0.0	0.0	220.63461538461542
0.0	1.993917274939173	0.0	31.519230769230774
0.0	0.33231954582319545	0.0	0.0
0.0	7.975669099756693	0.0	42.02564102564103
0.0	5.981751824817519	0.0	0.0
0.0	1.993917274939173	0.0	42.02564102564103
0.0	1.6615977291159774	0.0	0.0
0.0	0.33231954582319545	0.0	42.02564102564103
0.0	1.3292781832927818	0.0	0.0
0.0	2.3262368207623685	0.0	0.0
4.65625	18.942214111922144	0.0	0.0
0.0	13.625101378751008	0.0	0.0
4.65625	5.317112733171127	0.0	0.0
0.0	4.3201540957015405	0.0	0.0
4.65625	0.9969586374695864	0.0	0.0
4.65625	0.0	0.0	0.0
0.0	0.9969586374695864	0.0	0.0
0.0	20.271492295214927	385.88106796116494	21.012820512820515
0.0	8.972627737226277	385.88106796116494	21.012820512820515
0.0	8.972627737226277	365.9902912621358	0.0
0.0	1.6615977291159774	0.0	0.0
0.0	7.3110300081103015	365.9902912621358	0.0
0.0	6.314071370640715	365.9902912621358	0.0
0.0	5.649432278994324	365.9902912621358	0.0
0.0	0.6646390916463909	3.9781553398058254	0.0
0.0	0.6646390916463909	0.0	0.0
0.0	0.33231954582319545	0.0	0.0
0.0	0.33231954582319545	0.0	0.0
0.0	0.0	3.9781553398058254	0.0
0.0	4.9847931873479325	362.01213592233	0.0
0.0	1.3292781832927818	11.934466019417476	0.0
0.0	0.33231954582319545	11.934466019417476	0.0
0.0	0.0	11.934466019417476	0.0
0.0	0.33231954582319545	0.0	0.0
0.0	0.9969586374695864	0.0	0.0
0.0	3.6555150040551503	350.07766990291253	0.0
0.0	1.3292781832927818	274.4927184466019	0.0
0.0	0.0	131.2791262135922	0.0
0.0	1.3292781832927818	143.21359223300968	0.0
0.0	0.6646390916463909	123.32281553398056	0.0
0.0	0.6646390916463909	55.69417475728156	0.0
0.0	0.0	67.62864077669903	0.0
0.0	0.6646390916463909	19.890776699029125	0.0
0.0	0.0	19.890776699029125	0.0
0.0	0.6646390916463909	0.0	0.0
0.0	2.3262368207623685	75.58495145631066	0.0
0.0	0.6646390916463909	0.0	0.0
0.0	1.6615977291159774	75.58495145631066	0.0
0.0	1.6615977291159774	3.9781553398058254	0.0
0.0	0.0	3.9781553398058254	0.0
0.0	1.6615977291159774	0.0	0.0
0.0	0.0	71.60679611650484	0.0
0.0	0.6646390916463909	0.0	0.0
0.0	0.9969586374695864	0.0	0.0
0.0	0.0	19.890776699029125	21.012820512820515
0.0	0.0	19.890776699029125	0.0
0.0	0.0	3.9781553398058254	0.0
0.0	0.0	15.912621359223301	0.0
0.0	0.0	0.0	21.012820512820515
0.0	11.298864557988646	0.0	0.0
