# Sizes (NFeatures, Nclasses, NodeCount, MaxDepth)
14	4	209	12
# Classes
0.0	1.0	2.0	3.0
# Feature Names
Nrows	Ncols	Nnnz	AvgNnnz	Density	MaxRowNnnz	MinRowNnnz	StdRowNnnz	NDiags	NTrueDiags	AvgNnnzDia	AvgNnnzELL	AvgNnnzHyb	AvgNnnzHdc
# Left
1	2	3	4	5	-1	7	-1	-1	10	11	12	13	14	15	-1	17	18	-1	-1	-1	22	23	24	-1	-1	-1	-1	29	-1	-1	32	-1	-1	-1	36	37	38	39	40	-1	42	43	-1	-1	46	-1	-1	-1	-1	51	-1	-1	54	55	-1	-1	58	59	-1	61	-1	63	-1	-1	66	-1	-1	69	70	71	-1	73	-1	-1	-1	77	78	-1	-1	81	82	-1	84	-1	86	-1	-1	89	-1	-1	92	93	94	95	-1	97	-1	99	-1	101	-1	-1	104	105	-1	107	-1	109	-1	111	-1	-1	-1	115	-1	117	118	-1	-1	121	-1	123	124	-1	126	-1	128	-1	130	-1	-1	133	-1	-1	136	137	-1	-1	140	-1	142	143	-1	-1	146	147	148	-1	150	151	152	-1	-1	-1	156	157	-1	-1	-1	161	-1	-1	164	-1	-1	167	168	-1	170	171	172	-1	-1	175	176	-1	178	-1	-1	181	182	183	-1	185	-1	187	-1	-1	190	-1	192	193	-1	195	-1	-1	198	199	-1	-1	-1	203	-1	-1	-1	207	-1	-1
# Right
166	91	68	9	6	-1	8	-1	-1	35	34	31	28	21	16	-1	20	19	-1	-1	-1	27	26	25	-1	-1	-1	-1	30	-1	-1	33	-1	-1	-1	53	50	49	48	41	-1	45	44	-1	-1	47	-1	-1	-1	-1	52	-1	-1	57	56	-1	-1	65	60	-1	62	-1	64	-1	-1	67	-1	-1	76	75	72	-1	74	-1	-1	-1	80	79	-1	-1	88	83	-1	85	-1	87	-1	-1	90	-1	-1	135	114	103	96	-1	98	-1	100	-1	102	-1	-1	113	106	-1	108	-1	110	-1	112	-1	-1	-1	116	-1	120	119	-1	-1	122	-1	132	125	-1	127	-1	129	-1	131	-1	-1	134	-1	-1	139	138	-1	-1	141	-1	145	144	-1	-1	163	160	149	-1	155	154	153	-1	-1	-1	159	158	-1	-1	-1	162	-1	-1	165	-1	-1	206	169	-1	205	174	173	-1	-1	180	177	-1	179	-1	-1	202	189	184	-1	186	-1	188	-1	-1	191	-1	197	194	-1	196	-1	-1	201	200	-1	-1	-1	204	-1	-1	-1	208	-1	-1
# Threshold
0.2917094975709915	0.0010414950083941221	6.5	68776.5	1915.5	-2.0	33.67264938354492	-2.0	-2.0	0.11183149740099907	0.0010748200002126396	78.5114517211914	1.3142499923706055	35285.0	2.895034909248352	-2.0	0.00035881399526260793	0.00022526599786942825	-2.0	-2.0	-2.0	284174496.0	7.5	1.5	-2.0	-2.0	-2.0	-2.0	4.0	-2.0	-2.0	81.91495132446289	-2.0	-2.0	-2.0	13.5	0.00011564724627532996	4.5	698.6860160827637	0.23148050159215927	-2.0	5.050405025482178	1.2886349558830261	-2.0	-2.0	2.3770949840545654	-2.0	-2.0	-2.0	-2.0	3.8598949909210205	-2.0	-2.0	5.44341516494751	85097.5	-2.0	-2.0	6.580865010619164e-05	0.3697214871644974	-2.0	2.942444920539856	-2.0	3.2872050724108703e-05	-2.0	-2.0	0.5	-2.0	-2.0	0.8986234962940216	7.0	223299.0	-2.0	74.72800064086914	-2.0	-2.0	-2.0	0.3673119992017746	6.509815216064453	-2.0	-2.0	14.0	65091.5	-2.0	0.9182265102863312	-2.0	0.7838814854621887	-2.0	-2.0	80.5	-2.0	-2.0	1481760.0	78.0	53.0	0.5	-2.0	668.0	-2.0	3.445590019226074	-2.0	1.131529986858368	-2.0	-2.0	3.8783750534057617	0.0003087644945480861	-2.0	0.008310284931212664	-2.0	0.01161940023303032	-2.0	1.0577600002288818	-2.0	-2.0	-2.0	83.0	-2.0	6.388454914093018	6.202704906463623	-2.0	-2.0	457.0	-2.0	7.0	1.5	-2.0	15.501899719238281	-2.0	0.001177565020043403	-2.0	3577.0	-2.0	-2.0	0.3490470051765442	-2.0	-2.0	0.3924500048160553	0.9075309932231903	-2.0	-2.0	36.5	-2.0	0.943352997303009	4731.5	-2.0	-2.0	22.0	0.0006866505136713386	0.4437984973192215	-2.0	0.6931779980659485	2126010.0	0.5480344891548157	-2.0	-2.0	-2.0	950800.5	8.62116026878357	-2.0	-2.0	-2.0	6.0	-2.0	-2.0	25.0	-2.0	-2.0	50.5	110.0	-2.0	0.5022825002670288	0.40744149684906006	5.6407201290130615	-2.0	-2.0	106.0	28.5	-2.0	0.6753295212984085	-2.0	-2.0	29.0	9057.0	3.5	-2.0	0.4868765026330948	-2.0	0.003499999991618097	-2.0	-2.0	0.47447599470615387	-2.0	0.0017063099658116698	106.70520114898682	-2.0	39999.0	-2.0	-2.0	19530.0	4.5787599086761475	-2.0	-2.0	-2.0	1.4359650015830994	-2.0	-2.0	-2.0	32344.0	-2.0	-2.0
# Feature
10	10	9	2	5	-2	7	-2	-2	11	4	3	12	8	3	-2	4	10	-2	-2	-2	2	6	9	-2	-2	-2	-2	9	-2	-2	3	-2	-2	-2	5	4	9	12	11	-2	3	7	-2	-2	7	-2	-2	-2	-2	3	-2	-2	3	0	-2	-2	10	13	-2	7	-2	10	-2	-2	6	-2	-2	12	6	2	-2	7	-2	-2	-2	13	3	-2	-2	9	1	-2	12	-2	11	-2	-2	5	-2	-2	2	5	8	9	-2	0	-2	3	-2	12	-2	-2	3	4	-2	4	-2	10	-2	12	-2	-2	-2	5	-2	3	3	-2	-2	5	-2	9	6	-2	7	-2	4	-2	8	-2	-2	12	-2	-2	13	12	-2	-2	5	-2	12	5	-2	-2	6	4	13	-2	13	2	13	-2	-2	-2	1	7	-2	-2	-2	9	-2	-2	6	-2	-2	8	2	-2	13	10	3	-2	-2	1	1	-2	7	-2	-2	8	2	6	-2	13	-2	4	-2	-2	10	-2	4	12	-2	0	-2	-2	2	12	-2	-2	-2	12	-2	-2	-2	2	-2	-2
# Values
409.75000000000006	409.7500000000014	409.75000000000006	409.74999999999983
409.75000000000006	389.24648162627153	22.269021739130434	409.74999999999983
356.1540084388186	79.4511336982017	0.0	66.08870967741935
326.76265822784814	60.229085222830435	0.0	13.21774193548387
1.728902953586498	20.503518373729474	0.0	0.0
0.0	20.183150899139946	0.0	0.0
1.728902953586498	0.3203674745895231	0.0	0.0
1.728902953586498	0.0	0.0	0.0
0.0	0.3203674745895231	0.0	0.0
325.03375527426164	39.72556684910089	0.0	13.21774193548387
264.5221518987342	12.173964034401875	0.0	0.0
264.5221518987342	10.89249413604378	0.0	0.0
264.5221518987342	9.611024237685692	0.0	0.0
264.5221518987342	8.649921813917125	0.0	0.0
50.138185654008446	5.446247068021893	0.0	0.0
0.0	1.2814698983580923	0.0	0.0
50.138185654008446	4.1647771696638	0.0	0.0
22.47573839662447	4.1647771696638	0.0	0.0
22.47573839662447	1.6018373729476154	0.0	0.0
0.0	2.5629397967161847	0.0	0.0
27.66244725738397	0.0	0.0	0.0
214.38396624472577	3.2036747458952313	0.0	0.0
214.38396624472577	2.883307271305708	0.0	0.0
214.38396624472577	2.5629397967161847	0.0	0.0
134.85443037974684	0.0	0.0	0.0
79.52953586497891	2.5629397967161847	0.0	0.0
0.0	0.3203674745895231	0.0	0.0
0.0	0.3203674745895231	0.0	0.0
0.0	0.9611024237685692	0.0	0.0
0.0	0.3203674745895231	0.0	0.0
0.0	0.6407349491790462	0.0	0.0
0.0	1.2814698983580923	0.0	0.0
0.0	0.3203674745895231	0.0	0.0
0.0	0.9611024237685692	0.0	0.0
0.0	1.2814698983580923	0.0	0.0
60.511603375527436	27.55160281469899	0.0	13.21774193548387
55.32489451476794	3.844409695074277	0.0	0.0
55.32489451476794	1.9222048475371385	0.0	0.0
55.32489451476794	1.6018373729476154	0.0	0.0
55.32489451476794	1.2814698983580923	0.0	0.0
0.0	0.3203674745895231	0.0	0.0
55.32489451476794	0.9611024237685692	0.0	0.0
48.40928270042195	0.3203674745895231	0.0	0.0
48.40928270042195	0.0	0.0	0.0
0.0	0.3203674745895231	0.0	0.0
6.915611814345992	0.6407349491790462	0.0	0.0
0.0	0.6407349491790462	0.0	0.0
6.915611814345992	0.0	0.0	0.0
0.0	0.3203674745895231	0.0	0.0
0.0	0.3203674745895231	0.0	0.0
0.0	1.9222048475371385	0.0	0.0
0.0	0.3203674745895231	0.0	0.0
0.0	1.6018373729476154	0.0	0.0
5.186708860759493	23.707193119624716	0.0	13.21774193548387
0.0	2.2425723221266614	0.0	13.21774193548387
0.0	2.2425723221266614	0.0	0.0
0.0	0.0	0.0	13.21774193548387
5.186708860759493	21.464620797498046	0.0	0.0
5.186708860759493	5.766614542611415	0.0	0.0
0.0	5.125879593432369	0.0	0.0
5.186708860759493	0.6407349491790462	0.0	0.0
0.0	0.3203674745895231	0.0	0.0
5.186708860759493	0.3203674745895231	0.0	0.0
0.0	0.3203674745895231	0.0	0.0
5.186708860759493	0.0	0.0	0.0
0.0	15.698006254886632	0.0	0.0
0.0	1.6018373729476154	0.0	0.0
0.0	14.096168881939013	0.0	0.0
29.391350210970465	19.22204847537139	0.0	52.87096774193548
25.93354430379747	0.6407349491790462	0.0	0.0
25.93354430379747	0.3203674745895231	0.0	0.0
19.017932489451475	0.0	0.0	0.0
6.915611814345992	0.3203674745895231	0.0	0.0
0.0	0.3203674745895231	0.0	0.0
6.915611814345992	0.0	0.0	0.0
0.0	0.3203674745895231	0.0	0.0
3.457805907172996	18.58131352619234	0.0	52.87096774193548
3.457805907172996	12.173964034401875	0.0	0.0
3.457805907172996	0.0	0.0	0.0
0.0	12.173964034401875	0.0	0.0
0.0	6.407349491790462	0.0	52.87096774193548
0.0	1.6018373729476154	0.0	52.87096774193548
0.0	0.9611024237685692	0.0	0.0
0.0	0.6407349491790462	0.0	52.87096774193548
0.0	0.3203674745895231	0.0	0.0
0.0	0.3203674745895231	0.0	52.87096774193548
0.0	0.0	0.0	52.87096774193548
0.0	0.3203674745895231	0.0	0.0
0.0	4.805512118842847	0.0	0.0
0.0	0.6407349491790462	0.0	0.0
0.0	4.1647771696638	0.0	0.0
53.59599156118144	309.7953479280681	22.269021739130434	343.66129032258056
34.57805907172996	283.84558248631623	22.269021739130434	52.87096774193548
6.915611814345992	189.65754495699662	22.269021739130434	0.0
5.186708860759493	15.057271305707582	17.815217391304348	0.0
0.0	0.0	13.361413043478262	0.0
5.186708860759493	15.057271305707582	4.453804347826087	0.0
0.0	13.135066458170446	0.0	0.0
5.186708860759493	1.9222048475371385	4.453804347826087	0.0
5.186708860759493	0.0	0.0	0.0
0.0	1.9222048475371385	4.453804347826087	0.0
0.0	0.6407349491790462	0.0	0.0
0.0	1.2814698983580923	4.453804347826087	0.0
1.728902953586498	174.60027365128911	4.453804347826087	0.0
1.728902953586498	29.794175136825647	4.453804347826087	0.0
1.728902953586498	0.0	0.0	0.0
0.0	29.794175136825643	4.453804347826087	0.0
0.0	13.135066458170446	0.0	0.0
0.0	16.659108678655194	4.453804347826087	0.0
0.0	12.173964034401875	4.453804347826087	0.0
0.0	4.485144644253324	0.0	0.0
0.0	0.3203674745895231	0.0	0.0
0.0	4.1647771696638	0.0	0.0
0.0	144.80609851446394	0.0	0.0
27.66244725738397	94.18803752931971	0.0	52.87096774193548
0.0	0.0	0.0	26.43548387096774
27.66244725738397	94.18803752931964	0.0	26.43548387096774
0.0	20.823885848319	0.0	26.43548387096774
0.0	7.36845191555903	0.0	0.0
0.0	13.455433932759966	0.0	26.43548387096774
27.66244725738397	73.36415168100082	0.0	0.0
0.0	45.812548866301846	0.0	0.0
27.66244725738397	27.55160281469899	0.0	0.0
25.933544303797472	8.009186864738078	0.0	0.0
0.0	4.805512118842847	0.0	0.0
25.933544303797472	3.2036747458952313	0.0	0.0
0.0	1.9222048475371385	0.0	0.0
25.933544303797472	1.2814698983580923	0.0	0.0
0.0	0.9611024237685692	0.0	0.0
25.933544303797472	0.3203674745895231	0.0	0.0
0.0	0.3203674745895231	0.0	0.0
25.933544303797472	0.0	0.0	0.0
1.728902953586498	19.5424159499609	0.0	0.0
1.728902953586498	0.0	0.0	0.0
0.0	19.542415949960905	0.0	0.0
19.01793248945148	25.94976544175136	0.0	290.7903225806451
17.28902953586498	11.853596559812358	0.0	0.0
17.28902953586498	0.0	0.0	0.0
0.0	11.853596559812354	0.0	0.0
1.728902953586498	14.096168881939015	0.0	290.7903225806451
0.0	3.8444096950742774	0.0	0.0
1.728902953586498	10.251759186864737	0.0	290.7903225806451
1.728902953586498	1.2814698983580923	0.0	0.0
0.0	1.2814698983580923	0.0	0.0
1.728902953586498	0.0	0.0	0.0
0.0	8.970289288506644	0.0	290.79032258064507
0.0	8.00918686473808	0.0	290.79032258064507
0.0	3.2036747458952304	0.0	277.5725806451613
0.0	0.3203674745895231	0.0	0.0
0.0	2.8833072713057075	0.0	277.5725806451612
0.0	0.6407349491790462	0.0	251.13709677419354
0.0	0.6407349491790462	0.0	13.21774193548387
0.0	0.6407349491790462	0.0	0.0
0.0	0.0	0.0	13.21774193548387
0.0	0.0	0.0	237.91935483870967
0.0	2.2425723221266614	0.0	26.43548387096774
0.0	2.2425723221266614	0.0	0.0
0.0	0.3203674745895231	0.0	0.0
0.0	1.9222048475371385	0.0	0.0
0.0	0.0	0.0	26.43548387096774
0.0	4.805512118842847	0.0	13.21774193548387
0.0	0.0	0.0	13.21774193548387
0.0	4.805512118842847	0.0	0.0
0.0	0.9611024237685692	0.0	0.0
0.0	0.3203674745895231	0.0	0.0
0.0	0.6407349491790462	0.0	0.0
0.0	20.503518373729474	387.48097826086956	0.0
0.0	11.212861610633308	387.4809782608697	0.0
0.0	1.6018373729476154	0.0	0.0
0.0	9.611024237685692	387.4809782608695	0.0
0.0	8.649921813917125	387.4809782608695	0.0
0.0	2.8833072713057075	13.361413043478262	0.0
0.0	0.0	13.361413043478262	0.0
0.0	2.883307271305708	0.0	0.0
0.0	5.766614542611416	374.11956521739125	0.0
0.0	0.9611024237685692	4.453804347826087	0.0
0.0	0.0	4.453804347826087	0.0
0.0	0.9611024237685692	0.0	0.0
0.0	0.6407349491790462	0.0	0.0
0.0	0.3203674745895231	0.0	0.0
0.0	4.805512118842845	369.6657608695652	0.0
0.0	3.5240422204847537	360.75815217391306	0.0
0.0	0.3203674745895231	218.23641304347842	0.0
0.0	0.0	155.88315217391312	0.0
0.0	0.3203674745895231	62.35326086956521	0.0
0.0	0.0	44.53804347826087	0.0
0.0	0.3203674745895231	17.815217391304348	0.0
0.0	0.0	8.907608695652174	0.0
0.0	0.3203674745895231	8.907608695652174	0.0
0.0	3.2036747458952304	142.52173913043484	0.0
0.0	0.9611024237685692	0.0	0.0
0.0	2.2425723221266614	142.52173913043484	0.0
0.0	0.6407349491790462	124.70652173913047	0.0
0.0	0.0	115.79891304347827	0.0
0.0	0.6407349491790462	8.907608695652174	0.0
0.0	0.6407349491790462	0.0	0.0
0.0	0.0	8.907608695652174	0.0
0.0	1.6018373729476154	17.815217391304348	0.0
0.0	0.6407349491790462	17.815217391304348	0.0
0.0	0.0	17.815217391304348	0.0
0.0	0.6407349491790462	0.0	0.0
0.0	0.9611024237685692	0.0	0.0
0.0	1.2814698983580923	8.907608695652174	0.0
0.0	0.6407349491790462	0.0	0.0
0.0	0.6407349491790462	8.907608695652174	0.0
0.0	0.9611024237685692	0.0	0.0
0.0	9.29065676309617	0.0	0.0
0.0	0.6407349491790462	0.0	0.0
0.0	8.649921813917121	0.0	0.0
