# Sizes (NFeatures, Nclasses, NodeCount, MaxDepth)
14	4	203	12
# Classes
0.0	1.0	2.0	3.0
# Feature Names
Nrows	Ncols	Nnnz	AvgNnnz	Density	MaxRowNnnz	MinRowNnnz	StdRowNnnz	NDiags	NTrueDiags	AvgNnnzDia	AvgNnnzELL	AvgNnnzHyb	AvgNnnzHdc
# Left
1	2	3	4	-1	6	7	-1	-1	10	11	12	-1	-1	-1	-1	17	18	19	20	21	-1	-1	24	25	26	27	-1	-1	30	31	-1	-1	-1	35	36	37	-1	-1	-1	41	42	-1	-1	45	-1	-1	-1	49	-1	-1	52	-1	-1	55	56	-1	58	-1	60	-1	62	-1	64	65	-1	67	-1	-1	70	-1	-1	73	-1	-1	76	77	78	79	80	-1	-1	83	-1	-1	86	87	-1	89	-1	-1	92	-1	-1	95	96	-1	98	-1	-1	101	-1	-1	104	105	-1	107	108	-1	110	-1	112	113	114	-1	116	-1	-1	119	-1	-1	122	123	-1	-1	-1	127	-1	-1	130	131	132	133	-1	135	-1	-1	138	-1	-1	-1	142	143	-1	-1	146	147	-1	-1	150	-1	152	-1	-1	155	156	157	-1	159	160	161	162	163	-1	165	166	-1	-1	-1	170	-1	172	173	-1	-1	-1	-1	178	-1	180	-1	182	183	-1	-1	186	187	-1	189	-1	-1	192	-1	-1	195	-1	-1	198	-1	-1	201	-1	-1
# Right
154	75	16	5	-1	9	8	-1	-1	15	14	13	-1	-1	-1	-1	54	51	48	23	22	-1	-1	47	34	29	28	-1	-1	33	32	-1	-1	-1	40	39	38	-1	-1	-1	44	43	-1	-1	46	-1	-1	-1	50	-1	-1	53	-1	-1	72	57	-1	59	-1	61	-1	63	-1	69	66	-1	68	-1	-1	71	-1	-1	74	-1	-1	103	94	85	82	81	-1	-1	84	-1	-1	91	88	-1	90	-1	-1	93	-1	-1	100	97	-1	99	-1	-1	102	-1	-1	129	106	-1	126	109	-1	111	-1	121	118	115	-1	117	-1	-1	120	-1	-1	125	124	-1	-1	-1	128	-1	-1	141	140	137	134	-1	136	-1	-1	139	-1	-1	-1	145	144	-1	-1	149	148	-1	-1	151	-1	153	-1	-1	200	197	158	-1	194	177	176	169	164	-1	168	167	-1	-1	-1	171	-1	175	174	-1	-1	-1	-1	179	-1	181	-1	185	184	-1	-1	191	188	-1	190	-1	-1	193	-1	-1	196	-1	-1	199	-1	-1	202	-1	-1
# Threshold
0.16253650188446045	0.07969279959797859	42666.0	278.0	-2.0	1298.0	167.5	-2.0	-2.0	71.16134834289551	0.0026606700848788023	6.202150106430054	-2.0	-2.0	-2.0	-2.0	15.641950130462646	0.0025576649932190776	1.2402949929237366	82709.0	5590.5	-2.0	-2.0	0.8698910176753998	24724.5	6.239135026931763	121321.5	-2.0	-2.0	223299.0	0.5	-2.0	-2.0	-2.0	420.0	0.00017883100372273475	377.5	-2.0	-2.0	-2.0	4.5	2800665.0	-2.0	-2.0	9.201334953308105	-2.0	-2.0	-2.0	53428.5	-2.0	-2.0	44423.0	-2.0	-2.0	0.9344574809074402	1105.5	-2.0	0.000903025473235175	-2.0	0.5	-2.0	39.4377498626709	-2.0	197.7030029296875	2702.5	-2.0	75121.5	-2.0	-2.0	0.193682000041008	-2.0	-2.0	0.5810745060443878	-2.0	-2.0	538257.0	7.5	7.007094973232597e-05	3.5	0.8936690092086792	-2.0	-2.0	87994.5	-2.0	-2.0	0.00018018700211541727	0.00017097999807447195	-2.0	1.0	-2.0	-2.0	0.8178405165672302	-2.0	-2.0	20955.0	1724.0	-2.0	1890.0	-2.0	-2.0	783.5	-2.0	-2.0	76970.5	23086.0	-2.0	0.6949180066585541	0.3673119992017746	-2.0	1.2659000158309937	-2.0	0.0007296695257537067	23089250.0	4.581575012707617e-05	-2.0	22.0	-2.0	-2.0	1.6649850010871887	-2.0	-2.0	0.002614299999549985	1.0621050000190735	-2.0	-2.0	-2.0	0.08954409882426262	-2.0	-2.0	13.5	0.5773769915103912	2.5	0.48931150138378143	-2.0	0.504184088902548	-2.0	-2.0	2.1886374383939255e-06	-2.0	-2.0	-2.0	0.5	39.57319927215576	-2.0	-2.0	50633700.0	15.5	-2.0	-2.0	71017200.0	-2.0	1.0285690024147698e-06	-2.0	-2.0	44.0	0.5022825002670288	49.0	-2.0	8.5	5.661875009536743	10.5	6.5	9057.0	-2.0	9.5	13719.5	-2.0	-2.0	-2.0	0.3880070000886917	-2.0	3.5	1668.5	-2.0	-2.0	-2.0	-2.0	0.5795960128307343	-2.0	1.320870041847229	-2.0	0.3390740007162094	8.0	-2.0	-2.0	6.485849857330322	3.5	-2.0	0.8367860019207001	-2.0	-2.0	5.704775094985962	-2.0	-2.0	0.8329685032367706	-2.0	-2.0	0.004823787196073681	-2.0	-2.0	8.443065166473389	-2.0	-2.0
# Feature
10	11	2	2	-2	5	0	-2	-2	7	10	3	-2	-2	-2	-2	3	10	12	2	0	-2	-2	13	8	3	1	-2	-2	2	6	-2	-2	-2	5	10	5	-2	-2	-2	9	0	-2	-2	3	-2	-2	-2	8	-2	-2	2	-2	-2	12	5	-2	11	-2	6	-2	7	-2	7	5	-2	0	-2	-2	12	-2	-2	13	-2	-2	2	6	4	3	12	-2	-2	1	-2	-2	4	4	-2	9	-2	-2	12	-2	-2	2	8	-2	8	-2	-2	0	-2	-2	8	0	-2	13	13	-2	7	-2	4	2	4	-2	6	-2	-2	12	-2	-2	4	12	-2	-2	-2	11	-2	-2	5	13	9	13	-2	7	-2	-2	10	-2	-2	-2	6	3	-2	-2	2	5	-2	-2	2	-2	4	-2	-2	8	13	2	-2	6	3	9	9	2	-2	8	2	-2	-2	-2	13	-2	6	2	-2	-2	-2	-2	11	-2	12	-2	10	9	-2	-2	3	6	-2	10	-2	-2	7	-2	-2	11	-2	-2	4	-2	-2	3	-2	-2
# Values
409.7500000000002	409.7500000000042	409.7499999999998	409.75000000000006
409.7499999999998	379.3860557768964	7.731132075471698	409.7500000000001
350.9743852459016	89.13286852589644	7.731132075471698	36.154411764705884
3.3586065573770494	58.76892430278874	7.731132075471698	24.102941176470587
0.0	0.0	7.731132075471698	0.0
3.3586065573770494	58.76892430278876	0.0	24.102941176470587
0.0	33.955378486055764	0.0	0.0
0.0	0.3264940239043825	0.0	0.0
0.0	33.628884462151376	0.0	0.0
3.3586065573770494	24.813545816733065	0.0	24.102941176470587
0.0	24.813545816733054	0.0	24.102941176470587
0.0	21.875099601593625	0.0	24.102941176470587
0.0	1.30597609561753	0.0	0.0
0.0	20.569123505976098	0.0	24.102941176470587
0.0	2.938446215139442	0.0	0.0
3.3586065573770494	0.0	0.0	0.0
347.61577868852464	30.36394422310755	0.0	12.051470588235293
314.02971311475414	16.324701195219127	0.0	0.0
314.0297131147542	13.059760956175301	0.0	0.0
314.0297131147542	12.080278884462155	0.0	0.0
10.07581967213115	3.591434262948207	0.0	0.0
10.07581967213115	0.0	0.0	0.0
0.0	3.5914342629482063	0.0	0.0
303.95389344262315	8.488844621513946	0.0	0.0
303.9538934426231	8.162350597609562	0.0	0.0
52.05840163934427	4.897410358565738	0.0	0.0
1.6793032786885247	3.917928286852589	0.0	0.0
0.0	3.917928286852589	0.0	0.0
1.6793032786885247	0.0	0.0	0.0
50.37909836065574	0.9794820717131474	0.0	0.0
50.379098360655746	0.652988047808765	0.0	0.0
0.0	0.3264940239043825	0.0	0.0
50.37909836065573	0.3264940239043825	0.0	0.0
0.0	0.3264940239043825	0.0	0.0
251.89549180327893	3.2649402390438245	0.0	0.0
53.73770491803278	2.2854581673306775	0.0	0.0
53.73770491803278	0.9794820717131474	0.0	0.0
53.73770491803278	0.3264940239043825	0.0	0.0
0.0	0.652988047808765	0.0	0.0
0.0	1.30597609561753	0.0	0.0
198.15778688524597	0.9794820717131474	0.0	0.0
186.40266393442622	0.3264940239043825	0.0	0.0
171.28893442622947	0.0	0.0	0.0
15.113729508196723	0.3264940239043825	0.0	0.0
11.755122950819674	0.652988047808765	0.0	0.0
11.755122950819672	0.3264940239043825	0.0	0.0
0.0	0.3264940239043825	0.0	0.0
0.0	0.3264940239043825	0.0	0.0
0.0	0.9794820717131474	0.0	0.0
0.0	0.652988047808765	0.0	0.0
0.0	0.3264940239043825	0.0	0.0
0.0	3.264940239043825	0.0	0.0
0.0	0.3264940239043825	0.0	0.0
0.0	2.9384462151394417	0.0	0.0
33.58606557377049	14.03924302788845	0.0	12.051470588235293
33.5860655737705	6.52988047808765	0.0	0.0
0.0	3.5914342629482072	0.0	0.0
33.5860655737705	2.938446215139442	0.0	0.0
0.0	0.9794820717131474	0.0	0.0
33.5860655737705	1.958964143426295	0.0	0.0
0.0	0.9794820717131474	0.0	0.0
33.5860655737705	0.9794820717131474	0.0	0.0
0.0	0.3264940239043825	0.0	0.0
33.5860655737705	0.652988047808765	0.0	0.0
6.717213114754099	0.652988047808765	0.0	0.0
6.717213114754099	0.0	0.0	0.0
0.0	0.652988047808765	0.0	0.0
0.0	0.3264940239043825	0.0	0.0
0.0	0.3264940239043825	0.0	0.0
26.868852459016395	0.0	0.0	0.0
3.3586065573770494	0.0	0.0	0.0
23.510245901639344	0.0	0.0	0.0
0.0	7.509362549800797	0.0	12.051470588235293
0.0	7.509362549800797	0.0	0.0
0.0	0.0	0.0	12.051470588235293
58.77561475409835	290.2531872509984	0.0	373.59558823529414
15.113729508196723	217.44501992032	0.0	36.154411764705884
15.113729508196721	186.75458167330774	0.0	0.0
10.07581967213115	1.6324701195219125	0.0	0.0
10.07581967213115	0.3264940239043825	0.0	0.0
0.0	0.3264940239043825	0.0	0.0
10.075819672131148	0.0	0.0	0.0
0.0	1.30597609561753	0.0	0.0
0.0	0.652988047808765	0.0	0.0
0.0	0.652988047808765	0.0	0.0
5.037909836065574	185.12211155378586	0.0	0.0
5.037909836065574	9.468326693227093	0.0	0.0
0.0	9.141832669322712	0.0	0.0
5.037909836065574	0.3264940239043825	0.0	0.0
0.0	0.3264940239043825	0.0	0.0
5.037909836065574	0.0	0.0	0.0
0.0	175.65378486055866	0.0	0.0
0.0	0.3264940239043825	0.0	0.0
0.0	175.32729083665416	0.0	0.0
0.0	30.69043824701193	0.0	36.154411764705884
0.0	5.223904382470121	0.0	36.154411764705884
0.0	4.897410358565738	0.0	0.0
0.0	0.3264940239043825	0.0	36.154411764705884
0.0	0.0	0.0	36.154411764705884
0.0	0.3264940239043825	0.0	0.0
0.0	25.466533864541816	0.0	0.0
0.0	0.3264940239043825	0.0	0.0
0.0	25.140039840637435	0.0	0.0
43.661885245901644	72.80816733067722	0.0	337.4411764705883
1.6793032786885247	54.52450199203178	0.0	337.44117647058823
0.0	14.692231075697215	0.0	0.0
1.6793032786885247	39.83227091633463	0.0	337.4411764705883
1.6793032786885247	26.11952191235059	0.0	337.4411764705883
0.0	6.856374501992032	0.0	0.0
1.6793032786885247	19.263147410358567	0.0	337.44117647058823
0.0	3.9179282868525895	0.0	0.0
1.6793032786885247	15.34521912350598	0.0	337.4411764705883
0.0	8.81533864541833	0.0	325.3897058823529
0.0	7.509362549800799	0.0	325.389705882353
0.0	0.9794820717131474	0.0	0.0
0.0	6.52988047808765	0.0	325.389705882353
0.0	5.876892430278884	0.0	325.389705882353
0.0	0.652988047808765	0.0	0.0
0.0	1.30597609561753	0.0	0.0
0.0	0.3264940239043825	0.0	0.0
0.0	0.9794820717131474	0.0	0.0
1.6793032786885247	6.529880478087649	0.0	12.051470588235293
1.6793032786885247	6.52988047808765	0.0	0.0
1.6793032786885247	0.0	0.0	0.0
0.0	6.52988047808765	0.0	0.0
0.0	0.0	0.0	12.051470588235293
0.0	13.712749003984069	0.0	0.0
0.0	0.652988047808765	0.0	0.0
0.0	13.059760956175303	0.0	0.0
41.98258196721312	18.283665338645413	0.0	0.0
36.94467213114754	3.264940239043825	0.0	0.0
36.94467213114755	2.61195219123506	0.0	0.0
31.906762295081972	0.3264940239043825	0.0	0.0
30.22745901639345	0.0	0.0	0.0
1.6793032786885247	0.3264940239043825	0.0	0.0
0.0	0.3264940239043825	0.0	0.0
1.6793032786885247	0.0	0.0	0.0
5.037909836065574	2.2854581673306775	0.0	0.0
5.037909836065574	0.0	0.0	0.0
0.0	2.285458167330677	0.0	0.0
0.0	0.652988047808765	0.0	0.0
5.037909836065574	15.0187250996016	0.0	0.0
3.3586065573770494	0.3264940239043825	0.0	0.0
3.3586065573770494	0.0	0.0	0.0
0.0	0.3264940239043825	0.0	0.0
1.6793032786885247	14.692231075697213	0.0	0.0
0.0	11.427290836653388	0.0	0.0
0.0	0.3264940239043825	0.0	0.0
0.0	11.100796812749007	0.0	0.0
1.6793032786885247	3.2649402390438245	0.0	0.0
1.6793032786885247	0.0	0.0	0.0
0.0	3.2649402390438245	0.0	0.0
0.0	0.3264940239043825	0.0	0.0
0.0	2.938446215139442	0.0	0.0
0.0	30.36394422310756	402.018867924528	0.0
0.0	15.018725099601598	402.018867924528	0.0
0.0	13.386254980079686	402.018867924528	0.0
0.0	3.2649402390438245	0.0	0.0
0.0	10.121314741035858	402.018867924528	0.0
0.0	9.141832669322708	402.0188679245281	0.0
0.0	2.2854581673306775	309.2452830188677	0.0
0.0	1.9589641434262948	309.2452830188678	0.0
0.0	0.652988047808765	243.53066037735837	0.0
0.0	0.0	189.4127358490565	0.0
0.0	0.652988047808765	54.117924528301884	0.0
0.0	0.3264940239043825	54.117924528301884	0.0
0.0	0.3264940239043825	3.865566037735849	0.0
0.0	0.0	50.25235849056603	0.0
0.0	0.3264940239043825	0.0	0.0
0.0	1.30597609561753	65.71462264150942	0.0
0.0	0.0	54.11792452830188	0.0
0.0	1.30597609561753	11.596698113207546	0.0
0.0	1.30597609561753	0.0	0.0
0.0	0.3264940239043825	0.0	0.0
0.0	0.9794820717131474	0.0	0.0
0.0	0.0	11.596698113207546	0.0
0.0	0.3264940239043825	0.0	0.0
0.0	6.856374501992032	92.77358490566036	0.0
0.0	0.9794820717131474	0.0	0.0
0.0	5.876892430278885	92.77358490566036	0.0
0.0	0.9794820717131474	0.0	0.0
0.0	4.897410358565738	92.77358490566034	0.0
0.0	2.2854581673306775	3.865566037735849	0.0
0.0	0.0	3.865566037735849	0.0
0.0	2.2854581673306775	0.0	0.0
0.0	2.61195219123506	88.9080188679245	0.0
0.0	2.285458167330677	27.058962264150942	0.0
0.0	0.652988047808765	0.0	0.0
0.0	1.6324701195219125	27.058962264150942	0.0
0.0	0.3264940239043825	19.327830188679243	0.0
0.0	1.30597609561753	7.731132075471698	0.0
0.0	0.3264940239043825	61.849056603773576	0.0
0.0	0.0	54.11792452830188	0.0
0.0	0.3264940239043825	7.731132075471698	0.0
0.0	0.9794820717131474	0.0	0.0
0.0	0.3264940239043825	0.0	0.0
0.0	0.652988047808765	0.0	0.0
0.0	1.6324701195219125	0.0	0.0
0.0	0.652988047808765	0.0	0.0
0.0	0.9794820717131474	0.0	0.0
0.0	15.34521912350598	0.0	0.0
0.0	0.652988047808765	0.0	0.0
0.0	14.692231075697213	0.0	0.0
