# Sizes (NFeatures, Nclasses, NodeCount, MaxDepth)
14	4	177	12
# Classes
0.0	1.0	2.0	3.0
# Feature Names
Nrows	Ncols	Nnnz	AvgNnnz	Density	MaxRowNnnz	MinRowNnnz	StdRowNnnz	NDiags	NTrueDiags	AvgNnnzDia	AvgNnnzELL	AvgNnnzHyb	AvgNnnzHdc
# Left
1	2	3	4	5	-1	7	8	9	-1	-1	-1	-1	14	15	16	-1	-1	-1	-1	21	-1	23	24	25	-1	-1	28	29	30	31	-1	33	34	-1	-1	-1	38	-1	40	41	-1	-1	-1	-1	-1	-1	48	-1	-1	51	52	53	54	-1	56	-1	58	59	60	61	-1	-1	64	-1	66	67	-1	-1	-1	-1	-1	73	-1	75	-1	-1	78	79	80	81	-1	-1	84	-1	-1	87	-1	-1	90	91	92	-1	-1	95	96	-1	-1	-1	100	-1	102	-1	104	-1	-1	107	108	109	110	111	112	113	-1	115	-1	117	-1	-1	-1	121	122	-1	124	-1	126	-1	128	-1	-1	131	-1	-1	134	135	136	-1	-1	139	-1	-1	-1	143	-1	-1	146	147	-1	-1	150	-1	-1	153	154	-1	156	-1	-1	159	-1	161	-1	163	164	-1	-1	167	-1	169	170	-1	172	-1	174	-1	-1	-1
# Right
50	47	20	13	6	-1	12	11	10	-1	-1	-1	-1	19	18	17	-1	-1	-1	-1	22	-1	46	27	26	-1	-1	45	44	37	32	-1	36	35	-1	-1	-1	39	-1	43	42	-1	-1	-1	-1	-1	-1	49	-1	-1	106	77	72	55	-1	57	-1	71	70	63	62	-1	-1	65	-1	69	68	-1	-1	-1	-1	-1	74	-1	76	-1	-1	89	86	83	82	-1	-1	85	-1	-1	88	-1	-1	99	94	93	-1	-1	98	97	-1	-1	-1	101	-1	103	-1	105	-1	-1	152	145	142	133	120	119	114	-1	116	-1	118	-1	-1	-1	130	123	-1	125	-1	127	-1	129	-1	-1	132	-1	-1	141	138	137	-1	-1	140	-1	-1	-1	144	-1	-1	149	148	-1	-1	151	-1	-1	158	155	-1	157	-1	-1	160	-1	162	-1	166	165	-1	-1	168	-1	176	171	-1	173	-1	175	-1	-1	-1
# Threshold
43.5	2987045.0	0.41838300228118896	1.3368850350379944	23.5	-2.0	0.7759259939193726	0.013520055450499058	668.0	-2.0	-2.0	-2.0	-2.0	37610.0	0.5640720129013062	0.014117300044745207	-2.0	-2.0	-2.0	-2.0	111.0	-2.0	9.5	0.49905000627040863	1280.0	-2.0	-2.0	28.0	121.53860092163086	4.0945751667022705	2935.0	-2.0	0.0017063099658116698	3281.0	-2.0	-2.0	-2.0	787.5	-2.0	0.4577839970588684	0.0034323250874876976	-2.0	-2.0	-2.0	-2.0	-2.0	-2.0	0.9158364832401276	-2.0	-2.0	0.000644009473035112	0.11245999857783318	27.969650268554688	14134.5	-2.0	11890.5	-2.0	7.5	1.3819699883460999	20175.0	0.000404108504881151	-2.0	-2.0	17242.0	-2.0	284174496.0	7.0	-2.0	-2.0	-2.0	-2.0	-2.0	30.951149940490723	-2.0	2584795.0	-2.0	-2.0	4.761229991912842	9.636025060899556e-05	3.4046000242233276	1.0	-2.0	-2.0	2714590.0	-2.0	-2.0	13121.0	-2.0	-2.0	643224.0	65129.5	0.9454950392246246	-2.0	-2.0	502590.5	0.4095879942178726	-2.0	-2.0	-2.0	0.5	-2.0	80.5	-2.0	39.10125160217285	-2.0	-2.0	58139.0	63.557701110839844	0.8937059938907623	0.054655298590660095	7135.0	0.4606095105409622	0.3282884955406189	-2.0	0.32859599590301514	-2.0	46828.0	-2.0	-2.0	-2.0	10925.5	0.0044768949737772346	-2.0	15.298500061035156	-2.0	0.5	-2.0	781.5	-2.0	-2.0	18.53219985961914	-2.0	-2.0	3.598439931869507	12.5	1.013409972190857	-2.0	-2.0	0.20015500485897064	-2.0	-2.0	-2.0	850.5	-2.0	-2.0	0.0529204998165369	0.28519749641418457	-2.0	-2.0	0.0022478049504570663	-2.0	-2.0	0.5376754999160767	249.56749725341797	-2.0	108930.0	-2.0	-2.0	6.816005043219775e-05	-2.0	7422.0	-2.0	6.5	0.6392025053501129	-2.0	-2.0	26.697550773620605	-2.0	0.005897660041227937	9.0	-2.0	23551550.0	-2.0	58.71310234069824	-2.0	-2.0	-2.0
# Feature
8	2	10	12	0	-2	11	4	1	-2	-2	-2	-2	0	11	4	-2	-2	-2	-2	2	-2	6	10	1	-2	-2	9	12	12	1	-2	4	1	-2	-2	-2	0	-2	13	4	-2	-2	-2	-2	-2	-2	11	-2	-2	10	11	3	0	-2	8	-2	6	12	8	10	-2	-2	1	-2	2	9	-2	-2	-2	-2	-2	3	-2	0	-2	-2	3	4	3	9	-2	-2	2	-2	-2	0	-2	-2	2	0	7	-2	-2	2	13	-2	-2	-2	6	-2	5	-2	3	-2	-2	1	7	13	11	8	12	13	-2	13	-2	2	-2	-2	-2	1	11	-2	7	-2	6	-2	5	-2	-2	3	-2	-2	3	5	12	-2	-2	11	-2	-2	-2	8	-2	-2	11	13	-2	-2	4	-2	-2	13	7	-2	8	-2	-2	4	-2	8	-2	6	13	-2	-2	3	-2	10	9	-2	2	-2	3	-2	-2	-2
# Values
409.7499999999999	409.74999999999585	409.75000000000034	409.74999999999994
3.2137254901960786	27.922741679873212	404.87202380952425	21.56578947368421
3.2137254901960786	27.922741679873223	390.23809523809575	0.0
3.2137254901960786	17.208201267828837	39.023809523809526	0.0
0.0	3.8961965134706813	34.145833333333336	0.0
0.0	2.272781299524564	0.0	0.0
0.0	1.6234152139461173	34.145833333333336	0.0
0.0	0.6493660855784469	34.145833333333336	0.0
0.0	0.6493660855784469	4.877976190476191	0.0
0.0	0.6493660855784469	0.0	0.0
0.0	0.0	4.877976190476191	0.0
0.0	0.0	29.267857142857146	0.0
0.0	0.9740491283676703	0.0	0.0
3.2137254901960786	13.312004754358158	4.877976190476191	0.0
0.0	13.312004754358158	4.877976190476191	0.0
0.0	1.6234152139461173	4.877976190476191	0.0
0.0	0.0	4.877976190476191	0.0
0.0	1.6234152139461173	0.0	0.0
0.0	11.688589540412043	0.0	0.0
3.2137254901960786	0.0	0.0	0.0
0.0	10.71454041204437	351.21428571428606	0.0
0.0	2.272781299524564	0.0	0.0
0.0	8.44175911251981	351.2142857142859	0.0
0.0	7.1430269413629155	351.21428571428606	0.0
0.0	3.8961965134706813	24.389880952380953	0.0
0.0	0.0	24.389880952380956	0.0
0.0	3.8961965134706813	0.0	0.0
0.0	3.2468304278922346	326.82440476190516	0.0
0.0	2.922147385103011	326.8244047619051	0.0
0.0	2.5974643423137875	326.8244047619051	0.0
0.0	0.6493660855784469	243.89880952380966	0.0
0.0	0.0	156.09523809523813	0.0
0.0	0.6493660855784469	87.80357142857143	0.0
0.0	0.32468304278922344	87.80357142857143	0.0
0.0	0.32468304278922344	4.877976190476191	0.0
0.0	0.0	82.92559523809524	0.0
0.0	0.32468304278922344	0.0	0.0
0.0	1.9480982567353406	82.92559523809524	0.0
0.0	0.6493660855784469	0.0	0.0
0.0	1.2987321711568938	82.92559523809524	0.0
0.0	1.2987321711568938	14.633928571428573	0.0
0.0	1.2987321711568938	0.0	0.0
0.0	0.0	14.633928571428573	0.0
0.0	0.0	68.29166666666667	0.0
0.0	0.32468304278922344	0.0	0.0
0.0	0.32468304278922344	0.0	0.0
0.0	1.2987321711568938	0.0	0.0
0.0	0.0	14.633928571428573	21.56578947368421
0.0	0.0	0.0	21.56578947368421
0.0	0.0	14.633928571428573	0.0
406.5362745098037	381.8272583201227	4.877976190476191	388.1842105263156
340.65490196078406	57.46889857369263	0.0	53.91447368421052
286.0215686274508	22.727812995245642	0.0	10.782894736842104
282.80784313725474	16.883518225039616	0.0	0.0
0.0	6.8183438985736915	0.0	0.0
282.80784313725474	10.065174326465925	0.0	0.0
0.0	0.9740491283676703	0.0	0.0
282.8078431372546	9.091125198098256	0.0	0.0
282.80784313725474	8.44175911251981	0.0	0.0
282.8078431372547	7.792393026941363	0.0	0.0
8.034313725490197	2.5974643423137875	0.0	0.0
0.0	2.5974643423137875	0.0	0.0
8.034313725490197	0.0	0.0	0.0
274.77352941176446	5.194928684627575	0.0	0.0
0.0	0.6493660855784469	0.0	0.0
274.77352941176457	4.545562599049129	0.0	0.0
274.77352941176446	4.220879556259905	0.0	0.0
273.1666666666665	3.5715134706814586	0.0	0.0
1.6068627450980393	0.6493660855784469	0.0	0.0
0.0	0.32468304278922344	0.0	0.0
0.0	0.6493660855784469	0.0	0.0
0.0	0.6493660855784469	0.0	0.0
3.2137254901960786	5.844294770206022	0.0	10.782894736842104
0.0	0.0	0.0	10.782894736842104
3.2137254901960786	5.84429477020602	0.0	0.0
0.0	5.844294770206021	0.0	0.0
3.2137254901960786	0.0	0.0	0.0
54.63333333333333	34.741085578446935	0.0	43.13157894736842
49.812745098039215	8.117076069730585	0.0	0.0
49.81274509803922	1.6234152139461173	0.0	0.0
41.77843137254902	0.0	0.0	0.0
8.034313725490197	0.0	0.0	0.0
33.74411764705882	0.0	0.0	0.0
8.034313725490197	1.6234152139461173	0.0	0.0
8.034313725490197	0.0	0.0	0.0
0.0	1.6234152139461173	0.0	0.0
0.0	6.493660855784469	0.0	0.0
0.0	0.32468304278922344	0.0	0.0
0.0	6.168977812995245	0.0	0.0
4.820588235294117	26.624009508716327	0.0	43.13157894736842
0.0	12.013272583201264	0.0	43.13157894736842
0.0	10.065174326465927	0.0	0.0
0.0	0.32468304278922344	0.0	0.0
0.0	9.740491283676702	0.0	0.0
0.0	1.9480982567353406	0.0	43.13157894736842
0.0	1.9480982567353409	0.0	0.0
0.0	0.6493660855784469	0.0	0.0
0.0	1.2987321711568938	0.0	0.0
0.0	0.0	0.0	43.13157894736842
4.820588235294117	14.610736925515049	0.0	0.0
3.2137254901960786	0.0	0.0	0.0
1.6068627450980393	14.610736925515047	0.0	0.0
0.0	13.63668779714738	0.0	0.0
1.6068627450980393	0.9740491283676703	0.0	0.0
1.6068627450980393	0.0	0.0	0.0
0.0	0.9740491283676703	0.0	0.0
65.8813725490196	324.35835974643146	4.877976190476191	334.2697368421052
57.84705882352942	300.3318145800293	4.877976190476191	32.348684210526315
16.068627450980394	288.96790808240667	4.877976190476191	32.348684210526315
16.068627450980394	288.6432250396174	4.877976190476191	21.56578947368421
16.068627450980394	59.7416798732172	0.0	21.56578947368421
0.0	54.87143423137883	0.0	21.56578947368421
0.0	26.299326465927102	0.0	21.56578947368421
0.0	4.545562599049129	0.0	0.0
0.0	21.753763866877975	0.0	21.56578947368421
0.0	20.45503169572108	0.0	21.56578947368421
0.0	1.2987321711568938	0.0	0.0
0.0	0.6493660855784469	0.0	0.0
0.0	0.6493660855784469	0.0	0.0
0.0	28.57210776545167	0.0	0.0
16.068627450980394	4.870245641838352	0.0	0.0
16.068627450980394	2.922147385103011	0.0	0.0
0.0	0.9740491283676703	0.0	0.0
16.068627450980394	1.9480982567353406	0.0	0.0
0.0	0.9740491283676703	0.0	0.0
16.068627450980394	0.9740491283676703	0.0	0.0
0.0	0.32468304278922344	0.0	0.0
16.068627450980394	0.6493660855784469	0.0	0.0
12.854901960784314	0.0	0.0	0.0
3.2137254901960786	0.6493660855784469	0.0	0.0
0.0	1.9480982567353406	0.0	0.0
0.0	0.9740491283676703	0.0	0.0
0.0	0.9740491283676703	0.0	0.0
0.0	228.90154516640115	4.877976190476191	0.0
0.0	27.27337559429477	4.877976190476191	0.0
0.0	16.234152139461166	0.0	0.0
0.0	1.6234152139461173	0.0	0.0
0.0	14.61073692551505	0.0	0.0
0.0	11.039223454833596	4.877976190476191	0.0
0.0	1.2987321711568938	0.0	0.0
0.0	9.740491283676702	4.877976190476191	0.0
0.0	201.62816957210663	0.0	0.0
0.0	0.32468304278922344	0.0	10.782894736842104
0.0	0.0	0.0	10.782894736842104
0.0	0.32468304278922344	0.0	0.0
41.77843137254902	11.363906497622818	0.0	0.0
40.17156862745098	0.32468304278922344	0.0	0.0
0.0	0.32468304278922344	0.0	0.0
40.171568627450974	0.0	0.0	0.0
1.6068627450980393	11.039223454833595	0.0	0.0
1.6068627450980393	0.0	0.0	0.0
0.0	11.039223454833596	0.0	0.0
8.034313725490197	24.026545166402542	0.0	301.92105263157896
6.427450980392157	10.38985736925515	0.0	0.0
0.0	10.38985736925515	0.0	0.0
6.427450980392157	0.0	0.0	0.0
3.2137254901960786	0.0	0.0	0.0
3.2137254901960786	0.0	0.0	0.0
1.6068627450980393	13.63668779714738	0.0	301.92105263157896
0.0	5.844294770206022	0.0	0.0
1.6068627450980393	7.7923930269413635	0.0	301.92105263157896
0.0	5.844294770206022	0.0	0.0
1.6068627450980393	1.9480982567353406	0.0	301.92105263157885
1.6068627450980393	0.32468304278922344	0.0	0.0
0.0	0.32468304278922344	0.0	0.0
1.6068627450980393	0.0	0.0	0.0
0.0	1.6234152139461173	0.0	301.9210526315789
0.0	0.32468304278922344	0.0	0.0
0.0	1.2987321711568938	0.0	301.9210526315789
0.0	0.9740491283676703	0.0	301.92105263157885
0.0	0.6493660855784469	0.0	32.348684210526315
0.0	0.32468304278922344	0.0	269.57236842105266
0.0	0.0	0.0	248.00657894736844
0.0	0.32468304278922344	0.0	21.56578947368421
0.0	0.32468304278922344	0.0	0.0
0.0	0.0	0.0	21.56578947368421
0.0	0.32468304278922344	0.0	0.0
