# Sizes (NFeatures, Nclasses, NodeCount, MaxDepth)
14	4	203	14
# Classes
0.0	1.0	2.0	3.0
# Feature Names
Nrows	Ncols	Nnnz	AvgNnnz	Density	MaxRowNnnz	MinRowNnnz	StdRowNnnz	NDiags	NTrueDiags	AvgNnnzDia	AvgNnnzELL	AvgNnnzHyb	AvgNnnzHdc
# Left
1	2	3	4	5	-1	-1	8	-1	10	-1	12	-1	14	-1	-1	17	18	-1	-1	21	22	23	24	-1	-1	-1	-1	29	-1	-1	32	-1	34	-1	36	37	-1	-1	-1	41	42	43	44	45	46	47	-1	-1	-1	51	52	53	-1	-1	56	57	-1	59	-1	-1	-1	63	64	65	66	-1	-1	-1	-1	71	72	73	-1	-1	-1	-1	78	-1	80	-1	-1	-1	84	85	86	87	-1	-1	90	91	92	-1	-1	-1	96	-1	-1	-1	100	101	102	103	104	105	-1	107	-1	-1	-1	-1	112	113	-1	-1	116	117	118	119	120	-1	122	-1	-1	-1	-1	-1	-1	129	130	-1	132	-1	-1	135	-1	-1	138	139	140	141	-1	143	144	-1	146	147	-1	-1	-1	151	-1	153	-1	-1	-1	157	158	-1	-1	-1	162	163	164	-1	166	167	-1	-1	-1	-1	172	-1	174	175	176	177	-1	-1	180	-1	182	-1	-1	185	-1	-1	188	189	-1	-1	-1	193	194	195	196	197	-1	-1	-1	-1	-1	-1
# Right
40	31	16	7	6	-1	-1	9	-1	11	-1	13	-1	15	-1	-1	20	19	-1	-1	28	27	26	25	-1	-1	-1	-1	30	-1	-1	33	-1	35	-1	39	38	-1	-1	-1	192	83	82	77	50	49	48	-1	-1	-1	62	55	54	-1	-1	61	58	-1	60	-1	-1	-1	70	69	68	67	-1	-1	-1	-1	76	75	74	-1	-1	-1	-1	79	-1	81	-1	-1	-1	99	98	89	88	-1	-1	95	94	93	-1	-1	-1	97	-1	-1	-1	137	128	111	110	109	106	-1	108	-1	-1	-1	-1	115	114	-1	-1	127	126	125	124	121	-1	123	-1	-1	-1	-1	-1	-1	134	131	-1	133	-1	-1	136	-1	-1	161	156	155	142	-1	150	145	-1	149	148	-1	-1	-1	152	-1	154	-1	-1	-1	160	159	-1	-1	-1	171	170	165	-1	169	168	-1	-1	-1	-1	173	-1	187	184	179	178	-1	-1	181	-1	183	-1	-1	186	-1	-1	191	190	-1	-1	-1	202	201	200	199	198	-1	-1	-1	-1	-1	-1
# Threshold
5.813870191574097	0.6171284914016724	5.021554946899414	0.6758320033550262	0.5524725019931793	-2.0	-2.0	3.5	-2.0	2.5	-2.0	0.4054050147533417	-2.0	0.6983755230903625	-2.0	-2.0	205.0	0.30095700919628143	-2.0	-2.0	2.5	1490.5	2779.0	478.5	-2.0	-2.0	-2.0	-2.0	7.0	-2.0	-2.0	3.0	-2.0	0.6406185030937195	-2.0	4.844444990158081	6.5	-2.0	-2.0	-2.0	13.5	7.398530006408691	0.6482829749584198	14.59310007095337	1.6214750409126282	2.5	900381.0	-2.0	-2.0	-2.0	0.004294554935768247	6.707064867019653	12.0	-2.0	-2.0	153580.5	7.1481850147247314	-2.0	0.00015090650413185358	-2.0	-2.0	-2.0	1.1957949995994568	0.0782402977347374	0.007727364776656032	0.0012711719682556577	-2.0	-2.0	-2.0	-2.0	1.378570020198822	1.2475599646568298	359.0	-2.0	-2.0	-2.0	-2.0	0.4078025072813034	-2.0	7.036010026931763	-2.0	-2.0	-2.0	0.33891549706459045	1318.875	1.6011799573898315	0.7383194863796234	-2.0	-2.0	21.0	0.5	13.263800144195557	-2.0	-2.0	-2.0	1.7907099723815918	-2.0	-2.0	-2.0	1.022849977016449	1.5	0.00029112699849065393	1.987664927582955e-05	0.4899125099182129	0.18755009770393372	-2.0	0.46392950415611267	-2.0	-2.0	-2.0	-2.0	0.5	11.120305061340332	-2.0	-2.0	3.0	0.345507487654686	29.921700477600098	7555.0	5003.0	-2.0	104918.5	-2.0	-2.0	-2.0	-2.0	-2.0	-2.0	0.012376075144857168	17.290250778198242	-2.0	30.87010097503662	-2.0	-2.0	0.3689640015363693	-2.0	-2.0	2.5	3.5	0.6663489937782288	31.5	-2.0	77.5	3.813675045967102	-2.0	0.3006805032491684	516.5	-2.0	-2.0	-2.0	1.146720051765442	-2.0	23.786999702453613	-2.0	-2.0	-2.0	9.998775005340576	12292800.0	-2.0	-2.0	-2.0	1.8890100121498108	54612.5	10.0	-2.0	0.4272874891757965	4953.5	-2.0	-2.0	-2.0	-2.0	0.3465384989976883	-2.0	201924.5	8.5	0.36439500749111176	122895.0	-2.0	-2.0	0.6257070004940033	-2.0	31.5	-2.0	-2.0	7.22013521194458	-2.0	-2.0	69.0	27971.0	-2.0	-2.0	-2.0	0.7582649886608124	3483380.0	44072.5	32.5	23.5	-2.0	-2.0	-2.0	-2.0	-2.0	-2.0
# Feature
3	10	3	12	13	-2	-2	0	-2	6	-2	7	-2	7	-2	-2	1	13	-2	-2	6	5	2	1	-2	-2	-2	-2	5	-2	-2	5	-2	10	-2	3	8	-2	-2	-2	9	3	10	7	7	9	8	-2	-2	-2	10	3	5	-2	-2	1	3	-2	4	-2	-2	-2	12	4	10	4	-2	-2	-2	-2	12	12	0	-2	-2	-2	-2	13	-2	3	-2	-2	-2	13	3	7	11	-2	-2	6	6	7	-2	-2	-2	12	-2	-2	-2	12	6	4	10	13	12	-2	13	-2	-2	-2	-2	6	3	-2	-2	9	11	3	0	8	-2	2	-2	-2	-2	-2	-2	-2	10	3	-2	3	-2	-2	13	-2	-2	9	6	11	5	-2	5	7	-2	11	8	-2	-2	-2	12	-2	7	-2	-2	-2	7	0	-2	-2	-2	7	2	8	-2	13	2	-2	-2	-2	-2	13	-2	0	6	13	8	-2	-2	13	-2	5	-2	-2	7	-2	-2	5	8	-2	-2	-2	10	0	5	8	5	-2	-2	-2	-2	-2	-2
# Values
458.0	751.0	54.0	252.0
406.0	14.0	29.0	7.0
380.0	14.0	1.0	6.0
354.0	6.0	1.0	4.0
20.0	6.0	0.0	0.0
20.0	0.0	0.0	0.0
0.0	6.0	0.0	0.0
334.0	0.0	1.0	4.0
0.0	0.0	1.0	0.0
334.0	0.0	0.0	4.0
312.0	0.0	0.0	0.0
22.0	0.0	0.0	4.0
21.0	0.0	0.0	0.0
1.0	0.0	0.0	4.0
0.0	0.0	0.0	2.0
1.0	0.0	0.0	2.0
26.0	8.0	0.0	2.0
1.0	6.0	0.0	0.0
1.0	0.0	0.0	0.0
0.0	6.0	0.0	0.0
25.0	2.0	0.0	2.0
25.0	1.0	0.0	1.0
25.0	1.0	0.0	0.0
2.0	1.0	0.0	0.0
2.0	0.0	0.0	0.0
0.0	1.0	0.0	0.0
23.0	0.0	0.0	0.0
0.0	0.0	0.0	1.0
0.0	1.0	0.0	1.0
0.0	1.0	0.0	0.0
0.0	0.0	0.0	1.0
26.0	0.0	28.0	1.0
24.0	0.0	0.0	0.0
2.0	0.0	28.0	1.0
0.0	0.0	0.0	1.0
2.0	0.0	28.0	0.0
2.0	0.0	5.0	0.0
0.0	0.0	5.0	0.0
2.0	0.0	0.0	0.0
0.0	0.0	23.0	0.0
52.0	737.0	25.0	245.0
52.0	403.0	23.0	242.0
35.0	196.0	21.0	14.0
35.0	196.0	0.0	14.0
35.0	102.0	0.0	13.0
4.0	57.0	0.0	0.0
4.0	2.0	0.0	0.0
0.0	2.0	0.0	0.0
4.0	0.0	0.0	0.0
0.0	55.0	0.0	0.0
31.0	45.0	0.0	13.0
16.0	2.0	0.0	9.0
14.0	0.0	0.0	1.0
0.0	0.0	0.0	1.0
14.0	0.0	0.0	0.0
2.0	2.0	0.0	8.0
0.0	2.0	0.0	8.0
0.0	0.0	0.0	7.0
0.0	2.0	0.0	1.0
0.0	0.0	0.0	1.0
0.0	2.0	0.0	0.0
2.0	0.0	0.0	0.0
15.0	43.0	0.0	4.0
1.0	36.0	0.0	1.0
0.0	36.0	0.0	1.0
0.0	3.0	0.0	1.0
0.0	3.0	0.0	0.0
0.0	0.0	0.0	1.0
0.0	33.0	0.0	0.0
1.0	0.0	0.0	0.0
14.0	7.0	0.0	3.0
14.0	1.0	0.0	3.0
0.0	1.0	0.0	3.0
0.0	1.0	0.0	0.0
0.0	0.0	0.0	3.0
14.0	0.0	0.0	0.0
0.0	6.0	0.0	0.0
0.0	94.0	0.0	1.0
0.0	89.0	0.0	0.0
0.0	5.0	0.0	1.0
0.0	5.0	0.0	0.0
0.0	0.0	0.0	1.0
0.0	0.0	21.0	0.0
17.0	207.0	2.0	228.0
3.0	73.0	0.0	8.0
3.0	73.0	0.0	5.0
2.0	0.0	0.0	2.0
2.0	0.0	0.0	0.0
0.0	0.0	0.0	2.0
1.0	73.0	0.0	3.0
1.0	68.0	0.0	0.0
1.0	8.0	0.0	0.0
1.0	0.0	0.0	0.0
0.0	8.0	0.0	0.0
0.0	60.0	0.0	0.0
0.0	5.0	0.0	3.0
0.0	0.0	0.0	3.0
0.0	5.0	0.0	0.0
0.0	0.0	0.0	3.0
14.0	134.0	2.0	220.0
8.0	34.0	0.0	145.0
8.0	31.0	0.0	32.0
8.0	14.0	0.0	2.0
8.0	3.0	0.0	2.0
8.0	0.0	0.0	2.0
0.0	0.0	0.0	1.0
8.0	0.0	0.0	1.0
8.0	0.0	0.0	0.0
0.0	0.0	0.0	1.0
0.0	3.0	0.0	0.0
0.0	11.0	0.0	0.0
0.0	17.0	0.0	30.0
0.0	8.0	0.0	1.0
0.0	0.0	0.0	1.0
0.0	8.0	0.0	0.0
0.0	9.0	0.0	29.0
0.0	6.0	0.0	29.0
0.0	4.0	0.0	29.0
0.0	3.0	0.0	29.0
0.0	3.0	0.0	14.0
0.0	0.0	0.0	11.0
0.0	3.0	0.0	3.0
0.0	1.0	0.0	0.0
0.0	2.0	0.0	3.0
0.0	0.0	0.0	15.0
0.0	1.0	0.0	0.0
0.0	2.0	0.0	0.0
0.0	3.0	0.0	0.0
0.0	3.0	0.0	113.0
0.0	2.0	0.0	112.0
0.0	0.0	0.0	96.0
0.0	2.0	0.0	16.0
0.0	2.0	0.0	0.0
0.0	0.0	0.0	16.0
0.0	1.0	0.0	1.0
0.0	1.0	0.0	0.0
0.0	0.0	0.0	1.0
6.0	100.0	2.0	75.0
6.0	24.0	0.0	47.0
6.0	19.0	0.0	10.0
0.0	19.0	0.0	10.0
0.0	9.0	0.0	0.0
0.0	10.0	0.0	10.0
0.0	2.0	0.0	8.0
0.0	1.0	0.0	0.0
0.0	1.0	0.0	8.0
0.0	1.0	0.0	1.0
0.0	1.0	0.0	0.0
0.0	0.0	0.0	1.0
0.0	0.0	0.0	7.0
0.0	8.0	0.0	2.0
0.0	7.0	0.0	0.0
0.0	1.0	0.0	2.0
0.0	1.0	0.0	0.0
0.0	0.0	0.0	2.0
6.0	0.0	0.0	0.0
0.0	5.0	0.0	37.0
0.0	2.0	0.0	37.0
0.0	0.0	0.0	37.0
0.0	2.0	0.0	0.0
0.0	3.0	0.0	0.0
0.0	76.0	2.0	28.0
0.0	5.0	2.0	12.0
0.0	1.0	2.0	12.0
0.0	0.0	2.0	0.0
0.0	1.0	0.0	12.0
0.0	1.0	0.0	1.0
0.0	1.0	0.0	0.0
0.0	0.0	0.0	1.0
0.0	0.0	0.0	11.0
0.0	4.0	0.0	0.0
0.0	71.0	0.0	16.0
0.0	0.0	0.0	3.0
0.0	71.0	0.0	13.0
0.0	67.0	0.0	7.0
0.0	56.0	0.0	2.0
0.0	4.0	0.0	1.0
0.0	0.0	0.0	1.0
0.0	4.0	0.0	0.0
0.0	52.0	0.0	1.0
0.0	45.0	0.0	0.0
0.0	7.0	0.0	1.0
0.0	7.0	0.0	0.0
0.0	0.0	0.0	1.0
0.0	11.0	0.0	5.0
0.0	0.0	0.0	5.0
0.0	11.0	0.0	0.0
0.0	4.0	0.0	6.0
0.0	4.0	0.0	1.0
0.0	0.0	0.0	1.0
0.0	4.0	0.0	0.0
0.0	0.0	0.0	5.0
0.0	334.0	2.0	3.0
0.0	334.0	0.0	3.0
0.0	334.0	0.0	2.0
0.0	334.0	0.0	1.0
0.0	9.0	0.0	1.0
0.0	9.0	0.0	0.0
0.0	0.0	0.0	1.0
0.0	325.0	0.0	0.0
0.0	0.0	0.0	1.0
0.0	0.0	0.0	1.0
0.0	0.0	2.0	0.0
