# Sizes (NFeatures, Nclasses, NodeCount, MaxDepth)
14	4	217	14
# Classes
0.0	1.0	2.0	3.0
# Feature Names
Nrows	Ncols	Nnnz	AvgNnnz	Density	MaxRowNnnz	MinRowNnnz	StdRowNnnz	NDiags	NTrueDiags	AvgNnnzDia	AvgNnnzELL	AvgNnnzHyb	AvgNnnzHdc
# Left
1	2	3	4	5	6	7	-1	9	-1	-1	12	-1	-1	15	16	-1	-1	-1	20	-1	22	-1	-1	25	-1	27	28	29	-1	-1	-1	33	-1	-1	36	-1	38	-1	-1	41	42	43	44	-1	46	-1	-1	49	50	51	-1	-1	54	-1	56	57	58	-1	60	61	62	-1	-1	-1	66	-1	-1	69	70	71	-1	73	-1	-1	-1	77	78	79	-1	-1	-1	83	-1	-1	86	87	-1	89	90	-1	-1	-1	94	-1	-1	97	98	99	100	101	-1	-1	104	-1	-1	107	108	109	110	-1	-1	113	114	-1	-1	117	-1	119	-1	-1	122	-1	-1	125	126	127	-1	-1	130	-1	-1	133	-1	-1	136	137	-1	-1	-1	141	-1	-1	144	145	146	147	-1	-1	150	-1	152	-1	-1	155	156	-1	158	-1	160	-1	162	163	-1	-1	-1	167	168	169	-1	171	-1	-1	174	175	-1	177	-1	179	-1	-1	-1	183	184	-1	186	-1	-1	-1	190	191	192	-1	-1	195	196	-1	198	-1	-1	201	-1	-1	204	-1	-1	207	-1	209	-1	211	212	213	-1	-1	-1	-1
# Right
40	35	24	19	14	11	8	-1	10	-1	-1	13	-1	-1	18	17	-1	-1	-1	21	-1	23	-1	-1	26	-1	32	31	30	-1	-1	-1	34	-1	-1	37	-1	39	-1	-1	206	143	48	45	-1	47	-1	-1	96	53	52	-1	-1	55	-1	85	68	59	-1	65	64	63	-1	-1	-1	67	-1	-1	76	75	72	-1	74	-1	-1	-1	82	81	80	-1	-1	-1	84	-1	-1	93	88	-1	92	91	-1	-1	-1	95	-1	-1	140	135	106	103	102	-1	-1	105	-1	-1	124	121	112	111	-1	-1	116	115	-1	-1	118	-1	120	-1	-1	123	-1	-1	132	129	128	-1	-1	131	-1	-1	134	-1	-1	139	138	-1	-1	-1	142	-1	-1	189	154	149	148	-1	-1	151	-1	153	-1	-1	166	157	-1	159	-1	161	-1	165	164	-1	-1	-1	182	173	170	-1	172	-1	-1	181	176	-1	178	-1	180	-1	-1	-1	188	185	-1	187	-1	-1	-1	203	194	193	-1	-1	200	197	-1	199	-1	-1	202	-1	-1	205	-1	-1	208	-1	210	-1	216	215	214	-1	-1	-1	-1
# Threshold
5.717795133590698	0.6167064905166626	5.5302300453186035	0.3886124938726425	13.424949645996094	8.0	2.5	-2.0	9456.5	-2.0	-2.0	1.6599100232124329	-2.0	-2.0	0.6341174840927124	0.5524725019931793	-2.0	-2.0	-2.0	0.4806840121746063	-2.0	2.5	-2.0	-2.0	5.550100088119507	-2.0	0.10979479923844337	0.3960469961166382	7924.0	-2.0	-2.0	-2.0	5.592410087585449	-2.0	-2.0	3.0	-2.0	7.5	-2.0	-2.0	13.5	10.459800243377686	11.0	20997.0	-2.0	0.910082995891571	-2.0	-2.0	1.5	2.554754973971285e-05	6.050805041013518e-06	-2.0	-2.0	0.004982345039024949	-2.0	3393.0	6.094130039215088	11.0	-2.0	177.0	1005.5	134.5	-2.0	-2.0	-2.0	5.819339990615845	-2.0	-2.0	19.0	292.5	3.2734049558639526	-2.0	4.297365069389343	-2.0	-2.0	-2.0	16.274049758911133	0.5	0.41395600140094757	-2.0	-2.0	-2.0	8.50521993637085	-2.0	-2.0	0.0002922114945249632	0.33447349071502686	-2.0	24128.5	2.8680949211120605	-2.0	-2.0	-2.0	2481.0	-2.0	-2.0	7.549270153045654	0.2129490002989769	2.5	6.491405010223389	4.5	-2.0	-2.0	0.39720650017261505	-2.0	-2.0	0.0393158495426178	4.5	0.3470579981803894	3.5	-2.0	-2.0	0.34950999915599823	0.01585946795239579	-2.0	-2.0	8.014934778213501	-2.0	3.5	-2.0	-2.0	0.6211774945259094	-2.0	-2.0	8.467984676361084	6.742424964904785	8.5	-2.0	-2.0	4.0	-2.0	-2.0	9.22742509841919	-2.0	-2.0	0.40759900212287903	55.5	-2.0	-2.0	-2.0	0.3530854880809784	-2.0	-2.0	6.5	0.5	4.667810003411432e-06	14.937049865722656	-2.0	-2.0	46977.0	-2.0	0.00017530000332044438	-2.0	-2.0	398680.0	21.686100006103516	-2.0	31.648499488830566	-2.0	0.3381254971027374	-2.0	0.3474135100841522	72.5	-2.0	-2.0	-2.0	0.5737269818782806	40087.0	21.0	-2.0	0.0033416450023651123	-2.0	-2.0	35.9494514465332	4.061814904212952	-2.0	58805.0	-2.0	45776500.0	-2.0	-2.0	-2.0	0.9145300090312958	0.7501010000705719	-2.0	3.2872050724108703e-05	-2.0	-2.0	-2.0	30.24660015106201	503.0	3.5500999689102173	-2.0	-2.0	200489.5	1.7691699862480164	-2.0	0.8159144818782806	-2.0	-2.0	5.7192750318790786e-05	-2.0	-2.0	11.0	-2.0	-2.0	1.3431045317702228e-05	-2.0	21.5	-2.0	0.8283415138721466	32.5	0.6880280077457428	-2.0	-2.0	-2.0	-2.0
# Feature
3	10	3	10	7	9	6	-2	0	-2	-2	12	-2	-2	12	13	-2	-2	-2	10	-2	9	-2	-2	3	-2	11	13	2	-2	-2	-2	3	-2	-2	9	-2	8	-2	-2	9	3	8	1	-2	10	-2	-2	6	10	4	-2	-2	11	-2	8	3	5	-2	5	0	8	-2	-2	-2	3	-2	-2	5	8	7	-2	7	-2	-2	-2	7	9	13	-2	-2	-2	3	-2	-2	4	13	-2	8	7	-2	-2	-2	0	-2	-2	7	10	9	3	6	-2	-2	13	-2	-2	10	6	13	9	-2	-2	13	10	-2	-2	3	-2	6	-2	-2	11	-2	-2	3	3	5	-2	-2	9	-2	-2	3	-2	-2	13	0	-2	-2	-2	13	-2	-2	9	6	4	3	-2	-2	8	-2	10	-2	-2	2	3	-2	3	-2	13	-2	13	5	-2	-2	-2	13	0	6	-2	10	-2	-2	3	7	-2	8	-2	2	-2	-2	-2	11	12	-2	10	-2	-2	-2	7	8	7	-2	-2	0	12	-2	11	-2	-2	4	-2	-2	9	-2	-2	4	-2	8	-2	10	8	11	-2	-2	-2	-2
# Values
478.0	741.0	45.0	251.0
433.0	10.0	24.0	9.0
418.0	10.0	1.0	7.0
407.0	5.0	1.0	5.0
388.0	5.0	0.0	0.0
358.0	2.0	0.0	0.0
356.0	1.0	0.0	0.0
351.0	0.0	0.0	0.0
5.0	1.0	0.0	0.0
0.0	1.0	0.0	0.0
5.0	0.0	0.0	0.0
2.0	1.0	0.0	0.0
0.0	1.0	0.0	0.0
2.0	0.0	0.0	0.0
30.0	3.0	0.0	0.0
30.0	1.0	0.0	0.0
30.0	0.0	0.0	0.0
0.0	1.0	0.0	0.0
0.0	2.0	0.0	0.0
19.0	0.0	1.0	5.0
0.0	0.0	0.0	5.0
19.0	0.0	1.0	0.0
0.0	0.0	1.0	0.0
19.0	0.0	0.0	0.0
11.0	5.0	0.0	2.0
0.0	0.0	0.0	2.0
11.0	5.0	0.0	0.0
9.0	1.0	0.0	0.0
1.0	1.0	0.0	0.0
1.0	0.0	0.0	0.0
0.0	1.0	0.0	0.0
8.0	0.0	0.0	0.0
2.0	4.0	0.0	0.0
2.0	0.0	0.0	0.0
0.0	4.0	0.0	0.0
15.0	0.0	23.0	2.0
15.0	0.0	0.0	0.0
0.0	0.0	23.0	2.0
0.0	0.0	23.0	0.0
0.0	0.0	0.0	2.0
45.0	731.0	21.0	242.0
45.0	405.0	19.0	240.0
41.0	272.0	19.0	74.0
0.0	1.0	19.0	0.0
0.0	0.0	16.0	0.0
0.0	1.0	3.0	0.0
0.0	1.0	0.0	0.0
0.0	0.0	3.0	0.0
41.0	271.0	0.0	74.0
25.0	166.0	0.0	14.0
15.0	1.0	0.0	0.0
0.0	1.0	0.0	0.0
15.0	0.0	0.0	0.0
10.0	165.0	0.0	14.0
0.0	91.0	0.0	0.0
10.0	74.0	0.0	14.0
9.0	63.0	0.0	5.0
5.0	6.0	0.0	2.0
0.0	4.0	0.0	0.0
5.0	2.0	0.0	2.0
4.0	0.0	0.0	2.0
1.0	0.0	0.0	2.0
1.0	0.0	0.0	0.0
0.0	0.0	0.0	2.0
3.0	0.0	0.0	0.0
1.0	2.0	0.0	0.0
1.0	0.0	0.0	0.0
0.0	2.0	0.0	0.0
4.0	57.0	0.0	3.0
4.0	10.0	0.0	0.0
1.0	10.0	0.0	0.0
0.0	8.0	0.0	0.0
1.0	2.0	0.0	0.0
1.0	0.0	0.0	0.0
0.0	2.0	0.0	0.0
3.0	0.0	0.0	0.0
0.0	47.0	0.0	3.0
0.0	44.0	0.0	1.0
0.0	6.0	0.0	1.0
0.0	0.0	0.0	1.0
0.0	6.0	0.0	0.0
0.0	38.0	0.0	0.0
0.0	3.0	0.0	2.0
0.0	3.0	0.0	0.0
0.0	0.0	0.0	2.0
1.0	11.0	0.0	9.0
1.0	10.0	0.0	1.0
1.0	0.0	0.0	0.0
0.0	10.0	0.0	1.0
0.0	2.0	0.0	1.0
0.0	2.0	0.0	0.0
0.0	0.0	0.0	1.0
0.0	8.0	0.0	0.0
0.0	1.0	0.0	8.0
0.0	1.0	0.0	0.0
0.0	0.0	0.0	8.0
16.0	105.0	0.0	60.0
16.0	98.0	0.0	29.0
14.0	96.0	0.0	20.0
8.0	4.0	0.0	5.0
8.0	1.0	0.0	0.0
8.0	0.0	0.0	0.0
0.0	1.0	0.0	0.0
0.0	3.0	0.0	5.0
0.0	3.0	0.0	0.0
0.0	0.0	0.0	5.0
6.0	92.0	0.0	15.0
3.0	77.0	0.0	6.0
1.0	77.0	0.0	5.0
0.0	8.0	0.0	4.0
0.0	0.0	0.0	4.0
0.0	8.0	0.0	0.0
1.0	69.0	0.0	1.0
1.0	3.0	0.0	0.0
1.0	0.0	0.0	0.0
0.0	3.0	0.0	0.0
0.0	66.0	0.0	1.0
0.0	54.0	0.0	0.0
0.0	12.0	0.0	1.0
0.0	12.0	0.0	0.0
0.0	0.0	0.0	1.0
2.0	0.0	0.0	1.0
2.0	0.0	0.0	0.0
0.0	0.0	0.0	1.0
3.0	15.0	0.0	9.0
3.0	14.0	0.0	1.0
3.0	1.0	0.0	0.0
0.0	1.0	0.0	0.0
3.0	0.0	0.0	0.0
0.0	13.0	0.0	1.0
0.0	0.0	0.0	1.0
0.0	13.0	0.0	0.0
0.0	1.0	0.0	8.0
0.0	0.0	0.0	8.0
0.0	1.0	0.0	0.0
2.0	2.0	0.0	9.0
2.0	2.0	0.0	0.0
2.0	0.0	0.0	0.0
0.0	2.0	0.0	0.0
0.0	0.0	0.0	9.0
0.0	7.0	0.0	31.0
0.0	7.0	0.0	0.0
0.0	0.0	0.0	31.0
4.0	133.0	0.0	166.0
4.0	62.0	0.0	144.0
2.0	19.0	0.0	1.0
1.0	0.0	0.0	1.0
1.0	0.0	0.0	0.0
0.0	0.0	0.0	1.0
1.0	19.0	0.0	0.0
0.0	15.0	0.0	0.0
1.0	4.0	0.0	0.0
0.0	4.0	0.0	0.0
1.0	0.0	0.0	0.0
2.0	43.0	0.0	143.0
0.0	7.0	0.0	95.0
0.0	0.0	0.0	87.0
0.0	7.0	0.0	8.0
0.0	5.0	0.0	0.0
0.0	2.0	0.0	8.0
0.0	1.0	0.0	0.0
0.0	1.0	0.0	8.0
0.0	1.0	0.0	2.0
0.0	0.0	0.0	2.0
0.0	1.0	0.0	0.0
0.0	0.0	0.0	6.0
2.0	36.0	0.0	48.0
2.0	30.0	0.0	21.0
0.0	17.0	0.0	3.0
0.0	16.0	0.0	0.0
0.0	1.0	0.0	3.0
0.0	0.0	0.0	3.0
0.0	1.0	0.0	0.0
2.0	13.0	0.0	18.0
2.0	13.0	0.0	7.0
0.0	0.0	0.0	5.0
2.0	13.0	0.0	2.0
0.0	0.0	0.0	2.0
2.0	13.0	0.0	0.0
0.0	13.0	0.0	0.0
2.0	0.0	0.0	0.0
0.0	0.0	0.0	11.0
0.0	6.0	0.0	27.0
0.0	2.0	0.0	27.0
0.0	1.0	0.0	0.0
0.0	1.0	0.0	27.0
0.0	1.0	0.0	0.0
0.0	0.0	0.0	27.0
0.0	4.0	0.0	0.0
0.0	71.0	0.0	22.0
0.0	69.0	0.0	9.0
0.0	1.0	0.0	3.0
0.0	1.0	0.0	0.0
0.0	0.0	0.0	3.0
0.0	68.0	0.0	6.0
0.0	63.0	0.0	1.0
0.0	55.0	0.0	0.0
0.0	8.0	0.0	1.0
0.0	0.0	0.0	1.0
0.0	8.0	0.0	0.0
0.0	5.0	0.0	5.0
0.0	5.0	0.0	0.0
0.0	0.0	0.0	5.0
0.0	2.0	0.0	13.0
0.0	2.0	0.0	0.0
0.0	0.0	0.0	13.0
0.0	326.0	2.0	2.0
0.0	0.0	0.0	1.0
0.0	326.0	2.0	1.0
0.0	0.0	1.0	0.0
0.0	326.0	1.0	1.0
0.0	326.0	0.0	1.0
0.0	7.0	0.0	1.0
0.0	0.0	0.0	1.0
0.0	7.0	0.0	0.0
0.0	319.0	0.0	0.0
0.0	0.0	1.0	0.0
