# Sizes (NFeatures, Nclasses, NodeCount, MaxDepth)
14	4	229	16
# Classes
0.0	1.0	2.0	3.0
# Feature Names
Nrows	Ncols	Nnnz	AvgNnnz	Density	MaxRowNnnz	MinRowNnnz	StdRowNnnz	NDiags	NTrueDiags	AvgNnnzDia	AvgNnnzELL	AvgNnnzHyb	AvgNnnzHdc
# Left
1	2	3	4	5	-1	-1	-1	9	10	11	-1	-1	-1	15	-1	17	-1	-1	20	21	22	23	24	-1	-1	-1	-1	-1	-1	31	32	33	34	-1	-1	37	38	-1	40	41	-1	-1	-1	-1	46	47	48	49	-1	51	-1	53	54	-1	-1	-1	58	59	60	-1	-1	-1	64	65	66	-1	68	-1	-1	-1	72	-1	-1	75	-1	-1	78	79	80	81	-1	83	84	-1	-1	-1	-1	89	90	91	-1	93	94	-1	-1	-1	98	-1	100	-1	-1	103	104	-1	-1	107	108	-1	110	-1	-1	-1	114	115	116	117	118	119	-1	121	-1	-1	124	125	-1	127	-1	-1	130	131	-1	-1	-1	-1	136	137	138	-1	-1	-1	-1	-1	-1	145	146	147	148	149	150	151	-1	-1	-1	-1	156	157	158	-1	160	161	-1	-1	164	-1	-1	167	168	169	170	171	-1	173	-1	175	-1	-1	-1	179	-1	-1	182	183	-1	185	-1	187	-1	-1	190	191	192	-1	194	195	-1	-1	-1	-1	200	-1	-1	203	-1	-1	206	-1	208	-1	210	-1	-1	213	214	-1	-1	-1	218	219	220	-1	-1	223	224	-1	-1	-1	-1	-1
# Right
30	19	8	7	6	-1	-1	-1	14	13	12	-1	-1	-1	16	-1	18	-1	-1	29	28	27	26	25	-1	-1	-1	-1	-1	-1	144	45	36	35	-1	-1	44	39	-1	43	42	-1	-1	-1	-1	77	74	57	50	-1	52	-1	56	55	-1	-1	-1	63	62	61	-1	-1	-1	71	70	67	-1	69	-1	-1	-1	73	-1	-1	76	-1	-1	113	88	87	82	-1	86	85	-1	-1	-1	-1	102	97	92	-1	96	95	-1	-1	-1	99	-1	101	-1	-1	106	105	-1	-1	112	109	-1	111	-1	-1	-1	143	142	135	134	123	120	-1	122	-1	-1	129	126	-1	128	-1	-1	133	132	-1	-1	-1	-1	141	140	139	-1	-1	-1	-1	-1	-1	228	217	212	155	154	153	152	-1	-1	-1	-1	205	166	159	-1	163	162	-1	-1	165	-1	-1	202	181	178	177	172	-1	174	-1	176	-1	-1	-1	180	-1	-1	189	184	-1	186	-1	188	-1	-1	199	198	193	-1	197	196	-1	-1	-1	-1	201	-1	-1	204	-1	-1	207	-1	209	-1	211	-1	-1	216	215	-1	-1	-1	227	222	221	-1	-1	226	225	-1	-1	-1	-1	-1
# Threshold
5.699335098266602	0.6167064905166626	2.5	0.675372987985611	0.6299470067024231	-2.0	-2.0	-2.0	4.918789863586426	2490.0	0.6547045111656189	-2.0	-2.0	-2.0	5.259850025177002	-2.0	9456.5	-2.0	-2.0	0.996749997138977	2647994.0	7.5	0.41227999329566956	0.8154884874820709	-2.0	-2.0	-2.0	-2.0	-2.0	-2.0	3.5	0.3386960029602051	6.114199876785278	0.504710990935564	-2.0	-2.0	2282.0499877929688	1.4485250115394592	-2.0	7400.0	0.7051524817943573	-2.0	-2.0	-2.0	-2.0	6.868685007095337	274966.0	370.5	2.565845012664795	-2.0	3.6624748706817627	-2.0	0.4565669894218445	0.02905899938195944	-2.0	-2.0	-2.0	1.5	0.38892850279808044	0.0010710500064305961	-2.0	-2.0	-2.0	5.087949991226196	0.3552429974079132	6.569975084858015e-05	-2.0	286963.5	-2.0	-2.0	-2.0	0.9354720115661621	-2.0	-2.0	0.003131339020910673	-2.0	-2.0	1.5	3300.5	0.05164000019431114	213.5	-2.0	0.056096600368618965	1491.0	-2.0	-2.0	-2.0	-2.0	35108.5	7489.0	0.4918774962425232	-2.0	237.0	25.98194980621338	-2.0	-2.0	-2.0	0.8625010251998901	-2.0	0.5	-2.0	-2.0	15.670349597930908	0.5	-2.0	-2.0	3.06211495626485e-05	1228463.5	-2.0	0.6140390038490295	-2.0	-2.0	-2.0	7054280.0	0.9936089813709259	23.814599990844727	229.45149993896484	7.382740020751953	7.051599979400635	-2.0	0.007443745038472116	-2.0	-2.0	31.5	3.4276899099349976	-2.0	21075.5	-2.0	-2.0	9.077450275421143	7.8718101978302	-2.0	-2.0	-2.0	-2.0	126.17024612426758	0.6620284914970398	59.82940101623535	-2.0	-2.0	-2.0	-2.0	-2.0	-2.0	0.7336834967136383	13.5	32.72224998474121	42.0	0.4197959899902344	1.4086000323295593	1898.5	-2.0	-2.0	-2.0	-2.0	9.5	0.3198534995317459	0.5	-2.0	524.5	0.4900680035352707	-2.0	-2.0	0.3168894946575165	-2.0	-2.0	0.6285894811153412	378.0	8.461889743804932	0.5443654954433441	5.98904013633728	-2.0	0.4451275020837784	-2.0	2.0	-2.0	-2.0	-2.0	0.49691349267959595	-2.0	-2.0	0.8898580074310303	0.8370610177516937	-2.0	14.837900638580322	-2.0	20.02530002593994	-2.0	-2.0	35.501901626586914	2.3313350677490234	1.2162649631500244	-2.0	1.69725501537323	1.5590400099754333	-2.0	-2.0	-2.0	-2.0	737977.0	-2.0	-2.0	17.60414981842041	-2.0	-2.0	41.0	-2.0	20.039949417114258	-2.0	0.8238535225391388	-2.0	-2.0	2038050.0	0.003701190114952624	-2.0	-2.0	-2.0	41396.5	32.5	31.5	-2.0	-2.0	628.0	548.0	-2.0	-2.0	-2.0	-2.0	-2.0
# Feature
3	10	6	12	12	-2	-2	-2	3	2	7	-2	-2	-2	3	-2	1	-2	-2	10	2	8	13	11	-2	-2	-2	-2	-2	-2	9	13	7	11	-2	-2	7	12	-2	0	11	-2	-2	-2	-2	3	8	8	7	-2	7	-2	13	10	-2	-2	-2	6	13	10	-2	-2	-2	7	13	4	-2	2	-2	-2	-2	12	-2	-2	11	-2	-2	6	8	10	0	-2	11	0	-2	-2	-2	-2	8	0	12	-2	5	7	-2	-2	-2	13	-2	6	-2	-2	7	6	-2	-2	10	8	-2	12	-2	-2	-2	2	11	3	7	3	3	-2	11	-2	-2	5	7	-2	2	-2	-2	3	7	-2	-2	-2	-2	7	11	3	-2	-2	-2	-2	-2	-2	10	9	7	8	13	12	1	-2	-2	-2	-2	6	13	6	-2	2	11	-2	-2	13	-2	-2	13	8	3	13	3	-2	13	-2	6	-2	-2	-2	11	-2	-2	12	12	-2	7	-2	7	-2	-2	3	7	12	-2	12	12	-2	-2	-2	-2	0	-2	-2	3	-2	-2	5	-2	3	-2	13	-2	-2	2	10	-2	-2	-2	5	8	8	-2	-2	1	1	-2	-2	-2	-2	-2
# Values
466.0	716.0	49.0	284.0
416.0	5.0	18.0	10.0
396.0	5.0	0.0	6.0
368.0	2.0	0.0	0.0
33.0	2.0	0.0	0.0
33.0	0.0	0.0	0.0
0.0	2.0	0.0	0.0
335.0	0.0	0.0	0.0
28.0	3.0	0.0	6.0
26.0	0.0	0.0	2.0
1.0	0.0	0.0	2.0
1.0	0.0	0.0	0.0
0.0	0.0	0.0	2.0
25.0	0.0	0.0	0.0
2.0	3.0	0.0	4.0
0.0	0.0	0.0	4.0
2.0	3.0	0.0	0.0
0.0	3.0	0.0	0.0
2.0	0.0	0.0	0.0
20.0	0.0	18.0	4.0
1.0	0.0	18.0	4.0
1.0	0.0	18.0	1.0
1.0	0.0	18.0	0.0
1.0	0.0	3.0	0.0
0.0	0.0	3.0	0.0
1.0	0.0	0.0	0.0
0.0	0.0	15.0	0.0
0.0	0.0	0.0	1.0
0.0	0.0	0.0	3.0
19.0	0.0	0.0	0.0
50.0	711.0	31.0	274.0
30.0	213.0	0.0	218.0
1.0	99.0	0.0	6.0
1.0	0.0	0.0	2.0
1.0	0.0	0.0	0.0
0.0	0.0	0.0	2.0
0.0	99.0	0.0	4.0
0.0	99.0	0.0	2.0
0.0	94.0	0.0	0.0
0.0	5.0	0.0	2.0
0.0	5.0	0.0	1.0
0.0	4.0	0.0	1.0
0.0	1.0	0.0	0.0
0.0	0.0	0.0	1.0
0.0	0.0	0.0	2.0
29.0	114.0	0.0	212.0
23.0	41.0	0.0	15.0
11.0	41.0	0.0	13.0
1.0	7.0	0.0	9.0
0.0	5.0	0.0	0.0
1.0	2.0	0.0	9.0
0.0	0.0	0.0	6.0
1.0	2.0	0.0	3.0
0.0	2.0	0.0	3.0
0.0	2.0	0.0	2.0
0.0	0.0	0.0	1.0
1.0	0.0	0.0	0.0
10.0	34.0	0.0	4.0
2.0	22.0	0.0	0.0
2.0	2.0	0.0	0.0
0.0	2.0	0.0	0.0
2.0	0.0	0.0	0.0
0.0	20.0	0.0	0.0
8.0	12.0	0.0	4.0
1.0	12.0	0.0	2.0
1.0	2.0	0.0	2.0
0.0	2.0	0.0	0.0
1.0	0.0	0.0	2.0
1.0	0.0	0.0	0.0
0.0	0.0	0.0	2.0
0.0	10.0	0.0	0.0
7.0	0.0	0.0	2.0
0.0	0.0	0.0	2.0
7.0	0.0	0.0	0.0
12.0	0.0	0.0	2.0
0.0	0.0	0.0	2.0
12.0	0.0	0.0	0.0
6.0	73.0	0.0	197.0
6.0	45.0	0.0	39.0
0.0	25.0	0.0	5.0
0.0	25.0	0.0	3.0
0.0	0.0	0.0	1.0
0.0	25.0	0.0	2.0
0.0	2.0	0.0	2.0
0.0	0.0	0.0	2.0
0.0	2.0	0.0	0.0
0.0	23.0	0.0	0.0
0.0	0.0	0.0	2.0
6.0	20.0	0.0	34.0
0.0	5.0	0.0	27.0
0.0	4.0	0.0	5.0
0.0	2.0	0.0	0.0
0.0	2.0	0.0	5.0
0.0	2.0	0.0	2.0
0.0	1.0	0.0	1.0
0.0	1.0	0.0	1.0
0.0	0.0	0.0	3.0
0.0	1.0	0.0	22.0
0.0	0.0	0.0	21.0
0.0	1.0	0.0	1.0
0.0	0.0	0.0	1.0
0.0	1.0	0.0	0.0
6.0	15.0	0.0	7.0
4.0	0.0	0.0	4.0
4.0	0.0	0.0	0.0
0.0	0.0	0.0	4.0
2.0	15.0	0.0	3.0
2.0	2.0	0.0	3.0
0.0	0.0	0.0	3.0
2.0	2.0	0.0	0.0
0.0	2.0	0.0	0.0
2.0	0.0	0.0	0.0
0.0	13.0	0.0	0.0
0.0	28.0	0.0	158.0
0.0	22.0	0.0	158.0
0.0	19.0	0.0	158.0
0.0	13.0	0.0	152.0
0.0	11.0	0.0	152.0
0.0	6.0	0.0	12.0
0.0	0.0	0.0	11.0
0.0	6.0	0.0	1.0
0.0	0.0	0.0	1.0
0.0	6.0	0.0	0.0
0.0	5.0	0.0	140.0
0.0	3.0	0.0	8.0
0.0	0.0	0.0	7.0
0.0	3.0	0.0	1.0
0.0	0.0	0.0	1.0
0.0	3.0	0.0	0.0
0.0	2.0	0.0	132.0
0.0	2.0	0.0	22.0
0.0	2.0	0.0	0.0
0.0	0.0	0.0	22.0
0.0	0.0	0.0	110.0
0.0	2.0	0.0	0.0
0.0	6.0	0.0	6.0
0.0	6.0	0.0	3.0
0.0	6.0	0.0	1.0
0.0	6.0	0.0	0.0
0.0	0.0	0.0	1.0
0.0	0.0	0.0	2.0
0.0	0.0	0.0	3.0
0.0	3.0	0.0	0.0
0.0	6.0	0.0	0.0
20.0	498.0	31.0	56.0
20.0	498.0	0.0	56.0
20.0	190.0	0.0	53.0
20.0	183.0	0.0	31.0
7.0	5.0	0.0	5.0
7.0	5.0	0.0	0.0
7.0	1.0	0.0	0.0
7.0	0.0	0.0	0.0
0.0	1.0	0.0	0.0
0.0	4.0	0.0	0.0
0.0	0.0	0.0	5.0
13.0	178.0	0.0	26.0
13.0	163.0	0.0	16.0
7.0	11.0	0.0	0.0
4.0	0.0	0.0	0.0
3.0	11.0	0.0	0.0
2.0	1.0	0.0	0.0
2.0	0.0	0.0	0.0
0.0	1.0	0.0	0.0
1.0	10.0	0.0	0.0
0.0	10.0	0.0	0.0
1.0	0.0	0.0	0.0
6.0	152.0	0.0	16.0
6.0	150.0	0.0	13.0
4.0	33.0	0.0	8.0
4.0	30.0	0.0	0.0
2.0	30.0	0.0	0.0
1.0	0.0	0.0	0.0
1.0	30.0	0.0	0.0
0.0	27.0	0.0	0.0
1.0	3.0	0.0	0.0
1.0	0.0	0.0	0.0
0.0	3.0	0.0	0.0
2.0	0.0	0.0	0.0
0.0	3.0	0.0	8.0
0.0	3.0	0.0	0.0
0.0	0.0	0.0	8.0
2.0	117.0	0.0	5.0
2.0	12.0	0.0	2.0
0.0	11.0	0.0	0.0
2.0	1.0	0.0	2.0
2.0	0.0	0.0	0.0
0.0	1.0	0.0	2.0
0.0	0.0	0.0	2.0
0.0	1.0	0.0	0.0
0.0	105.0	0.0	3.0
0.0	103.0	0.0	2.0
0.0	40.0	0.0	2.0
0.0	0.0	0.0	1.0
0.0	40.0	0.0	1.0
0.0	3.0	0.0	1.0
0.0	3.0	0.0	0.0
0.0	0.0	0.0	1.0
0.0	37.0	0.0	0.0
0.0	63.0	0.0	0.0
0.0	2.0	0.0	1.0
0.0	2.0	0.0	0.0
0.0	0.0	0.0	1.0
0.0	2.0	0.0	3.0
0.0	0.0	0.0	3.0
0.0	2.0	0.0	0.0
0.0	15.0	0.0	10.0
0.0	0.0	0.0	8.0
0.0	15.0	0.0	2.0
0.0	0.0	0.0	1.0
0.0	15.0	0.0	1.0
0.0	15.0	0.0	0.0
0.0	0.0	0.0	1.0
0.0	7.0	0.0	22.0
0.0	7.0	0.0	2.0
0.0	7.0	0.0	0.0
0.0	0.0	0.0	2.0
0.0	0.0	0.0	20.0
0.0	308.0	0.0	3.0
0.0	308.0	0.0	2.0
0.0	6.0	0.0	1.0
0.0	6.0	0.0	0.0
0.0	0.0	0.0	1.0
0.0	302.0	0.0	1.0
0.0	19.0	0.0	1.0
0.0	19.0	0.0	0.0
0.0	0.0	0.0	1.0
0.0	283.0	0.0	0.0
0.0	0.0	0.0	1.0
0.0	0.0	31.0	0.0
