# Sizes (NFeatures, Nclasses, NodeCount, MaxDepth)
14	4	213	17
# Classes
0.0	1.0	2.0	3.0
# Feature Names
Nrows	Ncols	Nnnz	AvgNnnz	Density	MaxRowNnnz	MinRowNnnz	StdRowNnnz	NDiags	NTrueDiags	AvgNnnzDia	AvgNnnzELL	AvgNnnzHyb	AvgNnnzHdc
# Left
1	2	3	4	5	6	7	-1	9	-1	-1	-1	13	-1	15	-1	-1	18	-1	-1	-1	22	23	-1	25	-1	-1	28	-1	-1	31	32	33	-1	35	36	37	38	-1	40	-1	42	-1	-1	45	-1	-1	48	49	50	51	-1	-1	54	-1	56	-1	-1	59	60	-1	62	63	-1	-1	-1	67	68	69	-1	-1	-1	-1	74	-1	76	-1	-1	79	-1	-1	82	83	84	85	86	-1	-1	-1	90	91	-1	93	-1	-1	-1	97	-1	-1	100	101	102	103	104	105	-1	-1	108	109	110	-1	-1	113	-1	115	-1	-1	-1	119	120	-1	-1	-1	-1	-1	126	127	128	-1	130	-1	132	-1	-1	135	-1	137	-1	-1	140	141	142	-1	-1	145	146	-1	-1	-1	150	151	152	-1	-1	155	156	157	158	-1	-1	161	-1	163	164	-1	-1	167	-1	169	-1	171	-1	-1	-1	175	-1	177	178	-1	180	181	-1	-1	-1	-1	186	-1	-1	189	190	191	-1	193	194	-1	-1	197	-1	-1	200	-1	-1	203	204	-1	206	207	-1	209	-1	-1	-1	-1
# Right
30	21	20	17	12	11	8	-1	10	-1	-1	-1	14	-1	16	-1	-1	19	-1	-1	-1	27	24	-1	26	-1	-1	29	-1	-1	188	81	34	-1	78	47	44	39	-1	41	-1	43	-1	-1	46	-1	-1	73	58	53	52	-1	-1	55	-1	57	-1	-1	66	61	-1	65	64	-1	-1	-1	72	71	70	-1	-1	-1	-1	75	-1	77	-1	-1	80	-1	-1	99	96	89	88	87	-1	-1	-1	95	92	-1	94	-1	-1	-1	98	-1	-1	125	124	123	118	107	106	-1	-1	117	112	111	-1	-1	114	-1	116	-1	-1	-1	122	121	-1	-1	-1	-1	-1	139	134	129	-1	131	-1	133	-1	-1	136	-1	138	-1	-1	149	144	143	-1	-1	148	147	-1	-1	-1	185	154	153	-1	-1	174	173	160	159	-1	-1	162	-1	166	165	-1	-1	168	-1	170	-1	172	-1	-1	-1	176	-1	184	179	-1	183	182	-1	-1	-1	-1	187	-1	-1	202	199	192	-1	196	195	-1	-1	198	-1	-1	201	-1	-1	212	205	-1	211	208	-1	210	-1	-1	-1	-1
# Threshold
5.688539981842041	0.6167064905166626	4.5	5.612450122833252	2.5	0.6768459975719452	0.003987020114436746	-2.0	0.5854040086269379	-2.0	-2.0	-2.0	0.5021824985742569	-2.0	4.547975063323975	-2.0	-2.0	218.5	-2.0	-2.0	-2.0	3798.0	0.4409864991903305	-2.0	0.9288890063762665	-2.0	-2.0	6.5	-2.0	-2.0	10.5	6.9790449142456055	9.0	-2.0	18.680250644683838	2.56181001663208	16793350.0	1.5941449999809265	-2.0	0.6212185025215149	-2.0	21370.5	-2.0	-2.0	10470480.0	-2.0	-2.0	0.6391384899616241	1.5	0.004505944903939962	177.5	-2.0	-2.0	5.06003999710083	-2.0	0.36706648766994476	-2.0	-2.0	6.6374900341033936	85.0	-2.0	981.5	125.5	-2.0	-2.0	-2.0	0.01625995012000203	5.171814918518066	57050.0	-2.0	-2.0	-2.0	-2.0	0.003693549952004105	-2.0	0.2857054993510246	-2.0	-2.0	3.4027500078082085e-05	-2.0	-2.0	0.34349898993968964	21.0	0.40194299817085266	3.995394945377484e-05	3.558859862096142e-05	-2.0	-2.0	-2.0	0.005348904931452125	7.498914957046509	-2.0	8.5	-2.0	-2.0	-2.0	0.7051524817943573	-2.0	-2.0	28.5	0.870274007320404	3.6100000143051147	0.85343998670578	6.573474820470437e-05	514629.5	-2.0	-2.0	15852.0	3.5	213.5	-2.0	-2.0	2.3232001066207886	-2.0	0.5088270157575607	-2.0	-2.0	-2.0	4.5	0.6129565089941025	-2.0	-2.0	-2.0	-2.0	-2.0	0.5	0.40500999987125397	310832.5	-2.0	13.112949848175049	-2.0	1.42971695140659e-05	-2.0	-2.0	752162.0	-2.0	3.761484980583191	-2.0	-2.0	0.00019206949946237728	0.005197614897042513	9.957429885864258	-2.0	-2.0	3.5	3.1539550036541186e-05	-2.0	-2.0	-2.0	8.0	7.38998007774353	2800.5	-2.0	-2.0	21.766950607299805	0.8711625039577484	0.0017918149824254215	7327.5	-2.0	-2.0	0.5303170084953308	-2.0	9.592905044555664	8.405100107192993	-2.0	-2.0	0.5509314835071564	-2.0	5.0	-2.0	14979.5	-2.0	-2.0	-2.0	23.515350341796875	-2.0	61.8450984954834	0.6840309798717499	-2.0	1.1121950149536133	0.002763689961284399	-2.0	-2.0	-2.0	-2.0	73.0	-2.0	-2.0	15.5	29.81029987335205	0.5965614914894104	-2.0	4.169719934463501	0.6432630121707916	-2.0	-2.0	0.0006407035107258707	-2.0	-2.0	4.0	-2.0	-2.0	4474555.0	21.5	-2.0	16618.0	11.5	-2.0	9639.0	-2.0	-2.0	-2.0	-2.0
# Feature
3	10	6	3	6	12	11	-2	12	-2	-2	-2	13	-2	3	-2	-2	5	-2	-2	-2	2	7	-2	11	-2	-2	8	-2	-2	9	3	8	-2	7	7	2	7	-2	11	-2	2	-2	-2	1	-2	-2	13	9	10	5	-2	-2	7	-2	13	-2	-2	3	8	-2	2	8	-2	-2	-2	10	7	8	-2	-2	-2	-2	10	-2	11	-2	-2	4	-2	-2	13	6	11	10	10	-2	-2	-2	4	3	-2	9	-2	-2	-2	11	-2	-2	5	10	7	11	10	8	-2	-2	8	6	0	-2	-2	7	-2	13	-2	-2	-2	6	7	-2	-2	-2	-2	-2	6	13	2	-2	3	-2	4	-2	-2	1	-2	7	-2	-2	10	11	3	-2	-2	6	10	-2	-2	-2	9	3	0	-2	-2	3	13	11	5	-2	-2	13	-2	3	3	-2	-2	13	-2	9	-2	1	-2	-2	-2	3	-2	3	12	-2	12	4	-2	-2	-2	-2	5	-2	-2	9	7	11	-2	7	11	-2	-2	4	-2	-2	6	-2	-2	1	8	-2	2	6	-2	2	-2	-2	-2	-2
# Values
474.0	719.0	47.0	275.0
417.0	4.0	21.0	6.0
396.0	4.0	0.0	2.0
396.0	3.0	0.0	2.0
394.0	2.0	0.0	2.0
383.0	2.0	0.0	0.0
23.0	2.0	0.0	0.0
22.0	0.0	0.0	0.0
1.0	2.0	0.0	0.0
1.0	0.0	0.0	0.0
0.0	2.0	0.0	0.0
360.0	0.0	0.0	0.0
11.0	0.0	0.0	2.0
10.0	0.0	0.0	0.0
1.0	0.0	0.0	2.0
1.0	0.0	0.0	0.0
0.0	0.0	0.0	2.0
2.0	1.0	0.0	0.0
0.0	1.0	0.0	0.0
2.0	0.0	0.0	0.0
0.0	1.0	0.0	0.0
21.0	0.0	21.0	4.0
21.0	0.0	2.0	0.0
20.0	0.0	0.0	0.0
1.0	0.0	2.0	0.0
1.0	0.0	0.0	0.0
0.0	0.0	2.0	0.0
0.0	0.0	19.0	4.0
0.0	0.0	19.0	0.0
0.0	0.0	0.0	4.0
57.0	715.0	26.0	269.0
54.0	339.0	25.0	247.0
41.0	181.0	17.0	17.0
0.0	0.0	17.0	0.0
41.0	181.0	0.0	17.0
41.0	99.0	0.0	16.0
6.0	70.0	0.0	5.0
1.0	69.0	0.0	5.0
0.0	59.0	0.0	0.0
1.0	10.0	0.0	5.0
0.0	10.0	0.0	0.0
1.0	0.0	0.0	5.0
1.0	0.0	0.0	0.0
0.0	0.0	0.0	5.0
5.0	1.0	0.0	0.0
5.0	0.0	0.0	0.0
0.0	1.0	0.0	0.0
35.0	29.0	0.0	11.0
32.0	12.0	0.0	10.0
3.0	9.0	0.0	4.0
2.0	0.0	0.0	3.0
0.0	0.0	0.0	3.0
2.0	0.0	0.0	0.0
1.0	9.0	0.0	1.0
1.0	0.0	0.0	0.0
0.0	9.0	0.0	1.0
0.0	2.0	0.0	1.0
0.0	7.0	0.0	0.0
29.0	3.0	0.0	6.0
26.0	1.0	0.0	1.0
0.0	1.0	0.0	0.0
26.0	0.0	0.0	1.0
3.0	0.0	0.0	1.0
3.0	0.0	0.0	0.0
0.0	0.0	0.0	1.0
23.0	0.0	0.0	0.0
3.0	2.0	0.0	5.0
0.0	2.0	0.0	5.0
0.0	2.0	0.0	1.0
0.0	2.0	0.0	0.0
0.0	0.0	0.0	1.0
0.0	0.0	0.0	4.0
3.0	0.0	0.0	0.0
3.0	17.0	0.0	1.0
3.0	0.0	0.0	0.0
0.0	17.0	0.0	1.0
0.0	17.0	0.0	0.0
0.0	0.0	0.0	1.0
0.0	82.0	0.0	1.0
0.0	0.0	0.0	1.0
0.0	82.0	0.0	0.0
13.0	158.0	8.0	230.0
2.0	64.0	0.0	18.0
2.0	62.0	0.0	9.0
0.0	56.0	0.0	1.0
0.0	6.0	0.0	1.0
0.0	6.0	0.0	0.0
0.0	0.0	0.0	1.0
0.0	50.0	0.0	0.0
2.0	6.0	0.0	8.0
2.0	6.0	0.0	2.0
0.0	0.0	0.0	2.0
2.0	6.0	0.0	0.0
0.0	6.0	0.0	0.0
2.0	0.0	0.0	0.0
0.0	0.0	0.0	6.0
0.0	2.0	0.0	9.0
0.0	0.0	0.0	9.0
0.0	2.0	0.0	0.0
11.0	94.0	8.0	212.0
5.0	44.0	8.0	29.0
5.0	44.0	0.0	29.0
5.0	26.0	0.0	29.0
5.0	15.0	0.0	28.0
5.0	1.0	0.0	0.0
5.0	0.0	0.0	0.0
0.0	1.0	0.0	0.0
0.0	14.0	0.0	28.0
0.0	14.0	0.0	16.0
0.0	12.0	0.0	2.0
0.0	0.0	0.0	2.0
0.0	12.0	0.0	0.0
0.0	2.0	0.0	14.0
0.0	0.0	0.0	11.0
0.0	2.0	0.0	3.0
0.0	2.0	0.0	0.0
0.0	0.0	0.0	3.0
0.0	0.0	0.0	12.0
0.0	11.0	0.0	1.0
0.0	1.0	0.0	1.0
0.0	1.0	0.0	0.0
0.0	0.0	0.0	1.0
0.0	10.0	0.0	0.0
0.0	18.0	0.0	0.0
0.0	0.0	8.0	0.0
6.0	50.0	0.0	183.0
5.0	13.0	0.0	5.0
5.0	2.0	0.0	2.0
0.0	0.0	0.0	2.0
5.0	2.0	0.0	0.0
4.0	0.0	0.0	0.0
1.0	2.0	0.0	0.0
1.0	0.0	0.0	0.0
0.0	2.0	0.0	0.0
0.0	11.0	0.0	3.0
0.0	10.0	0.0	0.0
0.0	1.0	0.0	3.0
0.0	1.0	0.0	0.0
0.0	0.0	0.0	3.0
1.0	37.0	0.0	178.0
1.0	12.0	0.0	13.0
0.0	1.0	0.0	9.0
0.0	0.0	0.0	9.0
0.0	1.0	0.0	0.0
1.0	11.0	0.0	4.0
1.0	11.0	0.0	0.0
1.0	0.0	0.0	0.0
0.0	11.0	0.0	0.0
0.0	0.0	0.0	4.0
0.0	25.0	0.0	165.0
0.0	19.0	0.0	162.0
0.0	4.0	0.0	2.0
0.0	0.0	0.0	2.0
0.0	4.0	0.0	0.0
0.0	15.0	0.0	160.0
0.0	6.0	0.0	142.0
0.0	5.0	0.0	142.0
0.0	1.0	0.0	2.0
0.0	1.0	0.0	0.0
0.0	0.0	0.0	2.0
0.0	4.0	0.0	140.0
0.0	0.0	0.0	106.0
0.0	4.0	0.0	34.0
0.0	2.0	0.0	1.0
0.0	0.0	0.0	1.0
0.0	2.0	0.0	0.0
0.0	2.0	0.0	33.0
0.0	1.0	0.0	0.0
0.0	1.0	0.0	33.0
0.0	0.0	0.0	32.0
0.0	1.0	0.0	1.0
0.0	0.0	0.0	1.0
0.0	1.0	0.0	0.0
0.0	1.0	0.0	0.0
0.0	9.0	0.0	18.0
0.0	4.0	0.0	0.0
0.0	5.0	0.0	18.0
0.0	3.0	0.0	18.0
0.0	1.0	0.0	0.0
0.0	2.0	0.0	18.0
0.0	2.0	0.0	5.0
0.0	0.0	0.0	5.0
0.0	2.0	0.0	0.0
0.0	0.0	0.0	13.0
0.0	2.0	0.0	0.0
0.0	6.0	0.0	3.0
0.0	0.0	0.0	3.0
0.0	6.0	0.0	0.0
3.0	376.0	1.0	22.0
3.0	75.0	0.0	18.0
3.0	72.0	0.0	7.0
0.0	59.0	0.0	0.0
3.0	13.0	0.0	7.0
3.0	11.0	0.0	0.0
3.0	0.0	0.0	0.0
0.0	11.0	0.0	0.0
0.0	2.0	0.0	7.0
0.0	0.0	0.0	7.0
0.0	2.0	0.0	0.0
0.0	3.0	0.0	11.0
0.0	3.0	0.0	0.0
0.0	0.0	0.0	11.0
0.0	301.0	1.0	4.0
0.0	301.0	1.0	2.0
0.0	0.0	1.0	0.0
0.0	301.0	0.0	2.0
0.0	25.0	0.0	2.0
0.0	24.0	0.0	0.0
0.0	1.0	0.0	2.0
0.0	1.0	0.0	0.0
0.0	0.0	0.0	2.0
0.0	276.0	0.0	0.0
0.0	0.0	0.0	2.0
