# Sizes (NFeatures, Nclasses, NodeCount, MaxDepth)
14	4	207	15
# Classes
0.0	1.0	2.0	3.0
# Feature Names
Nrows	Ncols	Nnnz	AvgNnnz	Density	MaxRowNnnz	MinRowNnnz	StdRowNnnz	NDiags	NTrueDiags	AvgNnnzDia	AvgNnnzELL	AvgNnnzHyb	AvgNnnzHdc
# Left
1	2	3	4	5	6	-1	8	-1	-1	11	12	-1	-1	-1	-1	17	-1	19	-1	-1	22	23	24	-1	26	-1	-1	29	-1	-1	32	33	-1	35	-1	-1	-1	39	40	41	42	43	44	-1	-1	47	-1	49	-1	-1	52	-1	54	55	56	-1	58	-1	-1	61	-1	-1	-1	65	-1	-1	68	69	-1	71	72	73	74	-1	76	77	78	79	-1	81	-1	-1	-1	85	-1	87	88	-1	-1	-1	-1	93	94	95	96	-1	-1	-1	-1	-1	102	103	-1	105	-1	-1	-1	109	110	-1	112	113	-1	-1	-1	-1	118	119	120	121	-1	-1	124	125	-1	127	128	129	-1	-1	-1	133	-1	-1	136	-1	-1	139	-1	141	-1	143	-1	-1	146	147	148	149	-1	151	-1	153	-1	-1	156	157	-1	159	160	161	162	-1	164	-1	-1	-1	-1	-1	170	-1	-1	173	174	175	-1	-1	178	-1	-1	181	182	-1	184	-1	-1	187	188	-1	-1	-1	192	193	-1	-1	-1	197	198	199	200	201	-1	-1	-1	-1	-1	-1
# Right
38	21	16	15	10	7	-1	9	-1	-1	14	13	-1	-1	-1	-1	18	-1	20	-1	-1	31	28	25	-1	27	-1	-1	30	-1	-1	37	34	-1	36	-1	-1	-1	196	67	64	51	46	45	-1	-1	48	-1	50	-1	-1	53	-1	63	60	57	-1	59	-1	-1	62	-1	-1	-1	66	-1	-1	117	70	-1	108	101	92	75	-1	91	84	83	80	-1	82	-1	-1	-1	86	-1	90	89	-1	-1	-1	-1	100	99	98	97	-1	-1	-1	-1	-1	107	104	-1	106	-1	-1	-1	116	111	-1	115	114	-1	-1	-1	-1	145	138	123	122	-1	-1	135	126	-1	132	131	130	-1	-1	-1	134	-1	-1	137	-1	-1	140	-1	142	-1	144	-1	-1	191	172	155	150	-1	152	-1	154	-1	-1	169	158	-1	168	167	166	163	-1	165	-1	-1	-1	-1	-1	171	-1	-1	180	177	176	-1	-1	179	-1	-1	186	183	-1	185	-1	-1	190	189	-1	-1	-1	195	194	-1	-1	-1	206	205	204	203	202	-1	-1	-1	-1	-1	-1
# Threshold
5.813870191574097	4.5	5.688539981842041	0.30709899961948395	13.424949645996094	5.398164987564087	-2.0	5.438434839248657	-2.0	-2.0	1890.5	0.5	-2.0	-2.0	-2.0	-2.0	5.711480140686035	-2.0	981.5	-2.0	-2.0	0.6553970277309418	0.488661989569664	8.0	-2.0	0.2982355058193207	-2.0	-2.0	0.009498595260083675	-2.0	-2.0	0.4966315031051636	6.5	-2.0	0.41227999329566956	-2.0	-2.0	-2.0	13.5	0.33732250332832336	16.0	0.0001327854988630861	14.183500289916992	16.742374420166016	-2.0	-2.0	4.0	-2.0	335.84000396728516	-2.0	-2.0	30.5	-2.0	2.2559449672698975	11.5	9.5	-2.0	1779.0	-2.0	-2.0	0.5	-2.0	-2.0	-2.0	33.86409950256348	-2.0	-2.0	33.5	14.0	-2.0	1.8476600050926208	4.333894968032837	2.5	34.0	-2.0	26.0	2.9593350887298584	0.00894313002936542	1.4958850145339966	-2.0	0.00010872570055653341	-2.0	-2.0	-2.0	116.0	-2.0	3.980774998664856	0.34290850162506104	-2.0	-2.0	-2.0	-2.0	11.927549839019775	1.6010550260543823	0.0009113265259657055	0.9429900050163269	-2.0	-2.0	-2.0	-2.0	-2.0	5.5	6.5	-2.0	9.0	-2.0	-2.0	-2.0	0.044083449989557266	3237645.0	-2.0	2.983505055453861e-05	2.5	-2.0	-2.0	-2.0	-2.0	0.0002546420000726357	262107.5	221908.5	56.0	-2.0	-2.0	1.972034990787506	6.001350164413452	-2.0	0.43349049985408783	10.32371997833252	2422.0	-2.0	-2.0	-2.0	4.5	-2.0	-2.0	69.0	-2.0	-2.0	2473930.0	-2.0	12346505.0	-2.0	671.5	-2.0	-2.0	8.0	1.5	0.9151780009269714	0.4471390098333359	-2.0	55.03579902648926	-2.0	9734.0	-2.0	-2.0	1.169510006904602	0.5596039891242981	-2.0	12901.0	0.00883781025186181	6565.0	2733.5	-2.0	0.43150651454925537	-2.0	-2.0	-2.0	-2.0	-2.0	43752.0	-2.0	-2.0	7.4739601612091064	7029.0	35.0	-2.0	-2.0	20307.0	-2.0	-2.0	41.56085014343262	0.5710159838199615	-2.0	1.0072230100631714	-2.0	-2.0	0.0030005950247868896	0.3995635062456131	-2.0	-2.0	-2.0	28.095999717712402	5038.5	-2.0	-2.0	-2.0	0.7582649886608124	29.5	13.5	2.0	0.004945812281221151	-2.0	-2.0	-2.0	-2.0	-2.0	-2.0
# Feature
3	9	3	4	7	3	-2	3	-2	-2	5	6	-2	-2	-2	-2	3	-2	2	-2	-2	10	13	9	-2	13	-2	-2	4	-2	-2	13	9	-2	13	-2	-2	-2	9	13	6	10	7	3	-2	-2	9	-2	7	-2	-2	0	-2	12	6	6	-2	8	-2	-2	9	-2	-2	-2	7	-2	-2	5	8	-2	12	7	6	8	-2	5	7	4	12	-2	4	-2	-2	-2	8	-2	7	11	-2	-2	-2	-2	3	12	4	7	-2	-2	-2	-2	-2	6	9	-2	9	-2	-2	-2	10	2	-2	4	6	-2	-2	-2	-2	4	8	2	5	-2	-2	12	3	-2	13	3	5	-2	-2	-2	6	-2	-2	5	-2	-2	2	-2	2	-2	5	-2	-2	9	6	12	12	-2	7	-2	1	-2	-2	12	13	-2	0	4	8	8	-2	11	-2	-2	-2	-2	-2	2	-2	-2	3	1	5	-2	-2	0	-2	-2	3	13	-2	12	-2	-2	10	13	-2	-2	-2	7	2	-2	-2	-2	10	5	6	6	4	-2	-2	-2	-2	-2	-2
# Values
471.0	750.0	40.0	254.0
425.0	11.0	13.0	11.0
387.0	8.0	1.0	1.0
380.0	5.0	1.0	0.0
380.0	5.0	0.0	0.0
348.0	1.0	0.0	0.0
338.0	0.0	0.0	0.0
10.0	1.0	0.0	0.0
0.0	1.0	0.0	0.0
10.0	0.0	0.0	0.0
32.0	4.0	0.0	0.0
2.0	4.0	0.0	0.0
0.0	4.0	0.0	0.0
2.0	0.0	0.0	0.0
30.0	0.0	0.0	0.0
0.0	0.0	1.0	0.0
7.0	3.0	0.0	1.0
0.0	3.0	0.0	0.0
7.0	0.0	0.0	1.0
0.0	0.0	0.0	1.0
7.0	0.0	0.0	0.0
38.0	3.0	12.0	10.0
37.0	3.0	0.0	9.0
36.0	3.0	0.0	0.0
34.0	0.0	0.0	0.0
2.0	3.0	0.0	0.0
2.0	0.0	0.0	0.0
0.0	3.0	0.0	0.0
1.0	0.0	0.0	9.0
0.0	0.0	0.0	7.0
1.0	0.0	0.0	2.0
1.0	0.0	12.0	1.0
1.0	0.0	12.0	0.0
0.0	0.0	9.0	0.0
1.0	0.0	3.0	0.0
1.0	0.0	0.0	0.0
0.0	0.0	3.0	0.0
0.0	0.0	0.0	1.0
46.0	739.0	27.0	243.0
46.0	397.0	21.0	239.0
6.0	148.0	0.0	11.0
6.0	144.0	0.0	5.0
5.0	16.0	0.0	2.0
5.0	1.0	0.0	0.0
5.0	0.0	0.0	0.0
0.0	1.0	0.0	0.0
0.0	15.0	0.0	2.0
0.0	14.0	0.0	0.0
0.0	1.0	0.0	2.0
0.0	0.0	0.0	2.0
0.0	1.0	0.0	0.0
1.0	128.0	0.0	3.0
1.0	0.0	0.0	0.0
0.0	128.0	0.0	3.0
0.0	128.0	0.0	2.0
0.0	127.0	0.0	1.0
0.0	122.0	0.0	0.0
0.0	5.0	0.0	1.0
0.0	0.0	0.0	1.0
0.0	5.0	0.0	0.0
0.0	1.0	0.0	1.0
0.0	1.0	0.0	0.0
0.0	0.0	0.0	1.0
0.0	0.0	0.0	1.0
0.0	4.0	0.0	6.0
0.0	4.0	0.0	0.0
0.0	0.0	0.0	6.0
40.0	249.0	21.0	228.0
27.0	127.0	21.0	34.0
0.0	0.0	21.0	0.0
27.0	127.0	0.0	34.0
24.0	58.0	0.0	28.0
24.0	30.0	0.0	25.0
24.0	12.0	0.0	12.0
0.0	0.0	0.0	6.0
24.0	12.0	0.0	6.0
24.0	7.0	0.0	6.0
3.0	4.0	0.0	4.0
0.0	4.0	0.0	4.0
0.0	3.0	0.0	0.0
0.0	1.0	0.0	4.0
0.0	1.0	0.0	0.0
0.0	0.0	0.0	4.0
3.0	0.0	0.0	0.0
21.0	3.0	0.0	2.0
0.0	3.0	0.0	0.0
21.0	0.0	0.0	2.0
21.0	0.0	0.0	1.0
0.0	0.0	0.0	1.0
21.0	0.0	0.0	0.0
0.0	0.0	0.0	1.0
0.0	5.0	0.0	0.0
0.0	18.0	0.0	13.0
0.0	18.0	0.0	5.0
0.0	18.0	0.0	2.0
0.0	1.0	0.0	2.0
0.0	1.0	0.0	0.0
0.0	0.0	0.0	2.0
0.0	17.0	0.0	0.0
0.0	0.0	0.0	3.0
0.0	0.0	0.0	8.0
0.0	28.0	0.0	3.0
0.0	28.0	0.0	2.0
0.0	24.0	0.0	0.0
0.0	4.0	0.0	2.0
0.0	0.0	0.0	2.0
0.0	4.0	0.0	0.0
0.0	0.0	0.0	1.0
3.0	69.0	0.0	6.0
3.0	69.0	0.0	3.0
0.0	63.0	0.0	0.0
3.0	6.0	0.0	3.0
3.0	6.0	0.0	0.0
3.0	0.0	0.0	0.0
0.0	6.0	0.0	0.0
0.0	0.0	0.0	3.0
0.0	0.0	0.0	3.0
13.0	122.0	0.0	194.0
10.0	50.0	0.0	16.0
4.0	48.0	0.0	10.0
3.0	1.0	0.0	0.0
0.0	1.0	0.0	0.0
3.0	0.0	0.0	0.0
1.0	47.0	0.0	10.0
1.0	45.0	0.0	6.0
1.0	0.0	0.0	0.0
0.0	45.0	0.0	6.0
0.0	12.0	0.0	5.0
0.0	1.0	0.0	5.0
0.0	1.0	0.0	0.0
0.0	0.0	0.0	5.0
0.0	11.0	0.0	0.0
0.0	33.0	0.0	1.0
0.0	33.0	0.0	0.0
0.0	0.0	0.0	1.0
0.0	2.0	0.0	4.0
0.0	2.0	0.0	0.0
0.0	0.0	0.0	4.0
6.0	2.0	0.0	6.0
6.0	0.0	0.0	0.0
0.0	2.0	0.0	6.0
0.0	0.0	0.0	5.0
0.0	2.0	0.0	1.0
0.0	0.0	0.0	1.0
0.0	2.0	0.0	0.0
3.0	72.0	0.0	178.0
3.0	43.0	0.0	162.0
2.0	26.0	0.0	36.0
0.0	15.0	0.0	8.0
0.0	0.0	0.0	7.0
0.0	15.0	0.0	1.0
0.0	13.0	0.0	0.0
0.0	2.0	0.0	1.0
0.0	2.0	0.0	0.0
0.0	0.0	0.0	1.0
2.0	11.0	0.0	28.0
0.0	8.0	0.0	28.0
0.0	0.0	0.0	16.0
0.0	8.0	0.0	12.0
0.0	8.0	0.0	5.0
0.0	8.0	0.0	3.0
0.0	4.0	0.0	3.0
0.0	2.0	0.0	0.0
0.0	2.0	0.0	3.0
0.0	2.0	0.0	2.0
0.0	0.0	0.0	1.0
0.0	4.0	0.0	0.0
0.0	0.0	0.0	2.0
0.0	0.0	0.0	7.0
2.0	3.0	0.0	0.0
2.0	0.0	0.0	0.0
0.0	3.0	0.0	0.0
1.0	17.0	0.0	126.0
1.0	9.0	0.0	9.0
0.0	2.0	0.0	9.0
0.0	2.0	0.0	0.0
0.0	0.0	0.0	9.0
1.0	7.0	0.0	0.0
0.0	7.0	0.0	0.0
1.0	0.0	0.0	0.0
0.0	8.0	0.0	117.0
0.0	3.0	0.0	107.0
0.0	0.0	0.0	94.0
0.0	3.0	0.0	13.0
0.0	0.0	0.0	13.0
0.0	3.0	0.0	0.0
0.0	5.0	0.0	10.0
0.0	5.0	0.0	1.0
0.0	5.0	0.0	0.0
0.0	0.0	0.0	1.0
0.0	0.0	0.0	9.0
0.0	29.0	0.0	16.0
0.0	29.0	0.0	1.0
0.0	0.0	0.0	1.0
0.0	29.0	0.0	0.0
0.0	0.0	0.0	15.0
0.0	342.0	6.0	4.0
0.0	342.0	0.0	4.0
0.0	31.0	0.0	4.0
0.0	31.0	0.0	1.0
0.0	1.0	0.0	1.0
0.0	0.0	0.0	1.0
0.0	1.0	0.0	0.0
0.0	30.0	0.0	0.0
0.0	0.0	0.0	3.0
0.0	311.0	0.0	0.0
0.0	0.0	6.0	0.0
