# Sizes (NFeatures, Nclasses, NodeCount, MaxDepth)
14	4	207	14
# Classes
0.0	1.0	2.0	3.0
# Feature Names
Nrows	Ncols	Nnnz	AvgNnnz	Density	MaxRowNnnz	MinRowNnnz	StdRowNnnz	NDiags	NTrueDiags	AvgNnnzDia	AvgNnnzELL	AvgNnnzHyb	AvgNnnzHdc
# Left
1	2	3	4	-1	6	-1	-1	9	-1	11	-1	13	-1	-1	16	17	18	-1	-1	-1	22	23	-1	25	-1	-1	-1	29	30	31	32	33	34	-1	36	-1	-1	-1	40	41	-1	43	-1	-1	46	47	-1	-1	-1	-1	52	53	54	55	56	57	58	-1	-1	61	62	-1	-1	65	-1	-1	68	69	-1	71	-1	73	74	-1	-1	77	78	-1	-1	-1	-1	83	84	-1	86	87	88	-1	-1	-1	-1	93	94	-1	-1	-1	98	99	-1	101	102	-1	-1	-1	106	-1	-1	109	110	111	112	113	114	115	-1	117	-1	119	-1	-1	-1	123	-1	-1	126	127	-1	129	-1	-1	132	-1	134	-1	136	-1	-1	-1	140	-1	142	-1	144	145	-1	-1	-1	149	150	151	152	-1	154	-1	-1	157	-1	-1	160	161	-1	163	164	-1	166	-1	-1	169	-1	-1	172	-1	-1	175	176	177	178	-1	180	181	-1	-1	-1	185	-1	-1	188	-1	-1	-1	192	193	-1	-1	-1	197	-1	199	200	201	202	-1	-1	-1	-1	-1
# Right
28	15	8	5	-1	7	-1	-1	10	-1	12	-1	14	-1	-1	21	20	19	-1	-1	-1	27	24	-1	26	-1	-1	-1	196	51	50	39	38	35	-1	37	-1	-1	-1	45	42	-1	44	-1	-1	49	48	-1	-1	-1	-1	191	108	97	82	67	60	59	-1	-1	64	63	-1	-1	66	-1	-1	81	70	-1	72	-1	76	75	-1	-1	80	79	-1	-1	-1	-1	92	85	-1	91	90	89	-1	-1	-1	-1	96	95	-1	-1	-1	105	100	-1	104	103	-1	-1	-1	107	-1	-1	148	139	138	125	122	121	116	-1	118	-1	120	-1	-1	-1	124	-1	-1	131	128	-1	130	-1	-1	133	-1	135	-1	137	-1	-1	-1	141	-1	143	-1	147	146	-1	-1	-1	174	159	156	153	-1	155	-1	-1	158	-1	-1	171	162	-1	168	165	-1	167	-1	-1	170	-1	-1	173	-1	-1	190	187	184	179	-1	183	182	-1	-1	-1	186	-1	-1	189	-1	-1	-1	195	194	-1	-1	-1	198	-1	206	205	204	203	-1	-1	-1	-1	-1
# Threshold
5.692934989929199	0.45358000695705414	5.410984992980957	13.255099773406982	-2.0	327.0	-2.0	-2.0	5.4415199756622314	-2.0	23.514399528503418	-2.0	1968615.0	-2.0	-2.0	4.644444942474365	106.0	6.5	-2.0	-2.0	-2.0	0.7106184959411621	5.270195007324219	-2.0	4.0	-2.0	-2.0	-2.0	13.5	0.3375675082206726	518.5	7.04756498336792	1.395675003528595	9.5	-2.0	404.5	-2.0	-2.0	-2.0	146.5	0.05055670067667961	-2.0	20.50890016555786	-2.0	-2.0	0.9780435264110565	20300.5	-2.0	-2.0	-2.0	-2.0	0.6098989844322205	8.021784782409668	2.5	1.5	24.5	0.3192705065011978	9.0	-2.0	-2.0	2.7082550525665283	1.986954927444458	-2.0	-2.0	731.0	-2.0	-2.0	7.712830066680908	3.2909549474716187	-2.0	0.34056898951530457	-2.0	5.9713451862335205	5.728520154953003	-2.0	-2.0	2.345890015931218e-05	9.604204933566507e-06	-2.0	-2.0	-2.0	-2.0	6.517455101013184	0.005506319866981357	-2.0	491.5	4.0	419.5	-2.0	-2.0	-2.0	-2.0	0.4020894914865494	6.732825040817261	-2.0	-2.0	-2.0	12339260.0	222.5	-2.0	1.5	1.2783544957637787	-2.0	-2.0	-2.0	10470480.0	-2.0	-2.0	1.0247049927711487	1.5	2847190.0	0.4009404927492142	0.05902579799294472	0.008525049779564142	0.5	-2.0	0.0008588455402787076	-2.0	0.5	-2.0	-2.0	-2.0	56.0	-2.0	-2.0	0.0013807700015604496	624660.5	-2.0	16013905.0	-2.0	-2.0	0.0026714400155469775	-2.0	148.0	-2.0	785.0	-2.0	-2.0	-2.0	1115.5	-2.0	0.0008756069873925298	-2.0	0.3896864950656891	0.005095775006338954	-2.0	-2.0	-2.0	300815.0	3.5	173089.0	8.273620128631592	-2.0	10.393844604492188	-2.0	-2.0	13406.0	-2.0	-2.0	9.5	0.6306709945201874	-2.0	1.7960000038146973	166.5	-2.0	6.65301513671875	-2.0	-2.0	2.78125	-2.0	-2.0	192.0	-2.0	-2.0	12.0	1445935.0	57.0721492767334	8.307234764099121	-2.0	8.69823488756083e-05	3.5	-2.0	-2.0	-2.0	29419.0	-2.0	-2.0	38.5	-2.0	-2.0	-2.0	0.0004611000040313229	7.302335023880005	-2.0	-2.0	-2.0	21.5	-2.0	0.8283415138721466	4474555.0	18.5	0.41134950518608093	-2.0	-2.0	-2.0	-2.0	-2.0
# Feature
3	10	3	7	-2	5	-2	-2	3	-2	7	-2	2	-2	-2	3	1	9	-2	-2	-2	10	3	-2	6	-2	-2	-2	9	13	5	3	12	9	-2	0	-2	-2	-2	5	10	-2	3	-2	-2	12	0	-2	-2	-2	-2	10	3	6	6	5	11	9	-2	-2	7	12	-2	-2	1	-2	-2	3	7	-2	13	-2	3	3	-2	-2	10	10	-2	-2	-2	-2	3	10	-2	8	9	0	-2	-2	-2	-2	13	3	-2	-2	-2	2	1	-2	9	7	-2	-2	-2	0	-2	-2	12	6	1	13	11	11	9	-2	11	-2	6	-2	-2	-2	5	-2	-2	10	8	-2	2	-2	-2	10	-2	5	-2	5	-2	-2	-2	8	-2	11	-2	13	4	-2	-2	-2	2	6	2	7	-2	7	-2	-2	0	-2	-2	9	11	-2	12	1	-2	7	-2	-2	12	-2	-2	8	-2	-2	9	1	3	3	-2	10	6	-2	-2	-2	8	-2	-2	5	-2	-2	-2	4	3	-2	-2	-2	8	-2	10	0	5	13	-2	-2	-2	-2	-2
# Values
470.0	748.0	44.0	253.0
420.0	6.0	14.0	6.0
382.0	3.0	0.0	1.0
362.0	1.0	0.0	0.0
330.0	0.0	0.0	0.0
32.0	1.0	0.0	0.0
0.0	1.0	0.0	0.0
32.0	0.0	0.0	0.0
20.0	2.0	0.0	1.0
0.0	2.0	0.0	0.0
20.0	0.0	0.0	1.0
19.0	0.0	0.0	0.0
1.0	0.0	0.0	1.0
0.0	0.0	0.0	1.0
1.0	0.0	0.0	0.0
38.0	3.0	14.0	5.0
37.0	0.0	5.0	0.0
1.0	0.0	5.0	0.0
0.0	0.0	5.0	0.0
1.0	0.0	0.0	0.0
36.0	0.0	0.0	0.0
1.0	3.0	9.0	5.0
1.0	3.0	0.0	5.0
0.0	0.0	0.0	5.0
1.0	3.0	0.0	0.0
1.0	0.0	0.0	0.0
0.0	3.0	0.0	0.0
0.0	0.0	9.0	0.0
50.0	742.0	30.0	247.0
50.0	389.0	27.0	245.0
11.0	132.0	0.0	7.0
11.0	36.0	0.0	7.0
10.0	9.0	0.0	0.0
10.0	2.0	0.0	0.0
9.0	0.0	0.0	0.0
1.0	2.0	0.0	0.0
1.0	0.0	0.0	0.0
0.0	2.0	0.0	0.0
0.0	7.0	0.0	0.0
1.0	27.0	0.0	7.0
0.0	26.0	0.0	3.0
0.0	25.0	0.0	0.0
0.0	1.0	0.0	3.0
0.0	0.0	0.0	3.0
0.0	1.0	0.0	0.0
1.0	1.0	0.0	4.0
1.0	1.0	0.0	0.0
0.0	1.0	0.0	0.0
1.0	0.0	0.0	0.0
0.0	0.0	0.0	4.0
0.0	96.0	0.0	0.0
39.0	257.0	27.0	238.0
39.0	256.0	0.0	238.0
28.0	115.0	0.0	38.0
24.0	65.0	0.0	35.0
10.0	47.0	0.0	6.0
5.0	4.0	0.0	5.0
0.0	1.0	0.0	4.0
0.0	0.0	0.0	4.0
0.0	1.0	0.0	0.0
5.0	3.0	0.0	1.0
0.0	2.0	0.0	1.0
0.0	0.0	0.0	1.0
0.0	2.0	0.0	0.0
5.0	1.0	0.0	0.0
0.0	1.0	0.0	0.0
5.0	0.0	0.0	0.0
5.0	43.0	0.0	1.0
5.0	43.0	0.0	0.0
1.0	0.0	0.0	0.0
4.0	43.0	0.0	0.0
1.0	0.0	0.0	0.0
3.0	43.0	0.0	0.0
2.0	3.0	0.0	0.0
0.0	3.0	0.0	0.0
2.0	0.0	0.0	0.0
1.0	40.0	0.0	0.0
1.0	2.0	0.0	0.0
0.0	2.0	0.0	0.0
1.0	0.0	0.0	0.0
0.0	38.0	0.0	0.0
0.0	0.0	0.0	1.0
14.0	18.0	0.0	29.0
14.0	11.0	0.0	4.0
9.0	0.0	0.0	0.0
5.0	11.0	0.0	4.0
5.0	1.0	0.0	4.0
0.0	1.0	0.0	4.0
0.0	1.0	0.0	2.0
0.0	0.0	0.0	2.0
5.0	0.0	0.0	0.0
0.0	10.0	0.0	0.0
0.0	7.0	0.0	25.0
0.0	7.0	0.0	4.0
0.0	0.0	0.0	4.0
0.0	7.0	0.0	0.0
0.0	0.0	0.0	21.0
4.0	50.0	0.0	3.0
0.0	48.0	0.0	3.0
0.0	0.0	0.0	1.0
0.0	48.0	0.0	2.0
0.0	4.0	0.0	2.0
0.0	4.0	0.0	0.0
0.0	0.0	0.0	2.0
0.0	44.0	0.0	0.0
4.0	2.0	0.0	0.0
4.0	0.0	0.0	0.0
0.0	2.0	0.0	0.0
11.0	141.0	0.0	200.0
7.0	35.0	0.0	118.0
7.0	27.0	0.0	25.0
2.0	27.0	0.0	25.0
2.0	6.0	0.0	14.0
2.0	2.0	0.0	13.0
2.0	2.0	0.0	4.0
2.0	0.0	0.0	0.0
0.0	2.0	0.0	4.0
0.0	0.0	0.0	3.0
0.0	2.0	0.0	1.0
0.0	0.0	0.0	1.0
0.0	2.0	0.0	0.0
0.0	0.0	0.0	9.0
0.0	4.0	0.0	1.0
0.0	0.0	0.0	1.0
0.0	4.0	0.0	0.0
0.0	21.0	0.0	11.0
0.0	15.0	0.0	1.0
0.0	13.0	0.0	0.0
0.0	2.0	0.0	1.0
0.0	0.0	0.0	1.0
0.0	2.0	0.0	0.0
0.0	6.0	0.0	10.0
0.0	0.0	0.0	6.0
0.0	6.0	0.0	4.0
0.0	5.0	0.0	0.0
0.0	1.0	0.0	4.0
0.0	0.0	0.0	4.0
0.0	1.0	0.0	0.0
5.0	0.0	0.0	0.0
0.0	8.0	0.0	93.0
0.0	3.0	0.0	0.0
0.0	5.0	0.0	93.0
0.0	2.0	0.0	0.0
0.0	3.0	0.0	93.0
0.0	3.0	0.0	16.0
0.0	3.0	0.0	0.0
0.0	0.0	0.0	16.0
0.0	0.0	0.0	77.0
4.0	106.0	0.0	82.0
3.0	41.0	0.0	67.0
0.0	25.0	0.0	5.0
0.0	23.0	0.0	2.0
0.0	19.0	0.0	0.0
0.0	4.0	0.0	2.0
0.0	0.0	0.0	2.0
0.0	4.0	0.0	0.0
0.0	2.0	0.0	3.0
0.0	0.0	0.0	3.0
0.0	2.0	0.0	0.0
3.0	16.0	0.0	62.0
0.0	10.0	0.0	62.0
0.0	0.0	0.0	49.0
0.0	10.0	0.0	13.0
0.0	3.0	0.0	11.0
0.0	2.0	0.0	0.0
0.0	1.0	0.0	11.0
0.0	0.0	0.0	9.0
0.0	1.0	0.0	2.0
0.0	7.0	0.0	2.0
0.0	7.0	0.0	0.0
0.0	0.0	0.0	2.0
3.0	6.0	0.0	0.0
3.0	0.0	0.0	0.0
0.0	6.0	0.0	0.0
1.0	65.0	0.0	15.0
1.0	65.0	0.0	11.0
1.0	62.0	0.0	6.0
1.0	55.0	0.0	1.0
1.0	0.0	0.0	0.0
0.0	55.0	0.0	1.0
0.0	2.0	0.0	1.0
0.0	2.0	0.0	0.0
0.0	0.0	0.0	1.0
0.0	53.0	0.0	0.0
0.0	7.0	0.0	5.0
0.0	0.0	0.0	5.0
0.0	7.0	0.0	0.0
0.0	3.0	0.0	5.0
0.0	3.0	0.0	0.0
0.0	0.0	0.0	5.0
0.0	0.0	0.0	4.0
0.0	1.0	27.0	0.0
0.0	1.0	2.0	0.0
0.0	0.0	2.0	0.0
0.0	1.0	0.0	0.0
0.0	0.0	25.0	0.0
0.0	353.0	3.0	2.0
0.0	0.0	2.0	0.0
0.0	353.0	1.0	2.0
0.0	353.0	0.0	2.0
0.0	353.0	0.0	1.0
0.0	16.0	0.0	1.0
0.0	16.0	0.0	0.0
0.0	0.0	0.0	1.0
0.0	337.0	0.0	0.0
0.0	0.0	0.0	1.0
0.0	0.0	1.0	0.0
