# Sizes (NFeatures, Nclasses, NodeCount, MaxDepth)
14	4	221	17
# Classes
0.0	1.0	2.0	3.0
# Feature Names
Nrows	Ncols	Nnnz	AvgNnnz	Density	MaxRowNnnz	MinRowNnnz	StdRowNnnz	NDiags	NTrueDiags	AvgNnnzDia	AvgNnnzELL	AvgNnnzHyb	AvgNnnzHdc
# Left
1	2	3	4	5	-1	7	-1	-1	-1	11	-1	13	-1	15	-1	17	-1	-1	20	-1	22	23	24	-1	-1	27	-1	-1	-1	31	32	33	-1	35	36	-1	38	39	-1	-1	42	-1	44	45	-1	47	-1	-1	-1	51	-1	53	54	55	56	-1	58	-1	-1	-1	62	-1	-1	65	66	-1	-1	-1	70	71	72	73	74	75	76	-1	78	79	-1	-1	-1	-1	84	-1	-1	-1	88	-1	-1	91	-1	-1	94	95	96	97	-1	-1	100	101	102	-1	104	-1	-1	107	-1	109	-1	-1	112	-1	-1	115	116	-1	118	119	-1	121	-1	-1	124	-1	-1	-1	128	129	130	131	-1	-1	-1	-1	136	137	138	139	-1	-1	-1	-1	144	145	146	-1	148	-1	150	-1	152	-1	154	155	-1	157	-1	159	-1	-1	-1	163	164	165	166	-1	168	-1	-1	171	-1	-1	-1	175	176	177	-1	-1	-1	-1	182	183	-1	185	-1	-1	188	-1	-1	191	192	193	194	195	196	197	198	-1	200	-1	-1	-1	204	-1	-1	207	-1	209	210	-1	212	-1	-1	-1	-1	-1	218	-1	-1	-1
# Right
30	19	10	9	6	-1	8	-1	-1	-1	12	-1	14	-1	16	-1	18	-1	-1	21	-1	29	26	25	-1	-1	28	-1	-1	-1	190	69	34	-1	50	37	-1	41	40	-1	-1	43	-1	49	46	-1	48	-1	-1	-1	52	-1	64	61	60	57	-1	59	-1	-1	-1	63	-1	-1	68	67	-1	-1	-1	93	90	87	86	83	82	77	-1	81	80	-1	-1	-1	-1	85	-1	-1	-1	89	-1	-1	92	-1	-1	127	114	99	98	-1	-1	111	106	103	-1	105	-1	-1	108	-1	110	-1	-1	113	-1	-1	126	117	-1	123	120	-1	122	-1	-1	125	-1	-1	-1	135	134	133	132	-1	-1	-1	-1	143	142	141	140	-1	-1	-1	-1	181	162	147	-1	149	-1	151	-1	153	-1	161	156	-1	158	-1	160	-1	-1	-1	174	173	170	167	-1	169	-1	-1	172	-1	-1	-1	180	179	178	-1	-1	-1	-1	187	184	-1	186	-1	-1	189	-1	-1	220	217	216	215	206	203	202	199	-1	201	-1	-1	-1	205	-1	-1	208	-1	214	211	-1	213	-1	-1	-1	-1	-1	219	-1	-1	-1
# Threshold
5.692934989929199	2.5	0.6862070262432098	0.5132690072059631	5.272135019302368	-2.0	1968615.0	-2.0	-2.0	-2.0	4.5	-2.0	6.5	-2.0	8.0	-2.0	2.660490036010742	-2.0	-2.0	4.84659481048584	-2.0	0.7106184959411621	5.242419958114624	4.918789863586426	-2.0	-2.0	8.0	-2.0	-2.0	-2.0	9.5	6.811089992523193	14.0	-2.0	5.998525142669678	0.0002712210043682717	-2.0	469.5	23.0	-2.0	-2.0	0.0004732635134132579	-2.0	5.78190016746521	5.711480140686035	-2.0	11807.0	-2.0	-2.0	-2.0	0.2913435101509094	-2.0	0.001937920053023845	0.0010698999976739287	0.34950999915599823	1.5	-2.0	286963.5	-2.0	-2.0	-2.0	124486.5	-2.0	-2.0	6.061444997787476	0.12885800376534462	-2.0	-2.0	-2.0	0.3382660001516342	15.0	0.6676270067691803	0.06343370117247105	1.508430004119873	0.3228385001420975	0.3175089955329895	-2.0	14.418099880218506	0.5	-2.0	-2.0	-2.0	-2.0	0.42123448848724365	-2.0	-2.0	-2.0	381090.0	-2.0	-2.0	0.017194585292600095	-2.0	-2.0	31.5	0.4742785096168518	6.573474820470437e-05	1.3077050425636116e-05	-2.0	-2.0	93195.5	3.5	0.4290599972009659	-2.0	2.803025007247925	-2.0	-2.0	0.5925875008106232	-2.0	0.44001150131225586	-2.0	-2.0	9.911420056596398e-05	-2.0	-2.0	0.9861474931240082	6.856405019760132	-2.0	12.638499736785889	0.9215109944343567	-2.0	7.847600221633911	-2.0	-2.0	24.5	-2.0	-2.0	-2.0	2.7882099857379217e-05	0.8942560255527496	0.46392950415611267	0.0001263325484615052	-2.0	-2.0	-2.0	-2.0	0.5	18.11519956588745	0.40500999987125397	46977.0	-2.0	-2.0	-2.0	-2.0	4.5	1.5	0.00019206949946237728	-2.0	0.00341581495013088	-2.0	0.003190204966813326	-2.0	0.9180650115013123	-2.0	0.5987614989280701	0.9282320141792297	-2.0	8.865015029907227	-2.0	5258.5	-2.0	-2.0	-2.0	1384235.0	39974.0	1.8020949959754944	0.5710159838199615	-2.0	5188.5	-2.0	-2.0	640.0	-2.0	-2.0	-2.0	0.41498300433158875	2.0	30861.0	-2.0	-2.0	-2.0	-2.0	59599.0	8.0	-2.0	0.34550900757312775	-2.0	-2.0	0.3680815100669861	-2.0	-2.0	0.8283415138721466	105.32049942016602	3483380.0	0.8203585147857666	13.5	188521.5	29.81029987335205	0.7739914953708649	-2.0	33.5	-2.0	-2.0	-2.0	5.719520092010498	-2.0	-2.0	21.5	-2.0	16618.0	11.5	-2.0	29.860000610351562	-2.0	-2.0	-2.0	-2.0	-2.0	44478.0	-2.0	-2.0	-2.0
# Feature
3	6	12	13	3	-2	2	-2	-2	-2	9	-2	8	-2	9	-2	7	-2	-2	3	-2	10	3	3	-2	-2	5	-2	-2	-2	9	3	8	-2	3	10	-2	8	8	-2	-2	10	-2	3	3	-2	0	-2	-2	-2	13	-2	10	10	13	6	-2	2	-2	-2	-2	2	-2	-2	3	11	-2	-2	-2	13	6	11	10	12	13	13	-2	3	6	-2	-2	-2	-2	11	-2	-2	-2	8	-2	-2	10	-2	-2	5	13	10	10	-2	-2	2	6	13	-2	7	-2	-2	11	-2	13	-2	-2	4	-2	-2	11	3	-2	3	11	-2	3	-2	-2	5	-2	-2	-2	10	12	13	11	-2	-2	-2	-2	6	3	13	8	-2	-2	-2	-2	9	6	10	-2	11	-2	10	-2	12	-2	13	12	-2	3	-2	8	-2	-2	-2	2	5	12	13	-2	8	-2	-2	1	-2	-2	-2	11	9	0	-2	-2	-2	-2	2	9	-2	13	-2	-2	11	-2	-2	10	7	1	13	9	1	7	11	-2	5	-2	-2	-2	7	-2	-2	8	-2	2	6	-2	3	-2	-2	-2	-2	-2	1	-2	-2	-2
# Values
462.0	756.0	42.0	255.0
424.0	13.0	12.0	8.0
393.0	8.0	4.0	1.0
25.0	7.0	0.0	1.0
25.0	0.0	0.0	1.0
24.0	0.0	0.0	0.0
1.0	0.0	0.0	1.0
0.0	0.0	0.0	1.0
1.0	0.0	0.0	0.0
0.0	7.0	0.0	0.0
368.0	1.0	4.0	0.0
333.0	0.0	0.0	0.0
35.0	1.0	4.0	0.0
0.0	0.0	4.0	0.0
35.0	1.0	0.0	0.0
33.0	0.0	0.0	0.0
2.0	1.0	0.0	0.0
0.0	1.0	0.0	0.0
2.0	0.0	0.0	0.0
31.0	5.0	8.0	7.0
26.0	0.0	0.0	0.0
5.0	5.0	8.0	7.0
5.0	5.0	0.0	7.0
1.0	0.0	0.0	7.0
1.0	0.0	0.0	0.0
0.0	0.0	0.0	7.0
4.0	5.0	0.0	0.0
0.0	5.0	0.0	0.0
4.0	0.0	0.0	0.0
0.0	0.0	8.0	0.0
38.0	743.0	30.0	247.0
38.0	337.0	22.0	224.0
14.0	154.0	17.0	10.0
0.0	0.0	17.0	0.0
14.0	154.0	0.0	10.0
9.0	19.0	0.0	6.0
6.0	0.0	0.0	0.0
3.0	19.0	0.0	6.0
0.0	1.0	0.0	5.0
0.0	1.0	0.0	0.0
0.0	0.0	0.0	5.0
3.0	18.0	0.0	1.0
0.0	0.0	0.0	1.0
3.0	18.0	0.0	0.0
3.0	6.0	0.0	0.0
0.0	5.0	0.0	0.0
3.0	1.0	0.0	0.0
3.0	0.0	0.0	0.0
0.0	1.0	0.0	0.0
0.0	12.0	0.0	0.0
5.0	135.0	0.0	4.0
1.0	0.0	0.0	0.0
4.0	135.0	0.0	4.0
3.0	27.0	0.0	4.0
1.0	27.0	0.0	2.0
1.0	3.0	0.0	2.0
0.0	3.0	0.0	0.0
1.0	0.0	0.0	2.0
1.0	0.0	0.0	0.0
0.0	0.0	0.0	2.0
0.0	24.0	0.0	0.0
2.0	0.0	0.0	2.0
0.0	0.0	0.0	2.0
2.0	0.0	0.0	0.0
1.0	108.0	0.0	0.0
1.0	1.0	0.0	0.0
1.0	0.0	0.0	0.0
0.0	1.0	0.0	0.0
0.0	107.0	0.0	0.0
24.0	183.0	5.0	214.0
2.0	58.0	0.0	12.0
2.0	54.0	0.0	5.0
1.0	54.0	0.0	4.0
1.0	54.0	0.0	3.0
1.0	53.0	0.0	2.0
1.0	17.0	0.0	2.0
0.0	14.0	0.0	0.0
1.0	3.0	0.0	2.0
1.0	3.0	0.0	0.0
1.0	0.0	0.0	0.0
0.0	3.0	0.0	0.0
0.0	0.0	0.0	2.0
0.0	36.0	0.0	0.0
0.0	1.0	0.0	1.0
0.0	1.0	0.0	0.0
0.0	0.0	0.0	1.0
0.0	0.0	0.0	1.0
1.0	0.0	0.0	1.0
0.0	0.0	0.0	1.0
1.0	0.0	0.0	0.0
0.0	4.0	0.0	7.0
0.0	0.0	0.0	7.0
0.0	4.0	0.0	0.0
22.0	125.0	5.0	202.0
11.0	62.0	5.0	36.0
11.0	17.0	0.0	28.0
9.0	1.0	0.0	0.0
0.0	1.0	0.0	0.0
9.0	0.0	0.0	0.0
2.0	16.0	0.0	28.0
2.0	14.0	0.0	12.0
2.0	10.0	0.0	2.0
0.0	10.0	0.0	0.0
2.0	0.0	0.0	2.0
0.0	0.0	0.0	2.0
2.0	0.0	0.0	0.0
0.0	4.0	0.0	10.0
0.0	0.0	0.0	9.0
0.0	4.0	0.0	1.0
0.0	4.0	0.0	0.0
0.0	0.0	0.0	1.0
0.0	2.0	0.0	16.0
0.0	2.0	0.0	0.0
0.0	0.0	0.0	16.0
0.0	45.0	5.0	8.0
0.0	45.0	0.0	8.0
0.0	0.0	0.0	2.0
0.0	45.0	0.0	6.0
0.0	35.0	0.0	1.0
0.0	34.0	0.0	0.0
0.0	1.0	0.0	1.0
0.0	1.0	0.0	0.0
0.0	0.0	0.0	1.0
0.0	10.0	0.0	5.0
0.0	0.0	0.0	5.0
0.0	10.0	0.0	0.0
0.0	0.0	5.0	0.0
11.0	63.0	0.0	166.0
10.0	2.0	0.0	3.0
10.0	0.0	0.0	3.0
10.0	0.0	0.0	1.0
0.0	0.0	0.0	1.0
10.0	0.0	0.0	0.0
0.0	0.0	0.0	2.0
0.0	2.0	0.0	0.0
1.0	61.0	0.0	163.0
1.0	10.0	0.0	1.0
1.0	10.0	0.0	0.0
1.0	1.0	0.0	0.0
0.0	1.0	0.0	0.0
1.0	0.0	0.0	0.0
0.0	9.0	0.0	0.0
0.0	0.0	0.0	1.0
0.0	51.0	0.0	162.0
0.0	33.0	0.0	149.0
0.0	23.0	0.0	40.0
0.0	8.0	0.0	0.0
0.0	15.0	0.0	40.0
0.0	4.0	0.0	0.0
0.0	11.0	0.0	40.0
0.0	0.0	0.0	27.0
0.0	11.0	0.0	13.0
0.0	0.0	0.0	6.0
0.0	11.0	0.0	7.0
0.0	6.0	0.0	7.0
0.0	3.0	0.0	0.0
0.0	3.0	0.0	7.0
0.0	2.0	0.0	0.0
0.0	1.0	0.0	7.0
0.0	0.0	0.0	4.0
0.0	1.0	0.0	3.0
0.0	5.0	0.0	0.0
0.0	10.0	0.0	109.0
0.0	3.0	0.0	103.0
0.0	2.0	0.0	103.0
0.0	1.0	0.0	101.0
0.0	0.0	0.0	85.0
0.0	1.0	0.0	16.0
0.0	0.0	0.0	16.0
0.0	1.0	0.0	0.0
0.0	1.0	0.0	2.0
0.0	0.0	0.0	2.0
0.0	1.0	0.0	0.0
0.0	1.0	0.0	0.0
0.0	7.0	0.0	6.0
0.0	2.0	0.0	6.0
0.0	1.0	0.0	6.0
0.0	1.0	0.0	0.0
0.0	0.0	0.0	6.0
0.0	1.0	0.0	0.0
0.0	5.0	0.0	0.0
0.0	18.0	0.0	13.0
0.0	2.0	0.0	10.0
0.0	0.0	0.0	9.0
0.0	2.0	0.0	1.0
0.0	0.0	0.0	1.0
0.0	2.0	0.0	0.0
0.0	16.0	0.0	3.0
0.0	16.0	0.0	0.0
0.0	0.0	0.0	3.0
0.0	406.0	8.0	23.0
0.0	406.0	1.0	23.0
0.0	400.0	1.0	13.0
0.0	400.0	1.0	12.0
0.0	400.0	1.0	11.0
0.0	53.0	0.0	7.0
0.0	52.0	0.0	3.0
0.0	52.0	0.0	2.0
0.0	48.0	0.0	0.0
0.0	4.0	0.0	2.0
0.0	4.0	0.0	0.0
0.0	0.0	0.0	2.0
0.0	0.0	0.0	1.0
0.0	1.0	0.0	4.0
0.0	1.0	0.0	0.0
0.0	0.0	0.0	4.0
0.0	347.0	1.0	4.0
0.0	0.0	1.0	0.0
0.0	347.0	0.0	4.0
0.0	29.0	0.0	4.0
0.0	28.0	0.0	0.0
0.0	1.0	0.0	4.0
0.0	0.0	0.0	4.0
0.0	1.0	0.0	0.0
0.0	318.0	0.0	0.0
0.0	0.0	0.0	1.0
0.0	0.0	0.0	1.0
0.0	6.0	0.0	10.0
0.0	6.0	0.0	0.0
0.0	0.0	0.0	10.0
0.0	0.0	7.0	0.0
