# Sizes (NFeatures, Nclasses, NodeCount, MaxDepth)
14	4	207	16
# Classes
0.0	1.0	2.0	3.0
# Feature Names
Nrows	Ncols	Nnnz	AvgNnnz	Density	MaxRowNnnz	MinRowNnnz	StdRowNnnz	NDiags	NTrueDiags	AvgNnnzDia	AvgNnnzELL	AvgNnnzHyb	AvgNnnzHdc
# Left
1	2	3	4	5	6	-1	8	-1	-1	11	12	-1	14	-1	-1	17	-1	-1	20	21	-1	-1	-1	-1	26	-1	28	-1	30	-1	-1	33	34	35	36	37	-1	-1	40	41	-1	-1	44	45	46	47	-1	49	-1	-1	52	53	54	55	-1	-1	-1	-1	-1	-1	-1	-1	64	65	66	-1	68	-1	70	71	-1	-1	74	-1	-1	-1	78	79	80	81	82	-1	84	-1	86	-1	-1	89	-1	91	92	-1	94	95	-1	97	-1	99	100	-1	-1	-1	-1	-1	106	107	-1	109	-1	-1	-1	113	114	115	-1	-1	-1	-1	120	121	122	123	124	125	-1	127	-1	-1	-1	-1	-1	133	134	-1	-1	137	-1	139	-1	-1	142	143	144	145	-1	147	148	149	-1	-1	152	-1	-1	155	156	-1	-1	-1	-1	161	162	163	164	-1	-1	-1	168	-1	-1	171	172	-1	-1	175	176	177	178	-1	180	-1	-1	183	-1	-1	-1	187	-1	-1	-1	191	192	193	-1	195	196	197	198	-1	-1	-1	-1	-1	-1	205	-1	-1
# Right
32	25	24	19	10	7	-1	9	-1	-1	16	13	-1	15	-1	-1	18	-1	-1	23	22	-1	-1	-1	-1	27	-1	29	-1	31	-1	-1	190	63	62	39	38	-1	-1	43	42	-1	-1	61	60	51	48	-1	50	-1	-1	59	58	57	56	-1	-1	-1	-1	-1	-1	-1	-1	77	76	67	-1	69	-1	73	72	-1	-1	75	-1	-1	-1	119	112	105	88	83	-1	85	-1	87	-1	-1	90	-1	104	93	-1	103	96	-1	98	-1	102	101	-1	-1	-1	-1	-1	111	108	-1	110	-1	-1	-1	118	117	116	-1	-1	-1	-1	141	132	131	130	129	126	-1	128	-1	-1	-1	-1	-1	136	135	-1	-1	138	-1	140	-1	-1	189	160	159	146	-1	154	151	150	-1	-1	153	-1	-1	158	157	-1	-1	-1	-1	170	167	166	165	-1	-1	-1	169	-1	-1	174	173	-1	-1	186	185	182	179	-1	181	-1	-1	184	-1	-1	-1	188	-1	-1	-1	204	203	194	-1	202	201	200	199	-1	-1	-1	-1	-1	-1	206	-1	-1
# Threshold
5.688539981842041	0.6553970277309418	4.5	0.3932425081729889	0.6684694886207581	0.5369590222835541	-2.0	9.928459644317627	-2.0	-2.0	8.0	2.5	-2.0	5.42808985710144	-2.0	-2.0	4.567194938659668	-2.0	-2.0	0.4806840121746063	6307.0	-2.0	-2.0	-2.0	-2.0	3.0	-2.0	6.5	-2.0	2187.5	-2.0	-2.0	13.5	6.810739994049072	0.6267119944095612	551.0	0.2913435101509094	-2.0	-2.0	4.4430498746805824e-06	1.0964744687080383	-2.0	-2.0	15.602500438690186	1.3952400088310242	0.0044836499728262424	6.453690052032471	-2.0	0.4837234914302826	-2.0	-2.0	331.0	6.5	6.267565011978149	1.0006809830665588	-2.0	-2.0	-2.0	-2.0	-2.0	-2.0	-2.0	-2.0	0.3382660001516342	241508512.0	1.4839249849319458	-2.0	9.5	-2.0	68.34605026245117	1.0978800058364868	-2.0	-2.0	405.7735061645508	-2.0	-2.0	-2.0	1.022849977016449	1.5	1.5	11.329850196838379	334562.0	-2.0	232543.0	-2.0	473517.5	-2.0	-2.0	5.4424298241428914e-06	-2.0	23.506449699401855	0.3503524959087372	-2.0	0.7142475247383118	0.4522005021572113	-2.0	12.532350063323975	-2.0	26.192099571228027	7532.5	-2.0	-2.0	-2.0	-2.0	-2.0	4181305.0	15.495749473571777	-2.0	0.37780699133872986	-2.0	-2.0	-2.0	39974.0	7.331399917602539	0.3960229903459549	-2.0	-2.0	-2.0	-2.0	2.5	3.5	0.740249514579773	0.46596550941467285	1.5	0.37044699490070343	-2.0	0.0522257499396801	-2.0	-2.0	-2.0	-2.0	-2.0	2.91797005047556e-05	163181900.0	-2.0	-2.0	41.76999855041504	-2.0	0.030750500038266182	-2.0	-2.0	0.903923511505127	12615.0	0.12521349638700485	382.5	-2.0	8.467984676361084	0.043522100895643234	7.0	-2.0	-2.0	0.4152129888534546	-2.0	-2.0	10.0	3.5	-2.0	-2.0	-2.0	-2.0	0.00015893999807303771	0.0003791210037888959	69.5	578383.0	-2.0	-2.0	-2.0	919017.0	-2.0	-2.0	0.3465384989976883	0.0003234035102650523	-2.0	-2.0	0.9680694937705994	6.382824897766113	4.104900002479553	9.0	-2.0	0.005968565004877746	-2.0	-2.0	1.4693450331687927	-2.0	-2.0	-2.0	0.0025716000236570835	-2.0	-2.0	-2.0	0.755759984254837	44072.5	1.1499199867248535	-2.0	30.5	14.0	1.2967100143432617	22.0	-2.0	-2.0	-2.0	-2.0	-2.0	-2.0	0.8283415138721466	-2.0	-2.0
# Feature
3	10	6	10	12	13	-2	7	-2	-2	9	6	-2	3	-2	-2	3	-2	-2	10	2	-2	-2	-2	-2	9	-2	8	-2	2	-2	-2	9	3	10	2	13	-2	-2	10	7	-2	-2	7	12	10	3	-2	11	-2	-2	8	9	3	12	-2	-2	-2	-2	-2	-2	-2	-2	13	2	7	-2	6	-2	3	12	-2	-2	3	-2	-2	-2	12	6	9	3	2	-2	1	-2	8	-2	-2	10	-2	3	13	-2	13	13	-2	3	-2	7	0	-2	-2	-2	-2	-2	0	3	-2	13	-2	-2	-2	5	3	13	-2	-2	-2	-2	9	6	11	11	9	13	-2	10	-2	-2	-2	-2	-2	4	2	-2	-2	3	-2	10	-2	-2	10	2	10	0	-2	3	10	9	-2	-2	11	-2	-2	9	6	-2	-2	-2	-2	4	10	5	2	-2	-2	-2	0	-2	-2	13	4	-2	-2	11	7	7	6	-2	4	-2	-2	12	-2	-2	-2	4	-2	-2	-2	10	5	7	-2	5	6	12	9	-2	-2	-2	-2	-2	-2	11	-2	-2
# Values
471.0	735.0	41.0	268.0
435.0	8.0	18.0	5.0
409.0	8.0	0.0	5.0
409.0	6.0	0.0	5.0
391.0	6.0	0.0	0.0
35.0	4.0	0.0	0.0
34.0	0.0	0.0	0.0
1.0	4.0	0.0	0.0
1.0	0.0	0.0	0.0
0.0	4.0	0.0	0.0
356.0	2.0	0.0	0.0
353.0	1.0	0.0	0.0
343.0	0.0	0.0	0.0
10.0	1.0	0.0	0.0
10.0	0.0	0.0	0.0
0.0	1.0	0.0	0.0
3.0	1.0	0.0	0.0
3.0	0.0	0.0	0.0
0.0	1.0	0.0	0.0
18.0	0.0	0.0	5.0
1.0	0.0	0.0	5.0
1.0	0.0	0.0	1.0
0.0	0.0	0.0	4.0
17.0	0.0	0.0	0.0
0.0	2.0	0.0	0.0
26.0	0.0	18.0	0.0
25.0	0.0	0.0	0.0
1.0	0.0	18.0	0.0
0.0	0.0	16.0	0.0
1.0	0.0	2.0	0.0
0.0	0.0	2.0	0.0
1.0	0.0	0.0	0.0
36.0	727.0	23.0	263.0
36.0	372.0	19.0	258.0
18.0	144.0	12.0	13.0
18.0	144.0	0.0	13.0
5.0	1.0	0.0	0.0
5.0	0.0	0.0	0.0
0.0	1.0	0.0	0.0
13.0	143.0	0.0	13.0
4.0	1.0	0.0	0.0
4.0	0.0	0.0	0.0
0.0	1.0	0.0	0.0
9.0	142.0	0.0	13.0
9.0	73.0	0.0	13.0
9.0	33.0	0.0	13.0
8.0	1.0	0.0	6.0
8.0	0.0	0.0	0.0
0.0	1.0	0.0	6.0
0.0	0.0	0.0	6.0
0.0	1.0	0.0	0.0
1.0	32.0	0.0	7.0
1.0	5.0	0.0	7.0
1.0	1.0	0.0	7.0
0.0	1.0	0.0	7.0
0.0	1.0	0.0	3.0
0.0	0.0	0.0	4.0
1.0	0.0	0.0	0.0
0.0	4.0	0.0	0.0
0.0	27.0	0.0	0.0
0.0	40.0	0.0	0.0
0.0	69.0	0.0	0.0
0.0	0.0	12.0	0.0
18.0	228.0	7.0	245.0
1.0	58.0	0.0	6.0
1.0	58.0	0.0	4.0
1.0	0.0	0.0	0.0
0.0	58.0	0.0	4.0
0.0	46.0	0.0	0.0
0.0	12.0	0.0	4.0
0.0	10.0	0.0	1.0
0.0	0.0	0.0	1.0
0.0	10.0	0.0	0.0
0.0	2.0	0.0	3.0
0.0	0.0	0.0	3.0
0.0	2.0	0.0	0.0
0.0	0.0	0.0	2.0
17.0	170.0	7.0	239.0
5.0	44.0	0.0	146.0
5.0	38.0	0.0	37.0
3.0	18.0	0.0	35.0
1.0	5.0	0.0	28.0
0.0	0.0	0.0	25.0
1.0	5.0	0.0	3.0
0.0	5.0	0.0	0.0
1.0	0.0	0.0	3.0
1.0	0.0	0.0	0.0
0.0	0.0	0.0	3.0
2.0	13.0	0.0	7.0
2.0	0.0	0.0	0.0
0.0	13.0	0.0	7.0
0.0	8.0	0.0	7.0
0.0	0.0	0.0	3.0
0.0	8.0	0.0	4.0
0.0	8.0	0.0	3.0
0.0	3.0	0.0	0.0
0.0	5.0	0.0	3.0
0.0	0.0	0.0	1.0
0.0	5.0	0.0	2.0
0.0	1.0	0.0	2.0
0.0	1.0	0.0	1.0
0.0	0.0	0.0	1.0
0.0	4.0	0.0	0.0
0.0	0.0	0.0	1.0
0.0	5.0	0.0	0.0
2.0	20.0	0.0	2.0
0.0	20.0	0.0	2.0
0.0	17.0	0.0	0.0
0.0	3.0	0.0	2.0
0.0	0.0	0.0	2.0
0.0	3.0	0.0	0.0
2.0	0.0	0.0	0.0
0.0	6.0	0.0	109.0
0.0	3.0	0.0	109.0
0.0	3.0	0.0	4.0
0.0	3.0	0.0	0.0
0.0	0.0	0.0	4.0
0.0	0.0	0.0	105.0
0.0	3.0	0.0	0.0
12.0	126.0	7.0	93.0
4.0	16.0	0.0	38.0
4.0	13.0	0.0	6.0
0.0	13.0	0.0	6.0
0.0	13.0	0.0	3.0
0.0	13.0	0.0	2.0
0.0	0.0	0.0	1.0
0.0	13.0	0.0	1.0
0.0	13.0	0.0	0.0
0.0	0.0	0.0	1.0
0.0	0.0	0.0	1.0
0.0	0.0	0.0	3.0
4.0	0.0	0.0	0.0
0.0	3.0	0.0	32.0
0.0	2.0	0.0	1.0
0.0	2.0	0.0	0.0
0.0	0.0	0.0	1.0
0.0	1.0	0.0	31.0
0.0	0.0	0.0	29.0
0.0	1.0	0.0	2.0
0.0	0.0	0.0	2.0
0.0	1.0	0.0	0.0
8.0	110.0	7.0	55.0
8.0	110.0	0.0	55.0
8.0	20.0	0.0	26.0
8.0	20.0	0.0	13.0
0.0	12.0	0.0	0.0
8.0	8.0	0.0	13.0
8.0	5.0	0.0	2.0
0.0	3.0	0.0	2.0
0.0	0.0	0.0	2.0
0.0	3.0	0.0	0.0
8.0	2.0	0.0	0.0
0.0	2.0	0.0	0.0
8.0	0.0	0.0	0.0
0.0	3.0	0.0	11.0
0.0	1.0	0.0	11.0
0.0	1.0	0.0	0.0
0.0	0.0	0.0	11.0
0.0	2.0	0.0	0.0
0.0	0.0	0.0	13.0
0.0	90.0	0.0	29.0
0.0	13.0	0.0	17.0
0.0	12.0	0.0	4.0
0.0	12.0	0.0	2.0
0.0	0.0	0.0	2.0
0.0	12.0	0.0	0.0
0.0	0.0	0.0	2.0
0.0	1.0	0.0	13.0
0.0	0.0	0.0	13.0
0.0	1.0	0.0	0.0
0.0	77.0	0.0	12.0
0.0	1.0	0.0	3.0
0.0	1.0	0.0	0.0
0.0	0.0	0.0	3.0
0.0	76.0	0.0	9.0
0.0	74.0	0.0	6.0
0.0	31.0	0.0	6.0
0.0	27.0	0.0	1.0
0.0	25.0	0.0	0.0
0.0	2.0	0.0	1.0
0.0	0.0	0.0	1.0
0.0	2.0	0.0	0.0
0.0	4.0	0.0	5.0
0.0	4.0	0.0	0.0
0.0	0.0	0.0	5.0
0.0	43.0	0.0	0.0
0.0	2.0	0.0	3.0
0.0	0.0	0.0	3.0
0.0	2.0	0.0	0.0
0.0	0.0	7.0	0.0
0.0	355.0	4.0	5.0
0.0	353.0	0.0	5.0
0.0	353.0	0.0	3.0
0.0	0.0	0.0	1.0
0.0	353.0	0.0	2.0
0.0	35.0	0.0	2.0
0.0	35.0	0.0	1.0
0.0	3.0	0.0	1.0
0.0	0.0	0.0	1.0
0.0	3.0	0.0	0.0
0.0	32.0	0.0	0.0
0.0	0.0	0.0	1.0
0.0	318.0	0.0	0.0
0.0	0.0	0.0	2.0
0.0	2.0	4.0	0.0
0.0	2.0	0.0	0.0
0.0	0.0	4.0	0.0
