# Sizes (NFeatures, Nclasses, NodeCount, MaxDepth)
14	4	225	15
# Classes
0.0	1.0	2.0	3.0
# Feature Names
Nrows	Ncols	Nnnz	AvgNnnz	Density	MaxRowNnnz	MinRowNnnz	StdRowNnnz	NDiags	NTrueDiags	AvgNnnzDia	AvgNnnzELL	AvgNnnzHyb	AvgNnnzHdc
# Left
1	2	3	4	5	6	7	-1	-1	-1	11	-1	-1	14	-1	16	17	-1	-1	20	21	-1	-1	-1	-1	26	-1	28	29	-1	-1	32	33	-1	35	-1	-1	-1	39	40	41	-1	43	44	45	-1	-1	-1	49	50	51	52	-1	-1	55	56	57	-1	-1	-1	61	62	-1	-1	-1	-1	67	68	69	-1	71	-1	-1	74	75	76	-1	-1	-1	80	-1	-1	83	84	85	-1	87	-1	-1	90	-1	-1	-1	94	95	96	97	-1	-1	-1	101	-1	103	104	-1	-1	107	-1	-1	110	111	112	113	-1	115	-1	-1	-1	119	-1	-1	122	123	124	125	-1	-1	128	129	-1	-1	132	-1	134	-1	-1	137	138	139	140	-1	-1	143	-1	145	146	-1	148	-1	-1	-1	-1	153	154	155	156	-1	-1	-1	-1	161	162	163	-1	-1	-1	-1	168	169	-1	-1	172	173	-1	175	-1	177	-1	-1	180	181	182	-1	184	-1	186	-1	188	189	-1	-1	-1	193	-1	-1	-1	197	198	-1	200	201	-1	-1	-1	205	206	207	208	209	-1	-1	212	213	214	-1	-1	-1	218	-1	-1	-1	222	-1	-1	-1
# Right
38	25	24	13	10	9	8	-1	-1	-1	12	-1	-1	15	-1	19	18	-1	-1	23	22	-1	-1	-1	-1	27	-1	31	30	-1	-1	37	34	-1	36	-1	-1	-1	196	93	42	-1	48	47	46	-1	-1	-1	66	65	54	53	-1	-1	60	59	58	-1	-1	-1	64	63	-1	-1	-1	-1	82	73	70	-1	72	-1	-1	79	78	77	-1	-1	-1	81	-1	-1	92	89	86	-1	88	-1	-1	91	-1	-1	-1	109	100	99	98	-1	-1	-1	102	-1	106	105	-1	-1	108	-1	-1	121	118	117	114	-1	116	-1	-1	-1	120	-1	-1	167	136	127	126	-1	-1	131	130	-1	-1	133	-1	135	-1	-1	152	151	142	141	-1	-1	144	-1	150	147	-1	149	-1	-1	-1	-1	160	159	158	157	-1	-1	-1	-1	166	165	164	-1	-1	-1	-1	171	170	-1	-1	179	174	-1	176	-1	178	-1	-1	195	192	183	-1	185	-1	187	-1	191	190	-1	-1	-1	194	-1	-1	-1	204	199	-1	203	202	-1	-1	-1	224	221	220	211	210	-1	-1	217	216	215	-1	-1	-1	219	-1	-1	-1	223	-1	-1	-1
# Threshold
5.682585000991821	0.6152350008487701	4.5	5.0713701248168945	2.5	0.675372987985611	0.6272139847278595	-2.0	-2.0	-2.0	4.6599249839782715	-2.0	-2.0	5.159160137176514	-2.0	503.5	55.0	-2.0	-2.0	0.6551580131053925	5.607280015945435	-2.0	-2.0	-2.0	-2.0	3.0	-2.0	0.6553970277309418	1259.0	-2.0	-2.0	0.4994010031223297	6.5	-2.0	3.5	-2.0	-2.0	-2.0	9.5	7.283329963684082	11.0	-2.0	0.32260550558567047	1.395675003528595	1.0010869801044464	-2.0	-2.0	-2.0	0.001955884916242212	3.5	6.359369993209839	8.5	-2.0	-2.0	1.5	0.40001700818538666	1097328.0	-2.0	-2.0	-2.0	0.3978855013847351	6.573130130767822	-2.0	-2.0	-2.0	-2.0	5997.5	5.8202900886535645	5.748260021209717	-2.0	169.0	-2.0	-2.0	5.930365085601807	739.0	0.5008559823036194	-2.0	-2.0	-2.0	17.0	-2.0	-2.0	3296.0	6.976140022277832	0.02232804987579584	-2.0	6.627145051956177	-2.0	-2.0	0.0028391649248078465	-2.0	-2.0	-2.0	0.33891549706459045	9.5	8.695889949798584	8.521574974060059	-2.0	-2.0	-2.0	0.32840050756931305	-2.0	26174.5	0.030574200674891472	-2.0	-2.0	0.0099141551181674	-2.0	-2.0	0.5	411437.5	0.4082314968109131	372.5	-2.0	0.00037143350346013904	-2.0	-2.0	-2.0	0.46392950415611267	-2.0	-2.0	4.5	33.5	3.5	0.024421549402177334	-2.0	-2.0	15.580699920654297	8.169855117797852	-2.0	-2.0	240019.0	-2.0	27.550899505615234	-2.0	-2.0	20.07569980621338	0.8349645137786865	2.5782450393307954e-05	0.0006056255679141032	-2.0	-2.0	7.426889896392822	-2.0	228.46199798583984	0.5710159838199615	-2.0	0.6143204867839813	-2.0	-2.0	-2.0	-2.0	0.9340234994888306	126.5245475769043	0.777664989233017	25.98194980621338	-2.0	-2.0	-2.0	-2.0	76323.0	0.34047649800777435	1.8020949959754944	-2.0	-2.0	-2.0	-2.0	10.5	7029.0	-2.0	-2.0	599.5	8.472219944000244	-2.0	0.5350089967250824	-2.0	15.5	-2.0	-2.0	10302945.0	5.5	7.58991003036499	-2.0	0.45510250329971313	-2.0	2.3313350677490234	-2.0	418.0	1246.5	-2.0	-2.0	-2.0	10716.0	-2.0	-2.0	-2.0	0.44946950674057007	19.0	-2.0	3.1762300729751587	3.1174449920654297	-2.0	-2.0	-2.0	52.88090133666992	0.2132904976606369	0.8309500217437744	0.4631880074739456	0.5766875073313713	-2.0	-2.0	0.8824360072612762	0.0006782744894735515	40.52504920959473	-2.0	-2.0	-2.0	18.0	-2.0	-2.0	-2.0	23.5	-2.0	-2.0	-2.0
# Feature
3	10	6	3	6	12	12	-2	-2	-2	3	-2	-2	3	-2	0	8	-2	-2	12	3	-2	-2	-2	-2	8	-2	10	0	-2	-2	13	8	-2	6	-2	-2	-2	9	3	8	-2	13	12	12	-2	-2	-2	10	9	3	5	-2	-2	6	13	2	-2	-2	-2	13	3	-2	-2	-2	-2	2	3	3	-2	1	-2	-2	3	0	13	-2	-2	-2	8	-2	-2	8	3	10	-2	3	-2	-2	10	-2	-2	-2	13	6	3	3	-2	-2	-2	13	-2	8	10	-2	-2	4	-2	-2	6	8	13	5	-2	4	-2	-2	-2	13	-2	-2	9	5	6	4	-2	-2	3	3	-2	-2	8	-2	3	-2	-2	3	13	10	11	-2	-2	3	-2	7	13	-2	13	-2	-2	-2	-2	12	7	13	7	-2	-2	-2	-2	8	13	12	-2	-2	-2	-2	5	0	-2	-2	1	3	-2	11	-2	5	-2	-2	2	6	3	-2	13	-2	7	-2	8	1	-2	-2	-2	0	-2	-2	-2	13	0	-2	7	7	-2	-2	-2	7	10	13	13	11	-2	-2	11	10	3	-2	-2	-2	9	-2	-2	-2	9	-2	-2	-2
# Values
474.0	710.0	47.0	284.0
422.0	7.0	27.0	10.0
400.0	7.0	0.0	6.0
400.0	4.0	0.0	6.0
383.0	2.0	0.0	2.0
362.0	2.0	0.0	0.0
37.0	2.0	0.0	0.0
37.0	0.0	0.0	0.0
0.0	2.0	0.0	0.0
325.0	0.0	0.0	0.0
21.0	0.0	0.0	2.0
21.0	0.0	0.0	0.0
0.0	0.0	0.0	2.0
17.0	2.0	0.0	4.0
0.0	0.0	0.0	3.0
17.0	2.0	0.0	1.0
1.0	2.0	0.0	0.0
1.0	0.0	0.0	0.0
0.0	2.0	0.0	0.0
16.0	0.0	0.0	1.0
1.0	0.0	0.0	1.0
0.0	0.0	0.0	1.0
1.0	0.0	0.0	0.0
15.0	0.0	0.0	0.0
0.0	3.0	0.0	0.0
22.0	0.0	27.0	4.0
20.0	0.0	0.0	0.0
2.0	0.0	27.0	4.0
1.0	0.0	0.0	3.0
1.0	0.0	0.0	0.0
0.0	0.0	0.0	3.0
1.0	0.0	27.0	1.0
1.0	0.0	27.0	0.0
0.0	0.0	24.0	0.0
1.0	0.0	3.0	0.0
1.0	0.0	0.0	0.0
0.0	0.0	3.0	0.0
0.0	0.0	0.0	1.0
52.0	703.0	20.0	274.0
50.0	311.0	18.0	252.0
38.0	167.0	15.0	22.0
0.0	0.0	15.0	0.0
38.0	167.0	0.0	22.0
15.0	7.0	0.0	0.0
15.0	3.0	0.0	0.0
0.0	3.0	0.0	0.0
15.0	0.0	0.0	0.0
0.0	4.0	0.0	0.0
23.0	160.0	0.0	22.0
15.0	34.0	0.0	13.0
15.0	16.0	0.0	13.0
13.0	1.0	0.0	0.0
0.0	1.0	0.0	0.0
13.0	0.0	0.0	0.0
2.0	15.0	0.0	13.0
2.0	11.0	0.0	2.0
2.0	0.0	0.0	2.0
0.0	0.0	0.0	2.0
2.0	0.0	0.0	0.0
0.0	11.0	0.0	0.0
0.0	4.0	0.0	11.0
0.0	4.0	0.0	1.0
0.0	0.0	0.0	1.0
0.0	4.0	0.0	0.0
0.0	0.0	0.0	10.0
0.0	18.0	0.0	0.0
8.0	126.0	0.0	9.0
7.0	17.0	0.0	6.0
7.0	3.0	0.0	1.0
0.0	3.0	0.0	0.0
7.0	0.0	0.0	1.0
0.0	0.0	0.0	1.0
7.0	0.0	0.0	0.0
0.0	14.0	0.0	5.0
0.0	3.0	0.0	4.0
0.0	2.0	0.0	4.0
0.0	2.0	0.0	3.0
0.0	0.0	0.0	1.0
0.0	1.0	0.0	0.0
0.0	11.0	0.0	1.0
0.0	0.0	0.0	1.0
0.0	11.0	0.0	0.0
1.0	109.0	0.0	3.0
1.0	109.0	0.0	2.0
1.0	106.0	0.0	0.0
0.0	99.0	0.0	0.0
1.0	7.0	0.0	0.0
0.0	7.0	0.0	0.0
1.0	0.0	0.0	0.0
0.0	3.0	0.0	2.0
0.0	3.0	0.0	0.0
0.0	0.0	0.0	2.0
0.0	0.0	0.0	1.0
12.0	144.0	3.0	230.0
3.0	53.0	0.0	9.0
3.0	40.0	0.0	0.0
3.0	6.0	0.0	0.0
0.0	6.0	0.0	0.0
3.0	0.0	0.0	0.0
0.0	34.0	0.0	0.0
0.0	13.0	0.0	9.0
0.0	0.0	0.0	6.0
0.0	13.0	0.0	3.0
0.0	12.0	0.0	1.0
0.0	12.0	0.0	0.0
0.0	0.0	0.0	1.0
0.0	1.0	0.0	2.0
0.0	0.0	0.0	2.0
0.0	1.0	0.0	0.0
9.0	91.0	3.0	221.0
7.0	21.0	0.0	3.0
1.0	21.0	0.0	2.0
1.0	3.0	0.0	2.0
0.0	3.0	0.0	0.0
1.0	0.0	0.0	2.0
1.0	0.0	0.0	0.0
0.0	0.0	0.0	2.0
0.0	18.0	0.0	0.0
6.0	0.0	0.0	1.0
6.0	0.0	0.0	0.0
0.0	0.0	0.0	1.0
2.0	70.0	3.0	218.0
2.0	30.0	0.0	189.0
0.0	14.0	0.0	23.0
0.0	8.0	0.0	3.0
0.0	8.0	0.0	0.0
0.0	0.0	0.0	3.0
0.0	6.0	0.0	20.0
0.0	1.0	0.0	18.0
0.0	1.0	0.0	0.0
0.0	0.0	0.0	18.0
0.0	5.0	0.0	2.0
0.0	4.0	0.0	0.0
0.0	1.0	0.0	2.0
0.0	0.0	0.0	2.0
0.0	1.0	0.0	0.0
2.0	16.0	0.0	166.0
2.0	5.0	0.0	136.0
2.0	3.0	0.0	136.0
2.0	0.0	0.0	1.0
0.0	0.0	0.0	1.0
2.0	0.0	0.0	0.0
0.0	3.0	0.0	135.0
0.0	1.0	0.0	0.0
0.0	2.0	0.0	135.0
0.0	1.0	0.0	135.0
0.0	0.0	0.0	119.0
0.0	1.0	0.0	16.0
0.0	1.0	0.0	0.0
0.0	0.0	0.0	16.0
0.0	1.0	0.0	0.0
0.0	2.0	0.0	0.0
0.0	11.0	0.0	30.0
0.0	9.0	0.0	6.0
0.0	9.0	0.0	2.0
0.0	9.0	0.0	1.0
0.0	2.0	0.0	1.0
0.0	7.0	0.0	0.0
0.0	0.0	0.0	1.0
0.0	0.0	0.0	4.0
0.0	2.0	0.0	24.0
0.0	1.0	0.0	24.0
0.0	1.0	0.0	2.0
0.0	0.0	0.0	2.0
0.0	1.0	0.0	0.0
0.0	0.0	0.0	22.0
0.0	1.0	0.0	0.0
0.0	40.0	3.0	29.0
0.0	0.0	3.0	10.0
0.0	0.0	0.0	10.0
0.0	0.0	3.0	0.0
0.0	40.0	0.0	19.0
0.0	6.0	0.0	10.0
0.0	5.0	0.0	0.0
0.0	1.0	0.0	10.0
0.0	0.0	0.0	8.0
0.0	1.0	0.0	2.0
0.0	0.0	0.0	2.0
0.0	1.0	0.0	0.0
0.0	34.0	0.0	9.0
0.0	34.0	0.0	7.0
0.0	30.0	0.0	3.0
0.0	0.0	0.0	1.0
0.0	30.0	0.0	2.0
0.0	22.0	0.0	0.0
0.0	8.0	0.0	2.0
0.0	0.0	0.0	1.0
0.0	8.0	0.0	1.0
0.0	2.0	0.0	1.0
0.0	2.0	0.0	0.0
0.0	0.0	0.0	1.0
0.0	6.0	0.0	0.0
0.0	4.0	0.0	4.0
0.0	0.0	0.0	4.0
0.0	4.0	0.0	0.0
0.0	0.0	0.0	2.0
2.0	392.0	2.0	22.0
2.0	305.0	0.0	1.0
2.0	0.0	0.0	0.0
0.0	305.0	0.0	1.0
0.0	29.0	0.0	1.0
0.0	29.0	0.0	0.0
0.0	0.0	0.0	1.0
0.0	276.0	0.0	0.0
0.0	87.0	2.0	21.0
0.0	87.0	2.0	12.0
0.0	87.0	0.0	8.0
0.0	87.0	0.0	6.0
0.0	1.0	0.0	2.0
0.0	0.0	0.0	2.0
0.0	1.0	0.0	0.0
0.0	86.0	0.0	4.0
0.0	78.0	0.0	1.0
0.0	2.0	0.0	1.0
0.0	0.0	0.0	1.0
0.0	2.0	0.0	0.0
0.0	76.0	0.0	0.0
0.0	8.0	0.0	3.0
0.0	0.0	0.0	3.0
0.0	8.0	0.0	0.0
0.0	0.0	0.0	2.0
0.0	0.0	2.0	4.0
0.0	0.0	0.0	4.0
0.0	0.0	2.0	0.0
0.0	0.0	0.0	9.0
