# Sizes (NFeatures, Nclasses, NodeCount, MaxDepth)
14	4	221	15
# Classes
0.0	1.0	2.0	3.0
# Feature Names
Nrows	Ncols	Nnnz	AvgNnnz	Density	MaxRowNnnz	MinRowNnnz	StdRowNnnz	NDiags	NTrueDiags	AvgNnnzDia	AvgNnnzELL	AvgNnnzHyb	AvgNnnzHdc
# Left
1	2	3	4	5	6	-1	8	-1	-1	11	-1	13	-1	15	-1	-1	18	19	-1	-1	22	-1	-1	-1	26	-1	28	29	30	-1	-1	-1	-1	35	36	37	38	-1	40	41	-1	43	44	-1	-1	-1	48	49	-1	51	52	53	-1	-1	-1	57	-1	-1	-1	61	-1	-1	64	65	66	67	-1	69	70	-1	72	-1	-1	75	-1	77	78	-1	-1	-1	-1	83	84	85	86	87	-1	89	90	-1	-1	-1	94	-1	-1	97	98	99	-1	101	-1	-1	-1	-1	106	107	-1	109	-1	111	-1	-1	-1	115	116	117	-1	-1	120	-1	122	-1	-1	-1	126	127	128	129	130	131	132	-1	-1	-1	136	-1	138	-1	140	-1	-1	143	144	-1	146	-1	-1	149	-1	151	-1	153	-1	-1	-1	157	158	159	-1	-1	162	163	164	165	166	-1	-1	-1	170	171	172	-1	-1	-1	176	-1	-1	179	180	181	182	-1	184	-1	-1	187	-1	189	-1	-1	-1	-1	194	195	-1	-1	-1	199	200	-1	-1	-1	204	-1	206	-1	-1	209	210	211	212	213	-1	-1	-1	-1	-1	219	-1	-1
# Right
34	25	24	17	10	7	-1	9	-1	-1	12	-1	14	-1	16	-1	-1	21	20	-1	-1	23	-1	-1	-1	27	-1	33	32	31	-1	-1	-1	-1	208	63	60	39	-1	47	42	-1	46	45	-1	-1	-1	59	50	-1	56	55	54	-1	-1	-1	58	-1	-1	-1	62	-1	-1	125	82	81	68	-1	74	71	-1	73	-1	-1	76	-1	80	79	-1	-1	-1	-1	114	105	96	93	88	-1	92	91	-1	-1	-1	95	-1	-1	104	103	100	-1	102	-1	-1	-1	-1	113	108	-1	110	-1	112	-1	-1	-1	124	119	118	-1	-1	121	-1	123	-1	-1	-1	203	156	155	142	135	134	133	-1	-1	-1	137	-1	139	-1	141	-1	-1	148	145	-1	147	-1	-1	150	-1	152	-1	154	-1	-1	-1	198	161	160	-1	-1	193	178	169	168	167	-1	-1	-1	175	174	173	-1	-1	-1	177	-1	-1	192	191	186	183	-1	185	-1	-1	188	-1	190	-1	-1	-1	-1	197	196	-1	-1	-1	202	201	-1	-1	-1	205	-1	207	-1	-1	218	217	216	215	214	-1	-1	-1	-1	-1	220	-1	-1
# Threshold
5.813870191574097	2.330660104751587	4.5	10.452189922332764	5.5	5.42808985710144	-2.0	205.0	-2.0	-2.0	6.5	-2.0	57.5	-2.0	205.5	-2.0	-2.0	0.51197350025177	0.7492069900035858	-2.0	-2.0	0.5	-2.0	-2.0	-2.0	4.844444990158081	-2.0	0.7568570077419281	5.353559970855713	861.0	-2.0	-2.0	-2.0	-2.0	13.5	0.3406990021467209	21.0	196.5	-2.0	0.00022168750001583248	13.263800144195557	-2.0	46631.5	0.957709014415741	-2.0	-2.0	-2.0	0.3203290104866028	6.1346049308776855	-2.0	7.0	524.5	407.0	-2.0	-2.0	-2.0	1795.5	-2.0	-2.0	-2.0	22033.0	-2.0	-2.0	1.0320500135421753	7.398530006408691	0.5659064948558807	3.773854950850364e-05	-2.0	1.5	0.2302505001425743	-2.0	7.157525062561035	-2.0	-2.0	0.3530854880809784	-2.0	7.169420003890991	1176.0	-2.0	-2.0	-2.0	-2.0	1.5	1.5	21882.0	21.686100006103516	0.2968759983778	-2.0	0.9340234994888306	0.0039117899723351	-2.0	-2.0	-2.0	0.0018122935434803367	-2.0	-2.0	0.9281085133552551	5.166884875507094e-05	65.34225082397461	-2.0	1258649.0	-2.0	-2.0	-2.0	-2.0	51.70974922180176	3.4348399822192732e-06	-2.0	5789.0	-2.0	4.0	-2.0	-2.0	-2.0	39974.0	871.0	9.666280269622803	-2.0	-2.0	4629.5	-2.0	4925.5	-2.0	-2.0	-2.0	0.7391919791698456	2.5	482554.0	0.6776885092258453	1.146720051765442	8510.0	1.0994700193405151	-2.0	-2.0	-2.0	0.5	-2.0	1261408.0	-2.0	23.307849407196045	-2.0	-2.0	4.0	1.2797760348348675e-05	-2.0	0.0522257499396801	-2.0	-2.0	0.9017325043678284	-2.0	27.420350074768066	-2.0	12292800.0	-2.0	-2.0	-2.0	0.15527799725532532	0.3465384989976883	3.3315300941467285	-2.0	-2.0	12.0	7417.0	3329.0	4.0	3.5	-2.0	-2.0	-2.0	599.5	0.013961349613964558	11.0	-2.0	-2.0	-2.0	7124.5	-2.0	-2.0	1.5852500200271606	1.5329599976539612	3.2909549474716187	1.2082299590110779	-2.0	0.43271200358867645	-2.0	-2.0	5.6159951782319695e-05	-2.0	20.5	-2.0	-2.0	-2.0	-2.0	173712.5	1.8774999976158142	-2.0	-2.0	-2.0	7.251669883728027	10.0	-2.0	-2.0	-2.0	19898.0	-2.0	3.2278350591659546	-2.0	-2.0	0.755759984254837	3483380.0	41396.5	24.5	0.41300199925899506	-2.0	-2.0	-2.0	-2.0	-2.0	5.145295143127441	-2.0	-2.0
# Feature
3	12	6	7	9	3	-2	0	-2	-2	8	-2	8	-2	8	-2	-2	13	12	-2	-2	6	-2	-2	-2	3	-2	10	3	8	-2	-2	-2	-2	9	13	6	2	-2	4	7	-2	5	12	-2	-2	-2	13	3	-2	6	2	2	-2	-2	-2	8	-2	-2	-2	8	-2	-2	12	3	13	4	-2	6	11	-2	3	-2	-2	13	-2	3	0	-2	-2	-2	-2	6	9	0	3	11	-2	12	4	-2	-2	-2	10	-2	-2	12	4	7	-2	1	-2	-2	-2	-2	7	10	-2	1	-2	9	-2	-2	-2	5	8	3	-2	-2	5	-2	5	-2	-2	-2	10	9	8	13	12	0	12	-2	-2	-2	6	-2	2	-2	3	-2	-2	6	4	-2	10	-2	-2	13	-2	3	-2	0	-2	-2	-2	10	13	7	-2	-2	9	2	2	9	6	-2	-2	-2	0	4	5	-2	-2	-2	2	-2	-2	12	12	7	12	-2	13	-2	-2	10	-2	5	-2	-2	-2	-2	2	12	-2	-2	-2	3	5	-2	-2	-2	0	-2	12	-2	-2	10	0	5	5	13	-2	-2	-2	-2	-2	7	-2	-2
# Values
507.0	707.0	46.0	255.0
467.0	13.0	22.0	4.0
442.0	9.0	3.0	0.0
442.0	8.0	3.0	0.0
408.0	3.0	3.0	0.0
387.0	2.0	0.0	0.0
370.0	0.0	0.0	0.0
17.0	2.0	0.0	0.0
0.0	2.0	0.0	0.0
17.0	0.0	0.0	0.0
21.0	1.0	3.0	0.0
0.0	0.0	3.0	0.0
21.0	1.0	0.0	0.0
19.0	0.0	0.0	0.0
2.0	1.0	0.0	0.0
0.0	1.0	0.0	0.0
2.0	0.0	0.0	0.0
34.0	5.0	0.0	0.0
33.0	1.0	0.0	0.0
33.0	0.0	0.0	0.0
0.0	1.0	0.0	0.0
1.0	4.0	0.0	0.0
0.0	4.0	0.0	0.0
1.0	0.0	0.0	0.0
0.0	1.0	0.0	0.0
25.0	4.0	19.0	4.0
23.0	0.0	0.0	0.0
2.0	4.0	19.0	4.0
2.0	4.0	0.0	4.0
2.0	0.0	0.0	4.0
0.0	0.0	0.0	4.0
2.0	0.0	0.0	0.0
0.0	4.0	0.0	0.0
0.0	0.0	19.0	0.0
40.0	694.0	24.0	251.0
40.0	357.0	21.0	246.0
10.0	136.0	0.0	9.0
10.0	132.0	0.0	3.0
2.0	0.0	0.0	0.0
8.0	132.0	0.0	3.0
6.0	14.0	0.0	2.0
6.0	0.0	0.0	0.0
0.0	14.0	0.0	2.0
0.0	2.0	0.0	2.0
0.0	0.0	0.0	2.0
0.0	2.0	0.0	0.0
0.0	12.0	0.0	0.0
2.0	118.0	0.0	1.0
2.0	24.0	0.0	1.0
1.0	0.0	0.0	0.0
1.0	24.0	0.0	1.0
1.0	22.0	0.0	0.0
1.0	4.0	0.0	0.0
0.0	4.0	0.0	0.0
1.0	0.0	0.0	0.0
0.0	18.0	0.0	0.0
0.0	2.0	0.0	1.0
0.0	0.0	0.0	1.0
0.0	2.0	0.0	0.0
0.0	94.0	0.0	0.0
0.0	4.0	0.0	6.0
0.0	4.0	0.0	0.0
0.0	0.0	0.0	6.0
30.0	221.0	21.0	237.0
12.0	58.0	0.0	167.0
7.0	24.0	0.0	8.0
2.0	24.0	0.0	8.0
2.0	0.0	0.0	0.0
0.0	24.0	0.0	8.0
0.0	17.0	0.0	1.0
0.0	16.0	0.0	0.0
0.0	1.0	0.0	1.0
0.0	0.0	0.0	1.0
0.0	1.0	0.0	0.0
0.0	7.0	0.0	7.0
0.0	3.0	0.0	0.0
0.0	4.0	0.0	7.0
0.0	2.0	0.0	7.0
0.0	2.0	0.0	4.0
0.0	0.0	0.0	3.0
0.0	2.0	0.0	0.0
5.0	0.0	0.0	0.0
5.0	34.0	0.0	159.0
5.0	29.0	0.0	46.0
4.0	16.0	0.0	42.0
0.0	5.0	0.0	33.0
0.0	2.0	0.0	32.0
0.0	0.0	0.0	26.0
0.0	2.0	0.0	6.0
0.0	2.0	0.0	3.0
0.0	1.0	0.0	1.0
0.0	1.0	0.0	2.0
0.0	0.0	0.0	3.0
0.0	3.0	0.0	1.0
0.0	0.0	0.0	1.0
0.0	3.0	0.0	0.0
4.0	11.0	0.0	9.0
4.0	11.0	0.0	4.0
4.0	1.0	0.0	4.0
4.0	0.0	0.0	0.0
0.0	1.0	0.0	4.0
0.0	0.0	0.0	4.0
0.0	1.0	0.0	0.0
0.0	10.0	0.0	0.0
0.0	0.0	0.0	5.0
1.0	13.0	0.0	4.0
1.0	13.0	0.0	2.0
1.0	0.0	0.0	0.0
0.0	13.0	0.0	2.0
0.0	9.0	0.0	0.0
0.0	4.0	0.0	2.0
0.0	4.0	0.0	0.0
0.0	0.0	0.0	2.0
0.0	0.0	0.0	2.0
0.0	5.0	0.0	113.0
0.0	3.0	0.0	113.0
0.0	2.0	0.0	1.0
0.0	0.0	0.0	1.0
0.0	2.0	0.0	0.0
0.0	1.0	0.0	112.0
0.0	0.0	0.0	99.0
0.0	1.0	0.0	13.0
0.0	1.0	0.0	0.0
0.0	0.0	0.0	13.0
0.0	2.0	0.0	0.0
18.0	163.0	21.0	70.0
18.0	161.0	0.0	70.0
10.0	23.0	0.0	42.0
2.0	23.0	0.0	42.0
2.0	8.0	0.0	36.0
0.0	6.0	0.0	1.0
0.0	1.0	0.0	1.0
0.0	1.0	0.0	0.0
0.0	0.0	0.0	1.0
0.0	5.0	0.0	0.0
2.0	2.0	0.0	35.0
2.0	0.0	0.0	0.0
0.0	2.0	0.0	35.0
0.0	0.0	0.0	32.0
0.0	2.0	0.0	3.0
0.0	0.0	0.0	3.0
0.0	2.0	0.0	0.0
0.0	15.0	0.0	6.0
0.0	12.0	0.0	2.0
0.0	0.0	0.0	1.0
0.0	12.0	0.0	1.0
0.0	12.0	0.0	0.0
0.0	0.0	0.0	1.0
0.0	3.0	0.0	4.0
0.0	0.0	0.0	3.0
0.0	3.0	0.0	1.0
0.0	2.0	0.0	0.0
0.0	1.0	0.0	1.0
0.0	0.0	0.0	1.0
0.0	1.0	0.0	0.0
8.0	0.0	0.0	0.0
8.0	138.0	0.0	28.0
4.0	135.0	0.0	23.0
0.0	3.0	0.0	6.0
0.0	3.0	0.0	0.0
0.0	0.0	0.0	6.0
4.0	132.0	0.0	17.0
3.0	127.0	0.0	12.0
1.0	24.0	0.0	7.0
0.0	17.0	0.0	1.0
0.0	1.0	0.0	1.0
0.0	1.0	0.0	0.0
0.0	0.0	0.0	1.0
0.0	16.0	0.0	0.0
1.0	7.0	0.0	6.0
1.0	1.0	0.0	5.0
1.0	1.0	0.0	0.0
0.0	1.0	0.0	0.0
1.0	0.0	0.0	0.0
0.0	0.0	0.0	5.0
0.0	6.0	0.0	1.0
0.0	6.0	0.0	0.0
0.0	0.0	0.0	1.0
2.0	103.0	0.0	5.0
2.0	58.0	0.0	5.0
2.0	58.0	0.0	3.0
2.0	2.0	0.0	1.0
2.0	0.0	0.0	0.0
0.0	2.0	0.0	1.0
0.0	0.0	0.0	1.0
0.0	2.0	0.0	0.0
0.0	56.0	0.0	2.0
0.0	0.0	0.0	1.0
0.0	56.0	0.0	1.0
0.0	0.0	0.0	1.0
0.0	56.0	0.0	0.0
0.0	0.0	0.0	2.0
0.0	45.0	0.0	0.0
1.0	5.0	0.0	5.0
1.0	5.0	0.0	0.0
0.0	5.0	0.0	0.0
1.0	0.0	0.0	0.0
0.0	0.0	0.0	5.0
4.0	3.0	0.0	5.0
4.0	3.0	0.0	0.0
0.0	3.0	0.0	0.0
4.0	0.0	0.0	0.0
0.0	0.0	0.0	5.0
0.0	2.0	21.0	0.0
0.0	0.0	18.0	0.0
0.0	2.0	3.0	0.0
0.0	2.0	0.0	0.0
0.0	0.0	3.0	0.0
0.0	337.0	3.0	5.0
0.0	336.0	0.0	5.0
0.0	336.0	0.0	3.0
0.0	336.0	0.0	2.0
0.0	18.0	0.0	2.0
0.0	18.0	0.0	0.0
0.0	0.0	0.0	2.0
0.0	318.0	0.0	0.0
0.0	0.0	0.0	1.0
0.0	0.0	0.0	2.0
0.0	1.0	3.0	0.0
0.0	0.0	3.0	0.0
0.0	1.0	0.0	0.0
