# Sizes (NFeatures, Nclasses, NodeCount, MaxDepth)
14	4	201	15
# Classes
0.0	1.0	2.0	3.0
# Feature Names
Nrows	Ncols	Nnnz	AvgNnnz	Density	MaxRowNnnz	MinRowNnnz	StdRowNnnz	NDiags	NTrueDiags	AvgNnnzDia	AvgNnnzELL	AvgNnnzHyb	AvgNnnzHdc
# Left
1	2	3	4	-1	-1	-1	8	9	-1	-1	12	13	-1	15	-1	-1	-1	19	20	21	22	-1	24	-1	-1	27	28	29	30	-1	-1	-1	34	-1	36	-1	38	-1	-1	41	42	43	-1	45	46	-1	48	-1	-1	-1	52	53	54	55	56	57	-1	-1	-1	61	62	63	-1	-1	-1	-1	-1	69	70	-1	72	-1	-1	75	-1	77	78	79	80	-1	-1	-1	-1	-1	86	87	-1	-1	-1	91	-1	93	-1	-1	96	97	98	99	-1	-1	102	-1	-1	105	106	-1	-1	109	110	111	112	-1	114	115	-1	117	-1	-1	-1	-1	-1	123	124	125	-1	-1	-1	129	130	-1	-1	133	-1	135	-1	-1	138	139	140	141	-1	-1	144	-1	-1	147	-1	149	150	-1	152	-1	-1	-1	156	157	-1	159	-1	-1	162	163	164	-1	166	-1	168	169	-1	171	-1	-1	174	-1	-1	177	-1	179	-1	181	182	-1	-1	-1	186	-1	-1	189	-1	191	192	193	-1	-1	196	197	-1	-1	-1	-1
# Right
18	7	6	5	-1	-1	-1	11	10	-1	-1	17	14	-1	16	-1	-1	-1	188	95	26	23	-1	25	-1	-1	40	33	32	31	-1	-1	-1	35	-1	37	-1	39	-1	-1	90	51	44	-1	50	47	-1	49	-1	-1	-1	85	68	67	60	59	58	-1	-1	-1	66	65	64	-1	-1	-1	-1	-1	74	71	-1	73	-1	-1	76	-1	84	83	82	81	-1	-1	-1	-1	-1	89	88	-1	-1	-1	92	-1	94	-1	-1	137	104	101	100	-1	-1	103	-1	-1	108	107	-1	-1	122	121	120	113	-1	119	116	-1	118	-1	-1	-1	-1	-1	128	127	126	-1	-1	-1	132	131	-1	-1	134	-1	136	-1	-1	155	146	143	142	-1	-1	145	-1	-1	148	-1	154	151	-1	153	-1	-1	-1	161	158	-1	160	-1	-1	185	176	165	-1	167	-1	173	170	-1	172	-1	-1	175	-1	-1	178	-1	180	-1	184	183	-1	-1	-1	187	-1	-1	190	-1	200	195	194	-1	-1	199	198	-1	-1	-1	-1
# Threshold
5.583899974822998	0.39378149807453156	0.6842085123062134	0.5596289932727814	-2.0	-2.0	-2.0	4.5	52.0	-2.0	-2.0	0.6432849764823914	0.434643492102623	-2.0	0.6983755230903625	-2.0	-2.0	-2.0	13.5	8.467984676361084	10.0	7.296674966812134	-2.0	0.7370185106992722	-2.0	-2.0	2.5644199922680855e-05	2.5	0.0001263325484615052	2.7262950425210875e-05	-2.0	-2.0	-2.0	0.32220450043678284	-2.0	2.06142003662535e-05	-2.0	286280.5	-2.0	-2.0	14.749149799346924	1.0515350103378296	6.678344964981079	-2.0	1521.0	0.01889139972627163	-2.0	5.865409851074219	-2.0	-2.0	-2.0	24.0	1.3977699875831604	7.1546950340271	1.2211899757385254	3.59750497341156	38923.5	-2.0	-2.0	-2.0	0.6111670136451721	0.4545454829931259	3641.0	-2.0	-2.0	-2.0	-2.0	-2.0	6.931124925613403	2.3387149572372437	-2.0	6.696534872055054	-2.0	-2.0	1.556725025177002	-2.0	0.16651009768247604	18.5	0.36781150102615356	784.5	-2.0	-2.0	-2.0	-2.0	-2.0	0.5	7.306604862213135	-2.0	-2.0	-2.0	7.458194971084595	-2.0	0.343004509806633	-2.0	-2.0	1.0309650301933289	0.34349898993968964	147455.0	17.38344955444336	-2.0	-2.0	0.6324184834957123	-2.0	-2.0	7.216210178739857e-05	13.232800006866455	-2.0	-2.0	113.5	75.5	26.33910083770752	617.0	-2.0	0.932929515838623	15.558249950408936	-2.0	119595.0	-2.0	-2.0	-2.0	-2.0	-2.0	0.5	0.0006025130132911727	0.4082314968109131	-2.0	-2.0	-2.0	0.0017918149824254215	678937.0	-2.0	-2.0	7.0	-2.0	0.4153285026550293	-2.0	-2.0	2.5	3.5	33.39925003051758	1737.5	-2.0	-2.0	0.49871698021888733	-2.0	-2.0	23.50434970855713	-2.0	0.9792985022068024	29.5	-2.0	0.6898199915885925	-2.0	-2.0	-2.0	191.0	0.001486659049987793	-2.0	5.452455043792725	-2.0	-2.0	68.34605026245117	0.3733759969472885	921.5	-2.0	3.0964200496673584	-2.0	7651875.0	9.0	-2.0	0.3386169970035553	-2.0	-2.0	491177.0	-2.0	-2.0	173582.5	-2.0	14363.5	-2.0	2.59517502784729	26239.0	-2.0	-2.0	-2.0	24740.5	-2.0	-2.0	21.5	-2.0	855.5334777832031	32.5	0.44701650738716125	-2.0	-2.0	18.5	0.41134950518608093	-2.0	-2.0	-2.0	-2.0
# Feature
3	10	12	13	-2	-2	-2	9	0	-2	-2	10	13	-2	7	-2	-2	-2	9	3	8	3	-2	7	-2	-2	10	9	11	11	-2	-2	-2	13	-2	10	-2	1	-2	-2	7	12	7	-2	8	11	-2	3	-2	-2	-2	5	12	3	12	7	2	-2	-2	-2	13	10	0	-2	-2	-2	-2	-2	3	7	-2	3	-2	-2	12	-2	10	5	13	8	-2	-2	-2	-2	-2	9	3	-2	-2	-2	3	-2	13	-2	-2	12	13	0	7	-2	-2	12	-2	-2	4	3	-2	-2	5	5	7	8	-2	12	3	-2	2	-2	-2	-2	-2	-2	6	10	13	-2	-2	-2	11	2	-2	-2	9	-2	13	-2	-2	9	6	7	0	-2	-2	11	-2	-2	3	-2	11	6	-2	11	-2	-2	-2	8	4	-2	7	-2	-2	3	11	1	-2	7	-2	2	6	-2	13	-2	-2	0	-2	-2	2	-2	1	-2	7	8	-2	-2	-2	1	-2	-2	8	-2	7	8	13	-2	-2	5	13	-2	-2	-2	-2
# Values
483.0	733.0	38.0	261.0
429.0	2.0	15.0	16.0
382.0	2.0	0.0	0.0
34.0	2.0	0.0	0.0
34.0	0.0	0.0	0.0
0.0	2.0	0.0	0.0
348.0	0.0	0.0	0.0
47.0	0.0	15.0	16.0
39.0	0.0	1.0	0.0
0.0	0.0	1.0	0.0
39.0	0.0	0.0	0.0
8.0	0.0	14.0	16.0
8.0	0.0	0.0	16.0
7.0	0.0	0.0	0.0
1.0	0.0	0.0	16.0
0.0	0.0	0.0	15.0
1.0	0.0	0.0	1.0
0.0	0.0	14.0	0.0
54.0	731.0	23.0	245.0
54.0	394.0	20.0	240.0
50.0	223.0	18.0	40.0
0.0	1.0	18.0	0.0
0.0	0.0	16.0	0.0
0.0	1.0	2.0	0.0
0.0	1.0	0.0	0.0
0.0	0.0	2.0	0.0
50.0	222.0	0.0	40.0
21.0	10.0	0.0	4.0
17.0	0.0	0.0	3.0
1.0	0.0	0.0	3.0
1.0	0.0	0.0	0.0
0.0	0.0	0.0	3.0
16.0	0.0	0.0	0.0
4.0	10.0	0.0	1.0
3.0	0.0	0.0	0.0
1.0	10.0	0.0	1.0
0.0	10.0	0.0	0.0
1.0	0.0	0.0	1.0
1.0	0.0	0.0	0.0
0.0	0.0	0.0	1.0
29.0	212.0	0.0	36.0
29.0	118.0	0.0	33.0
15.0	16.0	0.0	15.0
14.0	0.0	0.0	0.0
1.0	16.0	0.0	15.0
1.0	16.0	0.0	2.0
1.0	0.0	0.0	0.0
0.0	16.0	0.0	2.0
0.0	3.0	0.0	2.0
0.0	13.0	0.0	0.0
0.0	0.0	0.0	13.0
14.0	102.0	0.0	18.0
14.0	59.0	0.0	17.0
14.0	8.0	0.0	7.0
14.0	2.0	0.0	7.0
1.0	0.0	0.0	6.0
1.0	0.0	0.0	2.0
0.0	0.0	0.0	2.0
1.0	0.0	0.0	0.0
0.0	0.0	0.0	4.0
13.0	2.0	0.0	1.0
13.0	2.0	0.0	0.0
13.0	1.0	0.0	0.0
13.0	0.0	0.0	0.0
0.0	1.0	0.0	0.0
0.0	1.0	0.0	0.0
0.0	0.0	0.0	1.0
0.0	6.0	0.0	0.0
0.0	51.0	0.0	10.0
0.0	37.0	0.0	1.0
0.0	34.0	0.0	0.0
0.0	3.0	0.0	1.0
0.0	3.0	0.0	0.0
0.0	0.0	0.0	1.0
0.0	14.0	0.0	9.0
0.0	0.0	0.0	5.0
0.0	14.0	0.0	4.0
0.0	14.0	0.0	2.0
0.0	14.0	0.0	1.0
0.0	1.0	0.0	1.0
0.0	1.0	0.0	0.0
0.0	0.0	0.0	1.0
0.0	13.0	0.0	0.0
0.0	0.0	0.0	1.0
0.0	0.0	0.0	2.0
0.0	43.0	0.0	1.0
0.0	1.0	0.0	1.0
0.0	0.0	0.0	1.0
0.0	1.0	0.0	0.0
0.0	42.0	0.0	0.0
0.0	94.0	0.0	3.0
0.0	89.0	0.0	0.0
0.0	5.0	0.0	3.0
0.0	5.0	0.0	0.0
0.0	0.0	0.0	3.0
4.0	171.0	2.0	200.0
4.0	50.0	0.0	138.0
0.0	22.0	0.0	6.0
0.0	18.0	0.0	1.0
0.0	0.0	0.0	1.0
0.0	18.0	0.0	0.0
0.0	4.0	0.0	5.0
0.0	4.0	0.0	0.0
0.0	0.0	0.0	5.0
4.0	28.0	0.0	132.0
3.0	8.0	0.0	0.0
0.0	8.0	0.0	0.0
3.0	0.0	0.0	0.0
1.0	20.0	0.0	132.0
0.0	13.0	0.0	14.0
0.0	6.0	0.0	14.0
0.0	3.0	0.0	14.0
0.0	1.0	0.0	0.0
0.0	2.0	0.0	14.0
0.0	2.0	0.0	2.0
0.0	0.0	0.0	1.0
0.0	2.0	0.0	1.0
0.0	1.0	0.0	1.0
0.0	1.0	0.0	0.0
0.0	0.0	0.0	12.0
0.0	3.0	0.0	0.0
0.0	7.0	0.0	0.0
1.0	7.0	0.0	118.0
1.0	2.0	0.0	2.0
1.0	2.0	0.0	0.0
1.0	0.0	0.0	0.0
0.0	2.0	0.0	0.0
0.0	0.0	0.0	2.0
0.0	5.0	0.0	116.0
0.0	2.0	0.0	1.0
0.0	2.0	0.0	0.0
0.0	0.0	0.0	1.0
0.0	3.0	0.0	115.0
0.0	0.0	0.0	101.0
0.0	3.0	0.0	14.0
0.0	3.0	0.0	0.0
0.0	0.0	0.0	14.0
0.0	121.0	2.0	62.0
0.0	27.0	0.0	36.0
0.0	18.0	0.0	5.0
0.0	17.0	0.0	1.0
0.0	0.0	0.0	1.0
0.0	17.0	0.0	0.0
0.0	1.0	0.0	4.0
0.0	1.0	0.0	0.0
0.0	0.0	0.0	4.0
0.0	9.0	0.0	31.0
0.0	0.0	0.0	27.0
0.0	9.0	0.0	4.0
0.0	9.0	0.0	2.0
0.0	7.0	0.0	0.0
0.0	2.0	0.0	2.0
0.0	0.0	0.0	2.0
0.0	2.0	0.0	0.0
0.0	0.0	0.0	2.0
0.0	94.0	2.0	26.0
0.0	1.0	2.0	6.0
0.0	0.0	2.0	0.0
0.0	1.0	0.0	6.0
0.0	0.0	0.0	6.0
0.0	1.0	0.0	0.0
0.0	93.0	0.0	20.0
0.0	91.0	0.0	16.0
0.0	38.0	0.0	13.0
0.0	0.0	0.0	5.0
0.0	38.0	0.0	8.0
0.0	0.0	0.0	4.0
0.0	38.0	0.0	4.0
0.0	37.0	0.0	1.0
0.0	34.0	0.0	0.0
0.0	3.0	0.0	1.0
0.0	3.0	0.0	0.0
0.0	0.0	0.0	1.0
0.0	1.0	0.0	3.0
0.0	0.0	0.0	3.0
0.0	1.0	0.0	0.0
0.0	53.0	0.0	3.0
0.0	30.0	0.0	0.0
0.0	23.0	0.0	3.0
0.0	0.0	0.0	2.0
0.0	23.0	0.0	1.0
0.0	3.0	0.0	1.0
0.0	0.0	0.0	1.0
0.0	3.0	0.0	0.0
0.0	20.0	0.0	0.0
0.0	2.0	0.0	4.0
0.0	2.0	0.0	0.0
0.0	0.0	0.0	4.0
0.0	337.0	3.0	5.0
0.0	0.0	3.0	0.0
0.0	337.0	0.0	5.0
0.0	337.0	0.0	4.0
0.0	7.0	0.0	2.0
0.0	7.0	0.0	0.0
0.0	0.0	0.0	2.0
0.0	330.0	0.0	2.0
0.0	10.0	0.0	2.0
0.0	10.0	0.0	0.0
0.0	0.0	0.0	2.0
0.0	320.0	0.0	0.0
0.0	0.0	0.0	1.0
