# Sizes (NFeatures, Nclasses, NodeCount, MaxDepth)
10	4	331	18
# Classes
0.0	1.0	2.0	3.0
# Feature Names
Nrows	Ncols	Nnnz	AvgNnnz	Density	MaxRowNnnz	MinRowNnnz	StdRowNnnz	NDiags	NTrueDiags
# Left
1	2	3	4	5	6	7	-1	9	10	11	12	-1	14	-1	-1	17	-1	19	-1	-1	-1	-1	24	-1	26	27	-1	29	30	31	-1	-1	-1	-1	-1	37	38	-1	40	-1	42	-1	-1	45	46	-1	48	-1	-1	51	52	-1	-1	-1	56	-1	-1	59	60	61	-1	63	64	-1	-1	67	-1	69	70	-1	-1	-1	74	75	-1	-1	-1	79	80	-1	-1	83	84	85	86	-1	88	-1	-1	-1	-1	-1	94	95	-1	97	-1	99	-1	101	-1	103	-1	-1	106	107	108	-1	-1	-1	112	-1	-1	115	116	117	118	119	120	-1	-1	123	124	-1	-1	127	-1	-1	130	-1	132	133	134	-1	-1	-1	138	139	-1	-1	-1	143	144	145	146	-1	-1	149	-1	-1	-1	153	154	155	-1	157	-1	-1	160	-1	-1	163	164	-1	-1	-1	168	-1	170	171	172	173	-1	-1	-1	177	-1	179	-1	181	182	183	184	-1	186	-1	-1	-1	190	191	192	193	194	-1	-1	197	-1	-1	200	-1	202	203	-1	205	-1	-1	-1	-1	-1	-1	212	213	-1	215	-1	217	-1	219	220	221	222	-1	224	225	-1	227	-1	229	230	-1	-1	-1	-1	235	236	-1	238	-1	240	241	-1	-1	-1	-1	-1	-1	248	-1	-1	251	252	-1	254	255	-1	-1	258	-1	-1	261	262	263	264	-1	266	-1	-1	269	270	-1	-1	-1	274	275	-1	277	-1	-1	-1	281	282	283	284	285	286	-1	288	-1	290	-1	292	-1	-1	-1	-1	297	298	299	-1	-1	-1	-1	304	305	306	307	-1	-1	-1	311	-1	-1	-1	315	316	317	318	-1	-1	-1	322	-1	-1	325	326	-1	328	-1	-1	-1
# Right
114	93	58	55	36	23	8	-1	22	21	16	13	-1	15	-1	-1	18	-1	20	-1	-1	-1	-1	25	-1	35	28	-1	34	33	32	-1	-1	-1	-1	-1	44	39	-1	41	-1	43	-1	-1	50	47	-1	49	-1	-1	54	53	-1	-1	-1	57	-1	-1	78	73	62	-1	66	65	-1	-1	68	-1	72	71	-1	-1	-1	77	76	-1	-1	-1	82	81	-1	-1	92	91	90	87	-1	89	-1	-1	-1	-1	-1	105	96	-1	98	-1	100	-1	102	-1	104	-1	-1	111	110	109	-1	-1	-1	113	-1	-1	250	167	142	129	122	121	-1	-1	126	125	-1	-1	128	-1	-1	131	-1	137	136	135	-1	-1	-1	141	140	-1	-1	-1	152	151	148	147	-1	-1	150	-1	-1	-1	162	159	156	-1	158	-1	-1	161	-1	-1	166	165	-1	-1	-1	169	-1	211	176	175	174	-1	-1	-1	178	-1	180	-1	210	189	188	185	-1	187	-1	-1	-1	209	208	199	196	195	-1	-1	198	-1	-1	201	-1	207	204	-1	206	-1	-1	-1	-1	-1	-1	247	214	-1	216	-1	218	-1	246	245	234	223	-1	233	226	-1	228	-1	232	231	-1	-1	-1	-1	244	237	-1	239	-1	243	242	-1	-1	-1	-1	-1	-1	249	-1	-1	260	253	-1	257	256	-1	-1	259	-1	-1	280	273	268	265	-1	267	-1	-1	272	271	-1	-1	-1	279	276	-1	278	-1	-1	-1	314	303	296	295	294	287	-1	289	-1	291	-1	293	-1	-1	-1	-1	302	301	300	-1	-1	-1	-1	313	310	309	308	-1	-1	-1	312	-1	-1	-1	324	321	320	319	-1	-1	-1	323	-1	-1	330	327	-1	329	-1	-1	-1
# Threshold
4099.5	5644.0	1.4481050372123718	16.5	0.05928579904139042	0.603516012430191	1.5	-2.0	984.0	5.5	1164.5	2.5	-2.0	4.5	-2.0	-2.0	2.5	-2.0	4.5	-2.0	-2.0	-2.0	-2.0	1.5	-2.0	6.434830188751221	57.5	-2.0	0.008708369918167591	843.0	0.006542955059558153	-2.0	-2.0	-2.0	-2.0	-2.0	4.5	1.5	-2.0	9.5	-2.0	54.0	-2.0	-2.0	9.5	6.0	-2.0	65.5	-2.0	-2.0	7.5	315.0	-2.0	-2.0	-2.0	12.073050022125244	-2.0	-2.0	904.5	3.5	0.05952880159020424	-2.0	3.5	11.0	-2.0	-2.0	35.5	-2.0	74.5	50.5	-2.0	-2.0	-2.0	26.0	6.834545135498047	-2.0	-2.0	-2.0	1.8443549871444702	14.0	-2.0	-2.0	4.274405002593994	3060.5	13.533149719238281	471.0	-2.0	9.5	-2.0	-2.0	-2.0	-2.0	-2.0	9.5	0.00514810997992754	-2.0	2613.5	-2.0	0.5	-2.0	9.0	-2.0	269.5	-2.0	-2.0	17.516550064086914	11.0	20.0	-2.0	-2.0	-2.0	943.5	-2.0	-2.0	34.80005073547363	143.0	15.5	0.6410484910011292	6905435.0	12850.0	-2.0	-2.0	6.5	3.349015003095701e-07	-2.0	-2.0	7.5	-2.0	-2.0	837114.0	-2.0	1593795.0	6945235.0	1242150.0	-2.0	-2.0	-2.0	25008300.0	2736530.0	-2.0	-2.0	-2.0	7.073280096054077	37.0	0.5	7624287.0	-2.0	-2.0	41727.0	-2.0	-2.0	-2.0	1.5	355419.5	49465.0	-2.0	0.000383835009415634	-2.0	-2.0	2802945.0	-2.0	-2.0	18.5	1.1933199763298035	-2.0	-2.0	-2.0	9.411594867706299	-2.0	35730.0	53900.0	3245.0	0.00039952700899448246	-2.0	-2.0	-2.0	16.030750274658203	-2.0	0.5	-2.0	32892.5	0.0004154049966018647	1.5	24075.0	-2.0	47954.5	-2.0	-2.0	-2.0	102.60124969482422	2670.0	628.5	226.5	2609.0	-2.0	-2.0	15.791549682617188	-2.0	-2.0	1.5	-2.0	9855.0	6624.0	-2.0	9.645289897918701	-2.0	-2.0	-2.0	-2.0	-2.0	-2.0	33.21460151672363	29420.5	-2.0	3.915665030479431	-2.0	2.6543249305177596e-06	-2.0	1014201.5	14536155.0	5.579820026468951e-05	598203.0	-2.0	94372.0	209292.0	-2.0	290485.0	-2.0	2.5	4841555.0	-2.0	-2.0	-2.0	-2.0	7.5	13.505300045013428	-2.0	4.0	-2.0	10.754759788513184	54855.0	-2.0	-2.0	-2.0	-2.0	-2.0	-2.0	114350.5	-2.0	-2.0	7620.0	883.0	-2.0	460212.5	1112.0	-2.0	-2.0	37.5	-2.0	-2.0	66.6692008972168	10387350.0	56.29215049743652	37526.0	-2.0	0.0009913445101119578	-2.0	-2.0	206.5395050048828	8756.0	-2.0	-2.0	-2.0	44.387399673461914	57048.0	-2.0	38.13960075378418	-2.0	-2.0	-2.0	70060.5	36208.5	54.0	51.0	4470.0	15172.0	-2.0	11676.0	-2.0	2.0	-2.0	0.004029405070468783	-2.0	-2.0	-2.0	-2.0	36.0	182.0	21736.0	-2.0	-2.0	-2.0	-2.0	65150.5	9690835.0	57581.0	41477.0	-2.0	-2.0	-2.0	50977.5	-2.0	-2.0	-2.0	7807.0	16.0	0.0005597959971055388	226867.5	-2.0	-2.0	-2.0	477.5	-2.0	-2.0	13.5	66400998.0	-2.0	141164504.0	-2.0	-2.0	-2.0
# Feature
1	2	7	5	4	7	3	-2	0	5	2	6	-2	5	-2	-2	6	-2	5	-2	-2	-2	-2	9	-2	3	1	-2	4	0	4	-2	-2	-2	-2	-2	9	9	-2	8	-2	1	-2	-2	9	9	-2	2	-2	-2	6	2	-2	-2	-2	3	-2	-2	2	6	4	-2	9	5	-2	-2	0	-2	0	0	-2	-2	-2	1	3	-2	-2	-2	7	5	-2	-2	7	2	3	1	-2	5	-2	-2	-2	-2	-2	6	4	-2	1	-2	6	-2	9	-2	8	-2	-2	3	6	5	-2	-2	-2	5	-2	-2	3	5	5	7	2	2	-2	-2	5	4	-2	-2	5	-2	-2	1	-2	0	2	0	-2	-2	-2	2	0	-2	-2	-2	3	5	9	2	-2	-2	2	-2	-2	-2	9	0	8	-2	4	-2	-2	1	-2	-2	5	7	-2	-2	-2	7	-2	1	2	5	4	-2	-2	-2	7	-2	6	-2	1	4	6	1	-2	8	-2	-2	-2	7	5	5	5	8	-2	-2	3	-2	-2	6	-2	0	8	-2	3	-2	-2	-2	-2	-2	-2	3	8	-2	3	-2	4	-2	8	2	4	2	-2	5	0	-2	0	-2	9	2	-2	-2	-2	-2	6	7	-2	9	-2	3	1	-2	-2	-2	-2	-2	-2	1	-2	-2	8	8	-2	1	5	-2	-2	5	-2	-2	3	2	3	0	-2	4	-2	-2	7	8	-2	-2	-2	3	8	-2	3	-2	-2	-2	0	0	9	6	5	8	-2	0	-2	6	-2	4	-2	-2	-2	-2	6	9	8	-2	-2	-2	-2	1	2	0	1	-2	-2	-2	0	-2	-2	-2	5	9	4	0	-2	-2	-2	5	-2	-2	9	2	-2	2	-2	-2	-2
# Values
420.7500000000013	420.75000000001336	420.7499999999996	420.74999999999983
5.359872611464968	202.17096100278874	392.69999999999965	14.025
0.0	77.93837047353747	385.68749999999966	14.025
0.0	24.612116991643425	266.47499999999985	0.0
0.0	23.440111420612787	266.47499999999985	0.0
0.0	20.51009749303619	126.22500000000004	0.0
0.0	8.497040389972147	112.20000000000003	0.0
0.0	1.465006963788301	63.11250000000001	0.0
0.0	7.032033426183847	49.087500000000006	0.0
0.0	4.981023676880223	49.087500000000006	0.0
0.0	4.102019498607242	28.05	0.0
0.0	1.465006963788301	21.0375	0.0
0.0	0.5860027855153204	7.0125	0.0
0.0	0.8790041782729805	14.025	0.0
0.0	0.5860027855153204	7.0125	0.0
0.0	0.2930013927576602	7.0125	0.0
0.0	2.6370125348189415	7.0125	0.0
0.0	0.8790041782729805	0.0	0.0
0.0	1.7580083565459612	7.0125	0.0
0.0	0.8790041782729805	0.0	0.0
0.0	0.8790041782729805	7.0125	0.0
0.0	0.8790041782729805	21.0375	0.0
0.0	2.0510097493036215	0.0	0.0
0.0	12.013057103064062	14.025	0.0
0.0	3.2230153203342615	0.0	0.0
0.0	8.790041782729807	14.025	0.0
0.0	5.274025069637884	14.025	0.0
0.0	0.2930013927576602	7.0125	0.0
0.0	4.981023676880223	7.0125	0.0
0.0	2.3440111420612815	7.0125	0.0
0.0	1.1720055710306407	7.0125	0.0
0.0	0.8790041782729805	0.0	0.0
0.0	0.2930013927576602	7.0125	0.0
0.0	1.1720055710306407	0.0	0.0
0.0	2.6370125348189415	0.0	0.0
0.0	3.5160167130919215	0.0	0.0
0.0	2.9300139275766015	140.25000000000003	0.0
0.0	1.465006963788301	28.05	0.0
0.0	0.0	14.025	0.0
0.0	1.465006963788301	14.025	0.0
0.0	0.5860027855153204	0.0	0.0
0.0	0.8790041782729805	14.025	0.0
0.0	0.2930013927576602	7.0125	0.0
0.0	0.5860027855153204	7.0125	0.0
0.0	1.465006963788301	112.20000000000003	0.0
0.0	0.5860027855153204	77.13750000000002	0.0
0.0	0.2930013927576602	14.025	0.0
0.0	0.2930013927576602	63.11250000000001	0.0
0.0	0.2930013927576602	7.0125	0.0
0.0	0.0	56.10000000000001	0.0
0.0	0.8790041782729805	35.0625	0.0
0.0	0.5860027855153204	14.025	0.0
0.0	0.2930013927576602	7.0125	0.0
0.0	0.2930013927576602	7.0125	0.0
0.0	0.2930013927576602	21.0375	0.0
0.0	1.1720055710306407	0.0	0.0
0.0	0.5860027855153204	0.0	0.0
0.0	0.5860027855153204	0.0	0.0
0.0	53.326253481894064	119.21250000000003	14.025
0.0	8.497040389972147	98.17500000000003	0.0
0.0	8.204038997214488	49.087500000000006	0.0
0.0	4.981023676880223	0.0	0.0
0.0	3.2230153203342615	49.087500000000006	0.0
0.0	0.2930013927576602	28.05	0.0
0.0	0.0	21.0375	0.0
0.0	0.2930013927576602	7.0125	0.0
0.0	2.9300139275766015	21.0375	0.0
0.0	0.8790041782729805	0.0	0.0
0.0	2.0510097493036215	21.0375	0.0
0.0	1.7580083565459612	7.0125	0.0
0.0	0.2930013927576602	7.0125	0.0
0.0	1.465006963788301	0.0	0.0
0.0	0.2930013927576602	14.025	0.0
0.0	0.2930013927576602	49.087500000000006	0.0
0.0	0.2930013927576602	21.0375	0.0
0.0	0.2930013927576602	7.0125	0.0
0.0	0.0	14.025	0.0
0.0	0.0	28.05	0.0
0.0	44.829213091921936	21.0375	14.025
0.0	16.701079387186617	0.0	14.025
0.0	16.115076601671298	0.0	0.0
0.0	0.5860027855153204	0.0	14.025
0.0	28.12813370473534	21.0375	0.0
0.0	12.013057103064062	21.0375	0.0
0.0	5.274025069637884	21.0375	0.0
0.0	5.274025069637884	7.0125	0.0
0.0	2.9300139275766015	0.0	0.0
0.0	2.3440111420612815	7.0125	0.0
0.0	0.8790041782729805	7.0125	0.0
0.0	1.465006963788301	0.0	0.0
0.0	0.0	14.025	0.0
0.0	6.739032033426186	0.0	0.0
0.0	16.115076601671298	0.0	0.0
5.359872611464968	124.23259052924769	7.0125	0.0
2.679936305732484	107.23850974930343	0.0	0.0
0.0	60.065285515320234	0.0	0.0
2.679936305732484	47.17322423398321	0.0	0.0
0.0	42.77820334261832	0.0	0.0
2.679936305732484	4.3950208913649025	0.0	0.0
0.0	1.465006963788301	0.0	0.0
2.679936305732484	2.9300139275766015	0.0	0.0
2.679936305732484	0.5860027855153204	0.0	0.0
0.0	2.3440111420612815	0.0	0.0
0.0	0.5860027855153204	0.0	0.0
0.0	1.7580083565459612	0.0	0.0
2.679936305732484	16.994080779944277	7.0125	0.0
0.0	5.567026462395544	7.0125	0.0
0.0	4.688022284122563	7.0125	0.0
0.0	0.2930013927576602	7.0125	0.0
0.0	4.3950208913649025	0.0	0.0
0.0	0.8790041782729805	0.0	0.0
2.679936305732484	11.427054317548743	0.0	0.0
0.0	11.134052924791083	0.0	0.0
2.679936305732484	0.2930013927576602	0.0	0.0
415.3901273885363	218.57903899721848	28.05	406.72499999999985
343.0318471337589	168.18279944289858	28.05	84.15
10.719745222929935	126.57660167130896	28.05	84.15
5.359872611464968	49.22423398328683	28.05	28.05
0.0	25.198119777158745	21.0375	0.0
0.0	21.38910167130917	0.0	0.0
0.0	0.8790041782729805	0.0	0.0
0.0	20.51009749303619	0.0	0.0
0.0	3.8090181058495816	21.0375	0.0
0.0	2.6370125348189415	0.0	0.0
0.0	0.8790041782729805	0.0	0.0
0.0	1.7580083565459612	0.0	0.0
0.0	1.1720055710306407	21.0375	0.0
0.0	0.0	21.0375	0.0
0.0	1.1720055710306407	0.0	0.0
5.359872611464968	24.026114206128106	7.0125	28.05
0.0	21.09610027855151	0.0	0.0
5.359872611464968	2.9300139275766015	7.0125	28.05
5.359872611464968	0.8790041782729805	0.0	28.05
5.359872611464968	0.5860027855153204	0.0	0.0
2.679936305732484	0.2930013927576602	0.0	0.0
2.679936305732484	0.2930013927576602	0.0	0.0
0.0	0.2930013927576602	0.0	28.05
0.0	2.0510097493036215	7.0125	0.0
0.0	0.8790041782729805	7.0125	0.0
0.0	0.2930013927576602	7.0125	0.0
0.0	0.5860027855153204	0.0	0.0
0.0	1.1720055710306407	0.0	0.0
5.359872611464968	77.35236768802216	0.0	56.1
2.679936305732484	33.98816155988853	0.0	0.0
2.679936305732484	12.306058495821722	0.0	0.0
2.679936305732484	1.7580083565459612	0.0	0.0
0.0	1.465006963788301	0.0	0.0
2.679936305732484	0.2930013927576602	0.0	0.0
0.0	10.548050139275764	0.0	0.0
0.0	0.5860027855153204	0.0	0.0
0.0	9.962047353760445	0.0	0.0
0.0	21.68210306406683	0.0	0.0
2.679936305732484	43.36420612813364	0.0	56.1
2.679936305732484	10.841051532033424	0.0	42.075
2.679936305732484	9.376044568245126	0.0	0.0
0.0	8.204038997214488	0.0	0.0
2.679936305732484	1.1720055710306407	0.0	0.0
2.679936305732484	0.5860027855153204	0.0	0.0
0.0	0.5860027855153204	0.0	0.0
0.0	1.465006963788301	0.0	42.075
0.0	0.2930013927576602	0.0	42.075
0.0	1.1720055710306407	0.0	0.0
0.0	32.523154596100234	0.0	14.025
0.0	2.6370125348189415	0.0	14.025
0.0	0.5860027855153204	0.0	14.025
0.0	2.0510097493036215	0.0	0.0
0.0	29.886142061281298	0.0	0.0
332.3121019108289	41.60619777158768	0.0	0.0
0.0	6.739032033426186	0.0	0.0
332.3121019108289	34.86716573816151	0.0	0.0
75.03821656050953	21.68210306406683	0.0	0.0
2.679936305732484	5.860027855153205	0.0	0.0
0.0	5.274025069637884	0.0	0.0
0.0	0.5860027855153204	0.0	0.0
0.0	4.688022284122563	0.0	0.0
2.679936305732484	0.5860027855153204	0.0	0.0
72.35828025477704	15.822075208913637	0.0	0.0
0.0	2.9300139275766015	0.0	0.0
72.35828025477704	12.89206128133704	0.0	0.0
0.0	1.7580083565459612	0.0	0.0
72.35828025477704	11.134052924791083	0.0	0.0
72.35828025477704	10.548050139275764	0.0	0.0
24.11942675159235	0.5860027855153204	0.0	0.0
10.719745222929935	0.5860027855153204	0.0	0.0
2.679936305732484	0.2930013927576602	0.0	0.0
8.039808917197451	0.2930013927576602	0.0	0.0
2.679936305732484	0.2930013927576602	0.0	0.0
5.359872611464968	0.0	0.0	0.0
13.39968152866242	0.0	0.0	0.0
48.23885350318469	9.962047353760445	0.0	0.0
37.51910828025476	9.962047353760445	0.0	0.0
37.51910828025476	5.274025069637884	0.0	0.0
2.679936305732484	4.102019498607242	0.0	0.0
0.0	2.6370125348189415	0.0	0.0
0.0	0.5860027855153204	0.0	0.0
0.0	2.0510097493036215	0.0	0.0
2.679936305732484	1.465006963788301	0.0	0.0
2.679936305732484	0.5860027855153204	0.0	0.0
0.0	0.8790041782729805	0.0	0.0
34.83917197452228	1.1720055710306407	0.0	0.0
2.679936305732484	0.2930013927576602	0.0	0.0
32.1592356687898	0.8790041782729805	0.0	0.0
13.39968152866242	0.8790041782729805	0.0	0.0
8.039808917197451	0.0	0.0	0.0
5.359872611464968	0.8790041782729805	0.0	0.0
2.679936305732484	0.2930013927576602	0.0	0.0
2.679936305732484	0.5860027855153204	0.0	0.0
18.759554140127385	0.0	0.0	0.0
0.0	4.688022284122563	0.0	0.0
10.719745222929935	0.0	0.0	0.0
0.0	0.5860027855153204	0.0	0.0
257.273885350319	13.1850626740947	0.0	0.0
257.273885350319	9.083043175487466	0.0	0.0
0.0	4.688022284122563	0.0	0.0
257.273885350319	4.3950208913649025	0.0	0.0
29.479299363057315	0.0	0.0	0.0
227.79458598726157	4.3950208913649025	0.0	0.0
0.0	0.5860027855153204	0.0	0.0
227.79458598726157	3.8090181058495816	0.0	0.0
184.91560509554162	3.8090181058495816	0.0	0.0
184.91560509554162	3.2230153203342615	0.0	0.0
48.23885350318469	2.3440111420612815	0.0	0.0
0.0	0.5860027855153204	0.0	0.0
48.23885350318469	1.7580083565459612	0.0	0.0
34.83917197452228	1.7580083565459612	0.0	0.0
13.39968152866242	0.0	0.0	0.0
21.439490445859867	1.7580083565459612	0.0	0.0
0.0	1.465006963788301	0.0	0.0
21.439490445859867	0.2930013927576602	0.0	0.0
10.719745222929935	0.2930013927576602	0.0	0.0
8.039808917197451	0.0	0.0	0.0
2.679936305732484	0.2930013927576602	0.0	0.0
10.719745222929935	0.0	0.0	0.0
13.39968152866242	0.0	0.0	0.0
136.67675159235668	0.8790041782729805	0.0	0.0
133.99681528662418	0.5860027855153204	0.0	0.0
2.679936305732484	0.2930013927576602	0.0	0.0
131.3168789808917	0.2930013927576602	0.0	0.0
115.23726114649676	0.0	0.0	0.0
16.079617834394902	0.2930013927576602	0.0	0.0
10.719745222929935	0.0	0.0	0.0
5.359872611464968	0.0	0.0	0.0
5.359872611464968	0.0	0.0	0.0
5.359872611464968	0.2930013927576602	0.0	0.0
2.679936305732484	0.2930013927576602	0.0	0.0
0.0	0.5860027855153204	0.0	0.0
42.87898089171973	0.0	0.0	0.0
0.0	4.102019498607242	0.0	0.0
0.0	0.8790041782729805	0.0	0.0
0.0	3.2230153203342615	0.0	0.0
72.35828025477704	50.39623955431747	0.0	322.575
2.679936305732484	19.924094707520872	0.0	182.32500000000005
0.0	10.255048746518105	0.0	0.0
2.679936305732484	9.669045961002785	0.0	182.32500000000005
2.679936305732484	9.376044568245126	0.0	0.0
0.0	9.083043175487466	0.0	0.0
2.679936305732484	0.2930013927576602	0.0	0.0
0.0	0.2930013927576602	0.0	182.32500000000005
0.0	0.0	0.0	70.125
0.0	0.2930013927576602	0.0	112.20000000000002
69.67834394904456	30.472144846796617	0.0	140.25000000000003
13.39968152866242	18.752089136490234	0.0	14.025
10.719745222929935	12.599059888579381	0.0	0.0
2.679936305732484	9.669045961002785	0.0	0.0
0.0	5.274025069637884	0.0	0.0
2.679936305732484	4.3950208913649025	0.0	0.0
0.0	3.8090181058495816	0.0	0.0
2.679936305732484	0.5860027855153204	0.0	0.0
8.039808917197451	2.9300139275766015	0.0	0.0
0.0	2.9300139275766015	0.0	0.0
0.0	0.5860027855153204	0.0	0.0
0.0	2.3440111420612815	0.0	0.0
8.039808917197451	0.0	0.0	0.0
2.679936305732484	6.153029247910865	0.0	14.025
2.679936305732484	1.465006963788301	0.0	14.025
0.0	0.2930013927576602	0.0	14.025
2.679936305732484	1.1720055710306407	0.0	0.0
0.0	0.5860027855153204	0.0	0.0
2.679936305732484	0.5860027855153204	0.0	0.0
0.0	4.688022284122563	0.0	0.0
56.27866242038214	11.720055710306402	0.0	126.22500000000002
45.55891719745221	6.153029247910865	0.0	28.05
26.799363057324832	4.102019498607242	0.0	28.05
16.079617834394902	2.3440111420612815	0.0	28.05
13.39968152866242	2.3440111420612815	0.0	14.025
10.719745222929935	2.3440111420612815	0.0	0.0
5.359872611464968	0.2930013927576602	0.0	0.0
5.359872611464968	2.0510097493036215	0.0	0.0
2.679936305732484	0.2930013927576602	0.0	0.0
2.679936305732484	1.7580083565459612	0.0	0.0
0.0	0.8790041782729805	0.0	0.0
2.679936305732484	0.8790041782729805	0.0	0.0
2.679936305732484	0.2930013927576602	0.0	0.0
0.0	0.5860027855153204	0.0	0.0
2.679936305732484	0.0	0.0	14.025
2.679936305732484	0.0	0.0	14.025
10.719745222929935	1.7580083565459612	0.0	0.0
10.719745222929935	0.5860027855153204	0.0	0.0
5.359872611464968	0.5860027855153204	0.0	0.0
2.679936305732484	0.2930013927576602	0.0	0.0
2.679936305732484	0.2930013927576602	0.0	0.0
5.359872611464968	0.0	0.0	0.0
0.0	1.1720055710306407	0.0	0.0
18.759554140127385	2.0510097493036215	0.0	0.0
13.39968152866242	2.0510097493036215	0.0	0.0
10.719745222929935	1.1720055710306407	0.0	0.0
8.039808917197451	0.5860027855153204	0.0	0.0
2.679936305732484	0.5860027855153204	0.0	0.0
5.359872611464968	0.0	0.0	0.0
2.679936305732484	0.5860027855153204	0.0	0.0
2.679936305732484	0.8790041782729805	0.0	0.0
2.679936305732484	0.2930013927576602	0.0	0.0
0.0	0.5860027855153204	0.0	0.0
5.359872611464968	0.0	0.0	0.0
10.719745222929935	5.567026462395544	0.0	98.17500000000001
0.0	4.688022284122563	0.0	84.15
0.0	0.8790041782729805	0.0	70.125
0.0	0.2930013927576602	0.0	56.1
0.0	0.0	0.0	42.075
0.0	0.2930013927576602	0.0	14.025
0.0	0.5860027855153204	0.0	14.025
0.0	3.8090181058495816	0.0	14.025
0.0	3.2230153203342615	0.0	0.0
0.0	0.5860027855153204	0.0	14.025
10.719745222929935	0.8790041782729805	0.0	14.025
5.359872611464968	0.8790041782729805	0.0	14.025
0.0	0.2930013927576602	0.0	14.025
5.359872611464968	0.5860027855153204	0.0	0.0
2.679936305732484	0.2930013927576602	0.0	0.0
2.679936305732484	0.2930013927576602	0.0	0.0
5.359872611464968	0.0	0.0	0.0
