# Sizes (NFeatures, Nclasses, NodeCount, MaxDepth)
10	4	311	15
# Classes
0.0	1.0	2.0	3.0
# Feature Names
Nrows	Ncols	Nnnz	AvgNnnz	Density	MaxRowNnnz	MinRowNnnz	StdRowNnnz	NDiags	NTrueDiags
# Left
1	2	3	4	5	6	7	-1	9	-1	-1	-1	13	-1	15	16	17	18	-1	-1	21	22	-1	-1	-1	26	27	-1	29	-1	-1	-1	33	34	35	36	37	-1	-1	40	-1	-1	43	44	-1	-1	47	48	49	-1	-1	-1	53	-1	-1	56	-1	-1	-1	60	-1	-1	63	64	65	-1	67	68	69	-1	71	-1	-1	-1	75	76	77	78	-1	80	81	-1	-1	84	-1	86	-1	88	-1	-1	-1	92	93	94	-1	-1	-1	-1	-1	100	101	-1	-1	-1	105	106	107	-1	-1	110	111	-1	-1	-1	-1	116	117	118	119	-1	121	-1	-1	-1	125	126	127	-1	129	-1	-1	-1	133	134	-1	-1	137	-1	139	-1	-1	142	143	-1	-1	146	-1	-1	149	150	-1	152	-1	-1	155	156	157	158	159	160	161	162	163	-1	-1	166	-1	-1	169	-1	171	172	173	174	-1	-1	177	-1	179	-1	-1	-1	183	-1	185	-1	187	188	-1	-1	-1	192	-1	194	-1	196	-1	198	-1	-1	201	202	203	204	-1	-1	207	-1	-1	-1	211	212	213	-1	-1	-1	-1	218	-1	-1	221	222	223	224	-1	-1	227	-1	-1	230	231	-1	233	-1	-1	-1	237	238	239	240	-1	-1	-1	-1	245	-1	247	-1	-1	250	251	252	-1	-1	-1	256	-1	258	259	-1	-1	-1	263	264	265	266	267	268	-1	-1	-1	-1	273	274	275	276	-1	-1	-1	-1	281	282	-1	-1	-1	286	287	288	-1	-1	291	-1	-1	294	-1	296	-1	-1	299	300	301	-1	-1	-1	305	306	-1	-1	309	-1	-1
# Right
148	115	62	59	12	11	8	-1	10	-1	-1	-1	14	-1	32	25	20	19	-1	-1	24	23	-1	-1	-1	31	28	-1	30	-1	-1	-1	58	55	42	39	38	-1	-1	41	-1	-1	46	45	-1	-1	52	51	50	-1	-1	-1	54	-1	-1	57	-1	-1	-1	61	-1	-1	104	99	66	-1	74	73	70	-1	72	-1	-1	-1	98	91	90	79	-1	83	82	-1	-1	85	-1	87	-1	89	-1	-1	-1	97	96	95	-1	-1	-1	-1	-1	103	102	-1	-1	-1	114	109	108	-1	-1	113	112	-1	-1	-1	-1	141	124	123	120	-1	122	-1	-1	-1	132	131	128	-1	130	-1	-1	-1	136	135	-1	-1	138	-1	140	-1	-1	145	144	-1	-1	147	-1	-1	154	151	-1	153	-1	-1	262	249	220	217	200	191	168	165	164	-1	-1	167	-1	-1	170	-1	182	181	176	175	-1	-1	178	-1	180	-1	-1	-1	184	-1	186	-1	190	189	-1	-1	-1	193	-1	195	-1	197	-1	199	-1	-1	210	209	206	205	-1	-1	208	-1	-1	-1	216	215	214	-1	-1	-1	-1	219	-1	-1	236	229	226	225	-1	-1	228	-1	-1	235	232	-1	234	-1	-1	-1	244	243	242	241	-1	-1	-1	-1	246	-1	248	-1	-1	255	254	253	-1	-1	-1	257	-1	261	260	-1	-1	-1	298	285	272	271	270	269	-1	-1	-1	-1	280	279	278	277	-1	-1	-1	-1	284	283	-1	-1	-1	293	290	289	-1	-1	292	-1	-1	295	-1	297	-1	-1	304	303	302	-1	-1	-1	308	307	-1	-1	310	-1	-1
# Threshold
9.804265022277832	6584375.0	239.0	15.14330005645752	0.5	2.5	9.5	-2.0	183.0	-2.0	-2.0	-2.0	9.5	-2.0	0.058055900037288666	112.5	130.5	0.017992400098592043	-2.0	-2.0	101.0	0.8149584829807281	-2.0	-2.0	-2.0	0.660660982131958	2.0	-2.0	5.5	-2.0	-2.0	-2.0	109.0	904.5	0.12127900123596191	65.0	132.5	-2.0	-2.0	19.0	-2.0	-2.0	0.22418250143527985	14.5	-2.0	-2.0	16.0	18.5	0.3677684962749481	-2.0	-2.0	-2.0	163.5	-2.0	-2.0	21.0	-2.0	-2.0	-2.0	2445.0	-2.0	-2.0	4.5	3768.5	0.5	-2.0	0.0012334799976088107	2.5	1273.5	-2.0	2528.0	-2.0	-2.0	-2.0	7.5	6.5	984.0	0.5	-2.0	2094.0	490.5	-2.0	-2.0	4.5	-2.0	2.5	-2.0	818.0	-2.0	-2.0	-2.0	6.371425151824951	0.006654839962720871	1105.5	-2.0	-2.0	-2.0	-2.0	-2.0	0.5	913121.5	-2.0	-2.0	-2.0	18.5	590.0	16.69159984588623	-2.0	-2.0	16.0	8.455894947052002	-2.0	-2.0	-2.0	-2.0	17.5	2.9542900392698357e-06	3787025.0	16945550.0	-2.0	3512550.0	-2.0	-2.0	-2.0	6.0	15.785050392150879	195184.0	-2.0	24.0	-2.0	-2.0	-2.0	1.1465450370451435e-05	1545930.0	-2.0	-2.0	44.170249938964844	-2.0	64047100.0	-2.0	-2.0	47.0	3.6843959151156014e-05	-2.0	-2.0	311438.0	-2.0	-2.0	5133.0	2.5	-2.0	109.06669998168945	-2.0	-2.0	111670.0	75678.0	75.84489822387695	7.0	40679.0	222017.0	6.77131986618042	4.461504936218262	47477.5	-2.0	-2.0	6357.0	-2.0	-2.0	16.030750274658203	-2.0	105712.5	9854.0	6464.0	2304.0	-2.0	-2.0	2.0	-2.0	22.74489974975586	-2.0	-2.0	-2.0	24.55109977722168	-2.0	8304.0	-2.0	43.702348709106445	133604.0	-2.0	-2.0	-2.0	1.5	-2.0	11028.0	-2.0	26.95615005493164	-2.0	910043.5	-2.0	-2.0	1052.5	53.558799743652344	14.590750217437744	4.5	-2.0	-2.0	26.12565040588379	-2.0	-2.0	-2.0	1.5	8.515625	44938.0	-2.0	-2.0	-2.0	-2.0	11.713150024414062	-2.0	-2.0	0.0053792300168424845	24011.0	0.0017922799452207983	0.0007040234922897071	-2.0	-2.0	22408.5	-2.0	-2.0	0.0030940399738028646	0.0007714524981565773	-2.0	12.0	-2.0	-2.0	-2.0	24405.0	2002.0	1323.0	11043.0	-2.0	-2.0	-2.0	-2.0	477.1780090332031	-2.0	30942.0	-2.0	-2.0	4.5	19.702049255371094	92915.0	-2.0	-2.0	-2.0	7.607015140820295e-05	-2.0	284.65250396728516	190.5	-2.0	-2.0	-2.0	5.5	529338.0	0.5	34271.0	0.00011354610251146369	7.292759895324707	-2.0	-2.0	-2.0	-2.0	9991.0	15.72689962387085	263214.5	21.06689453125	-2.0	-2.0	-2.0	-2.0	1.9182500182068907e-05	384924.0	-2.0	-2.0	-2.0	1.5562650332867634e-05	2.6543249305177596e-06	2026215.0	-2.0	-2.0	1548.5	-2.0	-2.0	1324481.5	-2.0	0.5	-2.0	-2.0	43.79630088806152	145130.0	0.0002599220024421811	-2.0	-2.0	-2.0	38.12215042114258	9099565.0	-2.0	-2.0	305943.5	-2.0	-2.0
# Feature
7	2	1	3	9	6	5	-2	2	-2	-2	-2	0	-2	4	0	2	4	-2	-2	0	7	-2	-2	-2	7	6	-2	5	-2	-2	-2	0	2	4	1	2	-2	-2	5	-2	-2	4	5	-2	-2	1	8	4	-2	-2	-2	2	-2	-2	5	-2	-2	-2	2	-2	-2	6	0	6	-2	4	5	2	-2	0	-2	-2	-2	5	5	1	9	-2	2	1	-2	-2	5	-2	6	-2	1	-2	-2	-2	3	4	0	-2	-2	-2	-2	-2	6	1	-2	-2	-2	5	8	3	-2	-2	5	3	-2	-2	-2	-2	9	4	0	2	-2	1	-2	-2	-2	9	3	8	-2	5	-2	-2	-2	4	1	-2	-2	3	-2	2	-2	-2	5	4	-2	-2	1	-2	-2	8	6	-2	7	-2	-2	0	1	7	9	8	2	3	3	2	-2	-2	1	-2	-2	7	-2	2	8	1	5	-2	-2	9	-2	7	-2	-2	-2	7	-2	0	-2	7	2	-2	-2	-2	6	-2	1	-2	3	-2	2	-2	-2	5	7	7	6	-2	-2	7	-2	-2	-2	6	3	1	-2	-2	-2	-2	7	-2	-2	4	0	4	4	-2	-2	1	-2	-2	4	4	-2	6	-2	-2	-2	8	5	5	1	-2	-2	-2	-2	3	-2	1	-2	-2	9	7	0	-2	-2	-2	4	-2	7	5	-2	-2	-2	6	1	6	5	4	3	-2	-2	-2	-2	5	7	0	3	-2	-2	-2	-2	4	1	-2	-2	-2	4	4	8	-2	-2	5	-2	-2	8	-2	6	-2	-2	3	0	4	-2	-2	-2	7	2	-2	-2	0	-2	-2
# Values
420.7500000000013	420.75000000001336	420.7499999999996	420.74999999999983
8.039808917197451	268.389275766023	420.7499999999996	280.50000000000006
5.359872611464968	252.8602019498663	392.69999999999965	14.025
0.0	22.854108635097468	322.57499999999976	0.0
0.0	20.80309888579385	322.57499999999976	0.0
0.0	4.3950208913649025	14.025	0.0
0.0	4.102019498607242	7.0125	0.0
0.0	2.9300139275766015	0.0	0.0
0.0	1.1720055710306407	7.0125	0.0
0.0	0.5860027855153204	7.0125	0.0
0.0	0.5860027855153204	0.0	0.0
0.0	0.2930013927576602	7.0125	0.0
0.0	16.408077994428957	308.5499999999998	0.0
0.0	1.1720055710306407	0.0	0.0
0.0	15.236072423398317	308.5499999999998	0.0
0.0	9.376044568245126	70.12500000000001	0.0
0.0	1.465006963788301	35.0625	0.0
0.0	0.2930013927576602	21.0375	0.0
0.0	0.0	14.025	0.0
0.0	0.2930013927576602	7.0125	0.0
0.0	1.1720055710306407	14.025	0.0
0.0	1.1720055710306407	0.0	0.0
0.0	0.5860027855153204	0.0	0.0
0.0	0.5860027855153204	0.0	0.0
0.0	0.0	14.025	0.0
0.0	7.911037604456828	35.0625	0.0
0.0	0.5860027855153204	35.0625	0.0
0.0	0.0	14.025	0.0
0.0	0.5860027855153204	21.0375	0.0
0.0	0.2930013927576602	14.025	0.0
0.0	0.2930013927576602	7.0125	0.0
0.0	7.325034818941507	0.0	0.0
0.0	5.860027855153205	238.42499999999987	0.0
0.0	5.860027855153205	203.36249999999993	0.0
0.0	4.688022284122563	203.36249999999993	0.0
0.0	2.9300139275766015	77.13750000000002	0.0
0.0	2.6370125348189415	14.025	0.0
0.0	0.0	14.025	0.0
0.0	2.6370125348189415	0.0	0.0
0.0	0.2930013927576602	63.11250000000001	0.0
0.0	0.0	56.10000000000001	0.0
0.0	0.2930013927576602	7.0125	0.0
0.0	1.7580083565459612	126.22500000000004	0.0
0.0	0.2930013927576602	70.12500000000001	0.0
0.0	0.0	56.10000000000001	0.0
0.0	0.2930013927576602	14.025	0.0
0.0	1.465006963788301	56.10000000000001	0.0
0.0	1.1720055710306407	21.0375	0.0
0.0	1.1720055710306407	7.0125	0.0
0.0	0.5860027855153204	7.0125	0.0
0.0	0.5860027855153204	0.0	0.0
0.0	0.0	14.025	0.0
0.0	0.2930013927576602	35.0625	0.0
0.0	0.0	28.05	0.0
0.0	0.2930013927576602	7.0125	0.0
0.0	1.1720055710306407	0.0	0.0
0.0	0.5860027855153204	0.0	0.0
0.0	0.5860027855153204	0.0	0.0
0.0	0.0	35.0625	0.0
0.0	2.0510097493036215	0.0	0.0
0.0	0.5860027855153204	0.0	0.0
0.0	1.465006963788301	0.0	0.0
5.359872611464968	230.00609331476775	70.12500000000001	14.025
5.359872611464968	183.41887186629762	63.11250000000001	0.0
0.0	90.8304317548745	63.11250000000001	0.0
0.0	6.739032033426186	0.0	0.0
0.0	84.09139972144833	63.11250000000001	0.0
0.0	2.0510097493036215	28.05	0.0
0.0	0.8790041782729805	28.05	0.0
0.0	0.0	14.025	0.0
0.0	0.8790041782729805	14.025	0.0
0.0	0.5860027855153204	0.0	0.0
0.0	0.2930013927576602	14.025	0.0
0.0	1.1720055710306407	0.0	0.0
0.0	82.04038997214471	35.0625	0.0
0.0	16.701079387186617	35.0625	0.0
0.0	8.497040389972147	28.05	0.0
0.0	3.8090181058495816	28.05	0.0
0.0	0.5860027855153204	0.0	0.0
0.0	3.2230153203342615	28.05	0.0
0.0	0.5860027855153204	14.025	0.0
0.0	0.2930013927576602	7.0125	0.0
0.0	0.2930013927576602	7.0125	0.0
0.0	2.6370125348189415	14.025	0.0
0.0	0.8790041782729805	0.0	0.0
0.0	1.7580083565459612	14.025	0.0
0.0	0.5860027855153204	0.0	0.0
0.0	1.1720055710306407	14.025	0.0
0.0	0.5860027855153204	0.0	0.0
0.0	0.5860027855153204	14.025	0.0
0.0	4.688022284122563	0.0	0.0
0.0	8.204038997214488	7.0125	0.0
0.0	1.7580083565459612	7.0125	0.0
0.0	1.465006963788301	0.0	0.0
0.0	0.5860027855153204	0.0	0.0
0.0	0.8790041782729805	0.0	0.0
0.0	0.2930013927576602	7.0125	0.0
0.0	6.446030640668526	0.0	0.0
0.0	65.33931058495811	0.0	0.0
5.359872611464968	92.58844011142045	0.0	0.0
5.359872611464968	11.720055710306402	0.0	0.0
0.0	11.427054317548743	0.0	0.0
5.359872611464968	0.2930013927576602	0.0	0.0
0.0	80.86838440111407	0.0	0.0
0.0	46.58722144846789	7.0125	14.025
0.0	6.739032033426186	7.0125	14.025
0.0	4.3950208913649025	7.0125	0.0
0.0	4.102019498607242	0.0	0.0
0.0	0.2930013927576602	7.0125	0.0
0.0	2.3440111420612815	0.0	14.025
0.0	1.1720055710306407	0.0	14.025
0.0	0.2930013927576602	0.0	14.025
0.0	0.8790041782729805	0.0	0.0
0.0	1.1720055710306407	0.0	0.0
0.0	39.84818941504172	0.0	0.0
2.679936305732484	15.529073816155977	28.05	266.4750000000001
2.679936305732484	13.47806406685236	28.05	70.125
2.679936305732484	9.083043175487466	0.0	0.0
2.679936305732484	1.465006963788301	0.0	0.0
2.679936305732484	0.2930013927576602	0.0	0.0
0.0	1.1720055710306407	0.0	0.0
0.0	0.5860027855153204	0.0	0.0
0.0	0.5860027855153204	0.0	0.0
0.0	7.618036211699168	0.0	0.0
0.0	4.3950208913649025	28.05	70.125
0.0	2.3440111420612815	0.0	56.1
0.0	0.8790041782729805	0.0	56.1
0.0	0.5860027855153204	0.0	14.025
0.0	0.2930013927576602	0.0	42.075
0.0	0.2930013927576602	0.0	14.025
0.0	0.0	0.0	28.05
0.0	1.465006963788301	0.0	0.0
0.0	2.0510097493036215	28.05	14.025
0.0	0.2930013927576602	28.05	0.0
0.0	0.0	21.0375	0.0
0.0	0.2930013927576602	7.0125	0.0
0.0	1.7580083565459612	0.0	14.025
0.0	0.2930013927576602	0.0	14.025
0.0	1.465006963788301	0.0	0.0
0.0	0.5860027855153204	0.0	0.0
0.0	0.8790041782729805	0.0	0.0
0.0	2.0510097493036215	0.0	196.35000000000005
0.0	0.2930013927576602	0.0	196.35000000000005
0.0	0.2930013927576602	0.0	14.025
0.0	0.0	0.0	182.32500000000005
0.0	1.7580083565459612	0.0	0.0
0.0	0.5860027855153204	0.0	0.0
0.0	1.1720055710306407	0.0	0.0
412.7101910828038	152.3607242339842	0.0	140.25000000000003
5.359872611464968	89.3654247910862	0.0	0.0
0.0	62.99529944289683	0.0	0.0
5.359872611464968	26.370125348189383	0.0	0.0
0.0	26.370125348189383	0.0	0.0
5.359872611464968	0.0	0.0	0.0
407.3503184713388	62.99529944289683	0.0	140.25000000000003
267.993630573249	44.53621169916428	0.0	42.075
209.0350318471341	41.02019498607236	0.0	42.075
115.23726114649676	36.33217270194981	0.0	0.0
115.23726114649676	19.924094707520872	0.0	0.0
56.27866242038214	16.701079387186617	0.0	0.0
50.918789808917175	9.376044568245126	0.0	0.0
2.679936305732484	3.2230153203342615	0.0	0.0
2.679936305732484	0.8790041782729805	0.0	0.0
0.0	0.5860027855153204	0.0	0.0
2.679936305732484	0.2930013927576602	0.0	0.0
0.0	2.3440111420612815	0.0	0.0
0.0	0.5860027855153204	0.0	0.0
0.0	1.7580083565459612	0.0	0.0
48.23885350318469	6.153029247910865	0.0	0.0
0.0	1.7580083565459612	0.0	0.0
48.23885350318469	4.3950208913649025	0.0	0.0
16.079617834394902	3.5160167130919215	0.0	0.0
16.079617834394902	2.0510097493036215	0.0	0.0
10.719745222929935	0.2930013927576602	0.0	0.0
8.039808917197451	0.0	0.0	0.0
2.679936305732484	0.2930013927576602	0.0	0.0
5.359872611464968	1.7580083565459612	0.0	0.0
0.0	1.1720055710306407	0.0	0.0
5.359872611464968	0.5860027855153204	0.0	0.0
0.0	0.5860027855153204	0.0	0.0
5.359872611464968	0.0	0.0	0.0
0.0	1.465006963788301	0.0	0.0
32.1592356687898	0.8790041782729805	0.0	0.0
16.079617834394902	0.0	0.0	0.0
16.079617834394902	0.8790041782729805	0.0	0.0
0.0	0.5860027855153204	0.0	0.0
16.079617834394902	0.2930013927576602	0.0	0.0
10.719745222929935	0.0	0.0	0.0
5.359872611464968	0.0	0.0	0.0
5.359872611464968	0.0	0.0	0.0
5.359872611464968	0.2930013927576602	0.0	0.0
5.359872611464968	7.325034818941507	0.0	0.0
0.0	5.274025069637884	0.0	0.0
5.359872611464968	2.0510097493036215	0.0	0.0
2.679936305732484	0.2930013927576602	0.0	0.0
2.679936305732484	1.7580083565459612	0.0	0.0
2.679936305732484	0.2930013927576602	0.0	0.0
0.0	1.465006963788301	0.0	0.0
0.0	0.5860027855153204	0.0	0.0
0.0	0.8790041782729805	0.0	0.0
58.95859872611462	3.2230153203342615	0.0	0.0
8.039808917197451	2.6370125348189415	0.0	0.0
2.679936305732484	2.6370125348189415	0.0	0.0
2.679936305732484	1.1720055710306407	0.0	0.0
0.0	0.8790041782729805	0.0	0.0
2.679936305732484	0.2930013927576602	0.0	0.0
0.0	1.465006963788301	0.0	0.0
0.0	0.5860027855153204	0.0	0.0
0.0	0.8790041782729805	0.0	0.0
5.359872611464968	0.0	0.0	0.0
50.918789808917175	0.5860027855153204	0.0	0.0
10.719745222929935	0.5860027855153204	0.0	0.0
8.039808917197451	0.2930013927576602	0.0	0.0
2.679936305732484	0.2930013927576602	0.0	0.0
5.359872611464968	0.0	0.0	0.0
2.679936305732484	0.2930013927576602	0.0	0.0
40.199044585987245	0.0	0.0	0.0
0.0	16.408077994428957	0.0	0.0
0.0	0.5860027855153204	0.0	0.0
0.0	15.822075208913637	0.0	0.0
93.7977707006369	4.688022284122563	0.0	42.075
72.35828025477704	2.9300139275766015	0.0	0.0
13.39968152866242	1.7580083565459612	0.0	0.0
10.719745222929935	0.5860027855153204	0.0	0.0
2.679936305732484	0.5860027855153204	0.0	0.0
8.039808917197451	0.0	0.0	0.0
2.679936305732484	1.1720055710306407	0.0	0.0
2.679936305732484	0.5860027855153204	0.0	0.0
0.0	0.5860027855153204	0.0	0.0
58.95859872611462	1.1720055710306407	0.0	0.0
56.27866242038214	0.5860027855153204	0.0	0.0
29.479299363057315	0.0	0.0	0.0
26.799363057324832	0.5860027855153204	0.0	0.0
26.799363057324832	0.0	0.0	0.0
0.0	0.5860027855153204	0.0	0.0
2.679936305732484	0.5860027855153204	0.0	0.0
21.439490445859867	1.7580083565459612	0.0	42.075
16.079617834394902	1.1720055710306407	0.0	0.0
13.39968152866242	0.5860027855153204	0.0	0.0
5.359872611464968	0.5860027855153204	0.0	0.0
2.679936305732484	0.2930013927576602	0.0	0.0
2.679936305732484	0.2930013927576602	0.0	0.0
8.039808917197451	0.0	0.0	0.0
2.679936305732484	0.5860027855153204	0.0	0.0
5.359872611464968	0.5860027855153204	0.0	42.075
0.0	0.2930013927576602	0.0	28.05
5.359872611464968	0.2930013927576602	0.0	14.025
2.679936305732484	0.0	0.0	14.025
2.679936305732484	0.2930013927576602	0.0	0.0
58.95859872611462	3.5160167130919215	0.0	0.0
50.918789808917175	0.2930013927576602	0.0	0.0
8.039808917197451	0.2930013927576602	0.0	0.0
5.359872611464968	0.0	0.0	0.0
2.679936305732484	0.2930013927576602	0.0	0.0
42.87898089171973	0.0	0.0	0.0
8.039808917197451	3.2230153203342615	0.0	0.0
0.0	0.5860027855153204	0.0	0.0
8.039808917197451	2.6370125348189415	0.0	0.0
0.0	2.6370125348189415	0.0	0.0
0.0	1.1720055710306407	0.0	0.0
0.0	1.465006963788301	0.0	0.0
8.039808917197451	0.0	0.0	0.0
139.35668789808918	18.459087743732574	0.0	98.17500000000001
136.67675159235668	6.153029247910865	0.0	14.025
64.3184713375796	3.2230153203342615	0.0	14.025
13.39968152866242	1.1720055710306407	0.0	14.025
13.39968152866242	0.8790041782729805	0.0	0.0
13.39968152866242	0.2930013927576602	0.0	0.0
10.719745222929935	0.0	0.0	0.0
2.679936305732484	0.2930013927576602	0.0	0.0
0.0	0.5860027855153204	0.0	0.0
0.0	0.2930013927576602	0.0	14.025
50.918789808917175	2.0510097493036215	0.0	0.0
10.719745222929935	1.7580083565459612	0.0	0.0
10.719745222929935	0.8790041782729805	0.0	0.0
5.359872611464968	0.8790041782729805	0.0	0.0
5.359872611464968	0.0	0.0	0.0
0.0	0.8790041782729805	0.0	0.0
5.359872611464968	0.0	0.0	0.0
0.0	0.8790041782729805	0.0	0.0
40.199044585987245	0.2930013927576602	0.0	0.0
10.719745222929935	0.2930013927576602	0.0	0.0
2.679936305732484	0.2930013927576602	0.0	0.0
8.039808917197451	0.0	0.0	0.0
29.479299363057315	0.0	0.0	0.0
72.35828025477704	2.9300139275766015	0.0	0.0
64.3184713375796	0.8790041782729805	0.0	0.0
13.39968152866242	0.5860027855153204	0.0	0.0
2.679936305732484	0.5860027855153204	0.0	0.0
10.719745222929935	0.0	0.0	0.0
50.918789808917175	0.2930013927576602	0.0	0.0
2.679936305732484	0.2930013927576602	0.0	0.0
48.23885350318469	0.0	0.0	0.0
8.039808917197451	2.0510097493036215	0.0	0.0
0.0	1.465006963788301	0.0	0.0
8.039808917197451	0.5860027855153204	0.0	0.0
0.0	0.5860027855153204	0.0	0.0
8.039808917197451	0.0	0.0	0.0
2.679936305732484	12.306058495821722	0.0	84.15
2.679936305732484	6.153029247910865	0.0	0.0
2.679936305732484	2.3440111420612815	0.0	0.0
2.679936305732484	0.2930013927576602	0.0	0.0
0.0	2.0510097493036215	0.0	0.0
0.0	3.8090181058495816	0.0	0.0
0.0	6.153029247910865	0.0	84.15
0.0	4.3950208913649025	0.0	0.0
0.0	0.5860027855153204	0.0	0.0
0.0	3.8090181058495816	0.0	0.0
0.0	1.7580083565459612	0.0	84.15
0.0	1.1720055710306407	0.0	84.15
0.0	0.5860027855153204	0.0	0.0
