# Sizes (NFeatures, Nclasses, NodeCount, MaxDepth)
10	4	311	17
# Classes
0.0	1.0	2.0	3.0
# Feature Names
Nrows	Ncols	Nnnz	AvgNnnz	Density	MaxRowNnnz	MinRowNnnz	StdRowNnnz	NDiags	NTrueDiags
# Left
1	2	3	4	5	6	-1	8	9	10	11	-1	13	14	-1	-1	17	-1	19	20	21	-1	-1	24	-1	-1	27	28	-1	30	-1	-1	-1	-1	-1	36	37	-1	39	-1	-1	-1	43	44	45	46	-1	48	-1	-1	-1	-1	53	54	-1	-1	-1	58	59	-1	61	-1	-1	64	65	-1	-1	68	69	-1	71	72	-1	-1	-1	76	77	-1	79	80	81	-1	-1	-1	-1	86	87	88	89	-1	-1	-1	93	-1	-1	96	97	98	-1	-1	-1	-1	103	104	105	-1	107	108	-1	-1	-1	112	-1	-1	115	116	117	118	-1	-1	-1	122	-1	-1	125	-1	127	-1	-1	130	131	132	-1	134	-1	136	137	138	-1	-1	-1	142	143	144	145	-1	-1	-1	149	-1	-1	152	153	154	-1	156	157	158	159	-1	-1	162	-1	-1	-1	166	167	-1	169	-1	171	172	-1	-1	-1	176	-1	-1	179	180	-1	182	-1	184	-1	-1	-1	188	189	190	191	192	-1	194	-1	196	-1	-1	199	200	201	-1	203	-1	-1	-1	-1	-1	209	210	-1	-1	213	214	215	-1	-1	-1	-1	-1	221	222	-1	224	225	-1	-1	228	-1	-1	231	-1	-1	234	235	236	-1	-1	-1	240	241	-1	-1	-1	245	246	247	248	249	250	-1	-1	-1	254	255	-1	257	-1	-1	260	-1	-1	-1	264	265	266	267	-1	-1	270	-1	272	-1	274	-1	-1	-1	278	-1	280	281	-1	283	-1	-1	-1	287	288	289	-1	291	292	293	-1	-1	-1	297	-1	-1	300	-1	-1	303	-1	305	306	307	-1	-1	-1	-1
# Right
244	129	102	57	42	7	-1	35	34	33	12	-1	16	15	-1	-1	18	-1	26	23	22	-1	-1	25	-1	-1	32	29	-1	31	-1	-1	-1	-1	-1	41	38	-1	40	-1	-1	-1	52	51	50	47	-1	49	-1	-1	-1	-1	56	55	-1	-1	-1	63	60	-1	62	-1	-1	67	66	-1	-1	75	70	-1	74	73	-1	-1	-1	85	78	-1	84	83	82	-1	-1	-1	-1	95	92	91	90	-1	-1	-1	94	-1	-1	101	100	99	-1	-1	-1	-1	114	111	106	-1	110	109	-1	-1	-1	113	-1	-1	124	121	120	119	-1	-1	-1	123	-1	-1	126	-1	128	-1	-1	233	220	133	-1	135	-1	141	140	139	-1	-1	-1	151	148	147	146	-1	-1	-1	150	-1	-1	187	178	155	-1	165	164	161	160	-1	-1	163	-1	-1	-1	175	168	-1	170	-1	174	173	-1	-1	-1	177	-1	-1	186	181	-1	183	-1	185	-1	-1	-1	219	208	207	198	193	-1	195	-1	197	-1	-1	206	205	202	-1	204	-1	-1	-1	-1	-1	212	211	-1	-1	218	217	216	-1	-1	-1	-1	-1	230	223	-1	227	226	-1	-1	229	-1	-1	232	-1	-1	239	238	237	-1	-1	-1	243	242	-1	-1	-1	286	263	262	253	252	251	-1	-1	-1	259	256	-1	258	-1	-1	261	-1	-1	-1	277	276	269	268	-1	-1	271	-1	273	-1	275	-1	-1	-1	279	-1	285	282	-1	284	-1	-1	-1	302	299	290	-1	296	295	294	-1	-1	-1	298	-1	-1	301	-1	-1	304	-1	310	309	308	-1	-1	-1	-1
# Threshold
12.5	143.0	25.5	239.0	5.876665115356445	10.0	-2.0	0.09266624972224236	0.07508200034499168	71.5	53.5	-2.0	2.5	92.5	-2.0	-2.0	0.0193378496915102	-2.0	4.239830017089844	4.5	0.036117950454354286	-2.0	-2.0	1.8294244557619095	-2.0	-2.0	8.0	2.5	-2.0	212.5	-2.0	-2.0	-2.0	-2.0	-2.0	41.0	16.0	-2.0	33.0	-2.0	-2.0	-2.0	133.0	4.5	73.5	8.5	-2.0	10.5	-2.0	-2.0	-2.0	-2.0	5.5	0.0368942990899086	-2.0	-2.0	-2.0	0.5	1.8105000257492065	-2.0	2.0	-2.0	-2.0	1.1505699753761292	3928.5	-2.0	-2.0	3.9754250049591064	602759.5	-2.0	1.7359100183966802e-06	2093985.0	-2.0	-2.0	-2.0	0.41317400336265564	4.5	-2.0	7.5	6.5	0.004870320204645395	-2.0	-2.0	-2.0	-2.0	4.837810039520264	5.5	112355.0	1239.5	-2.0	-2.0	-2.0	1303.5	-2.0	-2.0	6.371425151824951	860.0	3964.0	-2.0	-2.0	-2.0	-2.0	3.6331650018692017	3.306305006844923e-05	2.685089945793152	-2.0	12.808949947357178	32972.0	-2.0	-2.0	-2.0	1.837285041809082	-2.0	-2.0	1.5	7.080754995346069	0.5	152126.0	-2.0	-2.0	-2.0	7.6661951541900635	-2.0	-2.0	13.860849857330322	-2.0	46276.5	-2.0	-2.0	80.56230163574219	0.0023429200518876314	9.411594867706299	-2.0	3.309944987297058	-2.0	53900.0	4200.5	8.248675107955933	-2.0	-2.0	-2.0	226.5	72466.5	0.0017601700383238494	14.549450397491455	-2.0	-2.0	-2.0	213130.0	-2.0	-2.0	0.00020737799786729738	93.0103988647461	30966.0	-2.0	6.070800065994263	2.0	1.5	31.81645107269287	-2.0	-2.0	77542.5	-2.0	-2.0	-2.0	3.2524649213883094e-05	290485.0	-2.0	2.841639911821403e-06	-2.0	976662.0	617741.0	-2.0	-2.0	-2.0	165998.0	-2.0	-2.0	88354.5	2159315.0	-2.0	160.55650329589844	-2.0	13895740.0	-2.0	-2.0	-2.0	130007.5	21766.5	25166.5	9219.0	6427.0	-2.0	1.5	-2.0	70308.5	-2.0	-2.0	2337.0	19497.0	181264.5	-2.0	0.0012195694725960493	-2.0	-2.0	-2.0	-2.0	-2.0	972.5	15.915299892425537	-2.0	-2.0	37428.0	29.878249168395996	202883.0	-2.0	-2.0	-2.0	-2.0	-2.0	13.5	2576.5	-2.0	6780.5	22.87220001220703	-2.0	-2.0	2.5	-2.0	-2.0	0.00624067010357976	-2.0	-2.0	374.36949920654297	10.5	9593.5	-2.0	-2.0	-2.0	311295.5	1227.3150024414062	-2.0	-2.0	-2.0	12.5	8520.0	23.0	14.5	13.5	92.0	-2.0	-2.0	-2.0	250.0	9.935879707336426	-2.0	0.08268684893846512	-2.0	-2.0	6.0	-2.0	-2.0	-2.0	102.3479995727539	7.5	8318270.0	21.5	-2.0	-2.0	16.5	-2.0	236618.0	-2.0	950126.5	-2.0	-2.0	-2.0	98946.0	-2.0	4176.0	0.0016620470269117504	-2.0	4570.5	-2.0	-2.0	-2.0	0.0005025774880778044	52.0	54.0	-2.0	62.98984909057617	57048.0	42701.0	-2.0	-2.0	-2.0	72.81365013122559	-2.0	-2.0	11501200.0	-2.0	-2.0	516.5	-2.0	14184900.0	3063.0	662.0	-2.0	-2.0	-2.0	-2.0
# Feature
9	5	5	0	3	1	-2	4	4	8	2	-2	9	1	-2	-2	4	-2	3	9	4	-2	-2	7	-2	-2	9	6	-2	1	-2	-2	-2	-2	-2	0	0	-2	1	-2	-2	-2	1	6	1	5	-2	5	-2	-2	-2	-2	6	4	-2	-2	-2	9	7	-2	6	-2	-2	3	0	-2	-2	3	0	-2	4	1	-2	-2	-2	7	9	-2	8	5	4	-2	-2	-2	-2	3	9	8	0	-2	-2	-2	0	-2	-2	3	0	2	-2	-2	-2	-2	7	4	7	-2	3	8	-2	-2	-2	3	-2	-2	6	3	9	0	-2	-2	-2	3	-2	-2	7	-2	8	-2	-2	3	4	7	-2	3	-2	2	8	3	-2	-2	-2	5	1	4	7	-2	-2	-2	8	-2	-2	4	7	8	-2	3	6	9	7	-2	-2	8	-2	-2	-2	4	0	-2	4	-2	0	1	-2	-2	-2	0	-2	-2	5	2	-2	7	-2	2	-2	-2	-2	8	0	8	0	0	-2	6	-2	2	-2	-2	5	1	2	-2	4	-2	-2	-2	-2	-2	5	7	-2	-2	1	7	2	-2	-2	-2	-2	-2	6	0	-2	8	7	-2	-2	6	-2	-2	4	-2	-2	7	6	8	-2	-2	-2	1	7	-2	-2	-2	6	2	9	9	9	8	-2	-2	-2	0	3	-2	4	-2	-2	6	-2	-2	-2	7	6	2	8	-2	-2	5	-2	1	-2	0	-2	-2	-2	2	-2	5	4	-2	0	-2	-2	-2	4	9	5	-2	3	8	8	-2	-2	-2	7	-2	-2	2	-2	-2	5	-2	2	5	5	-2	-2	-2	-2
# Values
420.7500000000013	420.75000000001336	420.7499999999996	420.74999999999983
364.4713375796189	306.1864554317629	357.6374999999997	98.17500000000001
10.719745222929935	234.9871169916482	357.6374999999997	70.125
5.359872611464968	135.07364206128145	350.6249999999997	28.05
0.0	17.287082172701936	266.47499999999985	0.0
0.0	15.236072423398317	140.25000000000003	0.0
0.0	1.1720055710306407	0.0	0.0
0.0	14.064066852367679	140.25000000000003	0.0
0.0	12.306058495821722	91.16250000000002	0.0
0.0	10.841051532033424	91.16250000000002	0.0
0.0	4.688022284122563	91.16250000000002	0.0
0.0	0.5860027855153204	0.0	0.0
0.0	4.102019498607242	91.16250000000002	0.0
0.0	0.2930013927576602	35.0625	0.0
0.0	0.2930013927576602	14.025	0.0
0.0	0.0	21.0375	0.0
0.0	3.8090181058495816	56.10000000000001	0.0
0.0	0.5860027855153204	0.0	0.0
0.0	3.2230153203342615	56.10000000000001	0.0
0.0	2.3440111420612815	14.025	0.0
0.0	1.465006963788301	7.0125	0.0
0.0	0.2930013927576602	7.0125	0.0
0.0	1.1720055710306407	0.0	0.0
0.0	0.8790041782729805	7.0125	0.0
0.0	0.2930013927576602	7.0125	0.0
0.0	0.5860027855153204	0.0	0.0
0.0	0.8790041782729805	42.075	0.0
0.0	0.2930013927576602	35.0625	0.0
0.0	0.0	14.025	0.0
0.0	0.2930013927576602	21.0375	0.0
0.0	0.0	14.025	0.0
0.0	0.2930013927576602	7.0125	0.0
0.0	0.5860027855153204	7.0125	0.0
0.0	6.153029247910865	0.0	0.0
0.0	1.465006963788301	0.0	0.0
0.0	1.7580083565459612	49.087500000000006	0.0
0.0	1.1720055710306407	49.087500000000006	0.0
0.0	0.8790041782729805	7.0125	0.0
0.0	0.2930013927576602	42.075	0.0
0.0	0.0	35.0625	0.0
0.0	0.2930013927576602	7.0125	0.0
0.0	0.5860027855153204	0.0	0.0
0.0	2.0510097493036215	126.22500000000004	0.0
0.0	0.5860027855153204	119.21250000000003	0.0
0.0	0.5860027855153204	77.13750000000002	0.0
0.0	0.5860027855153204	49.087500000000006	0.0
0.0	0.0	28.05	0.0
0.0	0.5860027855153204	21.0375	0.0
0.0	0.2930013927576602	14.025	0.0
0.0	0.2930013927576602	7.0125	0.0
0.0	0.0	28.05	0.0
0.0	0.0	42.075	0.0
0.0	1.465006963788301	7.0125	0.0
0.0	1.1720055710306407	0.0	0.0
0.0	0.5860027855153204	0.0	0.0
0.0	0.5860027855153204	0.0	0.0
0.0	0.2930013927576602	7.0125	0.0
5.359872611464968	117.78655988857918	84.15000000000002	28.05
0.0	12.013057103064062	0.0	14.025
0.0	7.325034818941507	0.0	0.0
0.0	4.688022284122563	0.0	14.025
0.0	4.3950208913649025	0.0	0.0
0.0	0.2930013927576602	0.0	14.025
5.359872611464968	105.77350278551513	84.15000000000002	14.025
0.0	2.9300139275766015	35.0625	0.0
0.0	1.1720055710306407	35.0625	0.0
0.0	1.7580083565459612	0.0	0.0
5.359872611464968	102.84348885793854	49.087500000000006	14.025
5.359872611464968	35.16016713091917	0.0	0.0
0.0	31.058147632311936	0.0	0.0
5.359872611464968	4.102019498607242	0.0	0.0
0.0	4.102019498607242	0.0	0.0
0.0	0.5860027855153204	0.0	0.0
0.0	3.5160167130919215	0.0	0.0
5.359872611464968	0.0	0.0	0.0
0.0	67.68332172701939	49.087500000000006	14.025
0.0	12.306058495821722	35.0625	0.0
0.0	5.567026462395544	0.0	0.0
0.0	6.739032033426186	35.0625	0.0
0.0	4.102019498607242	35.0625	0.0
0.0	3.8090181058495816	14.025	0.0
0.0	2.9300139275766015	0.0	0.0
0.0	0.8790041782729805	14.025	0.0
0.0	0.2930013927576602	21.0375	0.0
0.0	2.6370125348189415	0.0	0.0
0.0	55.37726323119768	14.025	14.025
0.0	4.3950208913649025	7.0125	14.025
0.0	1.7580083565459612	0.0	14.025
0.0	1.465006963788301	0.0	0.0
0.0	0.5860027855153204	0.0	0.0
0.0	0.8790041782729805	0.0	0.0
0.0	0.2930013927576602	0.0	14.025
0.0	2.6370125348189415	7.0125	0.0
0.0	0.2930013927576602	7.0125	0.0
0.0	2.3440111420612815	0.0	0.0
0.0	50.98224233983279	7.0125	0.0
0.0	15.236072423398317	7.0125	0.0
0.0	3.2230153203342615	7.0125	0.0
0.0	2.9300139275766015	0.0	0.0
0.0	0.2930013927576602	7.0125	0.0
0.0	12.013057103064062	0.0	0.0
0.0	35.74616991643449	0.0	0.0
5.359872611464968	99.91347493036194	7.0125	42.075
0.0	27.24912952646236	0.0	28.05
0.0	9.376044568245126	0.0	28.05
0.0	4.981023676880223	0.0	0.0
0.0	4.3950208913649025	0.0	28.05
0.0	4.102019498607242	0.0	0.0
0.0	0.5860027855153204	0.0	0.0
0.0	3.5160167130919215	0.0	0.0
0.0	0.2930013927576602	0.0	28.05
0.0	17.873084958217255	0.0	0.0
0.0	0.5860027855153204	0.0	0.0
0.0	17.287082172701936	0.0	0.0
5.359872611464968	72.6643454038996	7.0125	14.025
2.679936305732484	35.74616991643449	7.0125	14.025
2.679936305732484	21.09610027855151	0.0	0.0
2.679936305732484	7.618036211699168	0.0	0.0
0.0	7.325034818941507	0.0	0.0
2.679936305732484	0.2930013927576602	0.0	0.0
0.0	13.47806406685236	0.0	0.0
0.0	14.650069637882998	7.0125	14.025
0.0	0.0	7.0125	14.025
0.0	14.650069637882998	0.0	0.0
2.679936305732484	36.91817548746513	0.0	0.0
0.0	31.351149025069596	0.0	0.0
2.679936305732484	5.567026462395544	0.0	0.0
0.0	5.274025069637884	0.0	0.0
2.679936305732484	0.2930013927576602	0.0	0.0
353.7515923566889	71.1993384401113	0.0	28.05
343.0318471337589	69.14832869080769	0.0	0.0
334.9920382165614	36.03917130919215	0.0	0.0
0.0	6.739032033426186	0.0	0.0
334.9920382165614	29.30013927576598	0.0	0.0
24.11942675159235	0.0	0.0	0.0
310.87261146496894	29.30013927576598	0.0	0.0
2.679936305732484	6.446030640668526	0.0	0.0
2.679936305732484	2.6370125348189415	0.0	0.0
0.0	2.3440111420612815	0.0	0.0
2.679936305732484	0.2930013927576602	0.0	0.0
0.0	3.8090181058495816	0.0	0.0
308.19267515923644	22.854108635097468	0.0	0.0
8.039808917197451	6.446030640668526	0.0	0.0
2.679936305732484	5.860027855153205	0.0	0.0
0.0	5.567026462395544	0.0	0.0
0.0	0.5860027855153204	0.0	0.0
0.0	4.981023676880223	0.0	0.0
2.679936305732484	0.2930013927576602	0.0	0.0
5.359872611464968	0.5860027855153204	0.0	0.0
2.679936305732484	0.2930013927576602	0.0	0.0
2.679936305732484	0.2930013927576602	0.0	0.0
300.15286624203895	16.408077994428957	0.0	0.0
200.9952229299366	5.274025069637884	0.0	0.0
125.9570063694267	4.688022284122563	0.0	0.0
0.0	1.465006963788301	0.0	0.0
125.9570063694267	3.2230153203342615	0.0	0.0
16.079617834394902	1.7580083565459612	0.0	0.0
13.39968152866242	1.1720055710306407	0.0	0.0
8.039808917197451	0.2930013927576602	0.0	0.0
2.679936305732484	0.2930013927576602	0.0	0.0
5.359872611464968	0.0	0.0	0.0
5.359872611464968	0.8790041782729805	0.0	0.0
5.359872611464968	0.0	0.0	0.0
0.0	0.8790041782729805	0.0	0.0
2.679936305732484	0.5860027855153204	0.0	0.0
109.8773885350318	1.465006963788301	0.0	0.0
42.87898089171973	1.1720055710306407	0.0	0.0
0.0	0.5860027855153204	0.0	0.0
42.87898089171973	0.5860027855153204	0.0	0.0
2.679936305732484	0.2930013927576602	0.0	0.0
40.199044585987245	0.2930013927576602	0.0	0.0
16.079617834394902	0.2930013927576602	0.0	0.0
13.39968152866242	0.0	0.0	0.0
2.679936305732484	0.2930013927576602	0.0	0.0
24.11942675159235	0.0	0.0	0.0
66.99840764331208	0.2930013927576602	0.0	0.0
64.3184713375796	0.0	0.0	0.0
2.679936305732484	0.2930013927576602	0.0	0.0
75.03821656050953	0.5860027855153204	0.0	0.0
40.199044585987245	0.5860027855153204	0.0	0.0
26.799363057324832	0.0	0.0	0.0
13.39968152866242	0.5860027855153204	0.0	0.0
8.039808917197451	0.0	0.0	0.0
5.359872611464968	0.5860027855153204	0.0	0.0
0.0	0.5860027855153204	0.0	0.0
5.359872611464968	0.0	0.0	0.0
34.83917197452228	0.0	0.0	0.0
99.15764331210187	11.134052924791083	0.0	0.0
99.15764331210187	8.204038997214488	0.0	0.0
40.199044585987245	6.739032033426186	0.0	0.0
40.199044585987245	5.567026462395544	0.0	0.0
10.719745222929935	3.5160167130919215	0.0	0.0
8.039808917197451	0.0	0.0	0.0
2.679936305732484	3.5160167130919215	0.0	0.0
0.0	1.7580083565459612	0.0	0.0
2.679936305732484	1.7580083565459612	0.0	0.0
2.679936305732484	0.5860027855153204	0.0	0.0
0.0	1.1720055710306407	0.0	0.0
29.479299363057315	2.0510097493036215	0.0	0.0
26.799363057324832	1.465006963788301	0.0	0.0
26.799363057324832	0.8790041782729805	0.0	0.0
21.439490445859867	0.2930013927576602	0.0	0.0
5.359872611464968	0.5860027855153204	0.0	0.0
5.359872611464968	0.0	0.0	0.0
0.0	0.5860027855153204	0.0	0.0
0.0	0.5860027855153204	0.0	0.0
2.679936305732484	0.5860027855153204	0.0	0.0
0.0	1.1720055710306407	0.0	0.0
58.95859872611462	1.465006963788301	0.0	0.0
2.679936305732484	1.1720055710306407	0.0	0.0
0.0	0.8790041782729805	0.0	0.0
2.679936305732484	0.2930013927576602	0.0	0.0
56.27866242038214	0.2930013927576602	0.0	0.0
26.799363057324832	0.2930013927576602	0.0	0.0
8.039808917197451	0.2930013927576602	0.0	0.0
5.359872611464968	0.0	0.0	0.0
2.679936305732484	0.2930013927576602	0.0	0.0
18.759554140127385	0.0	0.0	0.0
29.479299363057315	0.0	0.0	0.0
0.0	2.9300139275766015	0.0	0.0
8.039808917197451	33.10915738161555	0.0	0.0
2.679936305732484	32.230153203342574	0.0	0.0
0.0	29.59314066852364	0.0	0.0
2.679936305732484	2.6370125348189415	0.0	0.0
2.679936305732484	1.1720055710306407	0.0	0.0
0.0	0.8790041782729805	0.0	0.0
2.679936305732484	0.2930013927576602	0.0	0.0
0.0	1.465006963788301	0.0	0.0
0.0	0.8790041782729805	0.0	0.0
0.0	0.5860027855153204	0.0	0.0
5.359872611464968	0.8790041782729805	0.0	0.0
0.0	0.5860027855153204	0.0	0.0
5.359872611464968	0.2930013927576602	0.0	0.0
10.719745222929935	2.0510097493036215	0.0	28.05
5.359872611464968	1.1720055710306407	0.0	0.0
0.0	1.1720055710306407	0.0	0.0
0.0	0.5860027855153204	0.0	0.0
0.0	0.5860027855153204	0.0	0.0
5.359872611464968	0.0	0.0	0.0
5.359872611464968	0.8790041782729805	0.0	28.05
5.359872611464968	0.2930013927576602	0.0	14.025
2.679936305732484	0.2930013927576602	0.0	0.0
2.679936305732484	0.0	0.0	14.025
0.0	0.5860027855153204	0.0	14.025
56.27866242038214	114.56354456824492	63.11250000000001	322.575
53.59872611464966	82.62639275766003	63.11250000000001	42.075
0.0	12.013057103064062	56.10000000000001	0.0
0.0	7.618036211699168	56.10000000000001	0.0
0.0	3.8090181058495816	7.0125	0.0
0.0	3.2230153203342615	7.0125	0.0
0.0	0.2930013927576602	7.0125	0.0
0.0	2.9300139275766015	0.0	0.0
0.0	0.5860027855153204	0.0	0.0
0.0	3.8090181058495816	49.087500000000006	0.0
0.0	0.8790041782729805	42.075	0.0
0.0	0.5860027855153204	7.0125	0.0
0.0	0.2930013927576602	35.0625	0.0
0.0	0.2930013927576602	14.025	0.0
0.0	0.0	21.0375	0.0
0.0	2.9300139275766015	7.0125	0.0
0.0	2.6370125348189415	0.0	0.0
0.0	0.2930013927576602	7.0125	0.0
0.0	4.3950208913649025	0.0	0.0
53.59872611464966	70.61333565459599	7.0125	42.075
0.0	68.85532729805003	7.0125	42.075
0.0	47.75922701949853	7.0125	42.075
0.0	45.708217270194915	0.0	0.0
0.0	0.5860027855153204	0.0	0.0
0.0	45.122214484679596	0.0	0.0
0.0	2.0510097493036215	7.0125	42.075
0.0	0.2930013927576602	7.0125	14.025
0.0	1.7580083565459612	0.0	28.05
0.0	0.2930013927576602	0.0	14.025
0.0	1.465006963788301	0.0	14.025
0.0	1.1720055710306407	0.0	0.0
0.0	0.2930013927576602	0.0	14.025
0.0	21.09610027855151	0.0	0.0
53.59872611464966	1.7580083565459612	0.0	0.0
0.0	0.5860027855153204	0.0	0.0
53.59872611464966	1.1720055710306407	0.0	0.0
10.719745222929935	1.1720055710306407	0.0	0.0
0.0	0.5860027855153204	0.0	0.0
10.719745222929935	0.5860027855153204	0.0	0.0
0.0	0.5860027855153204	0.0	0.0
10.719745222929935	0.0	0.0	0.0
42.87898089171973	0.0	0.0	0.0
2.679936305732484	31.937151810584915	0.0	280.50000000000006
0.0	5.860027855153205	0.0	252.45000000000007
0.0	4.3950208913649025	0.0	252.45000000000007
0.0	0.0	0.0	182.32500000000005
0.0	4.3950208913649025	0.0	70.125
0.0	3.2230153203342615	0.0	14.025
0.0	0.8790041782729805	0.0	14.025
0.0	0.5860027855153204	0.0	0.0
0.0	0.2930013927576602	0.0	14.025
0.0	2.3440111420612815	0.0	0.0
0.0	1.1720055710306407	0.0	56.1
0.0	1.1720055710306407	0.0	0.0
0.0	0.0	0.0	56.1
0.0	1.465006963788301	0.0	0.0
0.0	0.5860027855153204	0.0	0.0
0.0	0.8790041782729805	0.0	0.0
2.679936305732484	26.077123955431723	0.0	28.05
0.0	23.147110027855128	0.0	0.0
2.679936305732484	2.9300139275766015	0.0	28.05
2.679936305732484	2.9300139275766015	0.0	0.0
0.0	2.6370125348189415	0.0	0.0
0.0	0.8790041782729805	0.0	0.0
0.0	1.7580083565459612	0.0	0.0
2.679936305732484	0.2930013927576602	0.0	0.0
0.0	0.0	0.0	28.05
