# Sizes (NFeatures, Nclasses, NodeCount, MaxDepth)
10	4	309	16
# Classes
0.0	1.0	2.0	3.0
# Feature Names
Nrows	Ncols	Nnnz	AvgNnnz	Density	MaxRowNnnz	MinRowNnnz	StdRowNnnz	NDiags	NTrueDiags
# Left
1	2	3	4	5	-1	7	8	-1	-1	11	12	13	14	15	-1	-1	18	-1	-1	-1	-1	-1	-1	25	26	27	-1	29	30	31	32	-1	34	-1	36	-1	-1	-1	-1	41	42	-1	44	-1	46	47	48	-1	-1	-1	52	53	-1	-1	56	-1	58	-1	-1	61	-1	63	-1	-1	66	-1	-1	69	-1	-1	72	73	74	75	-1	77	78	79	-1	-1	-1	-1	84	-1	86	87	88	89	90	91	-1	-1	-1	-1	-1	-1	-1	99	-1	101	-1	103	-1	-1	106	-1	-1	109	110	111	112	113	114	115	-1	117	-1	-1	120	-1	-1	123	124	125	-1	127	-1	129	-1	-1	132	-1	-1	135	136	137	138	139	140	141	-1	-1	144	-1	-1	-1	-1	-1	150	-1	-1	153	154	155	-1	-1	-1	159	160	161	-1	-1	-1	165	-1	-1	168	-1	170	171	-1	173	174	-1	-1	177	178	-1	-1	-1	182	-1	184	185	186	187	188	-1	190	-1	192	193	-1	-1	-1	-1	198	-1	-1	-1	-1	203	204	205	206	-1	208	209	-1	-1	-1	-1	214	-1	-1	217	218	-1	-1	221	222	-1	-1	-1	-1	227	228	229	230	-1	-1	233	234	235	236	-1	-1	-1	-1	-1	242	-1	244	245	246	-1	248	-1	250	251	-1	-1	254	-1	-1	-1	258	259	260	-1	-1	-1	-1	265	266	-1	268	-1	270	-1	-1	273	274	275	-1	-1	278	-1	280	281	282	283	284	285	286	287	-1	-1	-1	291	-1	-1	-1	-1	-1	-1	298	299	-1	-1	302	-1	-1	305	306	-1	-1	-1
# Right
108	71	24	23	6	-1	10	9	-1	-1	22	21	20	17	16	-1	-1	19	-1	-1	-1	-1	-1	-1	68	65	28	-1	40	39	38	33	-1	35	-1	37	-1	-1	-1	-1	60	43	-1	45	-1	51	50	49	-1	-1	-1	55	54	-1	-1	57	-1	59	-1	-1	62	-1	64	-1	-1	67	-1	-1	70	-1	-1	105	98	83	76	-1	82	81	80	-1	-1	-1	-1	85	-1	97	96	95	94	93	92	-1	-1	-1	-1	-1	-1	-1	100	-1	102	-1	104	-1	-1	107	-1	-1	226	225	202	167	122	119	116	-1	118	-1	-1	121	-1	-1	134	131	126	-1	128	-1	130	-1	-1	133	-1	-1	152	149	148	147	146	143	142	-1	-1	145	-1	-1	-1	-1	-1	151	-1	-1	158	157	156	-1	-1	-1	164	163	162	-1	-1	-1	166	-1	-1	169	-1	181	172	-1	176	175	-1	-1	180	179	-1	-1	-1	183	-1	201	200	197	196	189	-1	191	-1	195	194	-1	-1	-1	-1	199	-1	-1	-1	-1	216	213	212	207	-1	211	210	-1	-1	-1	-1	215	-1	-1	220	219	-1	-1	224	223	-1	-1	-1	-1	264	241	232	231	-1	-1	240	239	238	237	-1	-1	-1	-1	-1	243	-1	257	256	247	-1	249	-1	253	252	-1	-1	255	-1	-1	-1	263	262	261	-1	-1	-1	-1	272	267	-1	269	-1	271	-1	-1	304	277	276	-1	-1	279	-1	297	296	295	294	293	290	289	288	-1	-1	-1	292	-1	-1	-1	-1	-1	-1	301	300	-1	-1	303	-1	-1	308	307	-1	-1	-1
# Threshold
35761.0	239.0	48.5	15.0	6.5	-2.0	0.6638794839382172	10.5	-2.0	-2.0	47.5	6.834545135498047	0.3677684962749481	1.5	3.3548049926757812	-2.0	-2.0	27.5	-2.0	-2.0	-2.0	-2.0	-2.0	-2.0	0.17245350033044815	6.9467151165008545	1.5	-2.0	23.0	10.0	212.5	0.16799350082874298	-2.0	98.0	-2.0	5.769999980926514	-2.0	-2.0	-2.0	-2.0	112.5	0.4085104987025261	-2.0	4.117105007171631	-2.0	54.5	62.5	0.08805879950523376	-2.0	-2.0	-2.0	64.5	4.0	-2.0	-2.0	2.963039994239807	-2.0	105.5	-2.0	-2.0	164.0	-2.0	274.5	-2.0	-2.0	54.5	-2.0	-2.0	1.5	-2.0	-2.0	1.9974899888038635	20.0	2.0	0.9987500011920929	-2.0	3928.5	0.0008049930038396269	0.0004196859954390675	-2.0	-2.0	-2.0	-2.0	0.34487849473953247	-2.0	13.0	8.0	6.297415018081665	1109.0	5.5	4.84659481048584	-2.0	-2.0	-2.0	-2.0	-2.0	-2.0	-2.0	0.018079950474202633	-2.0	4.5	-2.0	2481.5	-2.0	-2.0	6.5	-2.0	-2.0	6.5	0.06769225187599659	6584375.0	2.5	9.395985126495361	1.1057850122451782	1069750.0	-2.0	1417340.0	-2.0	-2.0	1142.0	-2.0	-2.0	8.19603967666626	5.581130027770996	27984.0	-2.0	3.2539299726486206	-2.0	3.982729911804199	-2.0	-2.0	193246.0	-2.0	-2.0	32.639549255371094	4.5	0.001050894963555038	21.291300773620605	1591836.0	191.0	15.992200374603271	-2.0	-2.0	27505.0	-2.0	-2.0	-2.0	-2.0	-2.0	13.860849857330322	-2.0	-2.0	16153.5	147.19499969482422	0.0013029850088059902	-2.0	-2.0	-2.0	26520.0	15214.5	18.132349967956543	-2.0	-2.0	-2.0	2238355.0	-2.0	-2.0	307.5	-2.0	21766.5	527.5	-2.0	3.5	21.02995014190674	-2.0	-2.0	0.0015595624572597444	8799.5	-2.0	-2.0	-2.0	8.882544994354248	-2.0	281405.0	202603.0	558140.5	70012.0	36585.5	-2.0	5.822299957275391	-2.0	2808.5	36.17055034637451	-2.0	-2.0	-2.0	-2.0	46383.0	-2.0	-2.0	-2.0	-2.0	25.359600067138672	1600645.0	2802945.0	447005.0	-2.0	17809050.0	1.5	-2.0	-2.0	-2.0	-2.0	15641900.0	-2.0	-2.0	267.7990036010742	12.032649993896484	-2.0	-2.0	968.0794982910156	0.00011982100113527849	-2.0	-2.0	-2.0	-2.0	5.5	36.71819877624512	6.946594953536987	7.440524996127351e-06	-2.0	-2.0	1.133204996585846	14.5	11.027649879455566	52428.0	-2.0	-2.0	-2.0	-2.0	-2.0	4570.5	-2.0	1.5	103.07500076293945	9.601415149518289e-05	-2.0	8915.0	-2.0	43.5	12012.5	-2.0	-2.0	53985.5	-2.0	-2.0	-2.0	15879.0	123.69744825363159	0.0006612789875362068	-2.0	-2.0	-2.0	-2.0	35460.0	60.0	-2.0	0.030549350194633007	-2.0	861.5	-2.0	-2.0	3006.0	34.17379951477051	4171360.0	-2.0	-2.0	6.763814963051118e-05	-2.0	232493.0	192413.0	58.0	70.0	16.0	12.5	9.5	101717.0	-2.0	-2.0	-2.0	0.0005025774880778044	-2.0	-2.0	-2.0	-2.0	-2.0	-2.0	20.0	571828.5	-2.0	-2.0	43.0	-2.0	-2.0	9.5	224.02440643310547	-2.0	-2.0	-2.0
# Feature
2	1	1	9	8	-2	7	1	-2	-2	0	3	4	6	7	-2	-2	0	-2	-2	-2	-2	-2	-2	4	7	5	-2	8	9	0	7	-2	1	-2	3	-2	-2	-2	-2	0	7	-2	3	-2	8	0	4	-2	-2	-2	0	9	-2	-2	7	-2	1	-2	-2	1	-2	8	-2	-2	5	-2	-2	6	-2	-2	7	8	9	3	-2	0	4	4	-2	-2	-2	-2	7	-2	9	8	3	0	5	3	-2	-2	-2	-2	-2	-2	-2	4	-2	6	-2	2	-2	-2	5	-2	-2	9	4	2	9	7	7	0	-2	1	-2	-2	0	-2	-2	3	3	8	-2	3	-2	3	-2	-2	2	-2	-2	7	6	4	7	2	5	7	-2	-2	0	-2	-2	-2	-2	-2	7	-2	-2	8	7	4	-2	-2	-2	1	0	3	-2	-2	-2	2	-2	-2	5	-2	0	5	-2	9	7	-2	-2	4	0	-2	-2	-2	7	-2	0	0	2	0	0	-2	3	-2	5	7	-2	-2	-2	-2	0	-2	-2	-2	-2	7	8	0	1	-2	2	6	-2	-2	-2	-2	2	-2	-2	7	3	-2	-2	7	4	-2	-2	-2	-2	6	7	3	4	-2	-2	7	5	3	2	-2	-2	-2	-2	-2	1	-2	6	3	4	-2	8	-2	9	5	-2	-2	1	-2	-2	-2	8	3	4	-2	-2	-2	-2	0	9	-2	4	-2	5	-2	-2	5	3	2	-2	-2	4	-2	1	1	9	6	6	6	6	0	-2	-2	-2	4	-2	-2	-2	-2	-2	-2	9	0	-2	-2	9	-2	-2	6	7	-2	-2	-2
# Values
420.7500000000013	420.75000000001336	420.7499999999996	420.74999999999983
0.0	190.15790389972412	392.69999999999965	14.025
0.0	25.198119777158745	322.57499999999976	0.0
0.0	3.8090181058495816	147.26250000000002	0.0
0.0	3.8090181058495816	133.23750000000004	0.0
0.0	0.8790041782729805	0.0	0.0
0.0	2.9300139275766015	133.23750000000004	0.0
0.0	0.8790041782729805	7.0125	0.0
0.0	0.5860027855153204	0.0	0.0
0.0	0.2930013927576602	7.0125	0.0
0.0	2.0510097493036215	126.22500000000004	0.0
0.0	2.0510097493036215	98.17500000000003	0.0
0.0	2.0510097493036215	63.11250000000001	0.0
0.0	1.465006963788301	63.11250000000001	0.0
0.0	0.8790041782729805	28.05	0.0
0.0	0.2930013927576602	28.05	0.0
0.0	0.5860027855153204	0.0	0.0
0.0	0.5860027855153204	35.0625	0.0
0.0	0.5860027855153204	7.0125	0.0
0.0	0.0	28.05	0.0
0.0	0.5860027855153204	0.0	0.0
0.0	0.0	35.0625	0.0
0.0	0.0	28.05	0.0
0.0	0.0	14.025	0.0
0.0	21.38910167130917	175.31249999999997	0.0
0.0	19.924094707520872	175.31249999999997	0.0
0.0	16.408077994428957	175.31249999999997	0.0
0.0	0.0	28.05	0.0
0.0	16.408077994428957	147.26250000000002	0.0
0.0	1.465006963788301	70.12500000000001	0.0
0.0	1.465006963788301	42.075	0.0
0.0	0.8790041782729805	35.0625	0.0
0.0	0.0	14.025	0.0
0.0	0.8790041782729805	21.0375	0.0
0.0	0.2930013927576602	7.0125	0.0
0.0	0.5860027855153204	14.025	0.0
0.0	0.2930013927576602	7.0125	0.0
0.0	0.2930013927576602	7.0125	0.0
0.0	0.5860027855153204	7.0125	0.0
0.0	0.0	28.05	0.0
0.0	14.943071030640658	77.13750000000002	0.0
0.0	6.446030640668526	63.11250000000001	0.0
0.0	0.8790041782729805	0.0	0.0
0.0	5.567026462395544	63.11250000000001	0.0
0.0	2.6370125348189415	0.0	0.0
0.0	2.9300139275766015	63.11250000000001	0.0
0.0	1.465006963788301	14.025	0.0
0.0	1.1720055710306407	0.0	0.0
0.0	0.5860027855153204	0.0	0.0
0.0	0.5860027855153204	0.0	0.0
0.0	0.2930013927576602	14.025	0.0
0.0	1.465006963788301	49.087500000000006	0.0
0.0	0.8790041782729805	7.0125	0.0
0.0	0.2930013927576602	7.0125	0.0
0.0	0.5860027855153204	0.0	0.0
0.0	0.5860027855153204	42.075	0.0
0.0	0.0	28.05	0.0
0.0	0.5860027855153204	14.025	0.0
0.0	0.2930013927576602	7.0125	0.0
0.0	0.2930013927576602	7.0125	0.0
0.0	8.497040389972147	14.025	0.0
0.0	4.981023676880223	0.0	0.0
0.0	3.5160167130919215	14.025	0.0
0.0	3.5160167130919215	0.0	0.0
0.0	0.0	14.025	0.0
0.0	3.5160167130919215	0.0	0.0
0.0	0.5860027855153204	0.0	0.0
0.0	2.9300139275766015	0.0	0.0
0.0	1.465006963788301	0.0	0.0
0.0	0.5860027855153204	0.0	0.0
0.0	0.8790041782729805	0.0	0.0
0.0	164.95978412256417	70.12500000000001	14.025
0.0	60.065285515320234	70.12500000000001	14.025
0.0	12.89206128133704	70.12500000000001	0.0
0.0	2.6370125348189415	35.0625	0.0
0.0	0.8790041782729805	0.0	0.0
0.0	1.7580083565459612	35.0625	0.0
0.0	0.8790041782729805	35.0625	0.0
0.0	0.8790041782729805	14.025	0.0
0.0	0.2930013927576602	14.025	0.0
0.0	0.5860027855153204	0.0	0.0
0.0	0.0	21.0375	0.0
0.0	0.8790041782729805	0.0	0.0
0.0	10.255048746518105	35.0625	0.0
0.0	4.688022284122563	0.0	0.0
0.0	5.567026462395544	35.0625	0.0
0.0	5.274025069637884	28.05	0.0
0.0	2.9300139275766015	28.05	0.0
0.0	2.6370125348189415	21.0375	0.0
0.0	1.465006963788301	21.0375	0.0
0.0	1.1720055710306407	7.0125	0.0
0.0	0.5860027855153204	0.0	0.0
0.0	0.5860027855153204	7.0125	0.0
0.0	0.2930013927576602	14.025	0.0
0.0	1.1720055710306407	0.0	0.0
0.0	0.2930013927576602	7.0125	0.0
0.0	2.3440111420612815	0.0	0.0
0.0	0.2930013927576602	7.0125	0.0
0.0	47.17322423398321	0.0	14.025
0.0	42.48520194986066	0.0	0.0
0.0	4.688022284122563	0.0	14.025
0.0	2.3440111420612815	0.0	0.0
0.0	2.3440111420612815	0.0	14.025
0.0	0.2930013927576602	0.0	14.025
0.0	2.0510097493036215	0.0	0.0
0.0	104.89449860724216	0.0	0.0
0.0	0.5860027855153204	0.0	0.0
0.0	104.30849582172684	0.0	0.0
420.7500000000013	230.5920961002831	28.05	406.72499999999985
356.4315286624214	119.8375696378828	0.0	84.15
356.4315286624214	119.54456824512513	0.0	70.125
300.15286624203895	105.18749999999982	0.0	0.0
128.6369426751592	71.78534122562662	0.0	0.0
5.359872611464968	48.63823119777151	0.0	0.0
5.359872611464968	9.376044568245126	0.0	0.0
0.0	8.497040389972147	0.0	0.0
5.359872611464968	0.8790041782729805	0.0	0.0
5.359872611464968	0.0	0.0	0.0
0.0	0.8790041782729805	0.0	0.0
0.0	39.262186629526404	0.0	0.0
0.0	2.9300139275766015	0.0	0.0
0.0	36.33217270194981	0.0	0.0
123.27707006369421	23.147110027855128	0.0	0.0
72.35828025477704	1.465006963788301	0.0	0.0
18.759554140127385	1.1720055710306407	0.0	0.0
0.0	0.8790041782729805	0.0	0.0
18.759554140127385	0.2930013927576602	0.0	0.0
10.719745222929935	0.0	0.0	0.0
8.039808917197451	0.2930013927576602	0.0	0.0
2.679936305732484	0.2930013927576602	0.0	0.0
5.359872611464968	0.0	0.0	0.0
53.59872611464966	0.2930013927576602	0.0	0.0
2.679936305732484	0.2930013927576602	0.0	0.0
50.918789808917175	0.0	0.0	0.0
50.918789808917175	21.68210306406683	0.0	0.0
13.39968152866242	14.943071030640658	0.0	0.0
5.359872611464968	14.357068245125339	0.0	0.0
5.359872611464968	7.911037604456828	0.0	0.0
5.359872611464968	3.2230153203342615	0.0	0.0
5.359872611464968	2.6370125348189415	0.0	0.0
0.0	1.7580083565459612	0.0	0.0
0.0	0.5860027855153204	0.0	0.0
0.0	1.1720055710306407	0.0	0.0
5.359872611464968	0.8790041782729805	0.0	0.0
2.679936305732484	0.2930013927576602	0.0	0.0
2.679936305732484	0.5860027855153204	0.0	0.0
0.0	0.5860027855153204	0.0	0.0
0.0	4.688022284122563	0.0	0.0
0.0	6.446030640668526	0.0	0.0
8.039808917197451	0.5860027855153204	0.0	0.0
0.0	0.5860027855153204	0.0	0.0
8.039808917197451	0.0	0.0	0.0
37.51910828025476	6.739032033426186	0.0	0.0
2.679936305732484	4.688022284122563	0.0	0.0
0.0	3.8090181058495816	0.0	0.0
0.0	0.5860027855153204	0.0	0.0
0.0	3.2230153203342615	0.0	0.0
2.679936305732484	0.8790041782729805	0.0	0.0
34.83917197452228	2.0510097493036215	0.0	0.0
5.359872611464968	1.7580083565459612	0.0	0.0
5.359872611464968	0.8790041782729805	0.0	0.0
2.679936305732484	0.2930013927576602	0.0	0.0
2.679936305732484	0.5860027855153204	0.0	0.0
0.0	0.8790041782729805	0.0	0.0
29.479299363057315	0.2930013927576602	0.0	0.0
24.11942675159235	0.0	0.0	0.0
5.359872611464968	0.2930013927576602	0.0	0.0
171.51592356687914	33.40215877437321	0.0	0.0
0.0	25.491121169916404	0.0	0.0
171.51592356687914	7.911037604456828	0.0	0.0
45.55891719745221	4.3950208913649025	0.0	0.0
0.0	0.8790041782729805	0.0	0.0
45.55891719745221	3.5160167130919215	0.0	0.0
40.199044585987245	2.3440111420612815	0.0	0.0
2.679936305732484	2.3440111420612815	0.0	0.0
37.51910828025476	0.0	0.0	0.0
5.359872611464968	1.1720055710306407	0.0	0.0
0.0	1.1720055710306407	0.0	0.0
0.0	0.5860027855153204	0.0	0.0
0.0	0.5860027855153204	0.0	0.0
5.359872611464968	0.0	0.0	0.0
125.9570063694267	3.5160167130919215	0.0	0.0
0.0	0.8790041782729805	0.0	0.0
125.9570063694267	2.6370125348189415	0.0	0.0
96.47770700636939	2.6370125348189415	0.0	0.0
96.47770700636939	2.0510097493036215	0.0	0.0
50.918789808917175	1.7580083565459612	0.0	0.0
48.23885350318469	0.8790041782729805	0.0	0.0
13.39968152866242	0.0	0.0	0.0
34.83917197452228	0.8790041782729805	0.0	0.0
2.679936305732484	0.5860027855153204	0.0	0.0
32.1592356687898	0.2930013927576602	0.0	0.0
8.039808917197451	0.2930013927576602	0.0	0.0
2.679936305732484	0.2930013927576602	0.0	0.0
5.359872611464968	0.0	0.0	0.0
24.11942675159235	0.0	0.0	0.0
2.679936305732484	0.8790041782729805	0.0	0.0
45.55891719745221	0.2930013927576602	0.0	0.0
5.359872611464968	0.2930013927576602	0.0	0.0
40.199044585987245	0.0	0.0	0.0
0.0	0.5860027855153204	0.0	0.0
29.479299363057315	0.0	0.0	0.0
56.27866242038214	14.357068245125339	0.0	70.125
2.679936305732484	12.599059888579381	0.0	56.1
0.0	4.3950208913649025	0.0	56.1
0.0	2.3440111420612815	0.0	56.1
0.0	0.5860027855153204	0.0	0.0
0.0	1.7580083565459612	0.0	56.1
0.0	0.2930013927576602	0.0	56.1
0.0	0.2930013927576602	0.0	28.05
0.0	0.0	0.0	28.05
0.0	1.465006963788301	0.0	0.0
0.0	2.0510097493036215	0.0	0.0
2.679936305732484	8.204038997214488	0.0	0.0
2.679936305732484	0.5860027855153204	0.0	0.0
0.0	7.618036211699168	0.0	0.0
53.59872611464966	1.7580083565459612	0.0	14.025
37.51910828025476	0.2930013927576602	0.0	0.0
2.679936305732484	0.2930013927576602	0.0	0.0
34.83917197452228	0.0	0.0	0.0
16.079617834394902	1.465006963788301	0.0	14.025
0.0	1.465006963788301	0.0	14.025
0.0	0.8790041782729805	0.0	0.0
0.0	0.5860027855153204	0.0	14.025
16.079617834394902	0.0	0.0	0.0
0.0	0.2930013927576602	0.0	14.025
64.3184713375796	110.75452646239535	28.05	322.575
56.27866242038214	47.17322423398321	28.05	14.025
0.0	39.555188022284064	28.05	14.025
0.0	3.8090181058495816	21.0375	0.0
0.0	0.0	21.0375	0.0
0.0	3.8090181058495816	0.0	0.0
0.0	35.74616991643449	7.0125	14.025
0.0	4.981023676880223	7.0125	14.025
0.0	4.3950208913649025	0.0	14.025
0.0	4.102019498607242	0.0	0.0
0.0	0.8790041782729805	0.0	0.0
0.0	3.2230153203342615	0.0	0.0
0.0	0.2930013927576602	0.0	14.025
0.0	0.5860027855153204	7.0125	0.0
0.0	30.765146239554277	0.0	0.0
56.27866242038214	7.618036211699168	0.0	0.0
0.0	2.6370125348189415	0.0	0.0
56.27866242038214	4.981023676880223	0.0	0.0
45.55891719745221	2.0510097493036215	0.0	0.0
32.1592356687898	2.0510097493036215	0.0	0.0
8.039808917197451	0.0	0.0	0.0
24.11942675159235	2.0510097493036215	0.0	0.0
0.0	0.8790041782729805	0.0	0.0
24.11942675159235	1.1720055710306407	0.0	0.0
13.39968152866242	0.2930013927576602	0.0	0.0
5.359872611464968	0.2930013927576602	0.0	0.0
8.039808917197451	0.0	0.0	0.0
10.719745222929935	0.8790041782729805	0.0	0.0
10.719745222929935	0.0	0.0	0.0
0.0	0.8790041782729805	0.0	0.0
13.39968152866242	0.0	0.0	0.0
10.719745222929935	2.9300139275766015	0.0	0.0
5.359872611464968	2.9300139275766015	0.0	0.0
0.0	2.9300139275766015	0.0	0.0
0.0	0.5860027855153204	0.0	0.0
0.0	2.3440111420612815	0.0	0.0
5.359872611464968	0.0	0.0	0.0
5.359872611464968	0.0	0.0	0.0
8.039808917197451	63.58130222841215	0.0	308.55
2.679936305732484	35.45316852367683	0.0	0.0
0.0	21.68210306406683	0.0	0.0
2.679936305732484	13.77106545961002	0.0	0.0
0.0	12.013057103064062	0.0	0.0
2.679936305732484	1.7580083565459612	0.0	0.0
0.0	1.465006963788301	0.0	0.0
2.679936305732484	0.2930013927576602	0.0	0.0
5.359872611464968	28.12813370473534	0.0	308.55
2.679936305732484	21.97510445682449	0.0	308.55
2.679936305732484	4.688022284122563	0.0	14.025
0.0	4.688022284122563	0.0	0.0
2.679936305732484	0.0	0.0	14.025
0.0	17.287082172701936	0.0	294.52500000000003
0.0	3.5160167130919215	0.0	0.0
0.0	13.77106545961002	0.0	294.52500000000003
0.0	11.134052924791083	0.0	84.15
0.0	9.669045961002785	0.0	84.15
0.0	7.032033426183847	0.0	84.15
0.0	7.032033426183847	0.0	56.1
0.0	4.102019498607242	0.0	56.1
0.0	3.2230153203342615	0.0	14.025
0.0	1.1720055710306407	0.0	14.025
0.0	0.5860027855153204	0.0	0.0
0.0	0.5860027855153204	0.0	14.025
0.0	2.0510097493036215	0.0	0.0
0.0	0.8790041782729805	0.0	42.075
0.0	0.0	0.0	42.075
0.0	0.8790041782729805	0.0	0.0
0.0	2.9300139275766015	0.0	0.0
0.0	0.0	0.0	28.05
0.0	2.6370125348189415	0.0	0.0
0.0	1.465006963788301	0.0	0.0
0.0	2.6370125348189415	0.0	210.37500000000006
0.0	0.5860027855153204	0.0	140.25000000000003
0.0	0.0	0.0	140.25000000000003
0.0	0.5860027855153204	0.0	0.0
0.0	2.0510097493036215	0.0	70.125
0.0	1.7580083565459612	0.0	0.0
0.0	0.2930013927576602	0.0	70.125
2.679936305732484	6.153029247910865	0.0	0.0
2.679936305732484	3.2230153203342615	0.0	0.0
0.0	2.9300139275766015	0.0	0.0
2.679936305732484	0.2930013927576602	0.0	0.0
0.0	2.9300139275766015	0.0	0.0
