# Sizes (NFeatures, Nclasses, NodeCount, MaxDepth)
10	4	307	14
# Classes
0.0	1.0	2.0	3.0
# Feature Names
Nrows	Ncols	Nnnz	AvgNnnz	Density	MaxRowNnnz	MinRowNnnz	StdRowNnnz	NDiags	NTrueDiags
# Left
1	2	3	4	5	6	7	8	-1	10	-1	-1	-1	-1	15	-1	17	-1	19	-1	21	-1	23	-1	25	26	-1	28	29	-1	-1	-1	33	-1	35	-1	-1	38	39	40	-1	42	43	44	-1	-1	47	48	-1	-1	-1	52	-1	-1	55	-1	-1	58	59	-1	-1	62	63	64	65	-1	67	-1	69	70	71	-1	-1	-1	-1	-1	77	78	79	-1	-1	-1	-1	-1	85	86	-1	-1	-1	90	91	92	93	94	95	-1	-1	-1	-1	100	-1	-1	103	104	105	106	-1	-1	109	110	111	-1	113	-1	-1	116	117	-1	119	-1	121	122	-1	-1	125	-1	-1	128	-1	-1	-1	132	133	-1	-1	136	137	-1	139	-1	141	142	143	-1	-1	-1	-1	148	-1	-1	151	152	-1	154	-1	156	-1	158	-1	-1	161	162	-1	-1	-1	166	167	168	169	170	171	-1	-1	174	175	-1	177	178	179	-1	181	-1	-1	184	-1	-1	-1	188	-1	-1	191	-1	193	-1	195	-1	197	-1	199	-1	-1	202	-1	204	-1	206	-1	-1	209	-1	211	-1	213	-1	-1	216	217	-1	219	220	221	222	223	-1	-1	-1	-1	228	-1	230	-1	232	-1	-1	-1	-1	237	238	239	-1	241	242	243	244	245	246	-1	-1	249	-1	251	-1	-1	254	-1	256	257	-1	259	260	-1	-1	-1	264	265	266	-1	-1	269	-1	-1	-1	273	-1	275	276	277	278	279	-1	-1	-1	-1	-1	-1	-1	287	-1	-1	290	-1	-1	293	294	295	-1	-1	-1	299	300	301	-1	303	-1	-1	-1	-1
# Right
236	89	84	37	14	13	12	9	-1	11	-1	-1	-1	-1	16	-1	18	-1	20	-1	22	-1	24	-1	32	27	-1	31	30	-1	-1	-1	34	-1	36	-1	-1	57	54	41	-1	51	46	45	-1	-1	50	49	-1	-1	-1	53	-1	-1	56	-1	-1	61	60	-1	-1	83	76	75	66	-1	68	-1	74	73	72	-1	-1	-1	-1	-1	82	81	80	-1	-1	-1	-1	-1	88	87	-1	-1	-1	165	102	99	98	97	96	-1	-1	-1	-1	101	-1	-1	150	131	108	107	-1	-1	130	115	112	-1	114	-1	-1	127	118	-1	120	-1	124	123	-1	-1	126	-1	-1	129	-1	-1	-1	135	134	-1	-1	147	138	-1	140	-1	146	145	144	-1	-1	-1	-1	149	-1	-1	160	153	-1	155	-1	157	-1	159	-1	-1	164	163	-1	-1	-1	215	208	201	190	173	172	-1	-1	187	176	-1	186	183	180	-1	182	-1	-1	185	-1	-1	-1	189	-1	-1	192	-1	194	-1	196	-1	198	-1	200	-1	-1	203	-1	205	-1	207	-1	-1	210	-1	212	-1	214	-1	-1	235	218	-1	234	227	226	225	224	-1	-1	-1	-1	229	-1	231	-1	233	-1	-1	-1	-1	292	289	240	-1	286	285	272	253	248	247	-1	-1	250	-1	252	-1	-1	255	-1	263	258	-1	262	261	-1	-1	-1	271	268	267	-1	-1	270	-1	-1	-1	274	-1	284	283	282	281	280	-1	-1	-1	-1	-1	-1	-1	288	-1	-1	291	-1	-1	298	297	296	-1	-1	-1	306	305	302	-1	304	-1	-1	-1	-1
# Threshold
0.019895849749445915	35730.0	0.01819705031812191	1.5	3691.5	1.5	0.024968750774860382	1273.5	-2.0	2528.0	-2.0	-2.0	-2.0	-2.0	9624.0	-2.0	95899.0	-2.0	12613.5	-2.0	0.5	-2.0	115931.0	-2.0	27468.0	195.5	-2.0	86.7894515991211	16440.5	-2.0	-2.0	-2.0	32007.0	-2.0	29.5	-2.0	-2.0	16.03719997406006	980.0	1927.5	-2.0	0.008698829915374517	4377.0	7.5	-2.0	-2.0	8.0	5.5	-2.0	-2.0	-2.0	7.5	-2.0	-2.0	0.5	-2.0	-2.0	4039.5	2.5	-2.0	-2.0	103.75299835205078	15358.5	14836.5	5063.0	-2.0	27.879600524902344	-2.0	92.52180099487305	0.005399229936301708	4.0	-2.0	-2.0	-2.0	-2.0	-2.0	3.5	12.36525011062622	13890.0	-2.0	-2.0	-2.0	-2.0	-2.0	382.0	1.2926835119724274	-2.0	-2.0	-2.0	6.86921994201839e-05	8634.5	1159505.0	1.6803749986138428e-05	930268.5	5.858910083770752	-2.0	-2.0	-2.0	-2.0	11.0	-2.0	-2.0	1.5	2017385.0	323.5	1.6671949625015259	-2.0	-2.0	931332.0	0.5	1904815.0	-2.0	127.02970123291016	-2.0	-2.0	346517.5	95753.0	-2.0	113595.0	-2.0	6.009310007095337	246781.0	-2.0	-2.0	2206510.0	-2.0	-2.0	8.29942512512207	-2.0	-2.0	-2.0	14791750.0	1.5	-2.0	-2.0	7574345.0	31.5	-2.0	1910650.0	-2.0	0.5	29220.5	33.01605033874512	-2.0	-2.0	-2.0	-2.0	8201870.5	-2.0	-2.0	316224.0	154970.5	-2.0	159565.0	-2.0	2.126394974766299e-05	-2.0	232052.5	-2.0	-2.0	46724.5	464696.5	-2.0	-2.0	-2.0	12.5	8318270.0	102397.0	3.5	208.0	5.5	-2.0	-2.0	59178.0	13.505300045013428	-2.0	33.23850059509277	4.0	0.0001399824977852404	-2.0	1.5	-2.0	-2.0	9.302510023117065	-2.0	-2.0	-2.0	548.5	-2.0	-2.0	67519.0	-2.0	9.999829769134521	-2.0	5.5	-2.0	26.807150840759277	-2.0	0.00042346600093878806	-2.0	-2.0	142459.0	-2.0	8.5	-2.0	147294.5	-2.0	-2.0	8641985.0	-2.0	0.5	-2.0	9750.0	-2.0	-2.0	13999.0	8485435.0	-2.0	571828.5	14184900.0	0.0006834485102444887	11288900.0	57.78434944152832	-2.0	-2.0	-2.0	-2.0	20.0	-2.0	41.0	-2.0	50.0	-2.0	-2.0	-2.0	-2.0	239.0	14.61109972000122	9.5	-2.0	60.5	1908.5	3.5	37.5	1.1005499958992004	0.6638794839382172	-2.0	-2.0	0.12899750098586082	-2.0	8.5	-2.0	-2.0	1.5	-2.0	6.5	4.5	-2.0	23.0	212.5	-2.0	-2.0	-2.0	112.5	72.5	2.5	-2.0	-2.0	1.5	-2.0	-2.0	-2.0	6.567500114440918	-2.0	140.5	100.0	9.5	309.5	152.5	-2.0	-2.0	-2.0	-2.0	-2.0	-2.0	-2.0	0.03717399947345257	-2.0	-2.0	78.0	-2.0	-2.0	2995.0	1.4311800003051758	1.2804049849510193	-2.0	-2.0	-2.0	4761.5	380.6855010986328	350738.0	-2.0	6151.0	-2.0	-2.0	-2.0	-2.0
# Feature
4	0	4	9	0	6	7	0	-2	1	-2	-2	-2	-2	0	-2	2	-2	8	-2	6	-2	2	-2	0	5	-2	7	0	-2	-2	-2	1	-2	5	-2	-2	7	1	2	-2	4	2	8	-2	-2	9	5	-2	-2	-2	5	-2	-2	6	-2	-2	8	9	-2	-2	7	1	1	8	-2	7	-2	7	4	9	-2	-2	-2	-2	-2	9	3	8	-2	-2	-2	-2	-2	1	7	-2	-2	-2	4	8	0	4	0	3	-2	-2	-2	-2	9	-2	-2	6	0	5	7	-2	-2	1	6	2	-2	7	-2	-2	0	1	-2	1	-2	3	8	-2	-2	2	-2	-2	3	-2	-2	-2	2	9	-2	-2	0	5	-2	8	-2	6	5	7	-2	-2	-2	-2	5	-2	-2	8	8	-2	8	-2	4	-2	1	-2	-2	5	8	-2	-2	-2	6	2	1	6	5	5	-2	-2	0	7	-2	7	9	4	-2	9	-2	-2	3	-2	-2	-2	5	-2	-2	1	-2	3	-2	6	-2	3	-2	4	-2	-2	0	-2	6	-2	1	-2	-2	2	-2	6	-2	5	-2	-2	5	2	-2	1	2	4	2	3	-2	-2	-2	-2	9	-2	9	-2	9	-2	-2	-2	-2	1	3	0	-2	5	2	6	1	7	7	-2	-2	4	-2	5	-2	-2	9	-2	5	9	-2	8	0	-2	-2	-2	0	1	6	-2	-2	6	-2	-2	-2	3	-2	8	0	5	2	2	-2	-2	-2	-2	-2	-2	-2	4	-2	-2	0	-2	-2	1	7	7	-2	-2	-2	5	3	2	-2	8	-2	-2	-2	-2
# Values
420.7500000000013	420.75000000001336	420.7499999999996	420.74999999999983
410.0302547770713	367.13074512535906	119.21250000000003	406.72499999999985
107.19745222929932	265.7522632312039	91.16250000000002	14.025
107.19745222929932	262.8222493036272	91.16250000000002	0.0
18.759554140127385	64.46030640668513	63.11250000000001	0.0
0.0	29.886142061281298	63.11250000000001	0.0
0.0	18.459087743732574	63.11250000000001	0.0
0.0	0.8790041782729805	63.11250000000001	0.0
0.0	0.0	49.087500000000006	0.0
0.0	0.8790041782729805	14.025	0.0
0.0	0.5860027855153204	0.0	0.0
0.0	0.2930013927576602	14.025	0.0
0.0	17.580083565459596	0.0	0.0
0.0	11.427054317548743	0.0	0.0
18.759554140127385	34.57416434540385	0.0	0.0
0.0	14.943071030640658	0.0	0.0
18.759554140127385	19.631093314763213	0.0	0.0
0.0	6.446030640668526	0.0	0.0
18.759554140127385	13.1850626740947	0.0	0.0
0.0	6.153029247910865	0.0	0.0
18.759554140127385	7.032033426183847	0.0	0.0
0.0	2.0510097493036215	0.0	0.0
18.759554140127385	4.981023676880223	0.0	0.0
5.359872611464968	0.0	0.0	0.0
13.39968152866242	4.981023676880223	0.0	0.0
5.359872611464968	4.102019498607242	0.0	0.0
0.0	2.3440111420612815	0.0	0.0
5.359872611464968	1.7580083565459612	0.0	0.0
5.359872611464968	0.8790041782729805	0.0	0.0
5.359872611464968	0.2930013927576602	0.0	0.0
0.0	0.5860027855153204	0.0	0.0
0.0	0.8790041782729805	0.0	0.0
8.039808917197451	0.8790041782729805	0.0	0.0
5.359872611464968	0.0	0.0	0.0
2.679936305732484	0.8790041782729805	0.0	0.0
0.0	0.5860027855153204	0.0	0.0
2.679936305732484	0.2930013927576602	0.0	0.0
88.43789808917194	198.36194289693898	28.05	0.0
0.0	148.84470752089211	28.05	0.0
0.0	32.230153203342574	28.05	0.0
0.0	16.408077994428957	0.0	0.0
0.0	15.822075208913637	28.05	0.0
0.0	4.688022284122563	28.05	0.0
0.0	3.5160167130919215	7.0125	0.0
0.0	0.5860027855153204	7.0125	0.0
0.0	2.9300139275766015	0.0	0.0
0.0	1.1720055710306407	21.0375	0.0
0.0	0.5860027855153204	21.0375	0.0
0.0	0.5860027855153204	7.0125	0.0
0.0	0.0	14.025	0.0
0.0	0.5860027855153204	0.0	0.0
0.0	11.134052924791083	0.0	0.0
0.0	1.465006963788301	0.0	0.0
0.0	9.669045961002785	0.0	0.0
0.0	116.61455431754854	0.0	0.0
0.0	4.688022284122563	0.0	0.0
0.0	111.92653203342599	0.0	0.0
88.43789808917194	49.51723537604449	0.0	0.0
0.0	32.523154596100234	0.0	0.0
0.0	16.994080779944277	0.0	0.0
0.0	15.529073816155977	0.0	0.0
88.43789808917194	16.994080779944277	0.0	0.0
48.23885350318469	16.994080779944277	0.0	0.0
32.1592356687898	6.153029247910865	0.0	0.0
26.799363057324832	6.153029247910865	0.0	0.0
0.0	2.0510097493036215	0.0	0.0
26.799363057324832	4.102019498607242	0.0	0.0
0.0	2.0510097493036215	0.0	0.0
26.799363057324832	2.0510097493036215	0.0	0.0
26.799363057324832	1.465006963788301	0.0	0.0
26.799363057324832	0.5860027855153204	0.0	0.0
26.799363057324832	0.0	0.0	0.0
0.0	0.5860027855153204	0.0	0.0
0.0	0.8790041782729805	0.0	0.0
0.0	0.5860027855153204	0.0	0.0
5.359872611464968	0.0	0.0	0.0
16.079617834394902	10.841051532033424	0.0	0.0
16.079617834394902	2.3440111420612815	0.0	0.0
16.079617834394902	0.8790041782729805	0.0	0.0
0.0	0.8790041782729805	0.0	0.0
16.079617834394902	0.0	0.0	0.0
0.0	1.465006963788301	0.0	0.0
0.0	8.497040389972147	0.0	0.0
40.199044585987245	0.0	0.0	0.0
0.0	2.9300139275766015	0.0	14.025
0.0	1.1720055710306407	0.0	14.025
0.0	0.5860027855153204	0.0	0.0
0.0	0.5860027855153204	0.0	14.025
0.0	1.7580083565459612	0.0	0.0
302.83280254777145	101.37848189415024	28.05	392.6999999999999
144.71656050955417	48.34522980501385	28.05	84.15
0.0	7.325034818941507	28.05	42.075
0.0	7.325034818941507	0.0	28.05
0.0	1.465006963788301	0.0	28.05
0.0	1.1720055710306407	0.0	0.0
0.0	0.5860027855153204	0.0	0.0
0.0	0.5860027855153204	0.0	0.0
0.0	0.2930013927576602	0.0	28.05
0.0	5.860027855153205	0.0	0.0
0.0	0.0	28.05	14.025
0.0	0.0	21.0375	0.0
0.0	0.0	7.0125	14.025
144.71656050955417	41.02019498607236	0.0	42.075
128.6369426751592	23.440111420612787	0.0	14.025
88.43789808917194	17.873084958217255	0.0	0.0
5.359872611464968	14.357068245125339	0.0	0.0
5.359872611464968	1.465006963788301	0.0	0.0
0.0	12.89206128133704	0.0	0.0
83.07802547770697	3.5160167130919215	0.0	0.0
64.3184713375796	3.5160167130919215	0.0	0.0
16.079617834394902	0.8790041782729805	0.0	0.0
10.719745222929935	0.0	0.0	0.0
5.359872611464968	0.8790041782729805	0.0	0.0
5.359872611464968	0.2930013927576602	0.0	0.0
0.0	0.5860027855153204	0.0	0.0
48.23885350318469	2.6370125348189415	0.0	0.0
32.1592356687898	2.3440111420612815	0.0	0.0
5.359872611464968	0.0	0.0	0.0
26.799363057324832	2.3440111420612815	0.0	0.0
0.0	0.5860027855153204	0.0	0.0
26.799363057324832	1.7580083565459612	0.0	0.0
2.679936305732484	1.465006963788301	0.0	0.0
0.0	1.1720055710306407	0.0	0.0
2.679936305732484	0.2930013927576602	0.0	0.0
24.11942675159235	0.2930013927576602	0.0	0.0
21.439490445859867	0.0	0.0	0.0
2.679936305732484	0.2930013927576602	0.0	0.0
16.079617834394902	0.2930013927576602	0.0	0.0
13.39968152866242	0.0	0.0	0.0
2.679936305732484	0.2930013927576602	0.0	0.0
18.759554140127385	0.0	0.0	0.0
40.199044585987245	5.567026462395544	0.0	14.025
2.679936305732484	0.5860027855153204	0.0	14.025
2.679936305732484	0.0	0.0	14.025
0.0	0.5860027855153204	0.0	0.0
37.51910828025476	4.981023676880223	0.0	0.0
29.479299363057315	1.7580083565459612	0.0	0.0
0.0	0.8790041782729805	0.0	0.0
29.479299363057315	0.8790041782729805	0.0	0.0
0.0	0.5860027855153204	0.0	0.0
29.479299363057315	0.2930013927576602	0.0	0.0
18.759554140127385	0.2930013927576602	0.0	0.0
16.079617834394902	0.0	0.0	0.0
5.359872611464968	0.0	0.0	0.0
10.719745222929935	0.0	0.0	0.0
2.679936305732484	0.2930013927576602	0.0	0.0
10.719745222929935	0.0	0.0	0.0
8.039808917197451	3.2230153203342615	0.0	0.0
0.0	3.2230153203342615	0.0	0.0
8.039808917197451	0.0	0.0	0.0
16.079617834394902	17.580083565459596	0.0	28.05
8.039808917197451	8.204038997214488	0.0	0.0
0.0	6.153029247910865	0.0	0.0
8.039808917197451	2.0510097493036215	0.0	0.0
5.359872611464968	0.0	0.0	0.0
2.679936305732484	2.0510097493036215	0.0	0.0
2.679936305732484	0.2930013927576602	0.0	0.0
0.0	1.7580083565459612	0.0	0.0
0.0	0.5860027855153204	0.0	0.0
0.0	1.1720055710306407	0.0	0.0
8.039808917197451	9.376044568245126	0.0	28.05
0.0	9.376044568245126	0.0	28.05
0.0	0.0	0.0	28.05
0.0	9.376044568245126	0.0	0.0
8.039808917197451	0.0	0.0	0.0
158.11624203821665	53.033252089136404	0.0	308.55
152.75636942675166	43.36420612813364	0.0	28.05
139.35668789808918	39.555188022284064	0.0	0.0
136.67675159235668	28.71413649025066	0.0	0.0
128.6369426751592	18.752089136490234	0.0	0.0
0.0	16.701079387186617	0.0	0.0
0.0	0.8790041782729805	0.0	0.0
0.0	15.822075208913637	0.0	0.0
128.6369426751592	2.0510097493036215	0.0	0.0
69.67834394904456	2.0510097493036215	0.0	0.0
0.0	0.5860027855153204	0.0	0.0
69.67834394904456	1.465006963788301	0.0	0.0
24.11942675159235	1.465006963788301	0.0	0.0
18.759554140127385	0.8790041782729805	0.0	0.0
0.0	0.5860027855153204	0.0	0.0
18.759554140127385	0.2930013927576602	0.0	0.0
2.679936305732484	0.2930013927576602	0.0	0.0
16.079617834394902	0.0	0.0	0.0
5.359872611464968	0.5860027855153204	0.0	0.0
5.359872611464968	0.0	0.0	0.0
0.0	0.5860027855153204	0.0	0.0
45.55891719745221	0.0	0.0	0.0
58.95859872611462	0.0	0.0	0.0
8.039808917197451	0.0	0.0	0.0
50.918789808917175	0.0	0.0	0.0
8.039808917197451	9.962047353760445	0.0	0.0
0.0	7.325034818941507	0.0	0.0
8.039808917197451	2.6370125348189415	0.0	0.0
2.679936305732484	0.2930013927576602	0.0	0.0
5.359872611464968	2.3440111420612815	0.0	0.0
0.0	0.8790041782729805	0.0	0.0
5.359872611464968	1.465006963788301	0.0	0.0
0.0	0.5860027855153204	0.0	0.0
5.359872611464968	0.8790041782729805	0.0	0.0
2.679936305732484	0.2930013927576602	0.0	0.0
2.679936305732484	0.5860027855153204	0.0	0.0
2.679936305732484	10.841051532033424	0.0	0.0
0.0	5.860027855153205	0.0	0.0
2.679936305732484	4.981023676880223	0.0	0.0
0.0	3.2230153203342615	0.0	0.0
2.679936305732484	1.7580083565459612	0.0	0.0
2.679936305732484	0.2930013927576602	0.0	0.0
0.0	1.465006963788301	0.0	0.0
13.39968152866242	3.8090181058495816	0.0	28.05
0.0	0.2930013927576602	0.0	14.025
13.39968152866242	3.5160167130919215	0.0	14.025
0.0	0.5860027855153204	0.0	14.025
13.39968152866242	2.9300139275766015	0.0	0.0
0.0	2.9300139275766015	0.0	0.0
13.39968152866242	0.0	0.0	0.0
5.359872611464968	9.669045961002785	0.0	280.50000000000006
0.0	9.669045961002785	0.0	280.50000000000006
0.0	5.274025069637884	0.0	0.0
0.0	4.3950208913649025	0.0	280.50000000000006
0.0	3.8090181058495816	0.0	280.50000000000006
0.0	2.3440111420612815	0.0	42.075
0.0	1.465006963788301	0.0	42.075
0.0	0.5860027855153204	0.0	42.075
0.0	0.2930013927576602	0.0	14.025
0.0	0.2930013927576602	0.0	28.05
0.0	0.8790041782729805	0.0	0.0
0.0	0.8790041782729805	0.0	0.0
0.0	1.465006963788301	0.0	238.42500000000007
0.0	0.0	0.0	140.25000000000003
0.0	1.465006963788301	0.0	98.17500000000001
0.0	1.1720055710306407	0.0	0.0
0.0	0.2930013927576602	0.0	98.17500000000001
0.0	0.0	0.0	70.125
0.0	0.2930013927576602	0.0	28.05
0.0	0.5860027855153204	0.0	0.0
5.359872611464968	0.0	0.0	0.0
10.719745222929935	53.61925487465172	301.5374999999998	14.025
0.0	21.38910167130917	294.5249999999998	0.0
0.0	17.873084958217255	294.5249999999998	0.0
0.0	1.1720055710306407	0.0	0.0
0.0	16.701079387186617	294.5249999999998	0.0
0.0	14.650069637882998	294.5249999999998	0.0
0.0	14.650069637882998	259.46249999999986	0.0
0.0	12.306058495821722	140.25000000000003	0.0
0.0	1.1720055710306407	63.11250000000001	0.0
0.0	0.5860027855153204	14.025	0.0
0.0	0.2930013927576602	7.0125	0.0
0.0	0.2930013927576602	7.0125	0.0
0.0	0.5860027855153204	49.087500000000006	0.0
0.0	0.0	28.05	0.0
0.0	0.5860027855153204	21.0375	0.0
0.0	0.2930013927576602	7.0125	0.0
0.0	0.2930013927576602	14.025	0.0
0.0	11.134052924791083	77.13750000000002	0.0
0.0	2.6370125348189415	0.0	0.0
0.0	8.497040389972147	77.13750000000002	0.0
0.0	1.7580083565459612	35.0625	0.0
0.0	0.8790041782729805	7.0125	0.0
0.0	0.8790041782729805	28.05	0.0
0.0	0.5860027855153204	14.025	0.0
0.0	0.2930013927576602	7.0125	0.0
0.0	0.2930013927576602	7.0125	0.0
0.0	0.2930013927576602	14.025	0.0
0.0	6.739032033426186	42.075	0.0
0.0	3.5160167130919215	42.075	0.0
0.0	2.9300139275766015	0.0	0.0
0.0	2.3440111420612815	0.0	0.0
0.0	0.5860027855153204	0.0	0.0
0.0	0.5860027855153204	42.075	0.0
0.0	0.5860027855153204	7.0125	0.0
0.0	0.0	35.0625	0.0
0.0	3.2230153203342615	0.0	0.0
0.0	2.3440111420612815	119.21250000000003	0.0
0.0	0.0	49.087500000000006	0.0
0.0	2.3440111420612815	70.12500000000001	0.0
0.0	1.465006963788301	70.12500000000001	0.0
0.0	0.5860027855153204	70.12500000000001	0.0
0.0	0.5860027855153204	28.05	0.0
0.0	0.5860027855153204	14.025	0.0
0.0	0.2930013927576602	7.0125	0.0
0.0	0.2930013927576602	7.0125	0.0
0.0	0.0	14.025	0.0
0.0	0.0	42.075	0.0
0.0	0.8790041782729805	0.0	0.0
0.0	0.8790041782729805	0.0	0.0
0.0	0.0	35.0625	0.0
0.0	2.0510097493036215	0.0	0.0
0.0	1.1720055710306407	0.0	0.0
0.0	0.8790041782729805	0.0	0.0
0.0	3.5160167130919215	0.0	0.0
0.0	0.5860027855153204	0.0	0.0
0.0	2.9300139275766015	0.0	0.0
10.719745222929935	32.230153203342574	7.0125	14.025
0.0	30.472144846796617	7.0125	0.0
0.0	3.5160167130919215	7.0125	0.0
0.0	3.2230153203342615	0.0	0.0
0.0	0.2930013927576602	7.0125	0.0
0.0	26.956128133704702	0.0	0.0
10.719745222929935	1.7580083565459612	0.0	14.025
8.039808917197451	1.7580083565459612	0.0	0.0
8.039808917197451	1.1720055710306407	0.0	0.0
0.0	0.5860027855153204	0.0	0.0
8.039808917197451	0.5860027855153204	0.0	0.0
5.359872611464968	0.0	0.0	0.0
2.679936305732484	0.5860027855153204	0.0	0.0
0.0	0.5860027855153204	0.0	0.0
2.679936305732484	0.0	0.0	14.025
