# Sizes (NFeatures, Nclasses, NodeCount, MaxDepth)
10	4	317	18
# Classes
0.0	1.0	2.0	3.0
# Feature Names
Nrows	Ncols	Nnnz	AvgNnnz	Density	MaxRowNnnz	MinRowNnnz	StdRowNnnz	NDiags	NTrueDiags
# Left
1	2	3	4	5	-1	7	-1	9	-1	-1	-1	13	-1	15	-1	-1	18	19	20	21	22	23	24	25	26	-1	-1	29	-1	-1	32	33	34	35	-1	-1	38	39	40	41	-1	-1	44	-1	46	-1	-1	-1	-1	-1	-1	53	54	-1	56	57	58	59	60	61	-1	-1	64	-1	-1	-1	68	-1	70	-1	72	-1	74	75	-1	-1	-1	-1	-1	-1	82	83	84	85	-1	-1	-1	-1	-1	91	-1	93	-1	95	96	-1	98	-1	-1	-1	102	-1	-1	105	-1	-1	108	-1	110	-1	-1	113	114	115	116	117	-1	119	120	-1	-1	-1	124	-1	126	127	-1	129	130	131	-1	-1	134	-1	-1	-1	138	-1	140	-1	-1	143	144	145	146	-1	148	149	-1	151	152	153	154	-1	-1	-1	158	159	-1	161	-1	163	-1	-1	-1	-1	168	169	-1	171	-1	173	-1	175	176	-1	178	-1	-1	-1	-1	183	-1	185	186	187	188	-1	190	-1	-1	193	-1	195	-1	197	-1	199	200	-1	202	-1	-1	-1	-1	207	-1	209	210	-1	-1	-1	214	215	216	-1	-1	-1	220	221	-1	-1	224	225	-1	227	-1	-1	230	-1	-1	233	234	235	-1	237	-1	-1	240	-1	-1	243	244	-1	-1	247	-1	-1	250	251	-1	253	254	-1	-1	-1	258	-1	260	-1	-1	263	264	265	266	267	268	-1	-1	-1	-1	-1	274	-1	276	277	278	-1	-1	281	282	-1	-1	285	-1	287	288	289	-1	-1	292	-1	-1	-1	296	-1	298	-1	300	301	302	-1	-1	305	-1	-1	-1	309	310	-1	312	-1	314	-1	-1	-1
# Right
112	17	12	11	6	-1	8	-1	10	-1	-1	-1	14	-1	16	-1	-1	107	104	101	90	81	52	31	28	27	-1	-1	30	-1	-1	51	50	37	36	-1	-1	49	48	43	42	-1	-1	45	-1	47	-1	-1	-1	-1	-1	-1	80	55	-1	79	78	67	66	63	62	-1	-1	65	-1	-1	-1	69	-1	71	-1	73	-1	77	76	-1	-1	-1	-1	-1	-1	89	88	87	86	-1	-1	-1	-1	-1	92	-1	94	-1	100	97	-1	99	-1	-1	-1	103	-1	-1	106	-1	-1	109	-1	111	-1	-1	262	249	142	123	118	-1	122	121	-1	-1	-1	125	-1	137	128	-1	136	133	132	-1	-1	135	-1	-1	-1	139	-1	141	-1	-1	232	213	182	147	-1	167	150	-1	166	157	156	155	-1	-1	-1	165	160	-1	162	-1	164	-1	-1	-1	-1	181	170	-1	172	-1	174	-1	180	177	-1	179	-1	-1	-1	-1	184	-1	206	205	192	189	-1	191	-1	-1	194	-1	196	-1	198	-1	204	201	-1	203	-1	-1	-1	-1	208	-1	212	211	-1	-1	-1	219	218	217	-1	-1	-1	223	222	-1	-1	229	226	-1	228	-1	-1	231	-1	-1	242	239	236	-1	238	-1	-1	241	-1	-1	246	245	-1	-1	248	-1	-1	257	252	-1	256	255	-1	-1	-1	259	-1	261	-1	-1	308	273	272	271	270	269	-1	-1	-1	-1	-1	275	-1	295	280	279	-1	-1	284	283	-1	-1	286	-1	294	291	290	-1	-1	293	-1	-1	-1	297	-1	299	-1	307	304	303	-1	-1	306	-1	-1	-1	316	311	-1	313	-1	315	-1	-1	-1
# Threshold
4099.5	0.5	4.5	0.5	2.940764904022217	-2.0	478.5	-2.0	6.306905031204224	-2.0	-2.0	-2.0	3853.0	-2.0	72.81820106506348	-2.0	-2.0	6.857579946517944	280.0	10.5	71.5	5.5	0.05024784989655018	1.5	276.5	7.5	-2.0	-2.0	1.5	-2.0	-2.0	7.5	6.371425151824951	4.5	3.0429149866104126	-2.0	-2.0	984.0	5.7771899700164795	0.4782015085220337	4.5	-2.0	-2.0	5.5	-2.0	6.5	-2.0	-2.0	-2.0	-2.0	-2.0	-2.0	1531.5	6.5	-2.0	3.29933500289917	11.5	1.0317299962043762	6.5	4.54049015045166	4.0	-2.0	-2.0	8.0	-2.0	-2.0	-2.0	1.5	-2.0	63.0	-2.0	1.3831999897956848	-2.0	10.0	2.5	-2.0	-2.0	-2.0	-2.0	-2.0	-2.0	26.0	250.0	14.5	7.950000047683716	-2.0	-2.0	-2.0	-2.0	-2.0	83.5	-2.0	6.145230054855347	-2.0	179.0	904.5	-2.0	16.5	-2.0	-2.0	-2.0	13.0	-2.0	-2.0	4.5	-2.0	-2.0	2613.5	-2.0	2759.5	-2.0	-2.0	12.0	5.5	9.494239807128906	310664.5	1024289.5	-2.0	3.360514998435974	5.15442502546648e-06	-2.0	-2.0	-2.0	0.6393509805202484	-2.0	1474470.0	429465.5	-2.0	8072645.0	2.1325499415397644	5.415894985198975	-2.0	-2.0	16.395950317382812	-2.0	-2.0	-2.0	1.0	-2.0	2762955.0	-2.0	-2.0	14148400.0	70.87424850463867	35730.0	5650.5	-2.0	10.534950256347656	53900.0	-2.0	2411.0	9855.0	70308.5	59507.0	-2.0	-2.0	-2.0	30745.5	1.5	-2.0	1464.5	-2.0	0.0003654229949461296	-2.0	-2.0	-2.0	-2.0	0.005321549950167537	0.5	-2.0	9219.0	-2.0	16576.0	-2.0	263.0	26.95615005493164	-2.0	0.0025285950396209955	-2.0	-2.0	-2.0	-2.0	36990.5	-2.0	13.522150039672852	46.2320499420166	2.5	2206115.0	-2.0	19.202099800109863	-2.0	-2.0	307.0	-2.0	40590.5	-2.0	50510.5	-2.0	262703.5	4.677264951169491e-05	-2.0	1.5	-2.0	-2.0	-2.0	-2.0	611286.0	-2.0	5.0	1.5	-2.0	-2.0	-2.0	20170.0	35.365299701690674	0.0009930634987540543	-2.0	-2.0	-2.0	0.5	752162.0	-2.0	-2.0	0.0004154049966018647	1290865.0	-2.0	47083.5	-2.0	-2.0	182.91749572753906	-2.0	-2.0	395.84000396728516	2073140.0	2.5	-2.0	4.0	-2.0	-2.0	31.608150482177734	-2.0	-2.0	786434.0	0.5	-2.0	-2.0	2542080.0	-2.0	-2.0	1038681.5	135397.5	-2.0	4761970.0	6.5	-2.0	-2.0	-2.0	6.156529934742139e-06	-2.0	863368.5	-2.0	-2.0	4176.0	34.477800369262695	18.5	17.5	14.0	136715.5	-2.0	-2.0	-2.0	-2.0	-2.0	35.98579978942871	-2.0	54.0	34698.0	103.5875473022461	-2.0	-2.0	38.12215042114258	4.816420078277588	-2.0	-2.0	7981860.0	-2.0	29603550.0	16.0	124640.5	-2.0	-2.0	61.72559928894043	-2.0	-2.0	-2.0	103.48799896240234	-2.0	2100080.0	-2.0	47471.0	19690.5	0.01693265000358224	-2.0	-2.0	35668.5	-2.0	-2.0	-2.0	45.032649993896484	1.5	-2.0	16595.0	-2.0	214003.0	-2.0	-2.0	-2.0
# Feature
0	9	6	6	3	-2	0	-2	7	-2	-2	-2	2	-2	3	-2	-2	7	8	6	8	6	4	6	0	5	-2	-2	9	-2	-2	5	3	9	3	-2	-2	0	3	7	5	-2	-2	5	-2	9	-2	-2	-2	-2	-2	-2	2	8	-2	7	5	7	5	3	9	-2	-2	9	-2	-2	-2	6	-2	2	-2	7	-2	9	6	-2	-2	-2	-2	-2	-2	8	1	9	3	-2	-2	-2	-2	-2	8	-2	3	-2	1	2	-2	9	-2	-2	-2	6	-2	-2	5	-2	-2	0	-2	1	-2	-2	9	9	7	8	0	-2	7	4	-2	-2	-2	7	-2	8	0	-2	0	7	3	-2	-2	3	-2	-2	-2	9	-2	1	-2	-2	2	7	0	8	-2	3	2	-2	5	1	2	2	-2	-2	-2	8	6	-2	5	-2	4	-2	-2	-2	-2	4	9	-2	1	-2	8	-2	5	3	-2	4	-2	-2	-2	-2	0	-2	3	7	9	2	-2	7	-2	-2	5	-2	0	-2	0	-2	0	4	-2	6	-2	-2	-2	-2	2	-2	6	6	-2	-2	-2	8	3	4	-2	-2	-2	6	1	-2	-2	4	2	-2	5	-2	-2	7	-2	-2	7	8	9	-2	6	-2	-2	7	-2	-2	1	9	-2	-2	0	-2	-2	0	0	-2	2	6	-2	-2	-2	4	-2	8	-2	-2	5	3	9	9	9	0	-2	-2	-2	-2	-2	3	-2	9	8	3	-2	-2	7	7	-2	-2	2	-2	2	9	0	-2	-2	7	-2	-2	-2	3	-2	2	-2	1	1	4	-2	-2	1	-2	-2	-2	3	6	-2	0	-2	2	-2	-2	-2
# Values
420.7500000000013	420.75000000001336	420.7499999999996	420.74999999999983
5.359872611464968	202.17096100278874	392.69999999999965	14.025
2.679936305732484	34.28116295264619	14.025	14.025
0.0	21.09610027855151	7.0125	0.0
0.0	5.860027855153205	7.0125	0.0
0.0	3.2230153203342615	0.0	0.0
0.0	2.6370125348189415	7.0125	0.0
0.0	0.2930013927576602	7.0125	0.0
0.0	2.3440111420612815	0.0	0.0
0.0	0.5860027855153204	0.0	0.0
0.0	1.7580083565459612	0.0	0.0
0.0	15.236072423398317	0.0	0.0
2.679936305732484	13.1850626740947	7.0125	14.025
0.0	0.0	7.0125	14.025
2.679936305732484	13.1850626740947	0.0	0.0
0.0	12.89206128133704	0.0	0.0
2.679936305732484	0.2930013927576602	0.0	0.0
2.679936305732484	167.8897980501409	378.67499999999967	0.0
0.0	104.89449860724216	378.67499999999967	0.0
0.0	53.326253481894064	378.67499999999967	0.0
0.0	51.27524373259045	378.67499999999967	0.0
0.0	29.59314066852364	336.59999999999974	0.0
0.0	27.83513231197768	280.49999999999983	0.0
0.0	21.68210306406683	126.22500000000004	0.0
0.0	8.204038997214488	70.12500000000001	0.0
0.0	1.1720055710306407	35.0625	0.0
0.0	0.2930013927576602	35.0625	0.0
0.0	0.8790041782729805	0.0	0.0
0.0	7.032033426183847	35.0625	0.0
0.0	1.1720055710306407	35.0625	0.0
0.0	5.860027855153205	0.0	0.0
0.0	13.47806406685236	56.10000000000001	0.0
0.0	9.376044568245126	56.10000000000001	0.0
0.0	8.497040389972147	56.10000000000001	0.0
0.0	2.6370125348189415	7.0125	0.0
0.0	0.2930013927576602	7.0125	0.0
0.0	2.3440111420612815	0.0	0.0
0.0	5.860027855153205	49.087500000000006	0.0
0.0	3.5160167130919215	49.087500000000006	0.0
0.0	3.5160167130919215	35.0625	0.0
0.0	1.1720055710306407	21.0375	0.0
0.0	0.2930013927576602	7.0125	0.0
0.0	0.8790041782729805	14.025	0.0
0.0	2.3440111420612815	14.025	0.0
0.0	1.465006963788301	0.0	0.0
0.0	0.8790041782729805	14.025	0.0
0.0	0.2930013927576602	7.0125	0.0
0.0	0.5860027855153204	7.0125	0.0
0.0	0.0	14.025	0.0
0.0	2.3440111420612815	0.0	0.0
0.0	0.8790041782729805	0.0	0.0
0.0	4.102019498607242	0.0	0.0
0.0	6.153029247910865	154.275	0.0
0.0	5.274025069637884	154.275	0.0
0.0	0.5860027855153204	0.0	0.0
0.0	4.688022284122563	154.275	0.0
0.0	4.102019498607242	154.275	0.0
0.0	3.5160167130919215	147.26250000000002	0.0
0.0	1.7580083565459612	35.0625	0.0
0.0	1.1720055710306407	28.05	0.0
0.0	0.8790041782729805	7.0125	0.0
0.0	0.2930013927576602	7.0125	0.0
0.0	0.5860027855153204	0.0	0.0
0.0	0.2930013927576602	21.0375	0.0
0.0	0.0	14.025	0.0
0.0	0.2930013927576602	7.0125	0.0
0.0	0.5860027855153204	7.0125	0.0
0.0	1.7580083565459612	112.20000000000003	0.0
0.0	0.0	21.0375	0.0
0.0	1.7580083565459612	91.16250000000002	0.0
0.0	0.5860027855153204	0.0	0.0
0.0	1.1720055710306407	91.16250000000002	0.0
0.0	0.0	42.075	0.0
0.0	1.1720055710306407	49.087500000000006	0.0
0.0	1.1720055710306407	28.05	0.0
0.0	0.8790041782729805	7.0125	0.0
0.0	0.2930013927576602	21.0375	0.0
0.0	0.0	21.0375	0.0
0.0	0.5860027855153204	7.0125	0.0
0.0	0.5860027855153204	0.0	0.0
0.0	0.8790041782729805	0.0	0.0
0.0	1.7580083565459612	56.10000000000001	0.0
0.0	0.8790041782729805	56.10000000000001	0.0
0.0	0.2930013927576602	49.087500000000006	0.0
0.0	0.2930013927576602	21.0375	0.0
0.0	0.0	14.025	0.0
0.0	0.2930013927576602	7.0125	0.0
0.0	0.0	28.05	0.0
0.0	0.5860027855153204	7.0125	0.0
0.0	0.8790041782729805	0.0	0.0
0.0	21.68210306406683	42.075	0.0
0.0	3.5160167130919215	0.0	0.0
0.0	18.166086350974915	42.075	0.0
0.0	7.618036211699168	0.0	0.0
0.0	10.548050139275764	42.075	0.0
0.0	1.1720055710306407	42.075	0.0
0.0	0.0	35.0625	0.0
0.0	1.1720055710306407	7.0125	0.0
0.0	0.8790041782729805	0.0	0.0
0.0	0.2930013927576602	7.0125	0.0
0.0	9.376044568245126	0.0	0.0
0.0	2.0510097493036215	0.0	0.0
0.0	0.8790041782729805	0.0	0.0
0.0	1.1720055710306407	0.0	0.0
0.0	51.568245125348106	0.0	0.0
0.0	1.1720055710306407	0.0	0.0
0.0	50.39623955431747	0.0	0.0
2.679936305732484	62.99529944289683	0.0	0.0
0.0	51.27524373259045	0.0	0.0
2.679936305732484	11.720055710306402	0.0	0.0
2.679936305732484	0.2930013927576602	0.0	0.0
0.0	11.427054317548743	0.0	0.0
415.3901273885363	218.57903899721848	28.05	406.72499999999985
359.1114649681539	150.60271587743816	21.0375	84.15
351.0716560509564	123.35358635097471	0.0	84.15
8.039808917197451	89.07242339832854	0.0	56.1
5.359872611464968	75.5943593314762	0.0	14.025
0.0	74.1293523676879	0.0	0.0
5.359872611464968	1.465006963788301	0.0	14.025
5.359872611464968	0.8790041782729805	0.0	0.0
5.359872611464968	0.2930013927576602	0.0	0.0
0.0	0.5860027855153204	0.0	0.0
0.0	0.5860027855153204	0.0	14.025
2.679936305732484	13.47806406685236	0.0	42.075
0.0	5.860027855153205	0.0	0.0
2.679936305732484	7.618036211699168	0.0	42.075
0.0	3.5160167130919215	0.0	42.075
0.0	1.465006963788301	0.0	0.0
0.0	2.0510097493036215	0.0	42.075
0.0	1.465006963788301	0.0	42.075
0.0	0.8790041782729805	0.0	14.025
0.0	0.2930013927576602	0.0	14.025
0.0	0.5860027855153204	0.0	0.0
0.0	0.5860027855153204	0.0	28.05
0.0	0.0	0.0	28.05
0.0	0.5860027855153204	0.0	0.0
0.0	0.5860027855153204	0.0	0.0
2.679936305732484	4.102019498607242	0.0	0.0
2.679936305732484	0.5860027855153204	0.0	0.0
0.0	3.5160167130919215	0.0	0.0
0.0	0.5860027855153204	0.0	0.0
0.0	2.9300139275766015	0.0	0.0
343.0318471337589	34.28116295264619	0.0	28.05
292.11305732484146	32.230153203342574	0.0	0.0
168.83598726114664	29.30013927576598	0.0	0.0
48.23885350318469	21.97510445682449	0.0	0.0
0.0	6.153029247910865	0.0	0.0
48.23885350318469	15.822075208913637	0.0	0.0
34.83917197452228	5.274025069637884	0.0	0.0
0.0	2.3440111420612815	0.0	0.0
34.83917197452228	2.9300139275766015	0.0	0.0
34.83917197452228	2.3440111420612815	0.0	0.0
8.039808917197451	1.465006963788301	0.0	0.0
8.039808917197451	0.5860027855153204	0.0	0.0
5.359872611464968	0.0	0.0	0.0
2.679936305732484	0.5860027855153204	0.0	0.0
0.0	0.8790041782729805	0.0	0.0
26.799363057324832	0.8790041782729805	0.0	0.0
24.11942675159235	0.5860027855153204	0.0	0.0
2.679936305732484	0.2930013927576602	0.0	0.0
21.439490445859867	0.2930013927576602	0.0	0.0
10.719745222929935	0.0	0.0	0.0
10.719745222929935	0.2930013927576602	0.0	0.0
2.679936305732484	0.2930013927576602	0.0	0.0
8.039808917197451	0.0	0.0	0.0
2.679936305732484	0.2930013927576602	0.0	0.0
0.0	0.5860027855153204	0.0	0.0
13.39968152866242	10.548050139275764	0.0	0.0
10.719745222929935	10.255048746518105	0.0	0.0
0.0	6.739032033426186	0.0	0.0
10.719745222929935	3.5160167130919215	0.0	0.0
0.0	1.465006963788301	0.0	0.0
10.719745222929935	2.0510097493036215	0.0	0.0
5.359872611464968	0.2930013927576602	0.0	0.0
5.359872611464968	1.7580083565459612	0.0	0.0
5.359872611464968	1.1720055710306407	0.0	0.0
2.679936305732484	0.2930013927576602	0.0	0.0
2.679936305732484	0.8790041782729805	0.0	0.0
2.679936305732484	0.2930013927576602	0.0	0.0
0.0	0.5860027855153204	0.0	0.0
0.0	0.5860027855153204	0.0	0.0
2.679936305732484	0.2930013927576602	0.0	0.0
120.59713375796173	7.325034818941507	0.0	0.0
8.039808917197451	0.0	0.0	0.0
112.55732484076428	7.325034818941507	0.0	0.0
107.19745222929932	3.5160167130919215	0.0	0.0
104.51751592356683	2.9300139275766015	0.0	0.0
50.918789808917175	0.8790041782729805	0.0	0.0
48.23885350318469	0.0	0.0	0.0
2.679936305732484	0.8790041782729805	0.0	0.0
0.0	0.5860027855153204	0.0	0.0
2.679936305732484	0.2930013927576602	0.0	0.0
53.59872611464966	2.0510097493036215	0.0	0.0
0.0	0.5860027855153204	0.0	0.0
53.59872611464966	1.465006963788301	0.0	0.0
0.0	0.5860027855153204	0.0	0.0
53.59872611464966	0.8790041782729805	0.0	0.0
26.799363057324832	0.0	0.0	0.0
26.799363057324832	0.8790041782729805	0.0	0.0
18.759554140127385	0.8790041782729805	0.0	0.0
0.0	0.5860027855153204	0.0	0.0
18.759554140127385	0.2930013927576602	0.0	0.0
2.679936305732484	0.2930013927576602	0.0	0.0
16.079617834394902	0.0	0.0	0.0
8.039808917197451	0.0	0.0	0.0
2.679936305732484	0.5860027855153204	0.0	0.0
5.359872611464968	3.8090181058495816	0.0	0.0
2.679936305732484	0.2930013927576602	0.0	0.0
2.679936305732484	3.5160167130919215	0.0	0.0
0.0	3.2230153203342615	0.0	0.0
0.0	0.8790041782729805	0.0	0.0
0.0	2.3440111420612815	0.0	0.0
2.679936305732484	0.2930013927576602	0.0	0.0
123.27707006369421	2.9300139275766015	0.0	0.0
16.079617834394902	1.465006963788301	0.0	0.0
13.39968152866242	0.2930013927576602	0.0	0.0
2.679936305732484	0.2930013927576602	0.0	0.0
10.719745222929935	0.0	0.0	0.0
2.679936305732484	1.1720055710306407	0.0	0.0
107.19745222929932	1.465006963788301	0.0	0.0
8.039808917197451	0.8790041782729805	0.0	0.0
0.0	0.8790041782729805	0.0	0.0
8.039808917197451	0.0	0.0	0.0
99.15764331210187	0.5860027855153204	0.0	0.0
88.43789808917194	0.2930013927576602	0.0	0.0
58.95859872611462	0.0	0.0	0.0
29.479299363057315	0.2930013927576602	0.0	0.0
2.679936305732484	0.2930013927576602	0.0	0.0
26.799363057324832	0.0	0.0	0.0
10.719745222929935	0.2930013927576602	0.0	0.0
2.679936305732484	0.2930013927576602	0.0	0.0
8.039808917197451	0.0	0.0	0.0
50.918789808917175	2.0510097493036215	0.0	28.05
34.83917197452228	1.1720055710306407	0.0	0.0
5.359872611464968	1.1720055710306407	0.0	0.0
2.679936305732484	0.2930013927576602	0.0	0.0
2.679936305732484	0.8790041782729805	0.0	0.0
2.679936305732484	0.2930013927576602	0.0	0.0
0.0	0.5860027855153204	0.0	0.0
29.479299363057315	0.0	0.0	0.0
5.359872611464968	0.0	0.0	0.0
24.11942675159235	0.0	0.0	0.0
16.079617834394902	0.8790041782729805	0.0	28.05
5.359872611464968	0.2930013927576602	0.0	28.05
5.359872611464968	0.0	0.0	14.025
0.0	0.2930013927576602	0.0	14.025
10.719745222929935	0.5860027855153204	0.0	0.0
0.0	0.5860027855153204	0.0	0.0
10.719745222929935	0.0	0.0	0.0
8.039808917197451	27.24912952646236	21.0375	0.0
2.679936305732484	26.663126740947042	0.0	0.0
0.0	21.38910167130917	0.0	0.0
2.679936305732484	5.274025069637884	0.0	0.0
2.679936305732484	1.465006963788301	0.0	0.0
0.0	1.1720055710306407	0.0	0.0
2.679936305732484	0.2930013927576602	0.0	0.0
0.0	3.8090181058495816	0.0	0.0
5.359872611464968	0.5860027855153204	21.0375	0.0
0.0	0.0	21.0375	0.0
5.359872611464968	0.5860027855153204	0.0	0.0
0.0	0.5860027855153204	0.0	0.0
5.359872611464968	0.0	0.0	0.0
56.27866242038214	67.97632311977705	7.0125	322.575
10.719745222929935	63.28830083565449	7.0125	322.575
0.0	21.97510445682449	7.0125	28.05
0.0	4.981023676880223	7.0125	28.05
0.0	4.688022284122563	7.0125	14.025
0.0	2.0510097493036215	0.0	14.025
0.0	1.7580083565459612	0.0	0.0
0.0	0.2930013927576602	0.0	14.025
0.0	2.6370125348189415	7.0125	0.0
0.0	0.2930013927576602	0.0	14.025
0.0	16.994080779944277	0.0	0.0
10.719745222929935	41.31319637883002	0.0	294.52500000000003
0.0	0.0	0.0	182.32500000000005
10.719745222929935	41.31319637883002	0.0	112.20000000000002
2.679936305732484	21.09610027855151	0.0	112.20000000000002
2.679936305732484	11.720055710306402	0.0	0.0
0.0	11.427054317548743	0.0	0.0
2.679936305732484	0.2930013927576602	0.0	0.0
0.0	9.376044568245126	0.0	112.20000000000002
0.0	6.739032033426186	0.0	0.0
0.0	0.5860027855153204	0.0	0.0
0.0	6.153029247910865	0.0	0.0
0.0	2.6370125348189415	0.0	112.20000000000002
0.0	1.1720055710306407	0.0	0.0
0.0	1.465006963788301	0.0	112.20000000000002
0.0	0.8790041782729805	0.0	112.20000000000002
0.0	0.2930013927576602	0.0	84.15
0.0	0.2930013927576602	0.0	14.025
0.0	0.0	0.0	70.125
0.0	0.5860027855153204	0.0	28.05
0.0	0.5860027855153204	0.0	0.0
0.0	0.0	0.0	28.05
0.0	0.5860027855153204	0.0	0.0
8.039808917197451	20.217096100278532	0.0	0.0
0.0	16.115076601671298	0.0	0.0
8.039808917197451	4.102019498607242	0.0	0.0
0.0	1.7580083565459612	0.0	0.0
8.039808917197451	2.3440111420612815	0.0	0.0
8.039808917197451	1.7580083565459612	0.0	0.0
5.359872611464968	0.5860027855153204	0.0	0.0
2.679936305732484	0.2930013927576602	0.0	0.0
2.679936305732484	0.2930013927576602	0.0	0.0
2.679936305732484	1.1720055710306407	0.0	0.0
0.0	0.8790041782729805	0.0	0.0
2.679936305732484	0.2930013927576602	0.0	0.0
0.0	0.5860027855153204	0.0	0.0
45.55891719745221	4.688022284122563	0.0	0.0
16.079617834394902	4.688022284122563	0.0	0.0
13.39968152866242	0.0	0.0	0.0
2.679936305732484	4.688022284122563	0.0	0.0
2.679936305732484	0.2930013927576602	0.0	0.0
0.0	4.3950208913649025	0.0	0.0
0.0	0.5860027855153204	0.0	0.0
0.0	3.8090181058495816	0.0	0.0
29.479299363057315	0.0	0.0	0.0
