# Sizes (NFeatures, Nclasses, NodeCount, MaxDepth)
10	4	313	16
# Classes
0.0	1.0	2.0	3.0
# Feature Names
Nrows	Ncols	Nnnz	AvgNnnz	Density	MaxRowNnnz	MinRowNnnz	StdRowNnnz	NDiags	NTrueDiags
# Left
1	2	3	4	5	6	7	8	9	-1	-1	-1	13	14	15	-1	17	18	-1	20	21	-1	-1	-1	25	-1	27	28	-1	-1	31	32	-1	-1	-1	36	-1	-1	-1	40	-1	-1	-1	44	45	46	-1	48	-1	50	-1	-1	-1	-1	55	56	57	58	59	60	61	-1	-1	-1	65	-1	-1	-1	69	70	71	-1	-1	74	75	-1	-1	-1	79	-1	-1	82	83	84	-1	86	-1	-1	-1	90	91	92	-1	-1	95	96	97	-1	-1	-1	-1	-1	103	104	105	106	-1	108	-1	-1	-1	112	-1	-1	115	-1	-1	118	119	120	-1	-1	123	-1	125	-1	127	128	129	130	131	-1	133	134	-1	136	-1	-1	-1	-1	141	-1	143	-1	145	-1	-1	-1	149	-1	151	-1	153	-1	155	-1	157	-1	159	-1	-1	162	163	164	165	-1	167	168	-1	-1	-1	172	173	174	-1	-1	-1	-1	-1	180	181	182	183	-1	-1	186	-1	188	189	190	191	-1	-1	194	-1	196	-1	198	-1	200	-1	202	-1	-1	205	-1	-1	208	-1	210	-1	-1	213	-1	215	216	-1	-1	219	-1	-1	222	-1	224	-1	226	227	-1	229	-1	231	-1	-1	-1	235	236	237	238	239	240	-1	242	-1	244	-1	-1	-1	248	-1	-1	251	-1	253	254	255	-1	257	-1	-1	260	-1	-1	-1	264	265	-1	-1	268	-1	-1	271	272	273	-1	275	-1	-1	278	-1	-1	281	282	-1	284	285	286	287	-1	-1	-1	-1	-1	293	294	295	-1	-1	298	299	300	-1	302	303	-1	-1	306	-1	-1	-1	-1	311	-1	-1
# Right
234	117	54	43	42	39	12	11	10	-1	-1	-1	38	35	16	-1	24	19	-1	23	22	-1	-1	-1	26	-1	30	29	-1	-1	34	33	-1	-1	-1	37	-1	-1	-1	41	-1	-1	-1	53	52	47	-1	49	-1	51	-1	-1	-1	-1	102	81	68	67	64	63	62	-1	-1	-1	66	-1	-1	-1	78	73	72	-1	-1	77	76	-1	-1	-1	80	-1	-1	89	88	85	-1	87	-1	-1	-1	101	94	93	-1	-1	100	99	98	-1	-1	-1	-1	-1	114	111	110	107	-1	109	-1	-1	-1	113	-1	-1	116	-1	-1	161	122	121	-1	-1	124	-1	126	-1	148	147	140	139	132	-1	138	135	-1	137	-1	-1	-1	-1	142	-1	144	-1	146	-1	-1	-1	150	-1	152	-1	154	-1	156	-1	158	-1	160	-1	-1	179	178	171	166	-1	170	169	-1	-1	-1	177	176	175	-1	-1	-1	-1	-1	221	212	185	184	-1	-1	187	-1	207	204	193	192	-1	-1	195	-1	197	-1	199	-1	201	-1	203	-1	-1	206	-1	-1	209	-1	211	-1	-1	214	-1	218	217	-1	-1	220	-1	-1	223	-1	225	-1	233	228	-1	230	-1	232	-1	-1	-1	270	263	250	247	246	241	-1	243	-1	245	-1	-1	-1	249	-1	-1	252	-1	262	259	256	-1	258	-1	-1	261	-1	-1	-1	267	266	-1	-1	269	-1	-1	280	277	274	-1	276	-1	-1	279	-1	-1	292	283	-1	291	290	289	288	-1	-1	-1	-1	-1	310	297	296	-1	-1	309	308	301	-1	305	304	-1	-1	307	-1	-1	-1	-1	312	-1	-1
# Threshold
12.5	9.6784348487854	1164.5	5.890764951705933	3.5	5.22625994682312	0.5	0.5	0.026320300064980984	-2.0	-2.0	-2.0	8.5	9.5	1.5	-2.0	42.5	1.5	-2.0	1.1428499817848206	41.5	-2.0	-2.0	-2.0	0.16799350082874298	-2.0	4.339600086212158	0.43003901094198227	-2.0	-2.0	48.0	0.5571055114269257	-2.0	-2.0	-2.0	87.5	-2.0	-2.0	-2.0	1.5	-2.0	-2.0	-2.0	33.0	83.0	6.567500114440918	-2.0	22.5	-2.0	425.0	-2.0	-2.0	-2.0	-2.0	5.5	2965015.0	5.5	5.5	3.0	3928.5	2528.0	-2.0	-2.0	-2.0	4.898334980010986	-2.0	-2.0	-2.0	366.5	2.041360020637512	3.5	-2.0	-2.0	0.5	3027.0	-2.0	-2.0	-2.0	0.5	-2.0	-2.0	4.4160850048065186	3900795.0	1417340.0	-2.0	712816.0	-2.0	-2.0	-2.0	1474470.0	33.5	4.5	-2.0	-2.0	108.5	15.288249969482422	231879.0	-2.0	-2.0	-2.0	-2.0	-2.0	1096783.0	7.5	984.0	2.5	-2.0	6.5	-2.0	-2.0	-2.0	174.0	-2.0	-2.0	22648150.0	-2.0	-2.0	1365.5	5797.5	206.0	-2.0	-2.0	48862.0	-2.0	10.095550060272217	-2.0	1233430.0	58874.5	177078.5	3.0	16.10865020751953	-2.0	105712.5	875.5	-2.0	9260.0	-2.0	-2.0	-2.0	-2.0	4.0	-2.0	11028.0	-2.0	115.5	-2.0	-2.0	-2.0	29493.5	-2.0	36942.0	-2.0	82397.0	-2.0	96631.5	-2.0	26.264450073242188	-2.0	16.25565004348755	-2.0	-2.0	14626.5	173.79949951171875	70.87424850463867	53900.0	-2.0	58.254249572753906	9028.0	-2.0	-2.0	-2.0	14821.5	4.0	4196.0	-2.0	-2.0	-2.0	-2.0	-2.0	518819.5	3510610.0	21766.5	16926.5	-2.0	-2.0	2569.5	-2.0	93.0103988647461	0.00013403000048128888	22.432600021362305	3423.0	-2.0	-2.0	27.50005054473877	-2.0	45693.5	-2.0	1.9182500182068907e-05	-2.0	327413.0	-2.0	119666.0	-2.0	-2.0	2808.5	-2.0	-2.0	230384.5	-2.0	2.709300042624818e-05	-2.0	-2.0	104049.5	-2.0	8.0	15218250.0	-2.0	-2.0	133151.0	-2.0	-2.0	589191.0	-2.0	29.88035011291504	-2.0	3.3114250072685536e-05	37.24824905395508	-2.0	1.5	-2.0	268984.5	-2.0	-2.0	-2.0	35460.0	21.5	520.5	202.5	189.5	3.0	-2.0	7.909090042114258	-2.0	127.0	-2.0	-2.0	-2.0	38.0	-2.0	-2.0	7602.0	-2.0	20.0	16319.0	0.0013320984435267746	-2.0	310798.0	-2.0	-2.0	14.0	-2.0	-2.0	-2.0	5782.0	69.0	-2.0	-2.0	147.64149856567383	-2.0	-2.0	16.972850799560547	14.5	2.124600041497615e-05	-2.0	5.8291450841352344e-05	-2.0	-2.0	3.0238800048828125	-2.0	-2.0	110684.5	37089.5	-2.0	12847.5	0.003639310016296804	43373.5	1946420.0	-2.0	-2.0	-2.0	-2.0	-2.0	83586.0	47.0	10708695.0	-2.0	-2.0	19.0	453449.0	252.5	-2.0	129226.0	113033.0	-2.0	-2.0	524.5	-2.0	-2.0	-2.0	-2.0	5868.0	-2.0	-2.0
# Feature
9	7	2	3	6	3	9	6	4	-2	-2	-2	9	5	5	-2	1	9	-2	7	2	-2	-2	-2	7	-2	3	7	-2	-2	8	7	-2	-2	-2	0	-2	-2	-2	9	-2	-2	-2	5	8	3	-2	0	-2	2	-2	-2	-2	-2	9	2	5	8	9	2	2	-2	-2	-2	3	-2	-2	-2	0	7	6	-2	-2	9	2	-2	-2	-2	9	-2	-2	3	1	1	-2	8	-2	-2	-2	8	5	9	-2	-2	5	3	8	-2	-2	-2	-2	-2	0	5	1	6	-2	5	-2	-2	-2	1	-2	-2	2	-2	-2	5	8	8	-2	-2	2	-2	7	-2	2	0	2	6	7	-2	2	5	-2	8	-2	-2	-2	-2	6	-2	1	-2	5	-2	-2	-2	0	-2	1	-2	1	-2	8	-2	3	-2	7	-2	-2	1	7	7	2	-2	7	1	-2	-2	-2	8	9	1	-2	-2	-2	-2	-2	1	2	1	1	-2	-2	5	-2	7	4	7	5	-2	-2	7	-2	0	-2	4	-2	2	-2	0	-2	-2	5	-2	-2	0	-2	4	-2	-2	8	-2	9	2	-2	-2	0	-2	-2	0	-2	7	-2	4	7	-2	9	-2	5	-2	-2	-2	0	9	1	1	0	6	-2	3	-2	0	-2	-2	-2	8	-2	-2	1	-2	9	0	4	-2	2	-2	-2	9	-2	-2	-2	0	0	-2	-2	7	-2	-2	3	5	4	-2	4	-2	-2	7	-2	-2	0	0	-2	5	4	1	2	-2	-2	-2	-2	-2	8	5	2	-2	-2	6	0	5	-2	1	0	-2	-2	5	-2	-2	-2	-2	5	-2	-2
# Values
420.7500000000013	420.75000000001336	420.7499999999996	420.74999999999983
364.4713375796189	306.1864554317629	357.6374999999997	98.17500000000001
8.039808917197451	222.6810584958259	357.6374999999997	70.125
0.0	19.338091922005553	287.5124999999998	0.0
0.0	18.166086350974915	161.2875	0.0
0.0	17.873084958217255	147.26250000000002	0.0
0.0	14.357068245125339	147.26250000000002	0.0
0.0	5.860027855153205	7.0125	0.0
0.0	2.3440111420612815	7.0125	0.0
0.0	2.0510097493036215	0.0	0.0
0.0	0.2930013927576602	7.0125	0.0
0.0	3.5160167130919215	0.0	0.0
0.0	8.497040389972147	140.25000000000003	0.0
0.0	7.618036211699168	140.25000000000003	0.0
0.0	5.567026462395544	140.25000000000003	0.0
0.0	0.8790041782729805	49.087500000000006	0.0
0.0	4.688022284122563	91.16250000000002	0.0
0.0	0.5860027855153204	49.087500000000006	0.0
0.0	0.0	14.025	0.0
0.0	0.5860027855153204	35.0625	0.0
0.0	0.5860027855153204	14.025	0.0
0.0	0.2930013927576602	7.0125	0.0
0.0	0.2930013927576602	7.0125	0.0
0.0	0.0	21.0375	0.0
0.0	4.102019498607242	42.075	0.0
0.0	0.0	14.025	0.0
0.0	4.102019498607242	28.05	0.0
0.0	3.5160167130919215	0.0	0.0
0.0	0.5860027855153204	0.0	0.0
0.0	2.9300139275766015	0.0	0.0
0.0	0.5860027855153204	28.05	0.0
0.0	0.5860027855153204	14.025	0.0
0.0	0.2930013927576602	7.0125	0.0
0.0	0.2930013927576602	7.0125	0.0
0.0	0.0	14.025	0.0
0.0	2.0510097493036215	0.0	0.0
0.0	0.5860027855153204	0.0	0.0
0.0	1.465006963788301	0.0	0.0
0.0	0.8790041782729805	0.0	0.0
0.0	3.5160167130919215	0.0	0.0
0.0	1.1720055710306407	0.0	0.0
0.0	2.3440111420612815	0.0	0.0
0.0	0.2930013927576602	14.025	0.0
0.0	1.1720055710306407	126.22500000000004	0.0
0.0	0.5860027855153204	119.21250000000003	0.0
0.0	0.5860027855153204	91.16250000000002	0.0
0.0	0.0	49.087500000000006	0.0
0.0	0.5860027855153204	42.075	0.0
0.0	0.0	28.05	0.0
0.0	0.5860027855153204	14.025	0.0
0.0	0.2930013927576602	7.0125	0.0
0.0	0.2930013927576602	7.0125	0.0
0.0	0.0	28.05	0.0
0.0	0.5860027855153204	7.0125	0.0
8.039808917197451	203.34296657381944	70.12500000000001	70.125
8.039808917197451	162.90877437326046	28.05	70.125
0.0	145.6216922005577	28.05	14.025
0.0	19.045090529247894	21.0375	0.0
0.0	3.8090181058495816	21.0375	0.0
0.0	2.0510097493036215	14.025	0.0
0.0	0.8790041782729805	14.025	0.0
0.0	0.5860027855153204	0.0	0.0
0.0	0.2930013927576602	14.025	0.0
0.0	1.1720055710306407	0.0	0.0
0.0	1.7580083565459612	7.0125	0.0
0.0	0.8790041782729805	7.0125	0.0
0.0	0.8790041782729805	0.0	0.0
0.0	15.236072423398317	0.0	0.0
0.0	126.57660167130896	7.0125	14.025
0.0	4.3950208913649025	7.0125	14.025
0.0	0.8790041782729805	0.0	14.025
0.0	0.5860027855153204	0.0	0.0
0.0	0.2930013927576602	0.0	14.025
0.0	3.5160167130919215	7.0125	0.0
0.0	0.8790041782729805	7.0125	0.0
0.0	0.2930013927576602	7.0125	0.0
0.0	0.5860027855153204	0.0	0.0
0.0	2.6370125348189415	0.0	0.0
0.0	122.18158077994407	0.0	0.0
0.0	38.676183844011085	0.0	0.0
0.0	83.505396935933	0.0	0.0
8.039808917197451	17.287082172701936	0.0	56.1
8.039808917197451	7.032033426183847	0.0	0.0
8.039808917197451	1.465006963788301	0.0	0.0
5.359872611464968	0.2930013927576602	0.0	0.0
2.679936305732484	1.1720055710306407	0.0	0.0
0.0	0.8790041782729805	0.0	0.0
2.679936305732484	0.2930013927576602	0.0	0.0
0.0	5.567026462395544	0.0	0.0
0.0	10.255048746518105	0.0	56.1
0.0	6.739032033426186	0.0	56.1
0.0	4.3950208913649025	0.0	14.025
0.0	3.8090181058495816	0.0	0.0
0.0	0.5860027855153204	0.0	14.025
0.0	2.3440111420612815	0.0	42.075
0.0	1.465006963788301	0.0	42.075
0.0	0.2930013927576602	0.0	42.075
0.0	0.2930013927576602	0.0	14.025
0.0	0.0	0.0	28.05
0.0	1.1720055710306407	0.0	0.0
0.0	0.8790041782729805	0.0	0.0
0.0	3.5160167130919215	0.0	0.0
0.0	40.43419220055704	42.075	0.0
0.0	39.84818941504172	21.0375	0.0
0.0	11.134052924791083	21.0375	0.0
0.0	1.465006963788301	21.0375	0.0
0.0	0.2930013927576602	7.0125	0.0
0.0	1.1720055710306407	14.025	0.0
0.0	0.5860027855153204	7.0125	0.0
0.0	0.5860027855153204	7.0125	0.0
0.0	9.669045961002785	0.0	0.0
0.0	28.71413649025066	0.0	0.0
0.0	0.5860027855153204	0.0	0.0
0.0	28.12813370473534	0.0	0.0
0.0	0.5860027855153204	21.0375	0.0
0.0	0.0	21.0375	0.0
0.0	0.5860027855153204	0.0	0.0
356.4315286624214	83.505396935933	0.0	28.05
69.67834394904456	69.44133008356535	0.0	0.0
0.0	49.51723537604449	0.0	0.0
0.0	0.5860027855153204	0.0	0.0
0.0	48.93123259052917	0.0	0.0
69.67834394904456	19.924094707520872	0.0	0.0
0.0	0.8790041782729805	0.0	0.0
69.67834394904456	19.045090529247894	0.0	0.0
8.039808917197451	0.0	0.0	0.0
61.638535031847105	19.045090529247894	0.0	0.0
45.55891719745221	10.841051532033424	0.0	0.0
26.799363057324832	10.841051532033424	0.0	0.0
18.759554140127385	3.2230153203342615	0.0	0.0
18.759554140127385	2.0510097493036215	0.0	0.0
0.0	0.8790041782729805	0.0	0.0
18.759554140127385	1.1720055710306407	0.0	0.0
5.359872611464968	1.1720055710306407	0.0	0.0
2.679936305732484	0.2930013927576602	0.0	0.0
2.679936305732484	0.8790041782729805	0.0	0.0
2.679936305732484	0.2930013927576602	0.0	0.0
0.0	0.5860027855153204	0.0	0.0
13.39968152866242	0.0	0.0	0.0
0.0	1.1720055710306407	0.0	0.0
8.039808917197451	7.618036211699168	0.0	0.0
0.0	6.446030640668526	0.0	0.0
8.039808917197451	1.1720055710306407	0.0	0.0
5.359872611464968	0.0	0.0	0.0
2.679936305732484	1.1720055710306407	0.0	0.0
2.679936305732484	0.2930013927576602	0.0	0.0
0.0	0.8790041782729805	0.0	0.0
18.759554140127385	0.0	0.0	0.0
16.079617834394902	8.204038997214488	0.0	0.0
0.0	2.0510097493036215	0.0	0.0
16.079617834394902	6.153029247910865	0.0	0.0
5.359872611464968	0.2930013927576602	0.0	0.0
10.719745222929935	5.860027855153205	0.0	0.0
0.0	2.9300139275766015	0.0	0.0
10.719745222929935	2.9300139275766015	0.0	0.0
0.0	1.1720055710306407	0.0	0.0
10.719745222929935	1.7580083565459612	0.0	0.0
0.0	1.1720055710306407	0.0	0.0
10.719745222929935	0.5860027855153204	0.0	0.0
2.679936305732484	0.5860027855153204	0.0	0.0
8.039808917197451	0.0	0.0	0.0
286.75318471337647	14.064066852367679	0.0	28.05
26.799363057324832	4.688022284122563	0.0	14.025
24.11942675159235	4.688022284122563	0.0	0.0
5.359872611464968	4.102019498607242	0.0	0.0
0.0	2.3440111420612815	0.0	0.0
5.359872611464968	1.7580083565459612	0.0	0.0
2.679936305732484	1.465006963788301	0.0	0.0
0.0	1.1720055710306407	0.0	0.0
2.679936305732484	0.2930013927576602	0.0	0.0
2.679936305732484	0.2930013927576602	0.0	0.0
18.759554140127385	0.5860027855153204	0.0	0.0
16.079617834394902	0.2930013927576602	0.0	0.0
13.39968152866242	0.0	0.0	0.0
5.359872611464968	0.0	0.0	0.0
8.039808917197451	0.0	0.0	0.0
2.679936305732484	0.2930013927576602	0.0	0.0
2.679936305732484	0.2930013927576602	0.0	0.0
2.679936305732484	0.0	0.0	14.025
259.9538216560515	9.376044568245126	0.0	14.025
195.6353503184716	7.618036211699168	0.0	0.0
184.91560509554162	4.102019498607242	0.0	0.0
5.359872611464968	0.8790041782729805	0.0	0.0
5.359872611464968	0.0	0.0	0.0
0.0	0.8790041782729805	0.0	0.0
179.55573248407663	3.2230153203342615	0.0	0.0
45.55891719745221	0.0	0.0	0.0
133.99681528662418	3.2230153203342615	0.0	0.0
58.95859872611462	2.9300139275766015	0.0	0.0
21.439490445859867	2.6370125348189415	0.0	0.0
8.039808917197451	0.2930013927576602	0.0	0.0
2.679936305732484	0.2930013927576602	0.0	0.0
5.359872611464968	0.0	0.0	0.0
13.39968152866242	2.3440111420612815	0.0	0.0
0.0	0.5860027855153204	0.0	0.0
13.39968152866242	1.7580083565459612	0.0	0.0
0.0	0.5860027855153204	0.0	0.0
13.39968152866242	1.1720055710306407	0.0	0.0
2.679936305732484	0.5860027855153204	0.0	0.0
10.719745222929935	0.5860027855153204	0.0	0.0
5.359872611464968	0.0	0.0	0.0
5.359872611464968	0.5860027855153204	0.0	0.0
0.0	0.5860027855153204	0.0	0.0
5.359872611464968	0.0	0.0	0.0
37.51910828025476	0.2930013927576602	0.0	0.0
2.679936305732484	0.2930013927576602	0.0	0.0
34.83917197452228	0.0	0.0	0.0
75.03821656050953	0.2930013927576602	0.0	0.0
58.95859872611462	0.0	0.0	0.0
16.079617834394902	0.2930013927576602	0.0	0.0
13.39968152866242	0.0	0.0	0.0
2.679936305732484	0.2930013927576602	0.0	0.0
10.719745222929935	3.5160167130919215	0.0	0.0
5.359872611464968	0.2930013927576602	0.0	0.0
5.359872611464968	3.2230153203342615	0.0	0.0
5.359872611464968	0.5860027855153204	0.0	0.0
0.0	0.5860027855153204	0.0	0.0
5.359872611464968	0.0	0.0	0.0
0.0	2.6370125348189415	0.0	0.0
0.0	0.8790041782729805	0.0	0.0
0.0	1.7580083565459612	0.0	0.0
64.3184713375796	1.7580083565459612	0.0	14.025
2.679936305732484	0.0	0.0	14.025
61.638535031847105	1.7580083565459612	0.0	0.0
2.679936305732484	0.5860027855153204	0.0	0.0
58.95859872611462	1.1720055710306407	0.0	0.0
58.95859872611462	0.5860027855153204	0.0	0.0
18.759554140127385	0.0	0.0	0.0
40.199044585987245	0.5860027855153204	0.0	0.0
29.479299363057315	0.0	0.0	0.0
10.719745222929935	0.5860027855153204	0.0	0.0
2.679936305732484	0.5860027855153204	0.0	0.0
8.039808917197451	0.0	0.0	0.0
0.0	0.5860027855153204	0.0	0.0
56.27866242038214	114.56354456824492	63.11250000000001	322.575
32.1592356687898	85.55640668523662	56.10000000000001	0.0
10.719745222929935	30.472144846796617	56.10000000000001	0.0
0.0	5.274025069637884	56.10000000000001	0.0
0.0	1.465006963788301	49.087500000000006	0.0
0.0	1.465006963788301	35.0625	0.0
0.0	0.5860027855153204	0.0	0.0
0.0	0.8790041782729805	35.0625	0.0
0.0	0.0	14.025	0.0
0.0	0.8790041782729805	21.0375	0.0
0.0	0.5860027855153204	7.0125	0.0
0.0	0.2930013927576602	14.025	0.0
0.0	0.0	14.025	0.0
0.0	3.8090181058495816	7.0125	0.0
0.0	0.2930013927576602	7.0125	0.0
0.0	3.5160167130919215	0.0	0.0
10.719745222929935	25.198119777158745	0.0	0.0
0.0	17.287082172701936	0.0	0.0
10.719745222929935	7.911037604456828	0.0	0.0
10.719745222929935	3.5160167130919215	0.0	0.0
10.719745222929935	0.8790041782729805	0.0	0.0
8.039808917197451	0.0	0.0	0.0
2.679936305732484	0.8790041782729805	0.0	0.0
0.0	0.5860027855153204	0.0	0.0
2.679936305732484	0.2930013927576602	0.0	0.0
0.0	2.6370125348189415	0.0	0.0
0.0	1.1720055710306407	0.0	0.0
0.0	1.465006963788301	0.0	0.0
0.0	4.3950208913649025	0.0	0.0
21.439490445859867	55.08426183844002	0.0	0.0
0.0	33.10915738161555	0.0	0.0
0.0	0.5860027855153204	0.0	0.0
0.0	32.523154596100234	0.0	0.0
21.439490445859867	21.97510445682449	0.0	0.0
0.0	21.97510445682449	0.0	0.0
21.439490445859867	0.0	0.0	0.0
24.11942675159235	29.00713788300832	7.0125	322.575
0.0	3.2230153203342615	7.0125	14.025
0.0	1.7580083565459612	0.0	14.025
0.0	0.2930013927576602	0.0	14.025
0.0	1.465006963788301	0.0	0.0
0.0	0.5860027855153204	0.0	0.0
0.0	0.8790041782729805	0.0	0.0
0.0	1.465006963788301	7.0125	0.0
0.0	0.2930013927576602	7.0125	0.0
0.0	1.1720055710306407	0.0	0.0
24.11942675159235	25.784122562674064	0.0	308.55
21.439490445859867	12.306058495821722	0.0	28.05
0.0	0.2930013927576602	0.0	14.025
21.439490445859867	12.013057103064062	0.0	14.025
2.679936305732484	12.013057103064062	0.0	14.025
2.679936305732484	11.720055710306402	0.0	0.0
2.679936305732484	0.8790041782729805	0.0	0.0
0.0	0.5860027855153204	0.0	0.0
2.679936305732484	0.2930013927576602	0.0	0.0
0.0	10.841051532033424	0.0	0.0
0.0	0.2930013927576602	0.0	14.025
18.759554140127385	0.0	0.0	0.0
2.679936305732484	13.47806406685236	0.0	280.50000000000006
0.0	7.325034818941507	0.0	280.50000000000006
0.0	0.5860027855153204	0.0	196.35000000000005
0.0	0.5860027855153204	0.0	0.0
0.0	0.0	0.0	196.35000000000005
0.0	6.739032033426186	0.0	84.15
0.0	4.3950208913649025	0.0	84.15
0.0	3.5160167130919215	0.0	84.15
0.0	2.0510097493036215	0.0	0.0
0.0	1.465006963788301	0.0	84.15
0.0	1.1720055710306407	0.0	14.025
0.0	0.2930013927576602	0.0	14.025
0.0	0.8790041782729805	0.0	0.0
0.0	0.2930013927576602	0.0	70.125
0.0	0.2930013927576602	0.0	14.025
0.0	0.0	0.0	56.1
0.0	0.8790041782729805	0.0	0.0
0.0	2.3440111420612815	0.0	0.0
2.679936305732484	6.153029247910865	0.0	0.0
0.0	4.981023676880223	0.0	0.0
2.679936305732484	1.1720055710306407	0.0	0.0
