# Sizes (NFeatures, Nclasses, NodeCount, MaxDepth)
10	4	331	14
# Classes
0.0	1.0	2.0	3.0
# Feature Names
Nrows	Ncols	Nnnz	AvgNnnz	Density	MaxRowNnnz	MinRowNnnz	StdRowNnnz	NDiags	NTrueDiags
# Left
1	2	3	4	5	6	-1	8	9	-1	11	12	13	14	15	-1	-1	18	-1	-1	-1	-1	23	-1	-1	-1	27	28	29	-1	31	-1	33	34	35	-1	-1	38	-1	-1	-1	-1	-1	44	45	46	-1	48	49	50	51	-1	53	-1	-1	-1	-1	-1	-1	60	-1	-1	63	64	65	66	67	68	-1	-1	71	-1	73	-1	75	76	-1	78	79	-1	-1	-1	-1	84	-1	-1	87	-1	-1	90	91	92	-1	94	-1	-1	97	98	-1	100	101	-1	-1	104	-1	-1	-1	108	109	-1	-1	-1	113	114	115	-1	-1	118	-1	120	121	122	-1	124	-1	126	127	-1	-1	-1	-1	132	133	134	-1	136	137	-1	-1	-1	141	142	-1	144	145	-1	-1	-1	149	150	-1	-1	-1	-1	155	156	157	-1	159	160	-1	162	163	-1	-1	166	-1	-1	169	-1	-1	172	173	174	-1	176	-1	178	-1	-1	-1	182	-1	-1	185	186	-1	-1	-1	190	191	192	193	194	195	-1	-1	198	199	200	-1	-1	-1	-1	205	206	-1	208	209	-1	-1	212	-1	-1	215	-1	-1	218	-1	220	221	222	-1	-1	225	-1	227	228	229	230	-1	232	-1	-1	235	-1	-1	-1	239	-1	-1	242	243	-1	-1	-1	247	248	-1	250	251	252	-1	-1	-1	-1	257	-1	-1	260	-1	-1	263	264	-1	266	267	-1	269	-1	-1	272	273	274	275	276	-1	278	279	-1	-1	-1	283	-1	285	-1	287	-1	289	-1	-1	-1	-1	-1	295	296	-1	298	-1	-1	301	302	303	-1	-1	306	-1	308	-1	-1	311	312	313	314	315	316	-1	-1	-1	-1	-1	-1	323	-1	325	326	-1	-1	329	-1	-1
# Right
262	189	62	43	26	7	-1	25	10	-1	22	21	20	17	16	-1	-1	19	-1	-1	-1	-1	24	-1	-1	-1	42	41	30	-1	32	-1	40	37	36	-1	-1	39	-1	-1	-1	-1	-1	59	58	47	-1	57	56	55	52	-1	54	-1	-1	-1	-1	-1	-1	61	-1	-1	112	89	86	83	70	69	-1	-1	72	-1	74	-1	82	77	-1	81	80	-1	-1	-1	-1	85	-1	-1	88	-1	-1	107	96	93	-1	95	-1	-1	106	99	-1	103	102	-1	-1	105	-1	-1	-1	111	110	-1	-1	-1	154	117	116	-1	-1	119	-1	131	130	123	-1	125	-1	129	128	-1	-1	-1	-1	153	140	135	-1	139	138	-1	-1	-1	148	143	-1	147	146	-1	-1	-1	152	151	-1	-1	-1	-1	184	171	158	-1	168	161	-1	165	164	-1	-1	167	-1	-1	170	-1	-1	181	180	175	-1	177	-1	179	-1	-1	-1	183	-1	-1	188	187	-1	-1	-1	259	246	217	204	197	196	-1	-1	203	202	201	-1	-1	-1	-1	214	207	-1	211	210	-1	-1	213	-1	-1	216	-1	-1	219	-1	241	224	223	-1	-1	226	-1	238	237	234	231	-1	233	-1	-1	236	-1	-1	-1	240	-1	-1	245	244	-1	-1	-1	256	249	-1	255	254	253	-1	-1	-1	-1	258	-1	-1	261	-1	-1	294	265	-1	271	268	-1	270	-1	-1	293	292	291	282	277	-1	281	280	-1	-1	-1	284	-1	286	-1	288	-1	290	-1	-1	-1	-1	-1	300	297	-1	299	-1	-1	310	305	304	-1	-1	307	-1	309	-1	-1	322	321	320	319	318	317	-1	-1	-1	-1	-1	-1	324	-1	328	327	-1	-1	330	-1	-1
# Threshold
34.80005073547363	5.5	409.5	239.0	0.06336279958486557	43.0	-2.0	0.030322699807584286	0.5	-2.0	2.5	3.0179649591445923	154.5	1.3553699851036072	89.0	-2.0	-2.0	1.5	-2.0	-2.0	-2.0	-2.0	0.4782015085220337	-2.0	-2.0	-2.0	16.676650047302246	4.0	2.027780055999756	-2.0	0.06865795329213142	-2.0	10.5	0.08620260283350945	51.0	-2.0	-2.0	6.5	-2.0	-2.0	-2.0	-2.0	-2.0	0.36005400121212006	3928.5	442.5	-2.0	3.5	8515.0	3.0	1273.5	-2.0	2528.0	-2.0	-2.0	-2.0	-2.0	-2.0	-2.0	0.5	-2.0	-2.0	335.0	447005.0	1.5	0.018079950474202633	101331.0	0.1509615033864975	-2.0	-2.0	71.0	-2.0	77.0	-2.0	100514.5	17748.0	-2.0	43801.0	23027.0	-2.0	-2.0	-2.0	-2.0	23.0	-2.0	-2.0	507.0	-2.0	-2.0	2080320.0	4.812619924545288	0.5	-2.0	137965.5	-2.0	-2.0	16.395950317382812	4.3817199184559286e-06	-2.0	33.0	2.0	-2.0	-2.0	1.126592997025e-05	-2.0	-2.0	-2.0	3787025.0	27.5	-2.0	-2.0	-2.0	2.5	91527.5	8.676015377044678	-2.0	-2.0	13720.5	-2.0	451869.0	1.5	746.0	-2.0	27.87055015563965	-2.0	35523.5	20736.5	-2.0	-2.0	-2.0	-2.0	4.0	22.817049980163574	648.5	-2.0	230369.5	14.65565013885498	-2.0	-2.0	-2.0	0.5	7.454134941101074	-2.0	0.5	1537018.5	-2.0	-2.0	-2.0	1.8984700545843225e-05	211.34100341796875	-2.0	-2.0	-2.0	-2.0	0.00246592506300658	1.5	278453.0	-2.0	1860590.0	21.29605007171631	-2.0	772840.5	4835.5	-2.0	-2.0	5.157764911651611	-2.0	-2.0	2.8655099413299467e-06	-2.0	-2.0	0.0010360050364397466	0.0001547464999021031	4.939989958074875e-05	-2.0	6.426969766616821	-2.0	0.00013791899982606992	-2.0	-2.0	-2.0	35708.0	-2.0	-2.0	2457.0	1444.0	-2.0	-2.0	-2.0	21.5	5.4897849559783936	0.027928550727665424	0.7331214845180511	0.2707185000181198	5.96356987953186	-2.0	-2.0	6.371425151824951	6466.0	702.0	-2.0	-2.0	-2.0	-2.0	837114.0	0.007794565055519342	-2.0	2.006535053253174	1.7603199481964111	-2.0	-2.0	408.0	-2.0	-2.0	14.5	-2.0	-2.0	9.5	-2.0	106.0	5.494444847106934	1.4539849758148193	-2.0	-2.0	8.0	-2.0	155.5	30.0	12.5	8.5	-2.0	22.5	-2.0	-2.0	635.5	-2.0	-2.0	-2.0	30.5	-2.0	-2.0	2022.5	0.06251944974064827	-2.0	-2.0	-2.0	7197.0	16.709250450134277	-2.0	10.0	0.0022684300784021616	33.1695499420166	-2.0	-2.0	-2.0	-2.0	81.49114990234375	-2.0	-2.0	155.15200233459473	-2.0	-2.0	8318270.0	2995.0	-2.0	56.50975036621094	55.5	-2.0	9791.0	-2.0	-2.0	28.5	81387.0	153.5	9.0	67.09180068969727	-2.0	26377.5	0.005280200042761862	-2.0	-2.0	-2.0	6986.0	-2.0	55.740400314331055	-2.0	12668.0	-2.0	326.3594970703125	-2.0	-2.0	-2.0	-2.0	-2.0	6.816005043219775e-05	2.5	-2.0	21953.0	-2.0	-2.0	103343.5	308.3314971923828	26.0	-2.0	-2.0	477.1780090332031	-2.0	30942.0	-2.0	-2.0	19348300.0	14923900.0	11286050.0	19.0	0.0005483610148075968	0.00039013799687381834	-2.0	-2.0	-2.0	-2.0	-2.0	-2.0	2.5	-2.0	6.0	159.72550201416016	-2.0	-2.0	396432.5	-2.0	-2.0
# Feature
3	9	8	0	4	1	-2	4	6	-2	6	3	0	3	0	-2	-2	9	-2	-2	-2	-2	7	-2	-2	-2	3	6	3	-2	4	-2	5	4	8	-2	-2	5	-2	-2	-2	-2	-2	7	0	0	-2	6	2	8	2	-2	2	-2	-2	-2	-2	-2	-2	9	-2	-2	5	0	9	4	2	7	-2	-2	5	-2	5	-2	1	1	-2	1	1	-2	-2	-2	-2	5	-2	-2	0	-2	-2	0	3	6	-2	8	-2	-2	3	4	-2	5	6	-2	-2	4	-2	-2	-2	0	5	-2	-2	-2	9	2	7	-2	-2	1	-2	2	9	5	-2	7	-2	1	0	-2	-2	-2	-2	6	7	5	-2	0	7	-2	-2	-2	9	3	-2	6	8	-2	-2	-2	4	7	-2	-2	-2	-2	4	6	2	-2	2	7	-2	2	5	-2	-2	3	-2	-2	4	-2	-2	4	4	4	-2	3	-2	4	-2	-2	-2	2	-2	-2	0	0	-2	-2	-2	9	7	4	7	7	3	-2	-2	3	2	0	-2	-2	-2	-2	0	4	-2	7	7	-2	-2	1	-2	-2	5	-2	-2	1	-2	8	3	7	-2	-2	9	-2	0	8	9	5	-2	0	-2	-2	2	-2	-2	-2	8	-2	-2	2	4	-2	-2	-2	5	7	-2	9	4	7	-2	-2	-2	-2	7	-2	-2	7	-2	-2	2	1	-2	7	6	-2	8	-2	-2	6	1	9	9	3	-2	1	4	-2	-2	-2	0	-2	3	-2	1	-2	7	-2	-2	-2	-2	-2	4	6	-2	8	-2	-2	1	3	6	-2	-2	3	-2	0	-2	-2	2	2	2	6	4	4	-2	-2	-2	-2	-2	-2	9	-2	6	7	-2	-2	0	-2	-2
# Values
420.7500000000013	420.75000000001336	420.7499999999996	420.74999999999983
345.7117834394914	355.99669220056745	420.7499999999996	98.17500000000001
321.5923566878989	239.08913649025564	189.33749999999995	70.125
0.0	60.35828690807789	189.33749999999995	0.0
0.0	15.529073816155977	147.26250000000002	0.0
0.0	10.841051532033424	56.10000000000001	0.0
0.0	0.2930013927576602	7.0125	0.0
0.0	10.548050139275764	49.087500000000006	0.0
0.0	4.981023676880223	49.087500000000006	0.0
0.0	1.1720055710306407	0.0	0.0
0.0	3.8090181058495816	49.087500000000006	0.0
0.0	3.2230153203342615	35.0625	0.0
0.0	1.7580083565459612	35.0625	0.0
0.0	1.1720055710306407	35.0625	0.0
0.0	0.2930013927576602	28.05	0.0
0.0	0.2930013927576602	7.0125	0.0
0.0	0.0	21.0375	0.0
0.0	0.8790041782729805	7.0125	0.0
0.0	0.5860027855153204	0.0	0.0
0.0	0.2930013927576602	7.0125	0.0
0.0	0.5860027855153204	0.0	0.0
0.0	1.465006963788301	0.0	0.0
0.0	0.5860027855153204	14.025	0.0
0.0	0.0	14.025	0.0
0.0	0.5860027855153204	0.0	0.0
0.0	5.567026462395544	0.0	0.0
0.0	4.688022284122563	91.16250000000002	0.0
0.0	3.8090181058495816	91.16250000000002	0.0
0.0	3.8090181058495816	70.12500000000001	0.0
0.0	0.5860027855153204	0.0	0.0
0.0	3.2230153203342615	70.12500000000001	0.0
0.0	0.0	14.025	0.0
0.0	3.2230153203342615	56.10000000000001	0.0
0.0	0.8790041782729805	56.10000000000001	0.0
0.0	0.5860027855153204	21.0375	0.0
0.0	0.5860027855153204	7.0125	0.0
0.0	0.0	14.025	0.0
0.0	0.2930013927576602	35.0625	0.0
0.0	0.2930013927576602	14.025	0.0
0.0	0.0	21.0375	0.0
0.0	2.3440111420612815	0.0	0.0
0.0	0.0	21.0375	0.0
0.0	0.8790041782729805	0.0	0.0
0.0	44.829213091921936	42.075	0.0
0.0	9.669045961002785	42.075	0.0
0.0	4.981023676880223	42.075	0.0
0.0	0.5860027855153204	0.0	0.0
0.0	4.3950208913649025	42.075	0.0
0.0	2.3440111420612815	42.075	0.0
0.0	1.7580083565459612	42.075	0.0
0.0	0.8790041782729805	35.0625	0.0
0.0	0.0	21.0375	0.0
0.0	0.8790041782729805	14.025	0.0
0.0	0.5860027855153204	0.0	0.0
0.0	0.2930013927576602	14.025	0.0
0.0	0.8790041782729805	7.0125	0.0
0.0	0.5860027855153204	0.0	0.0
0.0	2.0510097493036215	0.0	0.0
0.0	4.688022284122563	0.0	0.0
0.0	35.16016713091917	0.0	0.0
0.0	2.0510097493036215	0.0	0.0
0.0	33.10915738161555	0.0	0.0
321.5923566878989	178.73084958217484	0.0	70.125
16.079617834394902	137.7106545961005	0.0	70.125
8.039808917197451	121.59557799442875	0.0	14.025
8.039808917197451	60.94428969359321	0.0	14.025
8.039808917197451	57.4282729805013	0.0	0.0
0.0	33.40215877437321	0.0	0.0
0.0	0.5860027855153204	0.0	0.0
0.0	32.81615598885789	0.0	0.0
8.039808917197451	24.026114206128106	0.0	0.0
0.0	17.580083565459596	0.0	0.0
8.039808917197451	6.446030640668526	0.0	0.0
2.679936305732484	0.2930013927576602	0.0	0.0
5.359872611464968	6.153029247910865	0.0	0.0
5.359872611464968	1.7580083565459612	0.0	0.0
2.679936305732484	0.2930013927576602	0.0	0.0
2.679936305732484	1.465006963788301	0.0	0.0
0.0	1.1720055710306407	0.0	0.0
0.0	0.5860027855153204	0.0	0.0
0.0	0.5860027855153204	0.0	0.0
2.679936305732484	0.2930013927576602	0.0	0.0
0.0	4.3950208913649025	0.0	0.0
0.0	3.5160167130919215	0.0	14.025
0.0	0.2930013927576602	0.0	14.025
0.0	3.2230153203342615	0.0	0.0
0.0	60.65128830083555	0.0	0.0
0.0	0.5860027855153204	0.0	0.0
0.0	60.065285515320234	0.0	0.0
8.039808917197451	16.115076601671298	0.0	56.1
5.359872611464968	5.860027855153205	0.0	56.1
5.359872611464968	2.0510097493036215	0.0	0.0
5.359872611464968	0.2930013927576602	0.0	0.0
0.0	1.7580083565459612	0.0	0.0
0.0	0.5860027855153204	0.0	0.0
0.0	1.1720055710306407	0.0	0.0
0.0	3.8090181058495816	0.0	56.1
0.0	3.2230153203342615	0.0	56.1
0.0	0.0	0.0	28.05
0.0	3.2230153203342615	0.0	28.05
0.0	2.0510097493036215	0.0	0.0
0.0	0.8790041782729805	0.0	0.0
0.0	1.1720055710306407	0.0	0.0
0.0	1.1720055710306407	0.0	28.05
0.0	1.1720055710306407	0.0	0.0
0.0	0.0	0.0	28.05
0.0	0.5860027855153204	0.0	0.0
2.679936305732484	10.255048746518105	0.0	0.0
2.679936305732484	2.0510097493036215	0.0	0.0
0.0	1.465006963788301	0.0	0.0
2.679936305732484	0.5860027855153204	0.0	0.0
0.0	8.204038997214488	0.0	0.0
305.51273885350395	41.02019498607236	0.0	0.0
131.3168789808917	29.59314066852364	0.0	0.0
0.0	24.319115598885766	0.0	0.0
0.0	0.5860027855153204	0.0	0.0
0.0	23.733112813370447	0.0	0.0
131.3168789808917	5.274025069637884	0.0	0.0
0.0	1.1720055710306407	0.0	0.0
131.3168789808917	4.102019498607242	0.0	0.0
26.799363057324832	2.0510097493036215	0.0	0.0
16.079617834394902	2.0510097493036215	0.0	0.0
0.0	1.465006963788301	0.0	0.0
16.079617834394902	0.5860027855153204	0.0	0.0
5.359872611464968	0.0	0.0	0.0
10.719745222929935	0.5860027855153204	0.0	0.0
5.359872611464968	0.5860027855153204	0.0	0.0
2.679936305732484	0.2930013927576602	0.0	0.0
2.679936305732484	0.2930013927576602	0.0	0.0
5.359872611464968	0.0	0.0	0.0
10.719745222929935	0.0	0.0	0.0
104.51751592356683	2.0510097493036215	0.0	0.0
101.83757961783435	1.7580083565459612	0.0	0.0
18.759554140127385	1.1720055710306407	0.0	0.0
2.679936305732484	0.5860027855153204	0.0	0.0
16.079617834394902	0.5860027855153204	0.0	0.0
13.39968152866242	0.0	0.0	0.0
5.359872611464968	0.0	0.0	0.0
8.039808917197451	0.0	0.0	0.0
2.679936305732484	0.5860027855153204	0.0	0.0
83.07802547770697	0.5860027855153204	0.0	0.0
50.918789808917175	0.2930013927576602	0.0	0.0
26.799363057324832	0.0	0.0	0.0
24.11942675159235	0.2930013927576602	0.0	0.0
16.079617834394902	0.2930013927576602	0.0	0.0
2.679936305732484	0.2930013927576602	0.0	0.0
13.39968152866242	0.0	0.0	0.0
8.039808917197451	0.0	0.0	0.0
32.1592356687898	0.2930013927576602	0.0	0.0
8.039808917197451	0.2930013927576602	0.0	0.0
5.359872611464968	0.0	0.0	0.0
2.679936305732484	0.2930013927576602	0.0	0.0
24.11942675159235	0.0	0.0	0.0
2.679936305732484	0.2930013927576602	0.0	0.0
174.19585987261163	11.427054317548743	0.0	0.0
171.51592356687914	8.497040389972147	0.0	0.0
50.918789808917175	4.3950208913649025	0.0	0.0
0.0	2.0510097493036215	0.0	0.0
50.918789808917175	2.3440111420612815	0.0	0.0
24.11942675159235	2.0510097493036215	0.0	0.0
0.0	1.1720055710306407	0.0	0.0
24.11942675159235	0.8790041782729805	0.0	0.0
18.759554140127385	0.2930013927576602	0.0	0.0
5.359872611464968	0.2930013927576602	0.0	0.0
13.39968152866242	0.0	0.0	0.0
5.359872611464968	0.5860027855153204	0.0	0.0
0.0	0.5860027855153204	0.0	0.0
5.359872611464968	0.0	0.0	0.0
26.799363057324832	0.2930013927576602	0.0	0.0
2.679936305732484	0.2930013927576602	0.0	0.0
24.11942675159235	0.0	0.0	0.0
120.59713375796173	4.102019498607242	0.0	0.0
104.51751592356683	1.465006963788301	0.0	0.0
29.479299363057315	0.8790041782729805	0.0	0.0
16.079617834394902	0.0	0.0	0.0
13.39968152866242	0.8790041782729805	0.0	0.0
2.679936305732484	0.5860027855153204	0.0	0.0
10.719745222929935	0.2930013927576602	0.0	0.0
8.039808917197451	0.0	0.0	0.0
2.679936305732484	0.2930013927576602	0.0	0.0
75.03821656050953	0.5860027855153204	0.0	0.0
16.079617834394902	2.6370125348189415	0.0	0.0
0.0	0.8790041782729805	0.0	0.0
16.079617834394902	1.7580083565459612	0.0	0.0
2.679936305732484	2.9300139275766015	0.0	0.0
0.0	2.3440111420612815	0.0	0.0
0.0	0.5860027855153204	0.0	0.0
0.0	1.7580083565459612	0.0	0.0
2.679936305732484	0.5860027855153204	0.0	0.0
24.11942675159235	116.9075557103062	231.41249999999988	28.05
16.079617834394902	83.79839832869067	231.41249999999988	28.05
0.0	52.154247910863425	231.41249999999988	28.05
0.0	45.708217270194915	49.087500000000006	28.05
0.0	10.255048746518105	35.0625	0.0
0.0	0.5860027855153204	21.0375	0.0
0.0	0.5860027855153204	0.0	0.0
0.0	0.0	21.0375	0.0
0.0	9.669045961002785	14.025	0.0
0.0	2.0510097493036215	14.025	0.0
0.0	0.5860027855153204	14.025	0.0
0.0	0.5860027855153204	0.0	0.0
0.0	0.0	14.025	0.0
0.0	1.465006963788301	0.0	0.0
0.0	7.618036211699168	0.0	0.0
0.0	35.45316852367683	14.025	28.05
0.0	34.86716573816151	7.0125	0.0
0.0	21.09610027855151	0.0	0.0
0.0	13.77106545961002	7.0125	0.0
0.0	6.153029247910865	7.0125	0.0
0.0	4.981023676880223	0.0	0.0
0.0	1.1720055710306407	7.0125	0.0
0.0	7.618036211699168	0.0	0.0
0.0	0.5860027855153204	0.0	0.0
0.0	7.032033426183847	0.0	0.0
0.0	0.5860027855153204	7.0125	28.05
0.0	0.2930013927576602	0.0	14.025
0.0	0.2930013927576602	7.0125	14.025
0.0	6.446030640668526	182.32499999999996	0.0
0.0	0.5860027855153204	0.0	0.0
0.0	5.860027855153205	182.32499999999996	0.0
0.0	3.8090181058495816	168.29999999999998	0.0
0.0	1.7580083565459612	14.025	0.0
0.0	0.2930013927576602	14.025	0.0
0.0	1.465006963788301	0.0	0.0
0.0	2.0510097493036215	154.275	0.0
0.0	0.0	35.0625	0.0
0.0	2.0510097493036215	119.21250000000003	0.0
0.0	0.8790041782729805	98.17500000000003	0.0
0.0	0.8790041782729805	70.12500000000001	0.0
0.0	0.2930013927576602	56.10000000000001	0.0
0.0	0.0	21.0375	0.0
0.0	0.2930013927576602	35.0625	0.0
0.0	0.0	28.05	0.0
0.0	0.2930013927576602	7.0125	0.0
0.0	0.5860027855153204	14.025	0.0
0.0	0.2930013927576602	7.0125	0.0
0.0	0.2930013927576602	7.0125	0.0
0.0	0.0	28.05	0.0
0.0	1.1720055710306407	21.0375	0.0
0.0	0.5860027855153204	21.0375	0.0
0.0	0.5860027855153204	0.0	0.0
0.0	2.0510097493036215	14.025	0.0
0.0	1.7580083565459612	7.0125	0.0
0.0	1.1720055710306407	0.0	0.0
0.0	0.5860027855153204	7.0125	0.0
0.0	0.2930013927576602	7.0125	0.0
16.079617834394902	31.644150417827255	0.0	0.0
8.039808917197451	30.179143454038957	0.0	0.0
0.0	15.236072423398317	0.0	0.0
8.039808917197451	14.943071030640658	0.0	0.0
8.039808917197451	1.1720055710306407	0.0	0.0
8.039808917197451	0.2930013927576602	0.0	0.0
2.679936305732484	0.2930013927576602	0.0	0.0
5.359872611464968	0.0	0.0	0.0
0.0	0.8790041782729805	0.0	0.0
0.0	13.77106545961002	0.0	0.0
8.039808917197451	1.465006963788301	0.0	0.0
0.0	1.465006963788301	0.0	0.0
8.039808917197451	0.0	0.0	0.0
8.039808917197451	33.10915738161555	0.0	0.0
0.0	33.10915738161555	0.0	0.0
8.039808917197451	0.0	0.0	0.0
75.03821656050953	64.7533077994428	0.0	322.575
50.918789808917175	51.861246518105766	0.0	0.0
0.0	12.013057103064062	0.0	0.0
50.918789808917175	39.84818941504172	0.0	0.0
2.679936305732484	33.98816155988853	0.0	0.0
0.0	32.523154596100234	0.0	0.0
2.679936305732484	1.465006963788301	0.0	0.0
0.0	1.1720055710306407	0.0	0.0
2.679936305732484	0.2930013927576602	0.0	0.0
48.23885350318469	5.860027855153205	0.0	0.0
48.23885350318469	4.688022284122563	0.0	0.0
48.23885350318469	3.5160167130919215	0.0	0.0
37.51910828025476	3.5160167130919215	0.0	0.0
21.439490445859867	1.1720055710306407	0.0	0.0
2.679936305732484	0.5860027855153204	0.0	0.0
18.759554140127385	0.5860027855153204	0.0	0.0
8.039808917197451	0.5860027855153204	0.0	0.0
0.0	0.5860027855153204	0.0	0.0
8.039808917197451	0.0	0.0	0.0
10.719745222929935	0.0	0.0	0.0
16.079617834394902	2.3440111420612815	0.0	0.0
0.0	0.8790041782729805	0.0	0.0
16.079617834394902	1.465006963788301	0.0	0.0
0.0	0.8790041782729805	0.0	0.0
16.079617834394902	0.5860027855153204	0.0	0.0
8.039808917197451	0.0	0.0	0.0
8.039808917197451	0.5860027855153204	0.0	0.0
0.0	0.5860027855153204	0.0	0.0
8.039808917197451	0.0	0.0	0.0
10.719745222929935	0.0	0.0	0.0
0.0	1.1720055710306407	0.0	0.0
0.0	1.1720055710306407	0.0	0.0
24.11942675159235	12.89206128133704	0.0	322.575
2.679936305732484	4.688022284122563	0.0	0.0
2.679936305732484	0.5860027855153204	0.0	0.0
0.0	4.102019498607242	0.0	0.0
0.0	0.5860027855153204	0.0	0.0
0.0	3.5160167130919215	0.0	0.0
21.439490445859867	8.204038997214488	0.0	322.575
16.079617834394902	0.8790041782729805	0.0	42.075
8.039808917197451	0.5860027855153204	0.0	0.0
8.039808917197451	0.0	0.0	0.0
0.0	0.5860027855153204	0.0	0.0
8.039808917197451	0.2930013927576602	0.0	42.075
0.0	0.0	0.0	28.05
8.039808917197451	0.2930013927576602	0.0	14.025
2.679936305732484	0.0	0.0	14.025
5.359872611464968	0.2930013927576602	0.0	0.0
5.359872611464968	7.325034818941507	0.0	280.50000000000006
0.0	3.8090181058495816	0.0	266.4750000000001
0.0	3.8090181058495816	0.0	56.1
0.0	1.7580083565459612	0.0	56.1
0.0	0.8790041782729805	0.0	56.1
0.0	0.2930013927576602	0.0	42.075
0.0	0.2930013927576602	0.0	14.025
0.0	0.0	0.0	28.05
0.0	0.5860027855153204	0.0	14.025
0.0	0.8790041782729805	0.0	0.0
0.0	2.0510097493036215	0.0	0.0
0.0	0.0	0.0	210.37500000000006
5.359872611464968	3.5160167130919215	0.0	14.025
0.0	0.2930013927576602	0.0	14.025
5.359872611464968	3.2230153203342615	0.0	0.0
5.359872611464968	0.5860027855153204	0.0	0.0
0.0	0.5860027855153204	0.0	0.0
5.359872611464968	0.0	0.0	0.0
0.0	2.6370125348189415	0.0	0.0
0.0	0.5860027855153204	0.0	0.0
0.0	2.0510097493036215	0.0	0.0
