# Sizes (NFeatures, Nclasses, NodeCount, MaxDepth)
14	6	149	13
# Classes
0.0	1.0	2.0	3.0	4.0	5.0
# Feature Names
Nrows	Ncols	Nnnz	AvgNnnz	Density	MaxRowNnnz	MinRowNnnz	StdRowNnnz	NDiags	NTrueDiags	AvgNnnzDia	AvgNnnzELL	AvgNnnzHyb	AvgNnnzHdc
# Left
1	2	3	-1	5	6	-1	8	-1	-1	11	-1	-1	-1	15	16	17	-1	19	20	-1	22	23	-1	25	26	-1	-1	-1	30	-1	32	-1	-1	35	36	-1	38	39	-1	41	-1	-1	44	45	-1	-1	-1	-1	50	51	52	53	54	-1	56	-1	-1	59	60	-1	-1	63	64	-1	66	-1	-1	69	-1	71	-1	-1	74	75	76	-1	-1	79	-1	81	82	83	-1	-1	86	-1	88	-1	-1	-1	92	93	-1	95	96	-1	98	-1	100	-1	-1	-1	104	-1	-1	-1	108	-1	-1	111	112	113	-1	-1	116	117	-1	119	-1	-1	122	123	124	-1	126	127	-1	-1	-1	-1	132	133	-1	135	-1	-1	138	-1	-1	141	142	143	-1	-1	-1	147	-1	-1
# Right
14	13	4	-1	10	7	-1	9	-1	-1	12	-1	-1	-1	110	49	18	-1	34	21	-1	29	24	-1	28	27	-1	-1	-1	31	-1	33	-1	-1	48	37	-1	43	40	-1	42	-1	-1	47	46	-1	-1	-1	-1	107	106	73	58	55	-1	57	-1	-1	62	61	-1	-1	68	65	-1	67	-1	-1	70	-1	72	-1	-1	91	78	77	-1	-1	80	-1	90	85	84	-1	-1	87	-1	89	-1	-1	-1	103	94	-1	102	97	-1	99	-1	101	-1	-1	-1	105	-1	-1	-1	109	-1	-1	140	115	114	-1	-1	121	118	-1	120	-1	-1	131	130	125	-1	129	128	-1	-1	-1	-1	137	134	-1	136	-1	-1	139	-1	-1	146	145	144	-1	-1	-1	148	-1	-1
# Threshold
0.0016859399620443583	0.6616685092449188	3621.0	-2.0	14.0	2800665.0	-2.0	30541500.0	-2.0	-2.0	0.0006629044946748763	-2.0	-2.0	-2.0	480125.5	14.0	12.5	-2.0	0.8095239996910095	0.29077399522066116	-2.0	0.1259015016257763	2.5	-2.0	2500.0	0.002998000127263367	-2.0	-2.0	-2.0	10.0	-2.0	7633.0	-2.0	-2.0	91501.0	0.45169350504875183	-2.0	5.2733800411224365	9500.5	-2.0	33566.0	-2.0	-2.0	0.9920384883880615	7.0	-2.0	-2.0	-2.0	-2.0	13670.5	0.9695854783058167	0.5574280023574829	34.0	0.27616649866104126	-2.0	9.5	-2.0	-2.0	0.002241194946691394	152110.5	-2.0	-2.0	12.5	0.5366140007972717	-2.0	2.5581499338150024	-2.0	-2.0	0.5310510098934174	-2.0	0.5329569876194	-2.0	-2.0	1167965.0	11631.0	9.5	-2.0	-2.0	8.881969928741455	-2.0	0.616569995880127	76.5	269693.5	-2.0	-2.0	1.1529799699783325	-2.0	196521.5	-2.0	-2.0	-2.0	14.0	10.92834997177124	-2.0	0.41717348992824554	25.23515033721924	-2.0	2409945.0	-2.0	4.0	-2.0	-2.0	-2.0	0.6993990242481232	-2.0	-2.0	-2.0	35739.0	-2.0	-2.0	0.0020593099761754274	0.7288479804992676	119569696.0	-2.0	-2.0	29799300.0	4.5	-2.0	5.264524936676025	-2.0	-2.0	0.4152349978685379	18906650.0	0.29842349886894226	-2.0	1.0169390141963959	0.028170515317469835	-2.0	-2.0	-2.0	-2.0	4.096180081367493	11213700.0	-2.0	1.0	-2.0	-2.0	18.0	-2.0	-2.0	12.0	0.49832800030708313	6.285729885101318	-2.0	-2.0	-2.0	1.8910450339317322	-2.0	-2.0
# Feature
11	13	5	-2	9	0	-2	2	-2	-2	4	-2	-2	-2	0	8	1	-2	10	13	-2	7	6	-2	0	4	-2	-2	-2	9	-2	1	-2	-2	2	13	-2	12	0	-2	1	-2	-2	10	5	-2	-2	-2	-2	5	13	11	1	13	-2	5	-2	-2	11	2	-2	-2	5	13	-2	7	-2	-2	11	-2	11	-2	-2	2	0	1	-2	-2	3	-2	13	8	2	-2	-2	12	-2	2	-2	-2	-2	6	3	-2	10	3	-2	2	-2	6	-2	-2	-2	10	-2	-2	-2	5	-2	-2	10	12	2	-2	-2	2	6	-2	7	-2	-2	13	8	13	-2	12	11	-2	-2	-2	-2	7	1	-2	9	-2	-2	9	-2	-2	9	13	12	-2	-2	-2	7	-2	-2
# Values
93.0	1458.0	39.0	42.0	13.0	31.0
72.0	5.0	0.0	0.0	1.0	0.0
72.0	2.0	0.0	0.0	1.0	0.0
0.0	1.0	0.0	0.0	0.0	0.0
72.0	1.0	0.0	0.0	1.0	0.0
70.0	0.0	0.0	0.0	1.0	0.0
65.0	0.0	0.0	0.0	0.0	0.0
5.0	0.0	0.0	0.0	1.0	0.0
0.0	0.0	0.0	0.0	1.0	0.0
5.0	0.0	0.0	0.0	0.0	0.0
2.0	1.0	0.0	0.0	0.0	0.0
2.0	0.0	0.0	0.0	0.0	0.0
0.0	1.0	0.0	0.0	0.0	0.0
0.0	3.0	0.0	0.0	0.0	0.0
21.0	1453.0	39.0	42.0	12.0	31.0
14.0	1389.0	37.0	37.0	1.0	0.0
8.0	56.0	28.0	0.0	0.0	0.0
8.0	0.0	0.0	0.0	0.0	0.0
0.0	56.0	28.0	0.0	0.0	0.0
0.0	40.0	7.0	0.0	0.0	0.0
0.0	0.0	3.0	0.0	0.0	0.0
0.0	40.0	4.0	0.0	0.0	0.0
0.0	10.0	3.0	0.0	0.0	0.0
0.0	0.0	1.0	0.0	0.0	0.0
0.0	10.0	2.0	0.0	0.0	0.0
0.0	5.0	2.0	0.0	0.0	0.0
0.0	3.0	2.0	0.0	0.0	0.0
0.0	2.0	0.0	0.0	0.0	0.0
0.0	5.0	0.0	0.0	0.0	0.0
0.0	30.0	1.0	0.0	0.0	0.0
0.0	29.0	0.0	0.0	0.0	0.0
0.0	1.0	1.0	0.0	0.0	0.0
0.0	1.0	0.0	0.0	0.0	0.0
0.0	0.0	1.0	0.0	0.0	0.0
0.0	16.0	21.0	0.0	0.0	0.0
0.0	16.0	11.0	0.0	0.0	0.0
0.0	0.0	3.0	0.0	0.0	0.0
0.0	16.0	8.0	0.0	0.0	0.0
0.0	12.0	2.0	0.0	0.0	0.0
0.0	11.0	0.0	0.0	0.0	0.0
0.0	1.0	2.0	0.0	0.0	0.0
0.0	0.0	2.0	0.0	0.0	0.0
0.0	1.0	0.0	0.0	0.0	0.0
0.0	4.0	6.0	0.0	0.0	0.0
0.0	4.0	4.0	0.0	0.0	0.0
0.0	2.0	3.0	0.0	0.0	0.0
0.0	2.0	1.0	0.0	0.0	0.0
0.0	0.0	2.0	0.0	0.0	0.0
0.0	0.0	10.0	0.0	0.0	0.0
6.0	1333.0	9.0	37.0	1.0	0.0
2.0	1333.0	9.0	37.0	0.0	0.0
2.0	1333.0	9.0	33.0	0.0	0.0
2.0	1017.0	1.0	4.0	0.0	0.0
0.0	5.0	1.0	1.0	0.0	0.0
0.0	5.0	0.0	0.0	0.0	0.0
0.0	0.0	1.0	1.0	0.0	0.0
0.0	0.0	0.0	1.0	0.0	0.0
0.0	0.0	1.0	0.0	0.0	0.0
2.0	1012.0	0.0	3.0	0.0	0.0
2.0	15.0	0.0	0.0	0.0	0.0
2.0	0.0	0.0	0.0	0.0	0.0
0.0	15.0	0.0	0.0	0.0	0.0
0.0	997.0	0.0	3.0	0.0	0.0
0.0	55.0	0.0	2.0	0.0	0.0
0.0	49.0	0.0	0.0	0.0	0.0
0.0	6.0	0.0	2.0	0.0	0.0
0.0	6.0	0.0	0.0	0.0	0.0
0.0	0.0	0.0	2.0	0.0	0.0
0.0	942.0	0.0	1.0	0.0	0.0
0.0	923.0	0.0	0.0	0.0	0.0
0.0	19.0	0.0	1.0	0.0	0.0
0.0	0.0	0.0	1.0	0.0	0.0
0.0	19.0	0.0	0.0	0.0	0.0
0.0	316.0	8.0	29.0	0.0	0.0
0.0	277.0	4.0	9.0	0.0	0.0
0.0	215.0	1.0	0.0	0.0	0.0
0.0	0.0	1.0	0.0	0.0	0.0
0.0	215.0	0.0	0.0	0.0	0.0
0.0	62.0	3.0	9.0	0.0	0.0
0.0	47.0	0.0	0.0	0.0	0.0
0.0	15.0	3.0	9.0	0.0	0.0
0.0	15.0	3.0	4.0	0.0	0.0
0.0	0.0	3.0	2.0	0.0	0.0
0.0	0.0	0.0	2.0	0.0	0.0
0.0	0.0	3.0	0.0	0.0	0.0
0.0	15.0	0.0	2.0	0.0	0.0
0.0	0.0	0.0	1.0	0.0	0.0
0.0	15.0	0.0	1.0	0.0	0.0
0.0	2.0	0.0	1.0	0.0	0.0
0.0	13.0	0.0	0.0	0.0	0.0
0.0	0.0	0.0	5.0	0.0	0.0
0.0	39.0	4.0	20.0	0.0	0.0
0.0	16.0	3.0	20.0	0.0	0.0
0.0	12.0	0.0	0.0	0.0	0.0
0.0	4.0	3.0	20.0	0.0	0.0
0.0	4.0	0.0	20.0	0.0	0.0
0.0	0.0	0.0	17.0	0.0	0.0
0.0	4.0	0.0	3.0	0.0	0.0
0.0	3.0	0.0	0.0	0.0	0.0
0.0	1.0	0.0	3.0	0.0	0.0
0.0	1.0	0.0	0.0	0.0	0.0
0.0	0.0	0.0	3.0	0.0	0.0
0.0	0.0	3.0	0.0	0.0	0.0
0.0	23.0	1.0	0.0	0.0	0.0
0.0	23.0	0.0	0.0	0.0	0.0
0.0	0.0	1.0	0.0	0.0	0.0
0.0	0.0	0.0	4.0	0.0	0.0
4.0	0.0	0.0	0.0	1.0	0.0
4.0	0.0	0.0	0.0	0.0	0.0
0.0	0.0	0.0	0.0	1.0	0.0
7.0	64.0	2.0	5.0	11.0	31.0
7.0	60.0	0.0	4.0	11.0	10.0
7.0	0.0	0.0	0.0	2.0	0.0
7.0	0.0	0.0	0.0	0.0	0.0
0.0	0.0	0.0	0.0	2.0	0.0
0.0	60.0	0.0	4.0	9.0	10.0
0.0	41.0	0.0	0.0	0.0	1.0
0.0	40.0	0.0	0.0	0.0	0.0
0.0	1.0	0.0	0.0	0.0	1.0
0.0	1.0	0.0	0.0	0.0	0.0
0.0	0.0	0.0	0.0	0.0	1.0
0.0	19.0	0.0	4.0	9.0	9.0
0.0	16.0	0.0	0.0	0.0	6.0
0.0	16.0	0.0	0.0	0.0	2.0
0.0	0.0	0.0	0.0	0.0	1.0
0.0	16.0	0.0	0.0	0.0	1.0
0.0	3.0	0.0	0.0	0.0	1.0
0.0	3.0	0.0	0.0	0.0	0.0
0.0	0.0	0.0	0.0	0.0	1.0
0.0	13.0	0.0	0.0	0.0	0.0
0.0	0.0	0.0	0.0	0.0	4.0
0.0	3.0	0.0	4.0	9.0	3.0
0.0	1.0	0.0	4.0	0.0	3.0
0.0	0.0	0.0	4.0	0.0	0.0
0.0	1.0	0.0	0.0	0.0	3.0
0.0	0.0	0.0	0.0	0.0	3.0
0.0	1.0	0.0	0.0	0.0	0.0
0.0	2.0	0.0	0.0	9.0	0.0
0.0	0.0	0.0	0.0	9.0	0.0
0.0	2.0	0.0	0.0	0.0	0.0
0.0	4.0	2.0	1.0	0.0	21.0
0.0	4.0	2.0	0.0	0.0	1.0
0.0	0.0	2.0	0.0	0.0	1.0
0.0	0.0	0.0	0.0	0.0	1.0
0.0	0.0	2.0	0.0	0.0	0.0
0.0	4.0	0.0	0.0	0.0	0.0
0.0	0.0	0.0	1.0	0.0	20.0
0.0	0.0	0.0	0.0	0.0	20.0
0.0	0.0	0.0	1.0	0.0	0.0
