# Sizes (NFeatures, Nclasses, NodeCount, MaxDepth)
14	6	143	15
# Classes
0.0	1.0	2.0	3.0	4.0	5.0
# Feature Names
Nrows	Ncols	Nnnz	AvgNnnz	Density	MaxRowNnnz	MinRowNnnz	StdRowNnnz	NDiags	NTrueDiags	AvgNnnzDia	AvgNnnzELL	AvgNnnzHyb	AvgNnnzHdc
# Left
1	2	3	-1	-1	-1	7	8	9	10	11	12	13	14	15	16	-1	-1	19	20	-1	-1	23	24	25	-1	27	-1	-1	-1	31	-1	-1	34	-1	-1	37	-1	-1	40	41	-1	43	44	45	-1	-1	-1	49	-1	-1	52	53	54	-1	56	-1	-1	-1	60	61	62	63	64	-1	-1	67	-1	-1	-1	-1	72	73	-1	75	-1	-1	-1	-1	80	81	-1	-1	84	-1	-1	87	-1	-1	90	-1	92	93	94	-1	-1	97	98	99	-1	-1	102	103	-1	-1	-1	107	108	-1	-1	111	112	113	-1	-1	-1	-1	118	119	-1	121	-1	-1	124	-1	126	-1	-1	129	130	-1	-1	133	134	135	136	-1	-1	-1	140	-1	-1	-1
# Right
6	5	4	-1	-1	-1	128	89	86	79	78	39	36	33	18	17	-1	-1	22	21	-1	-1	30	29	26	-1	28	-1	-1	-1	32	-1	-1	35	-1	-1	38	-1	-1	51	42	-1	48	47	46	-1	-1	-1	50	-1	-1	59	58	55	-1	57	-1	-1	-1	71	70	69	66	65	-1	-1	68	-1	-1	-1	-1	77	74	-1	76	-1	-1	-1	-1	83	82	-1	-1	85	-1	-1	88	-1	-1	91	-1	117	96	95	-1	-1	106	101	100	-1	-1	105	104	-1	-1	-1	110	109	-1	-1	116	115	114	-1	-1	-1	-1	123	120	-1	122	-1	-1	125	-1	127	-1	-1	132	131	-1	-1	142	139	138	137	-1	-1	-1	141	-1	-1	-1
# Threshold
0.001686449977569282	15914.0	0.000794458988821134	-2.0	-2.0	-2.0	0.8508990108966827	17508850.0	0.9695854783058167	8.927649974822998	13983.0	0.5588450133800507	4.694514870643616	12775500.0	1.5567200183868408	997.5	-2.0	-2.0	27.5	0.3193494975566864	-2.0	-2.0	259783.0	12.5	0.53609499335289	-2.0	0.5517170131206512	-2.0	-2.0	-2.0	4.7895500756567344e-05	-2.0	-2.0	0.6748194992542267	-2.0	-2.0	6.919294834136963	-2.0	-2.0	11631.0	7.5	-2.0	0.8095239996910095	3.144105076789856	3.0012500286102295	-2.0	-2.0	-2.0	2735.0	-2.0	-2.0	14.5	4.5	0.46805350482463837	-2.0	0.8506239950656891	-2.0	-2.0	-2.0	41.5	0.4342454820871353	15.925449848175049	4.5	0.3878760039806366	-2.0	-2.0	219636.0	-2.0	-2.0	-2.0	-2.0	0.4460655078291893	0.6367699801921844	-2.0	60.935550689697266	-2.0	-2.0	-2.0	-2.0	4.5	2.9748650789260864	-2.0	-2.0	3285655.0	-2.0	-2.0	0.990576982498169	-2.0	-2.0	18038700.0	-2.0	0.6960535049438477	0.5	9.437715334570385e-06	-2.0	-2.0	64830350.0	0.5854000151157379	3681.0	-2.0	-2.0	10.0	4.0	-2.0	-2.0	-2.0	0.3509265035390854	294877.0	-2.0	-2.0	0.991921991109848	1.703024983406067	1.0492370165593456e-05	-2.0	-2.0	-2.0	-2.0	0.39030998945236206	0.00036739560621867895	-2.0	3.813675045967102	-2.0	-2.0	51.59084892272949	-2.0	23.0	-2.0	-2.0	4140.5	122.0	-2.0	-2.0	142316.5	3.5	33566.0	3.0	-2.0	-2.0	-2.0	15.0	-2.0	-2.0	-2.0
# Feature
11	8	4	-2	-2	-2	10	2	13	12	5	11	12	2	3	8	-2	-2	0	13	-2	-2	1	5	13	-2	13	-2	-2	-2	4	-2	-2	13	-2	-2	12	-2	-2	1	1	-2	10	3	3	-2	-2	-2	2	-2	-2	5	6	10	-2	7	-2	-2	-2	5	10	3	9	13	-2	-2	2	-2	-2	-2	-2	10	13	-2	3	-2	-2	-2	-2	9	3	-2	-2	2	-2	-2	13	-2	-2	2	-2	13	6	4	-2	-2	2	13	8	-2	-2	6	9	-2	-2	-2	13	8	-2	-2	11	12	4	-2	-2	-2	-2	11	10	-2	7	-2	-2	3	-2	9	-2	-2	2	1	-2	-2	2	6	0	9	-2	-2	-2	8	-2	-2	-2
# Values
73.0	1467.0	47.0	51.0	10.0	28.0
61.0	7.0	0.0	0.0	0.0	0.0
2.0	7.0	0.0	0.0	0.0	0.0
0.0	7.0	0.0	0.0	0.0	0.0
2.0	0.0	0.0	0.0	0.0	0.0
59.0	0.0	0.0	0.0	0.0	0.0
12.0	1460.0	47.0	51.0	10.0	28.0
12.0	1440.0	16.0	51.0	10.0	28.0
5.0	1396.0	16.0	40.0	0.0	7.0
5.0	1393.0	16.0	33.0	0.0	7.0
5.0	1384.0	9.0	32.0	0.0	3.0
1.0	1384.0	9.0	32.0	0.0	3.0
0.0	1025.0	0.0	7.0	0.0	2.0
0.0	1022.0	0.0	7.0	0.0	0.0
0.0	1014.0	0.0	5.0	0.0	0.0
0.0	9.0	0.0	2.0	0.0	0.0
0.0	9.0	0.0	0.0	0.0	0.0
0.0	0.0	0.0	2.0	0.0	0.0
0.0	1005.0	0.0	3.0	0.0	0.0
0.0	3.0	0.0	1.0	0.0	0.0
0.0	3.0	0.0	0.0	0.0	0.0
0.0	0.0	0.0	1.0	0.0	0.0
0.0	1002.0	0.0	2.0	0.0	0.0
0.0	974.0	0.0	1.0	0.0	0.0
0.0	57.0	0.0	1.0	0.0	0.0
0.0	53.0	0.0	0.0	0.0	0.0
0.0	4.0	0.0	1.0	0.0	0.0
0.0	0.0	0.0	1.0	0.0	0.0
0.0	4.0	0.0	0.0	0.0	0.0
0.0	917.0	0.0	0.0	0.0	0.0
0.0	28.0	0.0	1.0	0.0	0.0
0.0	28.0	0.0	0.0	0.0	0.0
0.0	0.0	0.0	1.0	0.0	0.0
0.0	8.0	0.0	2.0	0.0	0.0
0.0	8.0	0.0	0.0	0.0	0.0
0.0	0.0	0.0	2.0	0.0	0.0
0.0	3.0	0.0	0.0	0.0	2.0
0.0	0.0	0.0	0.0	0.0	2.0
0.0	3.0	0.0	0.0	0.0	0.0
1.0	359.0	9.0	25.0	0.0	1.0
1.0	271.0	3.0	0.0	0.0	0.0
1.0	0.0	0.0	0.0	0.0	0.0
0.0	271.0	3.0	0.0	0.0	0.0
0.0	265.0	1.0	0.0	0.0	0.0
0.0	8.0	1.0	0.0	0.0	0.0
0.0	8.0	0.0	0.0	0.0	0.0
0.0	0.0	1.0	0.0	0.0	0.0
0.0	257.0	0.0	0.0	0.0	0.0
0.0	6.0	2.0	0.0	0.0	0.0
0.0	0.0	2.0	0.0	0.0	0.0
0.0	6.0	0.0	0.0	0.0	0.0
0.0	88.0	6.0	25.0	0.0	1.0
0.0	60.0	0.0	1.0	0.0	1.0
0.0	60.0	0.0	0.0	0.0	1.0
0.0	59.0	0.0	0.0	0.0	0.0
0.0	1.0	0.0	0.0	0.0	1.0
0.0	0.0	0.0	0.0	0.0	1.0
0.0	1.0	0.0	0.0	0.0	0.0
0.0	0.0	0.0	1.0	0.0	0.0
0.0	28.0	6.0	24.0	0.0	0.0
0.0	7.0	4.0	23.0	0.0	0.0
0.0	7.0	0.0	23.0	0.0	0.0
0.0	7.0	0.0	9.0	0.0	0.0
0.0	1.0	0.0	8.0	0.0	0.0
0.0	1.0	0.0	0.0	0.0	0.0
0.0	0.0	0.0	8.0	0.0	0.0
0.0	6.0	0.0	1.0	0.0	0.0
0.0	0.0	0.0	1.0	0.0	0.0
0.0	6.0	0.0	0.0	0.0	0.0
0.0	0.0	0.0	14.0	0.0	0.0
0.0	0.0	4.0	0.0	0.0	0.0
0.0	21.0	2.0	1.0	0.0	0.0
0.0	21.0	0.0	1.0	0.0	0.0
0.0	20.0	0.0	0.0	0.0	0.0
0.0	1.0	0.0	1.0	0.0	0.0
0.0	1.0	0.0	0.0	0.0	0.0
0.0	0.0	0.0	1.0	0.0	0.0
0.0	0.0	2.0	0.0	0.0	0.0
4.0	0.0	0.0	0.0	0.0	0.0
0.0	9.0	7.0	1.0	0.0	4.0
0.0	9.0	0.0	1.0	0.0	0.0
0.0	0.0	0.0	1.0	0.0	0.0
0.0	9.0	0.0	0.0	0.0	0.0
0.0	0.0	7.0	0.0	0.0	4.0
0.0	0.0	7.0	0.0	0.0	0.0
0.0	0.0	0.0	0.0	0.0	4.0
0.0	3.0	0.0	7.0	0.0	0.0
0.0	0.0	0.0	7.0	0.0	0.0
0.0	3.0	0.0	0.0	0.0	0.0
7.0	44.0	0.0	11.0	10.0	21.0
0.0	0.0	0.0	0.0	0.0	12.0
7.0	44.0	0.0	11.0	10.0	9.0
7.0	43.0	0.0	2.0	6.0	7.0
5.0	0.0	0.0	0.0	1.0	0.0
5.0	0.0	0.0	0.0	0.0	0.0
0.0	0.0	0.0	0.0	1.0	0.0
2.0	43.0	0.0	2.0	5.0	7.0
0.0	36.0	0.0	0.0	3.0	3.0
0.0	31.0	0.0	0.0	0.0	1.0
0.0	0.0	0.0	0.0	0.0	1.0
0.0	31.0	0.0	0.0	0.0	0.0
0.0	5.0	0.0	0.0	3.0	2.0
0.0	0.0	0.0	0.0	3.0	2.0
0.0	0.0	0.0	0.0	0.0	2.0
0.0	0.0	0.0	0.0	3.0	0.0
0.0	5.0	0.0	0.0	0.0	0.0
2.0	7.0	0.0	2.0	2.0	4.0
2.0	7.0	0.0	0.0	0.0	0.0
2.0	0.0	0.0	0.0	0.0	0.0
0.0	7.0	0.0	0.0	0.0	0.0
0.0	0.0	0.0	2.0	2.0	4.0
0.0	0.0	0.0	0.0	2.0	4.0
0.0	0.0	0.0	0.0	2.0	1.0
0.0	0.0	0.0	0.0	2.0	0.0
0.0	0.0	0.0	0.0	0.0	1.0
0.0	0.0	0.0	0.0	0.0	3.0
0.0	0.0	0.0	2.0	0.0	0.0
0.0	1.0	0.0	9.0	4.0	2.0
0.0	1.0	0.0	0.0	2.0	2.0
0.0	0.0	0.0	0.0	0.0	2.0
0.0	1.0	0.0	0.0	2.0	0.0
0.0	1.0	0.0	0.0	0.0	0.0
0.0	0.0	0.0	0.0	2.0	0.0
0.0	0.0	0.0	9.0	2.0	0.0
0.0	0.0	0.0	7.0	0.0	0.0
0.0	0.0	0.0	2.0	2.0	0.0
0.0	0.0	0.0	0.0	2.0	0.0
0.0	0.0	0.0	2.0	0.0	0.0
0.0	20.0	31.0	0.0	0.0	0.0
0.0	14.0	2.0	0.0	0.0	0.0
0.0	0.0	2.0	0.0	0.0	0.0
0.0	14.0	0.0	0.0	0.0	0.0
0.0	6.0	29.0	0.0	0.0	0.0
0.0	6.0	12.0	0.0	0.0	0.0
0.0	2.0	9.0	0.0	0.0	0.0
0.0	1.0	9.0	0.0	0.0	0.0
0.0	0.0	3.0	0.0	0.0	0.0
0.0	1.0	6.0	0.0	0.0	0.0
0.0	1.0	0.0	0.0	0.0	0.0
0.0	4.0	3.0	0.0	0.0	0.0
0.0	3.0	3.0	0.0	0.0	0.0
0.0	1.0	0.0	0.0	0.0	0.0
0.0	0.0	17.0	0.0	0.0	0.0
