# Sizes (NFeatures, Nclasses, NodeCount, MaxDepth)
14	6	125	14
# Classes
0.0	1.0	2.0	3.0	4.0	5.0
# Feature Names
Nrows	Ncols	Nnnz	AvgNnnz	Density	MaxRowNnnz	MinRowNnnz	StdRowNnnz	NDiags	NTrueDiags	AvgNnnzDia	AvgNnnzELL	AvgNnnzHyb	AvgNnnzHdc
# Left
1	2	3	-1	-1	6	-1	8	9	-1	-1	-1	13	14	15	16	17	18	-1	-1	21	22	-1	24	25	-1	-1	28	29	30	-1	-1	33	34	-1	36	-1	-1	-1	40	-1	-1	43	44	45	-1	-1	-1	49	50	-1	52	-1	-1	55	56	57	-1	59	-1	-1	62	63	-1	65	-1	-1	-1	69	70	-1	-1	73	-1	75	-1	77	-1	-1	80	81	-1	-1	84	-1	86	87	-1	-1	90	91	-1	-1	-1	95	-1	-1	98	99	-1	101	-1	-1	104	-1	106	-1	108	109	-1	-1	-1	113	114	115	-1	117	-1	-1	120	121	-1	-1	-1	-1
# Right
12	5	4	-1	-1	7	-1	11	10	-1	-1	-1	112	97	94	79	20	19	-1	-1	42	23	-1	27	26	-1	-1	39	32	31	-1	-1	38	35	-1	37	-1	-1	-1	41	-1	-1	48	47	46	-1	-1	-1	54	51	-1	53	-1	-1	68	61	58	-1	60	-1	-1	67	64	-1	66	-1	-1	-1	72	71	-1	-1	74	-1	76	-1	78	-1	-1	83	82	-1	-1	85	-1	89	88	-1	-1	93	92	-1	-1	-1	96	-1	-1	103	100	-1	102	-1	-1	105	-1	107	-1	111	110	-1	-1	-1	124	119	116	-1	118	-1	-1	123	122	-1	-1	-1	-1
# Threshold
0.001794809999410063	15515.0	0.0012053599930368364	-2.0	-2.0	0.5194304883480072	-2.0	1054769.5	4.5684000724577345e-05	-2.0	-2.0	-2.0	0.8747830092906952	8.62667989730835	0.9724209904670715	29669100.0	9.5	0.5586419999599457	-2.0	-2.0	0.5264334976673126	0.27376651018857956	-2.0	0.0022217099322006106	4208.5	-2.0	-2.0	5.6676599979400635	1.5567200183868408	0.0025833999388851225	-2.0	-2.0	12.5	0.5366140007972717	-2.0	0.550925999879837	-2.0	-2.0	-2.0	136421.0	-2.0	-2.0	11631.0	2.9989999532699585	6.0	-2.0	-2.0	-2.0	9.158140182495117	0.48800550401210785	-2.0	0.8506239950656891	-2.0	-2.0	4.717434883117676	2.3112599849700928	0.007957112160511315	-2.0	0.0006355115037877113	-2.0	-2.0	42701.5	0.5243160128593445	-2.0	13380.0	-2.0	-2.0	-2.0	137.0	14.496500015258789	-2.0	-2.0	14460.0	-2.0	0.6367699801921844	-2.0	0.013037025462836027	-2.0	-2.0	1430750.0	36.901451110839844	-2.0	-2.0	45.0	-2.0	3.560120035217551e-06	6473600.0	-2.0	-2.0	23.0	0.367296501994133	-2.0	-2.0	-2.0	0.3771144896745682	-2.0	-2.0	8.954949855804443	66.5	-2.0	2.9748650789260864	-2.0	-2.0	3285655.0	-2.0	1.8490599989891052	-2.0	0.5605885088443756	60.0	-2.0	-2.0	-2.0	91501.0	4.234105110168457	3231.0	-2.0	33566.0	-2.0	-2.0	7.0	0.4964189976453781	-2.0	-2.0	-2.0	-2.0
# Feature
11	8	11	-2	-2	13	-2	8	10	-2	-2	-2	10	12	13	2	1	4	-2	-2	11	12	-2	11	5	-2	-2	12	3	10	-2	-2	5	13	-2	13	-2	-2	-2	1	-2	-2	1	3	9	-2	-2	-2	3	10	-2	7	-2	-2	7	7	10	-2	4	-2	-2	1	13	-2	1	-2	-2	-2	8	7	-2	-2	0	-2	13	-2	10	-2	-2	0	3	-2	-2	5	-2	10	8	-2	-2	9	13	-2	-2	-2	11	-2	-2	3	8	-2	3	-2	-2	2	-2	7	-2	13	9	-2	-2	-2	2	12	0	-2	0	-2	-2	8	13	-2	-2	-2	-2
# Values
89.0	1464.0	40.0	43.0	12.0	28.0
83.0	8.0	0.0	0.0	3.0	0.0
2.0	6.0	0.0	0.0	0.0	0.0
2.0	0.0	0.0	0.0	0.0	0.0
0.0	6.0	0.0	0.0	0.0	0.0
81.0	2.0	0.0	0.0	3.0	0.0
78.0	0.0	0.0	0.0	0.0	0.0
3.0	2.0	0.0	0.0	3.0	0.0
3.0	2.0	0.0	0.0	0.0	0.0
3.0	0.0	0.0	0.0	0.0	0.0
0.0	2.0	0.0	0.0	0.0	0.0
0.0	0.0	0.0	0.0	3.0	0.0
6.0	1456.0	40.0	43.0	9.0	28.0
6.0	1437.0	14.0	43.0	9.0	28.0
6.0	1410.0	9.0	37.0	9.0	8.0
6.0	1409.0	9.0	29.0	9.0	8.0
5.0	1388.0	9.0	27.0	1.0	2.0
3.0	0.0	3.0	0.0	0.0	0.0
3.0	0.0	0.0	0.0	0.0	0.0
0.0	0.0	3.0	0.0	0.0	0.0
2.0	1388.0	6.0	27.0	1.0	2.0
2.0	1011.0	0.0	3.0	1.0	1.0
0.0	0.0	0.0	0.0	1.0	0.0
2.0	1011.0	0.0	3.0	0.0	1.0
2.0	6.0	0.0	0.0	0.0	0.0
2.0	0.0	0.0	0.0	0.0	0.0
0.0	6.0	0.0	0.0	0.0	0.0
0.0	1005.0	0.0	3.0	0.0	1.0
0.0	1003.0	0.0	3.0	0.0	0.0
0.0	16.0	0.0	2.0	0.0	0.0
0.0	0.0	0.0	2.0	0.0	0.0
0.0	16.0	0.0	0.0	0.0	0.0
0.0	987.0	0.0	1.0	0.0	0.0
0.0	70.0	0.0	1.0	0.0	0.0
0.0	64.0	0.0	0.0	0.0	0.0
0.0	6.0	0.0	1.0	0.0	0.0
0.0	0.0	0.0	1.0	0.0	0.0
0.0	6.0	0.0	0.0	0.0	0.0
0.0	917.0	0.0	0.0	0.0	0.0
0.0	2.0	0.0	0.0	0.0	1.0
0.0	2.0	0.0	0.0	0.0	0.0
0.0	0.0	0.0	0.0	0.0	1.0
0.0	377.0	6.0	24.0	0.0	1.0
0.0	257.0	2.0	0.0	0.0	0.0
0.0	5.0	2.0	0.0	0.0	0.0
0.0	5.0	0.0	0.0	0.0	0.0
0.0	0.0	2.0	0.0	0.0	0.0
0.0	252.0	0.0	0.0	0.0	0.0
0.0	120.0	4.0	24.0	0.0	1.0
0.0	63.0	0.0	0.0	0.0	1.0
0.0	60.0	0.0	0.0	0.0	0.0
0.0	3.0	0.0	0.0	0.0	1.0
0.0	0.0	0.0	0.0	0.0	1.0
0.0	3.0	0.0	0.0	0.0	0.0
0.0	57.0	4.0	24.0	0.0	0.0
0.0	18.0	1.0	22.0	0.0	0.0
0.0	11.0	1.0	1.0	0.0	0.0
0.0	11.0	0.0	0.0	0.0	0.0
0.0	0.0	1.0	1.0	0.0	0.0
0.0	0.0	0.0	1.0	0.0	0.0
0.0	0.0	1.0	0.0	0.0	0.0
0.0	7.0	0.0	21.0	0.0	0.0
0.0	7.0	0.0	6.0	0.0	0.0
0.0	6.0	0.0	0.0	0.0	0.0
0.0	1.0	0.0	6.0	0.0	0.0
0.0	1.0	0.0	1.0	0.0	0.0
0.0	0.0	0.0	5.0	0.0	0.0
0.0	0.0	0.0	15.0	0.0	0.0
0.0	39.0	3.0	2.0	0.0	0.0
0.0	3.0	3.0	0.0	0.0	0.0
0.0	0.0	3.0	0.0	0.0	0.0
0.0	3.0	0.0	0.0	0.0	0.0
0.0	36.0	0.0	2.0	0.0	0.0
0.0	0.0	0.0	1.0	0.0	0.0
0.0	36.0	0.0	1.0	0.0	0.0
0.0	35.0	0.0	0.0	0.0	0.0
0.0	1.0	0.0	1.0	0.0	0.0
0.0	0.0	0.0	1.0	0.0	0.0
0.0	1.0	0.0	0.0	0.0	0.0
1.0	21.0	0.0	2.0	8.0	6.0
0.0	19.0	0.0	0.0	1.0	0.0
0.0	0.0	0.0	0.0	1.0	0.0
0.0	19.0	0.0	0.0	0.0	0.0
1.0	2.0	0.0	2.0	7.0	6.0
0.0	0.0	0.0	0.0	0.0	5.0
1.0	2.0	0.0	2.0	7.0	1.0
1.0	2.0	0.0	0.0	0.0	0.0
1.0	0.0	0.0	0.0	0.0	0.0
0.0	2.0	0.0	0.0	0.0	0.0
0.0	0.0	0.0	2.0	7.0	1.0
0.0	0.0	0.0	0.0	7.0	1.0
0.0	0.0	0.0	0.0	0.0	1.0
0.0	0.0	0.0	0.0	7.0	0.0
0.0	0.0	0.0	2.0	0.0	0.0
0.0	1.0	0.0	8.0	0.0	0.0
0.0	1.0	0.0	0.0	0.0	0.0
0.0	0.0	0.0	8.0	0.0	0.0
0.0	27.0	5.0	6.0	0.0	20.0
0.0	26.0	1.0	1.0	0.0	0.0
0.0	0.0	1.0	0.0	0.0	0.0
0.0	26.0	0.0	1.0	0.0	0.0
0.0	0.0	0.0	1.0	0.0	0.0
0.0	26.0	0.0	0.0	0.0	0.0
0.0	1.0	4.0	5.0	0.0	20.0
0.0	0.0	4.0	0.0	0.0	0.0
0.0	1.0	0.0	5.0	0.0	20.0
0.0	0.0	0.0	0.0	0.0	19.0
0.0	1.0	0.0	5.0	0.0	1.0
0.0	1.0	0.0	0.0	0.0	1.0
0.0	1.0	0.0	0.0	0.0	0.0
0.0	0.0	0.0	0.0	0.0	1.0
0.0	0.0	0.0	5.0	0.0	0.0
0.0	19.0	26.0	0.0	0.0	0.0
0.0	19.0	11.0	0.0	0.0	0.0
0.0	14.0	3.0	0.0	0.0	0.0
0.0	12.0	0.0	0.0	0.0	0.0
0.0	2.0	3.0	0.0	0.0	0.0
0.0	0.0	3.0	0.0	0.0	0.0
0.0	2.0	0.0	0.0	0.0	0.0
0.0	5.0	8.0	0.0	0.0	0.0
0.0	2.0	6.0	0.0	0.0	0.0
0.0	2.0	4.0	0.0	0.0	0.0
0.0	0.0	2.0	0.0	0.0	0.0
0.0	3.0	2.0	0.0	0.0	0.0
0.0	0.0	15.0	0.0	0.0	0.0
