# Sizes (NFeatures, Nclasses, NodeCount, MaxDepth)
14	6	141	14
# Classes
0.0	1.0	2.0	3.0	4.0	5.0
# Feature Names
Nrows	Ncols	Nnnz	AvgNnnz	Density	MaxRowNnnz	MinRowNnnz	StdRowNnnz	NDiags	NTrueDiags	AvgNnnzDia	AvgNnnzELL	AvgNnnzHyb	AvgNnnzHdc
# Left
1	2	-1	-1	5	6	7	-1	9	10	-1	-1	13	14	-1	16	17	18	-1	-1	21	22	23	24	-1	-1	-1	28	-1	30	-1	-1	33	34	35	-1	37	-1	-1	-1	41	-1	43	44	-1	-1	-1	48	49	-1	51	52	-1	-1	55	-1	-1	58	59	60	61	62	-1	-1	-1	66	-1	-1	69	-1	-1	-1	-1	74	75	-1	77	78	79	-1	-1	-1	83	84	-1	86	87	88	-1	-1	-1	-1	93	-1	95	-1	-1	98	99	-1	101	-1	-1	104	-1	-1	107	108	109	-1	-1	-1	113	114	115	-1	-1	118	119	120	121	-1	123	-1	-1	-1	-1	128	-1	130	-1	132	-1	-1	135	136	-1	-1	139	-1	-1
# Right
4	3	-1	-1	106	73	8	-1	12	11	-1	-1	72	15	-1	47	20	19	-1	-1	32	27	26	25	-1	-1	-1	29	-1	31	-1	-1	40	39	36	-1	38	-1	-1	-1	42	-1	46	45	-1	-1	-1	57	50	-1	54	53	-1	-1	56	-1	-1	71	68	65	64	63	-1	-1	-1	67	-1	-1	70	-1	-1	-1	-1	97	76	-1	82	81	80	-1	-1	-1	92	85	-1	91	90	89	-1	-1	-1	-1	94	-1	96	-1	-1	103	100	-1	102	-1	-1	105	-1	-1	112	111	110	-1	-1	-1	134	117	116	-1	-1	127	126	125	122	-1	124	-1	-1	-1	-1	129	-1	131	-1	133	-1	-1	138	137	-1	-1	140	-1	-1
# Threshold
0.0016859399620443583	19.83174991607666	-2.0	-2.0	10170750.0	0.4970559924840927	0.26347900927066803	-2.0	10.0	32.5	-2.0	-2.0	0.9695854783058167	10.0	-2.0	4.5	0.0022217099322006106	156658.5	-2.0	-2.0	35.5	3.1693450212478638	23.5	1.186964988708496	-2.0	-2.0	-2.0	14.0	-2.0	0.3760814964771271	-2.0	-2.0	1964.0	1899.5	307.5	-2.0	316.0	-2.0	-2.0	-2.0	24.0	-2.0	0.0027146999491378665	0.0010598199733067304	-2.0	-2.0	-2.0	27.5	15213.0	-2.0	1.3705450296401978	0.6804205179214478	-2.0	-2.0	10.229380130767822	-2.0	-2.0	240454.0	0.9764479994773865	0.6370794773101807	0.0005141839938005432	55000.0	-2.0	-2.0	-2.0	0.699005514383316	-2.0	-2.0	10.0	-2.0	-2.0	-2.0	-2.0	10865.0	0.33417899906635284	-2.0	0.49310900270938873	2735.0	344.0	-2.0	-2.0	-2.0	0.49958349764347076	3.5012500286102295	-2.0	9900.5	0.003534320159815252	5900.5	-2.0	-2.0	-2.0	-2.0	0.008252165047451854	-2.0	0.012040034867823124	-2.0	-2.0	6.057419886928983e-05	395828.0	-2.0	9.0	-2.0	-2.0	14.496500015258789	-2.0	-2.0	7723.5	12.573950290679932	0.5140637010335922	-2.0	-2.0	-2.0	82370400.0	0.0028669750317931175	0.3970234990119934	-2.0	-2.0	1501900.0	922.6775207519531	4.856549859046936	0.7537045180797577	-2.0	4.826970052818069e-05	-2.0	-2.0	-2.0	-2.0	25934350.0	-2.0	1.691219985485077	-2.0	5267230.0	-2.0	-2.0	180548000.0	0.03486410062760115	-2.0	-2.0	49192.0	-2.0	-2.0
# Feature
11	7	-2	-2	2	10	12	-2	1	2	-2	-2	13	8	-2	6	11	2	-2	-2	8	7	0	12	-2	-2	-2	9	-2	13	-2	-2	2	2	8	-2	8	-2	-2	-2	9	-2	10	4	-2	-2	-2	5	0	-2	12	11	-2	-2	3	-2	-2	0	11	13	10	1	-2	-2	-2	11	-2	-2	6	-2	-2	-2	-2	1	13	-2	13	2	1	-2	-2	-2	13	3	-2	0	4	0	-2	-2	-2	-2	4	-2	4	-2	-2	4	1	-2	8	-2	-2	7	-2	-2	8	12	10	-2	-2	-2	2	11	13	-2	-2	1	7	12	13	-2	4	-2	-2	-2	-2	2	-2	12	-2	1	-2	-2	2	11	-2	-2	5	-2	-2
# Values
104.0	1443.0	46.0	37.0	18.0	28.0
83.0	5.0	0.0	0.0	0.0	0.0
0.0	5.0	0.0	0.0	0.0	0.0
83.0	0.0	0.0	0.0	0.0	0.0
21.0	1438.0	46.0	37.0	18.0	28.0
15.0	1382.0	42.0	30.0	0.0	2.0
12.0	1288.0	4.0	30.0	0.0	1.0
5.0	0.0	0.0	0.0	0.0	0.0
7.0	1288.0	4.0	30.0	0.0	1.0
3.0	0.0	1.0	0.0	0.0	0.0
3.0	0.0	0.0	0.0	0.0	0.0
0.0	0.0	1.0	0.0	0.0	0.0
4.0	1288.0	3.0	30.0	0.0	1.0
4.0	1288.0	3.0	28.0	0.0	1.0
0.0	0.0	1.0	0.0	0.0	0.0
4.0	1288.0	2.0	28.0	0.0	1.0
4.0	1026.0	2.0	7.0	0.0	0.0
4.0	13.0	0.0	0.0	0.0	0.0
4.0	0.0	0.0	0.0	0.0	0.0
0.0	13.0	0.0	0.0	0.0	0.0
0.0	1013.0	2.0	7.0	0.0	0.0
0.0	34.0	2.0	3.0	0.0	0.0
0.0	33.0	0.0	1.0	0.0	0.0
0.0	1.0	0.0	1.0	0.0	0.0
0.0	0.0	0.0	1.0	0.0	0.0
0.0	1.0	0.0	0.0	0.0	0.0
0.0	32.0	0.0	0.0	0.0	0.0
0.0	1.0	2.0	2.0	0.0	0.0
0.0	0.0	2.0	0.0	0.0	0.0
0.0	1.0	0.0	2.0	0.0	0.0
0.0	1.0	0.0	0.0	0.0	0.0
0.0	0.0	0.0	2.0	0.0	0.0
0.0	979.0	0.0	4.0	0.0	0.0
0.0	143.0	0.0	3.0	0.0	0.0
0.0	143.0	0.0	2.0	0.0	0.0
0.0	91.0	0.0	0.0	0.0	0.0
0.0	52.0	0.0	2.0	0.0	0.0
0.0	45.0	0.0	2.0	0.0	0.0
0.0	7.0	0.0	0.0	0.0	0.0
0.0	0.0	0.0	1.0	0.0	0.0
0.0	836.0	0.0	1.0	0.0	0.0
0.0	771.0	0.0	0.0	0.0	0.0
0.0	65.0	0.0	1.0	0.0	0.0
0.0	2.0	0.0	1.0	0.0	0.0
0.0	2.0	0.0	0.0	0.0	0.0
0.0	0.0	0.0	1.0	0.0	0.0
0.0	63.0	0.0	0.0	0.0	0.0
0.0	262.0	0.0	21.0	0.0	1.0
0.0	32.0	0.0	16.0	0.0	0.0
0.0	28.0	0.0	0.0	0.0	0.0
0.0	4.0	0.0	16.0	0.0	0.0
0.0	3.0	0.0	1.0	0.0	0.0
0.0	0.0	0.0	1.0	0.0	0.0
0.0	3.0	0.0	0.0	0.0	0.0
0.0	1.0	0.0	15.0	0.0	0.0
0.0	1.0	0.0	0.0	0.0	0.0
0.0	0.0	0.0	15.0	0.0	0.0
0.0	230.0	0.0	5.0	0.0	1.0
0.0	230.0	0.0	4.0	0.0	1.0
0.0	229.0	0.0	3.0	0.0	0.0
0.0	218.0	0.0	1.0	0.0	0.0
0.0	20.0	0.0	1.0	0.0	0.0
0.0	0.0	0.0	1.0	0.0	0.0
0.0	20.0	0.0	0.0	0.0	0.0
0.0	198.0	0.0	0.0	0.0	0.0
0.0	11.0	0.0	2.0	0.0	0.0
0.0	11.0	0.0	0.0	0.0	0.0
0.0	0.0	0.0	2.0	0.0	0.0
0.0	1.0	0.0	1.0	0.0	1.0
0.0	1.0	0.0	1.0	0.0	0.0
0.0	0.0	0.0	0.0	0.0	1.0
0.0	0.0	0.0	1.0	0.0	0.0
0.0	0.0	0.0	2.0	0.0	0.0
3.0	94.0	38.0	0.0	0.0	1.0
3.0	88.0	16.0	0.0	0.0	0.0
3.0	0.0	0.0	0.0	0.0	0.0
0.0	88.0	16.0	0.0	0.0	0.0
0.0	59.0	1.0	0.0	0.0	0.0
0.0	13.0	1.0	0.0	0.0	0.0
0.0	13.0	0.0	0.0	0.0	0.0
0.0	0.0	1.0	0.0	0.0	0.0
0.0	46.0	0.0	0.0	0.0	0.0
0.0	29.0	15.0	0.0	0.0	0.0
0.0	9.0	14.0	0.0	0.0	0.0
0.0	0.0	5.0	0.0	0.0	0.0
0.0	9.0	9.0	0.0	0.0	0.0
0.0	7.0	9.0	0.0	0.0	0.0
0.0	5.0	5.0	0.0	0.0	0.0
0.0	1.0	1.0	0.0	0.0	0.0
0.0	4.0	4.0	0.0	0.0	0.0
0.0	2.0	4.0	0.0	0.0	0.0
0.0	2.0	0.0	0.0	0.0	0.0
0.0	20.0	1.0	0.0	0.0	0.0
0.0	19.0	0.0	0.0	0.0	0.0
0.0	1.0	1.0	0.0	0.0	0.0
0.0	0.0	1.0	0.0	0.0	0.0
0.0	1.0	0.0	0.0	0.0	0.0
0.0	6.0	22.0	0.0	0.0	1.0
0.0	4.0	1.0	0.0	0.0	1.0
0.0	4.0	0.0	0.0	0.0	0.0
0.0	0.0	1.0	0.0	0.0	1.0
0.0	0.0	1.0	0.0	0.0	0.0
0.0	0.0	0.0	0.0	0.0	1.0
0.0	2.0	21.0	0.0	0.0	0.0
0.0	0.0	21.0	0.0	0.0	0.0
0.0	2.0	0.0	0.0	0.0	0.0
6.0	56.0	4.0	7.0	18.0	26.0
0.0	0.0	4.0	1.0	0.0	16.0
0.0	0.0	4.0	1.0	0.0	0.0
0.0	0.0	0.0	1.0	0.0	0.0
0.0	0.0	4.0	0.0	0.0	0.0
0.0	0.0	0.0	0.0	0.0	16.0
6.0	56.0	0.0	6.0	18.0	10.0
5.0	55.0	0.0	2.0	3.0	10.0
5.0	0.0	0.0	0.0	1.0	0.0
5.0	0.0	0.0	0.0	0.0	0.0
0.0	0.0	0.0	0.0	1.0	0.0
0.0	55.0	0.0	2.0	2.0	10.0
0.0	43.0	0.0	1.0	2.0	1.0
0.0	43.0	0.0	1.0	0.0	1.0
0.0	43.0	0.0	1.0	0.0	0.0
0.0	41.0	0.0	0.0	0.0	0.0
0.0	2.0	0.0	1.0	0.0	0.0
0.0	2.0	0.0	0.0	0.0	0.0
0.0	0.0	0.0	1.0	0.0	0.0
0.0	0.0	0.0	0.0	0.0	1.0
0.0	0.0	0.0	0.0	2.0	0.0
0.0	12.0	0.0	1.0	0.0	9.0
0.0	9.0	0.0	0.0	0.0	0.0
0.0	3.0	0.0	1.0	0.0	9.0
0.0	0.0	0.0	0.0	0.0	9.0
0.0	3.0	0.0	1.0	0.0	0.0
0.0	0.0	0.0	1.0	0.0	0.0
0.0	3.0	0.0	0.0	0.0	0.0
1.0	1.0	0.0	4.0	15.0	0.0
1.0	0.0	0.0	0.0	15.0	0.0
1.0	0.0	0.0	0.0	0.0	0.0
0.0	0.0	0.0	0.0	15.0	0.0
0.0	1.0	0.0	4.0	0.0	0.0
0.0	0.0	0.0	4.0	0.0	0.0
0.0	1.0	0.0	0.0	0.0	0.0
