# Sizes (NFeatures, Nclasses, NodeCount, MaxDepth)
14	6	147	14
# Classes
0.0	1.0	2.0	3.0	4.0	5.0
# Feature Names
Nrows	Ncols	Nnnz	AvgNnnz	Density	MaxRowNnnz	MinRowNnnz	StdRowNnnz	NDiags	NTrueDiags	AvgNnnzDia	AvgNnnzELL	AvgNnnzHyb	AvgNnnzHdc
# Left
1	2	3	4	-1	6	-1	-1	9	-1	-1	12	-1	-1	15	16	17	18	19	-1	-1	22	23	24	25	26	-1	-1	29	30	-1	-1	33	34	-1	-1	37	38	-1	40	-1	-1	-1	-1	45	46	47	-1	-1	50	51	52	-1	54	-1	-1	-1	58	-1	-1	61	62	63	64	65	-1	-1	-1	-1	70	71	72	73	-1	-1	76	-1	-1	-1	80	81	-1	-1	84	-1	-1	87	-1	-1	-1	91	92	-1	94	-1	-1	97	-1	99	100	-1	102	103	-1	105	-1	-1	108	109	-1	111	-1	-1	-1	-1	116	117	-1	119	-1	121	122	-1	124	125	-1	-1	-1	129	-1	131	-1	133	-1	135	-1	-1	-1	139	140	141	-1	-1	-1	145	-1	-1
# Right
14	11	8	5	-1	7	-1	-1	10	-1	-1	13	-1	-1	138	115	90	21	20	-1	-1	89	44	43	28	27	-1	-1	32	31	-1	-1	36	35	-1	-1	42	39	-1	41	-1	-1	-1	-1	60	49	48	-1	-1	57	56	53	-1	55	-1	-1	-1	59	-1	-1	86	69	68	67	66	-1	-1	-1	-1	79	78	75	74	-1	-1	77	-1	-1	-1	83	82	-1	-1	85	-1	-1	88	-1	-1	-1	96	93	-1	95	-1	-1	98	-1	114	101	-1	107	104	-1	106	-1	-1	113	110	-1	112	-1	-1	-1	-1	137	118	-1	120	-1	128	123	-1	127	126	-1	-1	-1	130	-1	132	-1	134	-1	136	-1	-1	-1	144	143	142	-1	-1	-1	146	-1	-1
# Threshold
0.0016859399620443583	0.6494330167770386	0.0006629044946748763	2548250.0	-2.0	3.948895027860999e-06	-2.0	-2.0	16.0	-2.0	-2.0	2.5	-2.0	-2.0	81507252.0	0.8095239996910095	12064200.0	9.5	32.5	-2.0	-2.0	0.947087973356247	0.5520590245723724	15970.0	33.5	28.5	-2.0	-2.0	0.0022217099322006106	4669.0	-2.0	-2.0	1.5567200183868408	1.4225900173187256	-2.0	-2.0	12.5	0.5290875136852264	-2.0	1.4882799983024597	-2.0	-2.0	-2.0	-2.0	14031.5	3.2625550031661987	3.5	-2.0	-2.0	11418.5	4.5	0.49912650883197784	-2.0	0.0016666650190018117	-2.0	-2.0	-2.0	76.5	-2.0	-2.0	0.430433988571167	11.154500007629395	15.0	2.9736950397491455	0.9669964909553528	-2.0	-2.0	-2.0	-2.0	37.28594970703125	3.279919981956482	1.383305013179779	20.0	-2.0	-2.0	4324000.0	-2.0	-2.0	-2.0	91.5	0.9769584834575653	-2.0	-2.0	118.60609817504883	-2.0	-2.0	3.889756544595002e-05	-2.0	-2.0	-2.0	10915.0	2.1351450085639954	-2.0	2880.0	-2.0	-2.0	0.0027790300082415342	-2.0	0.7537045180797577	0.29771600663661957	-2.0	0.5854000151157379	64354700.0	-2.0	39.814950942993164	-2.0	-2.0	2.6844099920708686e-05	4.314465149946045e-05	-2.0	1673230.0	-2.0	-2.0	-2.0	-2.0	10900.0	0.45208150148391724	-2.0	0.4933535009622574	-2.0	2528.0	0.9987500011920929	-2.0	122.0	89.0	-2.0	-2.0	-2.0	3367.0	-2.0	3928.5	-2.0	0.30739448964595795	-2.0	45853.0	-2.0	-2.0	-2.0	0.895222008228302	0.3661395013332367	78.05839294195175	-2.0	-2.0	-2.0	22.639100074768066	-2.0	-2.0
# Feature
11	12	4	0	-2	10	-2	-2	9	-2	-2	6	-2	-2	2	10	2	1	2	-2	-2	13	11	5	0	8	-2	-2	11	5	-2	-2	3	3	-2	-2	5	13	-2	12	-2	-2	-2	-2	0	3	5	-2	-2	0	5	13	-2	4	-2	-2	-2	8	-2	-2	10	3	5	3	11	-2	-2	-2	-2	3	12	12	9	-2	-2	2	-2	-2	-2	5	11	-2	-2	3	-2	-2	4	-2	-2	-2	8	7	-2	8	-2	-2	11	-2	13	13	-2	13	2	-2	7	-2	-2	4	10	-2	1	-2	-2	-2	-2	1	13	-2	13	-2	2	10	-2	2	0	-2	-2	-2	2	-2	2	-2	7	-2	2	-2	-2	-2	11	13	7	-2	-2	-2	3	-2	-2
# Values
89.0	1455.0	41.0	52.0	15.0	24.0
76.0	6.0	0.0	0.0	1.0	0.0
75.0	2.0	0.0	0.0	1.0	0.0
71.0	0.0	0.0	0.0	1.0	0.0
67.0	0.0	0.0	0.0	0.0	0.0
4.0	0.0	0.0	0.0	1.0	0.0
4.0	0.0	0.0	0.0	0.0	0.0
0.0	0.0	0.0	0.0	1.0	0.0
4.0	2.0	0.0	0.0	0.0	0.0
4.0	0.0	0.0	0.0	0.0	0.0
0.0	2.0	0.0	0.0	0.0	0.0
1.0	4.0	0.0	0.0	0.0	0.0
0.0	4.0	0.0	0.0	0.0	0.0
1.0	0.0	0.0	0.0	0.0	0.0
13.0	1449.0	41.0	52.0	14.0	24.0
13.0	1446.0	41.0	42.0	1.0	18.0
13.0	1413.0	13.0	42.0	1.0	18.0
9.0	1360.0	13.0	37.0	0.0	1.0
5.0	0.0	1.0	0.0	0.0	0.0
5.0	0.0	0.0	0.0	0.0	0.0
0.0	0.0	1.0	0.0	0.0	0.0
4.0	1360.0	12.0	37.0	0.0	1.0
4.0	1360.0	12.0	32.0	0.0	1.0
4.0	1016.0	2.0	3.0	0.0	0.0
2.0	1016.0	2.0	3.0	0.0	0.0
0.0	2.0	2.0	0.0	0.0	0.0
0.0	0.0	2.0	0.0	0.0	0.0
0.0	2.0	0.0	0.0	0.0	0.0
2.0	1014.0	0.0	3.0	0.0	0.0
2.0	8.0	0.0	0.0	0.0	0.0
2.0	0.0	0.0	0.0	0.0	0.0
0.0	8.0	0.0	0.0	0.0	0.0
0.0	1006.0	0.0	3.0	0.0	0.0
0.0	11.0	0.0	2.0	0.0	0.0
0.0	11.0	0.0	0.0	0.0	0.0
0.0	0.0	0.0	2.0	0.0	0.0
0.0	995.0	0.0	1.0	0.0	0.0
0.0	48.0	0.0	1.0	0.0	0.0
0.0	46.0	0.0	0.0	0.0	0.0
0.0	2.0	0.0	1.0	0.0	0.0
0.0	0.0	0.0	1.0	0.0	0.0
0.0	2.0	0.0	0.0	0.0	0.0
0.0	947.0	0.0	0.0	0.0	0.0
2.0	0.0	0.0	0.0	0.0	0.0
0.0	344.0	10.0	29.0	0.0	1.0
0.0	263.0	4.0	0.0	0.0	0.0
0.0	5.0	2.0	0.0	0.0	0.0
0.0	5.0	0.0	0.0	0.0	0.0
0.0	0.0	2.0	0.0	0.0	0.0
0.0	258.0	2.0	0.0	0.0	0.0
0.0	253.0	1.0	0.0	0.0	0.0
0.0	19.0	1.0	0.0	0.0	0.0
0.0	9.0	0.0	0.0	0.0	0.0
0.0	10.0	1.0	0.0	0.0	0.0
0.0	7.0	0.0	0.0	0.0	0.0
0.0	3.0	1.0	0.0	0.0	0.0
0.0	234.0	0.0	0.0	0.0	0.0
0.0	5.0	1.0	0.0	0.0	0.0
0.0	0.0	1.0	0.0	0.0	0.0
0.0	5.0	0.0	0.0	0.0	0.0
0.0	81.0	6.0	29.0	0.0	1.0
0.0	81.0	0.0	29.0	0.0	0.0
0.0	46.0	0.0	2.0	0.0	0.0
0.0	46.0	0.0	1.0	0.0	0.0
0.0	2.0	0.0	1.0	0.0	0.0
0.0	2.0	0.0	0.0	0.0	0.0
0.0	0.0	0.0	1.0	0.0	0.0
0.0	44.0	0.0	0.0	0.0	0.0
0.0	0.0	0.0	1.0	0.0	0.0
0.0	35.0	0.0	27.0	0.0	0.0
0.0	10.0	0.0	25.0	0.0	0.0
0.0	6.0	0.0	25.0	0.0	0.0
0.0	5.0	0.0	4.0	0.0	0.0
0.0	5.0	0.0	0.0	0.0	0.0
0.0	0.0	0.0	4.0	0.0	0.0
0.0	1.0	0.0	21.0	0.0	0.0
0.0	0.0	0.0	21.0	0.0	0.0
0.0	1.0	0.0	0.0	0.0	0.0
0.0	4.0	0.0	0.0	0.0	0.0
0.0	25.0	0.0	2.0	0.0	0.0
0.0	23.0	0.0	1.0	0.0	0.0
0.0	19.0	0.0	0.0	0.0	0.0
0.0	4.0	0.0	1.0	0.0	0.0
0.0	2.0	0.0	1.0	0.0	0.0
0.0	0.0	0.0	1.0	0.0	0.0
0.0	2.0	0.0	0.0	0.0	0.0
0.0	0.0	6.0	0.0	0.0	1.0
0.0	0.0	0.0	0.0	0.0	1.0
0.0	0.0	6.0	0.0	0.0	0.0
0.0	0.0	0.0	5.0	0.0	0.0
4.0	53.0	0.0	5.0	1.0	17.0
0.0	3.0	0.0	2.0	0.0	13.0
0.0	0.0	0.0	0.0	0.0	13.0
0.0	3.0	0.0	2.0	0.0	0.0
0.0	0.0	0.0	2.0	0.0	0.0
0.0	3.0	0.0	0.0	0.0	0.0
4.0	50.0	0.0	3.0	1.0	4.0
4.0	0.0	0.0	0.0	0.0	0.0
0.0	50.0	0.0	3.0	1.0	4.0
0.0	50.0	0.0	1.0	1.0	4.0
0.0	0.0	0.0	0.0	0.0	2.0
0.0	50.0	0.0	1.0	1.0	2.0
0.0	45.0	0.0	0.0	0.0	1.0
0.0	43.0	0.0	0.0	0.0	0.0
0.0	2.0	0.0	0.0	0.0	1.0
0.0	0.0	0.0	0.0	0.0	1.0
0.0	2.0	0.0	0.0	0.0	0.0
0.0	5.0	0.0	1.0	1.0	1.0
0.0	0.0	0.0	1.0	1.0	1.0
0.0	0.0	0.0	0.0	0.0	1.0
0.0	0.0	0.0	1.0	1.0	0.0
0.0	0.0	0.0	0.0	1.0	0.0
0.0	0.0	0.0	1.0	0.0	0.0
0.0	5.0	0.0	0.0	0.0	0.0
0.0	0.0	0.0	2.0	0.0	0.0
0.0	33.0	28.0	0.0	0.0	0.0
0.0	33.0	15.0	0.0	0.0	0.0
0.0	0.0	2.0	0.0	0.0	0.0
0.0	33.0	13.0	0.0	0.0	0.0
0.0	13.0	0.0	0.0	0.0	0.0
0.0	20.0	13.0	0.0	0.0	0.0
0.0	8.0	2.0	0.0	0.0	0.0
0.0	0.0	1.0	0.0	0.0	0.0
0.0	8.0	1.0	0.0	0.0	0.0
0.0	1.0	1.0	0.0	0.0	0.0
0.0	1.0	0.0	0.0	0.0	0.0
0.0	0.0	1.0	0.0	0.0	0.0
0.0	7.0	0.0	0.0	0.0	0.0
0.0	12.0	11.0	0.0	0.0	0.0
0.0	0.0	2.0	0.0	0.0	0.0
0.0	12.0	9.0	0.0	0.0	0.0
0.0	3.0	0.0	0.0	0.0	0.0
0.0	9.0	9.0	0.0	0.0	0.0
0.0	0.0	3.0	0.0	0.0	0.0
0.0	9.0	6.0	0.0	0.0	0.0
0.0	5.0	4.0	0.0	0.0	0.0
0.0	4.0	2.0	0.0	0.0	0.0
0.0	0.0	13.0	0.0	0.0	0.0
0.0	3.0	0.0	10.0	13.0	6.0
0.0	3.0	0.0	0.0	13.0	3.0
0.0	3.0	0.0	0.0	0.0	3.0
0.0	0.0	0.0	0.0	0.0	3.0
0.0	3.0	0.0	0.0	0.0	0.0
0.0	0.0	0.0	0.0	13.0	0.0
0.0	0.0	0.0	10.0	0.0	3.0
0.0	0.0	0.0	0.0	0.0	3.0
0.0	0.0	0.0	10.0	0.0	0.0
