# Sizes (NFeatures, Nclasses, NodeCount, MaxDepth)
14	6	129	18
# Classes
0.0	1.0	2.0	3.0	4.0	5.0
# Feature Names
Nrows	Ncols	Nnnz	AvgNnnz	Density	MaxRowNnnz	MinRowNnnz	StdRowNnnz	NDiags	NTrueDiags	AvgNnnzDia	AvgNnnzELL	AvgNnnzHyb	AvgNnnzHdc
# Left
1	2	-1	4	-1	-1	7	8	9	10	11	12	13	14	-1	-1	-1	18	-1	-1	21	22	23	24	-1	-1	27	28	29	30	-1	32	-1	-1	-1	-1	37	38	-1	-1	-1	42	43	44	-1	46	-1	48	49	-1	-1	-1	53	54	-1	56	-1	58	59	60	-1	-1	63	-1	65	-1	67	-1	-1	70	-1	72	73	-1	-1	76	-1	78	-1	-1	-1	82	-1	84	-1	86	-1	-1	89	-1	-1	92	93	94	-1	96	-1	-1	-1	100	-1	-1	103	-1	-1	106	-1	108	-1	110	-1	-1	113	114	115	-1	-1	-1	119	120	121	-1	-1	-1	125	126	-1	-1	-1
# Right
6	3	-1	5	-1	-1	112	105	102	91	20	17	16	15	-1	-1	-1	19	-1	-1	88	41	26	25	-1	-1	36	35	34	31	-1	33	-1	-1	-1	-1	40	39	-1	-1	-1	81	52	45	-1	47	-1	51	50	-1	-1	-1	80	55	-1	57	-1	69	62	61	-1	-1	64	-1	66	-1	68	-1	-1	71	-1	75	74	-1	-1	77	-1	79	-1	-1	-1	83	-1	85	-1	87	-1	-1	90	-1	-1	99	98	95	-1	97	-1	-1	-1	101	-1	-1	104	-1	-1	107	-1	109	-1	111	-1	-1	118	117	116	-1	-1	-1	124	123	122	-1	-1	-1	128	127	-1	-1	-1
# Threshold
0.0013770349905826151	2548250.0	-2.0	0.0001273964521715243	-2.0	-2.0	0.8508990108966827	17.153650283813477	12746.0	56312450.0	0.0024881199933588505	0.6956669986248016	4.0	0.00010853710045921616	-2.0	-2.0	-2.0	0.42455950379371643	-2.0	-2.0	0.9728734791278839	0.5264334976673126	72.5	0.082482248544693	-2.0	-2.0	12775500.0	2192.0	1846.5	307.5	-2.0	329.0	-2.0	-2.0	-2.0	-2.0	0.726280003786087	0.43550150096416473	-2.0	-2.0	-2.0	0.6367699801921844	11631.0	10.0	-2.0	0.9969899952411652	-2.0	2500.0	6178.0	-2.0	-2.0	-2.0	0.7084205150604248	0.5345965027809143	-2.0	11734.0	-2.0	559184.0	0.0005881249962840229	491842.5	-2.0	-2.0	252727.5	-2.0	24.0	-2.0	457498.0	-2.0	-2.0	55.0	-2.0	0.31073999404907227	0.3062269985675812	-2.0	-2.0	0.9764479994773865	-2.0	3.5775550603866577	-2.0	-2.0	-2.0	12.0	-2.0	48.600799560546875	-2.0	0.7094754874706268	-2.0	-2.0	33.5	-2.0	-2.0	20.0	2.337517969408509e-06	0.11614018672844395	-2.0	182888500.0	-2.0	-2.0	-2.0	1007084.5	-2.0	-2.0	154.0	-2.0	-2.0	459.5	-2.0	20.002599716186523	-2.0	41.5	-2.0	-2.0	0.0004196859954390675	2.416669940430438e-05	4.0	-2.0	-2.0	-2.0	5.2733800411224365	7102.0	122.0	-2.0	-2.0	-2.0	6381.0	0.30739448964595795	-2.0	-2.0	-2.0
# Feature
11	1	-2	11	-2	-2	10	12	5	2	11	12	9	4	-2	-2	-2	13	-2	-2	13	11	2	4	-2	-2	2	2	2	8	-2	8	-2	-2	-2	-2	13	11	-2	-2	-2	13	0	1	-2	11	-2	0	2	-2	-2	-2	10	11	-2	0	-2	2	4	2	-2	-2	2	-2	9	-2	2	-2	-2	8	-2	13	13	-2	-2	11	-2	7	-2	-2	-2	5	-2	3	-2	13	-2	-2	5	-2	-2	9	4	11	-2	2	-2	-2	-2	8	-2	-2	9	-2	-2	8	-2	12	-2	5	-2	-2	4	4	9	-2	-2	-2	12	0	2	-2	-2	-2	0	7	-2	-2	-2
# Values
77.0	1485.0	44.0	45.0	10.0	15.0
57.0	0.0	0.0	0.0	1.0	0.0
54.0	0.0	0.0	0.0	0.0	0.0
3.0	0.0	0.0	0.0	1.0	0.0
3.0	0.0	0.0	0.0	0.0	0.0
0.0	0.0	0.0	0.0	1.0	0.0
20.0	1485.0	44.0	45.0	9.0	15.0
20.0	1468.0	16.0	45.0	9.0	15.0
20.0	1460.0	7.0	42.0	9.0	4.0
9.0	1460.0	7.0	42.0	8.0	4.0
8.0	1457.0	7.0	38.0	1.0	3.0
8.0	19.0	0.0	0.0	1.0	0.0
3.0	19.0	0.0	0.0	0.0	0.0
3.0	4.0	0.0	0.0	0.0	0.0
0.0	4.0	0.0	0.0	0.0	0.0
3.0	0.0	0.0	0.0	0.0	0.0
0.0	15.0	0.0	0.0	0.0	0.0
5.0	0.0	0.0	0.0	1.0	0.0
5.0	0.0	0.0	0.0	0.0	0.0
0.0	0.0	0.0	0.0	1.0	0.0
0.0	1438.0	7.0	38.0	0.0	3.0
0.0	1436.0	7.0	35.0	0.0	3.0
0.0	1033.0	0.0	8.0	0.0	1.0
0.0	2.0	0.0	3.0	0.0	0.0
0.0	2.0	0.0	0.0	0.0	0.0
0.0	0.0	0.0	3.0	0.0	0.0
0.0	1031.0	0.0	5.0	0.0	1.0
0.0	1004.0	0.0	3.0	0.0	0.0
0.0	123.0	0.0	3.0	0.0	0.0
0.0	123.0	0.0	2.0	0.0	0.0
0.0	61.0	0.0	0.0	0.0	0.0
0.0	62.0	0.0	2.0	0.0	0.0
0.0	54.0	0.0	2.0	0.0	0.0
0.0	8.0	0.0	0.0	0.0	0.0
0.0	0.0	0.0	1.0	0.0	0.0
0.0	881.0	0.0	0.0	0.0	0.0
0.0	27.0	0.0	2.0	0.0	1.0
0.0	27.0	0.0	0.0	0.0	1.0
0.0	27.0	0.0	0.0	0.0	0.0
0.0	0.0	0.0	0.0	0.0	1.0
0.0	0.0	0.0	2.0	0.0	0.0
0.0	403.0	7.0	27.0	0.0	2.0
0.0	383.0	7.0	12.0	0.0	2.0
0.0	265.0	2.0	0.0	0.0	0.0
0.0	0.0	1.0	0.0	0.0	0.0
0.0	265.0	1.0	0.0	0.0	0.0
0.0	256.0	0.0	0.0	0.0	0.0
0.0	9.0	1.0	0.0	0.0	0.0
0.0	3.0	1.0	0.0	0.0	0.0
0.0	3.0	0.0	0.0	0.0	0.0
0.0	0.0	1.0	0.0	0.0	0.0
0.0	6.0	0.0	0.0	0.0	0.0
0.0	118.0	5.0	12.0	0.0	2.0
0.0	118.0	2.0	12.0	0.0	2.0
0.0	0.0	0.0	3.0	0.0	0.0
0.0	118.0	2.0	9.0	0.0	2.0
0.0	0.0	1.0	0.0	0.0	0.0
0.0	118.0	1.0	9.0	0.0	2.0
0.0	37.0	1.0	8.0	0.0	0.0
0.0	35.0	0.0	2.0	0.0	0.0
0.0	35.0	0.0	0.0	0.0	0.0
0.0	0.0	0.0	2.0	0.0	0.0
0.0	2.0	1.0	6.0	0.0	0.0
0.0	0.0	0.0	5.0	0.0	0.0
0.0	2.0	1.0	1.0	0.0	0.0
0.0	2.0	0.0	0.0	0.0	0.0
0.0	0.0	1.0	1.0	0.0	0.0
0.0	0.0	0.0	1.0	0.0	0.0
0.0	0.0	1.0	0.0	0.0	0.0
0.0	81.0	0.0	1.0	0.0	2.0
0.0	0.0	0.0	0.0	0.0	1.0
0.0	81.0	0.0	1.0	0.0	1.0
0.0	4.0	0.0	1.0	0.0	0.0
0.0	4.0	0.0	0.0	0.0	0.0
0.0	0.0	0.0	1.0	0.0	0.0
0.0	77.0	0.0	0.0	0.0	1.0
0.0	69.0	0.0	0.0	0.0	0.0
0.0	8.0	0.0	0.0	0.0	1.0
0.0	8.0	0.0	0.0	0.0	0.0
0.0	0.0	0.0	0.0	0.0	1.0
0.0	0.0	3.0	0.0	0.0	0.0
0.0	20.0	0.0	15.0	0.0	0.0
0.0	14.0	0.0	0.0	0.0	0.0
0.0	6.0	0.0	15.0	0.0	0.0
0.0	0.0	0.0	13.0	0.0	0.0
0.0	6.0	0.0	2.0	0.0	0.0
0.0	0.0	0.0	2.0	0.0	0.0
0.0	6.0	0.0	0.0	0.0	0.0
0.0	2.0	0.0	3.0	0.0	0.0
0.0	0.0	0.0	3.0	0.0	0.0
0.0	2.0	0.0	0.0	0.0	0.0
1.0	3.0	0.0	4.0	7.0	1.0
1.0	0.0	0.0	1.0	7.0	1.0
1.0	0.0	0.0	1.0	0.0	1.0
1.0	0.0	0.0	0.0	0.0	0.0
0.0	0.0	0.0	1.0	0.0	1.0
0.0	0.0	0.0	0.0	0.0	1.0
0.0	0.0	0.0	1.0	0.0	0.0
0.0	0.0	0.0	0.0	7.0	0.0
0.0	3.0	0.0	3.0	0.0	0.0
0.0	0.0	0.0	3.0	0.0	0.0
0.0	3.0	0.0	0.0	0.0	0.0
11.0	0.0	0.0	0.0	1.0	0.0
11.0	0.0	0.0	0.0	0.0	0.0
0.0	0.0	0.0	0.0	1.0	0.0
0.0	8.0	9.0	3.0	0.0	11.0
0.0	0.0	9.0	0.0	0.0	0.0
0.0	8.0	0.0	3.0	0.0	11.0
0.0	0.0	0.0	0.0	0.0	11.0
0.0	8.0	0.0	3.0	0.0	0.0
0.0	8.0	0.0	0.0	0.0	0.0
0.0	0.0	0.0	3.0	0.0	0.0
0.0	17.0	28.0	0.0	0.0	0.0
0.0	1.0	17.0	0.0	0.0	0.0
0.0	1.0	2.0	0.0	0.0	0.0
0.0	1.0	0.0	0.0	0.0	0.0
0.0	0.0	2.0	0.0	0.0	0.0
0.0	0.0	15.0	0.0	0.0	0.0
0.0	16.0	11.0	0.0	0.0	0.0
0.0	11.0	3.0	0.0	0.0	0.0
0.0	11.0	1.0	0.0	0.0	0.0
0.0	0.0	1.0	0.0	0.0	0.0
0.0	11.0	0.0	0.0	0.0	0.0
0.0	0.0	2.0	0.0	0.0	0.0
0.0	5.0	8.0	0.0	0.0	0.0
0.0	2.0	7.0	0.0	0.0	0.0
0.0	0.0	3.0	0.0	0.0	0.0
0.0	2.0	4.0	0.0	0.0	0.0
0.0	3.0	1.0	0.0	0.0	0.0
