# Sizes (NFeatures, Nclasses, NodeCount, MaxDepth)
14	6	137	19
# Classes
0.0	1.0	2.0	3.0	4.0	5.0
# Feature Names
Nrows	Ncols	Nnnz	AvgNnnz	Density	MaxRowNnnz	MinRowNnnz	StdRowNnnz	NDiags	NTrueDiags	AvgNnnzDia	AvgNnnzELL	AvgNnnzHyb	AvgNnnzHdc
# Left
1	2	3	-1	-1	6	-1	-1	9	10	11	12	13	14	-1	16	17	-1	19	20	-1	22	-1	-1	25	26	27	-1	-1	-1	31	32	33	34	-1	-1	37	38	-1	-1	-1	-1	43	-1	45	46	47	-1	49	-1	51	52	-1	-1	-1	56	-1	58	-1	-1	61	-1	63	-1	65	-1	-1	68	69	-1	71	72	-1	-1	-1	76	77	78	79	-1	-1	-1	-1	84	85	-1	-1	-1	-1	-1	91	92	-1	94	95	-1	-1	-1	99	100	-1	102	-1	-1	-1	106	107	108	109	-1	-1	-1	-1	114	-1	116	117	118	-1	-1	-1	-1	123	124	-1	126	-1	-1	129	130	131	132	-1	-1	-1	-1	-1
# Right
8	5	4	-1	-1	7	-1	-1	122	105	90	89	88	15	-1	67	18	-1	24	21	-1	23	-1	-1	30	29	28	-1	-1	-1	42	41	36	35	-1	-1	40	39	-1	-1	-1	-1	44	-1	60	55	48	-1	50	-1	54	53	-1	-1	-1	57	-1	59	-1	-1	62	-1	64	-1	66	-1	-1	75	70	-1	74	73	-1	-1	-1	83	82	81	80	-1	-1	-1	-1	87	86	-1	-1	-1	-1	-1	98	93	-1	97	96	-1	-1	-1	104	101	-1	103	-1	-1	-1	113	112	111	110	-1	-1	-1	-1	115	-1	121	120	119	-1	-1	-1	-1	128	125	-1	127	-1	-1	136	135	134	133	-1	-1	-1	-1	-1
# Threshold
0.0016608849982731044	15232.5	0.2690335065126419	-2.0	-2.0	0.7413305044174194	-2.0	-2.0	0.8473275005817413	8.927649974822998	30557050.0	15970.0	0.9728734791278839	25.0	-2.0	0.8219164907932281	0.11501900106668472	-2.0	0.0025399000151082873	152110.5	-2.0	1547994.5	-2.0	-2.0	34.0	32.5	0.09287340193986893	-2.0	-2.0	-2.0	0.5264334976673126	5.6676599979400635	1.5567200183868408	1.4745799899101257	-2.0	-2.0	1588.5	1523.5	-2.0	-2.0	-2.0	-2.0	0.5277659893035889	-2.0	12.393499851226807	0.6991244852542877	16675.5	-2.0	17616.0	-2.0	0.5771439969539642	0.44767700135707855	-2.0	-2.0	-2.0	1.4407299757003784	-2.0	223801.5	-2.0	-2.0	40.07029914855957	-2.0	0.6367699801921844	-2.0	0.001166700996691361	-2.0	-2.0	419502.0	0.9944444894790649	-2.0	2500.0	1400.0	-2.0	-2.0	-2.0	42.5	0.00011353404624969698	14.094949722290039	1222.0	-2.0	-2.0	-2.0	-2.0	0.7106710076332092	0.8233365118503571	-2.0	-2.0	-2.0	-2.0	-2.0	11.697549819946289	56277.5	-2.0	37.5	1.8793399930000305	-2.0	-2.0	-2.0	2.0	37826500.0	-2.0	167308000.0	-2.0	-2.0	-2.0	0.7445259988307953	74.0	174848.5	0.20791050046682358	-2.0	-2.0	-2.0	-2.0	41.0	-2.0	60.0	3.259940028190613	860.0	-2.0	-2.0	-2.0	-2.0	2915.5	266.0	-2.0	5.2733800411224365	-2.0	-2.0	2.0	33566.0	3928.5	0.0002984294987982139	-2.0	-2.0	-2.0	-2.0	-2.0
# Feature
11	1	13	-2	-2	12	-2	-2	10	12	2	5	13	2	-2	11	7	-2	11	2	-2	8	-2	-2	1	0	10	-2	-2	-2	11	12	3	3	-2	-2	2	2	-2	-2	-2	-2	11	-2	7	13	0	-2	1	-2	11	13	-2	-2	-2	12	-2	2	-2	-2	3	-2	13	-2	4	-2	-2	2	11	-2	1	0	-2	-2	-2	5	4	3	8	-2	-2	-2	-2	10	11	-2	-2	-2	-2	-2	7	8	-2	5	7	-2	-2	-2	9	2	-2	2	-2	-2	-2	7	8	2	7	-2	-2	-2	-2	5	-2	9	7	8	-2	-2	-2	-2	1	2	-2	12	-2	-2	6	0	0	4	-2	-2	-2	-2	-2
# Values
72.0	1479.0	42.0	52.0	7.0	24.0
58.0	6.0	0.0	0.0	0.0	0.0
1.0	5.0	0.0	0.0	0.0	0.0
1.0	0.0	0.0	0.0	0.0	0.0
0.0	5.0	0.0	0.0	0.0	0.0
57.0	1.0	0.0	0.0	0.0	0.0
57.0	0.0	0.0	0.0	0.0	0.0
0.0	1.0	0.0	0.0	0.0	0.0
14.0	1473.0	42.0	52.0	7.0	24.0
14.0	1456.0	15.0	52.0	7.0	24.0
14.0	1431.0	8.0	47.0	7.0	5.0
12.0	1416.0	8.0	37.0	0.0	2.0
7.0	1416.0	8.0	37.0	0.0	2.0
7.0	1416.0	8.0	33.0	0.0	2.0
3.0	0.0	0.0	0.0	0.0	0.0
4.0	1416.0	8.0	33.0	0.0	2.0
4.0	1265.0	3.0	16.0	0.0	1.0
0.0	0.0	1.0	0.0	0.0	0.0
4.0	1265.0	2.0	16.0	0.0	1.0
4.0	19.0	0.0	0.0	0.0	0.0
3.0	0.0	0.0	0.0	0.0	0.0
1.0	19.0	0.0	0.0	0.0	0.0
0.0	19.0	0.0	0.0	0.0	0.0
1.0	0.0	0.0	0.0	0.0	0.0
0.0	1246.0	2.0	16.0	0.0	1.0
0.0	10.0	2.0	1.0	0.0	0.0
0.0	10.0	0.0	1.0	0.0	0.0
0.0	0.0	0.0	1.0	0.0	0.0
0.0	10.0	0.0	0.0	0.0	0.0
0.0	0.0	2.0	0.0	0.0	0.0
0.0	1236.0	0.0	15.0	0.0	1.0
0.0	1003.0	0.0	4.0	0.0	1.0
0.0	1003.0	0.0	4.0	0.0	0.0
0.0	12.0	0.0	2.0	0.0	0.0
0.0	12.0	0.0	0.0	0.0	0.0
0.0	0.0	0.0	2.0	0.0	0.0
0.0	991.0	0.0	2.0	0.0	0.0
0.0	94.0	0.0	2.0	0.0	0.0
0.0	47.0	0.0	0.0	0.0	0.0
0.0	47.0	0.0	2.0	0.0	0.0
0.0	897.0	0.0	0.0	0.0	0.0
0.0	0.0	0.0	0.0	0.0	1.0
0.0	233.0	0.0	11.0	0.0	0.0
0.0	0.0	0.0	1.0	0.0	0.0
0.0	233.0	0.0	10.0	0.0	0.0
0.0	207.0	0.0	4.0	0.0	0.0
0.0	202.0	0.0	2.0	0.0	0.0
0.0	148.0	0.0	0.0	0.0	0.0
0.0	54.0	0.0	2.0	0.0	0.0
0.0	0.0	0.0	1.0	0.0	0.0
0.0	54.0	0.0	1.0	0.0	0.0
0.0	4.0	0.0	1.0	0.0	0.0
0.0	0.0	0.0	1.0	0.0	0.0
0.0	4.0	0.0	0.0	0.0	0.0
0.0	50.0	0.0	0.0	0.0	0.0
0.0	5.0	0.0	2.0	0.0	0.0
0.0	4.0	0.0	0.0	0.0	0.0
0.0	1.0	0.0	2.0	0.0	0.0
0.0	1.0	0.0	0.0	0.0	0.0
0.0	0.0	0.0	2.0	0.0	0.0
0.0	26.0	0.0	6.0	0.0	0.0
0.0	0.0	0.0	4.0	0.0	0.0
0.0	26.0	0.0	2.0	0.0	0.0
0.0	23.0	0.0	0.0	0.0	0.0
0.0	3.0	0.0	2.0	0.0	0.0
0.0	3.0	0.0	0.0	0.0	0.0
0.0	0.0	0.0	2.0	0.0	0.0
0.0	151.0	5.0	17.0	0.0	1.0
0.0	125.0	1.0	0.0	0.0	0.0
0.0	97.0	0.0	0.0	0.0	0.0
0.0	28.0	1.0	0.0	0.0	0.0
0.0	7.0	1.0	0.0	0.0	0.0
0.0	6.0	0.0	0.0	0.0	0.0
0.0	1.0	1.0	0.0	0.0	0.0
0.0	21.0	0.0	0.0	0.0	0.0
0.0	26.0	4.0	17.0	0.0	1.0
0.0	10.0	0.0	17.0	0.0	1.0
0.0	10.0	0.0	1.0	0.0	1.0
0.0	10.0	0.0	0.0	0.0	1.0
0.0	0.0	0.0	0.0	0.0	1.0
0.0	10.0	0.0	0.0	0.0	0.0
0.0	0.0	0.0	1.0	0.0	0.0
0.0	0.0	0.0	16.0	0.0	0.0
0.0	16.0	4.0	0.0	0.0	0.0
0.0	16.0	1.0	0.0	0.0	0.0
0.0	0.0	1.0	0.0	0.0	0.0
0.0	16.0	0.0	0.0	0.0	0.0
0.0	0.0	3.0	0.0	0.0	0.0
0.0	0.0	0.0	4.0	0.0	0.0
5.0	0.0	0.0	0.0	0.0	0.0
2.0	15.0	0.0	10.0	7.0	3.0
0.0	0.0	0.0	10.0	6.0	3.0
0.0	0.0	0.0	8.0	0.0	0.0
0.0	0.0	0.0	2.0	6.0	3.0
0.0	0.0	0.0	2.0	0.0	3.0
0.0	0.0	0.0	0.0	0.0	3.0
0.0	0.0	0.0	2.0	0.0	0.0
0.0	0.0	0.0	0.0	6.0	0.0
2.0	15.0	0.0	0.0	1.0	0.0
2.0	1.0	0.0	0.0	1.0	0.0
0.0	0.0	0.0	0.0	1.0	0.0
2.0	1.0	0.0	0.0	0.0	0.0
2.0	0.0	0.0	0.0	0.0	0.0
0.0	1.0	0.0	0.0	0.0	0.0
0.0	14.0	0.0	0.0	0.0	0.0
0.0	25.0	7.0	5.0	0.0	19.0
0.0	23.0	7.0	0.0	0.0	0.0
0.0	4.0	7.0	0.0	0.0	0.0
0.0	4.0	1.0	0.0	0.0	0.0
0.0	4.0	0.0	0.0	0.0	0.0
0.0	0.0	1.0	0.0	0.0	0.0
0.0	0.0	6.0	0.0	0.0	0.0
0.0	19.0	0.0	0.0	0.0	0.0
0.0	2.0	0.0	5.0	0.0	19.0
0.0	0.0	0.0	0.0	0.0	16.0
0.0	2.0	0.0	5.0	0.0	3.0
0.0	2.0	0.0	5.0	0.0	0.0
0.0	1.0	0.0	5.0	0.0	0.0
0.0	1.0	0.0	3.0	0.0	0.0
0.0	0.0	0.0	2.0	0.0	0.0
0.0	1.0	0.0	0.0	0.0	0.0
0.0	0.0	0.0	0.0	0.0	3.0
0.0	17.0	27.0	0.0	0.0	0.0
0.0	15.0	3.0	0.0	0.0	0.0
0.0	0.0	1.0	0.0	0.0	0.0
0.0	15.0	2.0	0.0	0.0	0.0
0.0	13.0	0.0	0.0	0.0	0.0
0.0	2.0	2.0	0.0	0.0	0.0
0.0	2.0	24.0	0.0	0.0	0.0
0.0	2.0	5.0	0.0	0.0	0.0
0.0	1.0	5.0	0.0	0.0	0.0
0.0	1.0	1.0	0.0	0.0	0.0
0.0	1.0	0.0	0.0	0.0	0.0
0.0	0.0	1.0	0.0	0.0	0.0
0.0	0.0	4.0	0.0	0.0	0.0
0.0	1.0	0.0	0.0	0.0	0.0
0.0	0.0	19.0	0.0	0.0	0.0
