# Sizes (NFeatures, Nclasses, NodeCount, MaxDepth)
14	6	115	14
# Classes
0.0	1.0	2.0	3.0	4.0	5.0
# Feature Names
Nrows	Ncols	Nnnz	AvgNnnz	Density	MaxRowNnnz	MinRowNnnz	StdRowNnnz	NDiags	NTrueDiags	AvgNnnzDia	AvgNnnzELL	AvgNnnzHyb	AvgNnnzHdc
# Left
1	2	3	-1	-1	6	7	-1	9	-1	-1	-1	13	14	15	16	17	-1	-1	20	21	-1	-1	24	25	26	27	-1	-1	-1	-1	32	33	-1	35	36	37	38	-1	-1	-1	-1	43	44	-1	46	47	-1	-1	-1	-1	52	53	-1	-1	56	57	-1	-1	-1	61	62	-1	-1	65	66	-1	-1	69	-1	-1	72	73	-1	75	76	-1	78	79	-1	-1	82	-1	-1	-1	86	87	-1	89	-1	-1	92	-1	-1	95	96	97	98	-1	-1	-1	102	103	-1	-1	106	-1	108	-1	-1	111	112	-1	-1	-1
# Right
12	5	4	-1	-1	11	8	-1	10	-1	-1	-1	94	71	60	19	18	-1	-1	23	22	-1	-1	31	30	29	28	-1	-1	-1	-1	51	34	-1	42	41	40	39	-1	-1	-1	-1	50	45	-1	49	48	-1	-1	-1	-1	55	54	-1	-1	59	58	-1	-1	-1	64	63	-1	-1	68	67	-1	-1	70	-1	-1	85	74	-1	84	77	-1	81	80	-1	-1	83	-1	-1	-1	91	88	-1	90	-1	-1	93	-1	-1	110	101	100	99	-1	-1	-1	105	104	-1	-1	107	-1	109	-1	-1	114	113	-1	-1	-1
# Threshold
0.0016859399620443583	14768.0	0.0007481619832105935	-2.0	-2.0	0.6719249784946442	0.5194304883480072	-2.0	941477.0	-2.0	-2.0	-2.0	0.5004070103168488	30557050.0	8.927649974822998	9.5	6.0	-2.0	-2.0	0.2782375067472458	0.28985150158405304	-2.0	-2.0	0.38076499104499817	0.19565000385046005	0.0017707700026221573	0.45538298785686493	-2.0	-2.0	-2.0	-2.0	0.0016939250053837895	18.0	-2.0	32.0	15.925449848175049	2.5	0.0009796484955586493	-2.0	-2.0	-2.0	-2.0	0.001509709982201457	1626175.0	-2.0	0.892160028219223	977237.5	-2.0	-2.0	-2.0	-2.0	2.8413050174713135	0.0524068009108305	-2.0	-2.0	9.5	0.015705900150351226	-2.0	-2.0	-2.0	9.925944805145264	2.9736950397491455	-2.0	-2.0	4287175.0	26.5	-2.0	-2.0	22639450.0	-2.0	-2.0	86225852.0	0.002137404982931912	-2.0	2.6844099920708686e-05	6.0	-2.0	11.334099769592285	0.5	-2.0	-2.0	1889740.0	-2.0	-2.0	-2.0	198346000.0	4.412125053931959e-05	-2.0	547.3948554992676	-2.0	-2.0	0.7706195116043091	-2.0	-2.0	10765.5	0.4900449961423874	5.775754928588867	5.6666648387908936	-2.0	-2.0	-2.0	0.9858585000038147	0.30739448964595795	-2.0	-2.0	0.00037759898987133056	-2.0	0.49831099808216095	-2.0	-2.0	0.617636501789093	0.00022363426387528307	-2.0	-2.0	-2.0
# Feature
11	8	10	-2	-2	13	13	-2	8	-2	-2	-2	10	2	12	1	5	-2	-2	12	13	-2	-2	11	10	11	12	-2	-2	-2	-2	4	5	-2	5	3	9	4	-2	-2	-2	-2	4	2	-2	11	0	-2	-2	-2	-2	3	10	-2	-2	8	4	-2	-2	-2	3	3	-2	-2	2	5	-2	-2	2	-2	-2	2	11	-2	4	5	-2	7	6	-2	-2	0	-2	-2	-2	2	4	-2	3	-2	-2	13	-2	-2	0	13	3	3	-2	-2	-2	10	7	-2	-2	4	-2	13	-2	-2	10	4	-2	-2	-2
# Values
87.0	1470.0	42.0	39.0	16.0	22.0
76.0	8.0	0.0	0.0	1.0	0.0
2.0	7.0	0.0	0.0	0.0	0.0
0.0	7.0	0.0	0.0	0.0	0.0
2.0	0.0	0.0	0.0	0.0	0.0
74.0	1.0	0.0	0.0	1.0	0.0
74.0	0.0	0.0	0.0	1.0	0.0
71.0	0.0	0.0	0.0	0.0	0.0
3.0	0.0	0.0	0.0	1.0	0.0
3.0	0.0	0.0	0.0	0.0	0.0
0.0	0.0	0.0	0.0	1.0	0.0
0.0	1.0	0.0	0.0	0.0	0.0
11.0	1462.0	42.0	39.0	15.0	22.0
11.0	1400.0	4.0	39.0	15.0	20.0
7.0	1385.0	4.0	34.0	1.0	12.0
7.0	1365.0	3.0	30.0	1.0	1.0
4.0	0.0	1.0	0.0	0.0	0.0
4.0	0.0	0.0	0.0	0.0	0.0
0.0	0.0	1.0	0.0	0.0	0.0
3.0	1365.0	2.0	30.0	1.0	1.0
1.0	0.0	0.0	0.0	1.0	0.0
1.0	0.0	0.0	0.0	0.0	0.0
0.0	0.0	0.0	0.0	1.0	0.0
2.0	1365.0	2.0	30.0	0.0	1.0
2.0	867.0	1.0	0.0	0.0	0.0
2.0	867.0	0.0	0.0	0.0	0.0
2.0	7.0	0.0	0.0	0.0	0.0
0.0	7.0	0.0	0.0	0.0	0.0
2.0	0.0	0.0	0.0	0.0	0.0
0.0	860.0	0.0	0.0	0.0	0.0
0.0	0.0	1.0	0.0	0.0	0.0
0.0	498.0	1.0	30.0	0.0	1.0
0.0	145.0	0.0	27.0	0.0	1.0
0.0	107.0	0.0	0.0	0.0	0.0
0.0	38.0	0.0	27.0	0.0	1.0
0.0	9.0	0.0	21.0	0.0	0.0
0.0	9.0	0.0	7.0	0.0	0.0
0.0	1.0	0.0	7.0	0.0	0.0
0.0	0.0	0.0	7.0	0.0	0.0
0.0	1.0	0.0	0.0	0.0	0.0
0.0	8.0	0.0	0.0	0.0	0.0
0.0	0.0	0.0	14.0	0.0	0.0
0.0	29.0	0.0	6.0	0.0	1.0
0.0	29.0	0.0	4.0	0.0	1.0
0.0	0.0	0.0	2.0	0.0	0.0
0.0	29.0	0.0	2.0	0.0	1.0
0.0	29.0	0.0	0.0	0.0	1.0
0.0	29.0	0.0	0.0	0.0	0.0
0.0	0.0	0.0	0.0	0.0	1.0
0.0	0.0	0.0	2.0	0.0	0.0
0.0	0.0	0.0	2.0	0.0	0.0
0.0	353.0	1.0	3.0	0.0	0.0
0.0	1.0	0.0	3.0	0.0	0.0
0.0	1.0	0.0	0.0	0.0	0.0
0.0	0.0	0.0	3.0	0.0	0.0
0.0	352.0	1.0	0.0	0.0	0.0
0.0	2.0	1.0	0.0	0.0	0.0
0.0	1.0	1.0	0.0	0.0	0.0
0.0	1.0	0.0	0.0	0.0	0.0
0.0	350.0	0.0	0.0	0.0	0.0
0.0	20.0	1.0	4.0	0.0	11.0
0.0	19.0	0.0	1.0	0.0	0.0
0.0	0.0	0.0	1.0	0.0	0.0
0.0	19.0	0.0	0.0	0.0	0.0
0.0	1.0	1.0	3.0	0.0	11.0
0.0	0.0	1.0	3.0	0.0	0.0
0.0	0.0	1.0	0.0	0.0	0.0
0.0	0.0	0.0	3.0	0.0	0.0
0.0	1.0	0.0	0.0	0.0	11.0
0.0	0.0	0.0	0.0	0.0	11.0
0.0	1.0	0.0	0.0	0.0	0.0
4.0	15.0	0.0	5.0	14.0	8.0
3.0	13.0	0.0	1.0	3.0	8.0
3.0	0.0	0.0	0.0	0.0	0.0
0.0	13.0	0.0	1.0	3.0	8.0
0.0	6.0	0.0	1.0	3.0	8.0
0.0	6.0	0.0	0.0	0.0	0.0
0.0	0.0	0.0	1.0	3.0	8.0
0.0	0.0	0.0	1.0	0.0	7.0
0.0	0.0	0.0	1.0	0.0	0.0
0.0	0.0	0.0	0.0	0.0	7.0
0.0	0.0	0.0	0.0	3.0	1.0
0.0	0.0	0.0	0.0	3.0	0.0
0.0	0.0	0.0	0.0	0.0	1.0
0.0	7.0	0.0	0.0	0.0	0.0
1.0	2.0	0.0	4.0	11.0	0.0
1.0	0.0	0.0	1.0	11.0	0.0
0.0	0.0	0.0	0.0	11.0	0.0
1.0	0.0	0.0	1.0	0.0	0.0
0.0	0.0	0.0	1.0	0.0	0.0
1.0	0.0	0.0	0.0	0.0	0.0
0.0	2.0	0.0	3.0	0.0	0.0
0.0	2.0	0.0	0.0	0.0	0.0
0.0	0.0	0.0	3.0	0.0	0.0
0.0	62.0	38.0	0.0	0.0	2.0
0.0	62.0	15.0	0.0	0.0	0.0
0.0	50.0	1.0	0.0	0.0	0.0
0.0	11.0	1.0	0.0	0.0	0.0
0.0	11.0	0.0	0.0	0.0	0.0
0.0	0.0	1.0	0.0	0.0	0.0
0.0	39.0	0.0	0.0	0.0	0.0
0.0	12.0	14.0	0.0	0.0	0.0
0.0	1.0	11.0	0.0	0.0	0.0
0.0	0.0	6.0	0.0	0.0	0.0
0.0	1.0	5.0	0.0	0.0	0.0
0.0	11.0	3.0	0.0	0.0	0.0
0.0	0.0	2.0	0.0	0.0	0.0
0.0	11.0	1.0	0.0	0.0	0.0
0.0	4.0	1.0	0.0	0.0	0.0
0.0	7.0	0.0	0.0	0.0	0.0
0.0	0.0	23.0	0.0	0.0	2.0
0.0	0.0	2.0	0.0	0.0	2.0
0.0	0.0	0.0	0.0	0.0	2.0
0.0	0.0	2.0	0.0	0.0	0.0
0.0	0.0	21.0	0.0	0.0	0.0
