# Sizes (NFeatures, Nclasses, NodeCount, MaxDepth)
14	6	157	13
# Classes
0.0	1.0	2.0	3.0	4.0	5.0
# Feature Names
Nrows	Ncols	Nnnz	AvgNnnz	Density	MaxRowNnnz	MinRowNnnz	StdRowNnnz	NDiags	NTrueDiags	AvgNnnzDia	AvgNnnzELL	AvgNnnzHyb	AvgNnnzHdc
# Left
1	2	3	-1	-1	6	7	-1	9	-1	-1	-1	13	14	15	16	17	-1	19	20	21	-1	-1	24	25	-1	-1	28	29	-1	-1	32	33	-1	35	-1	-1	-1	39	-1	41	42	43	-1	-1	-1	47	48	49	-1	-1	-1	53	-1	-1	56	57	-1	59	60	-1	-1	63	-1	65	-1	67	-1	69	-1	-1	72	-1	74	-1	-1	-1	78	79	80	-1	-1	83	84	-1	86	87	88	89	90	-1	-1	93	94	-1	-1	-1	98	-1	100	-1	-1	103	-1	-1	-1	-1	108	109	-1	111	112	-1	114	-1	-1	117	-1	-1	120	-1	-1	123	124	125	126	-1	128	-1	130	131	-1	-1	-1	135	136	-1	-1	-1	140	-1	142	143	-1	-1	-1	147	148	149	-1	-1	-1	153	154	-1	-1	-1
# Right
12	5	4	-1	-1	11	8	-1	10	-1	-1	-1	122	77	76	55	18	-1	38	23	22	-1	-1	27	26	-1	-1	31	30	-1	-1	37	34	-1	36	-1	-1	-1	40	-1	46	45	44	-1	-1	-1	52	51	50	-1	-1	-1	54	-1	-1	71	58	-1	62	61	-1	-1	64	-1	66	-1	68	-1	70	-1	-1	73	-1	75	-1	-1	-1	107	82	81	-1	-1	106	85	-1	105	102	97	92	91	-1	-1	96	95	-1	-1	-1	99	-1	101	-1	-1	104	-1	-1	-1	-1	119	110	-1	116	113	-1	115	-1	-1	118	-1	-1	121	-1	-1	146	139	134	127	-1	129	-1	133	132	-1	-1	-1	138	137	-1	-1	-1	141	-1	145	144	-1	-1	-1	152	151	150	-1	-1	-1	156	155	-1	-1	-1
# Threshold
0.0016859399620443583	15914.0	0.0007481619832105935	-2.0	-2.0	0.6719249784946442	0.5194304883480072	-2.0	1841398.0	-2.0	-2.0	-2.0	0.4954665005207062	9990985.0	0.9695854783058167	0.8112874925136566	0.2782375067472458	-2.0	0.5264334976673126	23.5	0.3045470044016838	-2.0	-2.0	0.001783404964953661	0.0017498349770903587	-2.0	-2.0	1.5716400146484375	1.422950029373169	-2.0	-2.0	12.5	0.5366140007972717	-2.0	585.0	-2.0	-2.0	-2.0	0.5273949801921844	-2.0	0.5834574997425079	0.0015294099575839937	10.46227502822876	-2.0	-2.0	-2.0	4390570.0	0.5	160413.0	-2.0	-2.0	-2.0	4755000.0	-2.0	-2.0	2779985.0	0.8141019940376282	-2.0	0.3174705058336258	8972.0	-2.0	-2.0	0.5407785177230835	-2.0	0.19541550427675247	-2.0	7.0	-2.0	20929.0	-2.0	-2.0	4.5	-2.0	57.0	-2.0	-2.0	-2.0	0.6036690175533295	0.0028994750464335084	0.7577880024909973	-2.0	-2.0	0.03193510044366121	0.4967839941382408	-2.0	18906650.0	0.5852980017662048	64354700.0	21646.5	19662200.0	-2.0	-2.0	0.3032525032758713	1274955.0	-2.0	-2.0	-2.0	71390400.0	-2.0	147455.0	-2.0	-2.0	10013140.0	-2.0	-2.0	-2.0	-2.0	74003200.0	2.052400052547455	-2.0	0.0013353200047276914	10.799599647521973	-2.0	278974.0	-2.0	-2.0	0.02924524014815688	-2.0	-2.0	0.9231770038604736	-2.0	-2.0	9653.5	0.27571650594472885	0.49958349764347076	101.0	-2.0	0.991459995508194	-2.0	0.003746874979697168	0.9987500011920929	-2.0	-2.0	-2.0	0.0004196859954390675	3348.0	-2.0	-2.0	-2.0	0.9517274796962738	-2.0	0.009942364878952503	0.4933535009622574	-2.0	-2.0	-2.0	0.8725100159645081	2.5670350193977356	0.0029970250325277448	-2.0	-2.0	-2.0	0.20873349905014038	33566.0	-2.0	-2.0	-2.0
# Feature
11	8	10	-2	-2	13	13	-2	1	-2	-2	-2	10	2	13	11	12	-2	11	1	13	-2	-2	11	11	-2	-2	3	3	-2	-2	5	13	-2	8	-2	-2	-2	11	-2	11	4	3	-2	-2	-2	2	9	2	-2	-2	-2	2	-2	-2	2	11	-2	13	1	-2	-2	13	-2	7	-2	9	-2	0	-2	-2	6	-2	9	-2	-2	-2	13	11	12	-2	-2	10	12	-2	8	13	2	8	2	-2	-2	13	8	-2	-2	-2	2	-2	1	-2	-2	0	-2	-2	-2	-2	2	7	-2	10	7	-2	8	-2	-2	10	-2	-2	11	-2	-2	1	7	13	0	-2	11	-2	4	11	-2	-2	-2	4	0	-2	-2	-2	11	-2	4	13	-2	-2	-2	11	12	4	-2	-2	-2	7	2	-2	-2	-2
# Values
67.0	1480.0	46.0	47.0	16.0	20.0
56.0	5.0	0.0	0.0	1.0	0.0
2.0	4.0	0.0	0.0	0.0	0.0
0.0	4.0	0.0	0.0	0.0	0.0
2.0	0.0	0.0	0.0	0.0	0.0
54.0	1.0	0.0	0.0	1.0	0.0
54.0	0.0	0.0	0.0	1.0	0.0
51.0	0.0	0.0	0.0	0.0	0.0
3.0	0.0	0.0	0.0	1.0	0.0
3.0	0.0	0.0	0.0	0.0	0.0
0.0	0.0	0.0	0.0	1.0	0.0
0.0	1.0	0.0	0.0	0.0	0.0
11.0	1475.0	46.0	47.0	15.0	20.0
9.0	1403.0	0.0	47.0	15.0	18.0
3.0	1332.0	0.0	38.0	0.0	1.0
3.0	1332.0	0.0	35.0	0.0	1.0
3.0	1225.0	0.0	16.0	0.0	0.0
2.0	0.0	0.0	0.0	0.0	0.0
1.0	1225.0	0.0	16.0	0.0	0.0
1.0	982.0	0.0	4.0	0.0	0.0
0.0	1.0	0.0	2.0	0.0	0.0
0.0	1.0	0.0	0.0	0.0	0.0
0.0	0.0	0.0	2.0	0.0	0.0
1.0	981.0	0.0	2.0	0.0	0.0
1.0	5.0	0.0	0.0	0.0	0.0
0.0	5.0	0.0	0.0	0.0	0.0
1.0	0.0	0.0	0.0	0.0	0.0
0.0	976.0	0.0	2.0	0.0	0.0
0.0	17.0	0.0	1.0	0.0	0.0
0.0	17.0	0.0	0.0	0.0	0.0
0.0	0.0	0.0	1.0	0.0	0.0
0.0	959.0	0.0	1.0	0.0	0.0
0.0	61.0	0.0	1.0	0.0	0.0
0.0	54.0	0.0	0.0	0.0	0.0
0.0	7.0	0.0	1.0	0.0	0.0
0.0	0.0	0.0	1.0	0.0	0.0
0.0	7.0	0.0	0.0	0.0	0.0
0.0	898.0	0.0	0.0	0.0	0.0
0.0	243.0	0.0	12.0	0.0	0.0
0.0	0.0	0.0	2.0	0.0	0.0
0.0	243.0	0.0	10.0	0.0	0.0
0.0	34.0	0.0	8.0	0.0	0.0
0.0	4.0	0.0	8.0	0.0	0.0
0.0	4.0	0.0	0.0	0.0	0.0
0.0	0.0	0.0	8.0	0.0	0.0
0.0	30.0	0.0	0.0	0.0	0.0
0.0	209.0	0.0	2.0	0.0	0.0
0.0	202.0	0.0	1.0	0.0	0.0
0.0	19.0	0.0	1.0	0.0	0.0
0.0	19.0	0.0	0.0	0.0	0.0
0.0	0.0	0.0	1.0	0.0	0.0
0.0	183.0	0.0	0.0	0.0	0.0
0.0	7.0	0.0	1.0	0.0	0.0
0.0	0.0	0.0	1.0	0.0	0.0
0.0	7.0	0.0	0.0	0.0	0.0
0.0	107.0	0.0	19.0	0.0	1.0
0.0	103.0	0.0	9.0	0.0	0.0
0.0	0.0	0.0	2.0	0.0	0.0
0.0	103.0	0.0	7.0	0.0	0.0
0.0	1.0	0.0	2.0	0.0	0.0
0.0	1.0	0.0	0.0	0.0	0.0
0.0	0.0	0.0	2.0	0.0	0.0
0.0	102.0	0.0	5.0	0.0	0.0
0.0	80.0	0.0	0.0	0.0	0.0
0.0	22.0	0.0	5.0	0.0	0.0
0.0	0.0	0.0	2.0	0.0	0.0
0.0	22.0	0.0	3.0	0.0	0.0
0.0	20.0	0.0	0.0	0.0	0.0
0.0	2.0	0.0	3.0	0.0	0.0
0.0	0.0	0.0	3.0	0.0	0.0
0.0	2.0	0.0	0.0	0.0	0.0
0.0	4.0	0.0	10.0	0.0	1.0
0.0	4.0	0.0	0.0	0.0	0.0
0.0	0.0	0.0	10.0	0.0	1.0
0.0	0.0	0.0	10.0	0.0	0.0
0.0	0.0	0.0	0.0	0.0	1.0
0.0	0.0	0.0	3.0	0.0	0.0
6.0	71.0	0.0	9.0	15.0	17.0
6.0	61.0	0.0	0.0	4.0	12.0
5.0	0.0	0.0	0.0	2.0	0.0
5.0	0.0	0.0	0.0	0.0	0.0
0.0	0.0	0.0	0.0	2.0	0.0
1.0	61.0	0.0	0.0	2.0	12.0
1.0	61.0	0.0	0.0	2.0	7.0
0.0	0.0	0.0	0.0	2.0	0.0
1.0	61.0	0.0	0.0	0.0	7.0
1.0	61.0	0.0	0.0	0.0	6.0
1.0	59.0	0.0	0.0	0.0	4.0
0.0	55.0	0.0	0.0	0.0	2.0
0.0	1.0	0.0	0.0	0.0	1.0
0.0	0.0	0.0	0.0	0.0	1.0
0.0	1.0	0.0	0.0	0.0	0.0
0.0	54.0	0.0	0.0	0.0	1.0
0.0	6.0	0.0	0.0	0.0	1.0
0.0	6.0	0.0	0.0	0.0	0.0
0.0	0.0	0.0	0.0	0.0	1.0
0.0	48.0	0.0	0.0	0.0	0.0
1.0	4.0	0.0	0.0	0.0	2.0
0.0	0.0	0.0	0.0	0.0	2.0
1.0	4.0	0.0	0.0	0.0	0.0
1.0	0.0	0.0	0.0	0.0	0.0
0.0	4.0	0.0	0.0	0.0	0.0
0.0	2.0	0.0	0.0	0.0	2.0
0.0	0.0	0.0	0.0	0.0	2.0
0.0	2.0	0.0	0.0	0.0	0.0
0.0	0.0	0.0	0.0	0.0	1.0
0.0	0.0	0.0	0.0	0.0	5.0
0.0	10.0	0.0	9.0	11.0	5.0
0.0	10.0	0.0	6.0	1.0	5.0
0.0	0.0	0.0	0.0	0.0	5.0
0.0	10.0	0.0	6.0	1.0	0.0
0.0	2.0	0.0	5.0	1.0	0.0
0.0	0.0	0.0	5.0	0.0	0.0
0.0	2.0	0.0	0.0	1.0	0.0
0.0	2.0	0.0	0.0	0.0	0.0
0.0	0.0	0.0	0.0	1.0	0.0
0.0	8.0	0.0	1.0	0.0	0.0
0.0	8.0	0.0	0.0	0.0	0.0
0.0	0.0	0.0	1.0	0.0	0.0
0.0	0.0	0.0	3.0	10.0	0.0
0.0	0.0	0.0	0.0	10.0	0.0
0.0	0.0	0.0	3.0	0.0	0.0
2.0	72.0	46.0	0.0	0.0	2.0
2.0	68.0	13.0	0.0	0.0	0.0
2.0	18.0	11.0	0.0	0.0	0.0
2.0	4.0	10.0	0.0	0.0	0.0
2.0	0.0	0.0	0.0	0.0	0.0
0.0	4.0	10.0	0.0	0.0	0.0
0.0	0.0	5.0	0.0	0.0	0.0
0.0	4.0	5.0	0.0	0.0	0.0
0.0	2.0	5.0	0.0	0.0	0.0
0.0	0.0	1.0	0.0	0.0	0.0
0.0	2.0	4.0	0.0	0.0	0.0
0.0	2.0	0.0	0.0	0.0	0.0
0.0	14.0	1.0	0.0	0.0	0.0
0.0	2.0	1.0	0.0	0.0	0.0
0.0	0.0	1.0	0.0	0.0	0.0
0.0	2.0	0.0	0.0	0.0	0.0
0.0	12.0	0.0	0.0	0.0	0.0
0.0	50.0	2.0	0.0	0.0	0.0
0.0	41.0	0.0	0.0	0.0	0.0
0.0	9.0	2.0	0.0	0.0	0.0
0.0	9.0	1.0	0.0	0.0	0.0
0.0	7.0	0.0	0.0	0.0	0.0
0.0	2.0	1.0	0.0	0.0	0.0
0.0	0.0	1.0	0.0	0.0	0.0
0.0	4.0	33.0	0.0	0.0	2.0
0.0	1.0	1.0	0.0	0.0	2.0
0.0	1.0	1.0	0.0	0.0	0.0
0.0	0.0	1.0	0.0	0.0	0.0
0.0	1.0	0.0	0.0	0.0	0.0
0.0	0.0	0.0	0.0	0.0	2.0
0.0	3.0	32.0	0.0	0.0	0.0
0.0	3.0	4.0	0.0	0.0	0.0
0.0	0.0	4.0	0.0	0.0	0.0
0.0	3.0	0.0	0.0	0.0	0.0
0.0	0.0	28.0	0.0	0.0	0.0
