# Sizes (NFeatures, Nclasses, NodeCount, MaxDepth)
14	6	129	18
# Classes
0.0	1.0	2.0	3.0	4.0	5.0
# Feature Names
Nrows	Ncols	Nnnz	AvgNnnz	Density	MaxRowNnnz	MinRowNnnz	StdRowNnnz	NDiags	NTrueDiags	AvgNnnzDia	AvgNnnzELL	AvgNnnzHyb	AvgNnnzHdc
# Left
1	-1	3	4	5	6	7	-1	9	10	-1	-1	13	14	15	16	17	18	-1	-1	21	22	23	24	25	-1	27	-1	-1	-1	31	-1	-1	-1	-1	36	37	-1	39	-1	-1	42	-1	-1	-1	46	47	-1	-1	50	-1	52	-1	-1	55	56	57	-1	59	-1	-1	62	-1	-1	65	-1	67	68	69	-1	-1	72	-1	-1	75	-1	-1	-1	-1	80	81	-1	-1	84	85	-1	87	88	-1	90	-1	-1	-1	94	95	-1	97	-1	-1	-1	101	102	103	104	-1	-1	107	108	-1	-1	-1	112	113	-1	115	-1	-1	118	119	-1	121	-1	-1	124	125	-1	-1	-1	-1
# Right
2	-1	100	79	78	77	8	-1	12	11	-1	-1	54	45	44	35	20	19	-1	-1	34	33	30	29	26	-1	28	-1	-1	-1	32	-1	-1	-1	-1	41	38	-1	40	-1	-1	43	-1	-1	-1	49	48	-1	-1	51	-1	53	-1	-1	64	61	58	-1	60	-1	-1	63	-1	-1	66	-1	74	71	70	-1	-1	73	-1	-1	76	-1	-1	-1	-1	83	82	-1	-1	93	86	-1	92	89	-1	91	-1	-1	-1	99	96	-1	98	-1	-1	-1	128	111	106	105	-1	-1	110	109	-1	-1	-1	117	114	-1	116	-1	-1	123	120	-1	122	-1	-1	127	126	-1	-1	-1	-1
# Threshold
0.0013770349905826151	-2.0	0.48298199474811554	17508850.0	13983.0	0.947087973356247	8.5	-2.0	0.0016859399620443583	0.0016026200028136373	-2.0	-2.0	1872455.0	32.5	22.971699714660645	208610.0	10.0	1.8033759593963623	-2.0	-2.0	3.9937349557876587	3.969449996948242	30234.5	0.3928865045309067	1.5	-2.0	0.38744600117206573	-2.0	-2.0	-2.0	13.511450290679932	-2.0	-2.0	-2.0	-2.0	0.0005929210165049881	0.006896005128510296	-2.0	1.6850050687789917	-2.0	-2.0	0.0005477604863699526	-2.0	-2.0	-2.0	0.001783404964953661	10.5	-2.0	-2.0	82078.0	-2.0	89477.0	-2.0	-2.0	0.5245699882507324	4.302579879760742	12775500.0	-2.0	1.275730013847351	-2.0	-2.0	53.660400390625	-2.0	-2.0	12.019750118255615	-2.0	52.0	1.8956400156021118	571610.5	-2.0	-2.0	20.0	-2.0	-2.0	86891.5	-2.0	-2.0	-2.0	-2.0	1.335889995098114	0.8835209906101227	-2.0	-2.0	0.6537305116653442	0.5	-2.0	34.39060020446777	13.51429533958435	-2.0	0.367296501994133	-2.0	-2.0	-2.0	0.8848415017127991	74003200.0	-2.0	1.3733480273003806e-06	-2.0	-2.0	-2.0	14349.5	0.4900449961423874	0.0026274200063198805	5.0	-2.0	-2.0	5.766664981842041	5.6666648387908936	-2.0	-2.0	-2.0	0.49958349764347076	3.5	-2.0	6.5	-2.0	-2.0	0.00040954051655717194	3348.0	-2.0	3928.5	-2.0	-2.0	125.0	89.0	-2.0	-2.0	-2.0	-2.0
# Feature
11	-2	10	2	5	13	1	-2	11	11	-2	-2	2	5	3	2	8	3	-2	-2	3	3	1	13	9	-2	13	-2	-2	-2	12	-2	-2	-2	-2	4	10	-2	12	-2	-2	10	-2	-2	-2	11	9	-2	-2	8	-2	8	-2	-2	11	12	2	-2	12	-2	-2	3	-2	-2	3	-2	9	7	1	-2	-2	6	-2	-2	1	-2	-2	-2	-2	7	7	-2	-2	13	6	-2	3	3	-2	13	-2	-2	-2	11	2	-2	4	-2	-2	-2	0	13	4	8	-2	-2	3	3	-2	-2	-2	13	6	-2	9	-2	-2	4	0	-2	1	-2	-2	0	0	-2	-2	-2	-2
# Values
89.0	1447.0	52.0	53.0	8.0	27.0
64.0	0.0	0.0	0.0	0.0	0.0
25.0	1447.0	52.0	53.0	8.0	27.0
25.0	1386.0	1.0	53.0	8.0	27.0
16.0	1348.0	1.0	39.0	0.0	5.0
10.0	1348.0	1.0	39.0	0.0	5.0
10.0	1348.0	1.0	35.0	0.0	5.0
3.0	0.0	0.0	0.0	0.0	0.0
7.0	1348.0	1.0	35.0	0.0	5.0
6.0	10.0	0.0	0.0	0.0	0.0
0.0	10.0	0.0	0.0	0.0	0.0
6.0	0.0	0.0	0.0	0.0	0.0
1.0	1338.0	1.0	35.0	0.0	5.0
1.0	1203.0	1.0	19.0	0.0	0.0
0.0	449.0	1.0	18.0	0.0	0.0
0.0	449.0	1.0	16.0	0.0	0.0
0.0	411.0	1.0	8.0	0.0	0.0
0.0	2.0	1.0	0.0	0.0	0.0
0.0	2.0	0.0	0.0	0.0	0.0
0.0	0.0	1.0	0.0	0.0	0.0
0.0	409.0	0.0	8.0	0.0	0.0
0.0	167.0	0.0	8.0	0.0	0.0
0.0	167.0	0.0	6.0	0.0	0.0
0.0	164.0	0.0	5.0	0.0	0.0
0.0	77.0	0.0	5.0	0.0	0.0
0.0	0.0	0.0	1.0	0.0	0.0
0.0	77.0	0.0	4.0	0.0	0.0
0.0	23.0	0.0	0.0	0.0	0.0
0.0	54.0	0.0	4.0	0.0	0.0
0.0	87.0	0.0	0.0	0.0	0.0
0.0	3.0	0.0	1.0	0.0	0.0
0.0	0.0	0.0	1.0	0.0	0.0
0.0	3.0	0.0	0.0	0.0	0.0
0.0	0.0	0.0	2.0	0.0	0.0
0.0	242.0	0.0	0.0	0.0	0.0
0.0	38.0	0.0	8.0	0.0	0.0
0.0	37.0	0.0	1.0	0.0	0.0
0.0	34.0	0.0	0.0	0.0	0.0
0.0	3.0	0.0	1.0	0.0	0.0
0.0	3.0	0.0	0.0	0.0	0.0
0.0	0.0	0.0	1.0	0.0	0.0
0.0	1.0	0.0	7.0	0.0	0.0
0.0	1.0	0.0	0.0	0.0	0.0
0.0	0.0	0.0	7.0	0.0	0.0
0.0	0.0	0.0	2.0	0.0	0.0
1.0	754.0	0.0	1.0	0.0	0.0
1.0	5.0	0.0	0.0	0.0	0.0
1.0	0.0	0.0	0.0	0.0	0.0
0.0	5.0	0.0	0.0	0.0	0.0
0.0	749.0	0.0	1.0	0.0	0.0
0.0	735.0	0.0	0.0	0.0	0.0
0.0	14.0	0.0	1.0	0.0	0.0
0.0	0.0	0.0	1.0	0.0	0.0
0.0	14.0	0.0	0.0	0.0	0.0
0.0	135.0	0.0	16.0	0.0	5.0
0.0	108.0	0.0	1.0	0.0	2.0
0.0	106.0	0.0	1.0	0.0	0.0
0.0	102.0	0.0	0.0	0.0	0.0
0.0	4.0	0.0	1.0	0.0	0.0
0.0	4.0	0.0	0.0	0.0	0.0
0.0	0.0	0.0	1.0	0.0	0.0
0.0	2.0	0.0	0.0	0.0	2.0
0.0	0.0	0.0	0.0	0.0	2.0
0.0	2.0	0.0	0.0	0.0	0.0
0.0	27.0	0.0	15.0	0.0	3.0
0.0	14.0	0.0	0.0	0.0	0.0
0.0	13.0	0.0	15.0	0.0	3.0
0.0	2.0	0.0	15.0	0.0	1.0
0.0	1.0	0.0	0.0	0.0	1.0
0.0	1.0	0.0	0.0	0.0	0.0
0.0	0.0	0.0	0.0	0.0	1.0
0.0	1.0	0.0	15.0	0.0	0.0
0.0	0.0	0.0	15.0	0.0	0.0
0.0	1.0	0.0	0.0	0.0	0.0
0.0	11.0	0.0	0.0	0.0	2.0
0.0	11.0	0.0	0.0	0.0	0.0
0.0	0.0	0.0	0.0	0.0	2.0
0.0	0.0	0.0	4.0	0.0	0.0
6.0	0.0	0.0	0.0	0.0	0.0
9.0	38.0	0.0	14.0	8.0	22.0
0.0	8.0	0.0	0.0	0.0	20.0
0.0	8.0	0.0	0.0	0.0	0.0
0.0	0.0	0.0	0.0	0.0	20.0
9.0	30.0	0.0	14.0	8.0	2.0
9.0	27.0	0.0	0.0	3.0	2.0
9.0	0.0	0.0	0.0	0.0	0.0
0.0	27.0	0.0	0.0	3.0	2.0
0.0	6.0	0.0	0.0	3.0	2.0
0.0	6.0	0.0	0.0	0.0	0.0
0.0	0.0	0.0	0.0	3.0	2.0
0.0	0.0	0.0	0.0	0.0	2.0
0.0	0.0	0.0	0.0	3.0	0.0
0.0	21.0	0.0	0.0	0.0	0.0
0.0	3.0	0.0	14.0	5.0	0.0
0.0	3.0	0.0	3.0	5.0	0.0
0.0	3.0	0.0	0.0	0.0	0.0
0.0	0.0	0.0	3.0	5.0	0.0
0.0	0.0	0.0	3.0	0.0	0.0
0.0	0.0	0.0	0.0	5.0	0.0
0.0	0.0	0.0	11.0	0.0	0.0
0.0	61.0	51.0	0.0	0.0	0.0
0.0	61.0	26.0	0.0	0.0	0.0
0.0	45.0	5.0	0.0	0.0	0.0
0.0	1.0	3.0	0.0	0.0	0.0
0.0	1.0	0.0	0.0	0.0	0.0
0.0	0.0	3.0	0.0	0.0	0.0
0.0	44.0	2.0	0.0	0.0	0.0
0.0	7.0	2.0	0.0	0.0	0.0
0.0	7.0	0.0	0.0	0.0	0.0
0.0	0.0	2.0	0.0	0.0	0.0
0.0	37.0	0.0	0.0	0.0	0.0
0.0	16.0	21.0	0.0	0.0	0.0
0.0	3.0	14.0	0.0	0.0	0.0
0.0	0.0	11.0	0.0	0.0	0.0
0.0	3.0	3.0	0.0	0.0	0.0
0.0	1.0	2.0	0.0	0.0	0.0
0.0	2.0	1.0	0.0	0.0	0.0
0.0	13.0	7.0	0.0	0.0	0.0
0.0	3.0	5.0	0.0	0.0	0.0
0.0	0.0	4.0	0.0	0.0	0.0
0.0	3.0	1.0	0.0	0.0	0.0
0.0	3.0	0.0	0.0	0.0	0.0
0.0	0.0	1.0	0.0	0.0	0.0
0.0	10.0	2.0	0.0	0.0	0.0
0.0	1.0	2.0	0.0	0.0	0.0
0.0	1.0	0.0	0.0	0.0	0.0
0.0	0.0	2.0	0.0	0.0	0.0
0.0	9.0	0.0	0.0	0.0	0.0
0.0	0.0	25.0	0.0	0.0	0.0
