# Sizes (NFeatures, Nclasses, NodeCount, MaxDepth)
14	6	129	15
# Classes
0.0	1.0	2.0	3.0	4.0	5.0
# Feature Names
Nrows	Ncols	Nnnz	AvgNnnz	Density	MaxRowNnnz	MinRowNnnz	StdRowNnnz	NDiags	NTrueDiags	AvgNnnzDia	AvgNnnzELL	AvgNnnzHyb	AvgNnnzHdc
# Left
1	2	3	-1	-1	6	-1	8	-1	-1	11	12	13	14	15	16	17	-1	-1	20	21	-1	-1	24	25	26	-1	28	-1	-1	31	32	-1	34	35	36	-1	-1	-1	40	-1	-1	-1	44	45	-1	-1	-1	49	50	-1	52	-1	-1	55	-1	57	-1	-1	-1	-1	62	63	64	-1	66	-1	-1	69	70	-1	72	73	-1	-1	-1	77	78	-1	80	-1	-1	83	84	-1	-1	-1	88	89	-1	-1	-1	93	94	-1	-1	97	98	99	-1	101	-1	-1	104	105	106	-1	-1	109	110	-1	-1	-1	114	115	116	-1	-1	119	-1	-1	-1	123	-1	125	126	-1	-1	-1
# Right
10	5	4	-1	-1	7	-1	9	-1	-1	92	61	60	59	48	19	18	-1	-1	23	22	-1	-1	43	30	27	-1	29	-1	-1	42	33	-1	39	38	37	-1	-1	-1	41	-1	-1	-1	47	46	-1	-1	-1	54	51	-1	53	-1	-1	56	-1	58	-1	-1	-1	-1	87	68	65	-1	67	-1	-1	76	71	-1	75	74	-1	-1	-1	82	79	-1	81	-1	-1	86	85	-1	-1	-1	91	90	-1	-1	-1	96	95	-1	-1	122	103	100	-1	102	-1	-1	113	108	107	-1	-1	112	111	-1	-1	-1	121	118	117	-1	-1	120	-1	-1	-1	124	-1	128	127	-1	-1	-1
# Threshold
0.001686449977569282	19820.5	0.0007481619832105935	-2.0	-2.0	0.5194304883480072	-2.0	2.5	-2.0	-2.0	9990985.0	0.4954665005207062	13983.0	0.9495579898357391	0.7767564952373505	9.5	11.5	-2.0	-2.0	70.0	60.5	-2.0	-2.0	0.20029200613498688	0.5185205042362213	82078.0	-2.0	55000.0	-2.0	-2.0	187283.5	0.5193440020084381	-2.0	0.708065003156662	553.5	465.5	-2.0	-2.0	-2.0	14.490639686584473	-2.0	-2.0	-2.0	12601.0	4.467329978942871	-2.0	-2.0	-2.0	424970.5	0.7906070053577423	-2.0	0.0009928095387294888	-2.0	-2.0	4.5	-2.0	3.534749984741211	-2.0	-2.0	-2.0	-2.0	11418.5	0.49310900270938873	3.167685031890869	-2.0	562.5	-2.0	-2.0	0.0016545849503017962	0.000256342493230477	-2.0	3348.0	0.0006212209991645068	-2.0	-2.0	-2.0	0.4997500032186508	0.49506449699401855	-2.0	0.49943700432777405	-2.0	-2.0	125.0	89.0	-2.0	-2.0	-2.0	0.8563285171985626	0.700654000043869	-2.0	-2.0	-2.0	7723.5	9.652359962463379	-2.0	-2.0	0.7164064943790436	0.5	0.3970234990119934	-2.0	2.0	-2.0	-2.0	94252800.0	0.29842349886894226	0.2463919552974403	-2.0	-2.0	12589500.0	46.704049825668335	-2.0	-2.0	-2.0	182974000.0	1383707.0	0.006537524983286858	-2.0	-2.0	0.3661395013332367	-2.0	-2.0	-2.0	0.7602345049381256	-2.0	25612.0	0.9950244724750519	-2.0	-2.0	-2.0
# Feature
11	0	10	-2	-2	13	-2	9	-2	-2	2	10	5	13	11	1	8	-2	-2	2	2	-2	-2	10	13	8	-2	0	-2	-2	8	13	-2	11	0	1	-2	-2	-2	7	-2	-2	-2	0	3	-2	-2	-2	2	13	-2	4	-2	-2	6	-2	12	-2	-2	-2	-2	0	13	12	-2	1	-2	-2	4	4	-2	2	4	-2	-2	-2	13	13	-2	13	-2	-2	1	1	-2	-2	-2	11	11	-2	-2	-2	8	12	-2	-2	13	6	13	-2	9	-2	-2	2	13	11	-2	-2	2	7	-2	-2	-2	2	8	10	-2	-2	13	-2	-2	-2	13	-2	8	13	-2	-2	-2
# Values
79.0	1481.0	40.0	43.0	16.0	17.0
64.0	4.0	0.0	0.0	2.0	0.0
2.0	4.0	0.0	0.0	0.0	0.0
0.0	4.0	0.0	0.0	0.0	0.0
2.0	0.0	0.0	0.0	0.0	0.0
62.0	0.0	0.0	0.0	2.0	0.0
59.0	0.0	0.0	0.0	0.0	0.0
3.0	0.0	0.0	0.0	2.0	0.0
3.0	0.0	0.0	0.0	0.0	0.0
0.0	0.0	0.0	0.0	2.0	0.0
15.0	1477.0	40.0	43.0	14.0	17.0
9.0	1418.0	37.0	34.0	0.0	0.0
9.0	1330.0	2.0	34.0	0.0	0.0
1.0	1330.0	2.0	34.0	0.0	0.0
1.0	1330.0	2.0	30.0	0.0	0.0
1.0	1178.0	2.0	11.0	0.0	0.0
1.0	0.0	1.0	0.0	0.0	0.0
1.0	0.0	0.0	0.0	0.0	0.0
0.0	0.0	1.0	0.0	0.0	0.0
0.0	1178.0	1.0	11.0	0.0	0.0
0.0	9.0	0.0	2.0	0.0	0.0
0.0	9.0	0.0	0.0	0.0	0.0
0.0	0.0	0.0	2.0	0.0	0.0
0.0	1169.0	1.0	9.0	0.0	0.0
0.0	1138.0	0.0	7.0	0.0	0.0
0.0	916.0	0.0	1.0	0.0	0.0
0.0	864.0	0.0	0.0	0.0	0.0
0.0	52.0	0.0	1.0	0.0	0.0
0.0	0.0	0.0	1.0	0.0	0.0
0.0	52.0	0.0	0.0	0.0	0.0
0.0	222.0	0.0	6.0	0.0	0.0
0.0	222.0	0.0	5.0	0.0	0.0
0.0	0.0	0.0	1.0	0.0	0.0
0.0	222.0	0.0	4.0	0.0	0.0
0.0	218.0	0.0	2.0	0.0	0.0
0.0	8.0	0.0	2.0	0.0	0.0
0.0	8.0	0.0	0.0	0.0	0.0
0.0	0.0	0.0	2.0	0.0	0.0
0.0	210.0	0.0	0.0	0.0	0.0
0.0	4.0	0.0	2.0	0.0	0.0
0.0	4.0	0.0	0.0	0.0	0.0
0.0	0.0	0.0	2.0	0.0	0.0
0.0	0.0	0.0	1.0	0.0	0.0
0.0	31.0	1.0	2.0	0.0	0.0
0.0	31.0	1.0	0.0	0.0	0.0
0.0	0.0	1.0	0.0	0.0	0.0
0.0	31.0	0.0	0.0	0.0	0.0
0.0	0.0	0.0	2.0	0.0	0.0
0.0	152.0	0.0	19.0	0.0	0.0
0.0	133.0	0.0	1.0	0.0	0.0
0.0	131.0	0.0	0.0	0.0	0.0
0.0	2.0	0.0	1.0	0.0	0.0
0.0	2.0	0.0	0.0	0.0	0.0
0.0	0.0	0.0	1.0	0.0	0.0
0.0	19.0	0.0	18.0	0.0	0.0
0.0	14.0	0.0	0.0	0.0	0.0
0.0	5.0	0.0	18.0	0.0	0.0
0.0	0.0	0.0	18.0	0.0	0.0
0.0	5.0	0.0	0.0	0.0	0.0
0.0	0.0	0.0	4.0	0.0	0.0
8.0	0.0	0.0	0.0	0.0	0.0
0.0	88.0	35.0	0.0	0.0	0.0
0.0	86.0	16.0	0.0	0.0	0.0
0.0	63.0	2.0	0.0	0.0	0.0
0.0	53.0	0.0	0.0	0.0	0.0
0.0	10.0	2.0	0.0	0.0	0.0
0.0	0.0	2.0	0.0	0.0	0.0
0.0	10.0	0.0	0.0	0.0	0.0
0.0	23.0	14.0	0.0	0.0	0.0
0.0	15.0	2.0	0.0	0.0	0.0
0.0	0.0	1.0	0.0	0.0	0.0
0.0	15.0	1.0	0.0	0.0	0.0
0.0	2.0	1.0	0.0	0.0	0.0
0.0	0.0	1.0	0.0	0.0	0.0
0.0	2.0	0.0	0.0	0.0	0.0
0.0	13.0	0.0	0.0	0.0	0.0
0.0	8.0	12.0	0.0	0.0	0.0
0.0	4.0	11.0	0.0	0.0	0.0
0.0	3.0	4.0	0.0	0.0	0.0
0.0	1.0	7.0	0.0	0.0	0.0
0.0	0.0	4.0	0.0	0.0	0.0
0.0	1.0	3.0	0.0	0.0	0.0
0.0	4.0	1.0	0.0	0.0	0.0
0.0	1.0	1.0	0.0	0.0	0.0
0.0	1.0	0.0	0.0	0.0	0.0
0.0	0.0	1.0	0.0	0.0	0.0
0.0	3.0	0.0	0.0	0.0	0.0
0.0	2.0	19.0	0.0	0.0	0.0
0.0	2.0	1.0	0.0	0.0	0.0
0.0	0.0	1.0	0.0	0.0	0.0
0.0	2.0	0.0	0.0	0.0	0.0
0.0	0.0	18.0	0.0	0.0	0.0
6.0	59.0	3.0	9.0	14.0	17.0
0.0	0.0	3.0	0.0	0.0	14.0
0.0	0.0	3.0	0.0	0.0	0.0
0.0	0.0	0.0	0.0	0.0	14.0
6.0	59.0	0.0	9.0	14.0	3.0
6.0	57.0	0.0	1.0	7.0	3.0
5.0	1.0	0.0	0.0	1.0	0.0
5.0	0.0	0.0	0.0	0.0	0.0
0.0	1.0	0.0	0.0	1.0	0.0
0.0	0.0	0.0	0.0	1.0	0.0
0.0	1.0	0.0	0.0	0.0	0.0
1.0	56.0	0.0	1.0	6.0	3.0
0.0	53.0	0.0	0.0	2.0	2.0
0.0	0.0	0.0	0.0	2.0	1.0
0.0	0.0	0.0	0.0	2.0	0.0
0.0	0.0	0.0	0.0	0.0	1.0
0.0	53.0	0.0	0.0	0.0	1.0
0.0	3.0	0.0	0.0	0.0	1.0
0.0	0.0	0.0	0.0	0.0	1.0
0.0	3.0	0.0	0.0	0.0	0.0
0.0	50.0	0.0	0.0	0.0	0.0
1.0	3.0	0.0	1.0	4.0	1.0
1.0	0.0	0.0	1.0	4.0	1.0
1.0	0.0	0.0	1.0	0.0	0.0
1.0	0.0	0.0	0.0	0.0	0.0
0.0	0.0	0.0	1.0	0.0	0.0
0.0	0.0	0.0	0.0	4.0	1.0
0.0	0.0	0.0	0.0	0.0	1.0
0.0	0.0	0.0	0.0	4.0	0.0
0.0	3.0	0.0	0.0	0.0	0.0
0.0	2.0	0.0	8.0	7.0	0.0
0.0	0.0	0.0	0.0	6.0	0.0
0.0	2.0	0.0	8.0	1.0	0.0
0.0	2.0	0.0	0.0	1.0	0.0
0.0	2.0	0.0	0.0	0.0	0.0
0.0	0.0	0.0	0.0	1.0	0.0
0.0	0.0	0.0	8.0	0.0	0.0
