# Sizes (NFeatures, Nclasses, NodeCount, MaxDepth)
14	6	133	14
# Classes
0.0	1.0	2.0	3.0	4.0	5.0
# Feature Names
Nrows	Ncols	Nnnz	AvgNnnz	Density	MaxRowNnnz	MinRowNnnz	StdRowNnnz	NDiags	NTrueDiags	AvgNnnzDia	AvgNnnzELL	AvgNnnzHyb	AvgNnnzHdc
# Left
1	2	3	-1	-1	6	-1	8	-1	-1	11	12	13	-1	15	16	17	18	19	20	-1	22	23	-1	-1	-1	27	-1	29	-1	-1	32	33	34	-1	-1	37	38	39	-1	-1	-1	43	-1	-1	46	47	-1	49	50	51	-1	-1	-1	-1	-1	57	58	-1	60	61	-1	-1	-1	65	-1	67	-1	69	-1	-1	-1	73	74	-1	-1	-1	78	79	-1	81	82	-1	84	-1	-1	87	88	89	-1	-1	-1	93	94	-1	-1	-1	98	99	-1	-1	-1	103	104	105	106	-1	-1	109	110	-1	112	113	-1	-1	-1	117	118	-1	-1	-1	122	123	124	-1	-1	-1	128	-1	-1	131	-1	-1
# Right
10	5	4	-1	-1	7	-1	9	-1	-1	102	77	14	-1	72	71	56	31	26	21	-1	25	24	-1	-1	-1	28	-1	30	-1	-1	45	36	35	-1	-1	42	41	40	-1	-1	-1	44	-1	-1	55	48	-1	54	53	52	-1	-1	-1	-1	-1	64	59	-1	63	62	-1	-1	-1	66	-1	68	-1	70	-1	-1	-1	76	75	-1	-1	-1	97	80	-1	86	83	-1	85	-1	-1	92	91	90	-1	-1	-1	96	95	-1	-1	-1	101	100	-1	-1	-1	130	121	108	107	-1	-1	116	111	-1	115	114	-1	-1	-1	120	119	-1	-1	-1	127	126	125	-1	-1	-1	129	-1	-1	132	-1	-1
# Threshold
0.0016608849982731044	14768.0	0.2690335065126419	-2.0	-2.0	0.5194304883480072	-2.0	0.527444988489151	-2.0	-2.0	480125.5	0.4970559924840927	9.0	-2.0	13983.0	0.9724209904670715	0.8112874925136566	36.0	31.5	0.5	-2.0	10.0	1.5952900052070618	-2.0	-2.0	-2.0	0.36479200422763824	-2.0	57.0	-2.0	-2.0	1538540.0	1.5569549798965454	997.5	-2.0	-2.0	0.839680016040802	1964.0	1899.5	-2.0	-2.0	-2.0	0.8456025123596191	-2.0	-2.0	94.5	62038.0	-2.0	91.5	31.5	3.3953800201416016	-2.0	-2.0	-2.0	-2.0	-2.0	1035373.0	0.5407785177230835	-2.0	0.9888214766979218	0.5494000017642975	-2.0	-2.0	-2.0	0.44349150359630585	-2.0	47.39884948730469	-2.0	0.9897834956645966	-2.0	-2.0	-2.0	154.0	2282.0499877929688	-2.0	-2.0	-2.0	11418.5	0.49310900270938873	-2.0	0.9987500011920929	0.30739448964595795	-2.0	0.4703204929828644	-2.0	-2.0	3909.5	125.0	0.012040034867823124	-2.0	-2.0	-2.0	4628.5	0.75	-2.0	-2.0	-2.0	14.496500015258789	2.416669940430438e-05	-2.0	-2.0	-2.0	0.00406249996740371	64830350.0	0.0026336900191381574	2390620.0	-2.0	-2.0	0.7210944890975952	0.3068675100803375	-2.0	9965.0	928365.0	-2.0	-2.0	-2.0	0.3945999890565872	3.6617050170898438	-2.0	-2.0	-2.0	211813496.0	0.367296501994133	2581205.0	-2.0	-2.0	-2.0	16.935380220413208	-2.0	-2.0	0.6630670130252838	-2.0	-2.0
# Feature
11	8	13	-2	-2	13	-2	13	-2	-2	0	10	1	-2	5	13	11	8	8	6	-2	8	12	-2	-2	-2	13	-2	2	-2	-2	2	3	8	-2	-2	13	2	2	-2	-2	-2	13	-2	-2	5	0	-2	5	5	7	-2	-2	-2	-2	-2	2	13	-2	11	13	-2	-2	-2	13	-2	3	-2	11	-2	-2	-2	9	7	-2	-2	-2	1	13	-2	11	7	-2	7	-2	-2	2	2	4	-2	-2	-2	1	10	-2	-2	-2	7	4	-2	-2	-2	10	2	11	0	-2	-2	13	13	-2	8	0	-2	-2	-2	11	3	-2	-2	-2	2	13	8	-2	-2	-2	7	-2	-2	10	-2	-2
# Values
103.0	1447.0	43.0	42.0	17.0	24.0
81.0	5.0	0.0	0.0	1.0	0.0
1.0	5.0	0.0	0.0	0.0	0.0
1.0	0.0	0.0	0.0	0.0	0.0
0.0	5.0	0.0	0.0	0.0	0.0
80.0	0.0	0.0	0.0	1.0	0.0
74.0	0.0	0.0	0.0	0.0	0.0
6.0	0.0	0.0	0.0	1.0	0.0
0.0	0.0	0.0	0.0	1.0	0.0
6.0	0.0	0.0	0.0	0.0	0.0
22.0	1442.0	43.0	42.0	16.0	24.0
16.0	1373.0	39.0	33.0	3.0	1.0
16.0	1289.0	2.0	33.0	3.0	1.0
8.0	0.0	0.0	0.0	0.0	0.0
8.0	1289.0	2.0	33.0	3.0	1.0
0.0	1287.0	2.0	33.0	0.0	1.0
0.0	1287.0	2.0	31.0	0.0	1.0
0.0	1179.0	2.0	14.0	0.0	0.0
0.0	32.0	2.0	5.0	0.0	0.0
0.0	27.0	2.0	0.0	0.0	0.0
0.0	0.0	1.0	0.0	0.0	0.0
0.0	27.0	1.0	0.0	0.0	0.0
0.0	1.0	1.0	0.0	0.0	0.0
0.0	1.0	0.0	0.0	0.0	0.0
0.0	0.0	1.0	0.0	0.0	0.0
0.0	26.0	0.0	0.0	0.0	0.0
0.0	5.0	0.0	5.0	0.0	0.0
0.0	3.0	0.0	0.0	0.0	0.0
0.0	2.0	0.0	5.0	0.0	0.0
0.0	2.0	0.0	0.0	0.0	0.0
0.0	0.0	0.0	5.0	0.0	0.0
0.0	1147.0	0.0	9.0	0.0	0.0
0.0	995.0	0.0	3.0	0.0	0.0
0.0	11.0	0.0	1.0	0.0	0.0
0.0	11.0	0.0	0.0	0.0	0.0
0.0	0.0	0.0	1.0	0.0	0.0
0.0	984.0	0.0	2.0	0.0	0.0
0.0	958.0	0.0	1.0	0.0	0.0
0.0	122.0	0.0	1.0	0.0	0.0
0.0	122.0	0.0	0.0	0.0	0.0
0.0	0.0	0.0	1.0	0.0	0.0
0.0	836.0	0.0	0.0	0.0	0.0
0.0	26.0	0.0	1.0	0.0	0.0
0.0	0.0	0.0	1.0	0.0	0.0
0.0	26.0	0.0	0.0	0.0	0.0
0.0	152.0	0.0	6.0	0.0	0.0
0.0	22.0	0.0	6.0	0.0	0.0
0.0	0.0	0.0	3.0	0.0	0.0
0.0	22.0	0.0	3.0	0.0	0.0
0.0	22.0	0.0	2.0	0.0	0.0
0.0	4.0	0.0	2.0	0.0	0.0
0.0	4.0	0.0	0.0	0.0	0.0
0.0	0.0	0.0	2.0	0.0	0.0
0.0	18.0	0.0	0.0	0.0	0.0
0.0	0.0	0.0	1.0	0.0	0.0
0.0	130.0	0.0	0.0	0.0	0.0
0.0	108.0	0.0	17.0	0.0	1.0
0.0	100.0	0.0	5.0	0.0	0.0
0.0	81.0	0.0	0.0	0.0	0.0
0.0	19.0	0.0	5.0	0.0	0.0
0.0	19.0	0.0	3.0	0.0	0.0
0.0	2.0	0.0	3.0	0.0	0.0
0.0	17.0	0.0	0.0	0.0	0.0
0.0	0.0	0.0	2.0	0.0	0.0
0.0	8.0	0.0	12.0	0.0	1.0
0.0	7.0	0.0	0.0	0.0	0.0
0.0	1.0	0.0	12.0	0.0	1.0
0.0	0.0	0.0	12.0	0.0	0.0
0.0	1.0	0.0	0.0	0.0	1.0
0.0	0.0	0.0	0.0	0.0	1.0
0.0	1.0	0.0	0.0	0.0	0.0
0.0	0.0	0.0	2.0	0.0	0.0
8.0	2.0	0.0	0.0	3.0	0.0
8.0	2.0	0.0	0.0	0.0	0.0
8.0	0.0	0.0	0.0	0.0	0.0
0.0	2.0	0.0	0.0	0.0	0.0
0.0	0.0	0.0	0.0	3.0	0.0
0.0	84.0	37.0	0.0	0.0	0.0
0.0	81.0	12.0	0.0	0.0	0.0
0.0	60.0	0.0	0.0	0.0	0.0
0.0	21.0	12.0	0.0	0.0	0.0
0.0	3.0	7.0	0.0	0.0	0.0
0.0	0.0	6.0	0.0	0.0	0.0
0.0	3.0	1.0	0.0	0.0	0.0
0.0	2.0	1.0	0.0	0.0	0.0
0.0	1.0	0.0	0.0	0.0	0.0
0.0	18.0	5.0	0.0	0.0	0.0
0.0	14.0	1.0	0.0	0.0	0.0
0.0	1.0	1.0	0.0	0.0	0.0
0.0	0.0	1.0	0.0	0.0	0.0
0.0	1.0	0.0	0.0	0.0	0.0
0.0	13.0	0.0	0.0	0.0	0.0
0.0	4.0	4.0	0.0	0.0	0.0
0.0	2.0	4.0	0.0	0.0	0.0
0.0	2.0	3.0	0.0	0.0	0.0
0.0	0.0	1.0	0.0	0.0	0.0
0.0	2.0	0.0	0.0	0.0	0.0
0.0	3.0	25.0	0.0	0.0	0.0
0.0	1.0	25.0	0.0	0.0	0.0
0.0	1.0	0.0	0.0	0.0	0.0
0.0	0.0	25.0	0.0	0.0	0.0
0.0	2.0	0.0	0.0	0.0	0.0
6.0	69.0	4.0	9.0	13.0	23.0
6.0	69.0	0.0	9.0	13.0	6.0
6.0	64.0	0.0	4.0	1.0	4.0
6.0	0.0	0.0	0.0	1.0	0.0
0.0	0.0	0.0	0.0	1.0	0.0
6.0	0.0	0.0	0.0	0.0	0.0
0.0	64.0	0.0	4.0	0.0	4.0
0.0	59.0	0.0	0.0	0.0	2.0
0.0	0.0	0.0	0.0	0.0	1.0
0.0	59.0	0.0	0.0	0.0	1.0
0.0	1.0	0.0	0.0	0.0	1.0
0.0	1.0	0.0	0.0	0.0	0.0
0.0	0.0	0.0	0.0	0.0	1.0
0.0	58.0	0.0	0.0	0.0	0.0
0.0	5.0	0.0	4.0	0.0	2.0
0.0	5.0	0.0	0.0	0.0	2.0
0.0	0.0	0.0	0.0	0.0	2.0
0.0	5.0	0.0	0.0	0.0	0.0
0.0	0.0	0.0	4.0	0.0	0.0
0.0	5.0	0.0	5.0	12.0	2.0
0.0	2.0	0.0	0.0	12.0	2.0
0.0	2.0	0.0	0.0	0.0	2.0
0.0	2.0	0.0	0.0	0.0	0.0
0.0	0.0	0.0	0.0	0.0	2.0
0.0	0.0	0.0	0.0	12.0	0.0
0.0	3.0	0.0	5.0	0.0	0.0
0.0	0.0	0.0	5.0	0.0	0.0
0.0	3.0	0.0	0.0	0.0	0.0
0.0	0.0	4.0	0.0	0.0	17.0
0.0	0.0	0.0	0.0	0.0	17.0
0.0	0.0	4.0	0.0	0.0	0.0
