# Sizes (NFeatures, Nclasses, NodeCount, MaxDepth)
14	6	163	11
# Classes
0.0	1.0	2.0	3.0	4.0	5.0
# Feature Names
Nrows	Ncols	Nnnz	AvgNnnz	Density	MaxRowNnnz	MinRowNnnz	StdRowNnnz	NDiags	NTrueDiags	AvgNnnzDia	AvgNnnzELL	AvgNnnzHyb	AvgNnnzHdc
# Left
1	2	3	4	-1	6	7	-1	-1	-1	11	-1	13	14	-1	-1	17	18	19	-1	-1	22	-1	24	-1	26	-1	-1	29	30	-1	32	-1	34	-1	36	-1	-1	-1	40	41	42	43	44	45	46	47	-1	-1	50	-1	-1	-1	-1	-1	56	57	58	59	-1	61	62	-1	-1	-1	66	-1	-1	-1	70	71	72	73	-1	-1	-1	-1	-1	79	80	81	-1	-1	-1	85	-1	87	88	-1	90	-1	-1	93	-1	-1	96	97	98	-1	100	-1	-1	-1	104	-1	106	-1	108	109	-1	111	-1	-1	114	-1	-1	117	118	119	120	121	-1	-1	-1	125	-1	127	-1	-1	130	131	132	133	134	-1	-1	-1	138	-1	-1	141	-1	-1	144	145	-1	-1	148	-1	-1	151	152	153	154	-1	-1	-1	158	-1	160	-1	-1	-1
# Right
116	39	10	5	-1	9	8	-1	-1	-1	12	-1	16	15	-1	-1	28	21	20	-1	-1	23	-1	25	-1	27	-1	-1	38	31	-1	33	-1	35	-1	37	-1	-1	-1	95	78	55	54	53	52	49	48	-1	-1	51	-1	-1	-1	-1	-1	69	68	65	60	-1	64	63	-1	-1	-1	67	-1	-1	-1	77	76	75	74	-1	-1	-1	-1	-1	84	83	82	-1	-1	-1	86	-1	92	89	-1	91	-1	-1	94	-1	-1	103	102	99	-1	101	-1	-1	-1	105	-1	107	-1	113	110	-1	112	-1	-1	115	-1	-1	150	129	124	123	122	-1	-1	-1	126	-1	128	-1	-1	143	140	137	136	135	-1	-1	-1	139	-1	-1	142	-1	-1	147	146	-1	-1	149	-1	-1	162	157	156	155	-1	-1	-1	159	-1	161	-1	-1	-1
# Threshold
1360.0	203.5	0.6369749903678894	0.32351699471473694	-2.0	89.0	37.5	-2.0	-2.0	-2.0	0.053083401173353195	-2.0	0.07568195089697838	170.0	-2.0	-2.0	53.5	26.0	0.39584700763225555	-2.0	-2.0	43.0	-2.0	0.330656997859478	-2.0	4.5	-2.0	-2.0	97.5	23.0	-2.0	0.26224149763584137	-2.0	28.0	-2.0	41.5	-2.0	-2.0	-2.0	8681130.0	45006.5	7.5	3047.5	3.5	9678.0	0.0038730000378564	0.0016114950412884355	-2.0	-2.0	0.886696994304657	-2.0	-2.0	-2.0	-2.0	-2.0	0.8711715042591095	0.8654355108737946	24137.5	34.17514991760254	-2.0	0.0016177149955183268	15626.5	-2.0	-2.0	-2.0	0.0002464973949827254	-2.0	-2.0	-2.0	32.5	0.025893500074744225	31.5	2753.0	-2.0	-2.0	-2.0	-2.0	-2.0	0.881411999464035	321633.0	1226.0	-2.0	-2.0	-2.0	46473.5	-2.0	13.72350025177002	32.824599266052246	-2.0	5987520.0	-2.0	-2.0	1.1268349885940552	-2.0	-2.0	0.001554700022097677	0.9959025382995605	49.493648529052734	-2.0	103.33300018310547	-2.0	-2.0	-2.0	37.5	-2.0	0.36504149436950684	-2.0	55.0	42092000.0	-2.0	6.468205094337463	-2.0	-2.0	21930600.0	-2.0	-2.0	4.5	28890.0	1.5	1898.0	0.005722730187699199	-2.0	-2.0	-2.0	18.676849842071533	-2.0	60082.0	-2.0	-2.0	78.5114517211914	0.5920675098896027	0.47381749749183655	0.5	152.09100341796875	-2.0	-2.0	-2.0	1.5	-2.0	-2.0	265420.0	-2.0	-2.0	0.3341425061225891	849.4710083007812	-2.0	-2.0	81.91495132446289	-2.0	-2.0	7197.0	195.21900177001953	37110.5	89.28120040893555	-2.0	-2.0	-2.0	36073.5	-2.0	0.0019775100518018007	-2.0	-2.0	-2.0
# Feature
5	0	7	13	-2	2	0	-2	-2	-2	4	-2	4	8	-2	-2	1	0	4	-2	-2	1	-2	11	-2	6	-2	-2	5	8	-2	13	-2	9	-2	5	-2	-2	-2	2	8	8	0	6	2	4	4	-2	-2	10	-2	-2	-2	-2	-2	12	12	8	7	-2	4	1	-2	-2	-2	4	-2	-2	-2	8	4	8	2	-2	-2	-2	-2	-2	12	1	5	-2	-2	-2	8	-2	7	3	-2	2	-2	-2	12	-2	-2	10	12	3	-2	7	-2	-2	-2	8	-2	11	-2	9	2	-2	12	-2	-2	2	-2	-2	9	8	6	5	11	-2	-2	-2	7	-2	2	-2	-2	3	13	13	6	7	-2	-2	-2	9	-2	-2	8	-2	-2	13	3	-2	-2	3	-2	-2	5	7	2	7	-2	-2	-2	1	-2	10	-2	-2	-2
# Values
159.0	1433.0	62.0	0.0	1.0	29.0
34.0	1344.0	62.0	0.0	0.0	25.0
0.0	71.0	43.0	0.0	0.0	0.0
0.0	2.0	15.0	0.0	0.0	0.0
0.0	1.0	0.0	0.0	0.0	0.0
0.0	1.0	15.0	0.0	0.0	0.0
0.0	1.0	3.0	0.0	0.0	0.0
0.0	0.0	3.0	0.0	0.0	0.0
0.0	1.0	0.0	0.0	0.0	0.0
0.0	0.0	12.0	0.0	0.0	0.0
0.0	69.0	28.0	0.0	0.0	0.0
0.0	30.0	0.0	0.0	0.0	0.0
0.0	39.0	28.0	0.0	0.0	0.0
0.0	1.0	8.0	0.0	0.0	0.0
0.0	0.0	8.0	0.0	0.0	0.0
0.0	1.0	0.0	0.0	0.0	0.0
0.0	38.0	20.0	0.0	0.0	0.0
0.0	9.0	13.0	0.0	0.0	0.0
0.0	6.0	1.0	0.0	0.0	0.0
0.0	6.0	0.0	0.0	0.0	0.0
0.0	0.0	1.0	0.0	0.0	0.0
0.0	3.0	12.0	0.0	0.0	0.0
0.0	0.0	9.0	0.0	0.0	0.0
0.0	3.0	3.0	0.0	0.0	0.0
0.0	1.0	0.0	0.0	0.0	0.0
0.0	2.0	3.0	0.0	0.0	0.0
0.0	2.0	2.0	0.0	0.0	0.0
0.0	0.0	1.0	0.0	0.0	0.0
0.0	29.0	7.0	0.0	0.0	0.0
0.0	29.0	3.0	0.0	0.0	0.0
0.0	0.0	1.0	0.0	0.0	0.0
0.0	29.0	2.0	0.0	0.0	0.0
0.0	0.0	1.0	0.0	0.0	0.0
0.0	29.0	1.0	0.0	0.0	0.0
0.0	27.0	0.0	0.0	0.0	0.0
0.0	2.0	1.0	0.0	0.0	0.0
0.0	0.0	1.0	0.0	0.0	0.0
0.0	2.0	0.0	0.0	0.0	0.0
0.0	0.0	4.0	0.0	0.0	0.0
34.0	1273.0	19.0	0.0	0.0	25.0
27.0	1201.0	15.0	0.0	0.0	1.0
7.0	1106.0	15.0	0.0	0.0	0.0
0.0	41.0	12.0	0.0	0.0	0.0
0.0	18.0	12.0	0.0	0.0	0.0
0.0	9.0	12.0	0.0	0.0	0.0
0.0	9.0	6.0	0.0	0.0	0.0
0.0	7.0	1.0	0.0	0.0	0.0
0.0	0.0	1.0	0.0	0.0	0.0
0.0	7.0	0.0	0.0	0.0	0.0
0.0	2.0	5.0	0.0	0.0	0.0
0.0	0.0	5.0	0.0	0.0	0.0
0.0	2.0	0.0	0.0	0.0	0.0
0.0	0.0	6.0	0.0	0.0	0.0
0.0	9.0	0.0	0.0	0.0	0.0
0.0	23.0	0.0	0.0	0.0	0.0
7.0	1065.0	3.0	0.0	0.0	0.0
7.0	168.0	0.0	0.0	0.0	0.0
4.0	168.0	0.0	0.0	0.0	0.0
2.0	165.0	0.0	0.0	0.0	0.0
0.0	149.0	0.0	0.0	0.0	0.0
2.0	16.0	0.0	0.0	0.0	0.0
2.0	1.0	0.0	0.0	0.0	0.0
2.0	0.0	0.0	0.0	0.0	0.0
0.0	1.0	0.0	0.0	0.0	0.0
0.0	15.0	0.0	0.0	0.0	0.0
2.0	3.0	0.0	0.0	0.0	0.0
0.0	3.0	0.0	0.0	0.0	0.0
2.0	0.0	0.0	0.0	0.0	0.0
3.0	0.0	0.0	0.0	0.0	0.0
0.0	897.0	3.0	0.0	0.0	0.0
0.0	52.0	3.0	0.0	0.0	0.0
0.0	52.0	2.0	0.0	0.0	0.0
0.0	52.0	1.0	0.0	0.0	0.0
0.0	3.0	1.0	0.0	0.0	0.0
0.0	49.0	0.0	0.0	0.0	0.0
0.0	0.0	1.0	0.0	0.0	0.0
0.0	0.0	1.0	0.0	0.0	0.0
0.0	845.0	0.0	0.0	0.0	0.0
20.0	95.0	0.0	0.0	0.0	1.0
16.0	2.0	0.0	0.0	0.0	0.0
16.0	1.0	0.0	0.0	0.0	0.0
16.0	0.0	0.0	0.0	0.0	0.0
0.0	1.0	0.0	0.0	0.0	0.0
0.0	1.0	0.0	0.0	0.0	0.0
4.0	93.0	0.0	0.0	0.0	1.0
1.0	0.0	0.0	0.0	0.0	0.0
3.0	93.0	0.0	0.0	0.0	1.0
0.0	82.0	0.0	0.0	0.0	1.0
0.0	81.0	0.0	0.0	0.0	0.0
0.0	1.0	0.0	0.0	0.0	1.0
0.0	1.0	0.0	0.0	0.0	0.0
0.0	0.0	0.0	0.0	0.0	1.0
3.0	11.0	0.0	0.0	0.0	0.0
3.0	0.0	0.0	0.0	0.0	0.0
0.0	11.0	0.0	0.0	0.0	0.0
7.0	72.0	4.0	0.0	0.0	24.0
5.0	65.0	0.0	0.0	0.0	2.0
5.0	1.0	0.0	0.0	0.0	2.0
5.0	0.0	0.0	0.0	0.0	0.0
0.0	1.0	0.0	0.0	0.0	2.0
0.0	1.0	0.0	0.0	0.0	0.0
0.0	0.0	0.0	0.0	0.0	2.0
0.0	64.0	0.0	0.0	0.0	0.0
2.0	7.0	4.0	0.0	0.0	22.0
0.0	0.0	4.0	0.0	0.0	0.0
2.0	7.0	0.0	0.0	0.0	22.0
0.0	4.0	0.0	0.0	0.0	0.0
2.0	3.0	0.0	0.0	0.0	22.0
0.0	2.0	0.0	0.0	0.0	22.0
0.0	0.0	0.0	0.0	0.0	21.0
0.0	2.0	0.0	0.0	0.0	1.0
0.0	2.0	0.0	0.0	0.0	0.0
0.0	0.0	0.0	0.0	0.0	1.0
2.0	1.0	0.0	0.0	0.0	0.0
2.0	0.0	0.0	0.0	0.0	0.0
0.0	1.0	0.0	0.0	0.0	0.0
125.0	89.0	0.0	0.0	1.0	4.0
103.0	32.0	0.0	0.0	1.0	1.0
16.0	23.0	0.0	0.0	0.0	0.0
1.0	19.0	0.0	0.0	0.0	0.0
1.0	2.0	0.0	0.0	0.0	0.0
0.0	2.0	0.0	0.0	0.0	0.0
1.0	0.0	0.0	0.0	0.0	0.0
0.0	17.0	0.0	0.0	0.0	0.0
15.0	4.0	0.0	0.0	0.0	0.0
0.0	3.0	0.0	0.0	0.0	0.0
15.0	1.0	0.0	0.0	0.0	0.0
0.0	1.0	0.0	0.0	0.0	0.0
15.0	0.0	0.0	0.0	0.0	0.0
87.0	9.0	0.0	0.0	1.0	1.0
84.0	6.0	0.0	0.0	0.0	0.0
80.0	3.0	0.0	0.0	0.0	0.0
69.0	1.0	0.0	0.0	0.0	0.0
12.0	1.0	0.0	0.0	0.0	0.0
12.0	0.0	0.0	0.0	0.0	0.0
0.0	1.0	0.0	0.0	0.0	0.0
57.0	0.0	0.0	0.0	0.0	0.0
11.0	2.0	0.0	0.0	0.0	0.0
11.0	0.0	0.0	0.0	0.0	0.0
0.0	2.0	0.0	0.0	0.0	0.0
4.0	3.0	0.0	0.0	0.0	0.0
4.0	0.0	0.0	0.0	0.0	0.0
0.0	3.0	0.0	0.0	0.0	0.0
3.0	3.0	0.0	0.0	1.0	1.0
3.0	0.0	0.0	0.0	1.0	0.0
3.0	0.0	0.0	0.0	0.0	0.0
0.0	0.0	0.0	0.0	1.0	0.0
0.0	3.0	0.0	0.0	0.0	1.0
0.0	0.0	0.0	0.0	0.0	1.0
0.0	3.0	0.0	0.0	0.0	0.0
22.0	57.0	0.0	0.0	0.0	3.0
5.0	57.0	0.0	0.0	0.0	3.0
1.0	56.0	0.0	0.0	0.0	0.0
1.0	3.0	0.0	0.0	0.0	0.0
0.0	3.0	0.0	0.0	0.0	0.0
1.0	0.0	0.0	0.0	0.0	0.0
0.0	53.0	0.0	0.0	0.0	0.0
4.0	1.0	0.0	0.0	0.0	3.0
4.0	0.0	0.0	0.0	0.0	0.0
0.0	1.0	0.0	0.0	0.0	3.0
0.0	0.0	0.0	0.0	0.0	3.0
0.0	1.0	0.0	0.0	0.0	0.0
17.0	0.0	0.0	0.0	0.0	0.0
