# Sizes (NFeatures, Nclasses, NodeCount, MaxDepth)
14	6	165	14
# Classes
0.0	1.0	2.0	3.0	4.0	5.0
# Feature Names
Nrows	Ncols	Nnnz	AvgNnnz	Density	MaxRowNnnz	MinRowNnnz	StdRowNnnz	NDiags	NTrueDiags	AvgNnnzDia	AvgNnnzELL	AvgNnnzHyb	AvgNnnzHdc
# Left
1	2	3	4	-1	6	7	-1	9	10	-1	-1	13	-1	-1	-1	17	18	-1	20	21	22	-1	-1	25	-1	-1	-1	29	-1	-1	32	33	34	35	36	37	-1	39	40	41	-1	-1	-1	45	-1	-1	48	-1	-1	51	52	53	54	-1	-1	-1	-1	59	60	-1	-1	63	64	-1	-1	67	-1	69	-1	-1	72	73	-1	75	76	-1	78	-1	80	81	-1	-1	84	-1	-1	87	88	89	-1	-1	92	93	94	-1	-1	-1	98	-1	-1	101	-1	103	104	-1	106	-1	-1	109	110	-1	112	-1	-1	-1	-1	117	118	-1	-1	-1	122	123	-1	-1	-1	127	128	-1	130	131	132	-1	134	-1	-1	137	138	-1	-1	141	-1	143	-1	-1	146	-1	148	-1	150	-1	-1	153	154	-1	-1	157	-1	159	160	-1	-1	163	-1	-1
# Right
126	31	16	5	-1	15	8	-1	12	11	-1	-1	14	-1	-1	-1	28	19	-1	27	24	23	-1	-1	26	-1	-1	-1	30	-1	-1	121	116	71	50	47	38	-1	44	43	42	-1	-1	-1	46	-1	-1	49	-1	-1	58	57	56	55	-1	-1	-1	-1	62	61	-1	-1	66	65	-1	-1	68	-1	70	-1	-1	115	74	-1	86	77	-1	79	-1	83	82	-1	-1	85	-1	-1	100	91	90	-1	-1	97	96	95	-1	-1	-1	99	-1	-1	102	-1	108	105	-1	107	-1	-1	114	111	-1	113	-1	-1	-1	-1	120	119	-1	-1	-1	125	124	-1	-1	-1	152	129	-1	145	136	133	-1	135	-1	-1	140	139	-1	-1	142	-1	144	-1	-1	147	-1	149	-1	151	-1	-1	156	155	-1	-1	158	-1	162	161	-1	-1	164	-1	-1
# Threshold
1353.5	166.0	51.0	0.23557350039482117	-2.0	0.6255554854869843	3.5	-2.0	2.5	1.0622999668121338	-2.0	-2.0	47.5	-2.0	-2.0	-2.0	0.45190851390361786	4.3603150844573975	-2.0	0.08646759763360023	1.5	0.35628749430179596	-2.0	-2.0	0.0522194504737854	-2.0	-2.0	-2.0	89.0	-2.0	-2.0	17.537750244140625	102.3479995727539	28.0	690.0	5.6666648387908936	0.002221404924057424	-2.0	0.44211649894714355	2.2642449736595154	0.5210830122232437	-2.0	-2.0	-2.0	7.0	-2.0	-2.0	3629.0	-2.0	-2.0	1.7843199968338013	2.5	17899.5	9286.5	-2.0	-2.0	-2.0	-2.0	0.9386470019817352	0.00170501897810027	-2.0	-2.0	0.2722434997558594	0.8031885027885437	-2.0	-2.0	4660.5	-2.0	1.0759699940681458	-2.0	-2.0	391.00599670410156	0.002696265059057623	-2.0	0.8809414803981781	9042.0	-2.0	105712.5	-2.0	321633.0	1226.0	-2.0	-2.0	137.0	-2.0	-2.0	6623025.0	44.0	0.04283444955945015	-2.0	-2.0	71.85684967041016	1578.0	1502.5	-2.0	-2.0	-2.0	53747.0	-2.0	-2.0	6672185.0	-2.0	8410.5	0.00011503239966259571	-2.0	103.5	-2.0	-2.0	0.9959025382995605	0.9134004712104797	-2.0	726597.5	-2.0	-2.0	-2.0	-2.0	114.0	5400495.0	-2.0	-2.0	-2.0	13.0	10499.0	-2.0	-2.0	-2.0	3.5	9028.0	-2.0	78.5114517211914	0.47381749749183655	38377.0	-2.0	0.26854899525642395	-2.0	-2.0	1190276.0	79132.0	-2.0	-2.0	2.0	-2.0	0.001945988944498822	-2.0	-2.0	430.0854949951172	-2.0	0.3343700021505356	-2.0	0.3361160010099411	-2.0	-2.0	97.61444854736328	1838.5	-2.0	-2.0	0.8527494966983795	-2.0	210.3794937133789	0.0005494254874065518	-2.0	-2.0	1.0248644948005676	-2.0	-2.0
# Feature
5	0	0	13	-2	10	9	-2	6	12	-2	-2	1	-2	-2	-2	10	3	-2	4	6	13	-2	-2	4	-2	-2	-2	2	-2	-2	12	7	8	1	3	4	-2	10	12	11	-2	-2	-2	5	-2	-2	2	-2	-2	12	5	0	2	-2	-2	-2	-2	11	4	-2	-2	7	10	-2	-2	2	-2	7	-2	-2	3	11	-2	12	8	-2	2	-2	0	5	-2	-2	5	-2	-2	2	8	4	-2	-2	7	2	2	-2	-2	-2	8	-2	-2	2	-2	8	4	-2	5	-2	-2	12	12	-2	8	-2	-2	-2	-2	9	2	-2	-2	-2	9	1	-2	-2	-2	9	1	-2	3	13	5	-2	12	-2	-2	2	8	-2	-2	9	-2	11	-2	-2	7	-2	13	-2	13	-2	-2	7	5	-2	-2	12	-2	3	4	-2	-2	12	-2	-2
# Values
152.0	1426.0	73.0	3.0	0.0	30.0
26.0	1347.0	73.0	3.0	0.0	25.0
0.0	45.0	39.0	0.0	0.0	0.0
0.0	8.0	20.0	0.0	0.0	0.0
0.0	3.0	0.0	0.0	0.0	0.0
0.0	5.0	20.0	0.0	0.0	0.0
0.0	4.0	20.0	0.0	0.0	0.0
0.0	0.0	9.0	0.0	0.0	0.0
0.0	4.0	11.0	0.0	0.0	0.0
0.0	2.0	1.0	0.0	0.0	0.0
0.0	0.0	1.0	0.0	0.0	0.0
0.0	2.0	0.0	0.0	0.0	0.0
0.0	2.0	10.0	0.0	0.0	0.0
0.0	0.0	6.0	0.0	0.0	0.0
0.0	2.0	4.0	0.0	0.0	0.0
0.0	1.0	0.0	0.0	0.0	0.0
0.0	37.0	19.0	0.0	0.0	0.0
0.0	36.0	10.0	0.0	0.0	0.0
0.0	18.0	0.0	0.0	0.0	0.0
0.0	18.0	10.0	0.0	0.0	0.0
0.0	4.0	10.0	0.0	0.0	0.0
0.0	3.0	1.0	0.0	0.0	0.0
0.0	0.0	1.0	0.0	0.0	0.0
0.0	3.0	0.0	0.0	0.0	0.0
0.0	1.0	9.0	0.0	0.0	0.0
0.0	1.0	0.0	0.0	0.0	0.0
0.0	0.0	9.0	0.0	0.0	0.0
0.0	14.0	0.0	0.0	0.0	0.0
0.0	1.0	9.0	0.0	0.0	0.0
0.0	1.0	0.0	0.0	0.0	0.0
0.0	0.0	9.0	0.0	0.0	0.0
26.0	1302.0	34.0	3.0	0.0	25.0
26.0	1291.0	32.0	3.0	0.0	12.0
17.0	1284.0	32.0	3.0	0.0	8.0
0.0	92.0	30.0	0.0	0.0	0.0
0.0	8.0	16.0	0.0	0.0	0.0
0.0	4.0	15.0	0.0	0.0	0.0
0.0	1.0	0.0	0.0	0.0	0.0
0.0	3.0	15.0	0.0	0.0	0.0
0.0	2.0	2.0	0.0	0.0	0.0
0.0	1.0	2.0	0.0	0.0	0.0
0.0	1.0	1.0	0.0	0.0	0.0
0.0	0.0	1.0	0.0	0.0	0.0
0.0	1.0	0.0	0.0	0.0	0.0
0.0	1.0	13.0	0.0	0.0	0.0
0.0	0.0	9.0	0.0	0.0	0.0
0.0	1.0	4.0	0.0	0.0	0.0
0.0	4.0	1.0	0.0	0.0	0.0
0.0	4.0	0.0	0.0	0.0	0.0
0.0	0.0	1.0	0.0	0.0	0.0
0.0	84.0	14.0	0.0	0.0	0.0
0.0	49.0	1.0	0.0	0.0	0.0
0.0	4.0	1.0	0.0	0.0	0.0
0.0	1.0	1.0	0.0	0.0	0.0
0.0	1.0	0.0	0.0	0.0	0.0
0.0	0.0	1.0	0.0	0.0	0.0
0.0	3.0	0.0	0.0	0.0	0.0
0.0	45.0	0.0	0.0	0.0	0.0
0.0	35.0	13.0	0.0	0.0	0.0
0.0	4.0	8.0	0.0	0.0	0.0
0.0	4.0	0.0	0.0	0.0	0.0
0.0	0.0	8.0	0.0	0.0	0.0
0.0	31.0	5.0	0.0	0.0	0.0
0.0	1.0	3.0	0.0	0.0	0.0
0.0	1.0	0.0	0.0	0.0	0.0
0.0	0.0	3.0	0.0	0.0	0.0
0.0	30.0	2.0	0.0	0.0	0.0
0.0	0.0	1.0	0.0	0.0	0.0
0.0	30.0	1.0	0.0	0.0	0.0
0.0	30.0	0.0	0.0	0.0	0.0
0.0	0.0	1.0	0.0	0.0	0.0
17.0	1192.0	2.0	3.0	0.0	8.0
17.0	1192.0	2.0	3.0	0.0	6.0
2.0	0.0	0.0	0.0	0.0	0.0
15.0	1192.0	2.0	3.0	0.0	6.0
12.0	155.0	0.0	0.0	0.0	0.0
0.0	143.0	0.0	0.0	0.0	0.0
12.0	12.0	0.0	0.0	0.0	0.0
0.0	6.0	0.0	0.0	0.0	0.0
12.0	6.0	0.0	0.0	0.0	0.0
11.0	1.0	0.0	0.0	0.0	0.0
11.0	0.0	0.0	0.0	0.0	0.0
0.0	1.0	0.0	0.0	0.0	0.0
1.0	5.0	0.0	0.0	0.0	0.0
1.0	0.0	0.0	0.0	0.0	0.0
0.0	5.0	0.0	0.0	0.0	0.0
3.0	1037.0	2.0	3.0	0.0	6.0
1.0	943.0	2.0	3.0	0.0	0.0
0.0	18.0	2.0	0.0	0.0	0.0
0.0	15.0	0.0	0.0	0.0	0.0
0.0	3.0	2.0	0.0	0.0	0.0
1.0	925.0	0.0	3.0	0.0	0.0
0.0	919.0	0.0	3.0	0.0	0.0
0.0	63.0	0.0	3.0	0.0	0.0
0.0	21.0	0.0	0.0	0.0	0.0
0.0	42.0	0.0	3.0	0.0	0.0
0.0	856.0	0.0	0.0	0.0	0.0
1.0	6.0	0.0	0.0	0.0	0.0
0.0	6.0	0.0	0.0	0.0	0.0
1.0	0.0	0.0	0.0	0.0	0.0
2.0	94.0	0.0	0.0	0.0	6.0
0.0	0.0	0.0	0.0	0.0	2.0
2.0	94.0	0.0	0.0	0.0	4.0
0.0	3.0	0.0	0.0	0.0	3.0
0.0	0.0	0.0	0.0	0.0	2.0
0.0	3.0	0.0	0.0	0.0	1.0
0.0	3.0	0.0	0.0	0.0	0.0
0.0	0.0	0.0	0.0	0.0	1.0
2.0	91.0	0.0	0.0	0.0	1.0
2.0	4.0	0.0	0.0	0.0	1.0
0.0	4.0	0.0	0.0	0.0	0.0
2.0	0.0	0.0	0.0	0.0	1.0
0.0	0.0	0.0	0.0	0.0	1.0
2.0	0.0	0.0	0.0	0.0	0.0
0.0	87.0	0.0	0.0	0.0	0.0
0.0	0.0	0.0	0.0	0.0	2.0
9.0	7.0	0.0	0.0	0.0	4.0
0.0	7.0	0.0	0.0	0.0	4.0
0.0	7.0	0.0	0.0	0.0	0.0
0.0	0.0	0.0	0.0	0.0	4.0
9.0	0.0	0.0	0.0	0.0	0.0
0.0	11.0	2.0	0.0	0.0	13.0
0.0	11.0	2.0	0.0	0.0	0.0
0.0	0.0	2.0	0.0	0.0	0.0
0.0	11.0	0.0	0.0	0.0	0.0
0.0	0.0	0.0	0.0	0.0	13.0
126.0	79.0	0.0	0.0	0.0	5.0
104.0	18.0	0.0	0.0	0.0	4.0
0.0	9.0	0.0	0.0	0.0	0.0
104.0	9.0	0.0	0.0	0.0	4.0
102.0	7.0	0.0	0.0	0.0	0.0
83.0	2.0	0.0	0.0	0.0	0.0
70.0	0.0	0.0	0.0	0.0	0.0
13.0	2.0	0.0	0.0	0.0	0.0
13.0	0.0	0.0	0.0	0.0	0.0
0.0	2.0	0.0	0.0	0.0	0.0
19.0	5.0	0.0	0.0	0.0	0.0
1.0	4.0	0.0	0.0	0.0	0.0
0.0	4.0	0.0	0.0	0.0	0.0
1.0	0.0	0.0	0.0	0.0	0.0
18.0	1.0	0.0	0.0	0.0	0.0
14.0	0.0	0.0	0.0	0.0	0.0
4.0	1.0	0.0	0.0	0.0	0.0
0.0	1.0	0.0	0.0	0.0	0.0
4.0	0.0	0.0	0.0	0.0	0.0
2.0	2.0	0.0	0.0	0.0	4.0
2.0	0.0	0.0	0.0	0.0	0.0
0.0	2.0	0.0	0.0	0.0	4.0
0.0	0.0	0.0	0.0	0.0	3.0
0.0	2.0	0.0	0.0	0.0	1.0
0.0	2.0	0.0	0.0	0.0	0.0
0.0	0.0	0.0	0.0	0.0	1.0
22.0	61.0	0.0	0.0	0.0	1.0
1.0	49.0	0.0	0.0	0.0	0.0
1.0	0.0	0.0	0.0	0.0	0.0
0.0	49.0	0.0	0.0	0.0	0.0
21.0	12.0	0.0	0.0	0.0	1.0
18.0	0.0	0.0	0.0	0.0	0.0
3.0	12.0	0.0	0.0	0.0	1.0
0.0	11.0	0.0	0.0	0.0	1.0
0.0	0.0	0.0	0.0	0.0	1.0
0.0	11.0	0.0	0.0	0.0	0.0
3.0	1.0	0.0	0.0	0.0	0.0
3.0	0.0	0.0	0.0	0.0	0.0
0.0	1.0	0.0	0.0	0.0	0.0
