# Sizes (NFeatures, Nclasses, NodeCount, MaxDepth)
14	6	187	14
# Classes
0.0	1.0	2.0	3.0	4.0	5.0
# Feature Names
Nrows	Ncols	Nnnz	AvgNnnz	Density	MaxRowNnnz	MinRowNnnz	StdRowNnnz	NDiags	NTrueDiags	AvgNnnzDia	AvgNnnzELL	AvgNnnzHyb	AvgNnnzHdc
# Left
1	2	3	4	5	6	7	-1	9	-1	-1	-1	13	-1	-1	16	17	18	-1	20	-1	-1	23	-1	-1	26	27	-1	29	30	-1	-1	33	34	-1	-1	37	38	-1	-1	-1	42	43	44	45	-1	-1	-1	-1	50	-1	-1	53	-1	-1	56	57	58	59	60	-1	62	63	64	-1	-1	67	-1	-1	70	71	72	73	74	75	-1	-1	-1	79	-1	-1	82	-1	-1	85	86	-1	-1	-1	90	-1	92	93	94	95	-1	-1	-1	-1	-1	-1	-1	103	104	105	106	-1	-1	109	-1	111	-1	-1	-1	115	116	117	-1	-1	120	121	-1	-1	-1	125	-1	127	128	-1	-1	131	-1	-1	134	-1	-1	137	138	139	-1	141	-1	-1	144	145	146	-1	148	149	150	151	-1	153	-1	-1	156	-1	-1	159	160	-1	-1	-1	164	-1	-1	167	168	-1	170	-1	-1	-1	174	-1	176	-1	-1	179	180	181	-1	-1	184	-1	-1	-1
# Right
136	55	52	15	12	11	8	-1	10	-1	-1	-1	14	-1	-1	25	22	19	-1	21	-1	-1	24	-1	-1	41	28	-1	32	31	-1	-1	36	35	-1	-1	40	39	-1	-1	-1	49	48	47	46	-1	-1	-1	-1	51	-1	-1	54	-1	-1	133	102	101	100	61	-1	69	66	65	-1	-1	68	-1	-1	89	84	81	78	77	76	-1	-1	-1	80	-1	-1	83	-1	-1	88	87	-1	-1	-1	91	-1	99	98	97	96	-1	-1	-1	-1	-1	-1	-1	114	113	108	107	-1	-1	110	-1	112	-1	-1	-1	124	119	118	-1	-1	123	122	-1	-1	-1	126	-1	130	129	-1	-1	132	-1	-1	135	-1	-1	178	143	140	-1	142	-1	-1	173	166	147	-1	163	158	155	152	-1	154	-1	-1	157	-1	-1	162	161	-1	-1	-1	165	-1	-1	172	169	-1	171	-1	-1	-1	175	-1	177	-1	-1	186	183	182	-1	-1	185	-1	-1	-1
# Threshold
1353.5	71.5	15214.5	51.0	0.5981245040893555	0.5586419999599457	0.2552900090813637	-2.0	292.5	-2.0	-2.0	-2.0	0.4011010080575943	-2.0	-2.0	0.42743051052093506	54.5	2.8039950132369995	-2.0	120.5	-2.0	-2.0	2435.5	-2.0	-2.0	0.9681819975376129	0.002205185010097921	-2.0	0.008722225204110146	7.5	-2.0	-2.0	0.023326349444687366	0.6511579751968384	-2.0	-2.0	2.6374250650405884	5366.5	-2.0	-2.0	-2.0	6.958039999008179	3581.0	1361.0	452.5	-2.0	-2.0	-2.0	-2.0	597.5	-2.0	-2.0	824875.0	-2.0	-2.0	17.279800415039062	45119.5	211.031005859375	0.529482513666153	54.5	-2.0	0.012559050228446722	106015.0	34.17514991760254	-2.0	-2.0	31823.0	-2.0	-2.0	0.07049819827079773	9933335.0	102.3479995727539	660.0	1578.0	1522.0	-2.0	-2.0	-2.0	15.807349681854248	-2.0	-2.0	85.48355102539062	-2.0	-2.0	8410.5	0.01140464493073523	-2.0	-2.0	-2.0	0.07185674831271172	-2.0	0.07311730086803436	0.06915850192308426	32.5	0.29653799533843994	-2.0	-2.0	-2.0	-2.0	-2.0	-2.0	-2.0	0.987531989812851	1161.0	251.0	170.0	-2.0	-2.0	0.5373165011405945	-2.0	591.0	-2.0	-2.0	-2.0	144.5	0.5	3142120.0	-2.0	-2.0	0.5	14.073100090026855	-2.0	-2.0	-2.0	185.0	-2.0	66190.0	0.3424910008907318	-2.0	-2.0	72.81424713134766	-2.0	-2.0	20.0	-2.0	-2.0	7.5	91527.5	0.5541695058345795	-2.0	0.001691264973487705	-2.0	-2.0	0.4949444979429245	77.1588020324707	9.089204788208008	-2.0	0.009449630044400692	4.5	0.47381749749183655	160.55650329589844	-2.0	0.00017585849855095148	-2.0	-2.0	0.4746910035610199	-2.0	-2.0	49.80739974975586	340125.5	-2.0	-2.0	-2.0	1988.0	-2.0	-2.0	6.0	80.56230163574219	-2.0	0.33434300124645233	-2.0	-2.0	-2.0	1.5	-2.0	0.00023315249563893303	-2.0	-2.0	10734.5	0.0015576399746350944	0.000909904993022792	-2.0	-2.0	0.07687300257384777	-2.0	-2.0	-2.0
# Feature
5	8	2	0	10	4	13	-2	2	-2	-2	-2	4	-2	-2	10	8	12	-2	0	-2	-2	2	-2	-2	11	4	-2	4	5	-2	-2	4	11	-2	-2	12	2	-2	-2	-2	12	2	1	1	-2	-2	-2	-2	2	-2	-2	0	-2	-2	12	8	7	4	1	-2	11	2	7	-2	-2	0	-2	-2	4	2	7	5	2	2	-2	-2	-2	3	-2	-2	3	-2	-2	8	10	-2	-2	-2	4	-2	10	10	5	13	-2	-2	-2	-2	-2	-2	-2	12	5	5	5	-2	-2	13	-2	5	-2	-2	-2	5	6	2	-2	-2	9	3	-2	-2	-2	5	-2	8	13	-2	-2	7	-2	-2	5	-2	-2	9	2	12	-2	11	-2	-2	13	3	7	-2	11	9	13	7	-2	11	-2	-2	13	-2	-2	7	2	-2	-2	-2	5	-2	-2	6	3	-2	13	-2	-2	-2	9	-2	4	-2	-2	5	11	11	-2	-2	10	-2	-2	-2
# Values
169.0	1418.0	72.0	1.0	0.0	24.0
43.0	1318.0	72.0	1.0	0.0	22.0
0.0	136.0	65.0	0.0	0.0	0.0
0.0	71.0	62.0	0.0	0.0	0.0
0.0	9.0	23.0	0.0	0.0	0.0
0.0	3.0	22.0	0.0	0.0	0.0
0.0	2.0	22.0	0.0	0.0	0.0
0.0	1.0	0.0	0.0	0.0	0.0
0.0	1.0	22.0	0.0	0.0	0.0
0.0	0.0	20.0	0.0	0.0	0.0
0.0	1.0	2.0	0.0	0.0	0.0
0.0	1.0	0.0	0.0	0.0	0.0
0.0	6.0	1.0	0.0	0.0	0.0
0.0	6.0	0.0	0.0	0.0	0.0
0.0	0.0	1.0	0.0	0.0	0.0
0.0	62.0	39.0	0.0	0.0	0.0
0.0	31.0	7.0	0.0	0.0	0.0
0.0	26.0	1.0	0.0	0.0	0.0
0.0	25.0	0.0	0.0	0.0	0.0
0.0	1.0	1.0	0.0	0.0	0.0
0.0	1.0	0.0	0.0	0.0	0.0
0.0	0.0	1.0	0.0	0.0	0.0
0.0	5.0	6.0	0.0	0.0	0.0
0.0	0.0	6.0	0.0	0.0	0.0
0.0	5.0	0.0	0.0	0.0	0.0
0.0	31.0	32.0	0.0	0.0	0.0
0.0	10.0	23.0	0.0	0.0	0.0
0.0	2.0	0.0	0.0	0.0	0.0
0.0	8.0	23.0	0.0	0.0	0.0
0.0	1.0	14.0	0.0	0.0	0.0
0.0	0.0	10.0	0.0	0.0	0.0
0.0	1.0	4.0	0.0	0.0	0.0
0.0	7.0	9.0	0.0	0.0	0.0
0.0	4.0	1.0	0.0	0.0	0.0
0.0	1.0	1.0	0.0	0.0	0.0
0.0	3.0	0.0	0.0	0.0	0.0
0.0	3.0	8.0	0.0	0.0	0.0
0.0	3.0	3.0	0.0	0.0	0.0
0.0	1.0	0.0	0.0	0.0	0.0
0.0	2.0	3.0	0.0	0.0	0.0
0.0	0.0	5.0	0.0	0.0	0.0
0.0	21.0	9.0	0.0	0.0	0.0
0.0	19.0	4.0	0.0	0.0	0.0
0.0	4.0	4.0	0.0	0.0	0.0
0.0	4.0	1.0	0.0	0.0	0.0
0.0	0.0	1.0	0.0	0.0	0.0
0.0	4.0	0.0	0.0	0.0	0.0
0.0	0.0	3.0	0.0	0.0	0.0
0.0	15.0	0.0	0.0	0.0	0.0
0.0	2.0	5.0	0.0	0.0	0.0
0.0	2.0	0.0	0.0	0.0	0.0
0.0	0.0	5.0	0.0	0.0	0.0
0.0	65.0	3.0	0.0	0.0	0.0
0.0	65.0	0.0	0.0	0.0	0.0
0.0	0.0	3.0	0.0	0.0	0.0
43.0	1182.0	7.0	1.0	0.0	22.0
43.0	1169.0	7.0	1.0	0.0	9.0
14.0	1018.0	7.0	1.0	0.0	2.0
10.0	1018.0	7.0	1.0	0.0	2.0
10.0	1018.0	5.0	1.0	0.0	2.0
0.0	0.0	1.0	0.0	0.0	0.0
10.0	1018.0	4.0	1.0	0.0	2.0
8.0	87.0	0.0	0.0	0.0	0.0
1.0	85.0	0.0	0.0	0.0	0.0
0.0	85.0	0.0	0.0	0.0	0.0
1.0	0.0	0.0	0.0	0.0	0.0
7.0	2.0	0.0	0.0	0.0	0.0
7.0	0.0	0.0	0.0	0.0	0.0
0.0	2.0	0.0	0.0	0.0	0.0
2.0	931.0	4.0	1.0	0.0	2.0
2.0	892.0	0.0	1.0	0.0	2.0
2.0	882.0	0.0	1.0	0.0	0.0
1.0	879.0	0.0	1.0	0.0	0.0
0.0	868.0	0.0	1.0	0.0	0.0
0.0	86.0	0.0	1.0	0.0	0.0
0.0	36.0	0.0	0.0	0.0	0.0
0.0	50.0	0.0	1.0	0.0	0.0
0.0	782.0	0.0	0.0	0.0	0.0
1.0	11.0	0.0	0.0	0.0	0.0
1.0	0.0	0.0	0.0	0.0	0.0
0.0	11.0	0.0	0.0	0.0	0.0
1.0	3.0	0.0	0.0	0.0	0.0
0.0	3.0	0.0	0.0	0.0	0.0
1.0	0.0	0.0	0.0	0.0	0.0
0.0	10.0	0.0	0.0	0.0	2.0
0.0	1.0	0.0	0.0	0.0	2.0
0.0	0.0	0.0	0.0	0.0	2.0
0.0	1.0	0.0	0.0	0.0	0.0
0.0	9.0	0.0	0.0	0.0	0.0
0.0	39.0	4.0	0.0	0.0	0.0
0.0	0.0	1.0	0.0	0.0	0.0
0.0	39.0	3.0	0.0	0.0	0.0
0.0	16.0	3.0	0.0	0.0	0.0
0.0	16.0	1.0	0.0	0.0	0.0
0.0	2.0	1.0	0.0	0.0	0.0
0.0	0.0	1.0	0.0	0.0	0.0
0.0	2.0	0.0	0.0	0.0	0.0
0.0	14.0	0.0	0.0	0.0	0.0
0.0	0.0	2.0	0.0	0.0	0.0
0.0	23.0	0.0	0.0	0.0	0.0
0.0	0.0	2.0	0.0	0.0	0.0
4.0	0.0	0.0	0.0	0.0	0.0
29.0	151.0	0.0	0.0	0.0	7.0
24.0	15.0	0.0	0.0	0.0	0.0
24.0	9.0	0.0	0.0	0.0	0.0
5.0	8.0	0.0	0.0	0.0	0.0
5.0	0.0	0.0	0.0	0.0	0.0
0.0	8.0	0.0	0.0	0.0	0.0
19.0	1.0	0.0	0.0	0.0	0.0
18.0	0.0	0.0	0.0	0.0	0.0
1.0	1.0	0.0	0.0	0.0	0.0
0.0	1.0	0.0	0.0	0.0	0.0
1.0	0.0	0.0	0.0	0.0	0.0
0.0	6.0	0.0	0.0	0.0	0.0
5.0	136.0	0.0	0.0	0.0	7.0
1.0	120.0	0.0	0.0	0.0	1.0
1.0	5.0	0.0	0.0	0.0	0.0
1.0	0.0	0.0	0.0	0.0	0.0
0.0	5.0	0.0	0.0	0.0	0.0
0.0	115.0	0.0	0.0	0.0	1.0
0.0	29.0	0.0	0.0	0.0	1.0
0.0	29.0	0.0	0.0	0.0	0.0
0.0	0.0	0.0	0.0	0.0	1.0
0.0	86.0	0.0	0.0	0.0	0.0
4.0	16.0	0.0	0.0	0.0	6.0
4.0	0.0	0.0	0.0	0.0	0.0
0.0	16.0	0.0	0.0	0.0	6.0
0.0	2.0	0.0	0.0	0.0	5.0
0.0	2.0	0.0	0.0	0.0	0.0
0.0	0.0	0.0	0.0	0.0	5.0
0.0	14.0	0.0	0.0	0.0	1.0
0.0	14.0	0.0	0.0	0.0	0.0
0.0	0.0	0.0	0.0	0.0	1.0
0.0	13.0	0.0	0.0	0.0	13.0
0.0	13.0	0.0	0.0	0.0	0.0
0.0	0.0	0.0	0.0	0.0	13.0
126.0	100.0	0.0	0.0	0.0	2.0
111.0	42.0	0.0	0.0	0.0	2.0
2.0	14.0	0.0	0.0	0.0	0.0
0.0	13.0	0.0	0.0	0.0	0.0
2.0	1.0	0.0	0.0	0.0	0.0
0.0	1.0	0.0	0.0	0.0	0.0
2.0	0.0	0.0	0.0	0.0	0.0
109.0	28.0	0.0	0.0	0.0	2.0
97.0	15.0	0.0	0.0	0.0	2.0
94.0	10.0	0.0	0.0	0.0	0.0
0.0	2.0	0.0	0.0	0.0	0.0
94.0	8.0	0.0	0.0	0.0	0.0
93.0	6.0	0.0	0.0	0.0	0.0
85.0	2.0	0.0	0.0	0.0	0.0
79.0	1.0	0.0	0.0	0.0	0.0
66.0	0.0	0.0	0.0	0.0	0.0
13.0	1.0	0.0	0.0	0.0	0.0
13.0	0.0	0.0	0.0	0.0	0.0
0.0	1.0	0.0	0.0	0.0	0.0
6.0	1.0	0.0	0.0	0.0	0.0
0.0	1.0	0.0	0.0	0.0	0.0
6.0	0.0	0.0	0.0	0.0	0.0
8.0	4.0	0.0	0.0	0.0	0.0
2.0	4.0	0.0	0.0	0.0	0.0
2.0	0.0	0.0	0.0	0.0	0.0
0.0	4.0	0.0	0.0	0.0	0.0
6.0	0.0	0.0	0.0	0.0	0.0
1.0	2.0	0.0	0.0	0.0	0.0
1.0	0.0	0.0	0.0	0.0	0.0
0.0	2.0	0.0	0.0	0.0	0.0
3.0	5.0	0.0	0.0	0.0	2.0
0.0	5.0	0.0	0.0	0.0	2.0
0.0	0.0	0.0	0.0	0.0	1.0
0.0	5.0	0.0	0.0	0.0	1.0
0.0	0.0	0.0	0.0	0.0	1.0
0.0	5.0	0.0	0.0	0.0	0.0
3.0	0.0	0.0	0.0	0.0	0.0
12.0	13.0	0.0	0.0	0.0	0.0
11.0	0.0	0.0	0.0	0.0	0.0
1.0	13.0	0.0	0.0	0.0	0.0
0.0	13.0	0.0	0.0	0.0	0.0
1.0	0.0	0.0	0.0	0.0	0.0
15.0	58.0	0.0	0.0	0.0	0.0
4.0	58.0	0.0	0.0	0.0	0.0
3.0	3.0	0.0	0.0	0.0	0.0
0.0	3.0	0.0	0.0	0.0	0.0
3.0	0.0	0.0	0.0	0.0	0.0
1.0	55.0	0.0	0.0	0.0	0.0
0.0	55.0	0.0	0.0	0.0	0.0
1.0	0.0	0.0	0.0	0.0	0.0
11.0	0.0	0.0	0.0	0.0	0.0
