# Sizes (NFeatures, Nclasses, NodeCount, MaxDepth)
14	6	165	13
# Classes
0.0	1.0	2.0	3.0	4.0	5.0
# Feature Names
Nrows	Ncols	Nnnz	AvgNnnz	Density	MaxRowNnnz	MinRowNnnz	StdRowNnnz	NDiags	NTrueDiags	AvgNnnzDia	AvgNnnzELL	AvgNnnzHyb	AvgNnnzHdc
# Left
1	2	3	4	-1	-1	7	8	-1	-1	-1	12	13	14	15	16	17	-1	19	20	-1	22	-1	-1	-1	26	-1	-1	29	30	-1	32	-1	-1	35	-1	37	38	39	40	-1	42	-1	-1	-1	46	47	-1	-1	-1	51	-1	-1	-1	55	56	57	58	59	60	-1	-1	-1	64	65	-1	67	68	-1	-1	-1	-1	73	74	-1	-1	77	-1	79	-1	81	82	-1	-1	-1	86	-1	88	89	90	-1	92	-1	-1	-1	-1	-1	98	99	100	101	-1	-1	-1	-1	106	107	108	-1	-1	111	-1	-1	114	-1	116	-1	-1	119	120	121	122	123	124	-1	-1	-1	-1	-1	130	131	132	-1	-1	135	136	137	-1	139	140	-1	-1	-1	-1	145	-1	-1	148	-1	150	151	-1	-1	154	-1	-1	157	158	159	-1	161	-1	-1	-1	-1
# Right
118	11	6	5	-1	-1	10	9	-1	-1	-1	97	54	53	28	25	18	-1	24	21	-1	23	-1	-1	-1	27	-1	-1	34	31	-1	33	-1	-1	36	-1	50	45	44	41	-1	43	-1	-1	-1	49	48	-1	-1	-1	52	-1	-1	-1	96	85	72	63	62	61	-1	-1	-1	71	66	-1	70	69	-1	-1	-1	-1	76	75	-1	-1	78	-1	80	-1	84	83	-1	-1	-1	87	-1	95	94	91	-1	93	-1	-1	-1	-1	-1	105	104	103	102	-1	-1	-1	-1	113	110	109	-1	-1	112	-1	-1	115	-1	117	-1	-1	156	129	128	127	126	125	-1	-1	-1	-1	-1	147	134	133	-1	-1	144	143	138	-1	142	141	-1	-1	-1	-1	146	-1	-1	149	-1	153	152	-1	-1	155	-1	-1	164	163	160	-1	162	-1	-1	-1	-1
# Threshold
1360.0	50.5	47.0	0.6711640059947968	-2.0	-2.0	3.0391299724578857	20.0	-2.0	-2.0	-2.0	6623025.0	60.5	2980.5	2.004750072956085	54.5	0.0016114950412884355	-2.0	6.5	0.003028930048458278	-2.0	102.0	-2.0	-2.0	-2.0	0.598754495382309	-2.0	-2.0	0.4206800013780594	28.0	-2.0	5.5731048583984375	-2.0	-2.0	0.6138309836387634	-2.0	7.5	0.004334000172093511	0.0034323250874876976	0.48997899889945984	-2.0	2504.5	-2.0	-2.0	-2.0	0.4535129964351654	0.44320400059223175	-2.0	-2.0	-2.0	0.45934900641441345	-2.0	-2.0	-2.0	0.529482513666153	45281.5	0.06145834922790527	9535.5	1579.0	1464.0	-2.0	-2.0	-2.0	944.5	9767.0	-2.0	0.8765754997730255	104740.5	-2.0	-2.0	-2.0	-2.0	0.26224149763584137	1.2377399802207947	-2.0	-2.0	76.0	-2.0	0.06399479880928993	-2.0	0.3285215049982071	0.3242485076189041	-2.0	-2.0	-2.0	0.841110497713089	-2.0	56.50975036621094	0.9516080021858215	0.5	-2.0	6.110199928283691	-2.0	-2.0	-2.0	-2.0	-2.0	8523.5	0.6370909959077835	374749.5	0.008120734943076968	-2.0	-2.0	-2.0	-2.0	1.00941002368927	0.5892314910888672	1085.5	-2.0	-2.0	92.34550094604492	-2.0	-2.0	6641310.0	-2.0	389.10499572753906	-2.0	-2.0	7.5	175129.0	0.002166984952054918	10.865300178527832	0.005554924951866269	4.609119892120361	-2.0	-2.0	-2.0	-2.0	-2.0	78.5114517211914	20604.0	16926.0	-2.0	-2.0	2.5	284174496.0	210212.5	-2.0	292858.0	0.6099260151386261	-2.0	-2.0	-2.0	-2.0	0.3464989960193634	-2.0	-2.0	14589750.0	-2.0	0.33434300124645233	28591.5	-2.0	-2.0	0.3362385034561157	-2.0	-2.0	11594.5	0.6104510128498077	11.052450180053711	-2.0	432.0	-2.0	-2.0	-2.0	-2.0
# Feature
5	1	2	11	-2	-2	12	5	-2	-2	-2	2	8	0	12	8	4	-2	8	4	-2	1	-2	-2	-2	11	-2	-2	13	8	-2	12	-2	-2	11	-2	6	4	4	13	-2	0	-2	-2	-2	13	13	-2	-2	-2	13	-2	-2	-2	4	8	4	8	2	2	-2	-2	-2	5	8	-2	12	2	-2	-2	-2	-2	13	12	-2	-2	8	-2	4	-2	13	13	-2	-2	-2	12	-2	7	12	6	-2	3	-2	-2	-2	-2	-2	8	10	0	10	-2	-2	-2	-2	12	13	5	-2	-2	7	-2	-2	2	-2	3	-2	-2	9	2	4	3	11	3	-2	-2	-2	-2	-2	3	8	8	-2	-2	6	2	0	-2	1	12	-2	-2	-2	-2	13	-2	-2	2	-2	13	5	-2	-2	13	-2	-2	5	13	3	-2	9	-2	-2	-2	-2
# Values
165.0	1412.0	66.0	1.0	1.0	39.0
27.0	1324.0	66.0	1.0	0.0	32.0
0.0	4.0	16.0	0.0	0.0	0.0
0.0	2.0	1.0	0.0	0.0	0.0
0.0	2.0	0.0	0.0	0.0	0.0
0.0	0.0	1.0	0.0	0.0	0.0
0.0	2.0	15.0	0.0	0.0	0.0
0.0	1.0	15.0	0.0	0.0	0.0
0.0	0.0	15.0	0.0	0.0	0.0
0.0	1.0	0.0	0.0	0.0	0.0
0.0	1.0	0.0	0.0	0.0	0.0
27.0	1320.0	50.0	1.0	0.0	32.0
20.0	1229.0	45.0	1.0	0.0	0.0
0.0	145.0	35.0	0.0	0.0	0.0
0.0	88.0	35.0	0.0	0.0	0.0
0.0	50.0	7.0	0.0	0.0	0.0
0.0	49.0	4.0	0.0	0.0	0.0
0.0	0.0	2.0	0.0	0.0	0.0
0.0	49.0	2.0	0.0	0.0	0.0
0.0	4.0	2.0	0.0	0.0	0.0
0.0	3.0	0.0	0.0	0.0	0.0
0.0	1.0	2.0	0.0	0.0	0.0
0.0	1.0	0.0	0.0	0.0	0.0
0.0	0.0	2.0	0.0	0.0	0.0
0.0	45.0	0.0	0.0	0.0	0.0
0.0	1.0	3.0	0.0	0.0	0.0
0.0	0.0	3.0	0.0	0.0	0.0
0.0	1.0	0.0	0.0	0.0	0.0
0.0	38.0	28.0	0.0	0.0	0.0
0.0	3.0	13.0	0.0	0.0	0.0
0.0	0.0	12.0	0.0	0.0	0.0
0.0	3.0	1.0	0.0	0.0	0.0
0.0	3.0	0.0	0.0	0.0	0.0
0.0	0.0	1.0	0.0	0.0	0.0
0.0	35.0	15.0	0.0	0.0	0.0
0.0	0.0	4.0	0.0	0.0	0.0
0.0	35.0	11.0	0.0	0.0	0.0
0.0	34.0	7.0	0.0	0.0	0.0
0.0	5.0	5.0	0.0	0.0	0.0
0.0	5.0	3.0	0.0	0.0	0.0
0.0	3.0	0.0	0.0	0.0	0.0
0.0	2.0	3.0	0.0	0.0	0.0
0.0	2.0	2.0	0.0	0.0	0.0
0.0	0.0	1.0	0.0	0.0	0.0
0.0	0.0	2.0	0.0	0.0	0.0
0.0	29.0	2.0	0.0	0.0	0.0
0.0	6.0	2.0	0.0	0.0	0.0
0.0	6.0	0.0	0.0	0.0	0.0
0.0	0.0	2.0	0.0	0.0	0.0
0.0	23.0	0.0	0.0	0.0	0.0
0.0	1.0	4.0	0.0	0.0	0.0
0.0	1.0	0.0	0.0	0.0	0.0
0.0	0.0	4.0	0.0	0.0	0.0
0.0	57.0	0.0	0.0	0.0	0.0
20.0	1084.0	10.0	1.0	0.0	0.0
20.0	1084.0	6.0	1.0	0.0	0.0
5.0	998.0	6.0	1.0	0.0	0.0
5.0	958.0	0.0	1.0	0.0	0.0
0.0	812.0	0.0	1.0	0.0	0.0
0.0	82.0	0.0	1.0	0.0	0.0
0.0	43.0	0.0	0.0	0.0	0.0
0.0	39.0	0.0	1.0	0.0	0.0
0.0	730.0	0.0	0.0	0.0	0.0
5.0	146.0	0.0	0.0	0.0	0.0
3.0	146.0	0.0	0.0	0.0	0.0
1.0	0.0	0.0	0.0	0.0	0.0
2.0	146.0	0.0	0.0	0.0	0.0
2.0	8.0	0.0	0.0	0.0	0.0
0.0	8.0	0.0	0.0	0.0	0.0
2.0	0.0	0.0	0.0	0.0	0.0
0.0	138.0	0.0	0.0	0.0	0.0
2.0	0.0	0.0	0.0	0.0	0.0
0.0	40.0	6.0	0.0	0.0	0.0
0.0	1.0	2.0	0.0	0.0	0.0
0.0	1.0	0.0	0.0	0.0	0.0
0.0	0.0	2.0	0.0	0.0	0.0
0.0	39.0	4.0	0.0	0.0	0.0
0.0	0.0	1.0	0.0	0.0	0.0
0.0	39.0	3.0	0.0	0.0	0.0
0.0	0.0	1.0	0.0	0.0	0.0
0.0	39.0	2.0	0.0	0.0	0.0
0.0	9.0	2.0	0.0	0.0	0.0
0.0	9.0	0.0	0.0	0.0	0.0
0.0	0.0	2.0	0.0	0.0	0.0
0.0	30.0	0.0	0.0	0.0	0.0
15.0	86.0	0.0	0.0	0.0	0.0
9.0	0.0	0.0	0.0	0.0	0.0
6.0	86.0	0.0	0.0	0.0	0.0
3.0	86.0	0.0	0.0	0.0	0.0
3.0	9.0	0.0	0.0	0.0	0.0
0.0	8.0	0.0	0.0	0.0	0.0
3.0	1.0	0.0	0.0	0.0	0.0
0.0	1.0	0.0	0.0	0.0	0.0
3.0	0.0	0.0	0.0	0.0	0.0
0.0	77.0	0.0	0.0	0.0	0.0
3.0	0.0	0.0	0.0	0.0	0.0
0.0	0.0	4.0	0.0	0.0	0.0
7.0	91.0	5.0	0.0	0.0	32.0
0.0	5.0	5.0	0.0	0.0	23.0
0.0	5.0	0.0	0.0	0.0	23.0
0.0	5.0	0.0	0.0	0.0	2.0
0.0	0.0	0.0	0.0	0.0	2.0
0.0	5.0	0.0	0.0	0.0	0.0
0.0	0.0	0.0	0.0	0.0	21.0
0.0	0.0	5.0	0.0	0.0	0.0
7.0	86.0	0.0	0.0	0.0	9.0
7.0	4.0	0.0	0.0	0.0	4.0
7.0	2.0	0.0	0.0	0.0	0.0
7.0	0.0	0.0	0.0	0.0	0.0
0.0	2.0	0.0	0.0	0.0	0.0
0.0	2.0	0.0	0.0	0.0	4.0
0.0	2.0	0.0	0.0	0.0	0.0
0.0	0.0	0.0	0.0	0.0	4.0
0.0	82.0	0.0	0.0	0.0	5.0
0.0	0.0	0.0	0.0	0.0	3.0
0.0	82.0	0.0	0.0	0.0	2.0
0.0	82.0	0.0	0.0	0.0	0.0
0.0	0.0	0.0	0.0	0.0	2.0
138.0	88.0	0.0	0.0	1.0	7.0
125.0	35.0	0.0	0.0	1.0	4.0
9.0	16.0	0.0	0.0	0.0	0.0
4.0	16.0	0.0	0.0	0.0	0.0
2.0	16.0	0.0	0.0	0.0	0.0
1.0	16.0	0.0	0.0	0.0	0.0
1.0	0.0	0.0	0.0	0.0	0.0
0.0	16.0	0.0	0.0	0.0	0.0
1.0	0.0	0.0	0.0	0.0	0.0
2.0	0.0	0.0	0.0	0.0	0.0
5.0	0.0	0.0	0.0	0.0	0.0
116.0	19.0	0.0	0.0	1.0	4.0
110.0	10.0	0.0	0.0	0.0	0.0
1.0	3.0	0.0	0.0	0.0	0.0
1.0	0.0	0.0	0.0	0.0	0.0
0.0	3.0	0.0	0.0	0.0	0.0
109.0	7.0	0.0	0.0	0.0	0.0
104.0	3.0	0.0	0.0	0.0	0.0
104.0	2.0	0.0	0.0	0.0	0.0
69.0	0.0	0.0	0.0	0.0	0.0
35.0	2.0	0.0	0.0	0.0	0.0
1.0	2.0	0.0	0.0	0.0	0.0
0.0	2.0	0.0	0.0	0.0	0.0
1.0	0.0	0.0	0.0	0.0	0.0
34.0	0.0	0.0	0.0	0.0	0.0
0.0	1.0	0.0	0.0	0.0	0.0
5.0	4.0	0.0	0.0	0.0	0.0
5.0	0.0	0.0	0.0	0.0	0.0
0.0	4.0	0.0	0.0	0.0	0.0
6.0	9.0	0.0	0.0	1.0	4.0
6.0	0.0	0.0	0.0	0.0	0.0
0.0	9.0	0.0	0.0	1.0	4.0
0.0	0.0	0.0	0.0	1.0	3.0
0.0	0.0	0.0	0.0	0.0	3.0
0.0	0.0	0.0	0.0	1.0	0.0
0.0	9.0	0.0	0.0	0.0	1.0
0.0	9.0	0.0	0.0	0.0	0.0
0.0	0.0	0.0	0.0	0.0	1.0
13.0	53.0	0.0	0.0	0.0	3.0
3.0	53.0	0.0	0.0	0.0	3.0
3.0	53.0	0.0	0.0	0.0	0.0
2.0	0.0	0.0	0.0	0.0	0.0
1.0	53.0	0.0	0.0	0.0	0.0
0.0	53.0	0.0	0.0	0.0	0.0
1.0	0.0	0.0	0.0	0.0	0.0
0.0	0.0	0.0	0.0	0.0	3.0
10.0	0.0	0.0	0.0	0.0	0.0
