# Sizes (NFeatures, Nclasses, NodeCount, MaxDepth)
14	6	175	15
# Classes
0.0	1.0	2.0	3.0	4.0	5.0
# Feature Names
Nrows	Ncols	Nnnz	AvgNnnz	Density	MaxRowNnnz	MinRowNnnz	StdRowNnnz	NDiags	NTrueDiags	AvgNnnzDia	AvgNnnzELL	AvgNnnzHyb	AvgNnnzHdc
# Left
1	2	3	4	5	-1	7	8	9	10	-1	-1	-1	14	-1	-1	-1	18	-1	20	-1	-1	23	24	25	26	27	-1	-1	30	31	32	33	34	-1	36	-1	38	-1	40	-1	-1	-1	44	-1	-1	-1	-1	49	50	-1	-1	-1	-1	-1	56	57	58	59	60	61	62	63	64	-1	-1	-1	68	-1	70	71	-1	-1	-1	75	-1	77	78	-1	-1	-1	82	-1	84	85	-1	-1	88	89	-1	-1	92	-1	94	-1	-1	-1	98	99	100	-1	-1	103	-1	-1	106	107	-1	-1	-1	-1	112	113	-1	115	116	117	-1	-1	-1	-1	122	-1	124	-1	126	-1	128	-1	-1	131	132	133	134	-1	-1	-1	138	139	140	141	-1	-1	-1	145	-1	147	-1	-1	150	151	-1	153	-1	-1	156	-1	-1	159	160	-1	162	-1	-1	165	166	-1	168	-1	-1	171	172	-1	-1	-1
# Right
130	55	22	17	6	-1	16	13	12	11	-1	-1	-1	15	-1	-1	-1	19	-1	21	-1	-1	54	53	48	29	28	-1	-1	47	46	43	42	35	-1	37	-1	39	-1	41	-1	-1	-1	45	-1	-1	-1	-1	52	51	-1	-1	-1	-1	-1	111	110	97	96	81	74	67	66	65	-1	-1	-1	69	-1	73	72	-1	-1	-1	76	-1	80	79	-1	-1	-1	83	-1	87	86	-1	-1	91	90	-1	-1	93	-1	95	-1	-1	-1	105	102	101	-1	-1	104	-1	-1	109	108	-1	-1	-1	-1	121	114	-1	120	119	118	-1	-1	-1	-1	123	-1	125	-1	127	-1	129	-1	-1	158	137	136	135	-1	-1	-1	149	144	143	142	-1	-1	-1	146	-1	148	-1	-1	155	152	-1	154	-1	-1	157	-1	-1	164	161	-1	163	-1	-1	170	167	-1	169	-1	-1	174	173	-1	-1	-1
# Threshold
1483.0	57.5	2432.0	35.5	0.25178850442171097	-2.0	18.714099884033203	0.21734700351953506	0.002221404924057424	0.0016429249662905931	-2.0	-2.0	-2.0	0.2882609963417053	-2.0	-2.0	-2.0	7.5	-2.0	0.04217830020934343	-2.0	-2.0	763215.0	17918.5	6.5	2.5	3348.0	-2.0	-2.0	0.9681819975376129	0.9613580107688904	1.9984949827194214	0.935600996017456	8.0	-2.0	7.5	-2.0	4.386995077133179	-2.0	0.005974055151455104	-2.0	-2.0	-2.0	17.659850120544434	-2.0	-2.0	-2.0	-2.0	1.240964949131012	0.4697505086660385	-2.0	-2.0	-2.0	-2.0	-2.0	6623025.0	0.529482513666153	52238.0	275.0	0.06222379952669144	34.496999740600586	13307.5	1578.0	1502.5	-2.0	-2.0	-2.0	13317.0	-2.0	0.7667734920978546	22.078550338745117	-2.0	-2.0	-2.0	8.92127513885498	-2.0	0.0015501650050282478	11077.0	-2.0	-2.0	-2.0	0.06385109946131706	-2.0	10.0	6.0	-2.0	-2.0	0.26224149763584137	115.5	-2.0	-2.0	0.13463299721479416	-2.0	0.0789709985256195	-2.0	-2.0	-2.0	1.0065405070781708	9.261905193328857	172.0	-2.0	-2.0	247907.5	-2.0	-2.0	3.3183200359344482	0.5119065046310425	-2.0	-2.0	-2.0	-2.0	0.0016238699899986386	0.05089090019464493	-2.0	103.33300018310547	8123185.0	1.6664549708366394	-2.0	-2.0	-2.0	-2.0	47.0	-2.0	114.0	-2.0	0.008120734943076968	-2.0	0.5206474959850311	-2.0	-2.0	3.5	159800.5	0.004827145021408796	10.868550300598145	-2.0	-2.0	-2.0	20.481249809265137	0.4894754886627197	0.5	0.38396500051021576	-2.0	-2.0	-2.0	2.0	-2.0	0.0025455099530518055	-2.0	-2.0	1.5	7985.5	-2.0	0.5849010050296783	-2.0	-2.0	93323.0	-2.0	-2.0	100.56435012817383	3.9022200107574463	-2.0	0.0004625805013347417	-2.0	-2.0	0.8961324989795685	0.3788674920797348	-2.0	10.5	-2.0	-2.0	72.97994995117188	79716.0	-2.0	-2.0	-2.0
# Feature
5	8	2	8	13	-2	12	4	4	4	-2	-2	-2	4	-2	-2	-2	5	-2	4	-2	-2	1	2	6	5	1	-2	-2	11	11	7	11	8	-2	5	-2	3	-2	4	-2	-2	-2	3	-2	-2	-2	-2	7	13	-2	-2	-2	-2	-2	2	4	8	9	4	7	8	2	2	-2	-2	-2	8	-2	12	7	-2	-2	-2	3	-2	10	8	-2	-2	-2	4	-2	5	9	-2	-2	13	0	-2	-2	4	-2	10	-2	-2	-2	12	7	5	-2	-2	0	-2	-2	3	13	-2	-2	-2	-2	10	11	-2	7	2	12	-2	-2	-2	-2	5	-2	5	-2	10	-2	13	-2	-2	9	2	11	3	-2	-2	-2	3	13	6	12	-2	-2	-2	9	-2	11	-2	-2	6	5	-2	12	-2	-2	1	-2	-2	7	3	-2	11	-2	-2	12	13	-2	6	-2	-2	3	1	-2	-2	-2
# Values
152.0	1407.0	89.0	1.0	1.0	34.0
30.0	1307.0	89.0	1.0	0.0	29.0
0.0	124.0	79.0	0.0	0.0	0.0
0.0	21.0	53.0	0.0	0.0	0.0
0.0	9.0	45.0	0.0	0.0	0.0
0.0	3.0	0.0	0.0	0.0	0.0
0.0	6.0	45.0	0.0	0.0	0.0
0.0	5.0	45.0	0.0	0.0	0.0
0.0	1.0	32.0	0.0	0.0	0.0
0.0	1.0	7.0	0.0	0.0	0.0
0.0	0.0	7.0	0.0	0.0	0.0
0.0	1.0	0.0	0.0	0.0	0.0
0.0	0.0	25.0	0.0	0.0	0.0
0.0	4.0	13.0	0.0	0.0	0.0
0.0	4.0	0.0	0.0	0.0	0.0
0.0	0.0	13.0	0.0	0.0	0.0
0.0	1.0	0.0	0.0	0.0	0.0
0.0	12.0	8.0	0.0	0.0	0.0
0.0	9.0	0.0	0.0	0.0	0.0
0.0	3.0	8.0	0.0	0.0	0.0
0.0	3.0	0.0	0.0	0.0	0.0
0.0	0.0	8.0	0.0	0.0	0.0
0.0	103.0	26.0	0.0	0.0	0.0
0.0	103.0	20.0	0.0	0.0	0.0
0.0	57.0	20.0	0.0	0.0	0.0
0.0	55.0	14.0	0.0	0.0	0.0
0.0	1.0	3.0	0.0	0.0	0.0
0.0	1.0	0.0	0.0	0.0	0.0
0.0	0.0	3.0	0.0	0.0	0.0
0.0	54.0	11.0	0.0	0.0	0.0
0.0	38.0	11.0	0.0	0.0	0.0
0.0	38.0	8.0	0.0	0.0	0.0
0.0	18.0	7.0	0.0	0.0	0.0
0.0	12.0	7.0	0.0	0.0	0.0
0.0	0.0	2.0	0.0	0.0	0.0
0.0	12.0	5.0	0.0	0.0	0.0
0.0	4.0	0.0	0.0	0.0	0.0
0.0	8.0	5.0	0.0	0.0	0.0
0.0	4.0	3.0	0.0	0.0	0.0
0.0	4.0	2.0	0.0	0.0	0.0
0.0	2.0	1.0	0.0	0.0	0.0
0.0	2.0	1.0	0.0	0.0	0.0
0.0	6.0	0.0	0.0	0.0	0.0
0.0	20.0	1.0	0.0	0.0	0.0
0.0	18.0	0.0	0.0	0.0	0.0
0.0	2.0	1.0	0.0	0.0	0.0
0.0	0.0	3.0	0.0	0.0	0.0
0.0	16.0	0.0	0.0	0.0	0.0
0.0	2.0	6.0	0.0	0.0	0.0
0.0	2.0	1.0	0.0	0.0	0.0
0.0	2.0	0.0	0.0	0.0	0.0
0.0	0.0	1.0	0.0	0.0	0.0
0.0	0.0	5.0	0.0	0.0	0.0
0.0	46.0	0.0	0.0	0.0	0.0
0.0	0.0	6.0	0.0	0.0	0.0
30.0	1183.0	10.0	1.0	0.0	29.0
22.0	1097.0	10.0	1.0	0.0	0.0
22.0	1097.0	6.0	1.0	0.0	0.0
8.0	1035.0	6.0	1.0	0.0	0.0
7.0	1035.0	6.0	1.0	0.0	0.0
7.0	1002.0	0.0	1.0	0.0	0.0
2.0	960.0	0.0	1.0	0.0	0.0
0.0	830.0	0.0	1.0	0.0	0.0
0.0	84.0	0.0	1.0	0.0	0.0
0.0	41.0	0.0	0.0	0.0	0.0
0.0	43.0	0.0	1.0	0.0	0.0
0.0	746.0	0.0	0.0	0.0	0.0
2.0	130.0	0.0	0.0	0.0	0.0
1.0	0.0	0.0	0.0	0.0	0.0
1.0	130.0	0.0	0.0	0.0	0.0
1.0	2.0	0.0	0.0	0.0	0.0
1.0	0.0	0.0	0.0	0.0	0.0
0.0	2.0	0.0	0.0	0.0	0.0
0.0	128.0	0.0	0.0	0.0	0.0
5.0	42.0	0.0	0.0	0.0	0.0
3.0	0.0	0.0	0.0	0.0	0.0
2.0	42.0	0.0	0.0	0.0	0.0
2.0	4.0	0.0	0.0	0.0	0.0
2.0	0.0	0.0	0.0	0.0	0.0
0.0	4.0	0.0	0.0	0.0	0.0
0.0	38.0	0.0	0.0	0.0	0.0
0.0	33.0	6.0	0.0	0.0	0.0
0.0	0.0	2.0	0.0	0.0	0.0
0.0	33.0	4.0	0.0	0.0	0.0
0.0	1.0	2.0	0.0	0.0	0.0
0.0	0.0	1.0	0.0	0.0	0.0
0.0	1.0	1.0	0.0	0.0	0.0
0.0	32.0	2.0	0.0	0.0	0.0
0.0	1.0	1.0	0.0	0.0	0.0
0.0	1.0	0.0	0.0	0.0	0.0
0.0	0.0	1.0	0.0	0.0	0.0
0.0	31.0	1.0	0.0	0.0	0.0
0.0	27.0	0.0	0.0	0.0	0.0
0.0	4.0	1.0	0.0	0.0	0.0
0.0	0.0	1.0	0.0	0.0	0.0
0.0	4.0	0.0	0.0	0.0	0.0
1.0	0.0	0.0	0.0	0.0	0.0
14.0	62.0	0.0	0.0	0.0	0.0
12.0	4.0	0.0	0.0	0.0	0.0
1.0	3.0	0.0	0.0	0.0	0.0
1.0	0.0	0.0	0.0	0.0	0.0
0.0	3.0	0.0	0.0	0.0	0.0
11.0	1.0	0.0	0.0	0.0	0.0
11.0	0.0	0.0	0.0	0.0	0.0
0.0	1.0	0.0	0.0	0.0	0.0
2.0	58.0	0.0	0.0	0.0	0.0
2.0	1.0	0.0	0.0	0.0	0.0
0.0	1.0	0.0	0.0	0.0	0.0
2.0	0.0	0.0	0.0	0.0	0.0
0.0	57.0	0.0	0.0	0.0	0.0
0.0	0.0	4.0	0.0	0.0	0.0
8.0	86.0	0.0	0.0	0.0	29.0
4.0	78.0	0.0	0.0	0.0	5.0
4.0	0.0	0.0	0.0	0.0	0.0
0.0	78.0	0.0	0.0	0.0	5.0
0.0	78.0	0.0	0.0	0.0	2.0
0.0	1.0	0.0	0.0	0.0	2.0
0.0	1.0	0.0	0.0	0.0	0.0
0.0	0.0	0.0	0.0	0.0	2.0
0.0	77.0	0.0	0.0	0.0	0.0
0.0	0.0	0.0	0.0	0.0	3.0
4.0	8.0	0.0	0.0	0.0	24.0
0.0	0.0	0.0	0.0	0.0	18.0
4.0	8.0	0.0	0.0	0.0	6.0
0.0	7.0	0.0	0.0	0.0	0.0
4.0	1.0	0.0	0.0	0.0	6.0
0.0	0.0	0.0	0.0	0.0	6.0
4.0	1.0	0.0	0.0	0.0	0.0
4.0	0.0	0.0	0.0	0.0	0.0
0.0	1.0	0.0	0.0	0.0	0.0
122.0	100.0	0.0	0.0	1.0	5.0
90.0	30.0	0.0	0.0	1.0	4.0
4.0	16.0	0.0	0.0	0.0	0.0
1.0	16.0	0.0	0.0	0.0	0.0
0.0	16.0	0.0	0.0	0.0	0.0
1.0	0.0	0.0	0.0	0.0	0.0
3.0	0.0	0.0	0.0	0.0	0.0
86.0	14.0	0.0	0.0	1.0	4.0
80.0	9.0	0.0	0.0	0.0	0.0
72.0	1.0	0.0	0.0	0.0	0.0
10.0	1.0	0.0	0.0	0.0	0.0
0.0	1.0	0.0	0.0	0.0	0.0
10.0	0.0	0.0	0.0	0.0	0.0
62.0	0.0	0.0	0.0	0.0	0.0
8.0	8.0	0.0	0.0	0.0	0.0
7.0	0.0	0.0	0.0	0.0	0.0
1.0	8.0	0.0	0.0	0.0	0.0
0.0	8.0	0.0	0.0	0.0	0.0
1.0	0.0	0.0	0.0	0.0	0.0
6.0	5.0	0.0	0.0	1.0	4.0
0.0	5.0	0.0	0.0	0.0	4.0
0.0	3.0	0.0	0.0	0.0	0.0
0.0	2.0	0.0	0.0	0.0	4.0
0.0	2.0	0.0	0.0	0.0	0.0
0.0	0.0	0.0	0.0	0.0	4.0
6.0	0.0	0.0	0.0	1.0	0.0
6.0	0.0	0.0	0.0	0.0	0.0
0.0	0.0	0.0	0.0	1.0	0.0
32.0	70.0	0.0	0.0	0.0	1.0
2.0	61.0	0.0	0.0	0.0	0.0
1.0	0.0	0.0	0.0	0.0	0.0
1.0	61.0	0.0	0.0	0.0	0.0
1.0	0.0	0.0	0.0	0.0	0.0
0.0	61.0	0.0	0.0	0.0	0.0
30.0	9.0	0.0	0.0	0.0	1.0
29.0	3.0	0.0	0.0	0.0	0.0
26.0	0.0	0.0	0.0	0.0	0.0
3.0	3.0	0.0	0.0	0.0	0.0
3.0	0.0	0.0	0.0	0.0	0.0
0.0	3.0	0.0	0.0	0.0	0.0
1.0	6.0	0.0	0.0	0.0	1.0
1.0	0.0	0.0	0.0	0.0	1.0
1.0	0.0	0.0	0.0	0.0	0.0
0.0	0.0	0.0	0.0	0.0	1.0
0.0	6.0	0.0	0.0	0.0	0.0
