# Sizes (NFeatures, Nclasses, NodeCount, MaxDepth)
14	6	159	10
# Classes
0.0	1.0	2.0	3.0	4.0	5.0
# Feature Names
Nrows	Ncols	Nnnz	AvgNnnz	Density	MaxRowNnnz	MinRowNnnz	StdRowNnnz	NDiags	NTrueDiags	AvgNnnzDia	AvgNnnzELL	AvgNnnzHyb	AvgNnnzHdc
# Left
1	2	3	4	5	-1	-1	8	9	10	-1	-1	-1	14	15	-1	17	-1	-1	-1	21	-1	23	24	-1	-1	27	28	-1	30	-1	-1	33	-1	-1	36	37	38	39	40	-1	-1	43	44	45	46	-1	-1	-1	-1	51	52	-1	54	-1	-1	-1	58	59	60	61	-1	63	-1	-1	-1	67	68	-1	-1	-1	-1	73	74	75	-1	-1	-1	79	80	81	82	-1	-1	85	-1	87	-1	-1	90	-1	-1	-1	94	95	96	-1	-1	-1	100	-1	102	103	104	-1	-1	107	-1	-1	110	-1	-1	113	114	115	-1	-1	118	119	120	121	122	123	124	-1	-1	-1	128	129	-1	-1	132	-1	-1	-1	-1	-1	138	139	-1	141	-1	-1	144	-1	-1	147	148	149	150	-1	-1	-1	-1	155	-1	157	-1	-1
# Right
112	35	20	7	6	-1	-1	13	12	11	-1	-1	-1	19	16	-1	18	-1	-1	-1	22	-1	26	25	-1	-1	32	29	-1	31	-1	-1	34	-1	-1	93	72	57	42	41	-1	-1	50	49	48	47	-1	-1	-1	-1	56	53	-1	55	-1	-1	-1	71	66	65	62	-1	64	-1	-1	-1	70	69	-1	-1	-1	-1	78	77	76	-1	-1	-1	92	89	84	83	-1	-1	86	-1	88	-1	-1	91	-1	-1	-1	99	98	97	-1	-1	-1	101	-1	109	106	105	-1	-1	108	-1	-1	111	-1	-1	146	117	116	-1	-1	137	136	135	134	127	126	125	-1	-1	-1	131	130	-1	-1	133	-1	-1	-1	-1	-1	143	140	-1	142	-1	-1	145	-1	-1	154	153	152	151	-1	-1	-1	-1	156	-1	158	-1	-1
# Threshold
1360.0	241.5	50.5	15.0	7.407285213470459	-2.0	-2.0	0.7080810070037842	3.245270013809204	1.0914199948310852	-2.0	-2.0	-2.0	0.45934900641441345	31.0	-2.0	0.37251050770282745	-2.0	-2.0	-2.0	0.06201170012354851	-2.0	0.08103394880890846	0.163782998919487	-2.0	-2.0	0.33104200661182404	0.5123914927244186	-2.0	3.0	-2.0	-2.0	60.5	-2.0	-2.0	8268715.0	45281.5	22.5	452.5	0.9987500011920929	-2.0	-2.0	2890.0	748.5	0.6511579751968384	0.5483744889497757	-2.0	-2.0	-2.0	-2.0	0.8815670013427734	1.6499000191688538	-2.0	7.5	-2.0	-2.0	-2.0	199.177001953125	0.012559050228446722	0.012165450025349855	34.17514991760254	-2.0	5699.5	-2.0	-2.0	-2.0	32.5	31.5	-2.0	-2.0	-2.0	-2.0	0.881411999464035	1226.0	321633.0	-2.0	-2.0	-2.0	56.50975036621094	1069750.0	33690.0	32343.0	-2.0	-2.0	6460295.0	-2.0	3.9209998846054077	-2.0	-2.0	1.5503950119018555	-2.0	-2.0	-2.0	0.0014907150180079043	0.9708750247955322	2115698.0	-2.0	-2.0	-2.0	37.5	-2.0	55.0	36528650.0	0.04453535005450249	-2.0	-2.0	3183395.0	-2.0	-2.0	374.5	-2.0	-2.0	3.5	8544.0	11.483099937438965	-2.0	-2.0	73.04439926147461	0.00894690491259098	0.001531900023110211	0.00021192049462115392	7.678099870681763	37.657999992370605	0.0005943099968135357	-2.0	-2.0	-2.0	8.313819885253906	486164.5	-2.0	-2.0	0.5516390204429626	-2.0	-2.0	-2.0	-2.0	-2.0	7.0	81.91495132446289	-2.0	0.3343700021505356	-2.0	-2.0	61439.0	-2.0	-2.0	203.73550415039062	11.441150188446045	80112.5	8.28348994255066	-2.0	-2.0	-2.0	-2.0	0.8961324989795685	-2.0	0.0013924450031481683	-2.0	-2.0
# Feature
5	1	8	8	12	-2	-2	11	7	7	-2	-2	-2	13	8	-2	13	-2	-2	-2	4	-2	4	11	-2	-2	13	11	-2	6	-2	-2	9	-2	-2	2	8	8	1	3	-2	-2	2	0	11	11	-2	-2	-2	-2	11	12	-2	5	-2	-2	-2	7	11	11	7	-2	0	-2	-2	-2	8	8	-2	-2	-2	-2	12	5	1	-2	-2	-2	7	0	1	1	-2	-2	2	-2	7	-2	-2	12	-2	-2	-2	10	12	0	-2	-2	-2	8	-2	9	2	10	-2	-2	0	-2	-2	5	-2	-2	9	8	3	-2	-2	3	11	11	10	3	7	11	-2	-2	-2	3	8	-2	-2	13	-2	-2	-2	-2	-2	6	3	-2	13	-2	-2	1	-2	-2	7	3	1	3	-2	-2	-2	-2	12	-2	10	-2	-2
# Values
149.0	1417.0	89.0	0.0	1.0	28.0
33.0	1337.0	89.0	0.0	0.0	22.0
0.0	75.0	64.0	0.0	0.0	0.0
0.0	16.0	47.0	0.0	0.0	0.0
0.0	1.0	26.0	0.0	0.0	0.0
0.0	0.0	26.0	0.0	0.0	0.0
0.0	1.0	0.0	0.0	0.0	0.0
0.0	15.0	21.0	0.0	0.0	0.0
0.0	4.0	15.0	0.0	0.0	0.0
0.0	1.0	15.0	0.0	0.0	0.0
0.0	1.0	0.0	0.0	0.0	0.0
0.0	0.0	15.0	0.0	0.0	0.0
0.0	3.0	0.0	0.0	0.0	0.0
0.0	11.0	6.0	0.0	0.0	0.0
0.0	11.0	3.0	0.0	0.0	0.0
0.0	10.0	0.0	0.0	0.0	0.0
0.0	1.0	3.0	0.0	0.0	0.0
0.0	0.0	3.0	0.0	0.0	0.0
0.0	1.0	0.0	0.0	0.0	0.0
0.0	0.0	3.0	0.0	0.0	0.0
0.0	59.0	17.0	0.0	0.0	0.0
0.0	32.0	0.0	0.0	0.0	0.0
0.0	27.0	17.0	0.0	0.0	0.0
0.0	1.0	7.0	0.0	0.0	0.0
0.0	1.0	0.0	0.0	0.0	0.0
0.0	0.0	7.0	0.0	0.0	0.0
0.0	26.0	10.0	0.0	0.0	0.0
0.0	6.0	9.0	0.0	0.0	0.0
0.0	0.0	7.0	0.0	0.0	0.0
0.0	6.0	2.0	0.0	0.0	0.0
0.0	4.0	0.0	0.0	0.0	0.0
0.0	2.0	2.0	0.0	0.0	0.0
0.0	20.0	1.0	0.0	0.0	0.0
0.0	20.0	0.0	0.0	0.0	0.0
0.0	0.0	1.0	0.0	0.0	0.0
33.0	1262.0	25.0	0.0	0.0	22.0
27.0	1191.0	19.0	0.0	0.0	1.0
6.0	1099.0	19.0	0.0	0.0	0.0
0.0	86.0	18.0	0.0	0.0	0.0
0.0	2.0	10.0	0.0	0.0	0.0
0.0	2.0	0.0	0.0	0.0	0.0
0.0	0.0	10.0	0.0	0.0	0.0
0.0	84.0	8.0	0.0	0.0	0.0
0.0	5.0	4.0	0.0	0.0	0.0
0.0	5.0	2.0	0.0	0.0	0.0
0.0	2.0	2.0	0.0	0.0	0.0
0.0	1.0	1.0	0.0	0.0	0.0
0.0	1.0	1.0	0.0	0.0	0.0
0.0	3.0	0.0	0.0	0.0	0.0
0.0	0.0	2.0	0.0	0.0	0.0
0.0	79.0	4.0	0.0	0.0	0.0
0.0	17.0	4.0	0.0	0.0	0.0
0.0	16.0	0.0	0.0	0.0	0.0
0.0	1.0	4.0	0.0	0.0	0.0
0.0	0.0	3.0	0.0	0.0	0.0
0.0	1.0	1.0	0.0	0.0	0.0
0.0	62.0	0.0	0.0	0.0	0.0
6.0	1013.0	1.0	0.0	0.0	0.0
4.0	1013.0	1.0	0.0	0.0	0.0
4.0	111.0	0.0	0.0	0.0	0.0
2.0	111.0	0.0	0.0	0.0	0.0
0.0	104.0	0.0	0.0	0.0	0.0
2.0	7.0	0.0	0.0	0.0	0.0
0.0	7.0	0.0	0.0	0.0	0.0
2.0	0.0	0.0	0.0	0.0	0.0
2.0	0.0	0.0	0.0	0.0	0.0
0.0	902.0	1.0	0.0	0.0	0.0
0.0	12.0	1.0	0.0	0.0	0.0
0.0	12.0	0.0	0.0	0.0	0.0
0.0	0.0	1.0	0.0	0.0	0.0
0.0	890.0	0.0	0.0	0.0	0.0
2.0	0.0	0.0	0.0	0.0	0.0
21.0	92.0	0.0	0.0	0.0	1.0
13.0	3.0	0.0	0.0	0.0	0.0
13.0	1.0	0.0	0.0	0.0	0.0
13.0	0.0	0.0	0.0	0.0	0.0
0.0	1.0	0.0	0.0	0.0	0.0
0.0	2.0	0.0	0.0	0.0	0.0
8.0	89.0	0.0	0.0	0.0	1.0
6.0	89.0	0.0	0.0	0.0	1.0
2.0	85.0	0.0	0.0	0.0	1.0
2.0	6.0	0.0	0.0	0.0	0.0
0.0	6.0	0.0	0.0	0.0	0.0
2.0	0.0	0.0	0.0	0.0	0.0
0.0	79.0	0.0	0.0	0.0	1.0
0.0	74.0	0.0	0.0	0.0	0.0
0.0	5.0	0.0	0.0	0.0	1.0
0.0	0.0	0.0	0.0	0.0	1.0
0.0	5.0	0.0	0.0	0.0	0.0
4.0	4.0	0.0	0.0	0.0	0.0
0.0	4.0	0.0	0.0	0.0	0.0
4.0	0.0	0.0	0.0	0.0	0.0
2.0	0.0	0.0	0.0	0.0	0.0
6.0	71.0	6.0	0.0	0.0	21.0
2.0	61.0	0.0	0.0	0.0	0.0
2.0	2.0	0.0	0.0	0.0	0.0
0.0	2.0	0.0	0.0	0.0	0.0
2.0	0.0	0.0	0.0	0.0	0.0
0.0	59.0	0.0	0.0	0.0	0.0
4.0	10.0	6.0	0.0	0.0	21.0
0.0	0.0	6.0	0.0	0.0	0.0
4.0	10.0	0.0	0.0	0.0	21.0
0.0	6.0	0.0	0.0	0.0	21.0
0.0	2.0	0.0	0.0	0.0	20.0
0.0	0.0	0.0	0.0	0.0	20.0
0.0	2.0	0.0	0.0	0.0	0.0
0.0	4.0	0.0	0.0	0.0	1.0
0.0	4.0	0.0	0.0	0.0	0.0
0.0	0.0	0.0	0.0	0.0	1.0
4.0	4.0	0.0	0.0	0.0	0.0
0.0	4.0	0.0	0.0	0.0	0.0
4.0	0.0	0.0	0.0	0.0	0.0
116.0	80.0	0.0	0.0	1.0	6.0
100.0	19.0	0.0	0.0	1.0	4.0
1.0	6.0	0.0	0.0	0.0	0.0
0.0	6.0	0.0	0.0	0.0	0.0
1.0	0.0	0.0	0.0	0.0	0.0
99.0	13.0	0.0	0.0	1.0	4.0
97.0	10.0	0.0	0.0	0.0	0.0
97.0	9.0	0.0	0.0	0.0	0.0
44.0	9.0	0.0	0.0	0.0	0.0
44.0	6.0	0.0	0.0	0.0	0.0
33.0	1.0	0.0	0.0	0.0	0.0
1.0	1.0	0.0	0.0	0.0	0.0
0.0	1.0	0.0	0.0	0.0	0.0
1.0	0.0	0.0	0.0	0.0	0.0
32.0	0.0	0.0	0.0	0.0	0.0
11.0	5.0	0.0	0.0	0.0	0.0
1.0	4.0	0.0	0.0	0.0	0.0
1.0	0.0	0.0	0.0	0.0	0.0
0.0	4.0	0.0	0.0	0.0	0.0
10.0	1.0	0.0	0.0	0.0	0.0
10.0	0.0	0.0	0.0	0.0	0.0
0.0	1.0	0.0	0.0	0.0	0.0
0.0	3.0	0.0	0.0	0.0	0.0
53.0	0.0	0.0	0.0	0.0	0.0
0.0	1.0	0.0	0.0	0.0	0.0
2.0	3.0	0.0	0.0	1.0	4.0
0.0	3.0	0.0	0.0	0.0	4.0
0.0	0.0	0.0	0.0	0.0	3.0
0.0	3.0	0.0	0.0	0.0	1.0
0.0	0.0	0.0	0.0	0.0	1.0
0.0	3.0	0.0	0.0	0.0	0.0
2.0	0.0	0.0	0.0	1.0	0.0
2.0	0.0	0.0	0.0	0.0	0.0
0.0	0.0	0.0	0.0	1.0	0.0
16.0	61.0	0.0	0.0	0.0	2.0
6.0	59.0	0.0	0.0	0.0	0.0
6.0	8.0	0.0	0.0	0.0	0.0
2.0	8.0	0.0	0.0	0.0	0.0
0.0	8.0	0.0	0.0	0.0	0.0
2.0	0.0	0.0	0.0	0.0	0.0
4.0	0.0	0.0	0.0	0.0	0.0
0.0	51.0	0.0	0.0	0.0	0.0
10.0	2.0	0.0	0.0	0.0	2.0
10.0	0.0	0.0	0.0	0.0	0.0
0.0	2.0	0.0	0.0	0.0	2.0
0.0	0.0	0.0	0.0	0.0	2.0
0.0	2.0	0.0	0.0	0.0	0.0
