# Sizes (NFeatures, Nclasses, NodeCount, MaxDepth)
14	6	171	12
# Classes
0.0	1.0	2.0	3.0	4.0	5.0
# Feature Names
Nrows	Ncols	Nnnz	AvgNnnz	Density	MaxRowNnnz	MinRowNnnz	StdRowNnnz	NDiags	NTrueDiags	AvgNnnzDia	AvgNnnzELL	AvgNnnzHyb	AvgNnnzHdc
# Left
1	2	3	4	5	-1	7	8	9	-1	11	-1	-1	14	-1	-1	17	-1	19	20	-1	-1	-1	24	25	26	-1	28	-1	-1	31	-1	-1	34	-1	36	-1	-1	39	40	41	42	43	44	45	46	-1	-1	-1	-1	-1	52	53	-1	-1	56	57	-1	59	-1	-1	-1	-1	-1	65	-1	-1	68	69	70	71	72	73	74	75	76	-1	78	-1	-1	81	-1	-1	-1	-1	86	87	88	-1	-1	-1	-1	93	-1	-1	96	97	98	-1	-1	-1	102	103	-1	-1	106	107	108	-1	-1	-1	-1	113	114	115	-1	-1	-1	119	120	121	-1	-1	-1	-1	126	-1	-1	129	130	131	132	133	-1	-1	-1	137	138	139	-1	141	142	-1	-1	-1	146	147	-1	-1	-1	151	152	-1	-1	-1	156	-1	158	-1	-1	161	162	163	-1	-1	166	-1	168	-1	-1	-1
# Right
128	67	38	23	6	-1	16	13	10	-1	12	-1	-1	15	-1	-1	18	-1	22	21	-1	-1	-1	33	30	27	-1	29	-1	-1	32	-1	-1	35	-1	37	-1	-1	64	63	62	51	50	49	48	47	-1	-1	-1	-1	-1	55	54	-1	-1	61	58	-1	60	-1	-1	-1	-1	-1	66	-1	-1	125	112	95	92	85	84	83	80	77	-1	79	-1	-1	82	-1	-1	-1	-1	91	90	89	-1	-1	-1	-1	94	-1	-1	101	100	99	-1	-1	-1	105	104	-1	-1	111	110	109	-1	-1	-1	-1	118	117	116	-1	-1	-1	124	123	122	-1	-1	-1	-1	127	-1	-1	160	155	136	135	134	-1	-1	-1	150	145	140	-1	144	143	-1	-1	-1	149	148	-1	-1	-1	154	153	-1	-1	-1	157	-1	159	-1	-1	170	165	164	-1	-1	167	-1	169	-1	-1	-1
# Threshold
1353.5	77.5	2432.0	1.3566749691963196	0.028516501188278198	-2.0	3.5	452.5	0.7502084970474243	-2.0	0.012040034867823124	-2.0	-2.0	0.0016429249662905931	-2.0	-2.0	3.632365107536316	-2.0	0.10850000008940697	40.5	-2.0	-2.0	-2.0	1.0317299962043762	0.7939999997615814	10.0	-2.0	11.5	-2.0	-2.0	1.5	-2.0	-2.0	1.3975099921226501	-2.0	2260.0	-2.0	-2.0	6035110.0	17404.0	13082.5	0.5766344964504242	3.849720001220703	6.393870115280151	3.945590019226074	0.25499149411916733	-2.0	-2.0	-2.0	-2.0	-2.0	0.7994000017642975	6066.5	-2.0	-2.0	1.240964949131012	3348.0	-2.0	3581.0	-2.0	-2.0	-2.0	-2.0	-2.0	37.5	-2.0	-2.0	13.212650299072266	39.62899971008301	52345.0	0.990576982498169	0.06201170012354851	0.8713645040988922	0.8654355108737946	34.17514991760254	24137.5	-2.0	1.5	-2.0	-2.0	10.690820217132568	-2.0	-2.0	-2.0	-2.0	1.2123299837112427	0.10034209862351418	0.163782998919487	-2.0	-2.0	-2.0	-2.0	0.371814489364624	-2.0	-2.0	0.881411999464035	0.3748989999294281	0.33660151064395905	-2.0	-2.0	-2.0	53559.5	22.387649536132812	-2.0	-2.0	512.5	66539.5	7.087545100148418e-06	-2.0	-2.0	-2.0	-2.0	35308.0	0.002000195032451302	1.5	-2.0	-2.0	-2.0	13.5	0.0011453685292508453	773643.0	-2.0	-2.0	-2.0	-2.0	0.5355970114469528	-2.0	-2.0	7.0	0.4894754886627197	22342.0	0.423849493265152	2.5	-2.0	-2.0	-2.0	46.975650787353516	5.132339954376221	3.56898008249118e-05	-2.0	331319.0	8375.5	-2.0	-2.0	-2.0	0.5	0.37960000336170197	-2.0	-2.0	-2.0	393216.0	7.5	-2.0	-2.0	-2.0	4.770169973373413	-2.0	0.6250649988651276	-2.0	-2.0	10734.5	0.24491050839424133	0.13906149938702583	-2.0	-2.0	234.22150421142578	-2.0	22837.0	-2.0	-2.0	-2.0
# Feature
5	8	2	12	10	-2	9	1	10	-2	4	-2	-2	4	-2	-2	3	-2	10	1	-2	-2	-2	7	10	0	-2	9	-2	-2	6	-2	-2	7	-2	2	-2	-2	2	2	2	10	12	7	3	10	-2	-2	-2	-2	-2	10	2	-2	-2	7	1	-2	0	-2	-2	-2	-2	-2	8	-2	-2	12	7	8	13	4	12	12	7	8	-2	6	-2	-2	3	-2	-2	-2	-2	12	10	11	-2	-2	-2	-2	11	-2	-2	12	13	13	-2	-2	-2	8	3	-2	-2	5	8	4	-2	-2	-2	-2	0	10	6	-2	-2	-2	6	4	0	-2	-2	-2	-2	7	-2	-2	9	13	1	13	6	-2	-2	-2	3	3	10	-2	2	5	-2	-2	-2	9	12	-2	-2	-2	0	6	-2	-2	-2	3	-2	13	-2	-2	5	12	12	-2	-2	7	-2	8	-2	-2	-2
# Values
141.0	1432.0	77.0	0.0	0.0	34.0
34.0	1346.0	77.0	0.0	0.0	31.0
0.0	160.0	72.0	0.0	0.0	2.0
0.0	42.0	53.0	0.0	0.0	0.0
0.0	9.0	32.0	0.0	0.0	0.0
0.0	1.0	0.0	0.0	0.0	0.0
0.0	8.0	32.0	0.0	0.0	0.0
0.0	3.0	23.0	0.0	0.0	0.0
0.0	1.0	20.0	0.0	0.0	0.0
0.0	0.0	15.0	0.0	0.0	0.0
0.0	1.0	5.0	0.0	0.0	0.0
0.0	0.0	5.0	0.0	0.0	0.0
0.0	1.0	0.0	0.0	0.0	0.0
0.0	2.0	3.0	0.0	0.0	0.0
0.0	0.0	3.0	0.0	0.0	0.0
0.0	2.0	0.0	0.0	0.0	0.0
0.0	5.0	9.0	0.0	0.0	0.0
0.0	3.0	0.0	0.0	0.0	0.0
0.0	2.0	9.0	0.0	0.0	0.0
0.0	2.0	1.0	0.0	0.0	0.0
0.0	0.0	1.0	0.0	0.0	0.0
0.0	2.0	0.0	0.0	0.0	0.0
0.0	0.0	8.0	0.0	0.0	0.0
0.0	33.0	21.0	0.0	0.0	0.0
0.0	28.0	8.0	0.0	0.0	0.0
0.0	26.0	2.0	0.0	0.0	0.0
0.0	0.0	1.0	0.0	0.0	0.0
0.0	26.0	1.0	0.0	0.0	0.0
0.0	26.0	0.0	0.0	0.0	0.0
0.0	0.0	1.0	0.0	0.0	0.0
0.0	2.0	6.0	0.0	0.0	0.0
0.0	2.0	0.0	0.0	0.0	0.0
0.0	0.0	6.0	0.0	0.0	0.0
0.0	5.0	13.0	0.0	0.0	0.0
0.0	0.0	9.0	0.0	0.0	0.0
0.0	5.0	4.0	0.0	0.0	0.0
0.0	5.0	0.0	0.0	0.0	0.0
0.0	0.0	4.0	0.0	0.0	0.0
0.0	118.0	19.0	0.0	0.0	2.0
0.0	118.0	17.0	0.0	0.0	0.0
0.0	53.0	17.0	0.0	0.0	0.0
0.0	53.0	13.0	0.0	0.0	0.0
0.0	34.0	3.0	0.0	0.0	0.0
0.0	34.0	2.0	0.0	0.0	0.0
0.0	34.0	1.0	0.0	0.0	0.0
0.0	7.0	1.0	0.0	0.0	0.0
0.0	2.0	1.0	0.0	0.0	0.0
0.0	5.0	0.0	0.0	0.0	0.0
0.0	27.0	0.0	0.0	0.0	0.0
0.0	0.0	1.0	0.0	0.0	0.0
0.0	0.0	1.0	0.0	0.0	0.0
0.0	19.0	10.0	0.0	0.0	0.0
0.0	1.0	6.0	0.0	0.0	0.0
0.0	0.0	6.0	0.0	0.0	0.0
0.0	1.0	0.0	0.0	0.0	0.0
0.0	18.0	4.0	0.0	0.0	0.0
0.0	18.0	2.0	0.0	0.0	0.0
0.0	16.0	0.0	0.0	0.0	0.0
0.0	2.0	2.0	0.0	0.0	0.0
0.0	0.0	2.0	0.0	0.0	0.0
0.0	2.0	0.0	0.0	0.0	0.0
0.0	0.0	2.0	0.0	0.0	0.0
0.0	0.0	4.0	0.0	0.0	0.0
0.0	65.0	0.0	0.0	0.0	0.0
0.0	0.0	2.0	0.0	0.0	2.0
0.0	0.0	2.0	0.0	0.0	0.0
0.0	0.0	0.0	0.0	0.0	2.0
34.0	1186.0	5.0	0.0	0.0	29.0
34.0	1174.0	5.0	0.0	0.0	11.0
20.0	1139.0	5.0	0.0	0.0	4.0
4.0	1022.0	5.0	0.0	0.0	3.0
4.0	1019.0	5.0	0.0	0.0	0.0
4.0	998.0	0.0	0.0	0.0	0.0
4.0	157.0	0.0	0.0	0.0	0.0
2.0	157.0	0.0	0.0	0.0	0.0
1.0	154.0	0.0	0.0	0.0	0.0
0.0	149.0	0.0	0.0	0.0	0.0
1.0	5.0	0.0	0.0	0.0	0.0
0.0	5.0	0.0	0.0	0.0	0.0
1.0	0.0	0.0	0.0	0.0	0.0
1.0	3.0	0.0	0.0	0.0	0.0
1.0	0.0	0.0	0.0	0.0	0.0
0.0	3.0	0.0	0.0	0.0	0.0
2.0	0.0	0.0	0.0	0.0	0.0
0.0	841.0	0.0	0.0	0.0	0.0
0.0	21.0	5.0	0.0	0.0	0.0
0.0	5.0	5.0	0.0	0.0	0.0
0.0	1.0	5.0	0.0	0.0	0.0
0.0	1.0	0.0	0.0	0.0	0.0
0.0	0.0	5.0	0.0	0.0	0.0
0.0	4.0	0.0	0.0	0.0	0.0
0.0	16.0	0.0	0.0	0.0	0.0
0.0	3.0	0.0	0.0	0.0	3.0
0.0	0.0	0.0	0.0	0.0	3.0
0.0	3.0	0.0	0.0	0.0	0.0
16.0	117.0	0.0	0.0	0.0	1.0
11.0	3.0	0.0	0.0	0.0	0.0
1.0	3.0	0.0	0.0	0.0	0.0
1.0	0.0	0.0	0.0	0.0	0.0
0.0	3.0	0.0	0.0	0.0	0.0
10.0	0.0	0.0	0.0	0.0	0.0
5.0	114.0	0.0	0.0	0.0	1.0
1.0	0.0	0.0	0.0	0.0	1.0
1.0	0.0	0.0	0.0	0.0	0.0
0.0	0.0	0.0	0.0	0.0	1.0
4.0	114.0	0.0	0.0	0.0	0.0
3.0	114.0	0.0	0.0	0.0	0.0
3.0	12.0	0.0	0.0	0.0	0.0
3.0	0.0	0.0	0.0	0.0	0.0
0.0	12.0	0.0	0.0	0.0	0.0
0.0	102.0	0.0	0.0	0.0	0.0
1.0	0.0	0.0	0.0	0.0	0.0
14.0	35.0	0.0	0.0	0.0	7.0
5.0	28.0	0.0	0.0	0.0	0.0
5.0	1.0	0.0	0.0	0.0	0.0
0.0	1.0	0.0	0.0	0.0	0.0
5.0	0.0	0.0	0.0	0.0	0.0
0.0	27.0	0.0	0.0	0.0	0.0
9.0	7.0	0.0	0.0	0.0	7.0
9.0	7.0	0.0	0.0	0.0	0.0
1.0	7.0	0.0	0.0	0.0	0.0
0.0	7.0	0.0	0.0	0.0	0.0
1.0	0.0	0.0	0.0	0.0	0.0
8.0	0.0	0.0	0.0	0.0	0.0
0.0	0.0	0.0	0.0	0.0	7.0
0.0	12.0	0.0	0.0	0.0	18.0
0.0	12.0	0.0	0.0	0.0	0.0
0.0	0.0	0.0	0.0	0.0	18.0
107.0	86.0	0.0	0.0	0.0	3.0
97.0	36.0	0.0	0.0	0.0	3.0
91.0	21.0	0.0	0.0	0.0	3.0
11.0	13.0	0.0	0.0	0.0	0.0
4.0	13.0	0.0	0.0	0.0	0.0
0.0	13.0	0.0	0.0	0.0	0.0
4.0	0.0	0.0	0.0	0.0	0.0
7.0	0.0	0.0	0.0	0.0	0.0
80.0	8.0	0.0	0.0	0.0	3.0
78.0	6.0	0.0	0.0	0.0	0.0
8.0	5.0	0.0	0.0	0.0	0.0
6.0	0.0	0.0	0.0	0.0	0.0
2.0	5.0	0.0	0.0	0.0	0.0
2.0	1.0	0.0	0.0	0.0	0.0
2.0	0.0	0.0	0.0	0.0	0.0
0.0	1.0	0.0	0.0	0.0	0.0
0.0	4.0	0.0	0.0	0.0	0.0
70.0	1.0	0.0	0.0	0.0	0.0
14.0	1.0	0.0	0.0	0.0	0.0
0.0	1.0	0.0	0.0	0.0	0.0
14.0	0.0	0.0	0.0	0.0	0.0
56.0	0.0	0.0	0.0	0.0	0.0
2.0	2.0	0.0	0.0	0.0	3.0
2.0	0.0	0.0	0.0	0.0	3.0
0.0	0.0	0.0	0.0	0.0	3.0
2.0	0.0	0.0	0.0	0.0	0.0
0.0	2.0	0.0	0.0	0.0	0.0
6.0	15.0	0.0	0.0	0.0	0.0
4.0	0.0	0.0	0.0	0.0	0.0
2.0	15.0	0.0	0.0	0.0	0.0
0.0	15.0	0.0	0.0	0.0	0.0
2.0	0.0	0.0	0.0	0.0	0.0
10.0	50.0	0.0	0.0	0.0	0.0
3.0	50.0	0.0	0.0	0.0	0.0
2.0	2.0	0.0	0.0	0.0	0.0
0.0	2.0	0.0	0.0	0.0	0.0
2.0	0.0	0.0	0.0	0.0	0.0
1.0	48.0	0.0	0.0	0.0	0.0
0.0	45.0	0.0	0.0	0.0	0.0
1.0	3.0	0.0	0.0	0.0	0.0
1.0	0.0	0.0	0.0	0.0	0.0
0.0	3.0	0.0	0.0	0.0	0.0
7.0	0.0	0.0	0.0	0.0	0.0
