# Sizes (NFeatures, Nclasses, NodeCount, MaxDepth)
14	6	159	12
# Classes
0.0	1.0	2.0	3.0	4.0	5.0
# Feature Names
Nrows	Ncols	Nnnz	AvgNnnz	Density	MaxRowNnnz	MinRowNnnz	StdRowNnnz	NDiags	NTrueDiags	AvgNnnzDia	AvgNnnzELL	AvgNnnzHyb	AvgNnnzHdc
# Left
1	2	3	4	-1	6	-1	-1	9	10	-1	-1	-1	14	15	16	-1	18	19	20	-1	-1	-1	-1	25	-1	27	28	-1	-1	-1	32	33	34	35	36	37	38	-1	-1	41	42	-1	-1	-1	46	47	48	-1	50	-1	-1	-1	54	55	-1	-1	58	-1	60	-1	-1	63	64	65	66	-1	68	-1	-1	71	-1	73	-1	-1	-1	-1	78	79	-1	81	-1	-1	84	-1	86	87	-1	-1	90	91	-1	-1	-1	95	96	-1	98	99	-1	-1	102	-1	-1	105	106	-1	108	-1	-1	111	112	-1	-1	-1	116	117	-1	-1	-1	121	122	123	-1	-1	126	127	128	129	130	-1	-1	-1	-1	135	136	-1	-1	139	-1	-1	142	-1	144	-1	-1	147	148	149	-1	-1	152	-1	154	155	-1	-1	-1	-1
# Right
120	13	8	5	-1	7	-1	-1	12	11	-1	-1	-1	31	24	17	-1	23	22	21	-1	-1	-1	-1	26	-1	30	29	-1	-1	-1	115	94	77	62	45	40	39	-1	-1	44	43	-1	-1	-1	53	52	49	-1	51	-1	-1	-1	57	56	-1	-1	59	-1	61	-1	-1	76	75	70	67	-1	69	-1	-1	72	-1	74	-1	-1	-1	-1	83	80	-1	82	-1	-1	85	-1	89	88	-1	-1	93	92	-1	-1	-1	104	97	-1	101	100	-1	-1	103	-1	-1	110	107	-1	109	-1	-1	114	113	-1	-1	-1	119	118	-1	-1	-1	146	125	124	-1	-1	141	134	133	132	131	-1	-1	-1	-1	138	137	-1	-1	140	-1	-1	143	-1	145	-1	-1	158	151	150	-1	-1	153	-1	157	156	-1	-1	-1	-1
# Threshold
1350.0	54.0	18.5	43.5	-2.0	0.5909194797277451	-2.0	-2.0	0.7107655107975006	63.5	-2.0	-2.0	-2.0	6.5	4.168174982070923	89.0	-2.0	1.9974899888038635	651.0	452.5	-2.0	-2.0	-2.0	-2.0	6.7258851528167725	-2.0	18.714099884033203	3.9700000286102295	-2.0	-2.0	-2.0	102.42399978637695	0.0490362998098135	66314.5	7281690.0	7.5	978.5	2917.5	-2.0	-2.0	2.408139944076538	8941.5	-2.0	-2.0	-2.0	24.5	0.613509476184845	0.43285949528217316	-2.0	0.00762953027151525	-2.0	-2.0	-2.0	1578.0	1522.0	-2.0	-2.0	34.496999740600586	-2.0	34.79409980773926	-2.0	-2.0	12.573950290679932	410.0	14.473350048065186	0.43170249462127686	-2.0	2.0	-2.0	-2.0	1.2302299737930298	-2.0	7752535.0	-2.0	-2.0	-2.0	-2.0	0.8640240132808685	266854.5	-2.0	0.0061101599130779505	-2.0	-2.0	66539.5	-2.0	0.5	1.7473499774932861	-2.0	-2.0	0.9959025382995605	887945.0	-2.0	-2.0	-2.0	2.7239550352096558	1.4571099877357483	-2.0	0.07239935174584389	0.05626419931650162	-2.0	-2.0	0.7292499840259552	-2.0	-2.0	0.3277200013399124	5.5	-2.0	0.056579701602458954	-2.0	-2.0	3.0245399475097656	807.0	-2.0	-2.0	-2.0	114.0	116.00400161743164	-2.0	-2.0	-2.0	3.5	91527.5	2.0	-2.0	-2.0	77.1588020324707	0.4894754886627197	0.009449630044400692	0.5	0.00048349198914365843	-2.0	-2.0	-2.0	-2.0	0.527444988489151	1.5	-2.0	-2.0	19.95444965362549	-2.0	-2.0	0.3344780057668686	-2.0	81.91495132446289	-2.0	-2.0	195.21900177001953	0.27726049721241	22782.0	-2.0	-2.0	1407.0	-2.0	37110.5	0.3427485078573227	-2.0	-2.0	-2.0	-2.0
# Feature
5	0	1	2	-2	7	-2	-2	10	8	-2	-2	-2	8	12	2	-2	7	2	1	-2	-2	-2	-2	12	-2	12	3	-2	-2	-2	7	4	8	2	8	1	2	-2	-2	12	2	-2	-2	-2	8	11	13	-2	4	-2	-2	-2	2	2	-2	-2	7	-2	7	-2	-2	12	5	3	13	-2	6	-2	-2	12	-2	2	-2	-2	-2	-2	12	1	-2	11	-2	-2	8	-2	9	12	-2	-2	12	0	-2	-2	-2	7	12	-2	4	10	-2	-2	7	-2	-2	13	9	-2	10	-2	-2	7	2	-2	-2	-2	9	7	-2	-2	-2	9	2	9	-2	-2	3	13	11	6	11	-2	-2	-2	-2	13	9	-2	-2	7	-2	-2	13	-2	3	-2	-2	7	13	0	-2	-2	5	-2	2	13	-2	-2	-2	-2
# Values
161.0	1437.0	64.0	2.0	0.0	20.0
29.0	1351.0	64.0	2.0	0.0	17.0
0.0	6.0	21.0	0.0	0.0	0.0
0.0	4.0	5.0	0.0	0.0	0.0
0.0	0.0	4.0	0.0	0.0	0.0
0.0	4.0	1.0	0.0	0.0	0.0
0.0	0.0	1.0	0.0	0.0	0.0
0.0	4.0	0.0	0.0	0.0	0.0
0.0	2.0	16.0	0.0	0.0	0.0
0.0	1.0	16.0	0.0	0.0	0.0
0.0	0.0	11.0	0.0	0.0	0.0
0.0	1.0	5.0	0.0	0.0	0.0
0.0	1.0	0.0	0.0	0.0	0.0
29.0	1345.0	43.0	2.0	0.0	17.0
0.0	14.0	16.0	0.0	0.0	0.0
0.0	5.0	13.0	0.0	0.0	0.0
0.0	2.0	0.0	0.0	0.0	0.0
0.0	3.0	13.0	0.0	0.0	0.0
0.0	1.0	13.0	0.0	0.0	0.0
0.0	1.0	4.0	0.0	0.0	0.0
0.0	0.0	4.0	0.0	0.0	0.0
0.0	1.0	0.0	0.0	0.0	0.0
0.0	0.0	9.0	0.0	0.0	0.0
0.0	2.0	0.0	0.0	0.0	0.0
0.0	9.0	3.0	0.0	0.0	0.0
0.0	4.0	0.0	0.0	0.0	0.0
0.0	5.0	3.0	0.0	0.0	0.0
0.0	1.0	3.0	0.0	0.0	0.0
0.0	1.0	0.0	0.0	0.0	0.0
0.0	0.0	3.0	0.0	0.0	0.0
0.0	4.0	0.0	0.0	0.0	0.0
29.0	1331.0	27.0	2.0	0.0	17.0
21.0	1327.0	27.0	2.0	0.0	14.0
21.0	1264.0	8.0	2.0	0.0	14.0
1.0	1131.0	8.0	2.0	0.0	11.0
1.0	1105.0	7.0	2.0	0.0	0.0
0.0	17.0	4.0	0.0	0.0	0.0
0.0	1.0	3.0	0.0	0.0	0.0
0.0	1.0	0.0	0.0	0.0	0.0
0.0	0.0	3.0	0.0	0.0	0.0
0.0	16.0	1.0	0.0	0.0	0.0
0.0	3.0	1.0	0.0	0.0	0.0
0.0	3.0	0.0	0.0	0.0	0.0
0.0	0.0	1.0	0.0	0.0	0.0
0.0	13.0	0.0	0.0	0.0	0.0
1.0	1088.0	3.0	2.0	0.0	0.0
0.0	47.0	3.0	0.0	0.0	0.0
0.0	9.0	3.0	0.0	0.0	0.0
0.0	5.0	0.0	0.0	0.0	0.0
0.0	4.0	3.0	0.0	0.0	0.0
0.0	3.0	2.0	0.0	0.0	0.0
0.0	1.0	1.0	0.0	0.0	0.0
0.0	38.0	0.0	0.0	0.0	0.0
1.0	1041.0	0.0	2.0	0.0	0.0
0.0	92.0	0.0	2.0	0.0	0.0
0.0	44.0	0.0	0.0	0.0	0.0
0.0	48.0	0.0	2.0	0.0	0.0
1.0	949.0	0.0	0.0	0.0	0.0
0.0	899.0	0.0	0.0	0.0	0.0
1.0	50.0	0.0	0.0	0.0	0.0
1.0	0.0	0.0	0.0	0.0	0.0
0.0	50.0	0.0	0.0	0.0	0.0
0.0	26.0	1.0	0.0	0.0	11.0
0.0	26.0	1.0	0.0	0.0	7.0
0.0	26.0	1.0	0.0	0.0	4.0
0.0	2.0	1.0	0.0	0.0	2.0
0.0	2.0	0.0	0.0	0.0	0.0
0.0	0.0	1.0	0.0	0.0	2.0
0.0	0.0	0.0	0.0	0.0	2.0
0.0	0.0	1.0	0.0	0.0	0.0
0.0	24.0	0.0	0.0	0.0	2.0
0.0	0.0	0.0	0.0	0.0	1.0
0.0	24.0	0.0	0.0	0.0	1.0
0.0	0.0	0.0	0.0	0.0	1.0
0.0	24.0	0.0	0.0	0.0	0.0
0.0	0.0	0.0	0.0	0.0	3.0
0.0	0.0	0.0	0.0	0.0	4.0
20.0	133.0	0.0	0.0	0.0	3.0
17.0	2.0	0.0	0.0	0.0	0.0
16.0	0.0	0.0	0.0	0.0	0.0
1.0	2.0	0.0	0.0	0.0	0.0
1.0	0.0	0.0	0.0	0.0	0.0
0.0	2.0	0.0	0.0	0.0	0.0
3.0	131.0	0.0	0.0	0.0	3.0
1.0	0.0	0.0	0.0	0.0	0.0
2.0	131.0	0.0	0.0	0.0	3.0
0.0	23.0	0.0	0.0	0.0	3.0
0.0	23.0	0.0	0.0	0.0	0.0
0.0	0.0	0.0	0.0	0.0	3.0
2.0	108.0	0.0	0.0	0.0	0.0
2.0	7.0	0.0	0.0	0.0	0.0
0.0	7.0	0.0	0.0	0.0	0.0
2.0	0.0	0.0	0.0	0.0	0.0
0.0	101.0	0.0	0.0	0.0	0.0
0.0	63.0	19.0	0.0	0.0	0.0
0.0	12.0	14.0	0.0	0.0	0.0
0.0	0.0	7.0	0.0	0.0	0.0
0.0	12.0	7.0	0.0	0.0	0.0
0.0	3.0	6.0	0.0	0.0	0.0
0.0	3.0	0.0	0.0	0.0	0.0
0.0	0.0	6.0	0.0	0.0	0.0
0.0	9.0	1.0	0.0	0.0	0.0
0.0	0.0	1.0	0.0	0.0	0.0
0.0	9.0	0.0	0.0	0.0	0.0
0.0	51.0	5.0	0.0	0.0	0.0
0.0	14.0	4.0	0.0	0.0	0.0
0.0	0.0	3.0	0.0	0.0	0.0
0.0	14.0	1.0	0.0	0.0	0.0
0.0	0.0	1.0	0.0	0.0	0.0
0.0	14.0	0.0	0.0	0.0	0.0
0.0	37.0	1.0	0.0	0.0	0.0
0.0	3.0	1.0	0.0	0.0	0.0
0.0	3.0	0.0	0.0	0.0	0.0
0.0	0.0	1.0	0.0	0.0	0.0
0.0	34.0	0.0	0.0	0.0	0.0
8.0	4.0	0.0	0.0	0.0	3.0
0.0	4.0	0.0	0.0	0.0	3.0
0.0	0.0	0.0	0.0	0.0	3.0
0.0	4.0	0.0	0.0	0.0	0.0
8.0	0.0	0.0	0.0	0.0	0.0
132.0	86.0	0.0	0.0	0.0	3.0
112.0	26.0	0.0	0.0	0.0	3.0
2.0	11.0	0.0	0.0	0.0	0.0
0.0	11.0	0.0	0.0	0.0	0.0
2.0	0.0	0.0	0.0	0.0	0.0
110.0	15.0	0.0	0.0	0.0	3.0
106.0	10.0	0.0	0.0	0.0	0.0
94.0	2.0	0.0	0.0	0.0	0.0
94.0	1.0	0.0	0.0	0.0	0.0
10.0	1.0	0.0	0.0	0.0	0.0
0.0	1.0	0.0	0.0	0.0	0.0
10.0	0.0	0.0	0.0	0.0	0.0
84.0	0.0	0.0	0.0	0.0	0.0
0.0	1.0	0.0	0.0	0.0	0.0
12.0	8.0	0.0	0.0	0.0	0.0
1.0	7.0	0.0	0.0	0.0	0.0
1.0	0.0	0.0	0.0	0.0	0.0
0.0	7.0	0.0	0.0	0.0	0.0
11.0	1.0	0.0	0.0	0.0	0.0
0.0	1.0	0.0	0.0	0.0	0.0
11.0	0.0	0.0	0.0	0.0	0.0
4.0	5.0	0.0	0.0	0.0	3.0
4.0	0.0	0.0	0.0	0.0	0.0
0.0	5.0	0.0	0.0	0.0	3.0
0.0	0.0	0.0	0.0	0.0	3.0
0.0	5.0	0.0	0.0	0.0	0.0
20.0	60.0	0.0	0.0	0.0	0.0
5.0	60.0	0.0	0.0	0.0	0.0
3.0	1.0	0.0	0.0	0.0	0.0
3.0	0.0	0.0	0.0	0.0	0.0
0.0	1.0	0.0	0.0	0.0	0.0
2.0	59.0	0.0	0.0	0.0	0.0
1.0	0.0	0.0	0.0	0.0	0.0
1.0	59.0	0.0	0.0	0.0	0.0
1.0	4.0	0.0	0.0	0.0	0.0
0.0	4.0	0.0	0.0	0.0	0.0
1.0	0.0	0.0	0.0	0.0	0.0
0.0	55.0	0.0	0.0	0.0	0.0
15.0	0.0	0.0	0.0	0.0	0.0
