# Sizes (NFeatures, Nclasses, NodeCount, MaxDepth)
14	6	147	16
# Classes
0.0	1.0	2.0	3.0	4.0	5.0
# Feature Names
Nrows	Ncols	Nnnz	AvgNnnz	Density	MaxRowNnnz	MinRowNnnz	StdRowNnnz	NDiags	NTrueDiags	AvgNnnzDia	AvgNnnzELL	AvgNnnzHyb	AvgNnnzHdc
# Left
1	2	3	-1	-1	6	7	8	9	-1	-1	12	-1	-1	15	16	-1	-1	-1	20	-1	-1	23	24	25	26	27	-1	-1	-1	-1	32	33	34	35	-1	37	-1	-1	-1	41	42	43	-1	45	-1	47	-1	-1	-1	51	-1	-1	-1	55	56	57	-1	-1	60	61	62	63	64	-1	66	-1	-1	69	-1	-1	72	73	74	75	76	77	78	79	-1	81	-1	-1	84	-1	-1	-1	-1	89	90	91	-1	-1	-1	-1	96	-1	-1	99	-1	-1	102	103	104	105	-1	-1	108	-1	-1	-1	112	113	-1	-1	-1	117	118	-1	-1	-1	122	-1	-1	125	-1	127	128	-1	-1	131	132	-1	-1	135	136	-1	138	139	-1	-1	-1	143	-1	145	-1	-1
# Right
22	5	4	-1	-1	19	14	11	10	-1	-1	13	-1	-1	18	17	-1	-1	-1	21	-1	-1	54	31	30	29	28	-1	-1	-1	-1	53	40	39	36	-1	38	-1	-1	-1	50	49	44	-1	46	-1	48	-1	-1	-1	52	-1	-1	-1	124	59	58	-1	-1	121	116	71	68	65	-1	67	-1	-1	70	-1	-1	101	98	95	88	87	86	83	80	-1	82	-1	-1	85	-1	-1	-1	-1	94	93	92	-1	-1	-1	-1	97	-1	-1	100	-1	-1	111	110	107	106	-1	-1	109	-1	-1	-1	115	114	-1	-1	-1	120	119	-1	-1	-1	123	-1	-1	126	-1	130	129	-1	-1	134	133	-1	-1	142	137	-1	141	140	-1	-1	-1	144	-1	146	-1	-1
# Threshold
0.0038284899201244116	35160.0	97.61444854736328	-2.0	-2.0	0.8585195243358612	38377.0	2.5	77.1588020324707	-2.0	-2.0	8795.5	-2.0	-2.0	88355.0	225662.5	-2.0	-2.0	-2.0	51309.5	-2.0	-2.0	20.5	506.0	1.0688549876213074	0.6159195005893707	435.0	-2.0	-2.0	-2.0	-2.0	763215.0	3.0	17899.5	0.00029991100018378347	-2.0	2528.0	-2.0	-2.0	-2.0	0.006106335204094648	6.5	0.7328000068664551	-2.0	2480.5	-2.0	14.561930179595947	-2.0	-2.0	-2.0	0.5454245209693909	-2.0	-2.0	-2.0	39.753549575805664	51.0	1.6254200339317322	-2.0	-2.0	17.537750244140625	1353.5	6.74561015330255e-05	0.9866515100002289	1.555184962853673e-05	-2.0	204123.5	-2.0	-2.0	79815.5	-2.0	-2.0	0.044526198878884315	4474555.0	0.9898674786090851	0.8713645040988922	0.8676995038986206	53910.5	34.17514991760254	24137.5	-2.0	0.0002464973949827254	-2.0	-2.0	0.35929349064826965	-2.0	-2.0	-2.0	-2.0	27.5	0.38624998927116394	15.623950004577637	-2.0	-2.0	-2.0	-2.0	0.993989497423172	-2.0	-2.0	175238352.0	-2.0	-2.0	0.17997799813747406	1.2123299837112427	5.724594831466675	1.5	-2.0	-2.0	1.1984800100326538	-2.0	-2.0	-2.0	0.7163640260696411	0.04884039983153343	-2.0	-2.0	-2.0	7.5	22910.0	-2.0	-2.0	-2.0	20.914825201034546	-2.0	-2.0	8779.0	-2.0	26299.5	501.5	-2.0	-2.0	0.0005597959971055388	49.30935001373291	-2.0	-2.0	7985.5	224.0	-2.0	0.6725330054759979	1.899869978427887	-2.0	-2.0	-2.0	20039200.0	-2.0	0.05035605002194643	-2.0	-2.0
# Feature
11	8	7	-2	-2	12	5	6	3	-2	-2	5	-2	-2	5	0	-2	-2	-2	5	-2	-2	8	1	7	7	1	-2	-2	-2	-2	1	8	1	4	-2	2	-2	-2	-2	4	8	10	-2	0	-2	12	-2	-2	-2	7	-2	-2	-2	7	1	12	-2	-2	12	5	10	12	10	-2	1	-2	-2	8	-2	-2	4	0	13	12	12	8	7	8	-2	4	-2	-2	13	-2	-2	-2	-2	8	13	3	-2	-2	-2	-2	13	-2	-2	2	-2	-2	10	12	7	6	-2	-2	12	-2	-2	-2	11	4	-2	-2	-2	9	8	-2	-2	-2	3	-2	-2	8	-2	8	5	-2	-2	4	3	-2	-2	5	5	-2	13	12	-2	-2	-2	2	-2	11	-2	-2
# Values
149.0	1449.0	64.0	0.0	1.0	21.0
95.0	45.0	0.0	0.0	0.0	1.0
6.0	28.0	0.0	0.0	0.0	0.0
0.0	28.0	0.0	0.0	0.0	0.0
6.0	0.0	0.0	0.0	0.0	0.0
89.0	17.0	0.0	0.0	0.0	1.0
88.0	13.0	0.0	0.0	0.0	1.0
66.0	3.0	0.0	0.0	0.0	1.0
64.0	0.0	0.0	0.0	0.0	1.0
64.0	0.0	0.0	0.0	0.0	0.0
0.0	0.0	0.0	0.0	0.0	1.0
2.0	3.0	0.0	0.0	0.0	0.0
0.0	3.0	0.0	0.0	0.0	0.0
2.0	0.0	0.0	0.0	0.0	0.0
22.0	10.0	0.0	0.0	0.0	0.0
3.0	10.0	0.0	0.0	0.0	0.0
3.0	0.0	0.0	0.0	0.0	0.0
0.0	10.0	0.0	0.0	0.0	0.0
19.0	0.0	0.0	0.0	0.0	0.0
1.0	4.0	0.0	0.0	0.0	0.0
0.0	4.0	0.0	0.0	0.0	0.0
1.0	0.0	0.0	0.0	0.0	0.0
54.0	1404.0	64.0	0.0	1.0	20.0
0.0	74.0	46.0	0.0	0.0	0.0
0.0	9.0	31.0	0.0	0.0	0.0
0.0	9.0	15.0	0.0	0.0	0.0
0.0	3.0	15.0	0.0	0.0	0.0
0.0	0.0	15.0	0.0	0.0	0.0
0.0	3.0	0.0	0.0	0.0	0.0
0.0	6.0	0.0	0.0	0.0	0.0
0.0	0.0	16.0	0.0	0.0	0.0
0.0	65.0	15.0	0.0	0.0	0.0
0.0	65.0	11.0	0.0	0.0	0.0
0.0	6.0	6.0	0.0	0.0	0.0
0.0	3.0	6.0	0.0	0.0	0.0
0.0	0.0	4.0	0.0	0.0	0.0
0.0	3.0	2.0	0.0	0.0	0.0
0.0	0.0	2.0	0.0	0.0	0.0
0.0	3.0	0.0	0.0	0.0	0.0
0.0	3.0	0.0	0.0	0.0	0.0
0.0	59.0	5.0	0.0	0.0	0.0
0.0	55.0	2.0	0.0	0.0	0.0
0.0	11.0	2.0	0.0	0.0	0.0
0.0	0.0	1.0	0.0	0.0	0.0
0.0	11.0	1.0	0.0	0.0	0.0
0.0	8.0	0.0	0.0	0.0	0.0
0.0	3.0	1.0	0.0	0.0	0.0
0.0	0.0	1.0	0.0	0.0	0.0
0.0	3.0	0.0	0.0	0.0	0.0
0.0	44.0	0.0	0.0	0.0	0.0
0.0	4.0	3.0	0.0	0.0	0.0
0.0	0.0	3.0	0.0	0.0	0.0
0.0	4.0	0.0	0.0	0.0	0.0
0.0	0.0	4.0	0.0	0.0	0.0
54.0	1330.0	18.0	0.0	1.0	20.0
26.0	1267.0	18.0	0.0	0.0	9.0
0.0	1.0	9.0	0.0	0.0	0.0
0.0	0.0	9.0	0.0	0.0	0.0
0.0	1.0	0.0	0.0	0.0	0.0
26.0	1266.0	9.0	0.0	0.0	9.0
26.0	1258.0	9.0	0.0	0.0	2.0
16.0	1239.0	9.0	0.0	0.0	2.0
12.0	64.0	0.0	0.0	0.0	0.0
11.0	7.0	0.0	0.0	0.0	0.0
7.0	0.0	0.0	0.0	0.0	0.0
4.0	7.0	0.0	0.0	0.0	0.0
4.0	0.0	0.0	0.0	0.0	0.0
0.0	7.0	0.0	0.0	0.0	0.0
1.0	57.0	0.0	0.0	0.0	0.0
1.0	0.0	0.0	0.0	0.0	0.0
0.0	57.0	0.0	0.0	0.0	0.0
4.0	1175.0	9.0	0.0	0.0	2.0
4.0	1122.0	1.0	0.0	0.0	2.0
4.0	1121.0	1.0	0.0	0.0	1.0
4.0	1120.0	1.0	0.0	0.0	0.0
4.0	165.0	0.0	0.0	0.0	0.0
3.0	165.0	0.0	0.0	0.0	0.0
2.0	165.0	0.0	0.0	0.0	0.0
1.0	164.0	0.0	0.0	0.0	0.0
0.0	162.0	0.0	0.0	0.0	0.0
1.0	2.0	0.0	0.0	0.0	0.0
0.0	2.0	0.0	0.0	0.0	0.0
1.0	0.0	0.0	0.0	0.0	0.0
1.0	1.0	0.0	0.0	0.0	0.0
0.0	1.0	0.0	0.0	0.0	0.0
1.0	0.0	0.0	0.0	0.0	0.0
1.0	0.0	0.0	0.0	0.0	0.0
1.0	0.0	0.0	0.0	0.0	0.0
0.0	955.0	1.0	0.0	0.0	0.0
0.0	22.0	1.0	0.0	0.0	0.0
0.0	5.0	1.0	0.0	0.0	0.0
0.0	5.0	0.0	0.0	0.0	0.0
0.0	0.0	1.0	0.0	0.0	0.0
0.0	17.0	0.0	0.0	0.0	0.0
0.0	933.0	0.0	0.0	0.0	0.0
0.0	1.0	0.0	0.0	0.0	1.0
0.0	0.0	0.0	0.0	0.0	1.0
0.0	1.0	0.0	0.0	0.0	0.0
0.0	1.0	0.0	0.0	0.0	1.0
0.0	0.0	0.0	0.0	0.0	1.0
0.0	1.0	0.0	0.0	0.0	0.0
0.0	53.0	8.0	0.0	0.0	0.0
0.0	50.0	4.0	0.0	0.0	0.0
0.0	17.0	4.0	0.0	0.0	0.0
0.0	1.0	3.0	0.0	0.0	0.0
0.0	1.0	0.0	0.0	0.0	0.0
0.0	0.0	3.0	0.0	0.0	0.0
0.0	16.0	1.0	0.0	0.0	0.0
0.0	16.0	0.0	0.0	0.0	0.0
0.0	0.0	1.0	0.0	0.0	0.0
0.0	33.0	0.0	0.0	0.0	0.0
0.0	3.0	4.0	0.0	0.0	0.0
0.0	1.0	4.0	0.0	0.0	0.0
0.0	1.0	2.0	0.0	0.0	0.0
0.0	0.0	2.0	0.0	0.0	0.0
0.0	2.0	0.0	0.0	0.0	0.0
10.0	19.0	0.0	0.0	0.0	0.0
10.0	1.0	0.0	0.0	0.0	0.0
0.0	1.0	0.0	0.0	0.0	0.0
10.0	0.0	0.0	0.0	0.0	0.0
0.0	18.0	0.0	0.0	0.0	0.0
0.0	8.0	0.0	0.0	0.0	7.0
0.0	8.0	0.0	0.0	0.0	0.0
0.0	0.0	0.0	0.0	0.0	7.0
28.0	63.0	0.0	0.0	1.0	11.0
0.0	30.0	0.0	0.0	0.0	0.0
28.0	33.0	0.0	0.0	1.0	11.0
20.0	2.0	0.0	0.0	0.0	0.0
0.0	2.0	0.0	0.0	0.0	0.0
20.0	0.0	0.0	0.0	0.0	0.0
8.0	31.0	0.0	0.0	1.0	11.0
3.0	0.0	0.0	0.0	0.0	6.0
3.0	0.0	0.0	0.0	0.0	0.0
0.0	0.0	0.0	0.0	0.0	6.0
5.0	31.0	0.0	0.0	1.0	5.0
2.0	31.0	0.0	0.0	0.0	4.0
2.0	0.0	0.0	0.0	0.0	0.0
0.0	31.0	0.0	0.0	0.0	4.0
0.0	31.0	0.0	0.0	0.0	2.0
0.0	31.0	0.0	0.0	0.0	0.0
0.0	0.0	0.0	0.0	0.0	2.0
0.0	0.0	0.0	0.0	0.0	2.0
3.0	0.0	0.0	0.0	1.0	1.0
3.0	0.0	0.0	0.0	0.0	0.0
0.0	0.0	0.0	0.0	1.0	1.0
0.0	0.0	0.0	0.0	1.0	0.0
0.0	0.0	0.0	0.0	0.0	1.0
