# Sizes (NFeatures, Nclasses, NodeCount, MaxDepth)
14	6	165	13
# Classes
0.0	1.0	2.0	3.0	4.0	5.0
# Feature Names
Nrows	Ncols	Nnnz	AvgNnnz	Density	MaxRowNnnz	MinRowNnnz	StdRowNnnz	NDiags	NTrueDiags	AvgNnnzDia	AvgNnnzELL	AvgNnnzHyb	AvgNnnzHdc
# Left
1	2	3	4	-1	6	-1	8	-1	-1	11	12	-1	-1	-1	16	17	18	19	20	21	-1	-1	24	25	-1	27	-1	-1	30	31	32	-1	-1	-1	36	-1	38	-1	-1	41	42	43	44	-1	-1	47	48	-1	50	-1	-1	-1	54	-1	56	-1	58	59	-1	61	-1	-1	64	-1	66	-1	-1	69	70	71	-1	-1	74	-1	76	-1	-1	79	-1	-1	82	83	-1	-1	86	-1	88	89	-1	-1	92	-1	94	-1	-1	97	-1	99	-1	101	-1	-1	104	105	-1	107	108	-1	-1	-1	112	113	114	-1	116	-1	-1	119	-1	-1	-1	123	124	125	-1	127	128	-1	-1	-1	132	133	-1	135	-1	137	-1	-1	140	141	142	-1	-1	-1	-1	147	148	149	-1	151	152	-1	-1	-1	156	-1	158	159	-1	-1	-1	163	-1	-1
# Right
122	15	10	5	-1	7	-1	9	-1	-1	14	13	-1	-1	-1	103	96	81	40	23	22	-1	-1	29	26	-1	28	-1	-1	35	34	33	-1	-1	-1	37	-1	39	-1	-1	68	53	46	45	-1	-1	52	49	-1	51	-1	-1	-1	55	-1	57	-1	63	60	-1	62	-1	-1	65	-1	67	-1	-1	78	73	72	-1	-1	75	-1	77	-1	-1	80	-1	-1	85	84	-1	-1	87	-1	91	90	-1	-1	93	-1	95	-1	-1	98	-1	100	-1	102	-1	-1	111	106	-1	110	109	-1	-1	-1	121	118	115	-1	117	-1	-1	120	-1	-1	-1	146	131	126	-1	130	129	-1	-1	-1	139	134	-1	136	-1	138	-1	-1	145	144	143	-1	-1	-1	-1	162	155	150	-1	154	153	-1	-1	-1	157	-1	161	160	-1	-1	-1	164	-1	-1
# Threshold
1370.0	69.5	3.5	1.0812599658966064	-2.0	5.071900129318237	-2.0	32.0	-2.0	-2.0	0.443696990609169	0.12619535252451897	-2.0	-2.0	-2.0	7633330.0	0.9987500011920929	52238.0	203.5	0.07108939811587334	16.5	-2.0	-2.0	99.5	0.43240299820899963	-2.0	72.5	-2.0	-2.0	0.3954630047082901	0.32047200202941895	91.5	-2.0	-2.0	-2.0	0.9027245044708252	-2.0	0.4425854980945587	-2.0	-2.0	44.0	0.0065772749949246645	959.0	928.5	-2.0	-2.0	6.0	2480.5	-2.0	21480.5	-2.0	-2.0	-2.0	0.008504755329340696	-2.0	330.5	-2.0	24.0	0.49023449420928955	-2.0	0.6012125015258789	-2.0	-2.0	28.0	-2.0	17.869150161743164	-2.0	-2.0	153.5	1583.5	1502.5	-2.0	-2.0	34.17514991760254	-2.0	34.79409980773926	-2.0	-2.0	0.005021079909056425	-2.0	-2.0	0.881411999464035	312626.5	-2.0	-2.0	52891.5	-2.0	3.98195493289677e-06	1.8889099955558777	-2.0	-2.0	24.69580078125	-2.0	0.000278634499409236	-2.0	-2.0	3581.0	-2.0	4.307564813643694e-05	-2.0	0.00017127449245890602	-2.0	-2.0	0.002084400039166212	7752535.0	-2.0	1.0094175338745117	2.469217497491627e-05	-2.0	-2.0	-2.0	1128566.5	64.0	0.6931779980659485	-2.0	1.3554700016975403	-2.0	-2.0	1.1682900190353394	-2.0	-2.0	-2.0	3.5	29446.0	0.004423890030011535	-2.0	10881955.0	0.00035256850242149085	-2.0	-2.0	-2.0	77.1588020324707	0.46932050585746765	-2.0	1.5	-2.0	0.0031484254577662796	-2.0	-2.0	0.012096000369638205	327680.0	55237200.0	-2.0	-2.0	-2.0	-2.0	9215.0	100.56435012817383	3.9022200107574463	-2.0	9.058409929275513	0.37219150364398956	-2.0	-2.0	-2.0	0.015146950259804726	-2.0	135744.5	4594.5	-2.0	-2.0	-2.0	4.124549865722656	-2.0	-2.0
# Feature
5	1	6	7	-2	3	-2	5	-2	-2	13	10	-2	-2	-2	2	10	8	1	10	9	-2	-2	0	13	-2	1	-2	-2	13	13	5	-2	-2	-2	11	-2	13	-2	-2	8	4	0	1	-2	-2	8	0	-2	1	-2	-2	-2	4	-2	0	-2	9	13	-2	11	-2	-2	9	-2	3	-2	-2	9	2	2	-2	-2	7	-2	7	-2	-2	10	-2	-2	12	1	-2	-2	8	-2	4	12	-2	-2	3	-2	10	-2	-2	0	-2	4	-2	4	-2	-2	10	2	-2	12	10	-2	-2	-2	1	9	13	-2	12	-2	-2	12	-2	-2	-2	9	8	11	-2	2	4	-2	-2	-2	3	13	-2	9	-2	11	-2	-2	4	0	2	-2	-2	-2	-2	5	7	3	-2	3	13	-2	-2	-2	11	-2	0	8	-2	-2	-2	3	-2	-2
# Values
150.0	1430.0	73.0	2.0	1.0	28.0
31.0	1343.0	73.0	2.0	0.0	25.0
0.0	14.0	27.0	0.0	0.0	0.0
0.0	12.0	11.0	0.0	0.0	0.0
0.0	7.0	0.0	0.0	0.0	0.0
0.0	5.0	11.0	0.0	0.0	0.0
0.0	0.0	10.0	0.0	0.0	0.0
0.0	5.0	1.0	0.0	0.0	0.0
0.0	5.0	0.0	0.0	0.0	0.0
0.0	0.0	1.0	0.0	0.0	0.0
0.0	2.0	16.0	0.0	0.0	0.0
0.0	1.0	16.0	0.0	0.0	0.0
0.0	1.0	1.0	0.0	0.0	0.0
0.0	0.0	15.0	0.0	0.0	0.0
0.0	1.0	0.0	0.0	0.0	0.0
31.0	1329.0	46.0	2.0	0.0	25.0
25.0	1267.0	40.0	2.0	0.0	0.0
25.0	1262.0	29.0	2.0	0.0	0.0
3.0	1173.0	29.0	2.0	0.0	0.0
0.0	48.0	16.0	0.0	0.0	0.0
0.0	32.0	1.0	0.0	0.0	0.0
0.0	32.0	0.0	0.0	0.0	0.0
0.0	0.0	1.0	0.0	0.0	0.0
0.0	16.0	15.0	0.0	0.0	0.0
0.0	6.0	1.0	0.0	0.0	0.0
0.0	5.0	0.0	0.0	0.0	0.0
0.0	1.0	1.0	0.0	0.0	0.0
0.0	1.0	0.0	0.0	0.0	0.0
0.0	0.0	1.0	0.0	0.0	0.0
0.0	10.0	14.0	0.0	0.0	0.0
0.0	2.0	10.0	0.0	0.0	0.0
0.0	2.0	1.0	0.0	0.0	0.0
0.0	2.0	0.0	0.0	0.0	0.0
0.0	0.0	1.0	0.0	0.0	0.0
0.0	0.0	9.0	0.0	0.0	0.0
0.0	8.0	4.0	0.0	0.0	0.0
0.0	7.0	0.0	0.0	0.0	0.0
0.0	1.0	4.0	0.0	0.0	0.0
0.0	1.0	0.0	0.0	0.0	0.0
0.0	0.0	4.0	0.0	0.0	0.0
3.0	1125.0	13.0	2.0	0.0	0.0
0.0	104.0	13.0	0.0	0.0	0.0
0.0	82.0	3.0	0.0	0.0	0.0
0.0	7.0	2.0	0.0	0.0	0.0
0.0	7.0	0.0	0.0	0.0	0.0
0.0	0.0	2.0	0.0	0.0	0.0
0.0	75.0	1.0	0.0	0.0	0.0
0.0	13.0	1.0	0.0	0.0	0.0
0.0	8.0	0.0	0.0	0.0	0.0
0.0	5.0	1.0	0.0	0.0	0.0
0.0	0.0	1.0	0.0	0.0	0.0
0.0	5.0	0.0	0.0	0.0	0.0
0.0	62.0	0.0	0.0	0.0	0.0
0.0	22.0	10.0	0.0	0.0	0.0
0.0	0.0	5.0	0.0	0.0	0.0
0.0	22.0	5.0	0.0	0.0	0.0
0.0	0.0	2.0	0.0	0.0	0.0
0.0	22.0	3.0	0.0	0.0	0.0
0.0	18.0	1.0	0.0	0.0	0.0
0.0	16.0	0.0	0.0	0.0	0.0
0.0	2.0	1.0	0.0	0.0	0.0
0.0	1.0	0.0	0.0	0.0	0.0
0.0	1.0	1.0	0.0	0.0	0.0
0.0	4.0	2.0	0.0	0.0	0.0
0.0	0.0	1.0	0.0	0.0	0.0
0.0	4.0	1.0	0.0	0.0	0.0
0.0	1.0	0.0	0.0	0.0	0.0
0.0	3.0	1.0	0.0	0.0	0.0
3.0	1021.0	0.0	2.0	0.0	0.0
2.0	1016.0	0.0	2.0	0.0	0.0
0.0	53.0	0.0	2.0	0.0	0.0
0.0	16.0	0.0	0.0	0.0	0.0
0.0	37.0	0.0	2.0	0.0	0.0
2.0	963.0	0.0	0.0	0.0	0.0
0.0	906.0	0.0	0.0	0.0	0.0
2.0	57.0	0.0	0.0	0.0	0.0
2.0	0.0	0.0	0.0	0.0	0.0
0.0	57.0	0.0	0.0	0.0	0.0
1.0	5.0	0.0	0.0	0.0	0.0
1.0	0.0	0.0	0.0	0.0	0.0
0.0	5.0	0.0	0.0	0.0	0.0
22.0	89.0	0.0	0.0	0.0	0.0
15.0	1.0	0.0	0.0	0.0	0.0
15.0	0.0	0.0	0.0	0.0	0.0
0.0	1.0	0.0	0.0	0.0	0.0
7.0	88.0	0.0	0.0	0.0	0.0
3.0	0.0	0.0	0.0	0.0	0.0
4.0	88.0	0.0	0.0	0.0	0.0
3.0	6.0	0.0	0.0	0.0	0.0
0.0	6.0	0.0	0.0	0.0	0.0
3.0	0.0	0.0	0.0	0.0	0.0
1.0	82.0	0.0	0.0	0.0	0.0
0.0	76.0	0.0	0.0	0.0	0.0
1.0	6.0	0.0	0.0	0.0	0.0
1.0	0.0	0.0	0.0	0.0	0.0
0.0	6.0	0.0	0.0	0.0	0.0
0.0	5.0	11.0	0.0	0.0	0.0
0.0	0.0	9.0	0.0	0.0	0.0
0.0	5.0	2.0	0.0	0.0	0.0
0.0	3.0	0.0	0.0	0.0	0.0
0.0	2.0	2.0	0.0	0.0	0.0
0.0	0.0	2.0	0.0	0.0	0.0
0.0	2.0	0.0	0.0	0.0	0.0
6.0	62.0	6.0	0.0	0.0	25.0
3.0	58.0	0.0	0.0	0.0	4.0
0.0	0.0	0.0	0.0	0.0	4.0
3.0	58.0	0.0	0.0	0.0	0.0
3.0	5.0	0.0	0.0	0.0	0.0
3.0	0.0	0.0	0.0	0.0	0.0
0.0	5.0	0.0	0.0	0.0	0.0
0.0	53.0	0.0	0.0	0.0	0.0
3.0	4.0	6.0	0.0	0.0	21.0
3.0	4.0	0.0	0.0	0.0	21.0
0.0	2.0	0.0	0.0	0.0	21.0
0.0	0.0	0.0	0.0	0.0	20.0
0.0	2.0	0.0	0.0	0.0	1.0
0.0	0.0	0.0	0.0	0.0	1.0
0.0	2.0	0.0	0.0	0.0	0.0
3.0	2.0	0.0	0.0	0.0	0.0
3.0	0.0	0.0	0.0	0.0	0.0
0.0	2.0	0.0	0.0	0.0	0.0
0.0	0.0	6.0	0.0	0.0	0.0
119.0	87.0	0.0	0.0	1.0	3.0
96.0	18.0	0.0	0.0	1.0	1.0
12.0	12.0	0.0	0.0	0.0	0.0
0.0	10.0	0.0	0.0	0.0	0.0
12.0	2.0	0.0	0.0	0.0	0.0
12.0	1.0	0.0	0.0	0.0	0.0
0.0	1.0	0.0	0.0	0.0	0.0
12.0	0.0	0.0	0.0	0.0	0.0
0.0	1.0	0.0	0.0	0.0	0.0
84.0	6.0	0.0	0.0	1.0	1.0
80.0	4.0	0.0	0.0	0.0	0.0
68.0	0.0	0.0	0.0	0.0	0.0
12.0	4.0	0.0	0.0	0.0	0.0
11.0	0.0	0.0	0.0	0.0	0.0
1.0	4.0	0.0	0.0	0.0	0.0
0.0	4.0	0.0	0.0	0.0	0.0
1.0	0.0	0.0	0.0	0.0	0.0
4.0	2.0	0.0	0.0	1.0	1.0
0.0	2.0	0.0	0.0	1.0	1.0
0.0	0.0	0.0	0.0	1.0	1.0
0.0	0.0	0.0	0.0	0.0	1.0
0.0	0.0	0.0	0.0	1.0	0.0
0.0	2.0	0.0	0.0	0.0	0.0
4.0	0.0	0.0	0.0	0.0	0.0
23.0	69.0	0.0	0.0	0.0	2.0
9.0	68.0	0.0	0.0	0.0	2.0
3.0	61.0	0.0	0.0	0.0	0.0
2.0	0.0	0.0	0.0	0.0	0.0
1.0	61.0	0.0	0.0	0.0	0.0
1.0	8.0	0.0	0.0	0.0	0.0
0.0	8.0	0.0	0.0	0.0	0.0
1.0	0.0	0.0	0.0	0.0	0.0
0.0	53.0	0.0	0.0	0.0	0.0
6.0	7.0	0.0	0.0	0.0	2.0
5.0	0.0	0.0	0.0	0.0	0.0
1.0	7.0	0.0	0.0	0.0	2.0
1.0	7.0	0.0	0.0	0.0	0.0
1.0	0.0	0.0	0.0	0.0	0.0
0.0	7.0	0.0	0.0	0.0	0.0
0.0	0.0	0.0	0.0	0.0	2.0
14.0	1.0	0.0	0.0	0.0	0.0
0.0	1.0	0.0	0.0	0.0	0.0
14.0	0.0	0.0	0.0	0.0	0.0
