# Sizes (NFeatures, Nclasses, NodeCount, MaxDepth)
10	6	161	14
# Classes
0.0	1.0	2.0	3.0	4.0	5.0
# Feature Names
Nrows	Ncols	Nnnz	AvgNnnz	Density	MaxRowNnnz	MinRowNnnz	StdRowNnnz	NDiags	NTrueDiags
# Left
1	2	3	4	5	6	-1	-1	9	10	11	12	13	-1	-1	16	17	-1	-1	20	-1	22	-1	-1	25	26	27	-1	29	-1	-1	-1	33	34	-1	-1	-1	38	-1	40	-1	-1	43	44	-1	-1	47	-1	49	-1	-1	52	-1	54	-1	56	-1	-1	59	60	61	62	63	-1	-1	-1	67	-1	69	-1	71	-1	-1	74	-1	-1	77	78	79	80	-1	-1	83	-1	85	-1	87	-1	-1	90	91	-1	-1	-1	95	96	97	-1	99	-1	-1	102	103	-1	105	106	107	-1	109	110	-1	-1	-1	114	-1	116	-1	-1	-1	-1	121	-1	-1	124	125	-1	-1	128	129	130	-1	132	133	-1	-1	-1	137	138	-1	140	141	-1	-1	-1	145	-1	-1	148	149	-1	-1	152	-1	-1	155	156	-1	-1	159	-1	-1
# Right
154	123	58	51	8	7	-1	-1	42	37	24	15	14	-1	-1	19	18	-1	-1	21	-1	23	-1	-1	32	31	28	-1	30	-1	-1	-1	36	35	-1	-1	-1	39	-1	41	-1	-1	46	45	-1	-1	48	-1	50	-1	-1	53	-1	55	-1	57	-1	-1	76	73	66	65	64	-1	-1	-1	68	-1	70	-1	72	-1	-1	75	-1	-1	94	89	82	81	-1	-1	84	-1	86	-1	88	-1	-1	93	92	-1	-1	-1	120	101	98	-1	100	-1	-1	119	104	-1	118	113	108	-1	112	111	-1	-1	-1	115	-1	117	-1	-1	-1	-1	122	-1	-1	127	126	-1	-1	147	136	131	-1	135	134	-1	-1	-1	144	139	-1	143	142	-1	-1	-1	146	-1	-1	151	150	-1	-1	153	-1	-1	158	157	-1	-1	160	-1	-1
# Threshold
9118.5	17233900.0	31.5	187402.0	9.5	3.849210023880005	-2.0	-2.0	10.0	8.5	4.5	0.5	3519.0	-2.0	-2.0	0.000256342493230477	3.524810017552227e-05	-2.0	-2.0	5998.0	-2.0	10000.0	-2.0	-2.0	5.5	6480.5	0.30739448964595795	-2.0	4530.5	-2.0	-2.0	-2.0	562.5	325.0	-2.0	-2.0	-2.0	8.137705087661743	-2.0	0.001894898945465684	-2.0	-2.0	0.5	2.837119996547699	-2.0	-2.0	11463.0	-2.0	20401.0	-2.0	-2.0	4.625969886779785	-2.0	3292135.0	-2.0	857587.5	-2.0	-2.0	17149.5	3462.5	11631.0	1.6122750043869019	1.422950029373169	-2.0	-2.0	-2.0	76.5	-2.0	19.0	-2.0	465722.0	-2.0	-2.0	9.615039825439453	-2.0	-2.0	2999.0	43.0	8.143419981002808	91343.0	-2.0	-2.0	3.7711150646209717	-2.0	20414.0	-2.0	53537.5	-2.0	-2.0	93.0	172955.5	-2.0	-2.0	-2.0	2377.0	4.5	10278095.0	-2.0	12589500.0	-2.0	-2.0	241886.5	311076.0	-2.0	94.5	23.0	3.637364983558655	-2.0	37.40060043334961	5.5	-2.0	-2.0	-2.0	32.77054977416992	-2.0	20.0	-2.0	-2.0	-2.0	-2.0	4.966000080108643	-2.0	-2.0	8526.5	10.82461029291153	-2.0	-2.0	82370400.0	0.5	13.22065019607544	-2.0	2121500.0	29799300.0	-2.0	-2.0	-2.0	64830350.0	0.5	-2.0	836747.5	481266.0	-2.0	-2.0	-2.0	39.814950942993164	-2.0	-2.0	180548000.0	5.6861501434468664e-05	-2.0	-2.0	4036379.5	-2.0	-2.0	93.36845016479492	208226504.0	-2.0	-2.0	8.5	-2.0	-2.0
# Feature
5	2	8	2	1	3	-2	-2	8	8	5	6	2	-2	-2	4	4	-2	-2	2	-2	2	-2	-2	9	0	7	-2	2	-2	-2	-2	1	1	-2	-2	-2	3	-2	4	-2	-2	6	3	-2	-2	1	-2	0	-2	-2	3	-2	2	-2	0	-2	-2	1	5	1	3	3	-2	-2	-2	8	-2	9	-2	2	-2	-2	3	-2	-2	8	5	3	2	-2	-2	7	-2	0	-2	0	-2	-2	9	1	-2	-2	-2	5	6	2	-2	2	-2	-2	0	2	-2	5	9	7	-2	3	6	-2	-2	-2	3	-2	6	-2	-2	-2	-2	3	-2	-2	8	7	-2	-2	2	6	3	-2	0	2	-2	-2	-2	2	9	-2	8	8	-2	-2	-2	7	-2	-2	2	4	-2	-2	8	-2	-2	3	2	-2	-2	6	-2	-2
# Values
94.0	1444.0	46.0	49.0	17.0	26.0
21.0	1437.0	46.0	49.0	17.0	26.0
13.0	1391.0	46.0	43.0	0.0	2.0
2.0	112.0	43.0	0.0	0.0	1.0
2.0	111.0	29.0	0.0	0.0	0.0
2.0	0.0	2.0	0.0	0.0	0.0
2.0	0.0	0.0	0.0	0.0	0.0
0.0	0.0	2.0	0.0	0.0	0.0
0.0	111.0	27.0	0.0	0.0	0.0
0.0	60.0	23.0	0.0	0.0	0.0
0.0	57.0	15.0	0.0	0.0	0.0
0.0	34.0	4.0	0.0	0.0	0.0
0.0	1.0	1.0	0.0	0.0	0.0
0.0	0.0	1.0	0.0	0.0	0.0
0.0	1.0	0.0	0.0	0.0	0.0
0.0	33.0	3.0	0.0	0.0	0.0
0.0	4.0	2.0	0.0	0.0	0.0
0.0	4.0	0.0	0.0	0.0	0.0
0.0	0.0	2.0	0.0	0.0	0.0
0.0	29.0	1.0	0.0	0.0	0.0
0.0	19.0	0.0	0.0	0.0	0.0
0.0	10.0	1.0	0.0	0.0	0.0
0.0	2.0	1.0	0.0	0.0	0.0
0.0	8.0	0.0	0.0	0.0	0.0
0.0	23.0	11.0	0.0	0.0	0.0
0.0	6.0	10.0	0.0	0.0	0.0
0.0	4.0	10.0	0.0	0.0	0.0
0.0	0.0	7.0	0.0	0.0	0.0
0.0	4.0	3.0	0.0	0.0	0.0
0.0	1.0	0.0	0.0	0.0	0.0
0.0	3.0	3.0	0.0	0.0	0.0
0.0	2.0	0.0	0.0	0.0	0.0
0.0	17.0	1.0	0.0	0.0	0.0
0.0	2.0	1.0	0.0	0.0	0.0
0.0	2.0	0.0	0.0	0.0	0.0
0.0	0.0	1.0	0.0	0.0	0.0
0.0	15.0	0.0	0.0	0.0	0.0
0.0	3.0	8.0	0.0	0.0	0.0
0.0	0.0	6.0	0.0	0.0	0.0
0.0	3.0	2.0	0.0	0.0	0.0
0.0	2.0	2.0	0.0	0.0	0.0
0.0	1.0	0.0	0.0	0.0	0.0
0.0	51.0	4.0	0.0	0.0	0.0
0.0	2.0	3.0	0.0	0.0	0.0
0.0	2.0	0.0	0.0	0.0	0.0
0.0	0.0	3.0	0.0	0.0	0.0
0.0	49.0	1.0	0.0	0.0	0.0
0.0	45.0	0.0	0.0	0.0	0.0
0.0	4.0	1.0	0.0	0.0	0.0
0.0	0.0	1.0	0.0	0.0	0.0
0.0	4.0	0.0	0.0	0.0	0.0
0.0	1.0	14.0	0.0	0.0	1.0
0.0	1.0	0.0	0.0	0.0	0.0
0.0	0.0	14.0	0.0	0.0	1.0
0.0	0.0	13.0	0.0	0.0	0.0
0.0	0.0	1.0	0.0	0.0	1.0
0.0	0.0	0.0	0.0	0.0	1.0
0.0	0.0	1.0	0.0	0.0	0.0
11.0	1279.0	3.0	43.0	0.0	1.0
2.0	890.0	1.0	2.0	0.0	0.0
0.0	883.0	1.0	2.0	0.0	0.0
0.0	836.0	0.0	1.0	0.0	0.0
0.0	17.0	0.0	1.0	0.0	0.0
0.0	17.0	0.0	0.0	0.0	0.0
0.0	0.0	0.0	1.0	0.0	0.0
0.0	819.0	0.0	0.0	0.0	0.0
0.0	47.0	1.0	1.0	0.0	0.0
0.0	0.0	1.0	0.0	0.0	0.0
0.0	47.0	0.0	1.0	0.0	0.0
0.0	40.0	0.0	0.0	0.0	0.0
0.0	7.0	0.0	1.0	0.0	0.0
0.0	0.0	0.0	1.0	0.0	0.0
0.0	7.0	0.0	0.0	0.0	0.0
2.0	7.0	0.0	0.0	0.0	0.0
2.0	0.0	0.0	0.0	0.0	0.0
0.0	7.0	0.0	0.0	0.0	0.0
9.0	389.0	2.0	41.0	0.0	1.0
0.0	54.0	2.0	27.0	0.0	0.0
0.0	23.0	0.0	26.0	0.0	0.0
0.0	14.0	0.0	3.0	0.0	0.0
0.0	0.0	0.0	3.0	0.0	0.0
0.0	14.0	0.0	0.0	0.0	0.0
0.0	9.0	0.0	23.0	0.0	0.0
0.0	0.0	0.0	16.0	0.0	0.0
0.0	9.0	0.0	7.0	0.0	0.0
0.0	0.0	0.0	6.0	0.0	0.0
0.0	9.0	0.0	1.0	0.0	0.0
0.0	9.0	0.0	0.0	0.0	0.0
0.0	0.0	0.0	1.0	0.0	0.0
0.0	31.0	2.0	1.0	0.0	0.0
0.0	31.0	0.0	1.0	0.0	0.0
0.0	31.0	0.0	0.0	0.0	0.0
0.0	0.0	0.0	1.0	0.0	0.0
0.0	0.0	2.0	0.0	0.0	0.0
9.0	335.0	0.0	14.0	0.0	1.0
0.0	285.0	0.0	14.0	0.0	1.0
0.0	201.0	0.0	0.0	0.0	1.0
0.0	194.0	0.0	0.0	0.0	0.0
0.0	7.0	0.0	0.0	0.0	1.0
0.0	0.0	0.0	0.0	0.0	1.0
0.0	7.0	0.0	0.0	0.0	0.0
0.0	84.0	0.0	14.0	0.0	0.0
0.0	84.0	0.0	11.0	0.0	0.0
0.0	0.0	0.0	2.0	0.0	0.0
0.0	84.0	0.0	9.0	0.0	0.0
0.0	33.0	0.0	9.0	0.0	0.0
0.0	30.0	0.0	4.0	0.0	0.0
0.0	16.0	0.0	0.0	0.0	0.0
0.0	14.0	0.0	4.0	0.0	0.0
0.0	1.0	0.0	4.0	0.0	0.0
0.0	1.0	0.0	0.0	0.0	0.0
0.0	0.0	0.0	4.0	0.0	0.0
0.0	13.0	0.0	0.0	0.0	0.0
0.0	3.0	0.0	5.0	0.0	0.0
0.0	2.0	0.0	0.0	0.0	0.0
0.0	1.0	0.0	5.0	0.0	0.0
0.0	0.0	0.0	5.0	0.0	0.0
0.0	1.0	0.0	0.0	0.0	0.0
0.0	51.0	0.0	0.0	0.0	0.0
0.0	0.0	0.0	3.0	0.0	0.0
9.0	50.0	0.0	0.0	0.0	0.0
9.0	0.0	0.0	0.0	0.0	0.0
0.0	50.0	0.0	0.0	0.0	0.0
8.0	46.0	0.0	6.0	17.0	24.0
0.0	2.0	0.0	0.0	0.0	20.0
0.0	0.0	0.0	0.0	0.0	20.0
0.0	2.0	0.0	0.0	0.0	0.0
8.0	44.0	0.0	6.0	17.0	4.0
8.0	42.0	0.0	3.0	2.0	4.0
8.0	3.0	0.0	3.0	2.0	0.0
8.0	0.0	0.0	0.0	0.0	0.0
0.0	3.0	0.0	3.0	2.0	0.0
0.0	3.0	0.0	0.0	2.0	0.0
0.0	3.0	0.0	0.0	0.0	0.0
0.0	0.0	0.0	0.0	2.0	0.0
0.0	0.0	0.0	3.0	0.0	0.0
0.0	39.0	0.0	0.0	0.0	4.0
0.0	38.0	0.0	0.0	0.0	2.0
0.0	0.0	0.0	0.0	0.0	1.0
0.0	38.0	0.0	0.0	0.0	1.0
0.0	10.0	0.0	0.0	0.0	1.0
0.0	10.0	0.0	0.0	0.0	0.0
0.0	0.0	0.0	0.0	0.0	1.0
0.0	28.0	0.0	0.0	0.0	0.0
0.0	1.0	0.0	0.0	0.0	2.0
0.0	0.0	0.0	0.0	0.0	2.0
0.0	1.0	0.0	0.0	0.0	0.0
0.0	2.0	0.0	3.0	15.0	0.0
0.0	1.0	0.0	0.0	15.0	0.0
0.0	0.0	0.0	0.0	15.0	0.0
0.0	1.0	0.0	0.0	0.0	0.0
0.0	1.0	0.0	3.0	0.0	0.0
0.0	0.0	0.0	3.0	0.0	0.0
0.0	1.0	0.0	0.0	0.0	0.0
73.0	7.0	0.0	0.0	0.0	0.0
72.0	2.0	0.0	0.0	0.0	0.0
72.0	0.0	0.0	0.0	0.0	0.0
0.0	2.0	0.0	0.0	0.0	0.0
1.0	5.0	0.0	0.0	0.0	0.0
0.0	5.0	0.0	0.0	0.0	0.0
1.0	0.0	0.0	0.0	0.0	0.0
