# Sizes (NFeatures, Nclasses, NodeCount, MaxDepth)
10	6	165	13
# Classes
0.0	1.0	2.0	3.0	4.0	5.0
# Feature Names
Nrows	Ncols	Nnnz	AvgNnnz	Density	MaxRowNnnz	MinRowNnnz	StdRowNnnz	NDiags	NTrueDiags
# Left
1	2	3	4	5	6	7	8	-1	-1	11	12	13	-1	-1	-1	17	18	19	-1	-1	-1	23	-1	25	-1	27	28	-1	-1	-1	32	-1	34	-1	36	-1	-1	-1	-1	41	42	43	44	45	-1	-1	48	49	50	-1	52	-1	-1	-1	-1	57	58	59	60	-1	62	63	-1	-1	-1	67	-1	-1	-1	71	72	73	-1	-1	-1	-1	78	79	80	-1	-1	-1	84	85	-1	87	88	89	-1	-1	92	93	-1	-1	-1	97	98	99	-1	-1	102	103	-1	-1	106	-1	-1	-1	-1	111	-1	-1	114	-1	116	117	-1	119	120	-1	-1	-1	124	125	126	-1	128	-1	130	131	-1	-1	-1	135	136	137	-1	139	-1	-1	142	143	-1	-1	-1	147	-1	-1	-1	151	152	-1	154	-1	156	-1	-1	159	160	-1	162	-1	-1	-1
# Right
150	113	40	39	38	31	10	9	-1	-1	16	15	14	-1	-1	-1	22	21	20	-1	-1	-1	24	-1	26	-1	30	29	-1	-1	-1	33	-1	35	-1	37	-1	-1	-1	-1	110	77	56	47	46	-1	-1	55	54	51	-1	53	-1	-1	-1	-1	70	69	66	61	-1	65	64	-1	-1	-1	68	-1	-1	-1	76	75	74	-1	-1	-1	-1	83	82	81	-1	-1	-1	109	86	-1	96	91	90	-1	-1	95	94	-1	-1	-1	108	101	100	-1	-1	105	104	-1	-1	107	-1	-1	-1	-1	112	-1	-1	115	-1	123	118	-1	122	121	-1	-1	-1	149	134	127	-1	129	-1	133	132	-1	-1	-1	146	141	138	-1	140	-1	-1	145	144	-1	-1	-1	148	-1	-1	-1	158	153	-1	155	-1	157	-1	-1	164	161	-1	163	-1	-1	-1
# Threshold
8955.5	17233900.0	10.0	91501.0	0.2882609963417053	0.35009849071502686	0.00025782399461604655	33566.0	-2.0	-2.0	0.001498429977800697	0.00035954049963038415	3348.0	-2.0	-2.0	-2.0	0.0020309300161898136	5.419800043106079	3.5	-2.0	-2.0	-2.0	0.005034320056438446	-2.0	89.0	-2.0	0.008252165047451854	546.5	-2.0	-2.0	-2.0	8.0	-2.0	6.5	-2.0	6335.5	-2.0	-2.0	-2.0	-2.0	3338.5	1149680.0	11631.0	75.5	29.0	-2.0	-2.0	4.004135012626648	3.9697649478912354	0.007709180004894733	-2.0	341.0	-2.0	-2.0	-2.0	-2.0	4.5	0.002172074979171157	2368.0	10.0	-2.0	256162.5	18.0	-2.0	-2.0	-2.0	27871.5	-2.0	-2.0	-2.0	27.5	537813.5	575.0	-2.0	-2.0	-2.0	-2.0	137.0	58010.5	15.0	-2.0	-2.0	-2.0	94.5	11.455399990081787	-2.0	32.0	1.8956400156021118	8851700.0	-2.0	-2.0	114864.5	3.0	-2.0	-2.0	-2.0	91.0	0.00047613150672987103	47.49139976501465	-2.0	-2.0	8399.0	4586495.0	-2.0	-2.0	45.28544998168945	-2.0	-2.0	-2.0	-2.0	9.121219635009766	-2.0	-2.0	18038700.0	-2.0	32179150.0	4771.5	-2.0	0.5	1866070.0	-2.0	-2.0	-2.0	5.016414979763795e-05	489947.0	1.733079969882965	-2.0	3.8535200357437134	-2.0	196160000.0	1831390.0	-2.0	-2.0	-2.0	3145.5	1.5	98353500.0	-2.0	32.26739978790283	-2.0	-2.0	12.621945142745972	14431605.0	-2.0	-2.0	-2.0	125632746.0	-2.0	-2.0	-2.0	93.36845016479492	44.124149322509766	-2.0	2.5	-2.0	10709665.0	-2.0	-2.0	125.0	0.009079480310902	-2.0	122848.0	-2.0	-2.0	-2.0
# Feature
5	2	8	2	4	7	4	1	-2	-2	4	4	0	-2	-2	-2	4	3	6	-2	-2	-2	4	-2	1	-2	4	0	-2	-2	-2	9	-2	5	-2	1	-2	-2	-2	-2	5	2	1	2	8	-2	-2	3	3	4	-2	1	-2	-2	-2	-2	6	4	5	9	-2	2	9	-2	-2	-2	0	-2	-2	-2	5	2	8	-2	-2	-2	-2	8	0	6	-2	-2	-2	5	3	-2	5	7	2	-2	-2	1	6	-2	-2	-2	5	4	3	-2	-2	8	2	-2	-2	3	-2	-2	-2	-2	3	-2	-2	2	-2	2	8	-2	9	0	-2	-2	-2	4	8	7	-2	7	-2	2	0	-2	-2	-2	5	6	2	-2	7	-2	-2	3	8	-2	-2	-2	2	-2	-2	-2	3	7	-2	6	-2	2	-2	-2	9	4	-2	8	-2	-2	-2
# Values
87.0	1463.0	38.0	47.0	12.0	29.0
28.0	1459.0	38.0	47.0	9.0	29.0
22.0	1427.0	37.0	33.0	0.0	2.0
2.0	57.0	29.0	0.0	0.0	0.0
2.0	57.0	16.0	0.0	0.0	0.0
0.0	57.0	16.0	0.0	0.0	0.0
0.0	28.0	14.0	0.0	0.0	0.0
0.0	1.0	3.0	0.0	0.0	0.0
0.0	0.0	3.0	0.0	0.0	0.0
0.0	1.0	0.0	0.0	0.0	0.0
0.0	27.0	11.0	0.0	0.0	0.0
0.0	12.0	1.0	0.0	0.0	0.0
0.0	2.0	1.0	0.0	0.0	0.0
0.0	0.0	1.0	0.0	0.0	0.0
0.0	2.0	0.0	0.0	0.0	0.0
0.0	10.0	0.0	0.0	0.0	0.0
0.0	15.0	10.0	0.0	0.0	0.0
0.0	2.0	6.0	0.0	0.0	0.0
0.0	1.0	6.0	0.0	0.0	0.0
0.0	0.0	3.0	0.0	0.0	0.0
0.0	1.0	3.0	0.0	0.0	0.0
0.0	1.0	0.0	0.0	0.0	0.0
0.0	13.0	4.0	0.0	0.0	0.0
0.0	5.0	0.0	0.0	0.0	0.0
0.0	8.0	4.0	0.0	0.0	0.0
0.0	1.0	0.0	0.0	0.0	0.0
0.0	7.0	4.0	0.0	0.0	0.0
0.0	7.0	3.0	0.0	0.0	0.0
0.0	1.0	0.0	0.0	0.0	0.0
0.0	6.0	3.0	0.0	0.0	0.0
0.0	0.0	1.0	0.0	0.0	0.0
0.0	29.0	2.0	0.0	0.0	0.0
0.0	24.0	0.0	0.0	0.0	0.0
0.0	5.0	2.0	0.0	0.0	0.0
0.0	0.0	1.0	0.0	0.0	0.0
0.0	5.0	1.0	0.0	0.0	0.0
0.0	2.0	0.0	0.0	0.0	0.0
0.0	3.0	1.0	0.0	0.0	0.0
2.0	0.0	0.0	0.0	0.0	0.0
0.0	0.0	13.0	0.0	0.0	0.0
20.0	1370.0	8.0	33.0	0.0	2.0
3.0	1326.0	8.0	33.0	0.0	2.0
3.0	1146.0	2.0	11.0	0.0	0.0
0.0	888.0	0.0	3.0	0.0	0.0
0.0	9.0	0.0	1.0	0.0	0.0
0.0	9.0	0.0	0.0	0.0	0.0
0.0	0.0	0.0	1.0	0.0	0.0
0.0	879.0	0.0	2.0	0.0	0.0
0.0	153.0	0.0	2.0	0.0	0.0
0.0	153.0	0.0	1.0	0.0	0.0
0.0	75.0	0.0	0.0	0.0	0.0
0.0	78.0	0.0	1.0	0.0	0.0
0.0	23.0	0.0	0.0	0.0	0.0
0.0	55.0	0.0	1.0	0.0	0.0
0.0	0.0	0.0	1.0	0.0	0.0
0.0	726.0	0.0	0.0	0.0	0.0
3.0	258.0	2.0	8.0	0.0	0.0
3.0	237.0	2.0	1.0	0.0	0.0
3.0	237.0	1.0	1.0	0.0	0.0
0.0	225.0	1.0	1.0	0.0	0.0
0.0	220.0	0.0	0.0	0.0	0.0
0.0	5.0	1.0	1.0	0.0	0.0
0.0	0.0	1.0	1.0	0.0	0.0
0.0	0.0	1.0	0.0	0.0	0.0
0.0	0.0	0.0	1.0	0.0	0.0
0.0	5.0	0.0	0.0	0.0	0.0
3.0	12.0	0.0	0.0	0.0	0.0
3.0	0.0	0.0	0.0	0.0	0.0
0.0	12.0	0.0	0.0	0.0	0.0
0.0	0.0	1.0	0.0	0.0	0.0
0.0	21.0	0.0	7.0	0.0	0.0
0.0	5.0	0.0	7.0	0.0	0.0
0.0	1.0	0.0	7.0	0.0	0.0
0.0	1.0	0.0	1.0	0.0	0.0
0.0	0.0	0.0	6.0	0.0	0.0
0.0	4.0	0.0	0.0	0.0	0.0
0.0	16.0	0.0	0.0	0.0	0.0
0.0	180.0	6.0	22.0	0.0	2.0
0.0	0.0	6.0	2.0	0.0	0.0
0.0	0.0	1.0	2.0	0.0	0.0
0.0	0.0	0.0	2.0	0.0	0.0
0.0	0.0	1.0	0.0	0.0	0.0
0.0	0.0	5.0	0.0	0.0	0.0
0.0	180.0	0.0	20.0	0.0	2.0
0.0	80.0	0.0	20.0	0.0	2.0
0.0	44.0	0.0	0.0	0.0	0.0
0.0	36.0	0.0	20.0	0.0	2.0
0.0	4.0	0.0	11.0	0.0	1.0
0.0	3.0	0.0	0.0	0.0	1.0
0.0	3.0	0.0	0.0	0.0	0.0
0.0	0.0	0.0	0.0	0.0	1.0
0.0	1.0	0.0	11.0	0.0	0.0
0.0	1.0	0.0	2.0	0.0	0.0
0.0	0.0	0.0	2.0	0.0	0.0
0.0	1.0	0.0	0.0	0.0	0.0
0.0	0.0	0.0	9.0	0.0	0.0
0.0	32.0	0.0	9.0	0.0	1.0
0.0	32.0	0.0	6.0	0.0	1.0
0.0	23.0	0.0	1.0	0.0	0.0
0.0	23.0	0.0	0.0	0.0	0.0
0.0	0.0	0.0	1.0	0.0	0.0
0.0	9.0	0.0	5.0	0.0	1.0
0.0	8.0	0.0	0.0	0.0	1.0
0.0	8.0	0.0	0.0	0.0	0.0
0.0	0.0	0.0	0.0	0.0	1.0
0.0	1.0	0.0	5.0	0.0	0.0
0.0	0.0	0.0	5.0	0.0	0.0
0.0	1.0	0.0	0.0	0.0	0.0
0.0	0.0	0.0	3.0	0.0	0.0
0.0	100.0	0.0	0.0	0.0	0.0
17.0	44.0	0.0	0.0	0.0	0.0
17.0	0.0	0.0	0.0	0.0	0.0
0.0	44.0	0.0	0.0	0.0	0.0
6.0	32.0	1.0	14.0	9.0	27.0
0.0	0.0	0.0	0.0	0.0	16.0
6.0	32.0	1.0	14.0	9.0	11.0
1.0	19.0	1.0	0.0	0.0	0.0
0.0	0.0	1.0	0.0	0.0	0.0
1.0	19.0	0.0	0.0	0.0	0.0
1.0	1.0	0.0	0.0	0.0	0.0
1.0	0.0	0.0	0.0	0.0	0.0
0.0	1.0	0.0	0.0	0.0	0.0
0.0	18.0	0.0	0.0	0.0	0.0
5.0	13.0	0.0	14.0	9.0	11.0
5.0	4.0	0.0	14.0	9.0	11.0
0.0	1.0	0.0	14.0	3.0	3.0
0.0	0.0	0.0	0.0	0.0	3.0
0.0	1.0	0.0	14.0	3.0	0.0
0.0	0.0	0.0	10.0	0.0	0.0
0.0	1.0	0.0	4.0	3.0	0.0
0.0	1.0	0.0	0.0	3.0	0.0
0.0	1.0	0.0	0.0	0.0	0.0
0.0	0.0	0.0	0.0	3.0	0.0
0.0	0.0	0.0	4.0	0.0	0.0
5.0	3.0	0.0	0.0	6.0	8.0
0.0	3.0	0.0	0.0	5.0	8.0
0.0	1.0	0.0	0.0	1.0	7.0
0.0	0.0	0.0	0.0	0.0	7.0
0.0	1.0	0.0	0.0	1.0	0.0
0.0	1.0	0.0	0.0	0.0	0.0
0.0	0.0	0.0	0.0	1.0	0.0
0.0	2.0	0.0	0.0	4.0	1.0
0.0	2.0	0.0	0.0	0.0	1.0
0.0	2.0	0.0	0.0	0.0	0.0
0.0	0.0	0.0	0.0	0.0	1.0
0.0	0.0	0.0	0.0	4.0	0.0
5.0	0.0	0.0	0.0	1.0	0.0
5.0	0.0	0.0	0.0	0.0	0.0
0.0	0.0	0.0	0.0	1.0	0.0
0.0	9.0	0.0	0.0	0.0	0.0
59.0	4.0	0.0	0.0	3.0	0.0
57.0	1.0	0.0	0.0	1.0	0.0
0.0	0.0	0.0	0.0	1.0	0.0
57.0	1.0	0.0	0.0	0.0	0.0
54.0	0.0	0.0	0.0	0.0	0.0
3.0	1.0	0.0	0.0	0.0	0.0
3.0	0.0	0.0	0.0	0.0	0.0
0.0	1.0	0.0	0.0	0.0	0.0
2.0	3.0	0.0	0.0	2.0	0.0
2.0	3.0	0.0	0.0	0.0	0.0
0.0	2.0	0.0	0.0	0.0	0.0
2.0	1.0	0.0	0.0	0.0	0.0
0.0	1.0	0.0	0.0	0.0	0.0
2.0	0.0	0.0	0.0	0.0	0.0
0.0	0.0	0.0	0.0	2.0	0.0
