# Sizes (NFeatures, Nclasses, NodeCount, MaxDepth)
10	6	143	13
# Classes
0.0	1.0	2.0	3.0	4.0	5.0
# Feature Names
Nrows	Ncols	Nnnz	AvgNnnz	Density	MaxRowNnnz	MinRowNnnz	StdRowNnnz	NDiags	NTrueDiags
# Left
1	2	3	4	-1	6	7	8	-1	10	-1	12	-1	14	-1	-1	17	-1	19	-1	-1	22	-1	24	25	26	-1	-1	-1	30	31	-1	33	-1	-1	-1	37	38	-1	40	-1	-1	-1	44	45	46	47	48	-1	-1	51	52	-1	54	-1	-1	-1	58	59	60	-1	62	63	64	-1	-1	-1	-1	69	-1	-1	72	73	74	-1	76	77	-1	-1	-1	-1	82	83	84	-1	-1	-1	88	89	-1	-1	92	93	94	95	-1	-1	-1	-1	-1	101	-1	-1	104	105	-1	107	-1	-1	110	111	112	-1	-1	115	-1	117	118	119	-1	-1	122	-1	124	-1	-1	127	-1	-1	130	-1	132	-1	134	-1	-1	137	138	-1	-1	141	-1	-1
# Right
136	43	36	5	-1	21	16	9	-1	11	-1	13	-1	15	-1	-1	18	-1	20	-1	-1	23	-1	29	28	27	-1	-1	-1	35	32	-1	34	-1	-1	-1	42	39	-1	41	-1	-1	-1	103	100	57	50	49	-1	-1	56	53	-1	55	-1	-1	-1	71	68	61	-1	67	66	65	-1	-1	-1	-1	70	-1	-1	81	80	75	-1	79	78	-1	-1	-1	-1	87	86	85	-1	-1	-1	91	90	-1	-1	99	98	97	96	-1	-1	-1	-1	-1	102	-1	-1	109	106	-1	108	-1	-1	129	114	113	-1	-1	116	-1	126	121	120	-1	-1	123	-1	125	-1	-1	128	-1	-1	131	-1	133	-1	135	-1	-1	140	139	-1	-1	142	-1	-1
# Threshold
8778.0	16.5	91501.0	8.0	-2.0	5.5	3909.5	122.0	-2.0	0.9987500011920929	-2.0	2528.0	-2.0	0.00029991100018378347	-2.0	-2.0	0.7988654971122742	-2.0	3.524810017552227e-05	-2.0	-2.0	10.0	-2.0	5.5	16174.5	1337.5	-2.0	-2.0	-2.0	8.577929973602295	0.011100574862211943	-2.0	0.02037035021930933	-2.0	-2.0	-2.0	1.184220016002655	10.0	-2.0	10.70261001586914	-2.0	-2.0	-2.0	11718800.0	3959.0	11631.0	70.0	17.0	-2.0	-2.0	12.5	2.550814986228943	-2.0	2.7533650398254395	-2.0	-2.0	-2.0	671.0	43853.0	0.0006109435053076595	-2.0	14.496500015258789	294101.0	9.018024921417236	-2.0	-2.0	-2.0	-2.0	48.0	-2.0	-2.0	32.5	15.925449848175049	10.254549980163574	-2.0	2.0	107772.0	-2.0	-2.0	-2.0	-2.0	5.5	98324.5	20.936201095581055	-2.0	-2.0	-2.0	6.5	0.00048052999773062766	-2.0	-2.0	94.5	91.5	8.5	62.5	-2.0	-2.0	-2.0	-2.0	-2.0	9.121219635009766	-2.0	-2.0	7723.5	44.16670036315918	-2.0	57.05634880065918	-2.0	-2.0	82370400.0	13256400.0	12775500.0	-2.0	-2.0	33413500.0	-2.0	2.6844099920708686e-05	0.5	2701784.0	-2.0	-2.0	1.5	-2.0	43128750.0	-2.0	-2.0	7.833670020103455	-2.0	-2.0	1286485.0	-2.0	3.0	-2.0	23.0	-2.0	-2.0	93.36845016479492	208226504.0	-2.0	-2.0	217.0	-2.0	-2.0
# Feature
5	8	2	0	-2	8	2	2	-2	3	-2	0	-2	4	-2	-2	3	-2	4	-2	-2	0	-2	5	2	1	-2	-2	-2	3	4	-2	4	-2	-2	-2	7	8	-2	3	-2	-2	-2	2	5	1	2	0	-2	-2	5	7	-2	7	-2	-2	-2	8	0	4	-2	7	2	7	-2	-2	-2	-2	5	-2	-2	5	3	3	-2	9	8	-2	-2	-2	-2	6	2	7	-2	-2	-2	6	4	-2	-2	5	5	6	5	-2	-2	-2	-2	-2	3	-2	-2	8	3	-2	3	-2	-2	2	2	2	-2	-2	2	-2	4	6	8	-2	-2	6	-2	2	-2	-2	7	-2	-2	0	-2	9	-2	9	-2	-2	3	2	-2	-2	9	-2	-2
# Values
92.0	1465.0	41.0	45.0	11.0	22.0
24.0	1459.0	41.0	45.0	10.0	22.0
7.0	63.0	35.0	0.0	0.0	2.0
7.0	62.0	21.0	0.0	0.0	0.0
7.0	0.0	0.0	0.0	0.0	0.0
0.0	62.0	21.0	0.0	0.0	0.0
0.0	12.0	14.0	0.0	0.0	0.0
0.0	9.0	4.0	0.0	0.0	0.0
0.0	0.0	2.0	0.0	0.0	0.0
0.0	9.0	2.0	0.0	0.0	0.0
0.0	0.0	1.0	0.0	0.0	0.0
0.0	9.0	1.0	0.0	0.0	0.0
0.0	8.0	0.0	0.0	0.0	0.0
0.0	1.0	1.0	0.0	0.0	0.0
0.0	1.0	0.0	0.0	0.0	0.0
0.0	0.0	1.0	0.0	0.0	0.0
0.0	3.0	10.0	0.0	0.0	0.0
0.0	2.0	0.0	0.0	0.0	0.0
0.0	1.0	10.0	0.0	0.0	0.0
0.0	1.0	0.0	0.0	0.0	0.0
0.0	0.0	10.0	0.0	0.0	0.0
0.0	50.0	7.0	0.0	0.0	0.0
0.0	0.0	2.0	0.0	0.0	0.0
0.0	50.0	5.0	0.0	0.0	0.0
0.0	8.0	3.0	0.0	0.0	0.0
0.0	3.0	3.0	0.0	0.0	0.0
0.0	3.0	0.0	0.0	0.0	0.0
0.0	0.0	3.0	0.0	0.0	0.0
0.0	5.0	0.0	0.0	0.0	0.0
0.0	42.0	2.0	0.0	0.0	0.0
0.0	41.0	1.0	0.0	0.0	0.0
0.0	33.0	0.0	0.0	0.0	0.0
0.0	8.0	1.0	0.0	0.0	0.0
0.0	0.0	1.0	0.0	0.0	0.0
0.0	8.0	0.0	0.0	0.0	0.0
0.0	1.0	1.0	0.0	0.0	0.0
0.0	1.0	14.0	0.0	0.0	2.0
0.0	0.0	14.0	0.0	0.0	2.0
0.0	0.0	12.0	0.0	0.0	0.0
0.0	0.0	2.0	0.0	0.0	2.0
0.0	0.0	0.0	0.0	0.0	2.0
0.0	0.0	2.0	0.0	0.0	0.0
0.0	1.0	0.0	0.0	0.0	0.0
17.0	1396.0	6.0	45.0	10.0	20.0
15.0	1344.0	6.0	32.0	0.0	2.0
1.0	1311.0	6.0	32.0	0.0	2.0
0.0	850.0	0.0	2.0	0.0	0.0
0.0	2.0	0.0	1.0	0.0	0.0
0.0	2.0	0.0	0.0	0.0	0.0
0.0	0.0	0.0	1.0	0.0	0.0
0.0	848.0	0.0	1.0	0.0	0.0
0.0	137.0	0.0	1.0	0.0	0.0
0.0	125.0	0.0	0.0	0.0	0.0
0.0	12.0	0.0	1.0	0.0	0.0
0.0	0.0	0.0	1.0	0.0	0.0
0.0	12.0	0.0	0.0	0.0	0.0
0.0	711.0	0.0	0.0	0.0	0.0
1.0	461.0	6.0	30.0	0.0	2.0
0.0	13.0	6.0	7.0	0.0	2.0
0.0	13.0	6.0	2.0	0.0	0.0
0.0	9.0	0.0	0.0	0.0	0.0
0.0	4.0	6.0	2.0	0.0	0.0
0.0	1.0	6.0	2.0	0.0	0.0
0.0	1.0	0.0	2.0	0.0	0.0
0.0	0.0	0.0	2.0	0.0	0.0
0.0	1.0	0.0	0.0	0.0	0.0
0.0	0.0	6.0	0.0	0.0	0.0
0.0	3.0	0.0	0.0	0.0	0.0
0.0	0.0	0.0	5.0	0.0	2.0
0.0	0.0	0.0	5.0	0.0	0.0
0.0	0.0	0.0	0.0	0.0	2.0
1.0	448.0	0.0	23.0	0.0	0.0
0.0	113.0	0.0	19.0	0.0	0.0
0.0	113.0	0.0	5.0	0.0	0.0
0.0	100.0	0.0	0.0	0.0	0.0
0.0	13.0	0.0	5.0	0.0	0.0
0.0	1.0	0.0	5.0	0.0	0.0
0.0	0.0	0.0	5.0	0.0	0.0
0.0	1.0	0.0	0.0	0.0	0.0
0.0	12.0	0.0	0.0	0.0	0.0
0.0	0.0	0.0	14.0	0.0	0.0
1.0	335.0	0.0	4.0	0.0	0.0
1.0	241.0	0.0	0.0	0.0	0.0
1.0	9.0	0.0	0.0	0.0	0.0
0.0	9.0	0.0	0.0	0.0	0.0
1.0	0.0	0.0	0.0	0.0	0.0
0.0	232.0	0.0	0.0	0.0	0.0
0.0	94.0	0.0	4.0	0.0	0.0
0.0	1.0	0.0	1.0	0.0	0.0
0.0	1.0	0.0	0.0	0.0	0.0
0.0	0.0	0.0	1.0	0.0	0.0
0.0	93.0	0.0	3.0	0.0	0.0
0.0	23.0	0.0	3.0	0.0	0.0
0.0	23.0	0.0	1.0	0.0	0.0
0.0	3.0	0.0	1.0	0.0	0.0
0.0	3.0	0.0	0.0	0.0	0.0
0.0	0.0	0.0	1.0	0.0	0.0
0.0	20.0	0.0	0.0	0.0	0.0
0.0	0.0	0.0	2.0	0.0	0.0
0.0	70.0	0.0	0.0	0.0	0.0
14.0	33.0	0.0	0.0	0.0	0.0
14.0	0.0	0.0	0.0	0.0	0.0
0.0	33.0	0.0	0.0	0.0	0.0
2.0	52.0	0.0	13.0	10.0	18.0
0.0	1.0	0.0	2.0	0.0	14.0
0.0	0.0	0.0	0.0	0.0	14.0
0.0	1.0	0.0	2.0	0.0	0.0
0.0	0.0	0.0	2.0	0.0	0.0
0.0	1.0	0.0	0.0	0.0	0.0
2.0	51.0	0.0	11.0	10.0	4.0
2.0	48.0	0.0	7.0	1.0	4.0
0.0	2.0	0.0	4.0	0.0	0.0
0.0	2.0	0.0	0.0	0.0	0.0
0.0	0.0	0.0	4.0	0.0	0.0
2.0	46.0	0.0	3.0	1.0	4.0
0.0	30.0	0.0	0.0	0.0	0.0
2.0	16.0	0.0	3.0	1.0	4.0
2.0	2.0	0.0	2.0	1.0	4.0
2.0	0.0	0.0	2.0	0.0	0.0
0.0	0.0	0.0	2.0	0.0	0.0
2.0	0.0	0.0	0.0	0.0	0.0
0.0	2.0	0.0	0.0	1.0	4.0
0.0	0.0	0.0	0.0	0.0	4.0
0.0	2.0	0.0	0.0	1.0	0.0
0.0	0.0	0.0	0.0	1.0	0.0
0.0	2.0	0.0	0.0	0.0	0.0
0.0	14.0	0.0	1.0	0.0	0.0
0.0	0.0	0.0	1.0	0.0	0.0
0.0	14.0	0.0	0.0	0.0	0.0
0.0	3.0	0.0	4.0	9.0	0.0
0.0	3.0	0.0	0.0	0.0	0.0
0.0	0.0	0.0	4.0	9.0	0.0
0.0	0.0	0.0	2.0	0.0	0.0
0.0	0.0	0.0	2.0	9.0	0.0
0.0	0.0	0.0	0.0	9.0	0.0
0.0	0.0	0.0	2.0	0.0	0.0
68.0	6.0	0.0	0.0	1.0	0.0
68.0	2.0	0.0	0.0	0.0	0.0
68.0	0.0	0.0	0.0	0.0	0.0
0.0	2.0	0.0	0.0	0.0	0.0
0.0	4.0	0.0	0.0	1.0	0.0
0.0	4.0	0.0	0.0	0.0	0.0
0.0	0.0	0.0	0.0	1.0	0.0
