# Sizes (NFeatures, Nclasses, NodeCount, MaxDepth)
10	6	143	12
# Classes
0.0	1.0	2.0	3.0	4.0	5.0
# Feature Names
Nrows	Ncols	Nnnz	AvgNnnz	Density	MaxRowNnnz	MinRowNnnz	StdRowNnnz	NDiags	NTrueDiags
# Left
1	2	3	4	5	6	7	8	9	-1	-1	-1	13	-1	15	-1	-1	18	19	-1	-1	22	23	-1	-1	-1	27	-1	29	-1	-1	32	33	-1	35	-1	-1	-1	39	40	41	42	43	-1	-1	46	47	-1	-1	50	51	-1	-1	-1	55	56	-1	58	-1	60	-1	62	-1	-1	65	-1	-1	68	69	70	-1	-1	73	-1	75	-1	-1	78	79	80	-1	82	-1	84	85	-1	-1	-1	89	-1	-1	92	93	-1	-1	-1	97	98	-1	-1	-1	102	-1	104	105	106	107	108	-1	-1	111	-1	-1	114	-1	116	-1	118	-1	-1	121	-1	-1	124	125	-1	-1	128	-1	-1	131	132	133	-1	-1	136	137	-1	139	-1	-1	-1	-1
# Right
130	101	38	31	26	17	12	11	10	-1	-1	-1	14	-1	16	-1	-1	21	20	-1	-1	25	24	-1	-1	-1	28	-1	30	-1	-1	37	34	-1	36	-1	-1	-1	96	67	54	45	44	-1	-1	49	48	-1	-1	53	52	-1	-1	-1	64	57	-1	59	-1	61	-1	63	-1	-1	66	-1	-1	77	72	71	-1	-1	74	-1	76	-1	-1	91	88	81	-1	83	-1	87	86	-1	-1	-1	90	-1	-1	95	94	-1	-1	-1	100	99	-1	-1	-1	103	-1	123	120	113	110	109	-1	-1	112	-1	-1	115	-1	117	-1	119	-1	-1	122	-1	-1	127	126	-1	-1	129	-1	-1	142	135	134	-1	-1	141	138	-1	140	-1	-1	-1	-1
# Threshold
8600.0	17508850.0	35.5	91039.0	0.3655484914779663	3928.5	125.0	101.0	7.5	-2.0	-2.0	-2.0	2528.0	-2.0	3348.0	-2.0	-2.0	10000.0	0.1737149953842163	-2.0	-2.0	3.5	33566.0	-2.0	-2.0	-2.0	9.5	-2.0	76776.5	-2.0	-2.0	34.0	485588.0	-2.0	9.0	-2.0	-2.0	-2.0	3322.5	1171680.0	217791.0	0.19361350685358047	0.15926050394773483	-2.0	-2.0	1.5716400146484375	1.4177550077438354	-2.0	-2.0	1578.0	307.5	-2.0	-2.0	-2.0	32.5	26906.5	-2.0	135.0	-2.0	4.5	-2.0	11.0	-2.0	-2.0	68.5	-2.0	-2.0	1066.0	51.5	385849.5	-2.0	-2.0	166.0	-2.0	4023480.0	-2.0	-2.0	30130.0	97.5	11.43340015411377	-2.0	1869320.0	-2.0	10161365.0	21.0	-2.0	-2.0	-2.0	7.909349679946899	-2.0	-2.0	1560890.0	74808.5	-2.0	-2.0	-2.0	9.121219635009766	20.42414951324463	-2.0	-2.0	-2.0	8436.0	-2.0	82370400.0	3570.0	1.5	1675245.0	2121500.0	-2.0	-2.0	26973900.0	-2.0	-2.0	46316.0	-2.0	148.5	-2.0	10.0	-2.0	-2.0	559.80939245224	-2.0	-2.0	3.584510087966919	16508600.0	-2.0	-2.0	3.860327552729359e-06	-2.0	-2.0	154.0	45.53579902648926	3995495.0	-2.0	-2.0	208226504.0	2.5	-2.0	305827.0	-2.0	-2.0	-2.0	-2.0
# Feature
5	2	8	2	7	2	2	2	1	-2	-2	-2	0	-2	0	-2	-2	2	7	-2	-2	6	0	-2	-2	-2	1	-2	2	-2	-2	8	0	-2	8	-2	-2	-2	5	2	2	7	7	-2	-2	3	3	-2	-2	2	8	-2	-2	-2	5	0	-2	8	-2	6	-2	9	-2	-2	8	-2	-2	8	9	1	-2	-2	8	-2	2	-2	-2	8	5	3	-2	2	-2	2	6	-2	-2	-2	7	-2	-2	2	0	-2	-2	-2	3	7	-2	-2	-2	8	-2	2	5	6	8	1	-2	-2	2	-2	-2	8	-2	5	-2	6	-2	-2	3	-2	-2	7	0	-2	-2	4	-2	-2	9	7	8	-2	-2	2	6	-2	0	-2	-2	-2	-2
# Values
83.0	1467.0	44.0	45.0	12.0	25.0
23.0	1464.0	44.0	45.0	8.0	25.0
16.0	1427.0	44.0	36.0	0.0	6.0
1.0	105.0	40.0	3.0	0.0	2.0
1.0	105.0	19.0	0.0	0.0	0.0
1.0	32.0	17.0	0.0	0.0	0.0
1.0	18.0	3.0	0.0	0.0	0.0
1.0	2.0	2.0	0.0	0.0	0.0
1.0	2.0	0.0	0.0	0.0	0.0
1.0	0.0	0.0	0.0	0.0	0.0
0.0	2.0	0.0	0.0	0.0	0.0
0.0	0.0	2.0	0.0	0.0	0.0
0.0	16.0	1.0	0.0	0.0	0.0
0.0	13.0	0.0	0.0	0.0	0.0
0.0	3.0	1.0	0.0	0.0	0.0
0.0	0.0	1.0	0.0	0.0	0.0
0.0	3.0	0.0	0.0	0.0	0.0
0.0	14.0	14.0	0.0	0.0	0.0
0.0	1.0	9.0	0.0	0.0	0.0
0.0	0.0	6.0	0.0	0.0	0.0
0.0	1.0	3.0	0.0	0.0	0.0
0.0	13.0	5.0	0.0	0.0	0.0
0.0	3.0	5.0	0.0	0.0	0.0
0.0	0.0	5.0	0.0	0.0	0.0
0.0	3.0	0.0	0.0	0.0	0.0
0.0	10.0	0.0	0.0	0.0	0.0
0.0	73.0	2.0	0.0	0.0	0.0
0.0	0.0	1.0	0.0	0.0	0.0
0.0	73.0	1.0	0.0	0.0	0.0
0.0	70.0	0.0	0.0	0.0	0.0
0.0	3.0	1.0	0.0	0.0	0.0
0.0	0.0	21.0	3.0	0.0	2.0
0.0	0.0	21.0	0.0	0.0	2.0
0.0	0.0	19.0	0.0	0.0	0.0
0.0	0.0	2.0	0.0	0.0	2.0
0.0	0.0	2.0	0.0	0.0	0.0
0.0	0.0	0.0	0.0	0.0	2.0
0.0	0.0	0.0	3.0	0.0	0.0
15.0	1322.0	4.0	33.0	0.0	4.0
0.0	1266.0	4.0	33.0	0.0	4.0
0.0	1109.0	1.0	15.0	0.0	0.0
0.0	890.0	0.0	3.0	0.0	0.0
0.0	11.0	0.0	1.0	0.0	0.0
0.0	11.0	0.0	0.0	0.0	0.0
0.0	0.0	0.0	1.0	0.0	0.0
0.0	879.0	0.0	2.0	0.0	0.0
0.0	12.0	0.0	1.0	0.0	0.0
0.0	12.0	0.0	0.0	0.0	0.0
0.0	0.0	0.0	1.0	0.0	0.0
0.0	867.0	0.0	1.0	0.0	0.0
0.0	125.0	0.0	1.0	0.0	0.0
0.0	66.0	0.0	0.0	0.0	0.0
0.0	59.0	0.0	1.0	0.0	0.0
0.0	742.0	0.0	0.0	0.0	0.0
0.0	219.0	1.0	12.0	0.0	0.0
0.0	35.0	0.0	12.0	0.0	0.0
0.0	0.0	0.0	10.0	0.0	0.0
0.0	35.0	0.0	2.0	0.0	0.0
0.0	0.0	0.0	1.0	0.0	0.0
0.0	35.0	0.0	1.0	0.0	0.0
0.0	31.0	0.0	0.0	0.0	0.0
0.0	4.0	0.0	1.0	0.0	0.0
0.0	0.0	0.0	1.0	0.0	0.0
0.0	4.0	0.0	0.0	0.0	0.0
0.0	184.0	1.0	0.0	0.0	0.0
0.0	0.0	1.0	0.0	0.0	0.0
0.0	184.0	0.0	0.0	0.0	0.0
0.0	157.0	3.0	18.0	0.0	4.0
0.0	9.0	3.0	8.0	0.0	2.0
0.0	1.0	0.0	8.0	0.0	0.0
0.0	0.0	0.0	8.0	0.0	0.0
0.0	1.0	0.0	0.0	0.0	0.0
0.0	8.0	3.0	0.0	0.0	2.0
0.0	0.0	3.0	0.0	0.0	0.0
0.0	8.0	0.0	0.0	0.0	2.0
0.0	8.0	0.0	0.0	0.0	0.0
0.0	0.0	0.0	0.0	0.0	2.0
0.0	148.0	0.0	10.0	0.0	2.0
0.0	48.0	0.0	9.0	0.0	2.0
0.0	12.0	0.0	9.0	0.0	0.0
0.0	6.0	0.0	0.0	0.0	0.0
0.0	6.0	0.0	9.0	0.0	0.0
0.0	4.0	0.0	0.0	0.0	0.0
0.0	2.0	0.0	9.0	0.0	0.0
0.0	1.0	0.0	9.0	0.0	0.0
0.0	0.0	0.0	9.0	0.0	0.0
0.0	1.0	0.0	0.0	0.0	0.0
0.0	1.0	0.0	0.0	0.0	0.0
0.0	36.0	0.0	0.0	0.0	2.0
0.0	0.0	0.0	0.0	0.0	2.0
0.0	36.0	0.0	0.0	0.0	0.0
0.0	100.0	0.0	1.0	0.0	0.0
0.0	5.0	0.0	1.0	0.0	0.0
0.0	0.0	0.0	1.0	0.0	0.0
0.0	5.0	0.0	0.0	0.0	0.0
0.0	95.0	0.0	0.0	0.0	0.0
15.0	56.0	0.0	0.0	0.0	0.0
15.0	1.0	0.0	0.0	0.0	0.0
0.0	1.0	0.0	0.0	0.0	0.0
15.0	0.0	0.0	0.0	0.0	0.0
0.0	55.0	0.0	0.0	0.0	0.0
7.0	37.0	0.0	9.0	8.0	19.0
0.0	0.0	0.0	0.0	0.0	11.0
7.0	37.0	0.0	9.0	8.0	8.0
7.0	36.0	0.0	3.0	1.0	6.0
0.0	35.0	0.0	3.0	1.0	6.0
0.0	10.0	0.0	2.0	0.0	6.0
0.0	9.0	0.0	2.0	0.0	0.0
0.0	9.0	0.0	0.0	0.0	0.0
0.0	0.0	0.0	2.0	0.0	0.0
0.0	1.0	0.0	0.0	0.0	6.0
0.0	1.0	0.0	0.0	0.0	0.0
0.0	0.0	0.0	0.0	0.0	6.0
0.0	25.0	0.0	1.0	1.0	0.0
0.0	0.0	0.0	1.0	0.0	0.0
0.0	25.0	0.0	0.0	1.0	0.0
0.0	20.0	0.0	0.0	0.0	0.0
0.0	5.0	0.0	0.0	1.0	0.0
0.0	0.0	0.0	0.0	1.0	0.0
0.0	5.0	0.0	0.0	0.0	0.0
7.0	1.0	0.0	0.0	0.0	0.0
7.0	0.0	0.0	0.0	0.0	0.0
0.0	1.0	0.0	0.0	0.0	0.0
0.0	1.0	0.0	6.0	7.0	2.0
0.0	0.0	0.0	6.0	0.0	2.0
0.0	0.0	0.0	6.0	0.0	0.0
0.0	0.0	0.0	0.0	0.0	2.0
0.0	1.0	0.0	0.0	7.0	0.0
0.0	1.0	0.0	0.0	0.0	0.0
0.0	0.0	0.0	0.0	7.0	0.0
60.0	3.0	0.0	0.0	4.0	0.0
60.0	3.0	0.0	0.0	2.0	0.0
1.0	0.0	0.0	0.0	2.0	0.0
0.0	0.0	0.0	0.0	2.0	0.0
1.0	0.0	0.0	0.0	0.0	0.0
59.0	3.0	0.0	0.0	0.0	0.0
59.0	2.0	0.0	0.0	0.0	0.0
56.0	0.0	0.0	0.0	0.0	0.0
3.0	2.0	0.0	0.0	0.0	0.0
3.0	0.0	0.0	0.0	0.0	0.0
0.0	2.0	0.0	0.0	0.0	0.0
0.0	1.0	0.0	0.0	0.0	0.0
0.0	0.0	0.0	0.0	2.0	0.0
