# Sizes (NFeatures, Nclasses, NodeCount, MaxDepth)
10	6	157	13
# Classes
0.0	1.0	2.0	3.0	4.0	5.0
# Feature Names
Nrows	Ncols	Nnnz	AvgNnnz	Density	MaxRowNnnz	MinRowNnnz	StdRowNnnz	NDiags	NTrueDiags
# Left
1	2	3	4	5	6	7	-1	9	10	11	-1	13	-1	-1	16	17	18	-1	-1	-1	22	-1	-1	-1	-1	27	28	-1	30	-1	-1	33	-1	-1	36	37	-1	39	-1	-1	-1	43	44	45	46	-1	-1	49	50	51	-1	53	-1	-1	-1	-1	58	59	-1	61	-1	-1	64	65	66	-1	-1	69	70	71	-1	-1	-1	75	-1	77	-1	79	80	-1	-1	-1	84	85	-1	87	88	-1	-1	91	-1	93	-1	-1	96	97	98	-1	100	-1	102	-1	-1	105	106	-1	-1	-1	-1	111	-1	-1	114	115	116	-1	-1	-1	120	121	-1	123	-1	-1	126	127	-1	129	-1	131	-1	-1	134	135	136	-1	138	139	140	-1	-1	-1	-1	-1	146	-1	-1	149	150	151	-1	-1	-1	155	-1	-1
# Right
148	113	42	35	26	25	8	-1	24	15	12	-1	14	-1	-1	21	20	19	-1	-1	-1	23	-1	-1	-1	-1	32	29	-1	31	-1	-1	34	-1	-1	41	38	-1	40	-1	-1	-1	110	57	48	47	-1	-1	56	55	52	-1	54	-1	-1	-1	-1	63	60	-1	62	-1	-1	83	68	67	-1	-1	74	73	72	-1	-1	-1	76	-1	78	-1	82	81	-1	-1	-1	95	86	-1	90	89	-1	-1	92	-1	94	-1	-1	109	104	99	-1	101	-1	103	-1	-1	108	107	-1	-1	-1	-1	112	-1	-1	119	118	117	-1	-1	-1	125	122	-1	124	-1	-1	133	128	-1	130	-1	132	-1	-1	145	144	137	-1	143	142	141	-1	-1	-1	-1	-1	147	-1	-1	154	153	152	-1	-1	-1	156	-1	-1
# Threshold
8955.5	17508850.0	32.5	68362.0	0.4855480045080185	12719.5	26.0	-2.0	2980.5	0.002434325055219233	2.5	-2.0	4.462850093841553	-2.0	-2.0	0.4782015085220337	6.0	4530.5	-2.0	-2.0	-2.0	337.5	-2.0	-2.0	-2.0	-2.0	3.1693450212478638	31.5	-2.0	1.7341600060462952	-2.0	-2.0	19.0	-2.0	-2.0	8.0	9.0	-2.0	3.52273650605639e-05	-2.0	-2.0	-2.0	3338.5	11631.0	1.6122750043869019	1.4745799899101257	-2.0	-2.0	3.9937349557876587	3.9699249267578125	0.008310284931212664	-2.0	318.5	-2.0	-2.0	-2.0	-2.0	136.0	37.0	-2.0	0.0039189200615510345	-2.0	-2.0	4.5	3.5	0.15926050394773483	-2.0	-2.0	12.0	0.5	7862.0	-2.0	-2.0	-2.0	14.0	-2.0	16010.0	-2.0	0.00022830099624115974	8.147544849634869e-05	-2.0	-2.0	-2.0	32.0	1.496155023574829	-2.0	596.0	3.1208900213241577	-2.0	-2.0	27.5	-2.0	143706.0	-2.0	-2.0	308762.5	66.5	30.87894916534424	-2.0	29.0	-2.0	48.98469924926758	-2.0	-2.0	94.5	91.5	-2.0	-2.0	-2.0	-2.0	9.121219635009766	-2.0	-2.0	8526.5	16.5	13.0	-2.0	-2.0	-2.0	32970100.0	4.5	-2.0	8.5	-2.0	-2.0	489947.0	652412.5	-2.0	4.141975045204163	-2.0	20.0	-2.0	-2.0	3145.5	17648850.0	1.335889995098114	-2.0	625.0	94252800.0	44295750.0	-2.0	-2.0	-2.0	-2.0	-2.0	125632746.0	-2.0	-2.0	118.72045135498047	44.124149322509766	1.5	-2.0	-2.0	-2.0	0.009079480310902	-2.0	-2.0
# Feature
5	2	8	2	7	1	2	-2	1	4	9	-2	3	-2	-2	7	8	2	-2	-2	-2	0	-2	-2	-2	-2	7	8	-2	7	-2	-2	9	-2	-2	9	8	-2	4	-2	-2	-2	5	0	3	3	-2	-2	3	3	4	-2	0	-2	-2	-2	-2	8	9	-2	4	-2	-2	6	5	7	-2	-2	9	6	8	-2	-2	-2	9	-2	0	-2	4	4	-2	-2	-2	5	7	-2	8	7	-2	-2	5	-2	0	-2	-2	1	5	3	-2	9	-2	3	-2	-2	5	5	-2	-2	-2	-2	3	-2	-2	8	9	9	-2	-2	-2	2	6	-2	6	-2	-2	8	0	-2	7	-2	9	-2	-2	5	0	7	-2	5	2	2	-2	-2	-2	-2	-2	2	-2	-2	3	7	9	-2	-2	-2	4	-2	-2
# Values
75.0	1477.0	39.0	46.0	12.0	27.0
24.0	1475.0	39.0	46.0	10.0	27.0
18.0	1445.0	37.0	35.0	0.0	5.0
1.0	101.0	31.0	1.0	0.0	2.0
1.0	98.0	12.0	1.0	0.0	0.0
1.0	30.0	10.0	0.0	0.0	0.0
1.0	30.0	7.0	0.0	0.0	0.0
1.0	0.0	0.0	0.0	0.0	0.0
0.0	30.0	7.0	0.0	0.0	0.0
0.0	19.0	7.0	0.0	0.0	0.0
0.0	2.0	4.0	0.0	0.0	0.0
0.0	1.0	0.0	0.0	0.0	0.0
0.0	1.0	4.0	0.0	0.0	0.0
0.0	1.0	2.0	0.0	0.0	0.0
0.0	0.0	2.0	0.0	0.0	0.0
0.0	17.0	3.0	0.0	0.0	0.0
0.0	15.0	1.0	0.0	0.0	0.0
0.0	6.0	1.0	0.0	0.0	0.0
0.0	5.0	0.0	0.0	0.0	0.0
0.0	1.0	1.0	0.0	0.0	0.0
0.0	9.0	0.0	0.0	0.0	0.0
0.0	2.0	2.0	0.0	0.0	0.0
0.0	2.0	0.0	0.0	0.0	0.0
0.0	0.0	2.0	0.0	0.0	0.0
0.0	11.0	0.0	0.0	0.0	0.0
0.0	0.0	3.0	0.0	0.0	0.0
0.0	68.0	2.0	1.0	0.0	0.0
0.0	67.0	0.0	1.0	0.0	0.0
0.0	66.0	0.0	0.0	0.0	0.0
0.0	1.0	0.0	1.0	0.0	0.0
0.0	1.0	0.0	0.0	0.0	0.0
0.0	0.0	0.0	1.0	0.0	0.0
0.0	1.0	2.0	0.0	0.0	0.0
0.0	0.0	2.0	0.0	0.0	0.0
0.0	1.0	0.0	0.0	0.0	0.0
0.0	3.0	19.0	0.0	0.0	2.0
0.0	3.0	6.0	0.0	0.0	2.0
0.0	0.0	6.0	0.0	0.0	0.0
0.0	3.0	0.0	0.0	0.0	2.0
0.0	0.0	0.0	0.0	0.0	2.0
0.0	3.0	0.0	0.0	0.0	0.0
0.0	0.0	13.0	0.0	0.0	0.0
17.0	1344.0	6.0	34.0	0.0	3.0
0.0	1301.0	6.0	34.0	0.0	3.0
0.0	850.0	0.0	3.0	0.0	0.0
0.0	12.0	0.0	1.0	0.0	0.0
0.0	12.0	0.0	0.0	0.0	0.0
0.0	0.0	0.0	1.0	0.0	0.0
0.0	838.0	0.0	2.0	0.0	0.0
0.0	123.0	0.0	2.0	0.0	0.0
0.0	123.0	0.0	1.0	0.0	0.0
0.0	60.0	0.0	0.0	0.0	0.0
0.0	63.0	0.0	1.0	0.0	0.0
0.0	23.0	0.0	0.0	0.0	0.0
0.0	40.0	0.0	1.0	0.0	0.0
0.0	0.0	0.0	1.0	0.0	0.0
0.0	715.0	0.0	0.0	0.0	0.0
0.0	451.0	6.0	31.0	0.0	3.0
0.0	3.0	6.0	3.0	0.0	0.0
0.0	0.0	0.0	3.0	0.0	0.0
0.0	3.0	6.0	0.0	0.0	0.0
0.0	0.0	6.0	0.0	0.0	0.0
0.0	3.0	0.0	0.0	0.0	0.0
0.0	448.0	0.0	28.0	0.0	3.0
0.0	344.0	0.0	7.0	0.0	2.0
0.0	6.0	0.0	3.0	0.0	0.0
0.0	6.0	0.0	0.0	0.0	0.0
0.0	0.0	0.0	3.0	0.0	0.0
0.0	338.0	0.0	4.0	0.0	2.0
0.0	311.0	0.0	2.0	0.0	0.0
0.0	36.0	0.0	2.0	0.0	0.0
0.0	0.0	0.0	2.0	0.0	0.0
0.0	36.0	0.0	0.0	0.0	0.0
0.0	275.0	0.0	0.0	0.0	0.0
0.0	27.0	0.0	2.0	0.0	2.0
0.0	0.0	0.0	0.0	0.0	2.0
0.0	27.0	0.0	2.0	0.0	0.0
0.0	0.0	0.0	1.0	0.0	0.0
0.0	27.0	0.0	1.0	0.0	0.0
0.0	6.0	0.0	1.0	0.0	0.0
0.0	6.0	0.0	0.0	0.0	0.0
0.0	0.0	0.0	1.0	0.0	0.0
0.0	21.0	0.0	0.0	0.0	0.0
0.0	104.0	0.0	21.0	0.0	1.0
0.0	8.0	0.0	14.0	0.0	0.0
0.0	5.0	0.0	0.0	0.0	0.0
0.0	3.0	0.0	14.0	0.0	0.0
0.0	2.0	0.0	1.0	0.0	0.0
0.0	1.0	0.0	1.0	0.0	0.0
0.0	1.0	0.0	0.0	0.0	0.0
0.0	1.0	0.0	13.0	0.0	0.0
0.0	0.0	0.0	12.0	0.0	0.0
0.0	1.0	0.0	1.0	0.0	0.0
0.0	1.0	0.0	0.0	0.0	0.0
0.0	0.0	0.0	1.0	0.0	0.0
0.0	96.0	0.0	7.0	0.0	1.0
0.0	96.0	0.0	5.0	0.0	1.0
0.0	11.0	0.0	4.0	0.0	1.0
0.0	9.0	0.0	0.0	0.0	0.0
0.0	2.0	0.0	4.0	0.0	1.0
0.0	0.0	0.0	4.0	0.0	0.0
0.0	2.0	0.0	0.0	0.0	1.0
0.0	2.0	0.0	0.0	0.0	0.0
0.0	0.0	0.0	0.0	0.0	1.0
0.0	85.0	0.0	1.0	0.0	0.0
0.0	11.0	0.0	1.0	0.0	0.0
0.0	11.0	0.0	0.0	0.0	0.0
0.0	0.0	0.0	1.0	0.0	0.0
0.0	74.0	0.0	0.0	0.0	0.0
0.0	0.0	0.0	2.0	0.0	0.0
17.0	43.0	0.0	0.0	0.0	0.0
17.0	0.0	0.0	0.0	0.0	0.0
0.0	43.0	0.0	0.0	0.0	0.0
6.0	30.0	2.0	11.0	10.0	22.0
0.0	1.0	2.0	0.0	0.0	15.0
0.0	1.0	2.0	0.0	0.0	0.0
0.0	1.0	0.0	0.0	0.0	0.0
0.0	0.0	2.0	0.0	0.0	0.0
0.0	0.0	0.0	0.0	0.0	15.0
6.0	29.0	0.0	11.0	10.0	7.0
0.0	20.0	0.0	0.0	0.0	2.0
0.0	17.0	0.0	0.0	0.0	0.0
0.0	3.0	0.0	0.0	0.0	2.0
0.0	0.0	0.0	0.0	0.0	2.0
0.0	3.0	0.0	0.0	0.0	0.0
6.0	9.0	0.0	11.0	10.0	5.0
0.0	2.0	0.0	11.0	3.0	0.0
0.0	2.0	0.0	0.0	0.0	0.0
0.0	0.0	0.0	11.0	3.0	0.0
0.0	0.0	0.0	8.0	0.0	0.0
0.0	0.0	0.0	3.0	3.0	0.0
0.0	0.0	0.0	0.0	3.0	0.0
0.0	0.0	0.0	3.0	0.0	0.0
6.0	7.0	0.0	0.0	7.0	5.0
0.0	7.0	0.0	0.0	4.0	5.0
0.0	3.0	0.0	0.0	4.0	5.0
0.0	0.0	0.0	0.0	0.0	3.0
0.0	3.0	0.0	0.0	4.0	2.0
0.0	3.0	0.0	0.0	4.0	0.0
0.0	3.0	0.0	0.0	1.0	0.0
0.0	0.0	0.0	0.0	1.0	0.0
0.0	3.0	0.0	0.0	0.0	0.0
0.0	0.0	0.0	0.0	3.0	0.0
0.0	0.0	0.0	0.0	0.0	2.0
0.0	4.0	0.0	0.0	0.0	0.0
6.0	0.0	0.0	0.0	3.0	0.0
6.0	0.0	0.0	0.0	0.0	0.0
0.0	0.0	0.0	0.0	3.0	0.0
51.0	2.0	0.0	0.0	2.0	0.0
50.0	0.0	0.0	0.0	2.0	0.0
1.0	0.0	0.0	0.0	2.0	0.0
1.0	0.0	0.0	0.0	0.0	0.0
0.0	0.0	0.0	0.0	2.0	0.0
49.0	0.0	0.0	0.0	0.0	0.0
1.0	2.0	0.0	0.0	0.0	0.0
0.0	2.0	0.0	0.0	0.0	0.0
1.0	0.0	0.0	0.0	0.0	0.0
