# Sizes (NFeatures, Nclasses, NodeCount, MaxDepth)
10	6	147	13
# Classes
0.0	1.0	2.0	3.0	4.0	5.0
# Feature Names
Nrows	Ncols	Nnnz	AvgNnnz	Density	MaxRowNnnz	MinRowNnnz	StdRowNnnz	NDiags	NTrueDiags
# Left
1	2	3	4	5	-1	7	-1	-1	-1	11	-1	13	14	15	16	-1	18	-1	20	-1	-1	23	24	-1	-1	-1	28	29	-1	31	-1	-1	-1	-1	36	37	38	-1	40	41	42	43	44	-1	-1	-1	-1	49	50	-1	-1	53	54	-1	-1	-1	58	-1	60	61	-1	-1	64	65	-1	-1	-1	69	70	-1	72	-1	74	75	-1	-1	-1	79	80	81	82	-1	-1	85	-1	87	-1	-1	-1	91	92	-1	94	95	-1	97	-1	-1	100	101	-1	103	104	-1	-1	-1	108	109	110	-1	-1	-1	-1	115	116	117	-1	-1	-1	-1	122	123	124	125	-1	-1	-1	129	-1	131	-1	-1	134	135	-1	-1	-1	139	140	-1	142	-1	-1	145	-1	-1
# Right
138	35	10	9	6	-1	8	-1	-1	-1	12	-1	34	27	22	17	-1	19	-1	21	-1	-1	26	25	-1	-1	-1	33	30	-1	32	-1	-1	-1	-1	121	68	39	-1	57	48	47	46	45	-1	-1	-1	-1	52	51	-1	-1	56	55	-1	-1	-1	59	-1	63	62	-1	-1	67	66	-1	-1	-1	78	71	-1	73	-1	77	76	-1	-1	-1	90	89	84	83	-1	-1	86	-1	88	-1	-1	-1	114	93	-1	99	96	-1	98	-1	-1	107	102	-1	106	105	-1	-1	-1	113	112	111	-1	-1	-1	-1	120	119	118	-1	-1	-1	-1	133	128	127	126	-1	-1	-1	130	-1	132	-1	-1	137	136	-1	-1	-1	144	141	-1	143	-1	-1	146	-1	-1
# Threshold
8778.0	10.0	0.00040803549927659333	0.862928494811058	0.34866099059581757	-2.0	137473.5	-2.0	-2.0	-2.0	53.5	-2.0	91501.0	0.35009849071502686	4.5	122.0	-2.0	6.5	-2.0	14000.0	-2.0	-2.0	4.954750061035156	0.30739448964595795	-2.0	-2.0	-2.0	55389.5	0.010362349916249514	-2.0	1854.0	-2.0	-2.0	-2.0	-2.0	37203800.0	19997.0	9.5	-2.0	14049.0	33.5	32.5	2.9225549697875977	2.0	-2.0	-2.0	-2.0	-2.0	1.5567200183868408	1.422950029373169	-2.0	-2.0	3.598439931869507	3.58351993560791	-2.0	-2.0	-2.0	14103.5	-2.0	256.5	12.0	-2.0	-2.0	14242.0	0.0011360995122231543	-2.0	-2.0	-2.0	137.0	9.0	-2.0	10.699450016021729	-2.0	1462055.0	2.7841501235961914	-2.0	-2.0	-2.0	2999.0	4.298249959945679	7.388289928436279	3.5	-2.0	-2.0	41.0	-2.0	658.0	-2.0	-2.0	-2.0	2262.5	20132.0	-2.0	14.814849853515625	12.446499824523926	-2.0	12.55459976196289	-2.0	-2.0	4.851655006408691	38.5	-2.0	22639450.0	140171.0	-2.0	-2.0	-2.0	1124286.5	7781.0	7517.0	-2.0	-2.0	-2.0	-2.0	8.575104713439941	24.28285026550293	632248.0	-2.0	-2.0	-2.0	-2.0	11.697549819946289	4.141975045204163	1.8793399930000305	6.0	-2.0	-2.0	-2.0	19.0	-2.0	1478070.0	-2.0	-2.0	3145.5	36.86885070800781	-2.0	-2.0	-2.0	92.5093002319336	2.5	-2.0	516745.5	-2.0	-2.0	13.5	-2.0	-2.0
# Feature
5	8	4	7	7	-2	2	-2	-2	-2	1	-2	2	7	5	1	-2	8	-2	2	-2	-2	3	7	-2	-2	-2	2	4	-2	2	-2	-2	-2	-2	2	1	1	-2	0	1	0	3	9	-2	-2	-2	-2	3	3	-2	-2	3	3	-2	-2	-2	1	-2	8	5	-2	-2	1	4	-2	-2	-2	8	5	-2	3	-2	2	7	-2	-2	-2	8	7	3	5	-2	-2	9	-2	8	-2	-2	-2	5	0	-2	3	3	-2	3	-2	-2	7	5	-2	2	0	-2	-2	-2	1	8	8	-2	-2	-2	-2	3	7	2	-2	-2	-2	-2	7	7	7	5	-2	-2	-2	9	-2	1	-2	-2	5	7	-2	-2	-2	3	6	-2	8	-2	-2	9	-2	-2
# Values
69.0	1493.0	46.0	44.0	10.0	14.0
24.0	1487.0	46.0	44.0	10.0	14.0
6.0	48.0	31.0	0.0	0.0	0.0
0.0	2.0	18.0	0.0	0.0	0.0
0.0	1.0	18.0	0.0	0.0	0.0
0.0	0.0	16.0	0.0	0.0	0.0
0.0	1.0	2.0	0.0	0.0	0.0
0.0	1.0	0.0	0.0	0.0	0.0
0.0	0.0	2.0	0.0	0.0	0.0
0.0	1.0	0.0	0.0	0.0	0.0
6.0	46.0	13.0	0.0	0.0	0.0
6.0	0.0	0.0	0.0	0.0	0.0
0.0	46.0	13.0	0.0	0.0	0.0
0.0	46.0	11.0	0.0	0.0	0.0
0.0	21.0	9.0	0.0	0.0	0.0
0.0	16.0	3.0	0.0	0.0	0.0
0.0	0.0	1.0	0.0	0.0	0.0
0.0	16.0	2.0	0.0	0.0	0.0
0.0	10.0	0.0	0.0	0.0	0.0
0.0	6.0	2.0	0.0	0.0	0.0
0.0	2.0	2.0	0.0	0.0	0.0
0.0	4.0	0.0	0.0	0.0	0.0
0.0	5.0	6.0	0.0	0.0	0.0
0.0	1.0	6.0	0.0	0.0	0.0
0.0	0.0	5.0	0.0	0.0	0.0
0.0	1.0	1.0	0.0	0.0	0.0
0.0	4.0	0.0	0.0	0.0	0.0
0.0	25.0	2.0	0.0	0.0	0.0
0.0	24.0	1.0	0.0	0.0	0.0
0.0	17.0	0.0	0.0	0.0	0.0
0.0	7.0	1.0	0.0	0.0	0.0
0.0	7.0	0.0	0.0	0.0	0.0
0.0	0.0	1.0	0.0	0.0	0.0
0.0	1.0	1.0	0.0	0.0	0.0
0.0	0.0	2.0	0.0	0.0	0.0
18.0	1439.0	15.0	44.0	10.0	14.0
16.0	1425.0	15.0	34.0	0.0	8.0
0.0	1005.0	2.0	7.0	0.0	0.0
0.0	0.0	1.0	0.0	0.0	0.0
0.0	1005.0	1.0	7.0	0.0	0.0
0.0	943.0	1.0	3.0	0.0	0.0
0.0	17.0	1.0	1.0	0.0	0.0
0.0	17.0	0.0	1.0	0.0	0.0
0.0	1.0	0.0	1.0	0.0	0.0
0.0	0.0	0.0	1.0	0.0	0.0
0.0	1.0	0.0	0.0	0.0	0.0
0.0	16.0	0.0	0.0	0.0	0.0
0.0	0.0	1.0	0.0	0.0	0.0
0.0	926.0	0.0	2.0	0.0	0.0
0.0	14.0	0.0	1.0	0.0	0.0
0.0	14.0	0.0	0.0	0.0	0.0
0.0	0.0	0.0	1.0	0.0	0.0
0.0	912.0	0.0	1.0	0.0	0.0
0.0	93.0	0.0	1.0	0.0	0.0
0.0	54.0	0.0	0.0	0.0	0.0
0.0	39.0	0.0	1.0	0.0	0.0
0.0	819.0	0.0	0.0	0.0	0.0
0.0	62.0	0.0	4.0	0.0	0.0
0.0	0.0	0.0	2.0	0.0	0.0
0.0	62.0	0.0	2.0	0.0	0.0
0.0	1.0	0.0	1.0	0.0	0.0
0.0	1.0	0.0	0.0	0.0	0.0
0.0	0.0	0.0	1.0	0.0	0.0
0.0	61.0	0.0	1.0	0.0	0.0
0.0	3.0	0.0	1.0	0.0	0.0
0.0	3.0	0.0	0.0	0.0	0.0
0.0	0.0	0.0	1.0	0.0	0.0
0.0	58.0	0.0	0.0	0.0	0.0
16.0	420.0	13.0	27.0	0.0	8.0
0.0	6.0	13.0	2.0	0.0	0.0
0.0	6.0	0.0	0.0	0.0	0.0
0.0	0.0	13.0	2.0	0.0	0.0
0.0	0.0	0.0	1.0	0.0	0.0
0.0	0.0	13.0	1.0	0.0	0.0
0.0	0.0	4.0	1.0	0.0	0.0
0.0	0.0	4.0	0.0	0.0	0.0
0.0	0.0	0.0	1.0	0.0	0.0
0.0	0.0	9.0	0.0	0.0	0.0
16.0	414.0	0.0	25.0	0.0	8.0
0.0	45.0	0.0	16.0	0.0	4.0
0.0	18.0	0.0	16.0	0.0	4.0
0.0	15.0	0.0	3.0	0.0	0.0
0.0	0.0	0.0	3.0	0.0	0.0
0.0	15.0	0.0	0.0	0.0	0.0
0.0	3.0	0.0	13.0	0.0	4.0
0.0	0.0	0.0	13.0	0.0	0.0
0.0	3.0	0.0	0.0	0.0	4.0
0.0	3.0	0.0	0.0	0.0	0.0
0.0	0.0	0.0	0.0	0.0	4.0
0.0	27.0	0.0	0.0	0.0	0.0
16.0	369.0	0.0	9.0	0.0	4.0
0.0	321.0	0.0	9.0	0.0	4.0
0.0	0.0	0.0	1.0	0.0	0.0
0.0	321.0	0.0	8.0	0.0	4.0
0.0	224.0	0.0	1.0	0.0	0.0
0.0	201.0	0.0	0.0	0.0	0.0
0.0	23.0	0.0	1.0	0.0	0.0
0.0	0.0	0.0	1.0	0.0	0.0
0.0	23.0	0.0	0.0	0.0	0.0
0.0	97.0	0.0	7.0	0.0	4.0
0.0	3.0	0.0	6.0	0.0	3.0
0.0	0.0	0.0	6.0	0.0	0.0
0.0	3.0	0.0	0.0	0.0	3.0
0.0	1.0	0.0	0.0	0.0	3.0
0.0	1.0	0.0	0.0	0.0	0.0
0.0	0.0	0.0	0.0	0.0	3.0
0.0	2.0	0.0	0.0	0.0	0.0
0.0	94.0	0.0	1.0	0.0	1.0
0.0	94.0	0.0	1.0	0.0	0.0
0.0	10.0	0.0	1.0	0.0	0.0
0.0	10.0	0.0	0.0	0.0	0.0
0.0	0.0	0.0	1.0	0.0	0.0
0.0	84.0	0.0	0.0	0.0	0.0
0.0	0.0	0.0	0.0	0.0	1.0
16.0	48.0	0.0	0.0	0.0	0.0
16.0	3.0	0.0	0.0	0.0	0.0
4.0	3.0	0.0	0.0	0.0	0.0
0.0	3.0	0.0	0.0	0.0	0.0
4.0	0.0	0.0	0.0	0.0	0.0
12.0	0.0	0.0	0.0	0.0	0.0
0.0	45.0	0.0	0.0	0.0	0.0
2.0	14.0	0.0	10.0	10.0	6.0
0.0	4.0	0.0	10.0	10.0	5.0
0.0	3.0	0.0	8.0	0.0	5.0
0.0	3.0	0.0	0.0	0.0	5.0
0.0	3.0	0.0	0.0	0.0	0.0
0.0	0.0	0.0	0.0	0.0	5.0
0.0	0.0	0.0	8.0	0.0	0.0
0.0	1.0	0.0	2.0	10.0	0.0
0.0	0.0	0.0	0.0	10.0	0.0
0.0	1.0	0.0	2.0	0.0	0.0
0.0	1.0	0.0	0.0	0.0	0.0
0.0	0.0	0.0	2.0	0.0	0.0
2.0	10.0	0.0	0.0	0.0	1.0
0.0	10.0	0.0	0.0	0.0	1.0
0.0	10.0	0.0	0.0	0.0	0.0
0.0	0.0	0.0	0.0	0.0	1.0
2.0	0.0	0.0	0.0	0.0	0.0
45.0	6.0	0.0	0.0	0.0	0.0
44.0	1.0	0.0	0.0	0.0	0.0
43.0	0.0	0.0	0.0	0.0	0.0
1.0	1.0	0.0	0.0	0.0	0.0
1.0	0.0	0.0	0.0	0.0	0.0
0.0	1.0	0.0	0.0	0.0	0.0
1.0	5.0	0.0	0.0	0.0	0.0
1.0	0.0	0.0	0.0	0.0	0.0
0.0	5.0	0.0	0.0	0.0	0.0
