# Sizes (NFeatures, Nclasses, NodeCount, MaxDepth)
10	6	149	14
# Classes
0.0	1.0	2.0	3.0	4.0	5.0
# Feature Names
Nrows	Ncols	Nnnz	AvgNnnz	Density	MaxRowNnnz	MinRowNnnz	StdRowNnnz	NDiags	NTrueDiags
# Left
1	2	3	4	5	6	7	-1	9	-1	11	12	-1	-1	-1	-1	17	18	19	20	21	22	-1	24	25	-1	-1	-1	-1	-1	-1	-1	-1	-1	35	36	37	38	-1	-1	41	42	43	44	-1	-1	-1	48	49	50	51	52	-1	54	-1	-1	57	-1	59	-1	-1	62	63	-1	-1	66	-1	68	-1	-1	71	-1	-1	-1	75	76	-1	78	-1	-1	-1	82	83	84	-1	86	-1	-1	-1	90	-1	92	93	-1	-1	-1	97	-1	-1	100	101	102	103	104	105	-1	-1	-1	-1	110	-1	-1	113	114	115	-1	-1	118	-1	-1	121	122	-1	-1	125	-1	-1	128	129	-1	131	-1	-1	134	135	-1	-1	-1	139	140	-1	142	143	-1	-1	-1	147	-1	-1
# Right
138	99	34	33	16	15	8	-1	10	-1	14	13	-1	-1	-1	-1	32	31	30	29	28	23	-1	27	26	-1	-1	-1	-1	-1	-1	-1	-1	-1	96	81	40	39	-1	-1	74	47	46	45	-1	-1	-1	73	70	61	56	53	-1	55	-1	-1	58	-1	60	-1	-1	65	64	-1	-1	67	-1	69	-1	-1	72	-1	-1	-1	80	77	-1	79	-1	-1	-1	89	88	85	-1	87	-1	-1	-1	91	-1	95	94	-1	-1	-1	98	-1	-1	127	112	109	108	107	106	-1	-1	-1	-1	111	-1	-1	120	117	116	-1	-1	119	-1	-1	124	123	-1	-1	126	-1	-1	133	130	-1	132	-1	-1	137	136	-1	-1	-1	146	141	-1	145	144	-1	-1	-1	148	-1	-1
# Threshold
8955.5	480125.5	27.5	91039.0	3.1376150846481323	0.2101600021123886	352.5	-2.0	3.583410034480039e-05	-2.0	2462.0	442.5	-2.0	-2.0	-2.0	-2.0	3.0696500539779663	68362.0	0.4933425188064575	0.4782015085220337	10000.0	4660.5	-2.0	1484.0	964.5	-2.0	-2.0	-2.0	-2.0	-2.0	-2.0	-2.0	-2.0	-2.0	3338.5	3015895.0	75.5	9.0	-2.0	-2.0	0.0014012600295245647	69.0	1.7514249682426453	0.0007235976154333912	-2.0	-2.0	-2.0	0.0013882200000807643	31.0	4.5	3.5	24729.5	-2.0	2.984265089035034	-2.0	-2.0	0.0012675500474870205	-2.0	0.0012854350497946143	-2.0	-2.0	3604.0	12.0	-2.0	-2.0	29.35855007171631	-2.0	12.803549766540527	-2.0	-2.0	44.5	-2.0	-2.0	-2.0	12.5	2.5581499338150024	-2.0	2.814965009689331	-2.0	-2.0	-2.0	5.892164945602417	260168.5	0.00023126249288907275	-2.0	3.71304988861084	-2.0	-2.0	-2.0	508.5	-2.0	0.00010052130164694972	3.0	-2.0	-2.0	-2.0	9.487509727478027	-2.0	-2.0	94252800.0	8526.5	12.0	1096031.0	720944.5	3014.5	-2.0	-2.0	-2.0	-2.0	37.5	-2.0	-2.0	32179150.0	3999.5	4.5	-2.0	-2.0	931332.0	-2.0	-2.0	1.5	542749.0	-2.0	-2.0	43128750.0	-2.0	-2.0	1378019.5	4.225845098495483	-2.0	20.0	-2.0	-2.0	2.1998224895014573e-06	6.133715118039618e-07	-2.0	-2.0	-2.0	107068500.0	45.53579902648926	-2.0	13193.5	286679.5	-2.0	-2.0	-2.0	156104.0	-2.0	-2.0
# Feature
5	0	8	2	3	4	2	-2	4	-2	1	0	-2	-2	-2	-2	7	2	7	7	2	2	-2	0	0	-2	-2	-2	-2	-2	-2	-2	-2	-2	5	2	2	5	-2	-2	4	8	7	4	-2	-2	-2	4	9	6	5	0	-2	3	-2	-2	4	-2	4	-2	-2	8	9	-2	-2	3	-2	7	-2	-2	5	-2	-2	-2	5	7	-2	7	-2	-2	-2	7	8	4	-2	7	-2	-2	-2	8	-2	4	6	-2	-2	-2	3	-2	-2	2	8	9	0	0	8	-2	-2	-2	-2	8	-2	-2	2	5	6	-2	-2	0	-2	-2	6	8	-2	-2	2	-2	-2	8	7	-2	9	-2	-2	4	4	-2	-2	-2	2	7	-2	5	1	-2	-2	-2	5	-2	-2
# Values
83.0	1470.0	41.0	42.0	14.0	26.0
23.0	1462.0	41.0	42.0	12.0	26.0
19.0	1402.0	36.0	28.0	0.0	1.0
3.0	89.0	33.0	0.0	0.0	0.0
3.0	89.0	15.0	0.0	0.0	0.0
3.0	10.0	8.0	0.0	0.0	0.0
0.0	10.0	8.0	0.0	0.0	0.0
0.0	6.0	0.0	0.0	0.0	0.0
0.0	4.0	8.0	0.0	0.0	0.0
0.0	2.0	0.0	0.0	0.0	0.0
0.0	2.0	8.0	0.0	0.0	0.0
0.0	2.0	2.0	0.0	0.0	0.0
0.0	0.0	2.0	0.0	0.0	0.0
0.0	2.0	0.0	0.0	0.0	0.0
0.0	0.0	6.0	0.0	0.0	0.0
3.0	0.0	0.0	0.0	0.0	0.0
0.0	79.0	7.0	0.0	0.0	0.0
0.0	79.0	6.0	0.0	0.0	0.0
0.0	77.0	4.0	0.0	0.0	0.0
0.0	30.0	4.0	0.0	0.0	0.0
0.0	30.0	2.0	0.0	0.0	0.0
0.0	15.0	2.0	0.0	0.0	0.0
0.0	8.0	0.0	0.0	0.0	0.0
0.0	7.0	2.0	0.0	0.0	0.0
0.0	5.0	1.0	0.0	0.0	0.0
0.0	4.0	1.0	0.0	0.0	0.0
0.0	1.0	0.0	0.0	0.0	0.0
0.0	2.0	1.0	0.0	0.0	0.0
0.0	15.0	0.0	0.0	0.0	0.0
0.0	0.0	2.0	0.0	0.0	0.0
0.0	47.0	0.0	0.0	0.0	0.0
0.0	2.0	2.0	0.0	0.0	0.0
0.0	0.0	1.0	0.0	0.0	0.0
0.0	0.0	18.0	0.0	0.0	0.0
16.0	1313.0	3.0	28.0	0.0	1.0
0.0	1275.0	3.0	28.0	0.0	1.0
0.0	1204.0	1.0	17.0	0.0	0.0
0.0	1.0	0.0	1.0	0.0	0.0
0.0	0.0	0.0	1.0	0.0	0.0
0.0	1.0	0.0	0.0	0.0	0.0
0.0	1203.0	1.0	16.0	0.0	0.0
0.0	389.0	1.0	15.0	0.0	0.0
0.0	2.0	1.0	4.0	0.0	0.0
0.0	2.0	1.0	0.0	0.0	0.0
0.0	2.0	0.0	0.0	0.0	0.0
0.0	0.0	1.0	0.0	0.0	0.0
0.0	0.0	0.0	4.0	0.0	0.0
0.0	387.0	0.0	11.0	0.0	0.0
0.0	387.0	0.0	9.0	0.0	0.0
0.0	385.0	0.0	7.0	0.0	0.0
0.0	355.0	0.0	3.0	0.0	0.0
0.0	8.0	0.0	2.0	0.0	0.0
0.0	7.0	0.0	0.0	0.0	0.0
0.0	1.0	0.0	2.0	0.0	0.0
0.0	0.0	0.0	2.0	0.0	0.0
0.0	1.0	0.0	0.0	0.0	0.0
0.0	347.0	0.0	1.0	0.0	0.0
0.0	330.0	0.0	0.0	0.0	0.0
0.0	17.0	0.0	1.0	0.0	0.0
0.0	0.0	0.0	1.0	0.0	0.0
0.0	17.0	0.0	0.0	0.0	0.0
0.0	30.0	0.0	4.0	0.0	0.0
0.0	3.0	0.0	2.0	0.0	0.0
0.0	0.0	0.0	2.0	0.0	0.0
0.0	3.0	0.0	0.0	0.0	0.0
0.0	27.0	0.0	2.0	0.0	0.0
0.0	22.0	0.0	0.0	0.0	0.0
0.0	5.0	0.0	2.0	0.0	0.0
0.0	0.0	0.0	2.0	0.0	0.0
0.0	5.0	0.0	0.0	0.0	0.0
0.0	2.0	0.0	2.0	0.0	0.0
0.0	0.0	0.0	2.0	0.0	0.0
0.0	2.0	0.0	0.0	0.0	0.0
0.0	0.0	0.0	2.0	0.0	0.0
0.0	814.0	0.0	1.0	0.0	0.0
0.0	105.0	0.0	1.0	0.0	0.0
0.0	98.0	0.0	0.0	0.0	0.0
0.0	7.0	0.0	1.0	0.0	0.0
0.0	0.0	0.0	1.0	0.0	0.0
0.0	7.0	0.0	0.0	0.0	0.0
0.0	709.0	0.0	0.0	0.0	0.0
0.0	71.0	2.0	11.0	0.0	1.0
0.0	11.0	0.0	10.0	0.0	1.0
0.0	2.0	0.0	10.0	0.0	1.0
0.0	0.0	0.0	8.0	0.0	0.0
0.0	2.0	0.0	2.0	0.0	1.0
0.0	2.0	0.0	2.0	0.0	0.0
0.0	0.0	0.0	0.0	0.0	1.0
0.0	9.0	0.0	0.0	0.0	0.0
0.0	60.0	2.0	1.0	0.0	0.0
0.0	0.0	2.0	0.0	0.0	0.0
0.0	60.0	0.0	1.0	0.0	0.0
0.0	1.0	0.0	1.0	0.0	0.0
0.0	1.0	0.0	0.0	0.0	0.0
0.0	0.0	0.0	1.0	0.0	0.0
0.0	59.0	0.0	0.0	0.0	0.0
16.0	38.0	0.0	0.0	0.0	0.0
16.0	0.0	0.0	0.0	0.0	0.0
0.0	38.0	0.0	0.0	0.0	0.0
4.0	60.0	5.0	14.0	12.0	25.0
4.0	59.0	5.0	4.0	3.0	23.0
0.0	5.0	5.0	2.0	0.0	15.0
0.0	5.0	4.0	2.0	0.0	1.0
0.0	5.0	0.0	2.0	0.0	1.0
0.0	0.0	0.0	2.0	0.0	1.0
0.0	0.0	0.0	0.0	0.0	1.0
0.0	0.0	0.0	2.0	0.0	0.0
0.0	5.0	0.0	0.0	0.0	0.0
0.0	0.0	4.0	0.0	0.0	0.0
0.0	0.0	1.0	0.0	0.0	14.0
0.0	0.0	1.0	0.0	0.0	0.0
0.0	0.0	0.0	0.0	0.0	14.0
4.0	54.0	0.0	2.0	3.0	8.0
4.0	43.0	0.0	0.0	0.0	1.0
0.0	40.0	0.0	0.0	0.0	1.0
0.0	40.0	0.0	0.0	0.0	0.0
0.0	0.0	0.0	0.0	0.0	1.0
4.0	3.0	0.0	0.0	0.0	0.0
0.0	3.0	0.0	0.0	0.0	0.0
4.0	0.0	0.0	0.0	0.0	0.0
0.0	11.0	0.0	2.0	3.0	7.0
0.0	0.0	0.0	2.0	0.0	7.0
0.0	0.0	0.0	2.0	0.0	0.0
0.0	0.0	0.0	0.0	0.0	7.0
0.0	11.0	0.0	0.0	3.0	0.0
0.0	0.0	0.0	0.0	3.0	0.0
0.0	11.0	0.0	0.0	0.0	0.0
0.0	1.0	0.0	10.0	9.0	2.0
0.0	0.0	0.0	10.0	1.0	0.0
0.0	0.0	0.0	7.0	0.0	0.0
0.0	0.0	0.0	3.0	1.0	0.0
0.0	0.0	0.0	0.0	1.0	0.0
0.0	0.0	0.0	3.0	0.0	0.0
0.0	1.0	0.0	0.0	8.0	2.0
0.0	1.0	0.0	0.0	0.0	2.0
0.0	0.0	0.0	0.0	0.0	2.0
0.0	1.0	0.0	0.0	0.0	0.0
0.0	0.0	0.0	0.0	8.0	0.0
60.0	8.0	0.0	0.0	2.0	0.0
59.0	2.0	0.0	0.0	2.0	0.0
0.0	0.0	0.0	0.0	2.0	0.0
59.0	2.0	0.0	0.0	0.0	0.0
6.0	2.0	0.0	0.0	0.0	0.0
6.0	0.0	0.0	0.0	0.0	0.0
0.0	2.0	0.0	0.0	0.0	0.0
53.0	0.0	0.0	0.0	0.0	0.0
1.0	6.0	0.0	0.0	0.0	0.0
0.0	6.0	0.0	0.0	0.0	0.0
1.0	0.0	0.0	0.0	0.0	0.0
