# Sizes (NFeatures, Nclasses, NodeCount, MaxDepth)
10	6	143	13
# Classes
0.0	1.0	2.0	3.0	4.0	5.0
# Feature Names
Nrows	Ncols	Nnnz	AvgNnnz	Density	MaxRowNnnz	MinRowNnnz	StdRowNnnz	NDiags	NTrueDiags
# Left
1	2	3	4	5	-1	7	8	9	-1	-1	12	-1	-1	15	-1	17	18	-1	20	-1	-1	23	24	25	26	-1	-1	-1	-1	31	32	-1	-1	35	-1	37	-1	-1	40	-1	42	43	-1	-1	-1	47	48	49	50	-1	52	-1	-1	55	-1	57	58	-1	-1	61	62	63	64	-1	66	-1	-1	-1	-1	71	72	-1	-1	-1	76	-1	-1	79	80	-1	-1	83	84	85	86	87	88	-1	90	-1	-1	-1	94	95	-1	-1	98	-1	-1	-1	-1	103	-1	105	-1	107	-1	109	-1	-1	112	113	114	115	-1	117	-1	119	-1	-1	122	123	-1	-1	-1	-1	128	-1	-1	131	132	-1	134	135	-1	137	-1	-1	-1	141	-1	-1
# Right
130	111	46	39	6	-1	14	11	10	-1	-1	13	-1	-1	16	-1	22	19	-1	21	-1	-1	30	29	28	27	-1	-1	-1	-1	34	33	-1	-1	36	-1	38	-1	-1	41	-1	45	44	-1	-1	-1	78	75	54	51	-1	53	-1	-1	56	-1	60	59	-1	-1	70	69	68	65	-1	67	-1	-1	-1	-1	74	73	-1	-1	-1	77	-1	-1	82	81	-1	-1	102	101	100	93	92	89	-1	91	-1	-1	-1	97	96	-1	-1	99	-1	-1	-1	-1	104	-1	106	-1	108	-1	110	-1	-1	127	126	121	116	-1	118	-1	120	-1	-1	125	124	-1	-1	-1	-1	129	-1	-1	140	133	-1	139	136	-1	138	-1	-1	-1	142	-1	-1
# Threshold
8600.0	32970100.0	32.5	189198.5	7.0	-2.0	0.5	23.0	0.8031260073184967	-2.0	-2.0	1.5	-2.0	-2.0	9.5	-2.0	4660.5	5.6666648387908936	-2.0	5.766664981842041	-2.0	-2.0	12501.5	5.5	2250.0	1480.5	-2.0	-2.0	-2.0	-2.0	1.5	31105.5	-2.0	-2.0	12367.0	-2.0	0.00034930399851873517	-2.0	-2.0	4.645920038223267	-2.0	6.831894874572754	7.5	-2.0	-2.0	-2.0	1164250.0	3959.0	3.5	24729.5	-2.0	2.9748650789260864	-2.0	-2.0	11631.0	-2.0	76.5	14476.0	-2.0	-2.0	32.5	0.0005929210165049881	1273.5	3.5	-2.0	12.0	-2.0	-2.0	-2.0	-2.0	105771.5	20.936201095581055	-2.0	-2.0	-2.0	9.121219635009766	-2.0	-2.0	166.0	9.17692518234253	-2.0	-2.0	30430.0	13.04509973526001	515340.0	34.17379951477051	0.000615316501352936	16.0	-2.0	3.9976099729537964	-2.0	-2.0	-2.0	0.00031935398874338716	1.5	-2.0	-2.0	57.0	-2.0	-2.0	-2.0	-2.0	200696.0	-2.0	213189.5	-2.0	23.811699867248535	-2.0	40.10564994812012	-2.0	-2.0	105039800.0	3304.0	31.10830020904541	0.5	-2.0	5.5	-2.0	92281152.0	-2.0	-2.0	7.9542200565338135	1196643.0	-2.0	-2.0	-2.0	-2.0	3375944.5	-2.0	-2.0	101565348.0	43.05699920654297	-2.0	0.0013620454992633313	32.66395092010498	-2.0	1.5	-2.0	-2.0	-2.0	513.7529907226562	-2.0	-2.0
# Feature
5	2	8	2	1	-2	6	8	3	-2	-2	9	-2	-2	1	-2	2	3	-2	3	-2	-2	2	5	0	0	-2	-2	-2	-2	9	0	-2	-2	0	-2	4	-2	-2	3	-2	3	5	-2	-2	-2	2	5	5	1	-2	3	-2	-2	0	-2	8	0	-2	-2	5	4	8	6	-2	9	-2	-2	-2	-2	2	7	-2	-2	-2	3	-2	-2	8	7	-2	-2	8	7	1	3	4	9	-2	7	-2	-2	-2	4	6	-2	-2	9	-2	-2	-2	-2	8	-2	8	-2	7	-2	7	-2	-2	2	5	3	6	-2	5	-2	2	-2	-2	7	1	-2	-2	-2	-2	8	-2	-2	2	7	-2	4	3	-2	6	-2	-2	-2	7	-2	-2
# Values
80.0	1483.0	44.0	46.0	6.0	17.0
23.0	1478.0	44.0	46.0	3.0	17.0
18.0	1467.0	44.0	34.0	0.0	11.0
5.0	97.0	37.0	2.0	0.0	1.0
5.0	96.0	19.0	2.0	0.0	0.0
5.0	0.0	0.0	0.0	0.0	0.0
0.0	96.0	19.0	2.0	0.0	0.0
0.0	5.0	6.0	2.0	0.0	0.0
0.0	2.0	6.0	0.0	0.0	0.0
0.0	2.0	0.0	0.0	0.0	0.0
0.0	0.0	6.0	0.0	0.0	0.0
0.0	3.0	0.0	2.0	0.0	0.0
0.0	0.0	0.0	2.0	0.0	0.0
0.0	3.0	0.0	0.0	0.0	0.0
0.0	91.0	13.0	0.0	0.0	0.0
0.0	0.0	2.0	0.0	0.0	0.0
0.0	91.0	11.0	0.0	0.0	0.0
0.0	56.0	1.0	0.0	0.0	0.0
0.0	45.0	0.0	0.0	0.0	0.0
0.0	11.0	1.0	0.0	0.0	0.0
0.0	0.0	1.0	0.0	0.0	0.0
0.0	11.0	0.0	0.0	0.0	0.0
0.0	35.0	10.0	0.0	0.0	0.0
0.0	7.0	8.0	0.0	0.0	0.0
0.0	2.0	8.0	0.0	0.0	0.0
0.0	2.0	5.0	0.0	0.0	0.0
0.0	1.0	3.0	0.0	0.0	0.0
0.0	1.0	2.0	0.0	0.0	0.0
0.0	0.0	3.0	0.0	0.0	0.0
0.0	5.0	0.0	0.0	0.0	0.0
0.0	28.0	2.0	0.0	0.0	0.0
0.0	1.0	1.0	0.0	0.0	0.0
0.0	0.0	1.0	0.0	0.0	0.0
0.0	1.0	0.0	0.0	0.0	0.0
0.0	27.0	1.0	0.0	0.0	0.0
0.0	22.0	0.0	0.0	0.0	0.0
0.0	5.0	1.0	0.0	0.0	0.0
0.0	5.0	0.0	0.0	0.0	0.0
0.0	0.0	1.0	0.0	0.0	0.0
0.0	1.0	18.0	0.0	0.0	1.0
0.0	1.0	0.0	0.0	0.0	0.0
0.0	0.0	18.0	0.0	0.0	1.0
0.0	0.0	5.0	0.0	0.0	1.0
0.0	0.0	5.0	0.0	0.0	0.0
0.0	0.0	0.0	0.0	0.0	1.0
0.0	0.0	13.0	0.0	0.0	0.0
13.0	1370.0	7.0	32.0	0.0	10.0
10.0	1171.0	2.0	12.0	0.0	0.0
2.0	1142.0	2.0	12.0	0.0	0.0
0.0	9.0	0.0	3.0	0.0	0.0
0.0	8.0	0.0	0.0	0.0	0.0
0.0	1.0	0.0	3.0	0.0	0.0
0.0	0.0	0.0	3.0	0.0	0.0
0.0	1.0	0.0	0.0	0.0	0.0
2.0	1133.0	2.0	9.0	0.0	0.0
0.0	856.0	0.0	0.0	0.0	0.0
2.0	277.0	2.0	9.0	0.0	0.0
0.0	0.0	2.0	1.0	0.0	0.0
0.0	0.0	2.0	0.0	0.0	0.0
0.0	0.0	0.0	1.0	0.0	0.0
2.0	277.0	0.0	8.0	0.0	0.0
0.0	74.0	0.0	8.0	0.0	0.0
0.0	74.0	0.0	2.0	0.0	0.0
0.0	4.0	0.0	2.0	0.0	0.0
0.0	3.0	0.0	0.0	0.0	0.0
0.0	1.0	0.0	2.0	0.0	0.0
0.0	0.0	0.0	2.0	0.0	0.0
0.0	1.0	0.0	0.0	0.0	0.0
0.0	70.0	0.0	0.0	0.0	0.0
0.0	0.0	0.0	6.0	0.0	0.0
2.0	203.0	0.0	0.0	0.0	0.0
2.0	8.0	0.0	0.0	0.0	0.0
0.0	8.0	0.0	0.0	0.0	0.0
2.0	0.0	0.0	0.0	0.0	0.0
0.0	195.0	0.0	0.0	0.0	0.0
8.0	29.0	0.0	0.0	0.0	0.0
8.0	0.0	0.0	0.0	0.0	0.0
0.0	29.0	0.0	0.0	0.0	0.0
3.0	199.0	5.0	20.0	0.0	10.0
0.0	0.0	5.0	2.0	0.0	0.0
0.0	0.0	0.0	2.0	0.0	0.0
0.0	0.0	5.0	0.0	0.0	0.0
3.0	199.0	0.0	18.0	0.0	10.0
0.0	51.0	0.0	14.0	0.0	10.0
0.0	18.0	0.0	14.0	0.0	10.0
0.0	5.0	0.0	14.0	0.0	10.0
0.0	2.0	0.0	13.0	0.0	0.0
0.0	1.0	0.0	13.0	0.0	0.0
0.0	0.0	0.0	11.0	0.0	0.0
0.0	1.0	0.0	2.0	0.0	0.0
0.0	1.0	0.0	0.0	0.0	0.0
0.0	0.0	0.0	2.0	0.0	0.0
0.0	1.0	0.0	0.0	0.0	0.0
0.0	3.0	0.0	1.0	0.0	10.0
0.0	0.0	0.0	1.0	0.0	9.0
0.0	0.0	0.0	1.0	0.0	0.0
0.0	0.0	0.0	0.0	0.0	9.0
0.0	3.0	0.0	0.0	0.0	1.0
0.0	3.0	0.0	0.0	0.0	0.0
0.0	0.0	0.0	0.0	0.0	1.0
0.0	13.0	0.0	0.0	0.0	0.0
0.0	33.0	0.0	0.0	0.0	0.0
3.0	148.0	0.0	4.0	0.0	0.0
0.0	84.0	0.0	0.0	0.0	0.0
3.0	64.0	0.0	4.0	0.0	0.0
0.0	0.0	0.0	4.0	0.0	0.0
3.0	64.0	0.0	0.0	0.0	0.0
0.0	56.0	0.0	0.0	0.0	0.0
3.0	8.0	0.0	0.0	0.0	0.0
3.0	0.0	0.0	0.0	0.0	0.0
0.0	8.0	0.0	0.0	0.0	0.0
5.0	11.0	0.0	12.0	3.0	6.0
5.0	11.0	0.0	3.0	2.0	6.0
0.0	11.0	0.0	3.0	2.0	6.0
0.0	2.0	0.0	2.0	1.0	6.0
0.0	0.0	0.0	2.0	0.0	0.0
0.0	2.0	0.0	0.0	1.0	6.0
0.0	2.0	0.0	0.0	0.0	0.0
0.0	0.0	0.0	0.0	1.0	6.0
0.0	0.0	0.0	0.0	0.0	6.0
0.0	0.0	0.0	0.0	1.0	0.0
0.0	9.0	0.0	1.0	1.0	0.0
0.0	0.0	0.0	1.0	1.0	0.0
0.0	0.0	0.0	1.0	0.0	0.0
0.0	0.0	0.0	0.0	1.0	0.0
0.0	9.0	0.0	0.0	0.0	0.0
5.0	0.0	0.0	0.0	0.0	0.0
0.0	0.0	0.0	9.0	1.0	0.0
0.0	0.0	0.0	9.0	0.0	0.0
0.0	0.0	0.0	0.0	1.0	0.0
57.0	5.0	0.0	0.0	3.0	0.0
56.0	1.0	0.0	0.0	3.0	0.0
0.0	0.0	0.0	0.0	2.0	0.0
56.0	1.0	0.0	0.0	1.0	0.0
56.0	1.0	0.0	0.0	0.0	0.0
53.0	0.0	0.0	0.0	0.0	0.0
3.0	1.0	0.0	0.0	0.0	0.0
3.0	0.0	0.0	0.0	0.0	0.0
0.0	1.0	0.0	0.0	0.0	0.0
0.0	0.0	0.0	0.0	1.0	0.0
1.0	4.0	0.0	0.0	0.0	0.0
0.0	4.0	0.0	0.0	0.0	0.0
1.0	0.0	0.0	0.0	0.0	0.0
