# Sizes (NFeatures, Nclasses, NodeCount, MaxDepth)
10	6	163	13
# Classes
0.0	1.0	2.0	3.0	4.0	5.0
# Feature Names
Nrows	Ncols	Nnnz	AvgNnnz	Density	MaxRowNnnz	MinRowNnnz	StdRowNnnz	NDiags	NTrueDiags
# Left
1	2	3	4	-1	6	7	8	9	-1	11	-1	13	14	-1	-1	17	-1	-1	-1	-1	-1	23	24	25	26	-1	-1	29	30	31	32	-1	-1	-1	-1	37	38	39	40	-1	-1	43	-1	45	46	-1	-1	-1	-1	-1	-1	53	54	55	56	-1	58	-1	-1	61	-1	-1	64	65	-1	-1	68	69	70	71	72	-1	-1	-1	-1	77	-1	-1	-1	81	82	83	-1	85	-1	-1	88	89	-1	-1	-1	93	94	-1	-1	97	98	-1	-1	101	-1	103	-1	-1	106	107	108	-1	110	-1	-1	113	114	-1	-1	117	118	119	-1	-1	122	123	-1	125	-1	127	-1	129	-1	-1	132	-1	134	-1	-1	137	138	-1	-1	141	-1	143	144	-1	-1	-1	148	149	-1	-1	152	-1	-1	155	156	157	-1	159	-1	-1	-1	-1
# Right
154	105	22	5	-1	21	20	19	10	-1	12	-1	16	15	-1	-1	18	-1	-1	-1	-1	-1	52	51	28	27	-1	-1	36	35	34	33	-1	-1	-1	-1	50	49	42	41	-1	-1	44	-1	48	47	-1	-1	-1	-1	-1	-1	80	63	60	57	-1	59	-1	-1	62	-1	-1	67	66	-1	-1	79	76	75	74	73	-1	-1	-1	-1	78	-1	-1	-1	92	87	84	-1	86	-1	-1	91	90	-1	-1	-1	96	95	-1	-1	100	99	-1	-1	102	-1	104	-1	-1	147	112	109	-1	111	-1	-1	116	115	-1	-1	136	121	120	-1	-1	131	124	-1	126	-1	128	-1	130	-1	-1	133	-1	135	-1	-1	140	139	-1	-1	142	-1	146	145	-1	-1	-1	151	150	-1	-1	153	-1	-1	162	161	158	-1	160	-1	-1	-1	-1
# Threshold
8955.5	216341.5	6.5	61.0	-2.0	0.35009849071502686	4.898334980010986	33566.0	0.0005791339935967699	-2.0	0.5	-2.0	4.5	122.0	-2.0	-2.0	0.22960249707102776	-2.0	-2.0	-2.0	-2.0	-2.0	11631.0	4693.5	9.5	8.0	-2.0	-2.0	20.5	2.7465500831604004	0.0021327900467440486	0.0016545849503017962	-2.0	-2.0	-2.0	-2.0	4.004135012626648	3.9699249267578125	1.5567200183868408	1.33502995967865	-2.0	-2.0	12.5	-2.0	13.5	0.008539749775081873	-2.0	-2.0	-2.0	-2.0	-2.0	-2.0	2999.0	8.949034929275513	0.3036404997110367	0.0028867051005363464	-2.0	9.070415035239421e-05	-2.0	-2.0	517374.0	-2.0	-2.0	136.0	266984.5	-2.0	-2.0	4.393970012664795	662.0	48.0	2159610.5	12.0	-2.0	-2.0	-2.0	-2.0	59.0	-2.0	-2.0	-2.0	10181.5	1982970.0	23.0	-2.0	41.0	-2.0	-2.0	3543245.0	7.0	-2.0	-2.0	-2.0	2.398134984105127e-05	124628.5	-2.0	-2.0	3.8668450117111206	3.5	-2.0	-2.0	13.5	-2.0	14.5	-2.0	-2.0	3372.0	414.5	4.175884896540083e-06	-2.0	4906930.0	-2.0	-2.0	11.471749782562256	16389800.0	-2.0	-2.0	99.5	1.8490599989891052	9.5	-2.0	-2.0	639697.0	33.5	-2.0	3.259940028190613	-2.0	11956.0	-2.0	12.692749977111816	-2.0	-2.0	44.0	-2.0	62.0	-2.0	-2.0	1151715.0	219518.5	-2.0	-2.0	23.060799598693848	-2.0	37.095149993896484	19.0	-2.0	-2.0	-2.0	17.460949897766113	35.787899017333984	-2.0	-2.0	7.0	-2.0	-2.0	0.0035273550893180072	208226504.0	2.5	-2.0	600014.5	-2.0	-2.0	-2.0	-2.0
# Feature
5	1	8	2	-2	7	3	2	4	-2	6	-2	5	0	-2	-2	7	-2	-2	-2	-2	-2	0	5	0	1	-2	-2	8	7	4	4	-2	-2	-2	-2	3	3	3	7	-2	-2	5	-2	5	4	-2	-2	-2	-2	-2	-2	8	3	7	7	-2	4	-2	-2	2	-2	-2	8	2	-2	-2	7	8	5	2	9	-2	-2	-2	-2	5	-2	-2	-2	8	2	9	-2	5	-2	-2	2	6	-2	-2	-2	4	8	-2	-2	3	9	-2	-2	6	-2	6	-2	-2	5	8	4	-2	2	-2	-2	3	1	-2	-2	5	7	6	-2	-2	8	5	-2	7	-2	8	-2	7	-2	-2	5	-2	5	-2	-2	1	1	-2	-2	3	-2	7	9	-2	-2	-2	3	7	-2	-2	9	-2	-2	4	2	6	-2	8	-2	-2	-2	-2
# Values
97.0	1454.0	40.0	55.0	9.0	21.0
27.0	1445.0	40.0	55.0	9.0	21.0
9.0	1342.0	30.0	36.0	0.0	2.0
3.0	15.0	14.0	0.0	0.0	0.0
3.0	0.0	0.0	0.0	0.0	0.0
0.0	15.0	14.0	0.0	0.0	0.0
0.0	10.0	14.0	0.0	0.0	0.0
0.0	10.0	10.0	0.0	0.0	0.0
0.0	8.0	10.0	0.0	0.0	0.0
0.0	0.0	4.0	0.0	0.0	0.0
0.0	8.0	6.0	0.0	0.0	0.0
0.0	0.0	2.0	0.0	0.0	0.0
0.0	8.0	4.0	0.0	0.0	0.0
0.0	6.0	1.0	0.0	0.0	0.0
0.0	0.0	1.0	0.0	0.0	0.0
0.0	6.0	0.0	0.0	0.0	0.0
0.0	2.0	3.0	0.0	0.0	0.0
0.0	0.0	1.0	0.0	0.0	0.0
0.0	2.0	2.0	0.0	0.0	0.0
0.0	2.0	0.0	0.0	0.0	0.0
0.0	0.0	4.0	0.0	0.0	0.0
0.0	5.0	0.0	0.0	0.0	0.0
6.0	1327.0	16.0	36.0	0.0	2.0
3.0	930.0	6.0	5.0	0.0	0.0
1.0	930.0	6.0	5.0	0.0	0.0
1.0	0.0	1.0	0.0	0.0	0.0
1.0	0.0	0.0	0.0	0.0	0.0
0.0	0.0	1.0	0.0	0.0	0.0
0.0	930.0	5.0	5.0	0.0	0.0
0.0	52.0	5.0	0.0	0.0	0.0
0.0	52.0	3.0	0.0	0.0	0.0
0.0	12.0	3.0	0.0	0.0	0.0
0.0	12.0	0.0	0.0	0.0	0.0
0.0	0.0	3.0	0.0	0.0	0.0
0.0	40.0	0.0	0.0	0.0	0.0
0.0	0.0	2.0	0.0	0.0	0.0
0.0	878.0	0.0	5.0	0.0	0.0
0.0	157.0	0.0	5.0	0.0	0.0
0.0	157.0	0.0	3.0	0.0	0.0
0.0	14.0	0.0	1.0	0.0	0.0
0.0	0.0	0.0	1.0	0.0	0.0
0.0	14.0	0.0	0.0	0.0	0.0
0.0	143.0	0.0	2.0	0.0	0.0
0.0	53.0	0.0	0.0	0.0	0.0
0.0	90.0	0.0	2.0	0.0	0.0
0.0	64.0	0.0	2.0	0.0	0.0
0.0	61.0	0.0	2.0	0.0	0.0
0.0	3.0	0.0	0.0	0.0	0.0
0.0	26.0	0.0	0.0	0.0	0.0
0.0	0.0	0.0	2.0	0.0	0.0
0.0	721.0	0.0	0.0	0.0	0.0
2.0	0.0	0.0	0.0	0.0	0.0
3.0	397.0	10.0	31.0	0.0	2.0
0.0	67.0	10.0	22.0	0.0	2.0
0.0	40.0	3.0	3.0	0.0	0.0
0.0	4.0	2.0	3.0	0.0	0.0
0.0	4.0	0.0	0.0	0.0	0.0
0.0	0.0	2.0	3.0	0.0	0.0
0.0	0.0	2.0	0.0	0.0	0.0
0.0	0.0	0.0	3.0	0.0	0.0
0.0	36.0	1.0	0.0	0.0	0.0
0.0	36.0	0.0	0.0	0.0	0.0
0.0	0.0	1.0	0.0	0.0	0.0
0.0	27.0	7.0	19.0	0.0	2.0
0.0	0.0	7.0	2.0	0.0	0.0
0.0	0.0	0.0	2.0	0.0	0.0
0.0	0.0	7.0	0.0	0.0	0.0
0.0	27.0	0.0	17.0	0.0	2.0
0.0	11.0	0.0	17.0	0.0	2.0
0.0	10.0	0.0	4.0	0.0	2.0
0.0	10.0	0.0	4.0	0.0	0.0
0.0	7.0	0.0	1.0	0.0	0.0
0.0	3.0	0.0	1.0	0.0	0.0
0.0	4.0	0.0	0.0	0.0	0.0
0.0	3.0	0.0	3.0	0.0	0.0
0.0	0.0	0.0	0.0	0.0	2.0
0.0	1.0	0.0	13.0	0.0	0.0
0.0	0.0	0.0	13.0	0.0	0.0
0.0	1.0	0.0	0.0	0.0	0.0
0.0	16.0	0.0	0.0	0.0	0.0
3.0	330.0	0.0	9.0	0.0	0.0
0.0	58.0	0.0	8.0	0.0	0.0
0.0	50.0	0.0	2.0	0.0	0.0
0.0	45.0	0.0	0.0	0.0	0.0
0.0	5.0	0.0	2.0	0.0	0.0
0.0	0.0	0.0	2.0	0.0	0.0
0.0	5.0	0.0	0.0	0.0	0.0
0.0	8.0	0.0	6.0	0.0	0.0
0.0	1.0	0.0	6.0	0.0	0.0
0.0	1.0	0.0	0.0	0.0	0.0
0.0	0.0	0.0	6.0	0.0	0.0
0.0	7.0	0.0	0.0	0.0	0.0
3.0	272.0	0.0	1.0	0.0	0.0
2.0	8.0	0.0	0.0	0.0	0.0
0.0	8.0	0.0	0.0	0.0	0.0
2.0	0.0	0.0	0.0	0.0	0.0
1.0	264.0	0.0	1.0	0.0	0.0
1.0	17.0	0.0	0.0	0.0	0.0
0.0	17.0	0.0	0.0	0.0	0.0
1.0	0.0	0.0	0.0	0.0	0.0
0.0	247.0	0.0	1.0	0.0	0.0
0.0	223.0	0.0	0.0	0.0	0.0
0.0	24.0	0.0	1.0	0.0	0.0
0.0	0.0	0.0	1.0	0.0	0.0
0.0	24.0	0.0	0.0	0.0	0.0
18.0	103.0	10.0	19.0	9.0	19.0
0.0	101.0	10.0	19.0	8.0	19.0
0.0	0.0	10.0	0.0	0.0	5.0
0.0	0.0	0.0	0.0	0.0	4.0
0.0	0.0	10.0	0.0	0.0	1.0
0.0	0.0	0.0	0.0	0.0	1.0
0.0	0.0	10.0	0.0	0.0	0.0
0.0	101.0	0.0	19.0	8.0	14.0
0.0	70.0	0.0	0.0	0.0	2.0
0.0	70.0	0.0	0.0	0.0	0.0
0.0	0.0	0.0	0.0	0.0	2.0
0.0	31.0	0.0	19.0	8.0	12.0
0.0	10.0	0.0	19.0	1.0	10.0
0.0	1.0	0.0	0.0	0.0	6.0
0.0	1.0	0.0	0.0	0.0	0.0
0.0	0.0	0.0	0.0	0.0	6.0
0.0	9.0	0.0	19.0	1.0	4.0
0.0	8.0	0.0	19.0	0.0	0.0
0.0	0.0	0.0	11.0	0.0	0.0
0.0	8.0	0.0	8.0	0.0	0.0
0.0	0.0	0.0	4.0	0.0	0.0
0.0	8.0	0.0	4.0	0.0	0.0
0.0	7.0	0.0	0.0	0.0	0.0
0.0	1.0	0.0	4.0	0.0	0.0
0.0	0.0	0.0	4.0	0.0	0.0
0.0	1.0	0.0	0.0	0.0	0.0
0.0	1.0	0.0	0.0	1.0	4.0
0.0	0.0	0.0	0.0	0.0	4.0
0.0	1.0	0.0	0.0	1.0	0.0
0.0	0.0	0.0	0.0	1.0	0.0
0.0	1.0	0.0	0.0	0.0	0.0
0.0	21.0	0.0	0.0	7.0	2.0
0.0	18.0	0.0	0.0	0.0	1.0
0.0	0.0	0.0	0.0	0.0	1.0
0.0	18.0	0.0	0.0	0.0	0.0
0.0	3.0	0.0	0.0	7.0	1.0
0.0	2.0	0.0	0.0	0.0	0.0
0.0	1.0	0.0	0.0	7.0	1.0
0.0	1.0	0.0	0.0	7.0	0.0
0.0	0.0	0.0	0.0	7.0	0.0
0.0	1.0	0.0	0.0	0.0	0.0
0.0	0.0	0.0	0.0	0.0	1.0
18.0	2.0	0.0	0.0	1.0	0.0
18.0	1.0	0.0	0.0	0.0	0.0
18.0	0.0	0.0	0.0	0.0	0.0
0.0	1.0	0.0	0.0	0.0	0.0
0.0	1.0	0.0	0.0	1.0	0.0
0.0	0.0	0.0	0.0	1.0	0.0
0.0	1.0	0.0	0.0	0.0	0.0
70.0	9.0	0.0	0.0	0.0	0.0
70.0	3.0	0.0	0.0	0.0	0.0
70.0	2.0	0.0	0.0	0.0	0.0
65.0	0.0	0.0	0.0	0.0	0.0
5.0	2.0	0.0	0.0	0.0	0.0
5.0	0.0	0.0	0.0	0.0	0.0
0.0	2.0	0.0	0.0	0.0	0.0
0.0	1.0	0.0	0.0	0.0	0.0
0.0	6.0	0.0	0.0	0.0	0.0
