# Sizes (NFeatures, Nclasses, NodeCount, MaxDepth)
10	6	161	13
# Classes
0.0	1.0	2.0	3.0	4.0	5.0
# Feature Names
Nrows	Ncols	Nnnz	AvgNnnz	Density	MaxRowNnnz	MinRowNnnz	StdRowNnnz	NDiags	NTrueDiags
# Left
1	2	3	4	5	6	7	-1	9	10	-1	-1	-1	14	15	16	17	-1	19	-1	21	-1	23	-1	-1	-1	27	-1	-1	30	-1	-1	33	-1	35	-1	-1	38	-1	-1	41	-1	43	44	45	-1	-1	48	49	50	-1	-1	-1	54	55	-1	-1	58	59	60	61	-1	-1	-1	65	-1	-1	68	-1	-1	71	72	-1	-1	75	-1	77	78	79	-1	81	82	-1	-1	85	86	-1	-1	-1	-1	91	92	-1	-1	95	96	-1	-1	99	100	-1	102	-1	-1	105	106	-1	-1	-1	110	111	112	-1	114	-1	-1	117	-1	119	-1	-1	122	123	124	125	126	-1	128	-1	-1	131	-1	-1	-1	135	-1	-1	138	139	140	-1	-1	-1	144	-1	-1	147	148	-1	-1	151	152	153	-1	-1	-1	157	-1	159	-1	-1
# Right
146	109	40	37	32	13	8	-1	12	11	-1	-1	-1	29	26	25	18	-1	20	-1	22	-1	24	-1	-1	-1	28	-1	-1	31	-1	-1	34	-1	36	-1	-1	39	-1	-1	42	-1	70	47	46	-1	-1	53	52	51	-1	-1	-1	57	56	-1	-1	67	64	63	62	-1	-1	-1	66	-1	-1	69	-1	-1	74	73	-1	-1	76	-1	90	89	80	-1	84	83	-1	-1	88	87	-1	-1	-1	-1	94	93	-1	-1	98	97	-1	-1	104	101	-1	103	-1	-1	108	107	-1	-1	-1	121	116	113	-1	115	-1	-1	118	-1	120	-1	-1	137	134	133	130	127	-1	129	-1	-1	132	-1	-1	-1	136	-1	-1	143	142	141	-1	-1	-1	145	-1	-1	150	149	-1	-1	156	155	154	-1	-1	-1	158	-1	160	-1	-1
# Threshold
8600.0	122095.0	10.0	11553.0	0.36679700016975403	0.0016545849503017962	0.000256342493230477	-2.0	3348.0	2108.5	-2.0	-2.0	-2.0	0.012040034867823124	5.5	980.5	0.002437349990941584	-2.0	125.0	-2.0	0.024968750774860382	-2.0	0.003781195147894323	-2.0	-2.0	-2.0	3.5	-2.0	-2.0	6.5	-2.0	-2.0	5.6666648387908936	-2.0	0.009995349682867527	-2.0	-2.0	68240.0	-2.0	-2.0	9.5	-2.0	255964.5	70.0	60.5	-2.0	-2.0	20.5	2.7465500831604004	61286.5	-2.0	-2.0	-2.0	1.5716400146484375	1.4225900173187256	-2.0	-2.0	4002.5	209379.5	2033.5	1852.0	-2.0	-2.0	-2.0	123.0	-2.0	-2.0	9.464284896850586	-2.0	-2.0	74.0	34481.0	-2.0	-2.0	3.911500096321106	-2.0	39.5	22.444299697875977	16401.0	-2.0	0.5	3.0	-2.0	-2.0	1186.0	17.0	-2.0	-2.0	-2.0	-2.0	4.631389856338501	39.15190029144287	-2.0	-2.0	101.0	19330.5	-2.0	-2.0	82078.0	2718890.0	-2.0	2798475.0	-2.0	-2.0	88173.5	0.00035985999784315936	-2.0	-2.0	-2.0	9911.0	1.8910450339317322	41.0	-2.0	10.0	-2.0	-2.0	4633920.0	-2.0	1276290.0	-2.0	-2.0	82370400.0	2955.5	51.0	4.5	24.0	-2.0	1197736.5	-2.0	-2.0	5.716370105743408	-2.0	-2.0	-2.0	0.0001202195990117616	-2.0	-2.0	180548000.0	70.10874938964844	2.615245044231415	-2.0	-2.0	-2.0	17648850.0	-2.0	-2.0	10669750.0	0.0035273550893180072	-2.0	-2.0	34384.0	29.05980110168457	49808200.0	-2.0	-2.0	-2.0	140754.5	-2.0	1275.2000122070312	-2.0	-2.0
# Feature
5	1	8	0	7	4	4	-2	2	1	-2	-2	-2	4	8	0	4	-2	0	-2	7	-2	4	-2	-2	-2	6	-2	-2	8	-2	-2	3	-2	4	-2	-2	1	-2	-2	1	-2	2	2	2	-2	-2	8	7	2	-2	-2	-2	3	3	-2	-2	5	2	2	2	-2	-2	-2	8	-2	-2	3	-2	-2	8	0	-2	-2	3	-2	5	3	0	-2	6	9	-2	-2	8	5	-2	-2	-2	-2	3	7	-2	-2	8	1	-2	-2	8	2	-2	2	-2	-2	8	4	-2	-2	-2	8	7	8	-2	5	-2	-2	2	-2	1	-2	-2	2	5	9	6	9	-2	0	-2	-2	7	-2	-2	-2	4	-2	-2	2	3	7	-2	-2	-2	0	-2	-2	2	4	-2	-2	5	3	2	-2	-2	-2	8	-2	3	-2	-2
# Values
79.0	1481.0	40.0	43.0	16.0	17.0
16.0	1472.0	40.0	43.0	11.0	17.0
6.0	1369.0	32.0	21.0	0.0	0.0
1.0	52.0	21.0	0.0	0.0	0.0
1.0	51.0	16.0	0.0	0.0	0.0
1.0	25.0	14.0	0.0	0.0	0.0
0.0	13.0	2.0	0.0	0.0	0.0
0.0	0.0	1.0	0.0	0.0	0.0
0.0	13.0	1.0	0.0	0.0	0.0
0.0	2.0	1.0	0.0	0.0	0.0
0.0	2.0	0.0	0.0	0.0	0.0
0.0	0.0	1.0	0.0	0.0	0.0
0.0	11.0	0.0	0.0	0.0	0.0
1.0	12.0	12.0	0.0	0.0	0.0
0.0	9.0	12.0	0.0	0.0	0.0
0.0	8.0	6.0	0.0	0.0	0.0
0.0	6.0	6.0	0.0	0.0	0.0
0.0	2.0	0.0	0.0	0.0	0.0
0.0	4.0	6.0	0.0	0.0	0.0
0.0	0.0	1.0	0.0	0.0	0.0
0.0	4.0	5.0	0.0	0.0	0.0
0.0	1.0	0.0	0.0	0.0	0.0
0.0	3.0	5.0	0.0	0.0	0.0
0.0	0.0	1.0	0.0	0.0	0.0
0.0	3.0	4.0	0.0	0.0	0.0
0.0	2.0	0.0	0.0	0.0	0.0
0.0	1.0	6.0	0.0	0.0	0.0
0.0	0.0	3.0	0.0	0.0	0.0
0.0	1.0	3.0	0.0	0.0	0.0
1.0	3.0	0.0	0.0	0.0	0.0
0.0	3.0	0.0	0.0	0.0	0.0
1.0	0.0	0.0	0.0	0.0	0.0
0.0	26.0	2.0	0.0	0.0	0.0
0.0	18.0	0.0	0.0	0.0	0.0
0.0	8.0	2.0	0.0	0.0	0.0
0.0	8.0	0.0	0.0	0.0	0.0
0.0	0.0	2.0	0.0	0.0	0.0
0.0	1.0	5.0	0.0	0.0	0.0
0.0	0.0	5.0	0.0	0.0	0.0
0.0	1.0	0.0	0.0	0.0	0.0
5.0	1317.0	11.0	21.0	0.0	0.0
0.0	0.0	1.0	0.0	0.0	0.0
5.0	1317.0	10.0	21.0	0.0	0.0
1.0	978.0	2.0	6.0	0.0	0.0
0.0	9.0	0.0	2.0	0.0	0.0
0.0	9.0	0.0	0.0	0.0	0.0
0.0	0.0	0.0	2.0	0.0	0.0
1.0	969.0	2.0	4.0	0.0	0.0
0.0	28.0	2.0	0.0	0.0	0.0
0.0	28.0	1.0	0.0	0.0	0.0
0.0	28.0	0.0	0.0	0.0	0.0
0.0	0.0	1.0	0.0	0.0	0.0
0.0	0.0	1.0	0.0	0.0	0.0
1.0	941.0	0.0	4.0	0.0	0.0
0.0	7.0	0.0	1.0	0.0	0.0
0.0	7.0	0.0	0.0	0.0	0.0
0.0	0.0	0.0	1.0	0.0	0.0
1.0	934.0	0.0	3.0	0.0	0.0
0.0	919.0	0.0	3.0	0.0	0.0
0.0	891.0	0.0	2.0	0.0	0.0
0.0	152.0	0.0	2.0	0.0	0.0
0.0	152.0	0.0	0.0	0.0	0.0
0.0	0.0	0.0	2.0	0.0	0.0
0.0	739.0	0.0	0.0	0.0	0.0
0.0	28.0	0.0	1.0	0.0	0.0
0.0	0.0	0.0	1.0	0.0	0.0
0.0	28.0	0.0	0.0	0.0	0.0
1.0	15.0	0.0	0.0	0.0	0.0
1.0	0.0	0.0	0.0	0.0	0.0
0.0	15.0	0.0	0.0	0.0	0.0
4.0	339.0	8.0	15.0	0.0	0.0
0.0	0.0	6.0	2.0	0.0	0.0
0.0	0.0	6.0	0.0	0.0	0.0
0.0	0.0	0.0	2.0	0.0	0.0
4.0	339.0	2.0	13.0	0.0	0.0
2.0	0.0	0.0	0.0	0.0	0.0
2.0	339.0	2.0	13.0	0.0	0.0
0.0	40.0	0.0	10.0	0.0	0.0
0.0	40.0	0.0	3.0	0.0	0.0
0.0	0.0	0.0	1.0	0.0	0.0
0.0	40.0	0.0	2.0	0.0	0.0
0.0	2.0	0.0	1.0	0.0	0.0
0.0	0.0	0.0	1.0	0.0	0.0
0.0	2.0	0.0	0.0	0.0	0.0
0.0	38.0	0.0	1.0	0.0	0.0
0.0	8.0	0.0	1.0	0.0	0.0
0.0	0.0	0.0	1.0	0.0	0.0
0.0	8.0	0.0	0.0	0.0	0.0
0.0	30.0	0.0	0.0	0.0	0.0
0.0	0.0	0.0	7.0	0.0	0.0
2.0	299.0	2.0	3.0	0.0	0.0
1.0	1.0	0.0	0.0	0.0	0.0
0.0	1.0	0.0	0.0	0.0	0.0
1.0	0.0	0.0	0.0	0.0	0.0
1.0	298.0	2.0	3.0	0.0	0.0
0.0	9.0	2.0	0.0	0.0	0.0
0.0	9.0	0.0	0.0	0.0	0.0
0.0	0.0	2.0	0.0	0.0	0.0
1.0	289.0	0.0	3.0	0.0	0.0
0.0	266.0	0.0	2.0	0.0	0.0
0.0	202.0	0.0	0.0	0.0	0.0
0.0	64.0	0.0	2.0	0.0	0.0
0.0	0.0	0.0	2.0	0.0	0.0
0.0	64.0	0.0	0.0	0.0	0.0
1.0	23.0	0.0	1.0	0.0	0.0
1.0	0.0	0.0	1.0	0.0	0.0
1.0	0.0	0.0	0.0	0.0	0.0
0.0	0.0	0.0	1.0	0.0	0.0
0.0	23.0	0.0	0.0	0.0	0.0
10.0	103.0	8.0	22.0	11.0	17.0
0.0	9.0	8.0	12.0	0.0	14.0
0.0	5.0	8.0	0.0	0.0	14.0
0.0	0.0	8.0	0.0	0.0	0.0
0.0	5.0	0.0	0.0	0.0	14.0
0.0	5.0	0.0	0.0	0.0	0.0
0.0	0.0	0.0	0.0	0.0	14.0
0.0	4.0	0.0	12.0	0.0	0.0
0.0	0.0	0.0	11.0	0.0	0.0
0.0	4.0	0.0	1.0	0.0	0.0
0.0	4.0	0.0	0.0	0.0	0.0
0.0	0.0	0.0	1.0	0.0	0.0
10.0	94.0	0.0	10.0	11.0	3.0
10.0	91.0	0.0	4.0	0.0	2.0
0.0	84.0	0.0	4.0	0.0	2.0
0.0	84.0	0.0	4.0	0.0	1.0
0.0	73.0	0.0	0.0	0.0	1.0
0.0	70.0	0.0	0.0	0.0	0.0
0.0	3.0	0.0	0.0	0.0	1.0
0.0	3.0	0.0	0.0	0.0	0.0
0.0	0.0	0.0	0.0	0.0	1.0
0.0	11.0	0.0	4.0	0.0	0.0
0.0	0.0	0.0	4.0	0.0	0.0
0.0	11.0	0.0	0.0	0.0	0.0
0.0	0.0	0.0	0.0	0.0	1.0
10.0	7.0	0.0	0.0	0.0	0.0
10.0	0.0	0.0	0.0	0.0	0.0
0.0	7.0	0.0	0.0	0.0	0.0
0.0	3.0	0.0	6.0	11.0	1.0
0.0	2.0	0.0	0.0	11.0	1.0
0.0	0.0	0.0	0.0	11.0	1.0
0.0	0.0	0.0	0.0	0.0	1.0
0.0	0.0	0.0	0.0	11.0	0.0
0.0	2.0	0.0	0.0	0.0	0.0
0.0	1.0	0.0	6.0	0.0	0.0
0.0	0.0	0.0	6.0	0.0	0.0
0.0	1.0	0.0	0.0	0.0	0.0
63.0	9.0	0.0	0.0	5.0	0.0
53.0	1.0	0.0	0.0	0.0	0.0
53.0	0.0	0.0	0.0	0.0	0.0
0.0	1.0	0.0	0.0	0.0	0.0
10.0	8.0	0.0	0.0	5.0	0.0
1.0	7.0	0.0	0.0	3.0	0.0
1.0	0.0	0.0	0.0	3.0	0.0
0.0	0.0	0.0	0.0	3.0	0.0
1.0	0.0	0.0	0.0	0.0	0.0
0.0	7.0	0.0	0.0	0.0	0.0
9.0	1.0	0.0	0.0	2.0	0.0
0.0	0.0	0.0	0.0	2.0	0.0
9.0	1.0	0.0	0.0	0.0	0.0
9.0	0.0	0.0	0.0	0.0	0.0
0.0	1.0	0.0	0.0	0.0	0.0
