# Sizes (NFeatures, Nclasses, NodeCount, MaxDepth)
10	6	147	12
# Classes
0.0	1.0	2.0	3.0	4.0	5.0
# Feature Names
Nrows	Ncols	Nnnz	AvgNnnz	Density	MaxRowNnnz	MinRowNnnz	StdRowNnnz	NDiags	NTrueDiags
# Left
1	2	3	4	5	6	-1	-1	9	10	-1	-1	13	14	-1	-1	-1	18	19	-1	-1	22	23	-1	25	-1	27	-1	-1	-1	31	32	33	-1	-1	36	37	-1	-1	40	41	42	-1	-1	45	46	-1	-1	-1	50	-1	-1	53	54	55	-1	-1	-1	59	60	61	-1	-1	64	65	-1	67	-1	69	-1	-1	72	-1	-1	75	-1	77	78	79	-1	81	-1	-1	-1	85	86	87	-1	-1	90	-1	92	-1	-1	95	-1	-1	98	99	100	-1	-1	-1	104	105	-1	107	108	-1	-1	-1	112	113	114	115	116	-1	-1	-1	120	121	-1	-1	-1	125	-1	127	-1	-1	130	131	-1	133	-1	-1	-1	137	138	-1	140	141	-1	143	-1	-1	-1	-1
# Right
136	97	30	17	8	7	-1	-1	12	11	-1	-1	16	15	-1	-1	-1	21	20	-1	-1	29	24	-1	26	-1	28	-1	-1	-1	52	35	34	-1	-1	39	38	-1	-1	49	44	43	-1	-1	48	47	-1	-1	-1	51	-1	-1	58	57	56	-1	-1	-1	74	63	62	-1	-1	71	66	-1	68	-1	70	-1	-1	73	-1	-1	76	-1	84	83	80	-1	82	-1	-1	-1	94	89	88	-1	-1	91	-1	93	-1	-1	96	-1	-1	103	102	101	-1	-1	-1	111	106	-1	110	109	-1	-1	-1	129	124	119	118	117	-1	-1	-1	123	122	-1	-1	-1	126	-1	128	-1	-1	135	132	-1	134	-1	-1	-1	146	139	-1	145	142	-1	144	-1	-1	-1	-1
# Threshold
8600.0	216341.5	10.0	4.805234909057617	122.0	61.0	-2.0	-2.0	5.1465800424921326e-05	33566.0	-2.0	-2.0	410.0	319.0	-2.0	-2.0	-2.0	5.299984931945801	4.905284881591797	-2.0	-2.0	19898.0	325.0	-2.0	0.4525020122528076	-2.0	8.0	-2.0	-2.0	-2.0	209379.5	1.5567200183868408	1.4745799899101257	-2.0	-2.0	70.0	1.5	-2.0	-2.0	4050.5	0.000102180249086814	9.551714902045205e-05	-2.0	-2.0	3.9937349557876587	3.9699249267578125	-2.0	-2.0	-2.0	5227.0	-2.0	-2.0	74.0	59.5	266984.5	-2.0	-2.0	-2.0	32.5	10.253049850463867	228555.5	-2.0	-2.0	22578.5	442.0	-2.0	7434.0	-2.0	27.5	-2.0	-2.0	2.5	-2.0	-2.0	4.241655111312866	-2.0	670.0	64596.5	1631470.0	-2.0	15.0	-2.0	-2.0	-2.0	3322.5	38.5	13.0	-2.0	-2.0	2718890.0	-2.0	2798475.0	-2.0	-2.0	0.00011862199971801601	-2.0	-2.0	5.999984979629517	14.713274955749512	22572700.0	-2.0	-2.0	-2.0	1.335889995098114	9.0	-2.0	16.0	0.8267360031604767	-2.0	-2.0	-2.0	11.697549819946289	3.609435043472331e-05	38.5	55525000.0	6970.0	-2.0	-2.0	-2.0	19.0	32695100.0	-2.0	-2.0	-2.0	0.0001203972969960887	-2.0	0.00021990849199937657	-2.0	-2.0	2.0639549802581314e-05	35.081499099731445	-2.0	98353500.0	-2.0	-2.0	-2.0	107068500.0	34.11079978942871	-2.0	148.0	15218250.0	-2.0	16440.5	-2.0	-2.0	-2.0	-2.0
# Feature
5	0	8	3	2	2	-2	-2	4	0	-2	-2	0	1	-2	-2	-2	3	3	-2	-2	0	1	-2	7	-2	9	-2	-2	-2	2	3	3	-2	-2	2	9	-2	-2	5	4	4	-2	-2	3	3	-2	-2	-2	5	-2	-2	8	8	2	-2	-2	-2	5	3	2	-2	-2	8	8	-2	8	-2	5	-2	-2	9	-2	-2	3	-2	8	0	2	-2	6	-2	-2	-2	5	5	6	-2	-2	2	-2	2	-2	-2	4	-2	-2	3	7	1	-2	-2	-2	7	8	-2	5	7	-2	-2	-2	7	4	5	2	8	-2	-2	-2	9	2	-2	-2	-2	4	-2	4	-2	-2	4	7	-2	2	-2	-2	-2	2	7	-2	9	2	-2	5	-2	-2	-2	-2
# Values
73.0	1467.0	47.0	51.0	10.0	28.0
20.0	1461.0	47.0	51.0	9.0	28.0
9.0	1360.0	40.0	29.0	0.0	3.0
1.0	48.0	29.0	0.0	0.0	0.0
1.0	36.0	6.0	0.0	0.0	0.0
1.0	0.0	2.0	0.0	0.0	0.0
1.0	0.0	0.0	0.0	0.0	0.0
0.0	0.0	2.0	0.0	0.0	0.0
0.0	36.0	4.0	0.0	0.0	0.0
0.0	1.0	3.0	0.0	0.0	0.0
0.0	0.0	3.0	0.0	0.0	0.0
0.0	1.0	0.0	0.0	0.0	0.0
0.0	35.0	1.0	0.0	0.0	0.0
0.0	8.0	1.0	0.0	0.0	0.0
0.0	8.0	0.0	0.0	0.0	0.0
0.0	0.0	1.0	0.0	0.0	0.0
0.0	27.0	0.0	0.0	0.0	0.0
0.0	12.0	23.0	0.0	0.0	0.0
0.0	1.0	14.0	0.0	0.0	0.0
0.0	1.0	6.0	0.0	0.0	0.0
0.0	0.0	8.0	0.0	0.0	0.0
0.0	11.0	9.0	0.0	0.0	0.0
0.0	11.0	5.0	0.0	0.0	0.0
0.0	4.0	0.0	0.0	0.0	0.0
0.0	7.0	5.0	0.0	0.0	0.0
0.0	4.0	0.0	0.0	0.0	0.0
0.0	3.0	5.0	0.0	0.0	0.0
0.0	0.0	2.0	0.0	0.0	0.0
0.0	3.0	3.0	0.0	0.0	0.0
0.0	0.0	4.0	0.0	0.0	0.0
8.0	1312.0	11.0	29.0	0.0	3.0
1.0	916.0	0.0	5.0	0.0	0.0
0.0	10.0	0.0	2.0	0.0	0.0
0.0	10.0	0.0	0.0	0.0	0.0
0.0	0.0	0.0	2.0	0.0	0.0
1.0	906.0	0.0	3.0	0.0	0.0
0.0	5.0	0.0	1.0	0.0	0.0
0.0	0.0	0.0	1.0	0.0	0.0
0.0	5.0	0.0	0.0	0.0	0.0
1.0	901.0	0.0	2.0	0.0	0.0
0.0	891.0	0.0	2.0	0.0	0.0
0.0	12.0	0.0	1.0	0.0	0.0
0.0	12.0	0.0	0.0	0.0	0.0
0.0	0.0	0.0	1.0	0.0	0.0
0.0	879.0	0.0	1.0	0.0	0.0
0.0	157.0	0.0	1.0	0.0	0.0
0.0	157.0	0.0	0.0	0.0	0.0
0.0	0.0	0.0	1.0	0.0	0.0
0.0	722.0	0.0	0.0	0.0	0.0
1.0	10.0	0.0	0.0	0.0	0.0
1.0	0.0	0.0	0.0	0.0	0.0
0.0	10.0	0.0	0.0	0.0	0.0
7.0	396.0	11.0	24.0	0.0	3.0
0.0	0.0	9.0	2.0	0.0	0.0
0.0	0.0	9.0	1.0	0.0	0.0
0.0	0.0	0.0	1.0	0.0	0.0
0.0	0.0	9.0	0.0	0.0	0.0
0.0	0.0	0.0	1.0	0.0	0.0
7.0	396.0	2.0	22.0	0.0	3.0
0.0	43.0	0.0	20.0	0.0	0.0
0.0	35.0	0.0	1.0	0.0	0.0
0.0	0.0	0.0	1.0	0.0	0.0
0.0	35.0	0.0	0.0	0.0	0.0
0.0	8.0	0.0	19.0	0.0	0.0
0.0	3.0	0.0	17.0	0.0	0.0
0.0	2.0	0.0	0.0	0.0	0.0
0.0	1.0	0.0	17.0	0.0	0.0
0.0	0.0	0.0	15.0	0.0	0.0
0.0	1.0	0.0	2.0	0.0	0.0
0.0	0.0	0.0	2.0	0.0	0.0
0.0	1.0	0.0	0.0	0.0	0.0
0.0	5.0	0.0	2.0	0.0	0.0
0.0	0.0	0.0	2.0	0.0	0.0
0.0	5.0	0.0	0.0	0.0	0.0
7.0	353.0	2.0	2.0	0.0	3.0
4.0	0.0	0.0	0.0	0.0	0.0
3.0	353.0	2.0	2.0	0.0	3.0
0.0	32.0	2.0	0.0	0.0	3.0
0.0	32.0	2.0	0.0	0.0	0.0
0.0	30.0	0.0	0.0	0.0	0.0
0.0	2.0	2.0	0.0	0.0	0.0
0.0	2.0	0.0	0.0	0.0	0.0
0.0	0.0	2.0	0.0	0.0	0.0
0.0	0.0	0.0	0.0	0.0	3.0
3.0	321.0	0.0	2.0	0.0	0.0
0.0	281.0	0.0	2.0	0.0	0.0
0.0	7.0	0.0	1.0	0.0	0.0
0.0	7.0	0.0	0.0	0.0	0.0
0.0	0.0	0.0	1.0	0.0	0.0
0.0	274.0	0.0	1.0	0.0	0.0
0.0	223.0	0.0	0.0	0.0	0.0
0.0	51.0	0.0	1.0	0.0	0.0
0.0	0.0	0.0	1.0	0.0	0.0
0.0	51.0	0.0	0.0	0.0	0.0
3.0	40.0	0.0	0.0	0.0	0.0
3.0	0.0	0.0	0.0	0.0	0.0
0.0	40.0	0.0	0.0	0.0	0.0
11.0	101.0	7.0	22.0	9.0	25.0
6.0	60.0	0.0	0.0	0.0	2.0
0.0	60.0	0.0	0.0	0.0	2.0
0.0	60.0	0.0	0.0	0.0	0.0
0.0	0.0	0.0	0.0	0.0	2.0
6.0	0.0	0.0	0.0	0.0	0.0
5.0	41.0	7.0	22.0	9.0	23.0
0.0	6.0	7.0	0.0	0.0	18.0
0.0	0.0	7.0	0.0	0.0	0.0
0.0	6.0	0.0	0.0	0.0	18.0
0.0	6.0	0.0	0.0	0.0	2.0
0.0	0.0	0.0	0.0	0.0	2.0
0.0	6.0	0.0	0.0	0.0	0.0
0.0	0.0	0.0	0.0	0.0	16.0
5.0	35.0	0.0	22.0	9.0	5.0
0.0	15.0	0.0	22.0	8.0	4.0
0.0	11.0	0.0	6.0	8.0	2.0
0.0	9.0	0.0	6.0	0.0	0.0
0.0	9.0	0.0	1.0	0.0	0.0
0.0	0.0	0.0	1.0	0.0	0.0
0.0	9.0	0.0	0.0	0.0	0.0
0.0	0.0	0.0	5.0	0.0	0.0
0.0	2.0	0.0	0.0	8.0	2.0
0.0	0.0	0.0	0.0	8.0	2.0
0.0	0.0	0.0	0.0	0.0	2.0
0.0	0.0	0.0	0.0	8.0	0.0
0.0	2.0	0.0	0.0	0.0	0.0
0.0	4.0	0.0	16.0	0.0	2.0
0.0	0.0	0.0	16.0	0.0	0.0
0.0	4.0	0.0	0.0	0.0	2.0
0.0	4.0	0.0	0.0	0.0	0.0
0.0	0.0	0.0	0.0	0.0	2.0
5.0	20.0	0.0	0.0	1.0	1.0
5.0	0.0	0.0	0.0	1.0	1.0
5.0	0.0	0.0	0.0	0.0	0.0
0.0	0.0	0.0	0.0	1.0	1.0
0.0	0.0	0.0	0.0	0.0	1.0
0.0	0.0	0.0	0.0	1.0	0.0
0.0	20.0	0.0	0.0	0.0	0.0
53.0	6.0	0.0	0.0	1.0	0.0
53.0	2.0	0.0	0.0	1.0	0.0
0.0	0.0	0.0	0.0	1.0	0.0
53.0	2.0	0.0	0.0	0.0	0.0
53.0	1.0	0.0	0.0	0.0	0.0
47.0	0.0	0.0	0.0	0.0	0.0
6.0	1.0	0.0	0.0	0.0	0.0
0.0	1.0	0.0	0.0	0.0	0.0
6.0	0.0	0.0	0.0	0.0	0.0
0.0	1.0	0.0	0.0	0.0	0.0
0.0	4.0	0.0	0.0	0.0	0.0
