# Sizes (NFeatures, Nclasses, NodeCount, MaxDepth)
10	6	155	13
# Classes
0.0	1.0	2.0	3.0	4.0	5.0
# Feature Names
Nrows	Ncols	Nnnz	AvgNnnz	Density	MaxRowNnnz	MinRowNnnz	StdRowNnnz	NDiags	NTrueDiags
# Left
1	2	3	4	-1	6	7	8	9	10	11	-1	13	-1	-1	-1	-1	-1	19	20	21	22	-1	-1	25	-1	27	-1	-1	-1	31	-1	-1	34	-1	-1	37	38	39	-1	41	42	43	44	-1	-1	47	48	-1	-1	-1	52	-1	-1	55	56	57	58	59	-1	61	-1	-1	64	-1	-1	67	-1	69	-1	71	-1	-1	74	-1	-1	77	-1	79	-1	-1	82	-1	-1	85	86	-1	88	-1	90	91	-1	93	-1	-1	96	-1	-1	99	-1	101	102	103	104	-1	-1	-1	-1	-1	110	111	112	113	114	-1	-1	-1	-1	119	120	121	122	-1	124	-1	-1	127	128	-1	130	-1	-1	133	-1	-1	-1	137	-1	139	-1	-1	142	-1	144	-1	-1	147	-1	149	150	-1	-1	153	-1	-1
# Right
146	109	36	5	-1	33	18	17	16	15	12	-1	14	-1	-1	-1	-1	-1	30	29	24	23	-1	-1	26	-1	28	-1	-1	-1	32	-1	-1	35	-1	-1	84	81	40	-1	54	51	46	45	-1	-1	50	49	-1	-1	-1	53	-1	-1	76	73	66	63	60	-1	62	-1	-1	65	-1	-1	68	-1	70	-1	72	-1	-1	75	-1	-1	78	-1	80	-1	-1	83	-1	-1	98	87	-1	89	-1	95	92	-1	94	-1	-1	97	-1	-1	100	-1	108	107	106	105	-1	-1	-1	-1	-1	141	118	117	116	115	-1	-1	-1	-1	136	135	126	123	-1	125	-1	-1	132	129	-1	131	-1	-1	134	-1	-1	-1	138	-1	140	-1	-1	143	-1	145	-1	-1	148	-1	152	151	-1	-1	154	-1	-1
# Threshold
8600.0	480125.5	14.0	12.5	-2.0	91039.0	3.4972500801086426	6.0	0.1259015016257763	0.002437349990941584	9500.5	-2.0	33566.0	-2.0	-2.0	-2.0	-2.0	-2.0	0.4933425188064575	0.4525020122528076	6.0	4.868819952011108	-2.0	-2.0	0.0016666650190018117	-2.0	1484.0	-2.0	-2.0	-2.0	8.577929973602295	-2.0	-2.0	6.971220136620104e-05	-2.0	-2.0	1167965.0	3959.0	9.5	-2.0	54.5	179260.0	2.8079699277877808	60.5	-2.0	-2.0	0.5	7.0	-2.0	-2.0	-2.0	0.001048923993948847	-2.0	-2.0	32.5	17.39490032196045	1.5	8.89196491241455	2.6722049713134766	-2.0	2.836310029029846	-2.0	-2.0	15509.5	-2.0	-2.0	4.5	-2.0	11995.5	-2.0	375.0	-2.0	-2.0	175076.5	-2.0	-2.0	2368.0	-2.0	0.5	-2.0	-2.0	9.121219635009766	-2.0	-2.0	43.0	10.92834997177124	-2.0	43.5	-2.0	32.0	114284.0	-2.0	2.8166850805282593	-2.0	-2.0	3555750.0	-2.0	-2.0	166.0	-2.0	94.5	91.5	61582.0	10.0	-2.0	-2.0	-2.0	-2.0	-2.0	696.5	7723.5	12.0	390.0	9.0	-2.0	-2.0	-2.0	-2.0	94252800.0	22572700.0	15.058200359344482	12815300.0	-2.0	15042100.0	-2.0	-2.0	12.0	4.54428493976593	-2.0	1353195.0	-2.0	-2.0	1575350.0	-2.0	-2.0	-2.0	27.0	-2.0	3.584510087966919	-2.0	-2.0	2.5	-2.0	4.0	-2.0	-2.0	45.53579902648926	-2.0	93.36845016479492	208226504.0	-2.0	-2.0	922.6775207519531	-2.0	-2.0
# Feature
5	1	8	0	-2	2	3	9	7	4	2	-2	2	-2	-2	-2	-2	-2	7	7	8	3	-2	-2	4	-2	0	-2	-2	-2	3	-2	-2	4	-2	-2	2	5	0	-2	8	2	3	2	-2	-2	6	9	-2	-2	-2	4	-2	-2	5	3	9	3	7	-2	7	-2	-2	1	-2	-2	6	-2	0	-2	8	-2	-2	2	-2	-2	5	-2	9	-2	-2	3	-2	-2	5	3	-2	8	-2	5	8	-2	7	-2	-2	2	-2	-2	8	-2	5	5	1	6	-2	-2	-2	-2	-2	5	8	9	8	8	-2	-2	-2	-2	2	0	3	1	-2	1	-2	-2	9	7	-2	1	-2	-2	1	-2	-2	-2	5	-2	7	-2	-2	9	-2	9	-2	-2	7	-2	3	2	-2	-2	7	-2	-2
# Values
93.0	1458.0	39.0	42.0	13.0	31.0
35.0	1454.0	39.0	42.0	9.0	31.0
19.0	1391.0	37.0	37.0	0.0	0.0
8.0	56.0	28.0	0.0	0.0	0.0
8.0	0.0	0.0	0.0	0.0	0.0
0.0	56.0	28.0	0.0	0.0	0.0
0.0	52.0	17.0	0.0	0.0	0.0
0.0	10.0	8.0	0.0	0.0	0.0
0.0	10.0	5.0	0.0	0.0	0.0
0.0	6.0	5.0	0.0	0.0	0.0
0.0	6.0	2.0	0.0	0.0	0.0
0.0	5.0	0.0	0.0	0.0	0.0
0.0	1.0	2.0	0.0	0.0	0.0
0.0	0.0	2.0	0.0	0.0	0.0
0.0	1.0	0.0	0.0	0.0	0.0
0.0	0.0	3.0	0.0	0.0	0.0
0.0	4.0	0.0	0.0	0.0	0.0
0.0	0.0	3.0	0.0	0.0	0.0
0.0	42.0	9.0	0.0	0.0	0.0
0.0	18.0	8.0	0.0	0.0	0.0
0.0	18.0	5.0	0.0	0.0	0.0
0.0	4.0	3.0	0.0	0.0	0.0
0.0	2.0	0.0	0.0	0.0	0.0
0.0	2.0	3.0	0.0	0.0	0.0
0.0	14.0	2.0	0.0	0.0	0.0
0.0	6.0	0.0	0.0	0.0	0.0
0.0	8.0	2.0	0.0	0.0	0.0
0.0	5.0	0.0	0.0	0.0	0.0
0.0	3.0	2.0	0.0	0.0	0.0
0.0	0.0	3.0	0.0	0.0	0.0
0.0	24.0	1.0	0.0	0.0	0.0
0.0	22.0	0.0	0.0	0.0	0.0
0.0	2.0	1.0	0.0	0.0	0.0
0.0	4.0	11.0	0.0	0.0	0.0
0.0	4.0	0.0	0.0	0.0	0.0
0.0	0.0	11.0	0.0	0.0	0.0
11.0	1335.0	9.0	37.0	0.0	0.0
11.0	1152.0	5.0	13.0	0.0	0.0
1.0	1129.0	5.0	13.0	0.0	0.0
0.0	0.0	1.0	0.0	0.0	0.0
1.0	1129.0	4.0	13.0	0.0	0.0
0.0	65.0	4.0	3.0	0.0	0.0
0.0	65.0	1.0	1.0	0.0	0.0
0.0	1.0	0.0	1.0	0.0	0.0
0.0	1.0	0.0	0.0	0.0	0.0
0.0	0.0	0.0	1.0	0.0	0.0
0.0	64.0	1.0	0.0	0.0	0.0
0.0	3.0	1.0	0.0	0.0	0.0
0.0	3.0	0.0	0.0	0.0	0.0
0.0	0.0	1.0	0.0	0.0	0.0
0.0	61.0	0.0	0.0	0.0	0.0
0.0	0.0	3.0	2.0	0.0	0.0
0.0	0.0	0.0	2.0	0.0	0.0
0.0	0.0	3.0	0.0	0.0	0.0
1.0	1064.0	0.0	10.0	0.0	0.0
0.0	333.0	0.0	10.0	0.0	0.0
0.0	323.0	0.0	6.0	0.0	0.0
0.0	67.0	0.0	5.0	0.0	0.0
0.0	63.0	0.0	2.0	0.0	0.0
0.0	54.0	0.0	0.0	0.0	0.0
0.0	9.0	0.0	2.0	0.0	0.0
0.0	0.0	0.0	2.0	0.0	0.0
0.0	9.0	0.0	0.0	0.0	0.0
0.0	4.0	0.0	3.0	0.0	0.0
0.0	4.0	0.0	0.0	0.0	0.0
0.0	0.0	0.0	3.0	0.0	0.0
0.0	256.0	0.0	1.0	0.0	0.0
0.0	233.0	0.0	0.0	0.0	0.0
0.0	23.0	0.0	1.0	0.0	0.0
0.0	19.0	0.0	0.0	0.0	0.0
0.0	4.0	0.0	1.0	0.0	0.0
0.0	2.0	0.0	0.0	0.0	0.0
0.0	2.0	0.0	1.0	0.0	0.0
0.0	10.0	0.0	4.0	0.0	0.0
0.0	10.0	0.0	0.0	0.0	0.0
0.0	0.0	0.0	4.0	0.0	0.0
1.0	731.0	0.0	0.0	0.0	0.0
0.0	694.0	0.0	0.0	0.0	0.0
1.0	37.0	0.0	0.0	0.0	0.0
1.0	0.0	0.0	0.0	0.0	0.0
0.0	37.0	0.0	0.0	0.0	0.0
10.0	23.0	0.0	0.0	0.0	0.0
10.0	0.0	0.0	0.0	0.0	0.0
0.0	23.0	0.0	0.0	0.0	0.0
0.0	183.0	4.0	24.0	0.0	0.0
0.0	17.0	2.0	22.0	0.0	0.0
0.0	13.0	0.0	0.0	0.0	0.0
0.0	4.0	2.0	22.0	0.0	0.0
0.0	0.0	2.0	0.0	0.0	0.0
0.0	4.0	0.0	22.0	0.0	0.0
0.0	1.0	0.0	20.0	0.0	0.0
0.0	0.0	0.0	18.0	0.0	0.0
0.0	1.0	0.0	2.0	0.0	0.0
0.0	0.0	0.0	2.0	0.0	0.0
0.0	1.0	0.0	0.0	0.0	0.0
0.0	3.0	0.0	2.0	0.0	0.0
0.0	3.0	0.0	0.0	0.0	0.0
0.0	0.0	0.0	2.0	0.0	0.0
0.0	166.0	2.0	2.0	0.0	0.0
0.0	0.0	2.0	0.0	0.0	0.0
0.0	166.0	0.0	2.0	0.0	0.0
0.0	27.0	0.0	2.0	0.0	0.0
0.0	27.0	0.0	1.0	0.0	0.0
0.0	2.0	0.0	1.0	0.0	0.0
0.0	0.0	0.0	1.0	0.0	0.0
0.0	2.0	0.0	0.0	0.0	0.0
0.0	25.0	0.0	0.0	0.0	0.0
0.0	0.0	0.0	1.0	0.0	0.0
0.0	139.0	0.0	0.0	0.0	0.0
16.0	63.0	2.0	5.0	9.0	31.0
0.0	61.0	2.0	5.0	4.0	31.0
0.0	5.0	2.0	0.0	0.0	21.0
0.0	5.0	2.0	0.0	0.0	1.0
0.0	0.0	2.0	0.0	0.0	1.0
0.0	0.0	2.0	0.0	0.0	0.0
0.0	0.0	0.0	0.0	0.0	1.0
0.0	5.0	0.0	0.0	0.0	0.0
0.0	0.0	0.0	0.0	0.0	20.0
0.0	56.0	0.0	5.0	4.0	10.0
0.0	56.0	0.0	3.0	1.0	6.0
0.0	56.0	0.0	3.0	1.0	4.0
0.0	44.0	0.0	0.0	0.0	1.0
0.0	41.0	0.0	0.0	0.0	0.0
0.0	3.0	0.0	0.0	0.0	1.0
0.0	0.0	0.0	0.0	0.0	1.0
0.0	3.0	0.0	0.0	0.0	0.0
0.0	12.0	0.0	3.0	1.0	3.0
0.0	0.0	0.0	3.0	1.0	2.0
0.0	0.0	0.0	3.0	0.0	0.0
0.0	0.0	0.0	0.0	1.0	2.0
0.0	0.0	0.0	0.0	1.0	0.0
0.0	0.0	0.0	0.0	0.0	2.0
0.0	12.0	0.0	0.0	0.0	1.0
0.0	12.0	0.0	0.0	0.0	0.0
0.0	0.0	0.0	0.0	0.0	1.0
0.0	0.0	0.0	0.0	0.0	2.0
0.0	0.0	0.0	2.0	3.0	4.0
0.0	0.0	0.0	0.0	0.0	4.0
0.0	0.0	0.0	2.0	3.0	0.0
0.0	0.0	0.0	2.0	0.0	0.0
0.0	0.0	0.0	0.0	3.0	0.0
16.0	2.0	0.0	0.0	5.0	0.0
16.0	0.0	0.0	0.0	0.0	0.0
0.0	2.0	0.0	0.0	5.0	0.0
0.0	2.0	0.0	0.0	0.0	0.0
0.0	0.0	0.0	0.0	5.0	0.0
58.0	4.0	0.0	0.0	4.0	0.0
0.0	0.0	0.0	0.0	3.0	0.0
58.0	4.0	0.0	0.0	1.0	0.0
58.0	2.0	0.0	0.0	0.0	0.0
58.0	0.0	0.0	0.0	0.0	0.0
0.0	2.0	0.0	0.0	0.0	0.0
0.0	2.0	0.0	0.0	1.0	0.0
0.0	2.0	0.0	0.0	0.0	0.0
0.0	0.0	0.0	0.0	1.0	0.0
