# Sizes (NFeatures, Nclasses, NodeCount, MaxDepth)
10	6	177	14
# Classes
0.0	1.0	2.0	3.0	4.0	5.0
# Feature Names
Nrows	Ncols	Nnnz	AvgNnnz	Density	MaxRowNnnz	MinRowNnnz	StdRowNnnz	NDiags	NTrueDiags
# Left
1	2	3	4	-1	6	7	8	-1	10	-1	12	13	14	-1	-1	-1	-1	-1	20	-1	22	23	-1	-1	26	27	28	-1	-1	31	-1	-1	34	35	-1	-1	-1	39	40	-1	-1	43	-1	45	-1	-1	48	49	50	51	52	-1	-1	55	56	-1	58	-1	-1	61	62	63	-1	-1	66	67	-1	-1	70	71	72	-1	74	-1	-1	-1	-1	79	80	-1	-1	83	84	-1	-1	87	88	89	-1	-1	-1	93	-1	-1	96	97	-1	-1	-1	101	102	-1	104	105	-1	-1	108	109	-1	-1	-1	113	-1	115	-1	117	118	-1	-1	121	122	123	124	-1	-1	-1	-1	-1	130	-1	132	133	134	-1	-1	-1	138	139	140	141	142	-1	-1	-1	146	147	148	-1	-1	151	-1	-1	-1	-1	156	-1	158	-1	-1	161	162	163	164	165	-1	167	-1	-1	-1	171	-1	-1	-1	175	-1	-1
# Right
160	47	38	5	-1	19	18	9	-1	11	-1	17	16	15	-1	-1	-1	-1	-1	21	-1	25	24	-1	-1	33	30	29	-1	-1	32	-1	-1	37	36	-1	-1	-1	42	41	-1	-1	44	-1	46	-1	-1	129	100	95	54	53	-1	-1	60	57	-1	59	-1	-1	78	65	64	-1	-1	69	68	-1	-1	77	76	73	-1	75	-1	-1	-1	-1	82	81	-1	-1	86	85	-1	-1	92	91	90	-1	-1	-1	94	-1	-1	99	98	-1	-1	-1	112	103	-1	107	106	-1	-1	111	110	-1	-1	-1	114	-1	116	-1	120	119	-1	-1	128	127	126	125	-1	-1	-1	-1	-1	131	-1	137	136	135	-1	-1	-1	155	154	145	144	143	-1	-1	-1	153	150	149	-1	-1	152	-1	-1	-1	-1	157	-1	159	-1	-1	174	173	170	169	166	-1	168	-1	-1	-1	172	-1	-1	-1	176	-1	-1
# Threshold
7289.0	34.0	11553.0	8.0	-2.0	5.5	0.35009849071502686	0.001862694974988699	-2.0	0.9987500011920929	-2.0	4338.5	122.0	89.0	-2.0	-2.0	-2.0	-2.0	-2.0	10.0	-2.0	0.5	2.837119996547699	-2.0	-2.0	0.002026235102675855	10500.0	0.4091300070285797	-2.0	-2.0	68362.0	-2.0	-2.0	0.4933425188064575	0.4525020122528076	-2.0	-2.0	-2.0	4.625969886779785	6.290309829637408e-05	-2.0	-2.0	437588.0	-2.0	9.287665307056159e-06	-2.0	-2.0	17508850.0	1440315.0	3245.5	35.5	6.785644948482513	-2.0	-2.0	3.5	0.15126700699329376	-2.0	0.00023205675097415224	-2.0	-2.0	20027.5	1.5716400146484375	1.4225900173187256	-2.0	-2.0	55.0	23.352149963378906	-2.0	-2.0	1964.0	1899.5	307.5	-2.0	329.0	-2.0	-2.0	-2.0	-2.0	20367.0	4.0	-2.0	-2.0	650.0	0.0004123235121369362	-2.0	-2.0	2368.0	1080.0	3.5	-2.0	-2.0	-2.0	5.459564924240112	-2.0	-2.0	9.33675479888916	97209.5	-2.0	-2.0	-2.0	57.0	11.112949848175049	-2.0	30430.0	659.0	-2.0	-2.0	2.0	354242.0	-2.0	-2.0	-2.0	3.258584976196289	-2.0	166.0	-2.0	4.823074817657471	0.0001297486433031736	-2.0	-2.0	94.5	0.0015061150188557804	13.196149826049805	62038.0	-2.0	-2.0	-2.0	-2.0	-2.0	18038700.0	-2.0	32970100.0	1.0	6.988855147938011e-06	-2.0	-2.0	-2.0	113833000.0	3244.5	1.5	2146265.0	1618255.0	-2.0	-2.0	-2.0	89157400.0	44501400.0	3.733015000761952e-05	-2.0	-2.0	43.0	-2.0	-2.0	-2.0	-2.0	211813496.0	-2.0	1245.0	-2.0	-2.0	91.50070190429688	154427700.0	1383845.0	5.5	2.5	-2.0	204.9978542327881	-2.0	-2.0	-2.0	3141730.0	-2.0	-2.0	-2.0	217.0	-2.0	-2.0
# Feature
5	8	1	0	-2	8	7	4	-2	3	-2	2	0	2	-2	-2	-2	-2	-2	0	-2	6	3	-2	-2	4	2	7	-2	-2	2	-2	-2	7	7	-2	-2	-2	3	4	-2	-2	0	-2	4	-2	-2	2	2	5	8	3	-2	-2	5	7	-2	4	-2	-2	1	3	3	-2	-2	8	3	-2	-2	2	2	8	-2	8	-2	-2	-2	-2	1	6	-2	-2	8	4	-2	-2	5	8	6	-2	-2	-2	3	-2	-2	3	1	-2	-2	-2	5	3	-2	8	8	-2	-2	9	1	-2	-2	-2	3	-2	8	-2	7	4	-2	-2	5	4	7	1	-2	-2	-2	-2	-2	2	-2	2	9	4	-2	-2	-2	2	5	6	0	1	-2	-2	-2	2	2	4	-2	-2	9	-2	-2	-2	-2	2	-2	5	-2	-2	3	2	0	6	6	-2	7	-2	-2	-2	8	-2	-2	-2	9	-2	-2
# Values
91.0	1452.0	51.0	42.0	15.0	25.0
23.0	1442.0	51.0	42.0	10.0	25.0
5.0	102.0	48.0	0.0	0.0	1.0
5.0	95.0	18.0	0.0	0.0	0.0
5.0	0.0	0.0	0.0	0.0	0.0
0.0	95.0	18.0	0.0	0.0	0.0
0.0	16.0	11.0	0.0	0.0	0.0
0.0	9.0	11.0	0.0	0.0	0.0
0.0	0.0	5.0	0.0	0.0	0.0
0.0	9.0	6.0	0.0	0.0	0.0
0.0	0.0	1.0	0.0	0.0	0.0
0.0	9.0	5.0	0.0	0.0	0.0
0.0	6.0	1.0	0.0	0.0	0.0
0.0	1.0	1.0	0.0	0.0	0.0
0.0	1.0	0.0	0.0	0.0	0.0
0.0	0.0	1.0	0.0	0.0	0.0
0.0	5.0	0.0	0.0	0.0	0.0
0.0	3.0	4.0	0.0	0.0	0.0
0.0	7.0	0.0	0.0	0.0	0.0
0.0	79.0	7.0	0.0	0.0	0.0
0.0	0.0	1.0	0.0	0.0	0.0
0.0	79.0	6.0	0.0	0.0	0.0
0.0	1.0	1.0	0.0	0.0	0.0
0.0	1.0	0.0	0.0	0.0	0.0
0.0	0.0	1.0	0.0	0.0	0.0
0.0	78.0	5.0	0.0	0.0	0.0
0.0	21.0	4.0	0.0	0.0	0.0
0.0	3.0	3.0	0.0	0.0	0.0
0.0	3.0	2.0	0.0	0.0	0.0
0.0	0.0	1.0	0.0	0.0	0.0
0.0	18.0	1.0	0.0	0.0	0.0
0.0	16.0	0.0	0.0	0.0	0.0
0.0	2.0	1.0	0.0	0.0	0.0
0.0	57.0	1.0	0.0	0.0	0.0
0.0	14.0	1.0	0.0	0.0	0.0
0.0	14.0	0.0	0.0	0.0	0.0
0.0	0.0	1.0	0.0	0.0	0.0
0.0	43.0	0.0	0.0	0.0	0.0
0.0	7.0	30.0	0.0	0.0	1.0
0.0	7.0	2.0	0.0	0.0	0.0
0.0	7.0	0.0	0.0	0.0	0.0
0.0	0.0	2.0	0.0	0.0	0.0
0.0	0.0	28.0	0.0	0.0	1.0
0.0	0.0	23.0	0.0	0.0	0.0
0.0	0.0	5.0	0.0	0.0	1.0
0.0	0.0	5.0	0.0	0.0	0.0
0.0	0.0	0.0	0.0	0.0	1.0
18.0	1340.0	3.0	42.0	10.0	24.0
12.0	1293.0	3.0	38.0	0.0	2.0
10.0	1148.0	2.0	14.0	0.0	0.0
2.0	1121.0	2.0	14.0	0.0	0.0
0.0	5.0	0.0	2.0	0.0	0.0
0.0	5.0	0.0	0.0	0.0	0.0
0.0	0.0	0.0	2.0	0.0	0.0
2.0	1116.0	2.0	12.0	0.0	0.0
0.0	7.0	0.0	2.0	0.0	0.0
0.0	5.0	0.0	0.0	0.0	0.0
0.0	2.0	0.0	2.0	0.0	0.0
0.0	0.0	0.0	2.0	0.0	0.0
0.0	2.0	0.0	0.0	0.0	0.0
2.0	1109.0	2.0	10.0	0.0	0.0
0.0	901.0	2.0	3.0	0.0	0.0
0.0	4.0	0.0	1.0	0.0	0.0
0.0	4.0	0.0	0.0	0.0	0.0
0.0	0.0	0.0	1.0	0.0	0.0
0.0	897.0	2.0	2.0	0.0	0.0
0.0	24.0	2.0	0.0	0.0	0.0
0.0	24.0	0.0	0.0	0.0	0.0
0.0	0.0	2.0	0.0	0.0	0.0
0.0	873.0	0.0	2.0	0.0	0.0
0.0	106.0	0.0	2.0	0.0	0.0
0.0	106.0	0.0	1.0	0.0	0.0
0.0	59.0	0.0	0.0	0.0	0.0
0.0	47.0	0.0	1.0	0.0	0.0
0.0	42.0	0.0	1.0	0.0	0.0
0.0	5.0	0.0	0.0	0.0	0.0
0.0	0.0	0.0	1.0	0.0	0.0
0.0	767.0	0.0	0.0	0.0	0.0
2.0	208.0	0.0	7.0	0.0	0.0
0.0	1.0	0.0	4.0	0.0	0.0
0.0	1.0	0.0	0.0	0.0	0.0
0.0	0.0	0.0	4.0	0.0	0.0
2.0	207.0	0.0	3.0	0.0	0.0
0.0	3.0	0.0	2.0	0.0	0.0
0.0	0.0	0.0	2.0	0.0	0.0
0.0	3.0	0.0	0.0	0.0	0.0
2.0	204.0	0.0	1.0	0.0	0.0
0.0	194.0	0.0	1.0	0.0	0.0
0.0	13.0	0.0	1.0	0.0	0.0
0.0	13.0	0.0	0.0	0.0	0.0
0.0	0.0	0.0	1.0	0.0	0.0
0.0	181.0	0.0	0.0	0.0	0.0
2.0	10.0	0.0	0.0	0.0	0.0
2.0	0.0	0.0	0.0	0.0	0.0
0.0	10.0	0.0	0.0	0.0	0.0
8.0	27.0	0.0	0.0	0.0	0.0
8.0	1.0	0.0	0.0	0.0	0.0
8.0	0.0	0.0	0.0	0.0	0.0
0.0	1.0	0.0	0.0	0.0	0.0
0.0	26.0	0.0	0.0	0.0	0.0
2.0	145.0	1.0	24.0	0.0	2.0
0.0	35.0	0.0	21.0	0.0	0.0
0.0	25.0	0.0	0.0	0.0	0.0
0.0	10.0	0.0	21.0	0.0	0.0
0.0	1.0	0.0	17.0	0.0	0.0
0.0	1.0	0.0	1.0	0.0	0.0
0.0	0.0	0.0	16.0	0.0	0.0
0.0	9.0	0.0	4.0	0.0	0.0
0.0	1.0	0.0	4.0	0.0	0.0
0.0	0.0	0.0	4.0	0.0	0.0
0.0	1.0	0.0	0.0	0.0	0.0
0.0	8.0	0.0	0.0	0.0	0.0
2.0	110.0	1.0	3.0	0.0	2.0
2.0	0.0	0.0	0.0	0.0	0.0
0.0	110.0	1.0	3.0	0.0	2.0
0.0	0.0	1.0	0.0	0.0	0.0
0.0	110.0	0.0	3.0	0.0	2.0
0.0	5.0	0.0	0.0	0.0	2.0
0.0	5.0	0.0	0.0	0.0	0.0
0.0	0.0	0.0	0.0	0.0	2.0
0.0	105.0	0.0	3.0	0.0	0.0
0.0	19.0	0.0	3.0	0.0	0.0
0.0	19.0	0.0	2.0	0.0	0.0
0.0	2.0	0.0	2.0	0.0	0.0
0.0	0.0	0.0	2.0	0.0	0.0
0.0	2.0	0.0	0.0	0.0	0.0
0.0	17.0	0.0	0.0	0.0	0.0
0.0	0.0	0.0	1.0	0.0	0.0
0.0	86.0	0.0	0.0	0.0	0.0
6.0	47.0	0.0	4.0	10.0	22.0
0.0	0.0	0.0	0.0	0.0	13.0
6.0	47.0	0.0	4.0	10.0	9.0
2.0	33.0	0.0	0.0	0.0	0.0
2.0	2.0	0.0	0.0	0.0	0.0
0.0	2.0	0.0	0.0	0.0	0.0
2.0	0.0	0.0	0.0	0.0	0.0
0.0	31.0	0.0	0.0	0.0	0.0
4.0	14.0	0.0	4.0	10.0	9.0
4.0	12.0	0.0	2.0	1.0	9.0
0.0	12.0	0.0	2.0	1.0	9.0
0.0	1.0	0.0	1.0	0.0	6.0
0.0	1.0	0.0	1.0	0.0	0.0
0.0	1.0	0.0	0.0	0.0	0.0
0.0	0.0	0.0	1.0	0.0	0.0
0.0	0.0	0.0	0.0	0.0	6.0
0.0	11.0	0.0	1.0	1.0	3.0
0.0	11.0	0.0	1.0	1.0	1.0
0.0	0.0	0.0	1.0	1.0	0.0
0.0	0.0	0.0	0.0	1.0	0.0
0.0	0.0	0.0	1.0	0.0	0.0
0.0	11.0	0.0	0.0	0.0	1.0
0.0	11.0	0.0	0.0	0.0	0.0
0.0	0.0	0.0	0.0	0.0	1.0
0.0	0.0	0.0	0.0	0.0	2.0
4.0	0.0	0.0	0.0	0.0	0.0
0.0	2.0	0.0	2.0	9.0	0.0
0.0	0.0	0.0	0.0	9.0	0.0
0.0	2.0	0.0	2.0	0.0	0.0
0.0	0.0	0.0	2.0	0.0	0.0
0.0	2.0	0.0	0.0	0.0	0.0
68.0	10.0	0.0	0.0	5.0	0.0
68.0	4.0	0.0	0.0	3.0	0.0
68.0	2.0	0.0	0.0	3.0	0.0
64.0	2.0	0.0	0.0	0.0	0.0
64.0	1.0	0.0	0.0	0.0	0.0
62.0	0.0	0.0	0.0	0.0	0.0
2.0	1.0	0.0	0.0	0.0	0.0
2.0	0.0	0.0	0.0	0.0	0.0
0.0	1.0	0.0	0.0	0.0	0.0
0.0	1.0	0.0	0.0	0.0	0.0
4.0	0.0	0.0	0.0	3.0	0.0
0.0	0.0	0.0	0.0	3.0	0.0
4.0	0.0	0.0	0.0	0.0	0.0
0.0	2.0	0.0	0.0	0.0	0.0
0.0	6.0	0.0	0.0	2.0	0.0
0.0	6.0	0.0	0.0	0.0	0.0
0.0	0.0	0.0	0.0	2.0	0.0
