# Sizes (NFeatures, Nclasses, NodeCount, MaxDepth)
14	4	127	12
# Classes
0.0	1.0	2.0	3.0
# Feature Names
Nrows	Ncols	Nnnz	AvgNnnz	Density	MaxRowNnnz	MinRowNnnz	StdRowNnnz	NDiags	NTrueDiags	AvgNnnzDia	AvgNnnzELL	AvgNnnzHyb	AvgNnnzHdc
# Left
1	2	3	4	-1	-1	-1	8	9	10	-1	12	13	-1	-1	-1	17	-1	-1	20	21	-1	23	-1	25	-1	-1	-1	29	30	31	32	33	34	-1	-1	-1	38	39	-1	-1	-1	43	-1	-1	46	47	48	-1	-1	51	52	-1	-1	-1	56	-1	58	59	60	61	62	-1	-1	-1	66	-1	-1	69	-1	71	-1	73	74	-1	76	-1	-1	-1	80	-1	82	-1	-1	85	-1	87	88	89	90	91	-1	93	94	-1	-1	97	98	-1	-1	-1	-1	103	-1	-1	106	107	108	109	-1	-1	112	-1	114	-1	-1	-1	118	119	120	-1	122	-1	-1	-1	-1	-1
# Right
28	7	6	5	-1	-1	-1	19	16	11	-1	15	14	-1	-1	-1	18	-1	-1	27	22	-1	24	-1	26	-1	-1	-1	84	45	42	37	36	35	-1	-1	-1	41	40	-1	-1	-1	44	-1	-1	55	50	49	-1	-1	54	53	-1	-1	-1	57	-1	79	68	65	64	63	-1	-1	-1	67	-1	-1	70	-1	72	-1	78	75	-1	77	-1	-1	-1	81	-1	83	-1	-1	86	-1	126	105	102	101	92	-1	96	95	-1	-1	100	99	-1	-1	-1	-1	104	-1	-1	117	116	111	110	-1	-1	113	-1	115	-1	-1	-1	125	124	121	-1	123	-1	-1	-1	-1	-1
# Threshold
2.505239963531494	1.2987074910597585e-05	75809648.0	2.4074050188064575	-2.0	-2.0	-2.0	1.1222149729728699	0.01658305013552308	0.5203079879283905	-2.0	0.6175849735736847	0.0012976081925444305	-2.0	-2.0	-2.0	3.5	-2.0	-2.0	2.4732799530029297	1.6759549975395203	-2.0	0.6610909998416901	-2.0	419.0	-2.0	-2.0	-2.0	0.5	5.0373148918151855	4.646615028381348	0.5	0.8289259970188141	0.5460945069789886	-2.0	-2.0	-2.0	0.932052493095398	3.5	-2.0	-2.0	-2.0	0.8757799863815308	-2.0	-2.0	1509.5	783.5	1.4167200326919556	-2.0	-2.0	1.7906799912452698	0.5	-2.0	-2.0	-2.0	0.33337700366973877	-2.0	0.05252324976027012	0.8262480199337006	0.4562930017709732	0.33691050112247467	497.322998046875	-2.0	-2.0	-2.0	0.4789239913225174	-2.0	-2.0	0.02059745043516159	-2.0	5.0173848649137653e-05	-2.0	0.010728219989687204	0.9367980062961578	-2.0	0.34387949109077454	-2.0	-2.0	-2.0	1.6872700452804565	-2.0	1.69697505235672	-2.0	-2.0	2.705940008163452	-2.0	1183.5549926757812	3.95571506023407	36.73150062561035	3.9444650411605835	376.0	-2.0	1673.5	2.0	-2.0	-2.0	2.8657349348068237	2.869684934616089	-2.0	-2.0	-2.0	-2.0	0.0003834094413832645	-2.0	-2.0	2.5395649572601542e-05	2.474859957146691e-05	5.5	0.6231719851493835	-2.0	-2.0	2.1851749806955922e-05	-2.0	31.38106071949005	-2.0	-2.0	-2.0	6.094130039215088	6.065624952316284	5.988159894943237	-2.0	1.6162500381469727	-2.0	-2.0	-2.0	-2.0	-2.0
# Feature
3	10	8	3	-2	-2	-2	12	4	13	-2	13	4	-2	-2	-2	8	-2	-2	3	3	-2	7	-2	1	-2	-2	-2	9	3	3	6	12	12	-2	-2	-2	13	5	-2	-2	-2	12	-2	-2	0	0	12	-2	-2	12	6	-2	-2	-2	13	-2	11	12	13	13	7	-2	-2	-2	13	-2	-2	11	-2	4	-2	10	12	-2	13	-2	-2	-2	12	-2	12	-2	-2	3	-2	3	3	7	3	8	-2	1	9	-2	-2	3	12	-2	-2	-2	-2	11	-2	-2	4	4	5	13	-2	-2	4	-2	7	-2	-2	-2	3	3	3	-2	12	-2	-2	-2	-2	-2
# Values
119.0	1511.0	0.0	54.0
47.0	26.0	0.0	6.0
1.0	13.0	0.0	2.0
1.0	13.0	0.0	0.0
0.0	13.0	0.0	0.0
1.0	0.0	0.0	0.0
0.0	0.0	0.0	2.0
46.0	13.0	0.0	4.0
33.0	1.0	0.0	4.0
31.0	1.0	0.0	1.0
28.0	0.0	0.0	0.0
3.0	1.0	0.0	1.0
0.0	1.0	0.0	1.0
0.0	0.0	0.0	1.0
0.0	1.0	0.0	0.0
3.0	0.0	0.0	0.0
2.0	0.0	0.0	3.0
2.0	0.0	0.0	0.0
0.0	0.0	0.0	3.0
13.0	12.0	0.0	0.0
4.0	12.0	0.0	0.0
3.0	0.0	0.0	0.0
1.0	12.0	0.0	0.0
0.0	10.0	0.0	0.0
1.0	2.0	0.0	0.0
0.0	2.0	0.0	0.0
1.0	0.0	0.0	0.0
9.0	0.0	0.0	0.0
72.0	1485.0	0.0	48.0
54.0	203.0	0.0	42.0
54.0	49.0	0.0	0.0
10.0	47.0	0.0	0.0
7.0	5.0	0.0	0.0
1.0	5.0	0.0	0.0
1.0	0.0	0.0	0.0
0.0	5.0	0.0	0.0
6.0	0.0	0.0	0.0
3.0	42.0	0.0	0.0
1.0	42.0	0.0	0.0
1.0	0.0	0.0	0.0
0.0	42.0	0.0	0.0
2.0	0.0	0.0	0.0
44.0	2.0	0.0	0.0
0.0	2.0	0.0	0.0
44.0	0.0	0.0	0.0
0.0	154.0	0.0	42.0
0.0	26.0	0.0	28.0
0.0	19.0	0.0	1.0
0.0	19.0	0.0	0.0
0.0	0.0	0.0	1.0
0.0	7.0	0.0	27.0
0.0	2.0	0.0	27.0
0.0	2.0	0.0	0.0
0.0	0.0	0.0	27.0
0.0	5.0	0.0	0.0
0.0	128.0	0.0	14.0
0.0	0.0	0.0	3.0
0.0	128.0	0.0	11.0
0.0	52.0	0.0	10.0
0.0	37.0	0.0	3.0
0.0	33.0	0.0	1.0
0.0	6.0	0.0	1.0
0.0	0.0	0.0	1.0
0.0	6.0	0.0	0.0
0.0	27.0	0.0	0.0
0.0	4.0	0.0	2.0
0.0	0.0	0.0	2.0
0.0	4.0	0.0	0.0
0.0	15.0	0.0	7.0
0.0	0.0	0.0	4.0
0.0	15.0	0.0	3.0
0.0	0.0	0.0	1.0
0.0	15.0	0.0	2.0
0.0	15.0	0.0	1.0
0.0	13.0	0.0	0.0
0.0	2.0	0.0	1.0
0.0	0.0	0.0	1.0
0.0	2.0	0.0	0.0
0.0	0.0	0.0	1.0
0.0	76.0	0.0	1.0
0.0	73.0	0.0	0.0
0.0	3.0	0.0	1.0
0.0	0.0	0.0	1.0
0.0	3.0	0.0	0.0
18.0	1282.0	0.0	6.0
3.0	0.0	0.0	0.0
15.0	1282.0	0.0	6.0
15.0	1282.0	0.0	5.0
11.0	130.0	0.0	0.0
8.0	129.0	0.0	0.0
6.0	129.0	0.0	0.0
0.0	85.0	0.0	0.0
6.0	44.0	0.0	0.0
5.0	2.0	0.0	0.0
0.0	2.0	0.0	0.0
5.0	0.0	0.0	0.0
1.0	42.0	0.0	0.0
1.0	1.0	0.0	0.0
0.0	1.0	0.0	0.0
1.0	0.0	0.0	0.0
0.0	41.0	0.0	0.0
2.0	0.0	0.0	0.0
3.0	1.0	0.0	0.0
0.0	1.0	0.0	0.0
3.0	0.0	0.0	0.0
4.0	1152.0	0.0	5.0
2.0	59.0	0.0	4.0
2.0	59.0	0.0	2.0
0.0	1.0	0.0	2.0
0.0	1.0	0.0	0.0
0.0	0.0	0.0	2.0
2.0	58.0	0.0	0.0
0.0	56.0	0.0	0.0
2.0	2.0	0.0	0.0
2.0	0.0	0.0	0.0
0.0	2.0	0.0	0.0
0.0	0.0	0.0	2.0
2.0	1093.0	0.0	1.0
2.0	182.0	0.0	1.0
2.0	182.0	0.0	0.0
0.0	178.0	0.0	0.0
2.0	4.0	0.0	0.0
0.0	4.0	0.0	0.0
2.0	0.0	0.0	0.0
0.0	0.0	0.0	1.0
0.0	911.0	0.0	0.0
0.0	0.0	0.0	1.0
