# Sizes (NFeatures, Nclasses, NodeCount, MaxDepth)
14	4	109	9
# Classes
0.0	1.0	2.0	3.0
# Feature Names
Nrows	Ncols	Nnnz	AvgNnnz	Density	MaxRowNnnz	MinRowNnnz	StdRowNnnz	NDiags	NTrueDiags	AvgNnnzDia	AvgNnnzELL	AvgNnnzHyb	AvgNnnzHdc
# Left
1	2	3	4	5	6	-1	8	9	-1	-1	-1	13	14	15	-1	-1	-1	-1	20	21	-1	-1	-1	25	-1	27	28	29	30	31	-1	-1	-1	-1	-1	-1	38	39	-1	41	-1	43	44	45	-1	-1	48	-1	50	-1	-1	-1	54	55	56	-1	58	59	-1	-1	-1	-1	64	65	-1	67	-1	-1	70	71	72	-1	-1	75	-1	77	-1	-1	-1	81	82	83	84	-1	86	87	-1	-1	-1	91	-1	93	-1	-1	-1	97	98	99	-1	-1	-1	103	-1	105	106	-1	-1	-1
# Right
80	37	24	19	12	7	-1	11	10	-1	-1	-1	18	17	16	-1	-1	-1	-1	23	22	-1	-1	-1	26	-1	36	35	34	33	32	-1	-1	-1	-1	-1	-1	53	40	-1	42	-1	52	47	46	-1	-1	49	-1	51	-1	-1	-1	63	62	57	-1	61	60	-1	-1	-1	-1	69	66	-1	68	-1	-1	79	74	73	-1	-1	76	-1	78	-1	-1	-1	96	95	90	85	-1	89	88	-1	-1	-1	92	-1	94	-1	-1	-1	102	101	100	-1	-1	-1	104	-1	108	107	-1	-1	-1
# Threshold
1.5	5.0373148918151855	0.0007000985206104815	0.3978220075368881	5.125360012054443	176730.0	-2.0	0.8334839940071106	112885200.0	-2.0	-2.0	-2.0	0.5	176700.5	8025.0	-2.0	-2.0	-2.0	-2.0	62445.0	0.7740029990673065	-2.0	-2.0	-2.0	1.5	-2.0	2.5	4.969835042953491	1.8553699851036072	1.032069981098175	0.8839515149593353	-2.0	-2.0	-2.0	-2.0	-2.0	-2.0	0.0058907498605549335	59642.5	-2.0	63974.5	-2.0	0.0011642149765975773	1.3563149877882097e-05	1.1586799701035488e-05	-2.0	-2.0	0.00014283850032370538	-2.0	0.0001484950043959543	-2.0	-2.0	-2.0	0.008413900155574083	1.535420000553131	650.0	-2.0	0.3336309939622879	122879.0	-2.0	-2.0	-2.0	-2.0	4.590714931488037	2.5635299682617188	-2.0	23824.0	-2.0	-2.0	0.058888599276542664	0.33417800068855286	13.5	-2.0	-2.0	0.6898199915885925	-2.0	67.5	-2.0	-2.0	-2.0	2.8672900199890137	0.48825350403785706	1105.0	0.3310389965772629	-2.0	10.0	0.8571430146694183	-2.0	-2.0	-2.0	1.8555600047111511	-2.0	3944.0	-2.0	-2.0	-2.0	82798.5	3.7366750240325928	3.659359931945801	-2.0	-2.0	-2.0	86285.5	-2.0	1594095.0	294483.5	-2.0	-2.0	-2.0
# Feature
9	3	4	11	7	8	-2	13	1	-2	-2	-2	6	0	8	-2	-2	-2	-2	2	13	-2	-2	-2	5	-2	6	3	3	12	12	-2	-2	-2	-2	-2	-2	4	8	-2	8	-2	4	10	10	-2	-2	4	-2	4	-2	-2	-2	10	12	1	-2	13	1	-2	-2	-2	-2	7	7	-2	2	-2	-2	10	13	6	-2	-2	11	-2	5	-2	-2	-2	3	13	1	13	-2	8	11	-2	-2	-2	3	-2	2	-2	-2	-2	8	3	3	-2	-2	-2	8	-2	2	8	-2	-2	-2
# Values
121.0	1519.0	1.0	43.0
101.0	308.0	0.0	42.0
101.0	75.0	0.0	2.0
85.0	26.0	0.0	1.0
81.0	11.0	0.0	1.0
71.0	2.0	0.0	0.0
67.0	0.0	0.0	0.0
4.0	2.0	0.0	0.0
1.0	2.0	0.0	0.0
0.0	2.0	0.0	0.0
1.0	0.0	0.0	0.0
3.0	0.0	0.0	0.0
10.0	9.0	0.0	1.0
10.0	2.0	0.0	1.0
10.0	0.0	0.0	1.0
0.0	0.0	0.0	1.0
10.0	0.0	0.0	0.0
0.0	2.0	0.0	0.0
0.0	7.0	0.0	0.0
4.0	15.0	0.0	0.0
4.0	1.0	0.0	0.0
4.0	0.0	0.0	0.0
0.0	1.0	0.0	0.0
0.0	14.0	0.0	0.0
16.0	49.0	0.0	1.0
12.0	0.0	0.0	0.0
4.0	49.0	0.0	1.0
3.0	49.0	0.0	1.0
2.0	49.0	0.0	1.0
2.0	4.0	0.0	1.0
0.0	4.0	0.0	1.0
0.0	0.0	0.0	1.0
0.0	4.0	0.0	0.0
2.0	0.0	0.0	0.0
0.0	45.0	0.0	0.0
1.0	0.0	0.0	0.0
1.0	0.0	0.0	0.0
0.0	233.0	0.0	40.0
0.0	184.0	0.0	5.0
0.0	127.0	0.0	0.0
0.0	57.0	0.0	5.0
0.0	0.0	0.0	2.0
0.0	57.0	0.0	3.0
0.0	57.0	0.0	2.0
0.0	5.0	0.0	1.0
0.0	5.0	0.0	0.0
0.0	0.0	0.0	1.0
0.0	52.0	0.0	1.0
0.0	38.0	0.0	0.0
0.0	14.0	0.0	1.0
0.0	0.0	0.0	1.0
0.0	14.0	0.0	0.0
0.0	0.0	0.0	1.0
0.0	49.0	0.0	35.0
0.0	15.0	0.0	27.0
0.0	6.0	0.0	27.0
0.0	4.0	0.0	0.0
0.0	2.0	0.0	27.0
0.0	2.0	0.0	1.0
0.0	2.0	0.0	0.0
0.0	0.0	0.0	1.0
0.0	0.0	0.0	26.0
0.0	9.0	0.0	0.0
0.0	34.0	0.0	8.0
0.0	4.0	0.0	5.0
0.0	3.0	0.0	0.0
0.0	1.0	0.0	5.0
0.0	0.0	0.0	5.0
0.0	1.0	0.0	0.0
0.0	30.0	0.0	3.0
0.0	30.0	0.0	2.0
0.0	2.0	0.0	1.0
0.0	0.0	0.0	1.0
0.0	2.0	0.0	0.0
0.0	28.0	0.0	1.0
0.0	25.0	0.0	0.0
0.0	3.0	0.0	1.0
0.0	2.0	0.0	0.0
0.0	1.0	0.0	1.0
0.0	0.0	0.0	1.0
20.0	1211.0	1.0	1.0
18.0	20.0	1.0	0.0
10.0	20.0	1.0	0.0
8.0	3.0	1.0	0.0
0.0	2.0	0.0	0.0
8.0	1.0	1.0	0.0
0.0	1.0	1.0	0.0
0.0	1.0	0.0	0.0
0.0	0.0	1.0	0.0
8.0	0.0	0.0	0.0
2.0	17.0	0.0	0.0
1.0	0.0	0.0	0.0
1.0	17.0	0.0	0.0
1.0	2.0	0.0	0.0
0.0	15.0	0.0	0.0
8.0	0.0	0.0	0.0
2.0	1191.0	0.0	1.0
1.0	1087.0	0.0	0.0
1.0	79.0	0.0	0.0
0.0	79.0	0.0	0.0
1.0	0.0	0.0	0.0
0.0	1008.0	0.0	0.0
1.0	104.0	0.0	1.0
0.0	0.0	0.0	1.0
1.0	104.0	0.0	0.0
1.0	13.0	0.0	0.0
0.0	13.0	0.0	0.0
1.0	0.0	0.0	0.0
0.0	91.0	0.0	0.0
