# Sizes (NFeatures, Nclasses, NodeCount, MaxDepth)
14	4	155	12
# Classes
0.0	1.0	2.0	3.0
# Feature Names
Nrows	Ncols	Nnnz	AvgNnnz	Density	MaxRowNnnz	MinRowNnnz	StdRowNnnz	NDiags	NTrueDiags	AvgNnnzDia	AvgNnnzELL	AvgNnnzHyb	AvgNnnzHdc
# Left
1	2	3	4	5	6	7	-1	-1	-1	11	12	13	-1	-1	-1	-1	18	19	-1	-1	22	-1	-1	25	26	-1	-1	29	-1	-1	32	33	34	-1	-1	37	38	39	40	-1	-1	-1	44	45	46	47	-1	49	-1	-1	52	-1	54	55	-1	-1	-1	-1	60	61	-1	-1	-1	-1	66	-1	68	69	70	-1	-1	-1	74	75	-1	-1	78	-1	80	-1	-1	83	84	85	86	-1	88	-1	90	-1	-1	93	94	95	-1	97	-1	-1	100	-1	-1	103	104	-1	-1	-1	108	-1	-1	111	112	113	114	115	116	-1	118	-1	120	-1	122	-1	-1	-1	-1	127	-1	129	-1	-1	132	133	-1	-1	136	-1	-1	139	140	141	142	-1	144	-1	-1	147	-1	-1	150	-1	-1	153	-1	-1
# Right
82	31	24	17	10	9	8	-1	-1	-1	16	15	14	-1	-1	-1	-1	21	20	-1	-1	23	-1	-1	28	27	-1	-1	30	-1	-1	65	36	35	-1	-1	64	43	42	41	-1	-1	-1	59	58	51	48	-1	50	-1	-1	53	-1	57	56	-1	-1	-1	-1	63	62	-1	-1	-1	-1	67	-1	73	72	71	-1	-1	-1	77	76	-1	-1	79	-1	81	-1	-1	110	107	92	87	-1	89	-1	91	-1	-1	102	99	96	-1	98	-1	-1	101	-1	-1	106	105	-1	-1	-1	109	-1	-1	138	131	126	125	124	117	-1	119	-1	121	-1	123	-1	-1	-1	-1	128	-1	130	-1	-1	135	134	-1	-1	137	-1	-1	152	149	146	143	-1	145	-1	-1	148	-1	-1	151	-1	-1	154	-1	-1
# Threshold
0.5	5.0373148918151855	0.7051935195922852	0.1395760029554367	5.895884990692139	2.435934901237488	2.882659912109375	-2.0	-2.0	-2.0	0.4204780012369156	3.8243799209594727	8668.0	-2.0	-2.0	-2.0	-2.0	1.7247399687767029	0.013826549984514713	-2.0	-2.0	4.855309963226318	-2.0	-2.0	2.75151496680337e-05	0.15130259841680527	-2.0	-2.0	0.5050404965877533	-2.0	-2.0	0.3510984927415848	21768.0	1.7017050385475159	-2.0	-2.0	267652008.0	6.65301513671875	0.005243969848379493	0.002939792932011187	-2.0	-2.0	-2.0	0.3046569973230362	0.05252324976027012	0.8940194845199585	41238.0	-2.0	547.3569946289062	-2.0	-2.0	11.782000064849854	-2.0	16.009000301361084	11.80649995803833	-2.0	-2.0	-2.0	-2.0	1.796774983406067	15.0	-2.0	-2.0	-2.0	-2.0	5.102230072021484	-2.0	0.7279844880104065	20.721099853515625	7.517829895019531	-2.0	-2.0	-2.0	0.36748500168323517	1319044.5	-2.0	-2.0	26.320000648498535	-2.0	21.765600204467773	-2.0	-2.0	2.8657349348068237	0.48825350403785706	2.0931899547576904	0.0037888045771978796	-2.0	1.136110007762909	-2.0	1.636110007762909	-2.0	-2.0	1605.0	1.4903700351715088	7.5	-2.0	0.6610909998416901	-2.0	-2.0	66.5	-2.0	-2.0	9.253544703824446e-07	31230400.0	-2.0	-2.0	-2.0	0.5754474997520447	-2.0	-2.0	6.10121488571167	5.988159894943237	0.6169329881668091	3.773300051689148	3.760609984397888	3.5997649431228638	-2.0	3.621269941329956	-2.0	4525.0	-2.0	3859.0	-2.0	-2.0	-2.0	-2.0	0.5274820178747177	-2.0	551263.5	-2.0	-2.0	5.9998250007629395	3.0	-2.0	-2.0	6.076905012130737	-2.0	-2.0	598.9020080566406	800693.5	0.7971030175685883	73.24015045166016	-2.0	73.39590072631836	-2.0	-2.0	335.0	-2.0	-2.0	856767.5	-2.0	-2.0	33692.0	-2.0	-2.0
# Feature
9	3	13	11	7	3	7	-2	-2	-2	13	3	8	-2	-2	-2	-2	3	4	-2	-2	3	-2	-2	10	11	-2	-2	11	-2	-2	13	2	12	-2	-2	2	7	10	10	-2	-2	-2	11	11	12	5	-2	7	-2	-2	3	-2	7	3	-2	-2	-2	-2	12	6	-2	-2	-2	-2	3	-2	12	7	3	-2	-2	-2	13	2	-2	-2	7	-2	3	-2	-2	3	13	3	4	-2	3	-2	3	-2	-2	0	12	5	-2	7	-2	-2	8	-2	-2	10	1	-2	-2	-2	13	-2	-2	3	3	13	3	3	3	-2	3	-2	2	-2	8	-2	-2	-2	-2	11	-2	0	-2	-2	3	9	-2	-2	3	-2	-2	3	8	13	3	-2	3	-2	-2	8	-2	-2	8	-2	-2	1	-2	-2
# Values
125.0	1502.0	2.0	55.0
81.0	187.0	0.0	45.0
81.0	48.0	0.0	4.0
20.0	44.0	0.0	4.0
15.0	13.0	0.0	4.0
13.0	0.0	0.0	3.0
2.0	0.0	0.0	3.0
2.0	0.0	0.0	0.0
0.0	0.0	0.0	3.0
11.0	0.0	0.0	0.0
2.0	13.0	0.0	1.0
2.0	2.0	0.0	1.0
2.0	0.0	0.0	1.0
0.0	0.0	0.0	1.0
2.0	0.0	0.0	0.0
0.0	2.0	0.0	0.0
0.0	11.0	0.0	0.0
5.0	31.0	0.0	0.0
3.0	1.0	0.0	0.0
0.0	1.0	0.0	0.0
3.0	0.0	0.0	0.0
2.0	30.0	0.0	0.0
0.0	30.0	0.0	0.0
2.0	0.0	0.0	0.0
61.0	4.0	0.0	0.0
2.0	3.0	0.0	0.0
0.0	3.0	0.0	0.0
2.0	0.0	0.0	0.0
59.0	1.0	0.0	0.0
59.0	0.0	0.0	0.0
0.0	1.0	0.0	0.0
0.0	139.0	0.0	41.0
0.0	42.0	0.0	33.0
0.0	1.0	0.0	17.0
0.0	0.0	0.0	17.0
0.0	1.0	0.0	0.0
0.0	41.0	0.0	16.0
0.0	41.0	0.0	13.0
0.0	17.0	0.0	1.0
0.0	4.0	0.0	1.0
0.0	4.0	0.0	0.0
0.0	0.0	0.0	1.0
0.0	13.0	0.0	0.0
0.0	24.0	0.0	12.0
0.0	22.0	0.0	7.0
0.0	11.0	0.0	7.0
0.0	9.0	0.0	1.0
0.0	8.0	0.0	0.0
0.0	1.0	0.0	1.0
0.0	0.0	0.0	1.0
0.0	1.0	0.0	0.0
0.0	2.0	0.0	6.0
0.0	1.0	0.0	0.0
0.0	1.0	0.0	6.0
0.0	1.0	0.0	2.0
0.0	0.0	0.0	2.0
0.0	1.0	0.0	0.0
0.0	0.0	0.0	4.0
0.0	11.0	0.0	0.0
0.0	2.0	0.0	5.0
0.0	1.0	0.0	5.0
0.0	0.0	0.0	3.0
0.0	1.0	0.0	2.0
0.0	1.0	0.0	0.0
0.0	0.0	0.0	3.0
0.0	97.0	0.0	8.0
0.0	0.0	0.0	2.0
0.0	97.0	0.0	6.0
0.0	18.0	0.0	4.0
0.0	1.0	0.0	4.0
0.0	0.0	0.0	4.0
0.0	1.0	0.0	0.0
0.0	17.0	0.0	0.0
0.0	79.0	0.0	2.0
0.0	2.0	0.0	1.0
0.0	2.0	0.0	0.0
0.0	0.0	0.0	1.0
0.0	77.0	0.0	1.0
0.0	68.0	0.0	0.0
0.0	9.0	0.0	1.0
0.0	1.0	0.0	1.0
0.0	8.0	0.0	0.0
44.0	1315.0	2.0	10.0
31.0	27.0	2.0	4.0
13.0	25.0	2.0	4.0
5.0	1.0	2.0	1.0
5.0	0.0	0.0	0.0
0.0	1.0	2.0	1.0
0.0	0.0	2.0	0.0
0.0	1.0	0.0	1.0
0.0	1.0	0.0	0.0
0.0	0.0	0.0	1.0
8.0	24.0	0.0	3.0
8.0	8.0	0.0	0.0
2.0	7.0	0.0	0.0
0.0	3.0	0.0	0.0
2.0	4.0	0.0	0.0
1.0	2.0	0.0	0.0
1.0	2.0	0.0	0.0
6.0	1.0	0.0	0.0
0.0	1.0	0.0	0.0
6.0	0.0	0.0	0.0
0.0	16.0	0.0	3.0
0.0	2.0	0.0	3.0
0.0	0.0	0.0	3.0
0.0	2.0	0.0	0.0
0.0	14.0	0.0	0.0
18.0	2.0	0.0	0.0
18.0	0.0	0.0	0.0
0.0	2.0	0.0	0.0
13.0	1288.0	0.0	6.0
13.0	322.0	0.0	2.0
6.0	308.0	0.0	1.0
4.0	295.0	0.0	0.0
4.0	110.0	0.0	0.0
3.0	110.0	0.0	0.0
0.0	95.0	0.0	0.0
3.0	15.0	0.0	0.0
1.0	0.0	0.0	0.0
2.0	15.0	0.0	0.0
0.0	10.0	0.0	0.0
2.0	5.0	0.0	0.0
2.0	0.0	0.0	0.0
0.0	5.0	0.0	0.0
1.0	0.0	0.0	0.0
0.0	185.0	0.0	0.0
2.0	13.0	0.0	1.0
2.0	0.0	0.0	0.0
0.0	13.0	0.0	1.0
0.0	13.0	0.0	0.0
0.0	0.0	0.0	1.0
7.0	14.0	0.0	1.0
7.0	2.0	0.0	0.0
0.0	2.0	0.0	0.0
7.0	0.0	0.0	0.0
0.0	12.0	0.0	1.0
0.0	12.0	0.0	0.0
0.0	0.0	0.0	1.0
0.0	966.0	0.0	4.0
0.0	964.0	0.0	3.0
0.0	949.0	0.0	2.0
0.0	928.0	0.0	1.0
0.0	866.0	0.0	0.0
0.0	62.0	0.0	1.0
0.0	0.0	0.0	1.0
0.0	62.0	0.0	0.0
0.0	21.0	0.0	1.0
0.0	0.0	0.0	1.0
0.0	21.0	0.0	0.0
0.0	15.0	0.0	1.0
0.0	0.0	0.0	1.0
0.0	15.0	0.0	0.0
0.0	2.0	0.0	1.0
0.0	2.0	0.0	0.0
0.0	0.0	0.0	1.0
