# Sizes (NFeatures, Nclasses, NodeCount, MaxDepth)
14	4	123	10
# Classes
0.0	1.0	2.0	3.0
# Feature Names
Nrows	Ncols	Nnnz	AvgNnnz	Density	MaxRowNnnz	MinRowNnnz	StdRowNnnz	NDiags	NTrueDiags	AvgNnnzDia	AvgNnnzELL	AvgNnnzHyb	AvgNnnzHdc
# Left
1	2	3	4	-1	6	7	8	9	10	-1	-1	13	-1	15	-1	-1	-1	19	20	21	-1	-1	-1	25	-1	27	-1	-1	30	-1	-1	33	34	-1	-1	37	38	-1	-1	-1	42	43	44	45	-1	47	-1	49	-1	-1	52	53	54	-1	-1	-1	58	-1	60	-1	-1	63	64	65	-1	-1	68	69	70	71	-1	-1	-1	75	-1	-1	78	-1	80	81	-1	-1	-1	85	86	-1	-1	-1	-1	91	92	93	-1	-1	96	97	98	-1	-1	101	-1	-1	-1	105	106	107	-1	-1	110	111	-1	113	-1	-1	-1	117	118	119	-1	-1	-1	-1
# Right
90	41	32	5	-1	29	18	17	12	11	-1	-1	14	-1	16	-1	-1	-1	24	23	22	-1	-1	-1	26	-1	28	-1	-1	31	-1	-1	36	35	-1	-1	40	39	-1	-1	-1	89	62	51	46	-1	48	-1	50	-1	-1	57	56	55	-1	-1	-1	59	-1	61	-1	-1	84	67	66	-1	-1	77	74	73	72	-1	-1	-1	76	-1	-1	79	-1	83	82	-1	-1	-1	88	87	-1	-1	-1	-1	104	95	94	-1	-1	103	100	99	-1	-1	102	-1	-1	-1	116	109	108	-1	-1	115	112	-1	114	-1	-1	-1	122	121	120	-1	-1	-1	-1
# Threshold
1.5	5.055185079574585	0.6588779985904694	36.5	-2.0	4.8119001388549805	51.5	0.6272159814834595	218.0	0.26410099118947983	-2.0	-2.0	1.4001049995422363	-2.0	1.5790599584579468	-2.0	-2.0	-2.0	0.8359360098838806	0.4209495037794113	4.146284818649292	-2.0	-2.0	-2.0	0.8375524878501892	-2.0	0.928627997636795	-2.0	-2.0	203.5	-2.0	-2.0	8.5	0.6918365061283112	-2.0	-2.0	2.75151496680337e-05	1.358549255314756e-05	-2.0	-2.0	-2.0	1227.3150024414062	1796.5	3.5	0.005077035166323185	-2.0	1147.0	-2.0	0.008531069848686457	-2.0	-2.0	0.3392745107412338	69.5	28.5	-2.0	-2.0	-2.0	19.5	-2.0	1.7017050385475159	-2.0	-2.0	0.04477265104651451	14.063750267028809	23551.0	-2.0	-2.0	21.296250343322754	19.32390022277832	0.3562079966068268	575.0	-2.0	-2.0	-2.0	0.5111889988183975	-2.0	-2.0	501760.5	-2.0	977884.0	0.5	-2.0	-2.0	-2.0	0.9365895092487335	0.34168000519275665	-2.0	-2.0	-2.0	-2.0	2.8091150522232056	23.5	1.5	-2.0	-2.0	0.4981824904680252	3944.0	0.6610909998416901	-2.0	-2.0	1.8555600047111511	-2.0	-2.0	-2.0	0.0011951999622397125	33120.0	0.36978699266910553	-2.0	-2.0	4.578860171022825e-05	1600530.0	-2.0	4.214825094095431e-05	-2.0	-2.0	-2.0	4.5	0.012103785295039415	2.8760550022125244	-2.0	-2.0	-2.0	-2.0
# Feature
9	3	13	8	-2	3	5	13	2	11	-2	-2	12	-2	7	-2	-2	-2	12	13	3	-2	-2	-2	12	-2	12	-2	-2	5	-2	-2	5	13	-2	-2	10	10	-2	-2	-2	7	1	6	10	-2	8	-2	4	-2	-2	13	5	6	-2	-2	-2	5	-2	12	-2	-2	11	7	2	-2	-2	7	7	13	5	-2	-2	-2	13	-2	-2	8	-2	1	6	-2	-2	-2	12	11	-2	-2	-2	-2	3	2	5	-2	-2	13	2	7	-2	-2	3	-2	-2	-2	10	2	13	-2	-2	10	2	-2	10	-2	-2	-2	5	10	12	-2	-2	-2	-2
# Values
120.0	1526.0	2.0	36.0
103.0	300.0	0.0	33.0
103.0	84.0	0.0	5.0
43.0	77.0	0.0	5.0
19.0	0.0	0.0	0.0
24.0	77.0	0.0	5.0
17.0	76.0	0.0	5.0
3.0	51.0	0.0	1.0
3.0	51.0	0.0	0.0
2.0	4.0	0.0	0.0
2.0	0.0	0.0	0.0
0.0	4.0	0.0	0.0
1.0	47.0	0.0	0.0
0.0	39.0	0.0	0.0
1.0	8.0	0.0	0.0
0.0	8.0	0.0	0.0
1.0	0.0	0.0	0.0
0.0	0.0	0.0	1.0
14.0	25.0	0.0	4.0
3.0	24.0	0.0	0.0
3.0	2.0	0.0	0.0
3.0	0.0	0.0	0.0
0.0	2.0	0.0	0.0
0.0	22.0	0.0	0.0
11.0	1.0	0.0	4.0
0.0	0.0	0.0	4.0
11.0	1.0	0.0	0.0
11.0	0.0	0.0	0.0
0.0	1.0	0.0	0.0
7.0	1.0	0.0	0.0
7.0	0.0	0.0	0.0
0.0	1.0	0.0	0.0
60.0	7.0	0.0	0.0
1.0	6.0	0.0	0.0
1.0	0.0	0.0	0.0
0.0	6.0	0.0	0.0
59.0	1.0	0.0	0.0
2.0	1.0	0.0	0.0
2.0	0.0	0.0	0.0
0.0	1.0	0.0	0.0
57.0	0.0	0.0	0.0
0.0	216.0	0.0	28.0
0.0	216.0	0.0	25.0
0.0	37.0	0.0	13.0
0.0	28.0	0.0	2.0
0.0	0.0	0.0	1.0
0.0	28.0	0.0	1.0
0.0	26.0	0.0	0.0
0.0	2.0	0.0	1.0
0.0	0.0	0.0	1.0
0.0	2.0	0.0	0.0
0.0	9.0	0.0	11.0
0.0	7.0	0.0	1.0
0.0	1.0	0.0	1.0
0.0	1.0	0.0	0.0
0.0	0.0	0.0	1.0
0.0	6.0	0.0	0.0
0.0	2.0	0.0	10.0
0.0	1.0	0.0	0.0
0.0	1.0	0.0	10.0
0.0	0.0	0.0	10.0
0.0	1.0	0.0	0.0
0.0	179.0	0.0	12.0
0.0	79.0	0.0	11.0
0.0	1.0	0.0	4.0
0.0	1.0	0.0	0.0
0.0	0.0	0.0	4.0
0.0	78.0	0.0	7.0
0.0	14.0	0.0	4.0
0.0	13.0	0.0	1.0
0.0	2.0	0.0	1.0
0.0	2.0	0.0	0.0
0.0	0.0	0.0	1.0
0.0	11.0	0.0	0.0
0.0	1.0	0.0	3.0
0.0	0.0	0.0	3.0
0.0	1.0	0.0	0.0
0.0	64.0	0.0	3.0
0.0	48.0	0.0	0.0
0.0	16.0	0.0	3.0
0.0	2.0	0.0	3.0
0.0	0.0	0.0	3.0
0.0	2.0	0.0	0.0
0.0	14.0	0.0	0.0
0.0	100.0	0.0	1.0
0.0	14.0	0.0	1.0
0.0	14.0	0.0	0.0
0.0	0.0	0.0	1.0
0.0	86.0	0.0	0.0
0.0	0.0	0.0	3.0
17.0	1226.0	2.0	3.0
10.0	12.0	2.0	2.0
0.0	0.0	2.0	2.0
0.0	0.0	2.0	0.0
0.0	0.0	0.0	2.0
10.0	12.0	0.0	0.0
6.0	12.0	0.0	0.0
5.0	2.0	0.0	0.0
4.0	0.0	0.0	0.0
1.0	2.0	0.0	0.0
1.0	10.0	0.0	0.0
1.0	0.0	0.0	0.0
0.0	10.0	0.0	0.0
4.0	0.0	0.0	0.0
7.0	1214.0	0.0	1.0
6.0	255.0	0.0	1.0
4.0	2.0	0.0	0.0
4.0	0.0	0.0	0.0
0.0	2.0	0.0	0.0
2.0	253.0	0.0	1.0
2.0	52.0	0.0	1.0
2.0	0.0	0.0	0.0
0.0	52.0	0.0	1.0
0.0	52.0	0.0	0.0
0.0	0.0	0.0	1.0
0.0	201.0	0.0	0.0
1.0	959.0	0.0	0.0
1.0	39.0	0.0	0.0
1.0	4.0	0.0	0.0
1.0	0.0	0.0	0.0
0.0	4.0	0.0	0.0
0.0	35.0	0.0	0.0
0.0	920.0	0.0	0.0
