# Sizes (NFeatures, Nclasses, NodeCount, MaxDepth)
14	4	135	14
# Classes
0.0	1.0	2.0	3.0
# Feature Names
Nrows	Ncols	Nnnz	AvgNnnz	Density	MaxRowNnnz	MinRowNnnz	StdRowNnnz	NDiags	NTrueDiags	AvgNnnzDia	AvgNnnzELL	AvgNnnzHyb	AvgNnnzHdc
# Left
1	2	3	4	5	6	7	-1	9	10	-1	-1	13	14	15	16	-1	-1	19	-1	21	-1	23	-1	-1	26	-1	28	-1	-1	31	-1	-1	34	-1	-1	37	38	-1	-1	-1	42	43	-1	-1	46	-1	48	-1	-1	51	52	-1	-1	-1	56	57	58	59	-1	61	-1	-1	64	-1	-1	-1	68	69	70	71	-1	73	-1	-1	76	-1	-1	-1	80	81	-1	-1	84	85	86	-1	88	-1	-1	-1	-1	93	94	95	96	-1	98	-1	-1	101	-1	103	-1	-1	-1	107	108	109	110	111	-1	-1	114	115	116	117	118	-1	-1	-1	122	-1	-1	125	-1	-1	-1	129	-1	-1	132	-1	-1	-1
# Right
92	55	50	41	36	33	8	-1	12	11	-1	-1	30	25	18	17	-1	-1	20	-1	22	-1	24	-1	-1	27	-1	29	-1	-1	32	-1	-1	35	-1	-1	40	39	-1	-1	-1	45	44	-1	-1	47	-1	49	-1	-1	54	53	-1	-1	-1	67	66	63	60	-1	62	-1	-1	65	-1	-1	-1	79	78	75	72	-1	74	-1	-1	77	-1	-1	-1	83	82	-1	-1	91	90	87	-1	89	-1	-1	-1	-1	106	105	100	97	-1	99	-1	-1	102	-1	104	-1	-1	-1	134	131	128	113	112	-1	-1	127	124	121	120	119	-1	-1	-1	123	-1	-1	126	-1	-1	-1	130	-1	-1	133	-1	-1	-1
# Threshold
1.5	5.049129962921143	6.444079875946045	1.5	4.50276517868042	3.428489923477173	1.136110007762909	-2.0	0.4187465012073517	42.5	-2.0	-2.0	0.3421500027179718	31623.5	0.836606502532959	6.093265056610107	-2.0	-2.0	76.5	-2.0	0.534204512834549	-2.0	990.5	-2.0	-2.0	1.0440750122070312	-2.0	2.4074050188064575	-2.0	-2.0	5.403510203905171e-05	-2.0	-2.0	0.07108569890260696	-2.0	-2.0	5.859459997736849e-05	4.931484937667847	-2.0	-2.0	-2.0	3.5	273.0	-2.0	-2.0	11330.5	-2.0	3.8664650917053223	-2.0	-2.0	0.41071750223636627	0.5	-2.0	-2.0	-2.0	0.0058907498605549335	0.03285284899175167	68.78625106811523	21.65329933166504	-2.0	21.733699798583984	-2.0	-2.0	69.65380096435547	-2.0	-2.0	-2.0	8.458775043487549	4.489879846572876	0.350272998213768	0.48862551152706146	-2.0	1894.0	-2.0	-2.0	0.006526984972879291	-2.0	-2.0	-2.0	16.672749519348145	0.5	-2.0	-2.0	1183.5549926757812	0.4454129934310913	2774305.0	-2.0	34398.5	-2.0	-2.0	-2.0	-2.0	2.7789649963378906	2.4710649251937866	0.28949400037527084	3.5	-2.0	11.5	-2.0	-2.0	2477755.0	-2.0	6623990.0	-2.0	-2.0	-2.0	5.9998250007629395	5.986310005187988	0.6231719851493835	0.5	3.929319977760315	-2.0	-2.0	3.654389977455139	3.5997649431228638	15.5	2.8876649141311646	0.9446515142917633	-2.0	-2.0	-2.0	2.2548900842666626	-2.0	-2.0	2.5	-2.0	-2.0	-2.0	0.6345579922199249	-2.0	-2.0	3.5	-2.0	-2.0	-2.0
# Feature
9	3	7	6	3	3	3	-2	13	5	-2	-2	11	8	12	7	-2	-2	8	-2	13	-2	8	-2	-2	12	-2	3	-2	-2	4	-2	-2	11	-2	-2	10	3	-2	-2	-2	5	2	-2	-2	1	-2	12	-2	-2	13	6	-2	-2	-2	4	10	3	3	-2	3	-2	-2	3	-2	-2	-2	7	7	13	11	-2	8	-2	-2	4	-2	-2	-2	7	9	-2	-2	3	13	2	-2	8	-2	-2	-2	-2	3	3	7	1	-2	1	-2	-2	8	-2	8	-2	-2	-2	3	3	13	6	3	-2	-2	3	3	5	3	11	-2	-2	-2	7	-2	-2	6	-2	-2	-2	13	-2	-2	6	-2	-2	-2
# Values
136.0	1486.0	2.0	60.0
115.0	296.0	0.0	54.0
115.0	79.0	0.0	6.0
113.0	53.0	0.0	6.0
111.0	38.0	0.0	6.0
56.0	34.0	0.0	6.0
55.0	17.0	0.0	6.0
26.0	0.0	0.0	0.0
29.0	17.0	0.0	6.0
0.0	4.0	0.0	3.0
0.0	4.0	0.0	0.0
0.0	0.0	0.0	3.0
29.0	13.0	0.0	3.0
28.0	8.0	0.0	3.0
26.0	5.0	0.0	0.0
2.0	3.0	0.0	0.0
0.0	3.0	0.0	0.0
2.0	0.0	0.0	0.0
24.0	2.0	0.0	0.0
0.0	1.0	0.0	0.0
24.0	1.0	0.0	0.0
17.0	0.0	0.0	0.0
7.0	1.0	0.0	0.0
0.0	1.0	0.0	0.0
7.0	0.0	0.0	0.0
2.0	3.0	0.0	3.0
0.0	0.0	0.0	3.0
2.0	3.0	0.0	0.0
0.0	3.0	0.0	0.0
2.0	0.0	0.0	0.0
1.0	5.0	0.0	0.0
1.0	0.0	0.0	0.0
0.0	5.0	0.0	0.0
1.0	17.0	0.0	0.0
1.0	0.0	0.0	0.0
0.0	17.0	0.0	0.0
55.0	4.0	0.0	0.0
1.0	4.0	0.0	0.0
0.0	4.0	0.0	0.0
1.0	0.0	0.0	0.0
54.0	0.0	0.0	0.0
2.0	15.0	0.0	0.0
1.0	1.0	0.0	0.0
0.0	1.0	0.0	0.0
1.0	0.0	0.0	0.0
1.0	14.0	0.0	0.0
0.0	12.0	0.0	0.0
1.0	2.0	0.0	0.0
1.0	0.0	0.0	0.0
0.0	2.0	0.0	0.0
2.0	26.0	0.0	0.0
2.0	2.0	0.0	0.0
2.0	0.0	0.0	0.0
0.0	2.0	0.0	0.0
0.0	24.0	0.0	0.0
0.0	217.0	0.0	48.0
0.0	164.0	0.0	6.0
0.0	164.0	0.0	4.0
0.0	155.0	0.0	1.0
0.0	129.0	0.0	0.0
0.0	26.0	0.0	1.0
0.0	1.0	0.0	1.0
0.0	25.0	0.0	0.0
0.0	9.0	0.0	3.0
0.0	0.0	0.0	3.0
0.0	9.0	0.0	0.0
0.0	0.0	0.0	2.0
0.0	53.0	0.0	42.0
0.0	38.0	0.0	8.0
0.0	13.0	0.0	8.0
0.0	3.0	0.0	7.0
0.0	2.0	0.0	0.0
0.0	1.0	0.0	7.0
0.0	0.0	0.0	7.0
0.0	1.0	0.0	0.0
0.0	10.0	0.0	1.0
0.0	0.0	0.0	1.0
0.0	10.0	0.0	0.0
0.0	25.0	0.0	0.0
0.0	15.0	0.0	34.0
0.0	2.0	0.0	27.0
0.0	0.0	0.0	27.0
0.0	2.0	0.0	0.0
0.0	13.0	0.0	7.0
0.0	13.0	0.0	3.0
0.0	13.0	0.0	2.0
0.0	9.0	0.0	0.0
0.0	4.0	0.0	2.0
0.0	0.0	0.0	2.0
0.0	4.0	0.0	0.0
0.0	0.0	0.0	1.0
0.0	0.0	0.0	4.0
21.0	1190.0	2.0	6.0
9.0	14.0	2.0	2.0
1.0	14.0	2.0	2.0
1.0	0.0	2.0	1.0
0.0	0.0	2.0	0.0
1.0	0.0	0.0	1.0
0.0	0.0	0.0	1.0
1.0	0.0	0.0	0.0
0.0	14.0	0.0	1.0
0.0	12.0	0.0	0.0
0.0	2.0	0.0	1.0
0.0	0.0	0.0	1.0
0.0	2.0	0.0	0.0
8.0	0.0	0.0	0.0
12.0	1176.0	0.0	4.0
12.0	295.0	0.0	4.0
7.0	293.0	0.0	4.0
7.0	288.0	0.0	0.0
2.0	6.0	0.0	0.0
2.0	0.0	0.0	0.0
0.0	6.0	0.0	0.0
5.0	282.0	0.0	0.0
5.0	76.0	0.0	0.0
2.0	75.0	0.0	0.0
1.0	70.0	0.0	0.0
1.0	6.0	0.0	0.0
0.0	6.0	0.0	0.0
1.0	0.0	0.0	0.0
0.0	64.0	0.0	0.0
1.0	5.0	0.0	0.0
1.0	0.0	0.0	0.0
0.0	5.0	0.0	0.0
3.0	1.0	0.0	0.0
3.0	0.0	0.0	0.0
0.0	1.0	0.0	0.0
0.0	206.0	0.0	0.0
0.0	5.0	0.0	4.0
0.0	0.0	0.0	4.0
0.0	5.0	0.0	0.0
5.0	2.0	0.0	0.0
5.0	0.0	0.0	0.0
0.0	2.0	0.0	0.0
0.0	881.0	0.0	0.0
