# Sizes (NFeatures, Nclasses, NodeCount, MaxDepth)
14	4	143	12
# Classes
0.0	1.0	2.0	3.0
# Feature Names
Nrows	Ncols	Nnnz	AvgNnnz	Density	MaxRowNnnz	MinRowNnnz	StdRowNnnz	NDiags	NTrueDiags	AvgNnnzDia	AvgNnnzELL	AvgNnnzHyb	AvgNnnzHdc
# Left
1	2	3	4	-1	6	7	-1	9	-1	11	12	-1	-1	-1	16	17	18	19	-1	-1	-1	23	-1	25	-1	27	-1	-1	30	-1	32	-1	-1	35	36	-1	38	39	-1	-1	-1	43	-1	-1	46	47	48	-1	-1	51	52	-1	54	-1	-1	57	-1	59	-1	61	-1	63	-1	65	-1	67	-1	69	-1	-1	72	73	74	-1	76	-1	-1	79	-1	-1	82	83	84	-1	86	-1	-1	89	-1	-1	92	-1	94	95	96	97	-1	-1	-1	-1	-1	103	104	105	106	107	108	-1	-1	-1	112	-1	-1	115	-1	-1	-1	119	120	121	-1	-1	124	125	-1	-1	-1	129	-1	131	-1	133	134	135	-1	-1	-1	139	-1	141	-1	-1
# Right
102	45	34	5	-1	15	8	-1	10	-1	14	13	-1	-1	-1	29	22	21	20	-1	-1	-1	24	-1	26	-1	28	-1	-1	31	-1	33	-1	-1	42	37	-1	41	40	-1	-1	-1	44	-1	-1	71	50	49	-1	-1	56	53	-1	55	-1	-1	58	-1	60	-1	62	-1	64	-1	66	-1	68	-1	70	-1	-1	81	78	75	-1	77	-1	-1	80	-1	-1	91	88	85	-1	87	-1	-1	90	-1	-1	93	-1	101	100	99	98	-1	-1	-1	-1	-1	118	117	114	111	110	109	-1	-1	-1	113	-1	-1	116	-1	-1	-1	128	123	122	-1	-1	127	126	-1	-1	-1	130	-1	132	-1	138	137	136	-1	-1	-1	140	-1	142	-1	-1
# Threshold
1.5	5.102230072021484	0.6083504855632782	1.7165899872779846	-2.0	0.5	0.5009679943323135	-2.0	0.5140954852104187	-2.0	4.85359001159668	0.0033532132511027157	-2.0	-2.0	-2.0	4.8119001388549805	2.0660051107406616	0.47724999487400055	33860104.0	-2.0	-2.0	-2.0	3.5	-2.0	1.4001049995422363	-2.0	9.0	-2.0	-2.0	7.365959882736206	-2.0	0.0060679251328110695	-2.0	-2.0	0.2841915041208267	0.881336510181427	-2.0	2.75151496680337e-05	3.5098900532659627e-06	-2.0	-2.0	-2.0	0.945563018321991	-2.0	-2.0	0.3481930047273636	24249.5	0.0030785250710323453	-2.0	-2.0	0.5	8.85400968400063e-05	-2.0	2029044.5	-2.0	-2.0	0.001667954958975315	-2.0	15.917699813842773	-2.0	4.4596898555755615	-2.0	6.587595224380493	-2.0	0.019148350227624178	-2.0	0.018101949710398912	-2.0	0.40460048615932465	-2.0	-2.0	1834.0	0.008531069848686457	1195.5	-2.0	0.0043589851120486856	-2.0	-2.0	1541.5	-2.0	-2.0	120968.0	0.006301200017333031	21.65329933166504	-2.0	21.733699798583984	-2.0	-2.0	0.006905699847266078	-2.0	-2.0	936786.0	-2.0	0.5	0.42893049120903015	3053.5	190951.5	-2.0	-2.0	-2.0	-2.0	-2.0	2.7789649963378906	2.465619921684265	2469200.0	0.3109685033559799	4111.0	0.014850849751383066	-2.0	-2.0	-2.0	0.1681685078656301	-2.0	-2.0	0.5042624920606613	-2.0	-2.0	-2.0	77484.5	3.5632450580596924	3.5392600297927856	-2.0	-2.0	0.5	3.7751699686050415	-2.0	-2.0	-2.0	47867.0	-2.0	77671.5	-2.0	1594095.0	2.4152000546455383	115536.0	-2.0	-2.0	-2.0	0.5647794902324677	-2.0	0.5860815048217773	-2.0	-2.0
# Feature
9	3	13	3	-2	6	13	-2	13	-2	7	4	-2	-2	-2	3	3	13	0	-2	-2	-2	5	-2	12	-2	5	-2	-2	7	-2	4	-2	-2	11	12	-2	10	4	-2	-2	-2	13	-2	-2	13	2	10	-2	-2	6	10	-2	2	-2	-2	4	-2	3	-2	7	-2	7	-2	4	-2	10	-2	11	-2	-2	0	4	0	-2	4	-2	-2	0	-2	-2	8	4	3	-2	3	-2	-2	4	-2	-2	2	-2	6	13	5	1	-2	-2	-2	-2	-2	3	3	8	11	2	10	-2	-2	-2	10	-2	-2	7	-2	-2	-2	8	3	3	-2	-2	6	3	-2	-2	-2	1	-2	8	-2	2	7	1	-2	-2	-2	13	-2	13	-2	-2
# Values
118.0	1513.0	0.0	53.0
97.0	279.0	0.0	42.0
97.0	78.0	0.0	6.0
45.0	67.0	0.0	5.0
23.0	0.0	0.0	0.0
22.0	67.0	0.0	5.0
17.0	12.0	0.0	2.0
17.0	0.0	0.0	0.0
0.0	12.0	0.0	2.0
0.0	0.0	0.0	1.0
0.0	12.0	0.0	1.0
0.0	3.0	0.0	1.0
0.0	0.0	0.0	1.0
0.0	3.0	0.0	0.0
0.0	9.0	0.0	0.0
5.0	55.0	0.0	3.0
3.0	54.0	0.0	1.0
1.0	3.0	0.0	1.0
1.0	0.0	0.0	1.0
1.0	0.0	0.0	0.0
0.0	0.0	0.0	1.0
0.0	3.0	0.0	0.0
2.0	51.0	0.0	0.0
1.0	0.0	0.0	0.0
1.0	51.0	0.0	0.0
0.0	42.0	0.0	0.0
1.0	9.0	0.0	0.0
0.0	9.0	0.0	0.0
1.0	0.0	0.0	0.0
2.0	1.0	0.0	2.0
2.0	0.0	0.0	0.0
0.0	1.0	0.0	2.0
0.0	1.0	0.0	0.0
0.0	0.0	0.0	2.0
52.0	11.0	0.0	1.0
51.0	1.0	0.0	1.0
0.0	0.0	0.0	1.0
51.0	1.0	0.0	0.0
4.0	1.0	0.0	0.0
4.0	0.0	0.0	0.0
0.0	1.0	0.0	0.0
47.0	0.0	0.0	0.0
1.0	10.0	0.0	0.0
0.0	10.0	0.0	0.0
1.0	0.0	0.0	0.0
0.0	201.0	0.0	36.0
0.0	40.0	0.0	24.0
0.0	1.0	0.0	11.0
0.0	1.0	0.0	0.0
0.0	0.0	0.0	11.0
0.0	39.0	0.0	13.0
0.0	3.0	0.0	6.0
0.0	2.0	0.0	0.0
0.0	1.0	0.0	6.0
0.0	1.0	0.0	0.0
0.0	0.0	0.0	6.0
0.0	36.0	0.0	7.0
0.0	18.0	0.0	0.0
0.0	18.0	0.0	7.0
0.0	0.0	0.0	2.0
0.0	18.0	0.0	5.0
0.0	0.0	0.0	2.0
0.0	18.0	0.0	3.0
0.0	10.0	0.0	0.0
0.0	8.0	0.0	3.0
0.0	4.0	0.0	0.0
0.0	4.0	0.0	3.0
0.0	0.0	0.0	2.0
0.0	4.0	0.0	1.0
0.0	2.0	0.0	0.0
0.0	2.0	0.0	1.0
0.0	161.0	0.0	12.0
0.0	21.0	0.0	6.0
0.0	2.0	0.0	5.0
0.0	0.0	0.0	4.0
0.0	2.0	0.0	1.0
0.0	0.0	0.0	1.0
0.0	2.0	0.0	0.0
0.0	19.0	0.0	1.0
0.0	19.0	0.0	0.0
0.0	0.0	0.0	1.0
0.0	140.0	0.0	6.0
0.0	118.0	0.0	2.0
0.0	113.0	0.0	1.0
0.0	89.0	0.0	0.0
0.0	24.0	0.0	1.0
0.0	0.0	0.0	1.0
0.0	24.0	0.0	0.0
0.0	5.0	0.0	1.0
0.0	0.0	0.0	1.0
0.0	5.0	0.0	0.0
0.0	22.0	0.0	4.0
0.0	0.0	0.0	2.0
0.0	22.0	0.0	2.0
0.0	7.0	0.0	2.0
0.0	7.0	0.0	1.0
0.0	2.0	0.0	1.0
0.0	2.0	0.0	0.0
0.0	0.0	0.0	1.0
0.0	5.0	0.0	0.0
0.0	0.0	0.0	1.0
0.0	15.0	0.0	0.0
21.0	1234.0	0.0	11.0
13.0	17.0	0.0	8.0
3.0	17.0	0.0	8.0
3.0	16.0	0.0	1.0
2.0	16.0	0.0	0.0
2.0	3.0	0.0	0.0
1.0	0.0	0.0	0.0
1.0	3.0	0.0	0.0
0.0	13.0	0.0	0.0
1.0	0.0	0.0	1.0
1.0	0.0	0.0	0.0
0.0	0.0	0.0	1.0
0.0	1.0	0.0	7.0
0.0	1.0	0.0	0.0
0.0	0.0	0.0	7.0
10.0	0.0	0.0	0.0
8.0	1217.0	0.0	3.0
4.0	1108.0	0.0	0.0
3.0	26.0	0.0	0.0
0.0	26.0	0.0	0.0
3.0	0.0	0.0	0.0
1.0	1082.0	0.0	0.0
1.0	17.0	0.0	0.0
1.0	0.0	0.0	0.0
0.0	17.0	0.0	0.0
0.0	1065.0	0.0	0.0
4.0	109.0	0.0	3.0
0.0	0.0	0.0	2.0
4.0	109.0	0.0	1.0
1.0	0.0	0.0	0.0
3.0	109.0	0.0	1.0
3.0	11.0	0.0	0.0
3.0	1.0	0.0	0.0
0.0	1.0	0.0	0.0
3.0	0.0	0.0	0.0
0.0	10.0	0.0	0.0
0.0	98.0	0.0	1.0
0.0	86.0	0.0	0.0
0.0	12.0	0.0	1.0
0.0	0.0	0.0	1.0
0.0	12.0	0.0	0.0
