# Sizes (NFeatures, Nclasses, NodeCount, MaxDepth)
14	4	121	12
# Classes
0.0	1.0	2.0	3.0
# Feature Names
Nrows	Ncols	Nnnz	AvgNnnz	Density	MaxRowNnnz	MinRowNnnz	StdRowNnnz	NDiags	NTrueDiags	AvgNnnzDia	AvgNnnzELL	AvgNnnzHyb	AvgNnnzHdc
# Left
1	2	3	-1	5	-1	-1	8	-1	-1	11	12	13	14	15	16	-1	-1	19	-1	-1	22	23	-1	25	-1	-1	28	29	-1	-1	32	33	34	-1	-1	37	38	-1	-1	-1	-1	43	-1	-1	46	47	-1	49	50	51	-1	53	-1	-1	56	57	-1	-1	-1	61	-1	-1	64	65	66	-1	68	-1	-1	-1	72	-1	-1	75	76	77	78	-1	80	-1	-1	83	84	-1	-1	87	-1	-1	90	-1	-1	93	94	95	96	97	-1	-1	100	101	-1	-1	104	105	106	107	-1	-1	-1	111	-1	113	-1	-1	116	-1	-1	-1	-1	-1
# Right
10	7	4	-1	6	-1	-1	9	-1	-1	74	45	42	21	18	17	-1	-1	20	-1	-1	27	24	-1	26	-1	-1	31	30	-1	-1	41	36	35	-1	-1	40	39	-1	-1	-1	-1	44	-1	-1	63	48	-1	60	55	52	-1	54	-1	-1	59	58	-1	-1	-1	62	-1	-1	71	70	67	-1	69	-1	-1	-1	73	-1	-1	92	89	82	79	-1	81	-1	-1	86	85	-1	-1	88	-1	-1	91	-1	-1	120	119	118	99	98	-1	-1	103	102	-1	-1	115	110	109	108	-1	-1	-1	112	-1	114	-1	-1	117	-1	-1	-1	-1	-1
# Threshold
1.7165899872779846	2.882659912109375	0.0105452302377671	-2.0	135.5	-2.0	-2.0	0.5264204889535904	-2.0	-2.0	0.5	0.0005647979851346463	0.6402179896831512	67676.5	8994.5	5.948260068893433	-2.0	-2.0	0.3850940018892288	-2.0	-2.0	0.7268514931201935	10.825930118560791	-2.0	12.237800121307373	-2.0	-2.0	0.8623100221157074	14691486.0	-2.0	-2.0	187777896.0	22918.0	0.18758199736475945	-2.0	-2.0	0.3698190003633499	1579610.0	-2.0	-2.0	-2.0	-2.0	8.5	-2.0	-2.0	0.34736350178718567	15906.0	-2.0	29.5	24249.5	11.782000064849854	-2.0	1.7017050385475159	-2.0	-2.0	0.020429300144314766	36268.0	-2.0	-2.0	-2.0	0.044118450954556465	-2.0	-2.0	274.5	3.068179965019226	0.150007002055645	-2.0	0.4352710098028183	-2.0	-2.0	-2.0	0.005410484969615936	-2.0	-2.0	2.8657349348068237	0.48825350403785706	0.002236114931292832	2477755.0	-2.0	1.139680027961731	-2.0	-2.0	0.6279259920120239	0.24572649598121643	-2.0	-2.0	367.5	-2.0	-2.0	0.3894440084695816	-2.0	-2.0	6.094130039215088	6.066279888153076	0.003615434980019927	6080.0	3.5068100690841675	-2.0	-2.0	0.5	4.2665499448776245	-2.0	-2.0	5.988430023193359	1.5	4.036280035972595	3.7721400260925293	-2.0	-2.0	-2.0	0.6231719851493835	-2.0	0.6345579922199249	-2.0	-2.0	0.3542809933423996	-2.0	-2.0	-2.0	-2.0	-2.0
# Feature
3	7	4	-2	2	-2	-2	13	-2	-2	9	10	13	2	8	7	-2	-2	13	-2	-2	12	3	-2	3	-2	-2	12	2	-2	-2	2	8	11	-2	-2	13	2	-2	-2	-2	-2	5	-2	-2	13	2	-2	6	2	3	-2	12	-2	-2	11	1	-2	-2	-2	4	-2	-2	5	3	11	-2	13	-2	-2	-2	4	-2	-2	3	13	4	8	-2	12	-2	-2	7	10	-2	-2	0	-2	-2	7	-2	-2	3	3	4	2	3	-2	-2	6	3	-2	-2	3	9	3	3	-2	-2	-2	13	-2	13	-2	-2	13	-2	-2	-2	-2	-2
# Values
115.0	1526.0	0.0	43.0
28.0	2.0	0.0	1.0
28.0	1.0	0.0	0.0
23.0	0.0	0.0	0.0
5.0	1.0	0.0	0.0
5.0	0.0	0.0	0.0
0.0	1.0	0.0	0.0
0.0	1.0	0.0	1.0
0.0	1.0	0.0	0.0
0.0	0.0	0.0	1.0
87.0	1524.0	0.0	42.0
60.0	213.0	0.0	35.0
57.0	58.0	0.0	13.0
14.0	54.0	0.0	13.0
12.0	3.0	0.0	3.0
0.0	2.0	0.0	3.0
0.0	2.0	0.0	0.0
0.0	0.0	0.0	3.0
12.0	1.0	0.0	0.0
0.0	1.0	0.0	0.0
12.0	0.0	0.0	0.0
2.0	51.0	0.0	10.0
0.0	29.0	0.0	1.0
0.0	23.0	0.0	0.0
0.0	6.0	0.0	1.0
0.0	0.0	0.0	1.0
0.0	6.0	0.0	0.0
2.0	22.0	0.0	9.0
0.0	1.0	0.0	8.0
0.0	0.0	0.0	8.0
0.0	1.0	0.0	0.0
2.0	21.0	0.0	1.0
1.0	21.0	0.0	1.0
1.0	2.0	0.0	0.0
1.0	0.0	0.0	0.0
0.0	2.0	0.0	0.0
0.0	19.0	0.0	1.0
0.0	3.0	0.0	1.0
0.0	3.0	0.0	0.0
0.0	0.0	0.0	1.0
0.0	16.0	0.0	0.0
1.0	0.0	0.0	0.0
43.0	4.0	0.0	0.0
0.0	4.0	0.0	0.0
43.0	0.0	0.0	0.0
3.0	155.0	0.0	22.0
0.0	37.0	0.0	17.0
0.0	0.0	0.0	10.0
0.0	37.0	0.0	7.0
0.0	36.0	0.0	5.0
0.0	9.0	0.0	4.0
0.0	8.0	0.0	0.0
0.0	1.0	0.0	4.0
0.0	0.0	0.0	4.0
0.0	1.0	0.0	0.0
0.0	27.0	0.0	1.0
0.0	1.0	0.0	1.0
0.0	0.0	0.0	1.0
0.0	1.0	0.0	0.0
0.0	26.0	0.0	0.0
0.0	1.0	0.0	2.0
0.0	0.0	0.0	2.0
0.0	1.0	0.0	0.0
3.0	118.0	0.0	5.0
3.0	107.0	0.0	0.0
3.0	12.0	0.0	0.0
2.0	0.0	0.0	0.0
1.0	12.0	0.0	0.0
1.0	0.0	0.0	0.0
0.0	12.0	0.0	0.0
0.0	95.0	0.0	0.0
0.0	11.0	0.0	5.0
0.0	11.0	0.0	0.0
0.0	0.0	0.0	5.0
27.0	1311.0	0.0	7.0
11.0	28.0	0.0	2.0
4.0	27.0	0.0	2.0
0.0	22.0	0.0	1.0
0.0	21.0	0.0	0.0
0.0	1.0	0.0	1.0
0.0	1.0	0.0	0.0
0.0	0.0	0.0	1.0
4.0	5.0	0.0	1.0
3.0	0.0	0.0	1.0
3.0	0.0	0.0	0.0
0.0	0.0	0.0	1.0
1.0	5.0	0.0	0.0
0.0	3.0	0.0	0.0
1.0	2.0	0.0	0.0
7.0	1.0	0.0	0.0
0.0	1.0	0.0	0.0
7.0	0.0	0.0	0.0
16.0	1283.0	0.0	5.0
16.0	346.0	0.0	5.0
16.0	346.0	0.0	1.0
16.0	156.0	0.0	1.0
6.0	2.0	0.0	0.0
0.0	2.0	0.0	0.0
6.0	0.0	0.0	0.0
10.0	154.0	0.0	1.0
3.0	3.0	0.0	0.0
3.0	0.0	0.0	0.0
0.0	3.0	0.0	0.0
7.0	151.0	0.0	1.0
2.0	139.0	0.0	1.0
2.0	14.0	0.0	0.0
2.0	3.0	0.0	0.0
0.0	3.0	0.0	0.0
2.0	0.0	0.0	0.0
0.0	11.0	0.0	0.0
0.0	125.0	0.0	1.0
0.0	121.0	0.0	0.0
0.0	4.0	0.0	1.0
0.0	0.0	0.0	1.0
0.0	4.0	0.0	0.0
5.0	12.0	0.0	0.0
5.0	0.0	0.0	0.0
0.0	12.0	0.0	0.0
0.0	190.0	0.0	0.0
0.0	0.0	0.0	4.0
0.0	937.0	0.0	0.0
