# Sizes (NFeatures, Nclasses, NodeCount, MaxDepth)
14	4	149	11
# Classes
0.0	1.0	2.0	3.0
# Feature Names
Nrows	Ncols	Nnnz	AvgNnnz	Density	MaxRowNnnz	MinRowNnnz	StdRowNnnz	NDiags	NTrueDiags	AvgNnnzDia	AvgNnnzELL	AvgNnnzHyb	AvgNnnzHdc
# Left
1	2	3	4	-1	-1	7	-1	9	-1	11	-1	-1	14	15	16	17	18	-1	20	-1	-1	-1	24	-1	-1	-1	28	29	-1	31	32	33	-1	-1	-1	-1	38	39	40	-1	-1	43	44	45	-1	-1	-1	-1	-1	51	52	53	54	-1	56	57	58	59	-1	-1	-1	63	-1	65	-1	67	68	-1	-1	-1	72	73	-1	75	-1	-1	-1	79	80	81	-1	-1	84	-1	86	-1	88	-1	-1	91	92	-1	-1	95	96	-1	-1	-1	100	101	-1	-1	-1	105	106	-1	108	-1	-1	111	112	113	114	115	116	-1	-1	-1	120	121	-1	-1	-1	125	126	-1	-1	129	130	-1	-1	133	134	-1	-1	-1	138	-1	-1	141	142	-1	144	-1	-1	147	-1	-1
# Right
50	13	6	5	-1	-1	8	-1	10	-1	12	-1	-1	27	26	23	22	19	-1	21	-1	-1	-1	25	-1	-1	-1	37	30	-1	36	35	34	-1	-1	-1	-1	49	42	41	-1	-1	48	47	46	-1	-1	-1	-1	-1	104	99	78	55	-1	71	62	61	60	-1	-1	-1	64	-1	66	-1	70	69	-1	-1	-1	77	74	-1	76	-1	-1	-1	90	83	82	-1	-1	85	-1	87	-1	89	-1	-1	94	93	-1	-1	98	97	-1	-1	-1	103	102	-1	-1	-1	110	107	-1	109	-1	-1	140	137	124	119	118	117	-1	-1	-1	123	122	-1	-1	-1	128	127	-1	-1	132	131	-1	-1	136	135	-1	-1	-1	139	-1	-1	146	143	-1	145	-1	-1	148	-1	-1
# Threshold
2.7023650407791138	1.7247399687767029	0.4344335049390793	0.2547119348309934	-2.0	-2.0	2.8490899801254272	-2.0	0.7639049887657166	-2.0	355.5	-2.0	-2.0	8.166659972630441e-05	8200053.0	0.6533969938755035	0.1989400014281273	1.079295039176941	-2.0	31230400.0	-2.0	-2.0	-2.0	0.2841915041208267	-2.0	-2.0	-2.0	0.422478511929512	11.5	-2.0	2.415910005569458	2341.0	1.2214849591255188	-2.0	-2.0	-2.0	-2.0	0.6688324809074402	2.1039650440216064	0.5	-2.0	-2.0	1.5	8266.5	5973.5	-2.0	-2.0	-2.0	-2.0	-2.0	0.5	0.7529835104942322	0.005890999920666218	3.524044990539551	-2.0	2106575.0	5.2305450439453125	4.8119001388549805	30.479849815368652	-2.0	-2.0	-2.0	0.4856334924697876	-2.0	0.4943440109491348	-2.0	0.0019908350659534335	0.0009534234995953739	-2.0	-2.0	-2.0	974208.5	0.002124544989783317	-2.0	4472815.0	-2.0	-2.0	-2.0	8.458775043487549	0.34414249658584595	18.5	-2.0	-2.0	3.5	-2.0	9.0	-2.0	0.48862551152706146	-2.0	-2.0	0.8889274895191193	0.005379195092245936	-2.0	-2.0	0.33865951001644135	18405.0	-2.0	-2.0	-2.0	0.18624409288167953	4.602465014613699e-05	-2.0	-2.0	-2.0	2.8657349348068237	668.0	-2.0	2.803285002708435	-2.0	-2.0	5.999860048294067	5.986310005187988	1.5	0.0005410320009104908	0.0003459859908616636	0.5	-2.0	-2.0	-2.0	0.000566256494494155	0.6999389976263046	-2.0	-2.0	-2.0	0.5	0.9560054838657379	-2.0	-2.0	3.576545000076294	3.5422250032424927	-2.0	-2.0	3.658609986305237	3.640739917755127	-2.0	-2.0	-2.0	1.182016012535314e-05	-2.0	-2.0	0.7971030175685883	52700350.0	-2.0	56822900.0	-2.0	-2.0	0.800896018743515	-2.0	-2.0
# Feature
3	3	13	10	-2	-2	7	-2	12	-2	0	-2	-2	10	5	13	11	12	-2	0	-2	-2	-2	11	-2	-2	-2	13	1	-2	3	0	12	-2	-2	-2	-2	13	3	6	-2	-2	6	2	2	-2	-2	-2	-2	-2	9	13	4	3	-2	2	3	3	7	-2	-2	-2	13	-2	13	-2	10	4	-2	-2	-2	8	11	-2	2	-2	-2	-2	7	13	6	-2	-2	5	-2	6	-2	11	-2	-2	12	10	-2	-2	13	8	-2	-2	-2	11	10	-2	-2	-2	3	8	-2	3	-2	-2	3	3	9	10	4	6	-2	-2	-2	4	11	-2	-2	-2	6	12	-2	-2	3	3	-2	-2	3	3	-2	-2	-2	10	-2	-2	13	2	-2	2	-2	-2	13	-2	-2
# Values
117.0	1499.0	1.0	67.0
48.0	31.0	1.0	14.0
28.0	2.0	1.0	1.0
0.0	1.0	1.0	0.0
0.0	1.0	0.0	0.0
0.0	0.0	1.0	0.0
28.0	1.0	0.0	1.0
25.0	0.0	0.0	0.0
3.0	1.0	0.0	1.0
3.0	0.0	0.0	0.0
0.0	1.0	0.0	1.0
0.0	0.0	0.0	1.0
0.0	1.0	0.0	0.0
20.0	29.0	0.0	13.0
2.0	7.0	0.0	11.0
2.0	3.0	0.0	11.0
0.0	2.0	0.0	11.0
0.0	1.0	0.0	11.0
0.0	0.0	0.0	9.0
0.0	1.0	0.0	2.0
0.0	0.0	0.0	2.0
0.0	1.0	0.0	0.0
0.0	1.0	0.0	0.0
2.0	1.0	0.0	0.0
2.0	0.0	0.0	0.0
0.0	1.0	0.0	0.0
0.0	4.0	0.0	0.0
18.0	22.0	0.0	2.0
10.0	3.0	0.0	2.0
0.0	0.0	0.0	2.0
10.0	3.0	0.0	0.0
3.0	3.0	0.0	0.0
3.0	1.0	0.0	0.0
1.0	0.0	0.0	0.0
2.0	1.0	0.0	0.0
0.0	2.0	0.0	0.0
7.0	0.0	0.0	0.0
8.0	19.0	0.0	0.0
4.0	19.0	0.0	0.0
2.0	1.0	0.0	0.0
0.0	1.0	0.0	0.0
2.0	0.0	0.0	0.0
2.0	18.0	0.0	0.0
1.0	18.0	0.0	0.0
1.0	4.0	0.0	0.0
0.0	4.0	0.0	0.0
1.0	0.0	0.0	0.0
0.0	14.0	0.0	0.0
1.0	0.0	0.0	0.0
4.0	0.0	0.0	0.0
69.0	1468.0	0.0	53.0
49.0	175.0	0.0	50.0
13.0	161.0	0.0	50.0
12.0	118.0	0.0	11.0
4.0	0.0	0.0	0.0
8.0	118.0	0.0	11.0
8.0	97.0	0.0	2.0
8.0	23.0	0.0	0.0
1.0	23.0	0.0	0.0
0.0	23.0	0.0	0.0
1.0	0.0	0.0	0.0
7.0	0.0	0.0	0.0
0.0	74.0	0.0	2.0
0.0	51.0	0.0	0.0
0.0	23.0	0.0	2.0
0.0	0.0	0.0	1.0
0.0	23.0	0.0	1.0
0.0	7.0	0.0	1.0
0.0	5.0	0.0	0.0
0.0	2.0	0.0	1.0
0.0	16.0	0.0	0.0
0.0	21.0	0.0	9.0
0.0	6.0	0.0	9.0
0.0	0.0	0.0	6.0
0.0	6.0	0.0	3.0
0.0	0.0	0.0	3.0
0.0	6.0	0.0	0.0
0.0	15.0	0.0	0.0
1.0	43.0	0.0	39.0
1.0	34.0	0.0	4.0
0.0	3.0	0.0	3.0
0.0	0.0	0.0	3.0
0.0	3.0	0.0	0.0
1.0	31.0	0.0	1.0
1.0	0.0	0.0	0.0
0.0	31.0	0.0	1.0
0.0	28.0	0.0	0.0
0.0	3.0	0.0	1.0
0.0	3.0	0.0	0.0
0.0	0.0	0.0	1.0
0.0	9.0	0.0	35.0
0.0	7.0	0.0	7.0
0.0	0.0	0.0	7.0
0.0	7.0	0.0	0.0
0.0	2.0	0.0	28.0
0.0	2.0	0.0	1.0
0.0	2.0	0.0	0.0
0.0	0.0	0.0	1.0
0.0	0.0	0.0	27.0
36.0	14.0	0.0	0.0
36.0	1.0	0.0	0.0
0.0	1.0	0.0	0.0
36.0	0.0	0.0	0.0
0.0	13.0	0.0	0.0
20.0	1293.0	0.0	3.0
3.0	6.0	0.0	0.0
0.0	5.0	0.0	0.0
3.0	1.0	0.0	0.0
0.0	1.0	0.0	0.0
3.0	0.0	0.0	0.0
17.0	1287.0	0.0	3.0
17.0	326.0	0.0	0.0
9.0	324.0	0.0	0.0
6.0	31.0	0.0	0.0
4.0	2.0	0.0	0.0
1.0	2.0	0.0	0.0
1.0	0.0	0.0	0.0
0.0	2.0	0.0	0.0
3.0	0.0	0.0	0.0
2.0	29.0	0.0	0.0
2.0	5.0	0.0	0.0
2.0	0.0	0.0	0.0
0.0	5.0	0.0	0.0
0.0	24.0	0.0	0.0
3.0	293.0	0.0	0.0
1.0	4.0	0.0	0.0
1.0	0.0	0.0	0.0
0.0	4.0	0.0	0.0
2.0	289.0	0.0	0.0
1.0	15.0	0.0	0.0
0.0	15.0	0.0	0.0
1.0	0.0	0.0	0.0
1.0	274.0	0.0	0.0
1.0	66.0	0.0	0.0
0.0	66.0	0.0	0.0
1.0	0.0	0.0	0.0
0.0	208.0	0.0	0.0
8.0	2.0	0.0	0.0
0.0	2.0	0.0	0.0
8.0	0.0	0.0	0.0
0.0	961.0	0.0	3.0
0.0	939.0	0.0	1.0
0.0	925.0	0.0	0.0
0.0	14.0	0.0	1.0
0.0	0.0	0.0	1.0
0.0	14.0	0.0	0.0
0.0	22.0	0.0	2.0
0.0	0.0	0.0	2.0
0.0	22.0	0.0	0.0
