# Sizes (NFeatures, Nclasses, NodeCount, MaxDepth)
14	4	133	10
# Classes
0.0	1.0	2.0	3.0
# Feature Names
Nrows	Ncols	Nnnz	AvgNnnz	Density	MaxRowNnnz	MinRowNnnz	StdRowNnnz	NDiags	NTrueDiags	AvgNnnzDia	AvgNnnzELL	AvgNnnzHyb	AvgNnnzHdc
# Left
1	2	3	4	-1	6	7	8	-1	-1	11	12	-1	-1	15	16	-1	18	-1	-1	-1	22	23	24	-1	-1	-1	28	29	-1	31	-1	-1	-1	35	36	-1	38	-1	-1	41	-1	-1	44	45	46	-1	48	49	-1	51	-1	-1	54	-1	-1	57	-1	-1	60	61	62	-1	64	-1	-1	67	-1	69	70	-1	72	-1	-1	-1	76	77	-1	79	80	-1	-1	-1	84	85	-1	-1	88	-1	-1	91	92	93	-1	95	-1	97	98	-1	-1	-1	102	-1	-1	105	106	107	108	109	110	-1	112	-1	-1	-1	116	117	-1	-1	120	-1	-1	-1	-1	125	-1	127	-1	129	-1	131	-1	-1
# Right
90	43	34	5	-1	21	10	9	-1	-1	14	13	-1	-1	20	17	-1	19	-1	-1	-1	27	26	25	-1	-1	-1	33	30	-1	32	-1	-1	-1	40	37	-1	39	-1	-1	42	-1	-1	59	56	47	-1	53	50	-1	52	-1	-1	55	-1	-1	58	-1	-1	75	66	63	-1	65	-1	-1	68	-1	74	71	-1	73	-1	-1	-1	83	78	-1	82	81	-1	-1	-1	87	86	-1	-1	89	-1	-1	104	101	94	-1	96	-1	100	99	-1	-1	-1	103	-1	-1	124	123	122	115	114	111	-1	113	-1	-1	-1	119	118	-1	-1	121	-1	-1	-1	-1	126	-1	128	-1	130	-1	132	-1	-1
# Threshold
1.5	5.034635066986084	0.6247369945049286	3.5	-2.0	0.5	1077.5	57.0	-2.0	-2.0	7.930120045784861e-05	65915.0	-2.0	-2.0	14890.0	0.8359360098838806	-2.0	0.0009332855115644634	-2.0	-2.0	-2.0	2.059475064277649	43143700.0	9285660.5	-2.0	-2.0	-2.0	4.94704008102417	1.4001049995422363	-2.0	1.5790599584579468	-2.0	-2.0	-2.0	0.0018839550320990384	176598.0	-2.0	3.5098900532659627e-06	-2.0	-2.0	13.0	-2.0	-2.0	0.005890999920666218	79.38885116577148	220.5	-2.0	822262.5	68.78625106811523	-2.0	98.27835273742676	-2.0	-2.0	0.46897049248218536	-2.0	-2.0	83.78269958496094	-2.0	-2.0	0.008413900155574083	11.176700115203857	35.5	-2.0	0.007471380056813359	-2.0	-2.0	0.5	-2.0	0.1943226493895054	1301.7995300292969	-2.0	0.004540325026027858	-2.0	-2.0	-2.0	0.03063260018825531	0.006526984972879291	-2.0	0.010743650142103434	4.361890077590942	-2.0	-2.0	-2.0	21536.0	0.3657754957675934	-2.0	-2.0	0.030711200088262558	-2.0	-2.0	2.8876649141311646	2.4710649251937866	4.5	-2.0	0.6001895070075989	-2.0	5832.5	0.2512100040912628	-2.0	-2.0	-2.0	290.5	-2.0	-2.0	1.8097150325775146	1.774935007095337	0.009070985019207	1.3392249941825867	0.008770020212978125	0.6231719851493835	-2.0	0.632164478302002	-2.0	-2.0	-2.0	1.3732199668884277	7.0	-2.0	-2.0	3.654389977455139	-2.0	-2.0	-2.0	-2.0	82798.5	-2.0	85717.0	-2.0	50633700.0	-2.0	2800510.0	-2.0	-2.0
# Feature
9	3	13	5	-2	6	1	2	-2	-2	4	0	-2	-2	2	12	-2	4	-2	-2	-2	3	1	1	-2	-2	-2	3	12	-2	7	-2	-2	-2	10	8	-2	4	-2	-2	5	-2	-2	4	3	8	-2	8	3	-2	7	-2	-2	13	-2	-2	3	-2	-2	10	7	5	-2	10	-2	-2	6	-2	11	7	-2	10	-2	-2	-2	10	4	-2	10	7	-2	-2	-2	2	13	-2	-2	10	-2	-2	3	3	0	-2	7	-2	2	11	-2	-2	-2	1	-2	-2	7	7	10	7	10	13	-2	13	-2	-2	-2	7	9	-2	-2	3	-2	-2	-2	-2	8	-2	8	-2	2	-2	1	-2	-2
# Values
114.0	1510.0	2.0	58.0
84.0	275.0	0.0	53.0
84.0	74.0	0.0	7.0
41.0	68.0	0.0	6.0
21.0	0.0	0.0	0.0
20.0	68.0	0.0	6.0
16.0	20.0	0.0	4.0
1.0	12.0	0.0	0.0
1.0	0.0	0.0	0.0
0.0	12.0	0.0	0.0
15.0	8.0	0.0	4.0
0.0	6.0	0.0	3.0
0.0	0.0	0.0	3.0
0.0	6.0	0.0	0.0
15.0	2.0	0.0	1.0
1.0	2.0	0.0	1.0
0.0	2.0	0.0	0.0
1.0	0.0	0.0	1.0
0.0	0.0	0.0	1.0
1.0	0.0	0.0	0.0
14.0	0.0	0.0	0.0
4.0	48.0	0.0	2.0
1.0	1.0	0.0	2.0
1.0	1.0	0.0	0.0
1.0	0.0	0.0	0.0
0.0	1.0	0.0	0.0
0.0	0.0	0.0	2.0
3.0	47.0	0.0	0.0
2.0	47.0	0.0	0.0
0.0	41.0	0.0	0.0
2.0	6.0	0.0	0.0
0.0	6.0	0.0	0.0
2.0	0.0	0.0	0.0
1.0	0.0	0.0	0.0
43.0	6.0	0.0	1.0
43.0	1.0	0.0	0.0
42.0	0.0	0.0	0.0
1.0	1.0	0.0	0.0
1.0	0.0	0.0	0.0
0.0	1.0	0.0	0.0
0.0	5.0	0.0	1.0
0.0	5.0	0.0	0.0
0.0	0.0	0.0	1.0
0.0	201.0	0.0	46.0
0.0	144.0	0.0	9.0
0.0	143.0	0.0	6.0
0.0	0.0	0.0	2.0
0.0	143.0	0.0	4.0
0.0	134.0	0.0	1.0
0.0	129.0	0.0	0.0
0.0	5.0	0.0	1.0
0.0	0.0	0.0	1.0
0.0	5.0	0.0	0.0
0.0	9.0	0.0	3.0
0.0	9.0	0.0	0.0
0.0	0.0	0.0	3.0
0.0	1.0	0.0	3.0
0.0	0.0	0.0	3.0
0.0	1.0	0.0	0.0
0.0	57.0	0.0	37.0
0.0	18.0	0.0	30.0
0.0	14.0	0.0	6.0
0.0	0.0	0.0	5.0
0.0	14.0	0.0	1.0
0.0	14.0	0.0	0.0
0.0	0.0	0.0	1.0
0.0	4.0	0.0	24.0
0.0	2.0	0.0	0.0
0.0	2.0	0.0	24.0
0.0	1.0	0.0	24.0
0.0	0.0	0.0	22.0
0.0	1.0	0.0	2.0
0.0	0.0	0.0	2.0
0.0	1.0	0.0	0.0
0.0	1.0	0.0	0.0
0.0	39.0	0.0	7.0
0.0	34.0	0.0	2.0
0.0	0.0	0.0	1.0
0.0	34.0	0.0	1.0
0.0	6.0	0.0	1.0
0.0	6.0	0.0	0.0
0.0	0.0	0.0	1.0
0.0	28.0	0.0	0.0
0.0	5.0	0.0	5.0
0.0	1.0	0.0	3.0
0.0	0.0	0.0	3.0
0.0	1.0	0.0	0.0
0.0	4.0	0.0	2.0
0.0	2.0	0.0	2.0
0.0	2.0	0.0	0.0
30.0	1235.0	2.0	5.0
17.0	16.0	2.0	0.0
2.0	14.0	2.0	0.0
0.0	0.0	2.0	0.0
2.0	14.0	0.0	0.0
0.0	10.0	0.0	0.0
2.0	4.0	0.0	0.0
2.0	3.0	0.0	0.0
1.0	1.0	0.0	0.0
1.0	2.0	0.0	0.0
0.0	1.0	0.0	0.0
15.0	2.0	0.0	0.0
0.0	2.0	0.0	0.0
15.0	0.0	0.0	0.0
13.0	1219.0	0.0	5.0
13.0	305.0	0.0	2.0
10.0	305.0	0.0	2.0
10.0	75.0	0.0	2.0
2.0	65.0	0.0	2.0
0.0	65.0	0.0	2.0
0.0	57.0	0.0	0.0
0.0	8.0	0.0	2.0
0.0	0.0	0.0	2.0
0.0	8.0	0.0	0.0
2.0	0.0	0.0	0.0
8.0	10.0	0.0	0.0
7.0	1.0	0.0	0.0
7.0	0.0	0.0	0.0
0.0	1.0	0.0	0.0
1.0	9.0	0.0	0.0
1.0	0.0	0.0	0.0
0.0	9.0	0.0	0.0
0.0	230.0	0.0	0.0
3.0	0.0	0.0	0.0
0.0	914.0	0.0	3.0
0.0	834.0	0.0	0.0
0.0	80.0	0.0	3.0
0.0	0.0	0.0	2.0
0.0	80.0	0.0	1.0
0.0	76.0	0.0	0.0
0.0	4.0	0.0	1.0
0.0	0.0	0.0	1.0
0.0	4.0	0.0	0.0
