# Sizes (NFeatures, Nclasses, NodeCount, MaxDepth)
14	4	125	10
# Classes
0.0	1.0	2.0	3.0
# Feature Names
Nrows	Ncols	Nnnz	AvgNnnz	Density	MaxRowNnnz	MinRowNnnz	StdRowNnnz	NDiags	NTrueDiags	AvgNnnzDia	AvgNnnzELL	AvgNnnzHyb	AvgNnnzHdc
# Left
1	2	3	-1	5	-1	7	-1	-1	10	11	-1	-1	14	15	16	-1	18	-1	20	21	22	-1	-1	-1	26	-1	-1	29	30	-1	32	-1	-1	35	36	-1	-1	-1	40	41	-1	-1	-1	45	46	47	48	49	50	-1	-1	-1	-1	55	-1	57	-1	-1	60	61	62	-1	-1	65	66	-1	-1	-1	70	71	72	73	74	-1	76	-1	-1	79	-1	-1	-1	83	-1	85	-1	-1	88	-1	90	-1	92	-1	-1	95	96	97	98	-1	-1	101	-1	-1	104	105	106	107	-1	109	-1	-1	-1	113	114	-1	-1	-1	118	-1	120	-1	-1	123	-1	-1
# Right
44	9	4	-1	6	-1	8	-1	-1	13	12	-1	-1	39	28	17	-1	19	-1	25	24	23	-1	-1	-1	27	-1	-1	34	31	-1	33	-1	-1	38	37	-1	-1	-1	43	42	-1	-1	-1	94	59	54	53	52	51	-1	-1	-1	-1	56	-1	58	-1	-1	69	64	63	-1	-1	68	67	-1	-1	-1	87	82	81	78	75	-1	77	-1	-1	80	-1	-1	-1	84	-1	86	-1	-1	89	-1	91	-1	93	-1	-1	122	103	100	99	-1	-1	102	-1	-1	117	112	111	108	-1	110	-1	-1	-1	116	115	-1	-1	-1	119	-1	121	-1	-1	124	-1	-1
# Threshold
2.859149932861328	1.7165899872779846	0.0025256050284951925	-2.0	72.5	-2.0	0.6266814768314362	-2.0	-2.0	0.42211098968982697	2.0689200162887573	-2.0	-2.0	0.7201074957847595	1.3816699981689453	2.0584300756454468	-2.0	11.0	-2.0	0.04193024896085262	0.4204780012369156	298.5	-2.0	-2.0	-2.0	2.135825037956238	-2.0	-2.0	1.4711750149726868	163.0	-2.0	8.5	-2.0	-2.0	0.5	96.5	-2.0	-2.0	-2.0	8.5	0.3337175101041794	-2.0	-2.0	-2.0	0.5	5.034635066986084	4.646615028381348	3.7355949878692627	4692.5	0.4352710098028183	-2.0	-2.0	-2.0	-2.0	1.0752649903297424	-2.0	176730.0	-2.0	-2.0	24249.5	642.5	0.11425844952464104	-2.0	-2.0	1.7017050385475159	0.0030785250710323453	-2.0	-2.0	-2.0	0.917211502790451	0.9021224975585938	2282.0499877929688	0.8448625206947327	49157.0	-2.0	0.00011813144737971015	-2.0	-2.0	0.021340549923479557	-2.0	-2.0	-2.0	0.912586510181427	-2.0	0.0036759469367098063	-2.0	-2.0	29.5	-2.0	0.044118450954556465	-2.0	69.5	-2.0	-2.0	598.9020080566406	4.578860171022825e-05	3.890315019816626e-05	681664.5	-2.0	-2.0	21.13299584388733	-2.0	-2.0	0.7626809775829315	3.633525013923645	3.5997649431228638	15.5	-2.0	2.2548900842666626	-2.0	-2.0	-2.0	0.0005906965234316885	0.0005707475065719336	-2.0	-2.0	-2.0	4.880645036697388	-2.0	4361.5	-2.0	-2.0	1392.1300048828125	-2.0	-2.0
# Feature
3	3	4	-2	0	-2	13	-2	-2	7	3	-2	-2	13	12	3	-2	5	-2	11	13	5	-2	-2	-2	3	-2	-2	12	8	-2	5	-2	-2	6	8	-2	-2	-2	5	11	-2	-2	-2	9	3	3	3	0	13	-2	-2	-2	-2	12	-2	8	-2	-2	2	0	4	-2	-2	12	10	-2	-2	-2	12	12	7	12	5	-2	10	-2	-2	11	-2	-2	-2	12	-2	4	-2	-2	6	-2	4	-2	5	-2	-2	3	10	10	2	-2	-2	3	-2	-2	13	3	3	5	-2	7	-2	-2	-2	10	10	-2	-2	-2	3	-2	1	-2	-2	7	-2	-2
# Values
114.0	1517.0	0.0	53.0
49.0	42.0	0.0	9.0
28.0	3.0	0.0	2.0
24.0	0.0	0.0	0.0
4.0	3.0	0.0	2.0
4.0	0.0	0.0	0.0
0.0	3.0	0.0	2.0
0.0	3.0	0.0	0.0
0.0	0.0	0.0	2.0
21.0	39.0	0.0	7.0
5.0	0.0	0.0	4.0
0.0	0.0	0.0	4.0
5.0	0.0	0.0	0.0
16.0	39.0	0.0	3.0
10.0	37.0	0.0	3.0
2.0	25.0	0.0	3.0
1.0	0.0	0.0	0.0
1.0	25.0	0.0	3.0
0.0	13.0	0.0	0.0
1.0	12.0	0.0	3.0
1.0	9.0	0.0	0.0
1.0	1.0	0.0	0.0
0.0	1.0	0.0	0.0
1.0	0.0	0.0	0.0
0.0	8.0	0.0	0.0
0.0	3.0	0.0	3.0
0.0	3.0	0.0	0.0
0.0	0.0	0.0	3.0
8.0	12.0	0.0	0.0
5.0	2.0	0.0	0.0
1.0	1.0	0.0	0.0
4.0	1.0	0.0	0.0
1.0	0.0	0.0	0.0
3.0	1.0	0.0	0.0
3.0	10.0	0.0	0.0
3.0	2.0	0.0	0.0
0.0	2.0	0.0	0.0
3.0	0.0	0.0	0.0
0.0	8.0	0.0	0.0
6.0	2.0	0.0	0.0
1.0	2.0	0.0	0.0
0.0	2.0	0.0	0.0
1.0	0.0	0.0	0.0
5.0	0.0	0.0	0.0
65.0	1475.0	0.0	44.0
55.0	191.0	0.0	38.0
55.0	39.0	0.0	0.0
11.0	35.0	0.0	0.0
11.0	4.0	0.0	0.0
2.0	4.0	0.0	0.0
2.0	0.0	0.0	0.0
0.0	4.0	0.0	0.0
9.0	0.0	0.0	0.0
0.0	31.0	0.0	0.0
44.0	4.0	0.0	0.0
0.0	3.0	0.0	0.0
44.0	1.0	0.0	0.0
44.0	0.0	0.0	0.0
0.0	1.0	0.0	0.0
0.0	152.0	0.0	38.0
0.0	25.0	0.0	24.0
0.0	20.0	0.0	1.0
0.0	20.0	0.0	0.0
0.0	0.0	0.0	1.0
0.0	5.0	0.0	23.0
0.0	2.0	0.0	23.0
0.0	2.0	0.0	0.0
0.0	0.0	0.0	23.0
0.0	3.0	0.0	0.0
0.0	127.0	0.0	14.0
0.0	39.0	0.0	12.0
0.0	37.0	0.0	4.0
0.0	37.0	0.0	3.0
0.0	31.0	0.0	1.0
0.0	29.0	0.0	0.0
0.0	2.0	0.0	1.0
0.0	2.0	0.0	0.0
0.0	0.0	0.0	1.0
0.0	6.0	0.0	2.0
0.0	0.0	0.0	2.0
0.0	6.0	0.0	0.0
0.0	0.0	0.0	1.0
0.0	2.0	0.0	8.0
0.0	0.0	0.0	7.0
0.0	2.0	0.0	1.0
0.0	2.0	0.0	0.0
0.0	0.0	0.0	1.0
0.0	88.0	0.0	2.0
0.0	86.0	0.0	0.0
0.0	2.0	0.0	2.0
0.0	0.0	0.0	1.0
0.0	2.0	0.0	1.0
0.0	1.0	0.0	1.0
0.0	1.0	0.0	0.0
10.0	1284.0	0.0	6.0
10.0	1283.0	0.0	4.0
3.0	67.0	0.0	3.0
1.0	67.0	0.0	0.0
1.0	0.0	0.0	0.0
0.0	67.0	0.0	0.0
2.0	0.0	0.0	3.0
2.0	0.0	0.0	0.0
0.0	0.0	0.0	3.0
7.0	1216.0	0.0	1.0
5.0	1182.0	0.0	0.0
3.0	78.0	0.0	0.0
1.0	78.0	0.0	0.0
0.0	72.0	0.0	0.0
1.0	6.0	0.0	0.0
1.0	0.0	0.0	0.0
0.0	6.0	0.0	0.0
2.0	0.0	0.0	0.0
2.0	1104.0	0.0	0.0
2.0	166.0	0.0	0.0
0.0	166.0	0.0	0.0
2.0	0.0	0.0	0.0
0.0	938.0	0.0	0.0
2.0	34.0	0.0	1.0
2.0	0.0	0.0	0.0
0.0	34.0	0.0	1.0
0.0	0.0	0.0	1.0
0.0	34.0	0.0	0.0
0.0	1.0	0.0	2.0
0.0	0.0	0.0	2.0
0.0	1.0	0.0	0.0
