# Sizes (NFeatures, Nclasses, NodeCount, MaxDepth)
10	4	125	12
# Classes
0.0	1.0	2.0	3.0
# Feature Names
Nrows	Ncols	Nnnz	AvgNnnz	Density	MaxRowNnnz	MinRowNnnz	StdRowNnnz	NDiags	NTrueDiags
# Left
1	2	3	4	-1	6	7	8	9	-1	11	12	-1	-1	-1	-1	-1	18	19	20	-1	22	-1	24	-1	26	-1	-1	29	-1	31	32	-1	-1	-1	36	-1	38	-1	40	-1	-1	43	-1	45	46	-1	-1	-1	50	51	52	53	-1	55	-1	-1	-1	-1	60	61	-1	63	64	-1	66	67	-1	-1	-1	71	72	-1	74	-1	76	-1	-1	79	-1	81	-1	-1	-1	85	86	87	-1	-1	90	91	92	-1	94	-1	-1	97	98	99	100	-1	102	-1	104	105	-1	-1	108	-1	-1	-1	-1	-1	114	-1	-1	117	-1	119	-1	121	-1	123	-1	-1
# Right
84	49	42	5	-1	17	16	15	10	-1	14	13	-1	-1	-1	-1	-1	35	28	21	-1	23	-1	25	-1	27	-1	-1	30	-1	34	33	-1	-1	-1	37	-1	39	-1	41	-1	-1	44	-1	48	47	-1	-1	-1	59	58	57	54	-1	56	-1	-1	-1	-1	83	62	-1	70	65	-1	69	68	-1	-1	-1	78	73	-1	75	-1	77	-1	-1	80	-1	82	-1	-1	-1	116	89	88	-1	-1	113	96	93	-1	95	-1	-1	112	111	110	101	-1	103	-1	107	106	-1	-1	109	-1	-1	-1	-1	-1	115	-1	-1	118	-1	120	-1	122	-1	124	-1	-1
# Threshold
1.5	5.0373148918151855	4.8164451122283936	1.136110007762909	-2.0	4725.5	3.068179965019226	0.021290799602866173	81.0	-2.0	2.2105600833892822	0.5	-2.0	-2.0	-2.0	-2.0	-2.0	296400.0	0.5	17763.5	-2.0	31623.5	-2.0	497.0	-2.0	508489.0	-2.0	-2.0	6.5	-2.0	3.2762399911880493	9.5	-2.0	-2.0	-2.0	21259250.0	-2.0	37.0	-2.0	2.106955051422119	-2.0	-2.0	4.9117748737335205	-2.0	811838.0	4.950314998626709	-2.0	-2.0	-2.0	13187.0	1136.5	412.5	0.5	-2.0	828.5	-2.0	-2.0	-2.0	-2.0	29.5	10.943049907684326	-2.0	215.0	0.009837805293500423	-2.0	4.489879846572876	6.5	-2.0	-2.0	-2.0	32.51825141906738	486.0	-2.0	575.5	-2.0	69275.0	-2.0	-2.0	0.01416855026036501	-2.0	10241.5	-2.0	-2.0	-2.0	5.9998250007629395	520.0	25.5	-2.0	-2.0	5.986310005187988	0.5	0.5662640035152435	-2.0	4694.5	-2.0	-2.0	1.8447100520133972	3.7587199211120605	3.2808650732040405	4.5	-2.0	2.0931899547576904	-2.0	0.6206065118312836	0.5361320078372955	-2.0	-2.0	10.0	-2.0	-2.0	-2.0	-2.0	-2.0	13.0	-2.0	-2.0	80557.0	-2.0	65744.0	-2.0	1340975.0	-2.0	1874915.0	-2.0	-2.0
# Feature
9	3	3	3	-2	0	3	4	8	-2	3	6	-2	-2	-2	-2	-2	1	6	2	-2	8	-2	5	-2	2	-2	-2	5	-2	7	5	-2	-2	-2	1	-2	5	-2	3	-2	-2	3	-2	2	3	-2	-2	-2	2	8	8	9	-2	1	-2	-2	-2	-2	6	3	-2	5	4	-2	7	6	-2	-2	-2	7	5	-2	5	-2	8	-2	-2	4	-2	1	-2	-2	-2	3	0	2	-2	-2	3	6	7	-2	1	-2	-2	7	3	3	5	-2	3	-2	7	7	-2	-2	5	-2	-2	-2	-2	-2	5	-2	-2	8	-2	1	-2	0	-2	1	-2	-2
# Values
130.0	1495.0	2.0	57.0
109.0	275.0	0.0	49.0
109.0	64.0	0.0	7.0
70.0	61.0	0.0	7.0
25.0	0.0	0.0	0.0
45.0	61.0	0.0	7.0
6.0	32.0	0.0	1.0
6.0	13.0	0.0	1.0
2.0	13.0	0.0	1.0
0.0	2.0	0.0	1.0
2.0	11.0	0.0	0.0
2.0	5.0	0.0	0.0
0.0	4.0	0.0	0.0
2.0	1.0	0.0	0.0
0.0	6.0	0.0	0.0
4.0	0.0	0.0	0.0
0.0	19.0	0.0	0.0
39.0	29.0	0.0	6.0
37.0	14.0	0.0	4.0
23.0	2.0	0.0	4.0
0.0	1.0	0.0	2.0
23.0	1.0	0.0	2.0
19.0	0.0	0.0	0.0
4.0	1.0	0.0	2.0
1.0	0.0	0.0	2.0
3.0	1.0	0.0	0.0
2.0	0.0	0.0	0.0
1.0	1.0	0.0	0.0
14.0	12.0	0.0	0.0
0.0	7.0	0.0	0.0
14.0	5.0	0.0	0.0
14.0	1.0	0.0	0.0
3.0	1.0	0.0	0.0
11.0	0.0	0.0	0.0
0.0	4.0	0.0	0.0
2.0	15.0	0.0	2.0
0.0	11.0	0.0	0.0
2.0	4.0	0.0	2.0
1.0	0.0	0.0	2.0
1.0	4.0	0.0	0.0
0.0	3.0	0.0	0.0
1.0	1.0	0.0	0.0
39.0	3.0	0.0	0.0
33.0	0.0	0.0	0.0
6.0	3.0	0.0	0.0
5.0	1.0	0.0	0.0
1.0	1.0	0.0	0.0
4.0	0.0	0.0	0.0
1.0	2.0	0.0	0.0
0.0	211.0	0.0	42.0
0.0	25.0	0.0	26.0
0.0	25.0	0.0	6.0
0.0	8.0	0.0	6.0
0.0	0.0	0.0	4.0
0.0	8.0	0.0	2.0
0.0	7.0	0.0	0.0
0.0	1.0	0.0	2.0
0.0	17.0	0.0	0.0
0.0	0.0	0.0	20.0
0.0	186.0	0.0	16.0
0.0	186.0	0.0	14.0
0.0	75.0	0.0	0.0
0.0	111.0	0.0	14.0
0.0	74.0	0.0	2.0
0.0	52.0	0.0	0.0
0.0	22.0	0.0	2.0
0.0	4.0	0.0	2.0
0.0	4.0	0.0	0.0
0.0	0.0	0.0	2.0
0.0	18.0	0.0	0.0
0.0	37.0	0.0	12.0
0.0	6.0	0.0	9.0
0.0	0.0	0.0	5.0
0.0	6.0	0.0	4.0
0.0	5.0	0.0	0.0
0.0	1.0	0.0	4.0
0.0	0.0	0.0	2.0
0.0	1.0	0.0	2.0
0.0	31.0	0.0	3.0
0.0	28.0	0.0	0.0
0.0	3.0	0.0	3.0
0.0	3.0	0.0	0.0
0.0	0.0	0.0	3.0
0.0	0.0	0.0	2.0
21.0	1220.0	2.0	8.0
21.0	302.0	2.0	1.0
0.0	106.0	2.0	0.0
0.0	1.0	2.0	0.0
0.0	105.0	0.0	0.0
21.0	196.0	0.0	1.0
13.0	194.0	0.0	1.0
4.0	5.0	0.0	0.0
0.0	4.0	0.0	0.0
4.0	1.0	0.0	0.0
3.0	0.0	0.0	0.0
1.0	1.0	0.0	0.0
9.0	189.0	0.0	1.0
9.0	101.0	0.0	1.0
9.0	30.0	0.0	1.0
6.0	30.0	0.0	1.0
0.0	13.0	0.0	0.0
6.0	17.0	0.0	1.0
2.0	0.0	0.0	0.0
4.0	17.0	0.0	1.0
0.0	11.0	0.0	1.0
0.0	1.0	0.0	1.0
0.0	10.0	0.0	0.0
4.0	6.0	0.0	0.0
2.0	2.0	0.0	0.0
2.0	4.0	0.0	0.0
3.0	0.0	0.0	0.0
0.0	71.0	0.0	0.0
0.0	88.0	0.0	0.0
8.0	2.0	0.0	0.0
1.0	2.0	0.0	0.0
7.0	0.0	0.0	0.0
0.0	918.0	0.0	7.0
0.0	824.0	0.0	0.0
0.0	94.0	0.0	7.0
0.0	1.0	0.0	4.0
0.0	93.0	0.0	3.0
0.0	81.0	0.0	0.0
0.0	12.0	0.0	3.0
0.0	1.0	0.0	3.0
0.0	11.0	0.0	0.0
