# Sizes (NFeatures, Nclasses, NodeCount, MaxDepth)
10	5	145	15
# Classes
0.0	1.0	2.0	3.0	4.0
# Feature Names
Nrows	Ncols	Nnnz	AvgNnnz	Density	MaxRowNnnz	MinRowNnnz	StdRowNnnz	NDiags	NTrueDiags
# Left
1	2	3	4	5	6	7	8	9	-1	11	12	-1	-1	-1	16	-1	-1	19	-1	21	-1	23	-1	-1	-1	27	-1	-1	30	-1	-1	33	34	35	-1	37	-1	-1	-1	-1	42	-1	44	45	46	-1	48	-1	50	51	52	-1	54	-1	56	57	-1	59	60	-1	-1	63	-1	-1	-1	67	68	69	70	71	-1	-1	74	-1	-1	77	-1	79	-1	-1	-1	83	84	85	86	-1	88	-1	-1	-1	92	93	-1	-1	96	-1	98	-1	-1	101	-1	-1	-1	-1	106	107	-1	-1	-1	111	-1	113	114	-1	-1	117	118	119	120	121	-1	-1	124	-1	126	127	-1	-1	-1	131	-1	133	134	-1	-1	-1	138	139	-1	-1	142	-1	-1	-1
# Right
110	41	32	29	26	25	18	15	10	-1	14	13	-1	-1	-1	17	-1	-1	20	-1	22	-1	24	-1	-1	-1	28	-1	-1	31	-1	-1	40	39	36	-1	38	-1	-1	-1	-1	43	-1	105	104	47	-1	49	-1	103	66	53	-1	55	-1	65	58	-1	62	61	-1	-1	64	-1	-1	-1	82	81	76	73	72	-1	-1	75	-1	-1	78	-1	80	-1	-1	-1	100	91	90	87	-1	89	-1	-1	-1	95	94	-1	-1	97	-1	99	-1	-1	102	-1	-1	-1	-1	109	108	-1	-1	-1	112	-1	116	115	-1	-1	144	137	130	123	122	-1	-1	125	-1	129	128	-1	-1	-1	132	-1	136	135	-1	-1	-1	141	140	-1	-1	143	-1	-1	-1
# Threshold
25.89555072784424	40.0	964.5	3790.0	408.0	0.45000000298023224	2.5	3.871304988861084	3.5	-2.0	4.5	34.0	-2.0	-2.0	-2.0	5.5	-2.0	-2.0	0.0875246487557888	-2.0	0.15759849548339844	-2.0	163.5	-2.0	-2.0	-2.0	0.0075913851615041494	-2.0	-2.0	901.5	-2.0	-2.0	7.5	0.2862650007009506	3928.5	-2.0	2.7055950340582058e-05	-2.0	-2.0	-2.0	-2.0	123068.5	-2.0	2.5	5.5	0.7423380017280579	-2.0	4740.0	-2.0	14.727250099182129	96817.0	1042.0	-2.0	0.00012509799853432924	-2.0	20215.0	6.974679946899414	-2.0	0.00030743399111088365	67633.0	-2.0	-2.0	36.606149673461914	-2.0	-2.0	-2.0	157696.0	11.374859809875488	40339.0	4.891810178756714	3.166894930473063e-05	-2.0	-2.0	32972.0	-2.0	-2.0	2193820.0	-2.0	89842.5	-2.0	-2.0	-2.0	29638050.0	45.53579902648926	2.6735299825668335	362211.0	-2.0	918617.0	-2.0	-2.0	-2.0	264007.0	1113673.0	-2.0	-2.0	771054.0	-2.0	5598395.0	-2.0	-2.0	51369500.0	-2.0	-2.0	-2.0	-2.0	0.5	14.667250156402588	-2.0	-2.0	-2.0	26.03314971923828	-2.0	29140.5	412.0	-2.0	-2.0	658.6279907226562	292080.0	0.0017796549946069717	124476.0	1591680.0	-2.0	-2.0	136209.5	-2.0	220830.5	12.0	-2.0	-2.0	-2.0	0.00220555008854717	-2.0	320.52349853515625	0.0029787300154566765	-2.0	-2.0	-2.0	23522600.0	66.5	-2.0	-2.0	2.757835030555725	-2.0	-2.0	-2.0
# Feature
3	8	1	2	1	4	6	3	5	-2	9	1	-2	-2	-2	5	-2	-2	4	-2	4	-2	2	-2	-2	-2	4	-2	-2	0	-2	-2	8	7	0	-2	4	-2	-2	-2	-2	2	-2	6	9	7	-2	8	-2	3	1	5	-2	4	-2	5	3	-2	4	8	-2	-2	7	-2	-2	-2	8	3	8	3	4	-2	-2	8	-2	-2	2	-2	8	-2	-2	-2	2	7	7	8	-2	0	-2	-2	-2	8	2	-2	-2	8	-2	2	-2	-2	2	-2	-2	-2	-2	9	3	-2	-2	-2	3	-2	1	0	-2	-2	7	0	4	1	2	-2	-2	0	-2	0	9	-2	-2	-2	4	-2	3	4	-2	-2	-2	2	5	-2	-2	7	-2	-2	-2
# Values
336.3999999999998	336.3999999999968	336.4	336.40000000000003	336.40000000000003
320.06990291262116	264.56688567674115	336.3999999999999	0.0	22.426666666666666
0.0	30.722470433639938	336.4	0.0	0.0
0.0	12.15637319316689	301.89743589743586	0.0	0.0
0.0	11.493298291721421	198.38974358974357	0.0	0.0
0.0	7.514848883048622	198.3897435897436	0.0	0.0
0.0	6.851773981603153	198.3897435897436	0.0	0.0
0.0	5.74664914586071	69.0051282051282	0.0	0.0
0.0	3.978449408672798	69.0051282051282	0.0	0.0
0.0	0.0	43.128205128205124	0.0	0.0
0.0	3.978449408672798	25.876923076923077	0.0	0.0
0.0	3.978449408672798	0.0	0.0	0.0
0.0	1.5471747700394216	0.0	0.0	0.0
0.0	2.4312746386333766	0.0	0.0	0.0
0.0	0.0	25.876923076923077	0.0	0.0
0.0	1.7681997371879103	0.0	0.0	0.0
0.0	0.8840998685939553	0.0	0.0	0.0
0.0	0.8840998685939553	0.0	0.0	0.0
0.0	1.1051248357424441	129.3846153846154	0.0	0.0
0.0	0.0	69.0051282051282	0.0	0.0
0.0	1.1051248357424441	60.37948717948718	0.0	0.0
0.0	0.6630749014454664	0.0	0.0	0.0
0.0	0.44204993429697764	60.37948717948717	0.0	0.0
0.0	0.44204993429697764	8.625641025641025	0.0	0.0
0.0	0.0	51.753846153846155	0.0	0.0
0.0	0.6630749014454664	0.0	0.0	0.0
0.0	3.9784494086727986	0.0	0.0	0.0
0.0	1.1051248357424441	0.0	0.0	0.0
0.0	2.8733245729303545	0.0	0.0	0.0
0.0	0.6630749014454664	103.5076923076923	0.0	0.0
0.0	0.0	77.63076923076923	0.0	0.0
0.0	0.6630749014454664	25.876923076923077	0.0	0.0
0.0	18.566097240473063	34.5025641025641	0.0	0.0
0.0	7.514848883048621	34.5025641025641	0.0	0.0
0.0	2.431274638633377	34.5025641025641	0.0	0.0
0.0	1.3261498028909329	0.0	0.0	0.0
0.0	1.1051248357424441	34.5025641025641	0.0	0.0
0.0	0.22102496714848882	17.25128205128205	0.0	0.0
0.0	0.8840998685939553	17.25128205128205	0.0	0.0
0.0	5.083574244415243	0.0	0.0	0.0
0.0	11.051248357424445	0.0	0.0	0.0
320.0699029126211	233.8444152431012	0.0	0.0	22.426666666666666
0.0	154.4964520367941	0.0	0.0	0.0
320.06990291262116	79.34796320630743	0.0	0.0	22.426666666666666
320.0699029126212	57.24546649145848	0.0	0.0	0.0
320.0699029126212	46.636268068331034	0.0	0.0	0.0
0.0	7.072798948751642	0.0	0.0	0.0
320.06990291262116	39.56346911957945	0.0	0.0	0.0
0.0	8.619973718791066	0.0	0.0	0.0
320.0699029126212	30.94349540078842	0.0	0.0	0.0
320.0699029126212	26.965045992115638	0.0	0.0	0.0
78.38446601941747	16.35584756898818	0.0	0.0	0.0
0.0	9.504073587385022	0.0	0.0	0.0
78.38446601941746	6.851773981603155	0.0	0.0	0.0
0.0	2.431274638633377	0.0	0.0	0.0
78.38446601941746	4.4204993429697765	0.0	0.0	0.0
78.38446601941746	3.5363994743758207	0.0	0.0	0.0
0.0	1.1051248357424441	0.0	0.0	0.0
78.38446601941747	2.431274638633377	0.0	0.0	0.0
58.7883495145631	0.44204993429697764	0.0	0.0	0.0
52.256310679611644	0.0	0.0	0.0	0.0
6.532038834951456	0.44204993429697764	0.0	0.0	0.0
19.59611650485437	1.9892247043363993	0.0	0.0	0.0
0.0	1.7681997371879103	0.0	0.0	0.0
19.59611650485437	0.22102496714848882	0.0	0.0	0.0
0.0	0.8840998685939553	0.0	0.0	0.0
241.6854368932038	10.609198423127468	0.0	0.0	0.0
182.89708737864075	2.6522996057818657	0.0	0.0	0.0
182.8970873786408	1.9892247043363993	0.0	0.0	0.0
62.05436893203883	1.7681997371879106	0.0	0.0	0.0
48.99029126213591	0.22102496714848882	0.0	0.0	0.0
42.45825242718446	0.0	0.0	0.0	0.0
6.532038834951456	0.22102496714848882	0.0	0.0	0.0
13.064077669902913	1.5471747700394216	0.0	0.0	0.0
0.0	1.1051248357424441	0.0	0.0	0.0
13.064077669902913	0.44204993429697764	0.0	0.0	0.0
120.8427184466019	0.22102496714848882	0.0	0.0	0.0
97.98058252427182	0.0	0.0	0.0	0.0
22.862135922330097	0.22102496714848882	0.0	0.0	0.0
16.33009708737864	0.0	0.0	0.0	0.0
6.532038834951456	0.22102496714848882	0.0	0.0	0.0
0.0	0.6630749014454664	0.0	0.0	0.0
58.788349514563095	7.956898817345598	0.0	0.0	0.0
39.19223300970874	7.73587385019711	0.0	0.0	0.0
3.266019417475728	5.52562417871222	0.0	0.0	0.0
3.266019417475728	1.7681997371879103	0.0	0.0	0.0
3.266019417475728	0.22102496714848882	0.0	0.0	0.0
0.0	1.5471747700394216	0.0	0.0	0.0
0.0	0.6630749014454664	0.0	0.0	0.0
0.0	0.8840998685939553	0.0	0.0	0.0
0.0	3.7574244415243094	0.0	0.0	0.0
35.92621359223301	2.2102496714848883	0.0	0.0	0.0
16.33009708737864	0.22102496714848882	0.0	0.0	0.0
13.064077669902913	0.0	0.0	0.0	0.0
3.266019417475728	0.22102496714848882	0.0	0.0	0.0
19.59611650485437	1.9892247043363995	0.0	0.0	0.0
0.0	1.5471747700394218	0.0	0.0	0.0
19.59611650485437	0.44204993429697764	0.0	0.0	0.0
13.064077669902913	0.0	0.0	0.0	0.0
6.532038834951456	0.44204993429697764	0.0	0.0	0.0
19.59611650485437	0.22102496714848882	0.0	0.0	0.0
13.064077669902913	0.0	0.0	0.0	0.0
6.532038834951456	0.22102496714848882	0.0	0.0	0.0
0.0	3.9784494086727977	0.0	0.0	0.0
0.0	10.609198423127467	0.0	0.0	0.0
0.0	22.10249671484888	0.0	0.0	22.426666666666666
0.0	1.5471747700394216	0.0	0.0	22.426666666666666
0.0	1.1051248357424441	0.0	0.0	0.0
0.0	0.44204993429697764	0.0	0.0	22.426666666666666
0.0	20.55532194480947	0.0	0.0	0.0
16.33009708737864	71.83311432325884	0.0	336.40000000000003	313.97333333333336
0.0	0.0	0.0	336.40000000000003	0.0
16.33009708737864	71.83311432325878	0.0	0.0	313.97333333333336
0.0	43.983968462549186	0.0	0.0	0.0
0.0	0.44204993429697764	0.0	0.0	0.0
0.0	43.541918528252204	0.0	0.0	0.0
16.33009708737864	27.84914586070958	0.0	0.0	313.97333333333336
3.266019417475728	27.849145860709584	0.0	0.0	313.97333333333336
0.0	19.892247043364	0.0	0.0	313.97333333333336
0.0	18.56609724047306	0.0	0.0	156.98666666666668
0.0	13.261498028909333	0.0	0.0	0.0
0.0	0.44204993429697764	0.0	0.0	0.0
0.0	12.819448094612351	0.0	0.0	0.0
0.0	5.304599211563732	0.0	0.0	156.98666666666668
0.0	0.0	0.0	0.0	89.70666666666666
0.0	5.304599211563731	0.0	0.0	67.28
0.0	4.862549277266755	0.0	0.0	0.0
0.0	1.5471747700394218	0.0	0.0	0.0
0.0	3.315374507227332	0.0	0.0	0.0
0.0	0.44204993429697764	0.0	0.0	67.28
0.0	1.3261498028909329	0.0	0.0	156.98666666666668
0.0	0.0	0.0	0.0	89.70666666666666
0.0	1.3261498028909329	0.0	0.0	67.28
0.0	1.1051248357424441	0.0	0.0	0.0
0.0	0.44204993429697764	0.0	0.0	0.0
0.0	0.6630749014454664	0.0	0.0	0.0
0.0	0.22102496714848882	0.0	0.0	67.28
3.266019417475728	7.956898817345599	0.0	0.0	0.0
3.266019417475728	1.5471747700394216	0.0	0.0	0.0
0.0	1.3261498028909329	0.0	0.0	0.0
3.266019417475728	0.22102496714848882	0.0	0.0	0.0
0.0	6.409724047306177	0.0	0.0	0.0
0.0	0.6630749014454664	0.0	0.0	0.0
0.0	5.746649145860711	0.0	0.0	0.0
13.064077669902913	0.0	0.0	0.0	0.0
