# Sizes (NFeatures, Nclasses, NodeCount, MaxDepth)
10	5	171	15
# Classes
0.0	1.0	2.0	3.0	4.0
# Feature Names
Nrows	Ncols	Nnnz	AvgNnnz	Density	MaxRowNnnz	MinRowNnnz	StdRowNnnz	NDiags	NTrueDiags
# Left
1	2	3	4	5	6	-1	8	-1	10	11	12	13	14	-1	-1	17	-1	-1	20	21	-1	-1	-1	-1	-1	27	-1	-1	30	-1	-1	33	-1	-1	36	-1	38	-1	40	41	-1	-1	44	-1	-1	47	48	49	50	51	-1	53	54	55	56	57	58	-1	60	-1	-1	-1	64	-1	-1	-1	-1	69	-1	71	72	-1	74	-1	76	77	-1	79	80	-1	-1	83	-1	-1	86	-1	-1	89	90	91	92	-1	94	95	-1	-1	-1	-1	100	101	-1	103	-1	-1	106	-1	108	-1	-1	111	-1	113	-1	115	-1	-1	-1	119	120	121	-1	123	124	125	-1	-1	-1	-1	130	-1	-1	133	-1	135	-1	-1	138	139	140	-1	-1	143	144	145	-1	147	-1	-1	150	-1	-1	-1	154	-1	-1	157	158	-1	-1	161	-1	163	164	-1	166	-1	-1	169	-1	-1
# Right
46	35	32	29	26	7	-1	9	-1	25	24	19	16	15	-1	-1	18	-1	-1	23	22	-1	-1	-1	-1	-1	28	-1	-1	31	-1	-1	34	-1	-1	37	-1	39	-1	43	42	-1	-1	45	-1	-1	156	137	118	117	52	-1	68	67	66	63	62	59	-1	61	-1	-1	-1	65	-1	-1	-1	-1	70	-1	88	73	-1	75	-1	85	78	-1	82	81	-1	-1	84	-1	-1	87	-1	-1	110	99	98	93	-1	97	96	-1	-1	-1	-1	105	102	-1	104	-1	-1	107	-1	109	-1	-1	112	-1	114	-1	116	-1	-1	-1	132	129	122	-1	128	127	126	-1	-1	-1	-1	131	-1	-1	134	-1	136	-1	-1	153	142	141	-1	-1	152	149	146	-1	148	-1	-1	151	-1	-1	-1	155	-1	-1	160	159	-1	-1	162	-1	168	165	-1	167	-1	-1	170	-1	-1
# Threshold
31586.0	4700.5	16.5	21.0	980.5	25.5	-2.0	79.0	-2.0	0.18852650001645088	11.0	0.603516012430191	425.0	352.5	-2.0	-2.0	2917.5	-2.0	-2.0	0.04121205024421215	2.5	-2.0	-2.0	-2.0	-2.0	-2.0	0.00039903448487166315	-2.0	-2.0	120.0	-2.0	-2.0	0.5	-2.0	-2.0	11027.0	-2.0	72.54624938964844	-2.0	14281.5	12062.0	-2.0	-2.0	14482.0	-2.0	-2.0	36.0	10.5	14.736050128936768	89740500.0	322190.0	-2.0	49.0	2.5	1.5	12.5	4852550.0	195637.5	-2.0	3471630.0	-2.0	-2.0	-2.0	26.0	-2.0	-2.0	-2.0	-2.0	21011.0	-2.0	116120.5	8.488200182910077e-05	-2.0	17.950500011444092	-2.0	4.0	0.5	-2.0	0.00030158000299707055	28837.0	-2.0	-2.0	35.90834999084473	-2.0	-2.0	53506.5	-2.0	-2.0	1.5	2238480.0	1224305.0	4.883195161819458	-2.0	14.65565013885498	3.213194941054098e-05	-2.0	-2.0	-2.0	-2.0	4.59208490610763e-06	3.7408350706100464	-2.0	5591530.0	-2.0	-2.0	751795.0	-2.0	1275709.0	-2.0	-2.0	35052.0	-2.0	1696885.0	-2.0	286605.0	-2.0	-2.0	-2.0	481023.0	4.5	2509465.0	-2.0	415.9185028076172	5569505.0	44.47185134887695	-2.0	-2.0	-2.0	-2.0	0.00013134080290910788	-2.0	-2.0	126.5073013305664	-2.0	2.5	-2.0	-2.0	18.5	5765525.0	12.0	-2.0	-2.0	57197.0	439585.5	54.12294960021973	-2.0	0.0006466189806815237	-2.0	-2.0	12670.0	-2.0	-2.0	-2.0	0.0010684699518606067	-2.0	-2.0	29.105799674987793	58325.0	-2.0	-2.0	38432.0	-2.0	61638.5	52.255849838256836	-2.0	298.9525032043457	-2.0	-2.0	8.67868511704728e-05	-2.0	-2.0
# Feature
0	2	5	8	1	2	-2	2	-2	4	5	7	1	2	-2	-2	2	-2	-2	4	6	-2	-2	-2	-2	-2	4	-2	-2	2	-2	-2	6	-2	-2	8	-2	7	-2	0	8	-2	-2	8	-2	-2	9	9	3	0	2	-2	5	9	6	5	1	1	-2	2	-2	-2	-2	5	-2	-2	-2	-2	8	-2	0	4	-2	7	-2	9	6	-2	4	5	-2	-2	7	-2	-2	8	-2	-2	9	2	2	3	-2	7	4	-2	-2	-2	-2	4	3	-2	8	-2	-2	1	-2	0	-2	-2	5	-2	2	-2	5	-2	-2	-2	0	9	2	-2	7	2	3	-2	-2	-2	-2	4	-2	-2	7	-2	9	-2	-2	9	2	9	-2	-2	8	1	3	-2	4	-2	-2	8	-2	-2	-2	4	-2	-2	3	8	-2	-2	1	-2	0	3	-2	7	-2	-2	4	-2	-2
# Values
336.39999999999975	336.3999999999998	336.4000000000001	336.4	336.3999999999999
19.59611650485437	247.09222661396456	336.4000000000001	0.0	0.0
0.0	53.40737812911723	336.4000000000001	0.0	0.0
0.0	38.78129117259554	336.4000000000001	0.0	0.0
0.0	8.421080368906459	336.4000000000001	0.0	0.0
0.0	4.432147562582345	320.38095238095246	0.0	0.0
0.0	0.44321475625823453	0.0	0.0	0.0
0.0	3.988932806324111	320.38095238095246	0.0	0.0
0.0	0.0	80.0952380952381	0.0	0.0
0.0	3.988932806324111	240.28571428571433	0.0	0.0
0.0	3.1025032938076422	240.28571428571433	0.0	0.0
0.0	3.102503293807642	176.20952380952383	0.0	0.0
0.0	0.8864295125164691	160.1904761904762	0.0	0.0
0.0	0.22160737812911727	112.13333333333335	0.0	0.0
0.0	0.22160737812911727	16.01904761904762	0.0	0.0
0.0	0.0	96.11428571428573	0.0	0.0
0.0	0.6648221343873518	48.05714285714286	0.0	0.0
0.0	0.44321475625823453	0.0	0.0	0.0
0.0	0.22160737812911727	48.05714285714286	0.0	0.0
0.0	2.216073781291173	16.01904761904762	0.0	0.0
0.0	1.9944664031620554	0.0	0.0	0.0
0.0	0.6648221343873518	0.0	0.0	0.0
0.0	1.3296442687747037	0.0	0.0	0.0
0.0	0.22160737812911727	16.01904761904762	0.0	0.0
0.0	0.0	64.07619047619048	0.0	0.0
0.0	0.8864295125164691	0.0	0.0	0.0
0.0	3.9889328063241116	16.01904761904762	0.0	0.0
0.0	0.22160737812911727	16.01904761904762	0.0	0.0
0.0	3.767325428194994	0.0	0.0	0.0
0.0	30.360210803689093	0.0	0.0	0.0
0.0	0.44321475625823453	0.0	0.0	0.0
0.0	29.916996047430857	0.0	0.0	0.0
0.0	14.626086956521743	0.0	0.0	0.0
0.0	3.5457180500658767	0.0	0.0	0.0
0.0	11.080368906455869	0.0	0.0	0.0
19.59611650485437	193.6848484848479	0.0	0.0	0.0
0.0	164.4326745718047	0.0	0.0	0.0
19.59611650485437	29.252173913043514	0.0	0.0	0.0
0.0	23.711989459815566	0.0	0.0	0.0
19.59611650485437	5.5401844532279325	0.0	0.0	0.0
19.59611650485437	0.22160737812911727	0.0	0.0	0.0
3.266019417475728	0.22160737812911727	0.0	0.0	0.0
16.33009708737864	0.0	0.0	0.0	0.0
0.0	5.318577075098815	0.0	0.0	0.0
0.0	1.1080368906455864	0.0	0.0	0.0
0.0	4.210540184453229	0.0	0.0	0.0
316.80388349514544	89.30777338603426	0.0	336.4	336.3999999999999
307.00582524271823	80.22187088274039	0.0	0.0	316.01212121212114
300.47378640776674	60.05559947299066	0.0	0.0	132.52121212121213
290.6757281553395	49.19683794466397	0.0	0.0	20.387878787878787
287.4097087378639	49.196837944664	0.0	0.0	0.0
0.0	10.415546772068511	0.0	0.0	0.0
287.40970873786387	38.78129117259551	0.0	0.0	0.0
22.862135922330097	20.83109354413703	0.0	0.0	0.0
22.862135922330097	9.529117259552041	0.0	0.0	0.0
22.862135922330097	3.988932806324111	0.0	0.0	0.0
22.862135922330097	1.551251646903821	0.0	0.0	0.0
22.862135922330097	0.44321475625823453	0.0	0.0	0.0
16.33009708737864	0.0	0.0	0.0	0.0
6.532038834951456	0.44321475625823453	0.0	0.0	0.0
0.0	0.44321475625823453	0.0	0.0	0.0
6.532038834951456	0.0	0.0	0.0	0.0
0.0	1.1080368906455864	0.0	0.0	0.0
0.0	2.4376811594202903	0.0	0.0	0.0
0.0	0.6648221343873518	0.0	0.0	0.0
0.0	1.7728590250329381	0.0	0.0	0.0
0.0	5.5401844532279325	0.0	0.0	0.0
0.0	11.301976284584981	0.0	0.0	0.0
264.54757281553384	17.95019762845851	0.0	0.0	0.0
0.0	1.3296442687747037	0.0	0.0	0.0
264.54757281553384	16.620553359683804	0.0	0.0	0.0
68.58640776699028	8.642687747035575	0.0	0.0	0.0
0.0	4.653754940711463	0.0	0.0	0.0
68.58640776699028	3.9889328063241116	0.0	0.0	0.0
0.0	1.551251646903821	0.0	0.0	0.0
68.58640776699028	2.43768115942029	0.0	0.0	0.0
65.32038834951454	1.3296442687747037	0.0	0.0	0.0
3.266019417475728	0.6648221343873518	0.0	0.0	0.0
62.05436893203882	0.6648221343873518	0.0	0.0	0.0
52.25631067961164	0.22160737812911727	0.0	0.0	0.0
48.99029126213591	0.0	0.0	0.0	0.0
3.266019417475728	0.22160737812911727	0.0	0.0	0.0
9.798058252427184	0.44321475625823453	0.0	0.0	0.0
0.0	0.44321475625823453	0.0	0.0	0.0
9.798058252427184	0.0	0.0	0.0	0.0
3.266019417475728	1.1080368906455864	0.0	0.0	0.0
0.0	0.8864295125164691	0.0	0.0	0.0
3.266019417475728	0.22160737812911727	0.0	0.0	0.0
195.96116504854368	7.9778656126482215	0.0	0.0	0.0
173.09902912621357	3.7673254281949937	0.0	0.0	0.0
130.64077669902912	1.1080368906455864	0.0	0.0	0.0
88.18252427184467	1.1080368906455864	0.0	0.0	0.0
52.25631067961164	0.0	0.0	0.0	0.0
35.92621359223301	1.1080368906455864	0.0	0.0	0.0
13.064077669902913	1.1080368906455864	0.0	0.0	0.0
13.064077669902913	0.6648221343873518	0.0	0.0	0.0
0.0	0.44321475625823453	0.0	0.0	0.0
22.862135922330097	0.0	0.0	0.0	0.0
42.45825242718446	0.0	0.0	0.0	0.0
42.45825242718447	2.6592885375494073	0.0	0.0	0.0
39.19223300970874	0.22160737812911727	0.0	0.0	0.0
26.128155339805826	0.0	0.0	0.0	0.0
13.064077669902913	0.22160737812911727	0.0	0.0	0.0
3.266019417475728	0.22160737812911727	0.0	0.0	0.0
9.798058252427184	0.0	0.0	0.0	0.0
3.266019417475728	2.4376811594202903	0.0	0.0	0.0
0.0	1.3296442687747037	0.0	0.0	0.0
3.266019417475728	1.1080368906455864	0.0	0.0	0.0
3.266019417475728	0.22160737812911727	0.0	0.0	0.0
0.0	0.8864295125164691	0.0	0.0	0.0
22.862135922330097	4.210540184453229	0.0	0.0	0.0
0.0	3.1025032938076422	0.0	0.0	0.0
22.862135922330097	1.1080368906455864	0.0	0.0	0.0
16.33009708737864	0.0	0.0	0.0	0.0
6.532038834951456	1.1080368906455864	0.0	0.0	0.0
0.0	1.1080368906455864	0.0	0.0	0.0
6.532038834951456	0.0	0.0	0.0	0.0
3.266019417475728	0.0	0.0	0.0	20.387878787878787
9.798058252427184	10.858761528326745	0.0	0.0	112.13333333333333
0.0	7.31304347826087	0.0	0.0	112.13333333333334
0.0	4.432147562582346	0.0	0.0	112.13333333333333
0.0	2.8808959156785248	0.0	0.0	0.0
0.0	1.551251646903821	0.0	0.0	112.13333333333334
0.0	0.8864295125164691	0.0	0.0	112.13333333333333
0.0	0.8864295125164691	0.0	0.0	10.193939393939393
0.0	0.6648221343873518	0.0	0.0	0.0
0.0	0.22160737812911727	0.0	0.0	10.193939393939393
0.0	0.0	0.0	0.0	101.93939393939394
0.0	0.6648221343873518	0.0	0.0	0.0
0.0	2.8808959156785248	0.0	0.0	0.0
0.0	0.6648221343873518	0.0	0.0	0.0
0.0	2.216073781291173	0.0	0.0	0.0
9.798058252427184	3.5457180500658767	0.0	0.0	0.0
0.0	2.8808959156785248	0.0	0.0	0.0
9.798058252427184	0.6648221343873518	0.0	0.0	0.0
0.0	0.6648221343873518	0.0	0.0	0.0
9.798058252427184	0.0	0.0	0.0	0.0
6.532038834951456	20.166271409749687	0.0	0.0	183.49090909090904
0.0	9.75072463768116	0.0	0.0	183.49090909090904
0.0	6.4266139657444015	0.0	0.0	0.0
0.0	3.3241106719367597	0.0	0.0	0.0
0.0	3.1025032938076427	0.0	0.0	0.0
0.0	3.32411067193676	0.0	0.0	183.49090909090904
0.0	1.7728590250329381	0.0	0.0	183.49090909090907
0.0	0.6648221343873518	0.0	0.0	163.1030303030303
0.0	0.0	0.0	0.0	112.13333333333333
0.0	0.6648221343873518	0.0	0.0	50.96969696969697
0.0	0.6648221343873518	0.0	0.0	0.0
0.0	0.0	0.0	0.0	50.96969696969697
0.0	1.1080368906455864	0.0	0.0	20.387878787878787
0.0	0.22160737812911727	0.0	0.0	20.387878787878787
0.0	0.8864295125164691	0.0	0.0	0.0
0.0	1.551251646903821	0.0	0.0	0.0
6.532038834951456	10.415546772068513	0.0	0.0	0.0
0.0	10.193939393939395	0.0	0.0	0.0
6.532038834951456	0.22160737812911727	0.0	0.0	0.0
9.798058252427184	9.085902503293807	0.0	336.4	20.387878787878787
0.0	0.22160737812911727	0.0	336.4	0.0
0.0	0.22160737812911727	0.0	96.11428571428571	0.0
0.0	0.0	0.0	240.28571428571428	0.0
9.798058252427184	8.864295125164691	0.0	0.0	20.387878787878787
0.0	0.22160737812911727	0.0	0.0	20.387878787878787
9.798058252427184	8.642687747035573	0.0	0.0	0.0
9.798058252427184	1.7728590250329381	0.0	0.0	0.0
0.0	1.3296442687747037	0.0	0.0	0.0
9.798058252427184	0.44321475625823453	0.0	0.0	0.0
0.0	0.44321475625823453	0.0	0.0	0.0
9.798058252427184	0.0	0.0	0.0	0.0
0.0	6.8698287220026355	0.0	0.0	0.0
0.0	1.551251646903821	0.0	0.0	0.0
0.0	5.318577075098815	0.0	0.0	0.0
