# Sizes (NFeatures, Nclasses, NodeCount, MaxDepth)
10	5	139	15
# Classes
0.0	1.0	2.0	3.0	4.0
# Feature Names
Nrows	Ncols	Nnnz	AvgNnnz	Density	MaxRowNnnz	MinRowNnnz	StdRowNnnz	NDiags	NTrueDiags
# Left
1	2	3	4	5	6	7	8	9	10	-1	-1	-1	14	-1	-1	17	-1	-1	20	-1	-1	23	24	-1	26	-1	-1	-1	-1	31	-1	33	-1	-1	36	37	-1	-1	40	-1	42	43	44	-1	46	-1	-1	49	-1	-1	52	53	-1	55	56	-1	58	59	60	-1	-1	-1	64	-1	66	-1	-1	69	-1	71	-1	73	74	-1	76	77	78	-1	-1	81	-1	-1	84	85	-1	-1	88	-1	-1	-1	92	-1	-1	95	96	97	98	-1	100	-1	-1	103	104	-1	-1	107	108	-1	-1	111	-1	-1	114	-1	-1	117	118	119	120	121	122	-1	124	-1	-1	-1	128	-1	-1	131	-1	-1	134	-1	-1	137	-1	-1
# Right
94	35	30	29	22	19	16	13	12	11	-1	-1	-1	15	-1	-1	18	-1	-1	21	-1	-1	28	25	-1	27	-1	-1	-1	-1	32	-1	34	-1	-1	39	38	-1	-1	41	-1	51	48	45	-1	47	-1	-1	50	-1	-1	91	54	-1	68	57	-1	63	62	61	-1	-1	-1	65	-1	67	-1	-1	70	-1	72	-1	90	75	-1	83	80	79	-1	-1	82	-1	-1	87	86	-1	-1	89	-1	-1	-1	93	-1	-1	116	113	102	99	-1	101	-1	-1	106	105	-1	-1	110	109	-1	-1	112	-1	-1	115	-1	-1	136	133	130	127	126	123	-1	125	-1	-1	-1	129	-1	-1	132	-1	-1	135	-1	-1	138	-1	-1
# Threshold
15.539649963378906	48.0	964.5	10.966650009155273	0.13183600082993507	16.0	6.0	5.5	0.017992400098592043	930.5	-2.0	-2.0	-2.0	6.0	-2.0	-2.0	0.577349990606308	-2.0	-2.0	46.5	-2.0	-2.0	18.5	0.42341549694538116	-2.0	0.8396604955196381	-2.0	-2.0	-2.0	-2.0	7.207765065686544e-06	-2.0	1052.0	-2.0	-2.0	122806.5	8.951150084612891e-05	-2.0	-2.0	4810.5	-2.0	46.5	0.8118229806423187	13838.0	-2.0	28075.0	-2.0	-2.0	0.8502925038337708	-2.0	-2.0	3.5	10326.0	-2.0	4.90231990814209	106505.5	-2.0	5.78698992729187	170683.0	139508.0	-2.0	-2.0	-2.0	215082.5	-2.0	17.664589881896973	-2.0	-2.0	16926.5	-2.0	28633.5	-2.0	0.00043232999450992793	27711.0	-2.0	1290865.0	116120.5	636.5	-2.0	-2.0	187076.0	-2.0	-2.0	752162.0	1529.5	-2.0	-2.0	9.833179950714111	-2.0	-2.0	-2.0	276753.0	-2.0	-2.0	5693655.0	73436.0	2103850.0	24.0	-2.0	15.68655014038086	-2.0	-2.0	3.0	47534.0	-2.0	-2.0	10.5	7722.5	-2.0	-2.0	165.0	-2.0	-2.0	22527.5	-2.0	-2.0	250379.0	55.0	259.4145050048828	18.5	18.5	22.397600173950195	-2.0	11814900.0	-2.0	-2.0	-2.0	65.0	-2.0	-2.0	376.2501029968262	-2.0	-2.0	94.0	-2.0	-2.0	4.217060089111328	-2.0	-2.0
# Feature
3	8	0	3	4	8	9	8	4	0	-2	-2	-2	5	-2	-2	7	-2	-2	8	-2	-2	8	7	-2	7	-2	-2	-2	-2	4	-2	1	-2	-2	2	4	-2	-2	8	-2	5	7	8	-2	8	-2	-2	7	-2	-2	9	8	-2	3	1	-2	7	0	1	-2	-2	-2	8	-2	7	-2	-2	1	-2	8	-2	4	1	-2	2	1	5	-2	-2	0	-2	-2	1	5	-2	-2	3	-2	-2	-2	1	-2	-2	2	1	2	8	-2	3	-2	-2	9	1	-2	-2	6	5	-2	-2	5	-2	-2	5	-2	-2	8	9	7	9	6	3	-2	2	-2	-2	-2	6	-2	-2	3	-2	-2	5	-2	-2	7	-2	-2
# Values
336.3999999999999	336.3999999999975	336.40000000000003	336.4	336.40000000000003
322.3833333333332	223.81992031872306	302.75999999999993	0.0	0.0
0.0	26.80478087649403	302.76	0.0	0.0
0.0	12.50889774236387	285.94	0.0	0.0
0.0	11.615405046480737	285.93999999999994	0.0	0.0
0.0	10.49853917662682	156.98666666666668	0.0	0.0
0.0	3.5739707835325367	151.38	0.0	0.0
0.0	3.3505976095617536	89.70666666666668	0.0	0.0
0.0	1.5636122177954848	89.70666666666668	0.0	0.0
0.0	0.8934926958831342	84.10000000000001	0.0	0.0
0.0	0.0	61.67333333333333	0.0	0.0
0.0	0.8934926958831342	22.426666666666666	0.0	0.0
0.0	0.6701195219123506	5.6066666666666665	0.0	0.0
0.0	1.7869853917662684	0.0	0.0	0.0
0.0	1.1168658698539176	0.0	0.0	0.0
0.0	0.6701195219123506	0.0	0.0	0.0
0.0	0.22337317397078355	61.67333333333333	0.0	0.0
0.0	0.22337317397078355	5.6066666666666665	0.0	0.0
0.0	0.0	56.06666666666666	0.0	0.0
0.0	6.924568393094288	5.6066666666666665	0.0	0.0
0.0	6.701195219123505	0.0	0.0	0.0
0.0	0.22337317397078355	5.6066666666666665	0.0	0.0
0.0	1.1168658698539176	128.95333333333335	0.0	0.0
0.0	1.1168658698539178	61.67333333333333	0.0	0.0
0.0	0.6701195219123506	5.6066666666666665	0.0	0.0
0.0	0.4467463479415671	56.06666666666666	0.0	0.0
0.0	0.0	44.85333333333333	0.0	0.0
0.0	0.4467463479415671	11.213333333333333	0.0	0.0
0.0	0.0	67.28	0.0	0.0
0.0	0.8934926958831342	0.0	0.0	0.0
0.0	14.295883134130138	16.82	0.0	0.0
0.0	0.4467463479415671	16.82	0.0	0.0
0.0	13.849136786188566	0.0	0.0	0.0
0.0	0.6701195219123506	0.0	0.0	0.0
0.0	13.17901726427622	0.0	0.0	0.0
322.38333333333327	197.01513944222984	0.0	0.0	0.0
0.0	139.38486055776917	0.0	0.0	0.0
0.0	0.6701195219123506	0.0	0.0	0.0
0.0	138.71474103585675	0.0	0.0	0.0
322.3833333333332	57.63027888446228	0.0	0.0	0.0
0.0	13.625763612217787	0.0	0.0	0.0
322.3833333333332	44.00451527224441	0.0	0.0	0.0
14.016666666666667	21.66719787516601	0.0	0.0	0.0
14.016666666666667	4.914209827357237	0.0	0.0	0.0
14.016666666666667	0.22337317397078355	0.0	0.0	0.0
0.0	4.690836653386454	0.0	0.0	0.0
0.0	0.4467463479415671	0.0	0.0	0.0
0.0	4.244090305444888	0.0	0.0	0.0
0.0	16.75298804780876	0.0	0.0	0.0
0.0	0.6701195219123506	0.0	0.0	0.0
0.0	16.08286852589641	0.0	0.0	0.0
308.36666666666656	22.33731739707836	0.0	0.0	0.0
304.86249999999984	15.636122177954835	0.0	0.0	0.0
0.0	1.1168658698539178	0.0	0.0	0.0
304.86249999999984	14.519256308100921	0.0	0.0	0.0
126.15000000000003	2.457104913678619	0.0	0.0	0.0
0.0	0.8934926958831342	0.0	0.0	0.0
126.15	1.5636122177954848	0.0	0.0	0.0
101.62083333333335	0.4467463479415671	0.0	0.0	0.0
24.52916666666667	0.4467463479415671	0.0	0.0	0.0
17.520833333333336	0.0	0.0	0.0	0.0
7.008333333333334	0.4467463479415671	0.0	0.0	0.0
77.09166666666667	0.0	0.0	0.0	0.0
24.52916666666667	1.1168658698539176	0.0	0.0	0.0
0.0	0.6701195219123506	0.0	0.0	0.0
24.52916666666667	0.4467463479415671	0.0	0.0	0.0
3.504166666666667	0.4467463479415671	0.0	0.0	0.0
21.025000000000002	0.0	0.0	0.0	0.0
178.7125	12.062151394422305	0.0	0.0	0.0
28.033333333333335	0.0	0.0	0.0	0.0
150.67916666666667	12.062151394422303	0.0	0.0	0.0
0.0	1.1168658698539178	0.0	0.0	0.0
150.67916666666667	10.945285524568387	0.0	0.0	0.0
150.67916666666667	9.828419654714471	0.0	0.0	0.0
0.0	0.6701195219123506	0.0	0.0	0.0
150.67916666666667	9.15830013280212	0.0	0.0	0.0
126.15000000000005	5.137583001328021	0.0	0.0	0.0
59.57083333333335	4.244090305444888	0.0	0.0	0.0
0.0	1.1168658698539178	0.0	0.0	0.0
59.57083333333335	3.12722443559097	0.0	0.0	0.0
66.57916666666668	0.8934926958831342	0.0	0.0	0.0
45.554166666666674	0.0	0.0	0.0	0.0
21.025000000000002	0.8934926958831342	0.0	0.0	0.0
24.52916666666667	4.020717131474103	0.0	0.0	0.0
0.0	3.1272244355909695	0.0	0.0	0.0
0.0	0.6701195219123506	0.0	0.0	0.0
0.0	2.457104913678619	0.0	0.0	0.0
24.52916666666667	0.8934926958831342	0.0	0.0	0.0
0.0	0.6701195219123506	0.0	0.0	0.0
24.52916666666667	0.22337317397078355	0.0	0.0	0.0
0.0	1.1168658698539178	0.0	0.0	0.0
3.504166666666667	6.701195219123505	0.0	0.0	0.0
0.0	6.477822045152721	0.0	0.0	0.0
3.504166666666667	0.22337317397078355	0.0	0.0	0.0
14.016666666666667	112.58007968127532	33.64	336.4	336.40000000000003
14.016666666666667	90.6895086321384	33.64	336.4	37.37777777777778
14.016666666666667	82.87144754316095	33.64	0.0	37.37777777777778
0.0	76.84037184594976	33.64	0.0	0.0
0.0	0.22337317397078355	33.64	0.0	0.0
0.0	76.61699867197895	0.0	0.0	0.0
0.0	0.4467463479415671	0.0	0.0	0.0
0.0	76.17025232403736	0.0	0.0	0.0
14.016666666666667	6.031075697211155	0.0	0.0	37.37777777777778
0.0	0.6701195219123506	0.0	0.0	37.37777777777778
0.0	0.0	0.0	0.0	37.37777777777778
0.0	0.6701195219123506	0.0	0.0	0.0
14.016666666666667	5.360956175298804	0.0	0.0	0.0
14.016666666666667	2.010358565737052	0.0	0.0	0.0
0.0	2.010358565737052	0.0	0.0	0.0
14.016666666666667	0.0	0.0	0.0	0.0
0.0	3.3505976095617536	0.0	0.0	0.0
0.0	0.8934926958831342	0.0	0.0	0.0
0.0	2.457104913678619	0.0	0.0	0.0
0.0	7.818061088977421	0.0	336.4	0.0
0.0	7.818061088977419	0.0	0.0	0.0
0.0	0.0	0.0	336.4	0.0
0.0	21.890571049136778	0.0	0.0	299.02222222222224
0.0	12.732270916334656	0.0	0.0	299.0222222222223
0.0	9.381673306772903	0.0	0.0	299.0222222222223
0.0	8.041434262948206	0.0	0.0	299.0222222222223
0.0	2.6804780876494028	0.0	0.0	261.6444444444445
0.0	2.010358565737052	0.0	0.0	261.6444444444445
0.0	0.0	0.0	0.0	112.13333333333335
0.0	2.010358565737052	0.0	0.0	149.51111111111112
0.0	0.0	0.0	0.0	149.51111111111115
0.0	2.010358565737052	0.0	0.0	0.0
0.0	0.6701195219123506	0.0	0.0	0.0
0.0	5.360956175298804	0.0	0.0	37.37777777777778
0.0	5.360956175298805	0.0	0.0	0.0
0.0	0.0	0.0	0.0	37.37777777777778
0.0	1.3402390438247014	0.0	0.0	0.0
0.0	0.8934926958831342	0.0	0.0	0.0
0.0	0.4467463479415671	0.0	0.0	0.0
0.0	3.3505976095617527	0.0	0.0	0.0
0.0	0.4467463479415671	0.0	0.0	0.0
0.0	2.903851261620186	0.0	0.0	0.0
0.0	9.158300132802125	0.0	0.0	0.0
0.0	0.8934926958831342	0.0	0.0	0.0
0.0	8.26480743691899	0.0	0.0	0.0
