# Sizes (NFeatures, Nclasses, NodeCount, MaxDepth)
10	5	145	15
# Classes
0.0	1.0	2.0	3.0	4.0
# Feature Names
Nrows	Ncols	Nnnz	AvgNnnz	Density	MaxRowNnnz	MinRowNnnz	StdRowNnnz	NDiags	NTrueDiags
# Left
1	2	3	4	5	6	7	8	-1	10	-1	-1	13	-1	-1	-1	17	18	19	20	21	22	-1	24	-1	-1	-1	28	-1	-1	31	-1	-1	34	-1	-1	37	-1	-1	40	41	42	43	-1	-1	-1	-1	48	-1	-1	51	-1	-1	54	-1	-1	57	58	59	60	-1	62	63	-1	-1	-1	67	-1	69	70	71	-1	-1	74	-1	-1	77	78	79	-1	81	-1	83	-1	85	-1	87	-1	89	90	-1	-1	93	-1	-1	96	-1	-1	99	-1	-1	102	103	-1	-1	106	107	108	109	110	111	-1	113	-1	-1	116	-1	118	-1	120	121	-1	123	124	-1	-1	-1	-1	-1	130	-1	-1	133	-1	-1	-1	137	138	-1	140	-1	-1	143	-1	-1
# Right
56	53	50	39	16	15	12	9	-1	11	-1	-1	14	-1	-1	-1	36	33	30	27	26	23	-1	25	-1	-1	-1	29	-1	-1	32	-1	-1	35	-1	-1	38	-1	-1	47	46	45	44	-1	-1	-1	-1	49	-1	-1	52	-1	-1	55	-1	-1	136	101	66	61	-1	65	64	-1	-1	-1	68	-1	76	73	72	-1	-1	75	-1	-1	98	95	80	-1	82	-1	84	-1	86	-1	88	-1	92	91	-1	-1	94	-1	-1	97	-1	-1	100	-1	-1	105	104	-1	-1	135	132	129	128	115	112	-1	114	-1	-1	117	-1	119	-1	127	122	-1	126	125	-1	-1	-1	-1	-1	131	-1	-1	134	-1	-1	-1	142	139	-1	141	-1	-1	144	-1	-1
# Threshold
3020.0	48.0	3.9495149850845337	1697.5	42.5	9.5	81.5	0.3018215000629425	-2.0	0.39834700524806976	-2.0	-2.0	5.657780170440674	-2.0	-2.0	-2.0	1.4805750250816345	24.0	0.8399555087089539	5.5	0.02037355024367571	2.5	-2.0	4.369750022888184	-2.0	-2.0	-2.0	3610.0	-2.0	-2.0	199.5	-2.0	-2.0	3.7888100147247314	-2.0	-2.0	7.5	-2.0	-2.0	0.2707185000181198	7.5	6.0	12308.5	-2.0	-2.0	-2.0	-2.0	2126.5	-2.0	-2.0	30.0	-2.0	-2.0	43.5	-2.0	-2.0	427.8695068359375	2.5	0.6574940085411072	6271655.0	-2.0	0.5540115237236023	5206515.0	-2.0	-2.0	-2.0	11044.5	-2.0	45.5	11.248600006103516	2.6081550121307373	-2.0	-2.0	13.48075008392334	-2.0	-2.0	0.0010063699446618557	5.5	10570.5	-2.0	115218.5	-2.0	16024.5	-2.0	30119.5	-2.0	21247.5	-2.0	74184.0	3.5	-2.0	-2.0	111492.5	-2.0	-2.0	15498.0	-2.0	-2.0	21.65329933166504	-2.0	-2.0	2142880.0	170.22150421142578	-2.0	-2.0	8425.0	476775.0	54.0	464726.5	4.5	5.085855082143098e-05	-2.0	63692.0	-2.0	-2.0	43.79630088806152	-2.0	16.082250118255615	-2.0	74.5	105277.0	-2.0	99.9640998840332	13.5	-2.0	-2.0	-2.0	-2.0	-2.0	56.96510124206543	-2.0	-2.0	514571.5	-2.0	-2.0	-2.0	21.0	1046265.0	-2.0	334325.5	-2.0	-2.0	49.0	-2.0	-2.0
# Feature
8	8	7	1	0	5	2	4	-2	4	-2	-2	3	-2	-2	-2	7	8	7	5	4	9	-2	3	-2	-2	-2	2	-2	-2	1	-2	-2	3	-2	-2	5	-2	-2	7	8	9	1	-2	-2	-2	-2	0	-2	-2	8	-2	-2	1	-2	-2	7	6	7	2	-2	7	1	-2	-2	-2	0	-2	5	3	3	-2	-2	3	-2	-2	4	9	8	-2	2	-2	0	-2	0	-2	8	-2	8	9	-2	-2	8	-2	-2	0	-2	-2	3	-2	-2	2	7	-2	-2	5	1	9	8	9	4	-2	8	-2	-2	3	-2	7	-2	6	0	-2	7	6	-2	-2	-2	-2	-2	3	-2	-2	1	-2	-2	-2	9	8	-2	5	-2	-2	9	-2	-2
# Values
336.4	336.4000000000036	336.3999999999999	336.4	336.40000000000003
0.0	182.17083060824064	336.4	0.0	0.0
0.0	33.22197514715502	336.3999999999999	0.0	0.0
0.0	31.021844342707652	336.4000000000001	0.0	0.0
0.0	14.740876389797252	312.3714285714285	0.0	0.0
0.0	1.5400915631131458	128.15238095238098	0.0	0.0
0.0	1.5400915631131458	56.06666666666668	0.0	0.0
0.0	0.4400261608894702	48.057142857142864	0.0	0.0
0.0	0.0	24.02857142857143	0.0	0.0
0.0	0.4400261608894702	24.02857142857143	0.0	0.0
0.0	0.4400261608894702	8.00952380952381	0.0	0.0
0.0	0.0	16.01904761904762	0.0	0.0
0.0	1.1000654022236755	8.00952380952381	0.0	0.0
0.0	0.8800523217789404	0.0	0.0	0.0
0.0	0.2200130804447351	8.00952380952381	0.0	0.0
0.0	0.0	72.08571428571429	0.0	0.0
0.0	13.200784826684107	184.21904761904767	0.0	0.0
0.0	9.02053629823414	184.21904761904767	0.0	0.0
0.0	6.160366252452583	176.20952380952386	0.0	0.0
0.0	5.720340091563113	104.12380952380954	0.0	0.0
0.0	1.7601046435578809	96.11428571428573	0.0	0.0
0.0	0.8800523217789404	88.10476190476192	0.0	0.0
0.0	0.0	64.07619047619048	0.0	0.0
0.0	0.8800523217789404	24.02857142857143	0.0	0.0
0.0	0.8800523217789404	0.0	0.0	0.0
0.0	0.0	24.02857142857143	0.0	0.0
0.0	0.8800523217789404	8.00952380952381	0.0	0.0
0.0	3.960235448005232	8.00952380952381	0.0	0.0
0.0	3.3001962066710266	0.0	0.0	0.0
0.0	0.6600392413342053	8.00952380952381	0.0	0.0
0.0	0.4400261608894702	72.08571428571429	0.0	0.0
0.0	0.4400261608894702	8.00952380952381	0.0	0.0
0.0	0.0	64.07619047619048	0.0	0.0
0.0	2.8601700457815564	8.00952380952381	0.0	0.0
0.0	0.4400261608894702	8.00952380952381	0.0	0.0
0.0	2.420143884892086	0.0	0.0	0.0
0.0	4.180248528449967	0.0	0.0	0.0
0.0	1.3200784826684107	0.0	0.0	0.0
0.0	2.8601700457815564	0.0	0.0	0.0
0.0	16.2809679529104	24.02857142857143	0.0	0.0
0.0	4.400261608894702	24.02857142857143	0.0	0.0
0.0	1.3200784826684107	24.02857142857143	0.0	0.0
0.0	1.1000654022236755	8.00952380952381	0.0	0.0
0.0	0.2200130804447351	8.00952380952381	0.0	0.0
0.0	0.8800523217789404	0.0	0.0	0.0
0.0	0.2200130804447351	16.01904761904762	0.0	0.0
0.0	3.0801831262262915	0.0	0.0	0.0
0.0	11.880706344015696	0.0	0.0	0.0
0.0	1.980117724002616	0.0	0.0	0.0
0.0	9.90058862001308	0.0	0.0	0.0
0.0	2.200130804447351	0.0	0.0	0.0
0.0	0.8800523217789404	0.0	0.0	0.0
0.0	1.3200784826684107	0.0	0.0	0.0
0.0	148.9488554610856	0.0	0.0	0.0
0.0	0.6600392413342053	0.0	0.0	0.0
0.0	148.28881621975125	0.0	0.0	0.0
336.4000000000001	154.2291693917591	0.0	336.4	336.4000000000001
300.78117647058826	152.24905166775648	0.0	0.0	336.4000000000001
292.8658823529412	97.46579463701751	0.0	0.0	84.10000000000001
0.0	7.920470896010464	0.0	0.0	70.08333333333334
0.0	4.400261608894702	0.0	0.0	0.0
0.0	3.5202092871157618	0.0	0.0	70.08333333333334
0.0	3.5202092871157618	0.0	0.0	0.0
0.0	0.6600392413342053	0.0	0.0	0.0
0.0	2.8601700457815564	0.0	0.0	0.0
0.0	0.0	0.0	0.0	70.08333333333334
292.8658823529412	89.54532374100714	0.0	0.0	14.016666666666667
0.0	34.32204054937871	0.0	0.0	0.0
292.8658823529412	55.223283191628646	0.0	0.0	14.016666666666667
3.9576470588235293	14.080837148463047	0.0	0.0	14.016666666666667
3.9576470588235293	12.100719424460431	0.0	0.0	0.0
3.9576470588235293	0.4400261608894702	0.0	0.0	0.0
0.0	11.66069326357096	0.0	0.0	0.0
0.0	1.980117724002616	0.0	0.0	14.016666666666667
0.0	0.2200130804447351	0.0	0.0	14.016666666666667
0.0	1.7601046435578809	0.0	0.0	0.0
288.90823529411773	41.14244604316552	0.0	0.0	0.0
288.90823529411773	34.98207979071292	0.0	0.0	0.0
288.90823529411773	27.721648136036645	0.0	0.0	0.0
0.0	5.940353172007848	0.0	0.0	0.0
288.9082352941177	21.781294964028785	0.0	0.0	0.0
0.0	1.1000654022236755	0.0	0.0	0.0
288.9082352941178	20.68122956180511	0.0	0.0	0.0
35.61882352941176	0.0	0.0	0.0	0.0
253.28941176470596	20.681229561805104	0.0	0.0	0.0
0.0	2.6401569653368213	0.0	0.0	0.0
253.28941176470602	18.041072596468283	0.0	0.0	0.0
0.0	1.7601046435578809	0.0	0.0	0.0
253.289411764706	16.2809679529104	0.0	0.0	0.0
162.26352941176478	6.160366252452583	0.0	0.0	0.0
162.2635294117647	5.280313930673643	0.0	0.0	0.0
0.0	0.8800523217789404	0.0	0.0	0.0
91.02588235294118	10.120601700457815	0.0	0.0	0.0
0.0	2.420143884892086	0.0	0.0	0.0
91.02588235294118	7.700457815565729	0.0	0.0	0.0
0.0	7.260431654676259	0.0	0.0	0.0
0.0	0.4400261608894702	0.0	0.0	0.0
0.0	6.820405493786788	0.0	0.0	0.0
0.0	6.160366252452583	0.0	0.0	0.0
0.0	0.6600392413342053	0.0	0.0	0.0
0.0	5.500327011118378	0.0	0.0	0.0
7.915294117647059	54.78325703073915	0.0	0.0	252.30000000000007
3.9576470588235293	28.82171353826033	0.0	0.0	0.0
0.0	28.60170045781559	0.0	0.0	0.0
3.9576470588235293	0.2200130804447351	0.0	0.0	0.0
3.9576470588235293	25.96154349247876	0.0	0.0	252.30000000000004
0.0	25.301504251144543	0.0	0.0	252.30000000000007
0.0	16.060954872465665	0.0	0.0	252.30000000000007
0.0	12.100719424460431	0.0	0.0	252.30000000000007
0.0	10.78064094179202	0.0	0.0	252.30000000000004
0.0	0.6600392413342053	0.0	0.0	112.13333333333334
0.0	0.0	0.0	0.0	84.10000000000001
0.0	0.6600392413342053	0.0	0.0	28.033333333333335
0.0	0.0	0.0	0.0	28.033333333333335
0.0	0.6600392413342053	0.0	0.0	0.0
0.0	10.120601700457815	0.0	0.0	140.16666666666669
0.0	4.180248528449967	0.0	0.0	0.0
0.0	5.940353172007848	0.0	0.0	140.16666666666669
0.0	2.420143884892086	0.0	0.0	0.0
0.0	3.5202092871157618	0.0	0.0	140.16666666666669
0.0	3.5202092871157618	0.0	0.0	84.10000000000001
0.0	2.420143884892086	0.0	0.0	0.0
0.0	1.1000654022236755	0.0	0.0	84.10000000000001
0.0	0.2200130804447351	0.0	0.0	84.10000000000001
0.0	0.0	0.0	0.0	70.08333333333334
0.0	0.2200130804447351	0.0	0.0	14.016666666666667
0.0	0.8800523217789404	0.0	0.0	0.0
0.0	0.0	0.0	0.0	56.06666666666667
0.0	1.3200784826684107	0.0	0.0	0.0
0.0	3.960235448005232	0.0	0.0	0.0
0.0	0.6600392413342053	0.0	0.0	0.0
0.0	3.3001962066710266	0.0	0.0	0.0
0.0	9.240549378678875	0.0	0.0	0.0
0.0	1.7601046435578809	0.0	0.0	0.0
0.0	7.480444735120994	0.0	0.0	0.0
3.9576470588235293	0.6600392413342053	0.0	0.0	0.0
35.61882352941176	1.980117724002616	0.0	336.4	0.0
19.788235294117648	1.980117724002616	0.0	0.0	0.0
0.0	1.5400915631131458	0.0	0.0	0.0
19.788235294117648	0.4400261608894702	0.0	0.0	0.0
0.0	0.4400261608894702	0.0	0.0	0.0
19.788235294117648	0.0	0.0	0.0	0.0
15.830588235294117	0.0	0.0	336.4	0.0
0.0	0.0	0.0	336.4	0.0
15.830588235294117	0.0	0.0	0.0	0.0
