# Sizes (NFeatures, Nclasses, NodeCount, MaxDepth)
10	5	163	15
# Classes
0.0	1.0	2.0	3.0	4.0
# Feature Names
Nrows	Ncols	Nnnz	AvgNnnz	Density	MaxRowNnnz	MinRowNnnz	StdRowNnnz	NDiags	NTrueDiags
# Left
1	2	3	4	5	6	7	8	9	10	11	12	-1	-1	15	16	17	18	-1	-1	-1	22	-1	24	-1	-1	-1	28	-1	-1	31	-1	33	-1	35	-1	-1	38	39	-1	41	-1	-1	-1	-1	-1	-1	48	49	-1	-1	-1	53	-1	-1	56	57	58	59	-1	61	-1	63	64	65	66	-1	68	69	70	-1	-1	-1	74	-1	-1	-1	-1	79	-1	-1	82	83	84	-1	-1	87	-1	89	-1	-1	92	-1	-1	95	-1	-1	98	99	-1	-1	102	103	104	105	-1	107	-1	-1	-1	111	112	-1	114	115	-1	-1	-1	119	120	-1	-1	-1	124	125	-1	-1	128	129	130	131	132	-1	134	-1	-1	-1	138	-1	-1	141	-1	143	144	-1	146	-1	-1	-1	150	-1	-1	153	-1	155	156	157	-1	159	-1	-1	-1	-1
# Right
152	55	52	47	46	45	44	37	30	27	14	13	-1	-1	26	21	20	19	-1	-1	-1	23	-1	25	-1	-1	-1	29	-1	-1	32	-1	34	-1	36	-1	-1	43	40	-1	42	-1	-1	-1	-1	-1	-1	51	50	-1	-1	-1	54	-1	-1	97	94	81	60	-1	62	-1	78	77	76	67	-1	73	72	71	-1	-1	-1	75	-1	-1	-1	-1	80	-1	-1	91	86	85	-1	-1	88	-1	90	-1	-1	93	-1	-1	96	-1	-1	101	100	-1	-1	123	110	109	106	-1	108	-1	-1	-1	118	113	-1	117	116	-1	-1	-1	122	121	-1	-1	-1	127	126	-1	-1	149	140	137	136	133	-1	135	-1	-1	-1	139	-1	-1	142	-1	148	145	-1	147	-1	-1	-1	151	-1	-1	154	-1	162	161	158	-1	160	-1	-1	-1	-1
# Threshold
56861.5	174374.0	50.5	1664.5	4.415645003318787	12161.0	3.469449996948242	25.5	7.5	6.5	1.5	618.5	-2.0	-2.0	5156.5	4.161439895629883	998.5	0.28949400037527084	-2.0	-2.0	-2.0	212.5	-2.0	4660.5	-2.0	-2.0	-2.0	596.0	-2.0	-2.0	7.5	-2.0	158.0	-2.0	6.645040035247803	-2.0	-2.0	3.46214497089386	1.3270300030708313	-2.0	1.5	-2.0	-2.0	-2.0	-2.0	-2.0	-2.0	1.916664958000183	0.00014983899745857343	-2.0	-2.0	-2.0	56.0	-2.0	-2.0	2156500.0	2.5	120028.5	12308.0	-2.0	1092.0	-2.0	5993.5	4.0	18.065749645233154	16.401450157165527	-2.0	544436.5	25.53279972076416	0.00016873300046427175	-2.0	-2.0	-2.0	58027.0	-2.0	-2.0	-2.0	-2.0	14195.0	-2.0	-2.0	1.0	4.891810178756714	3.281704994151369e-05	-2.0	-2.0	32972.0	-2.0	167402.0	-2.0	-2.0	4383.0	-2.0	-2.0	176656.5	-2.0	-2.0	20174.5	6.959434986114502	-2.0	-2.0	3.1636150197300594e-05	0.5	15.010899543762207	1388145.0	-2.0	4.76939999316528e-06	-2.0	-2.0	-2.0	0.672421008348465	6271655.0	-2.0	6.330759987349666e-07	2.117745041847229	-2.0	-2.0	-2.0	1019590.0	167712.0	-2.0	-2.0	-2.0	30508.0	0.005416820058599114	-2.0	-2.0	398.8465118408203	64.53074836730957	0.00020569399930536747	494590.5	5327790.0	-2.0	244611.0	-2.0	-2.0	-2.0	5.0	-2.0	-2.0	75.86124801635742	-2.0	143201.5	1971.5	-2.0	76.49724960327148	-2.0	-2.0	-2.0	49.0	-2.0	-2.0	126643.0	-2.0	10.350409984588623	692358.0	5.999510049819946	-2.0	7.374274730682373	-2.0	-2.0	-2.0	-2.0
# Feature
5	2	8	1	7	2	7	8	9	5	9	0	-2	-2	2	3	2	7	-2	-2	-2	1	-2	2	-2	-2	-2	1	-2	-2	5	-2	2	-2	3	-2	-2	3	7	-2	9	-2	-2	-2	-2	-2	-2	3	4	-2	-2	-2	8	-2	-2	2	6	1	8	-2	5	-2	5	9	3	7	-2	2	7	4	-2	-2	-2	8	-2	-2	-2	-2	8	-2	-2	9	3	4	-2	-2	8	-2	8	-2	-2	5	-2	-2	2	-2	-2	8	3	-2	-2	4	6	3	0	-2	4	-2	-2	-2	7	2	-2	4	3	-2	-2	-2	1	8	-2	-2	-2	1	4	-2	-2	7	3	4	1	2	-2	8	-2	-2	-2	6	-2	-2	7	-2	0	5	-2	3	-2	-2	-2	9	-2	-2	8	-2	3	8	3	-2	3	-2	-2	-2	-2
# Values
336.39999999999986	336.4000000000032	336.40000000000003	336.4	336.40000000000003
269.12000000000006	333.7354455445578	336.4	0.0	336.4
0.0	215.82891089109012	329.53469387755115	0.0	0.0
0.0	30.86442244224419	329.53469387755115	0.0	0.0
0.0	16.65346534653464	322.66938775510215	0.0	0.0
0.0	15.765280528052793	322.6693877551021	0.0	0.0
0.0	14.877095709570945	322.66938775510215	0.0	0.0
0.0	14.877095709570943	281.47755102040816	0.0	0.0
0.0	7.993663366336631	267.7469387755102	0.0	0.0
0.0	6.883432343234322	137.3061224489796	0.0	0.0
0.0	4.218877887788779	137.30612244897958	0.0	0.0
0.0	0.22204620462046204	54.922448979591834	0.0	0.0
0.0	0.0	41.19183673469388	0.0	0.0
0.0	0.22204620462046204	13.730612244897959	0.0	0.0
0.0	3.9968316831683173	82.38367346938774	0.0	0.0
0.0	3.108646864686469	82.38367346938774	0.0	0.0
0.0	2.2204620462046205	20.59591836734694	0.0	0.0
0.0	1.3322772277227724	20.59591836734694	0.0	0.0
0.0	0.6661386138613861	20.59591836734694	0.0	0.0
0.0	0.6661386138613861	0.0	0.0	0.0
0.0	0.8881848184818482	0.0	0.0	0.0
0.0	0.8881848184818482	61.78775510204081	0.0	0.0
0.0	0.4440924092409241	13.730612244897959	0.0	0.0
0.0	0.4440924092409241	48.05714285714285	0.0	0.0
0.0	0.0	34.326530612244895	0.0	0.0
0.0	0.4440924092409241	13.730612244897959	0.0	0.0
0.0	0.8881848184818482	0.0	0.0	0.0
0.0	2.6645544554455443	0.0	0.0	0.0
0.0	1.1102310231023103	0.0	0.0	0.0
0.0	1.5543234323432342	0.0	0.0	0.0
0.0	1.1102310231023103	130.44081632653064	0.0	0.0
0.0	0.0	75.51836734693877	0.0	0.0
0.0	1.1102310231023103	54.92244897959183	0.0	0.0
0.0	0.8881848184818482	0.0	0.0	0.0
0.0	0.22204620462046204	54.922448979591834	0.0	0.0
0.0	0.22204620462046204	6.865306122448979	0.0	0.0
0.0	0.0	48.05714285714285	0.0	0.0
0.0	6.883432343234323	13.730612244897959	0.0	0.0
0.0	2.442508250825082	13.730612244897959	0.0	0.0
0.0	1.11023102310231	0.0	0.0	0.0
0.0	1.3322772277227721	13.730612244897959	0.0	0.0
0.0	1.3322772277227721	0.0	0.0	0.0
0.0	0.0	13.730612244897959	0.0	0.0
0.0	4.440924092409241	0.0	0.0	0.0
0.0	0.0	41.19183673469388	0.0	0.0
0.0	0.8881848184818482	0.0	0.0	0.0
0.0	0.8881848184818482	0.0	0.0	0.0
0.0	14.210957095709563	6.865306122448979	0.0	0.0
0.0	1.5543234323432342	6.865306122448979	0.0	0.0
0.0	1.3322772277227721	0.0	0.0	0.0
0.0	0.22204620462046204	6.865306122448979	0.0	0.0
0.0	12.656633663366332	0.0	0.0	0.0
0.0	184.96448844884563	0.0	0.0	0.0
0.0	0.6661386138613861	0.0	0.0	0.0
0.0	184.29834983498395	0.0	0.0	0.0
269.12000000000006	117.90653465346603	6.865306122448979	0.0	336.4000000000001
218.66000000000008	70.38864686468644	0.0	0.0	0.0
218.66000000000005	35.30534653465342	0.0	0.0	0.0
67.27999999999999	31.08646864686465	0.0	0.0	0.0
0.0	16.43141914191418	0.0	0.0	0.0
67.27999999999999	14.655049504950481	0.0	0.0	0.0
0.0	7.993663366336632	0.0	0.0	0.0
67.28	6.661386138613859	0.0	0.0	0.0
67.28	3.108646864686469	0.0	0.0	0.0
67.27999999999999	2.4425082508250826	0.0	0.0	0.0
67.27999999999999	1.9984158415841584	0.0	0.0	0.0
0.0	0.6661386138613861	0.0	0.0	0.0
67.27999999999999	1.3322772277227724	0.0	0.0	0.0
60.55199999999999	0.6661386138613861	0.0	0.0	0.0
16.82	0.6661386138613861	0.0	0.0	0.0
16.82	0.0	0.0	0.0	0.0
0.0	0.6661386138613861	0.0	0.0	0.0
43.732	0.0	0.0	0.0	0.0
6.728	0.6661386138613861	0.0	0.0	0.0
0.0	0.4440924092409241	0.0	0.0	0.0
6.728	0.22204620462046204	0.0	0.0	0.0
0.0	0.4440924092409241	0.0	0.0	0.0
0.0	0.6661386138613861	0.0	0.0	0.0
0.0	3.552739273927393	0.0	0.0	0.0
0.0	0.6661386138613861	0.0	0.0	0.0
0.0	2.886600660066007	0.0	0.0	0.0
151.38000000000002	4.218877887788779	0.0	0.0	0.0
148.01600000000002	0.8881848184818482	0.0	0.0	0.0
121.104	0.22204620462046204	0.0	0.0	0.0
117.73999999999997	0.0	0.0	0.0	0.0
3.364	0.22204620462046204	0.0	0.0	0.0
26.912000000000003	0.6661386138613861	0.0	0.0	0.0
0.0	0.4440924092409241	0.0	0.0	0.0
26.912	0.22204620462046204	0.0	0.0	0.0
23.548000000000002	0.0	0.0	0.0	0.0
3.364	0.22204620462046204	0.0	0.0	0.0
3.364	3.3306930693069305	0.0	0.0	0.0
0.0	3.108646864686469	0.0	0.0	0.0
3.364	0.22204620462046204	0.0	0.0	0.0
0.0	35.08330033003296	0.0	0.0	0.0
0.0	0.4440924092409241	0.0	0.0	0.0
0.0	34.63920792079203	0.0	0.0	0.0
50.459999999999994	47.517887788778815	6.865306122448979	0.0	336.4000000000001
0.0	12.434587458745867	6.865306122448979	0.0	0.0
0.0	0.6661386138613861	6.865306122448979	0.0	0.0
0.0	11.76844884488448	0.0	0.0	0.0
50.45999999999999	35.08330033003296	0.0	0.0	336.4
40.368	17.097557755775565	0.0	0.0	39.576470588235296
33.64	2.6645544554455447	0.0	0.0	0.0
33.64	1.3322772277227721	0.0	0.0	0.0
0.0	1.11023102310231	0.0	0.0	0.0
33.64	0.22204620462046204	0.0	0.0	0.0
26.912	0.0	0.0	0.0	0.0
6.728	0.22204620462046204	0.0	0.0	0.0
0.0	1.3322772277227724	0.0	0.0	0.0
6.728	14.433003300330027	0.0	0.0	39.576470588235296
0.0	3.7747854785478547	0.0	0.0	39.576470588235296
0.0	1.1102310231023103	0.0	0.0	0.0
0.0	2.6645544554455443	0.0	0.0	39.576470588235296
0.0	2.4425082508250826	0.0	0.0	19.788235294117648
0.0	0.22204620462046204	0.0	0.0	19.788235294117648
0.0	2.22046204620462	0.0	0.0	0.0
0.0	0.22204620462046204	0.0	0.0	19.788235294117648
6.728	10.658217821782175	0.0	0.0	0.0
6.728	1.3322772277227721	0.0	0.0	0.0
0.0	1.11023102310231	0.0	0.0	0.0
6.728	0.22204620462046204	0.0	0.0	0.0
0.0	9.325940594059404	0.0	0.0	0.0
10.091999999999999	17.985742574257415	0.0	0.0	296.8235294117647
3.364	1.5543234323432342	0.0	0.0	0.0
3.364	0.22204620462046204	0.0	0.0	0.0
0.0	1.3322772277227721	0.0	0.0	0.0
6.728	16.43141914191418	0.0	0.0	296.82352941176475
0.0	15.09914191419141	0.0	0.0	296.8235294117647
0.0	11.32435643564356	0.0	0.0	59.36470588235294
0.0	4.44092409240924	0.0	0.0	59.36470588235294
0.0	1.9984158415841584	0.0	0.0	59.36470588235294
0.0	1.7763696369636963	0.0	0.0	0.0
0.0	0.22204620462046204	0.0	0.0	59.36470588235294
0.0	0.0	0.0	0.0	39.576470588235296
0.0	0.22204620462046204	0.0	0.0	19.788235294117648
0.0	2.442508250825082	0.0	0.0	0.0
0.0	6.883432343234323	0.0	0.0	0.0
0.0	1.3322772277227721	0.0	0.0	0.0
0.0	5.55115511551155	0.0	0.0	0.0
0.0	3.7747854785478547	0.0	0.0	237.45882352941175
0.0	1.9984158415841584	0.0	0.0	0.0
0.0	1.776369636963696	0.0	0.0	237.45882352941175
0.0	1.11023102310231	0.0	0.0	237.4588235294118
0.0	0.0	0.0	0.0	138.51764705882354
0.0	1.11023102310231	0.0	0.0	98.94117647058823
0.0	0.4440924092409241	0.0	0.0	59.36470588235294
0.0	0.6661386138613861	0.0	0.0	39.576470588235296
0.0	0.6661386138613861	0.0	0.0	0.0
6.728	1.3322772277227724	0.0	0.0	0.0
0.0	1.3322772277227721	0.0	0.0	0.0
6.728	0.0	0.0	0.0	0.0
67.28	2.6645544554455443	0.0	336.4	0.0
10.091999999999999	0.0	0.0	336.4	0.0
57.187999999999995	2.6645544554455443	0.0	0.0	0.0
57.188	0.6661386138613861	0.0	0.0	0.0
26.912	0.6661386138613861	0.0	0.0	0.0
6.728	0.4440924092409241	0.0	0.0	0.0
20.183999999999997	0.22204620462046204	0.0	0.0	0.0
13.456	0.0	0.0	0.0	0.0
6.728	0.22204620462046204	0.0	0.0	0.0
30.276	0.0	0.0	0.0	0.0
0.0	1.9984158415841584	0.0	0.0	0.0
