# Sizes (NFeatures, Nclasses, NodeCount, MaxDepth)
10	5	145	15
# Classes
0.0	1.0	2.0	3.0	4.0
# Feature Names
Nrows	Ncols	Nnnz	AvgNnnz	Density	MaxRowNnnz	MinRowNnnz	StdRowNnnz	NDiags	NTrueDiags
# Left
1	2	3	4	-1	6	7	8	9	10	-1	-1	-1	-1	15	-1	17	18	19	20	-1	-1	-1	-1	-1	-1	27	28	29	-1	-1	32	-1	-1	-1	36	-1	-1	39	40	41	42	-1	44	-1	-1	47	48	-1	50	-1	-1	-1	54	55	56	57	58	59	-1	61	-1	-1	64	-1	-1	67	-1	69	70	-1	-1	73	74	75	-1	77	-1	79	80	-1	-1	-1	-1	85	86	87	-1	89	90	-1	-1	-1	94	-1	-1	97	-1	99	-1	-1	-1	-1	104	105	-1	-1	108	109	110	111	-1	113	-1	115	116	-1	-1	-1	-1	-1	122	123	-1	-1	126	-1	-1	129	130	131	-1	-1	-1	135	136	-1	-1	139	-1	141	142	-1	-1	-1
# Right
38	35	26	5	-1	25	14	13	12	11	-1	-1	-1	-1	16	-1	24	23	22	21	-1	-1	-1	-1	-1	-1	34	31	30	-1	-1	33	-1	-1	-1	37	-1	-1	128	53	46	43	-1	45	-1	-1	52	49	-1	51	-1	-1	-1	103	102	101	66	63	60	-1	62	-1	-1	65	-1	-1	68	-1	72	71	-1	-1	84	83	76	-1	78	-1	82	81	-1	-1	-1	-1	96	93	88	-1	92	91	-1	-1	-1	95	-1	-1	98	-1	100	-1	-1	-1	-1	107	106	-1	-1	121	120	119	112	-1	114	-1	118	117	-1	-1	-1	-1	-1	125	124	-1	-1	127	-1	-1	134	133	132	-1	-1	-1	138	137	-1	-1	140	-1	144	143	-1	-1	-1
# Threshold
48.0	976.5	20.5	8.0	-2.0	959.0	6.5	4.5	2.5	99.0	-2.0	-2.0	-2.0	-2.0	0.00954861519858241	-2.0	3775.5	198.5	19.5	1.4539849758148193	-2.0	-2.0	-2.0	-2.0	-2.0	-2.0	51.0	8.5	37.5	-2.0	-2.0	7.0	-2.0	-2.0	-2.0	872875.0	-2.0	-2.0	314.3655090332031	11061.0	514571.5	123961.0	-2.0	2276040.0	-2.0	-2.0	9.0	5810245.0	-2.0	3.585855007171631	-2.0	-2.0	-2.0	15.204549789428711	97197696.0	3.5	46.5	0.5	3.021315023943316e-06	-2.0	53236.0	-2.0	-2.0	8.566790228314858e-07	-2.0	-2.0	11002.0	-2.0	3.1992000341415405	485832.5	-2.0	-2.0	31.611949920654297	1346610.0	39082.0	-2.0	32751.0	-2.0	149465.5	0.5	-2.0	-2.0	-2.0	-2.0	1.5	617741.0	194862.0	-2.0	230167.0	0.5	-2.0	-2.0	-2.0	0.5	-2.0	-2.0	5059.0	-2.0	10.32371997833252	-2.0	-2.0	-2.0	-2.0	2574485.0	11454.5	-2.0	-2.0	481.5	15.0	11814900.0	3.5	-2.0	109711.0	-2.0	34.57345008850098	237277.0	-2.0	-2.0	-2.0	-2.0	-2.0	202.77350616455078	2.0	-2.0	-2.0	50616.0	-2.0	-2.0	3496465.0	136958.0	58507.0	-2.0	-2.0	-2.0	9775915.0	539.697509765625	-2.0	-2.0	0.5	-2.0	2607.4650268554688	0.012473400216549635	-2.0	-2.0	-2.0
# Feature
8	0	8	0	-2	1	5	9	5	2	-2	-2	-2	-2	4	-2	2	1	1	7	-2	-2	-2	-2	-2	-2	1	5	8	-2	-2	9	-2	-2	-2	1	-2	-2	7	8	1	0	-2	2	-2	-2	6	2	-2	7	-2	-2	-2	3	0	9	5	6	4	-2	2	-2	-2	4	-2	-2	0	-2	7	2	-2	-2	7	2	0	-2	8	-2	8	6	-2	-2	-2	-2	6	0	2	-2	1	6	-2	-2	-2	9	-2	-2	5	-2	3	-2	-2	-2	-2	2	0	-2	-2	5	9	2	6	-2	1	-2	3	1	-2	-2	-2	-2	-2	7	9	-2	-2	1	-2	-2	2	8	0	-2	-2	-2	2	7	-2	-2	6	-2	7	4	-2	-2	-2
# Values
336.4000000000004	336.3999999999958	336.40000000000003	336.4	336.4
0.0	29.49321028345419	336.3999999999999	0.0	0.0
0.0	12.63994726433751	299.83478260869566	0.0	0.0
0.0	3.991562294001319	263.26956521739135	0.0	0.0
0.0	0.665260382333553	0.0	0.0	0.0
0.0	3.3263019116677657	263.26956521739135	0.0	0.0
0.0	2.4392880685563614	255.95652173913047	0.0	0.0
0.0	0.665260382333553	138.9478260869565	0.0	0.0
0.0	0.665260382333553	65.81739130434782	0.0	0.0
0.0	0.22175346077785102	65.81739130434782	0.0	0.0
0.0	0.22175346077785102	14.626086956521739	0.0	0.0
0.0	0.0	51.191304347826076	0.0	0.0
0.0	0.44350692155570204	0.0	0.0	0.0
0.0	0.0	73.13043478260869	0.0	0.0
0.0	1.7740276862228084	117.0086956521739	0.0	0.0
0.0	0.665260382333553	0.0	0.0	0.0
0.0	1.108767303889255	117.00869565217391	0.0	0.0
0.0	1.1087673038892552	80.44347826086957	0.0	0.0
0.0	0.665260382333553	80.44347826086957	0.0	0.0
0.0	0.665260382333553	29.252173913043478	0.0	0.0
0.0	0.22175346077785102	14.626086956521739	0.0	0.0
0.0	0.44350692155570204	14.626086956521739	0.0	0.0
0.0	0.0	51.19130434782608	0.0	0.0
0.0	0.44350692155570204	0.0	0.0	0.0
0.0	0.0	36.565217391304344	0.0	0.0
0.0	0.8870138431114041	7.3130434782608695	0.0	0.0
0.0	8.64838497033619	36.565217391304344	0.0	0.0
0.0	1.330520764667106	36.565217391304344	0.0	0.0
0.0	1.330520764667106	7.3130434782608695	0.0	0.0
0.0	0.665260382333553	0.0	0.0	0.0
0.0	0.665260382333553	7.3130434782608695	0.0	0.0
0.0	0.0	29.252173913043478	0.0	0.0
0.0	0.0	14.626086956521739	0.0	0.0
0.0	0.0	14.626086956521739	0.0	0.0
0.0	7.317864205669085	0.0	0.0	0.0
0.0	16.853263019116678	36.565217391304344	0.0	0.0
0.0	16.853263019116678	0.0	0.0	0.0
0.0	0.0	36.565217391304344	0.0	0.0
336.4000000000004	306.90678971654216	0.0	336.4	336.4
257.2470588235296	303.13698088331876	0.0	0.0	284.6461538461539
6.596078431372549	222.19696769940444	0.0	0.0	51.753846153846155
6.596078431372549	218.64891232695885	0.0	0.0	0.0
0.0	213.7703361898462	0.0	0.0	0.0
6.596078431372549	4.878576137112723	0.0	0.0	0.0
6.596078431372549	0.22175346077785102	0.0	0.0	0.0
0.0	4.656822676334872	0.0	0.0	0.0
0.0	3.5480553724456163	0.0	0.0	51.753846153846155
0.0	1.9957811470006592	0.0	0.0	51.753846153846155
0.0	1.108767303889255	0.0	0.0	0.0
0.0	0.8870138431114041	0.0	0.0	51.753846153846155
0.0	0.0	0.0	0.0	51.753846153846155
0.0	0.8870138431114041	0.0	0.0	0.0
0.0	1.552274225444957	0.0	0.0	0.0
250.650980392157	80.94001318391518	0.0	0.0	232.8923076923077
230.86274509803937	49.89452867501634	0.0	0.0	25.876923076923077
230.86274509803937	49.67277521423849	0.0	0.0	0.0
230.86274509803937	35.480553724456136	0.0	0.0	0.0
13.192156862745097	16.853263019116678	0.0	0.0	0.0
13.192156862745097	1.9957811470006592	0.0	0.0	0.0
13.192156862745097	0.44350692155570204	0.0	0.0	0.0
0.0	1.552274225444957	0.0	0.0	0.0
0.0	0.665260382333553	0.0	0.0	0.0
0.0	0.8870138431114041	0.0	0.0	0.0
0.0	14.85748187211602	0.0	0.0	0.0
0.0	3.104548450889914	0.0	0.0	0.0
0.0	11.752933421226105	0.0	0.0	0.0
217.67058823529422	18.627290705339487	0.0	0.0	0.0
0.0	1.552274225444957	0.0	0.0	0.0
217.67058823529422	17.07501647989453	0.0	0.0	0.0
59.36470588235293	0.665260382333553	0.0	0.0	0.0
0.0	0.665260382333553	0.0	0.0	0.0
59.36470588235293	0.0	0.0	0.0	0.0
158.3058823529412	16.409756097560976	0.0	0.0	0.0
36.278431372549015	10.200659195781148	0.0	0.0	0.0
36.27843137254902	6.209096901779829	0.0	0.0	0.0
0.0	2.882794990112063	0.0	0.0	0.0
36.278431372549015	3.3263019116677657	0.0	0.0	0.0
0.0	1.9957811470006592	0.0	0.0	0.0
36.278431372549015	1.3305207646671062	0.0	0.0	0.0
36.278431372549015	0.8870138431114041	0.0	0.0	0.0
3.2980392156862743	0.8870138431114041	0.0	0.0	0.0
32.98039215686274	0.0	0.0	0.0	0.0
0.0	0.44350692155570204	0.0	0.0	0.0
0.0	3.9915622940013185	0.0	0.0	0.0
122.02745098039213	6.209096901779829	0.0	0.0	0.0
46.172549019607835	5.100329597890574	0.0	0.0	0.0
16.49019607843137	4.878576137112723	0.0	0.0	0.0
0.0	1.9957811470006592	0.0	0.0	0.0
16.49019607843137	2.8827949901120635	0.0	0.0	0.0
16.49019607843137	1.7740276862228082	0.0	0.0	0.0
0.0	0.8870138431114041	0.0	0.0	0.0
16.49019607843137	0.8870138431114041	0.0	0.0	0.0
0.0	1.1087673038892552	0.0	0.0	0.0
29.682352941176468	0.22175346077785102	0.0	0.0	0.0
26.384313725490195	0.0	0.0	0.0	0.0
3.2980392156862743	0.22175346077785102	0.0	0.0	0.0
75.8549019607843	1.1087673038892552	0.0	0.0	0.0
49.470588235294116	0.0	0.0	0.0	0.0
26.384313725490195	1.108767303889255	0.0	0.0	0.0
26.384313725490195	0.0	0.0	0.0	0.0
0.0	1.108767303889255	0.0	0.0	0.0
0.0	14.192221489782467	0.0	0.0	0.0
0.0	0.22175346077785102	0.0	0.0	25.876923076923077
19.788235294117648	31.045484508899147	0.0	0.0	207.01538461538462
9.894117647058824	11.752933421226105	0.0	0.0	0.0
9.894117647058824	0.665260382333553	0.0	0.0	0.0
0.0	11.087673038892552	0.0	0.0	0.0
9.894117647058824	19.29255108767304	0.0	0.0	207.01538461538462
0.0	10.422412656558999	0.0	0.0	207.01538461538462
0.0	4.435069215557021	0.0	0.0	207.01538461538462
0.0	1.1087673038892552	0.0	0.0	207.01538461538462
0.0	0.0	0.0	0.0	103.50769230769231
0.0	1.1087673038892552	0.0	0.0	103.50769230769231
0.0	0.44350692155570204	0.0	0.0	0.0
0.0	0.665260382333553	0.0	0.0	103.50769230769231
0.0	0.665260382333553	0.0	0.0	25.876923076923077
0.0	0.44350692155570204	0.0	0.0	0.0
0.0	0.22175346077785102	0.0	0.0	25.876923076923077
0.0	0.0	0.0	0.0	77.63076923076923
0.0	3.3263019116677657	0.0	0.0	0.0
0.0	5.987343441001978	0.0	0.0	0.0
9.894117647058824	8.870138431114041	0.0	0.0	0.0
0.0	7.761371127224787	0.0	0.0	0.0
0.0	0.665260382333553	0.0	0.0	0.0
0.0	7.0961107448912335	0.0	0.0	0.0
9.894117647058824	1.1087673038892552	0.0	0.0	0.0
0.0	0.8870138431114041	0.0	0.0	0.0
9.894117647058824	0.22175346077785102	0.0	0.0	0.0
79.15294117647058	3.769808833223468	0.0	336.4	51.753846153846155
42.87450980392157	0.0	0.0	336.4	0.0
13.192156862745097	0.0	0.0	336.4	0.0
13.192156862745097	0.0	0.0	84.1	0.0
0.0	0.0	0.0	252.29999999999998	0.0
29.682352941176468	0.0	0.0	0.0	0.0
36.278431372549015	3.769808833223468	0.0	0.0	51.753846153846155
29.682352941176468	0.44350692155570204	0.0	0.0	0.0
0.0	0.44350692155570204	0.0	0.0	0.0
29.682352941176468	0.0	0.0	0.0	0.0
6.596078431372549	3.3263019116677657	0.0	0.0	51.753846153846155
0.0	0.8870138431114041	0.0	0.0	51.753846153846155
6.596078431372549	2.4392880685563614	0.0	0.0	0.0
0.0	2.439288068556361	0.0	0.0	0.0
0.0	1.1087673038892552	0.0	0.0	0.0
0.0	1.330520764667106	0.0	0.0	0.0
6.596078431372549	0.0	0.0	0.0	0.0
