# Sizes (NFeatures, Nclasses, NodeCount, MaxDepth)
10	5	151	14
# Classes
0.0	1.0	2.0	3.0	4.0
# Feature Names
Nrows	Ncols	Nnnz	AvgNnnz	Density	MaxRowNnnz	MinRowNnnz	StdRowNnnz	NDiags	NTrueDiags
# Left
1	2	3	4	5	-1	7	8	9	-1	11	-1	13	-1	-1	-1	17	-1	19	-1	21	-1	-1	24	25	-1	-1	-1	29	30	31	32	-1	-1	35	-1	-1	-1	-1	-1	41	42	43	-1	45	46	-1	-1	49	-1	51	-1	-1	54	-1	56	57	58	-1	60	-1	62	-1	64	-1	66	-1	68	-1	-1	71	72	73	-1	75	-1	77	78	-1	80	81	-1	-1	-1	85	-1	-1	-1	-1	90	-1	92	-1	-1	95	96	97	98	99	100	101	102	-1	-1	105	106	-1	-1	109	-1	-1	112	-1	-1	115	-1	-1	118	-1	-1	-1	122	123	-1	125	126	127	128	-1	-1	-1	132	133	-1	135	136	-1	-1	-1	140	-1	-1	-1	-1	145	-1	147	-1	149	-1	-1
# Right
40	39	28	23	6	-1	16	15	10	-1	12	-1	14	-1	-1	-1	18	-1	20	-1	22	-1	-1	27	26	-1	-1	-1	38	37	34	33	-1	-1	36	-1	-1	-1	-1	-1	94	53	44	-1	48	47	-1	-1	50	-1	52	-1	-1	55	-1	89	70	59	-1	61	-1	63	-1	65	-1	67	-1	69	-1	-1	88	87	74	-1	76	-1	84	79	-1	83	82	-1	-1	-1	86	-1	-1	-1	-1	91	-1	93	-1	-1	144	121	120	117	114	111	104	103	-1	-1	108	107	-1	-1	110	-1	-1	113	-1	-1	116	-1	-1	119	-1	-1	-1	143	124	-1	142	131	130	129	-1	-1	-1	139	134	-1	138	137	-1	-1	-1	141	-1	-1	-1	-1	146	-1	148	-1	150	-1	-1
# Threshold
2999.0	49.5	980.5	21.5	10.5	-2.0	506.0	0.39584700763225555	5.5	-2.0	8.0	-2.0	198.5	-2.0	-2.0	-2.0	606.0	-2.0	4.5	-2.0	958.5	-2.0	-2.0	51.5	36.0	-2.0	-2.0	-2.0	0.0006952525000087917	7657895.0	9848.0	2761.0	-2.0	-2.0	3.0	-2.0	-2.0	-2.0	-2.0	-2.0	1966475.0	35749.0	1486.5	-2.0	12.81629991531372	1666.5	-2.0	-2.0	11950.0	-2.0	1.5	-2.0	-2.0	2.3342100381851196	-2.0	3.5	116120.5	20.270299911499023	-2.0	636.5	-2.0	8.023285045055673e-05	-2.0	324662.0	-2.0	0.5	-2.0	0.000308283997583203	-2.0	-2.0	3.637610097939614e-05	5.453505039215088	147544.5	-2.0	104.5	-2.0	1249275.0	196097.5	-2.0	2.378424960625125e-05	6.811025142669678	-2.0	-2.0	-2.0	368702.5	-2.0	-2.0	-2.0	-2.0	121621.5	-2.0	1653140.0	-2.0	-2.0	427.8695068359375	3.173580080328975e-05	281472008.0	1.5	1.3518050309357932e-05	69178100.0	7056760.0	4.59417998790741	-2.0	-2.0	35604950.0	1.0	-2.0	-2.0	3.5614998523669783e-06	-2.0	-2.0	2.3265885710716248	-2.0	-2.0	299491.5	-2.0	-2.0	2.725310039863871e-07	-2.0	-2.0	-2.0	476203.5	30861.0	-2.0	55.0	6623025.0	0.0018099049921147525	6044.5	-2.0	-2.0	-2.0	14528700.0	113952.0	-2.0	12.0	0.0003637469926616177	-2.0	-2.0	-2.0	73.51219940185547	-2.0	-2.0	-2.0	-2.0	3496465.0	-2.0	0.5	-2.0	598.9020080566406	-2.0	-2.0
# Feature
8	8	1	8	0	-2	0	4	8	-2	8	-2	1	-2	-2	-2	1	-2	5	-2	1	-2	-2	0	8	-2	-2	-2	4	2	2	2	-2	-2	8	-2	-2	-2	-2	-2	2	1	5	-2	3	5	-2	-2	8	-2	9	-2	-2	7	-2	9	0	7	-2	5	-2	4	-2	2	-2	6	-2	4	-2	-2	4	3	1	-2	5	-2	2	1	-2	4	7	-2	-2	-2	1	-2	-2	-2	-2	8	-2	2	-2	-2	7	4	2	6	4	2	2	7	-2	-2	2	9	-2	-2	4	-2	-2	7	-2	-2	1	-2	-2	4	-2	-2	-2	0	0	-2	9	2	4	8	-2	-2	-2	2	1	-2	9	4	-2	-2	-2	3	-2	-2	-2	-2	2	-2	6	-2	3	-2	-2
# Values
336.39999999999986	336.3999999999959	336.4	336.40000000000003	336.40000000000003
0.0	184.08859934853461	336.4	0.0	0.0
0.0	31.33889250814336	336.4	0.0	0.0
0.0	12.05342019543974	296.3523809523809	0.0	0.0
0.0	5.478827361563518	248.29523809523818	0.0	0.0
0.0	1.3149185667752443	8.00952380952381	0.0	0.0
0.0	4.1639087947882745	240.28571428571433	0.0	0.0
0.0	2.1915309446254074	200.23809523809527	0.0	0.0
0.0	1.753224755700326	200.2380952380953	0.0	0.0
0.0	0.0	88.1047619047619	0.0	0.0
0.0	1.7532247557003262	112.13333333333335	0.0	0.0
0.0	1.5340716612377854	0.0	0.0	0.0
0.0	0.21915309446254072	112.13333333333334	0.0	0.0
0.0	0.0	88.10476190476192	0.0	0.0
0.0	0.21915309446254072	24.02857142857143	0.0	0.0
0.0	0.43830618892508144	0.0	0.0	0.0
0.0	1.9723778501628668	40.04761904761905	0.0	0.0
0.0	0.8766123778501629	0.0	0.0	0.0
0.0	1.0957654723127037	40.04761904761905	0.0	0.0
0.0	0.6574592833876222	0.0	0.0	0.0
0.0	0.43830618892508144	40.04761904761905	0.0	0.0
0.0	0.0	32.03809523809524	0.0	0.0
0.0	0.43830618892508144	8.00952380952381	0.0	0.0
0.0	6.574592833876221	48.05714285714286	0.0	0.0
0.0	0.8766123778501629	48.057142857142864	0.0	0.0
0.0	0.8766123778501629	0.0	0.0	0.0
0.0	0.0	48.05714285714286	0.0	0.0
0.0	5.697980456026059	0.0	0.0	0.0
0.0	19.285472312703597	40.04761904761905	0.0	0.0
0.0	8.10866449511401	40.04761904761905	0.0	0.0
0.0	8.108664495114006	16.01904761904762	0.0	0.0
0.0	0.6574592833876222	16.01904761904762	0.0	0.0
0.0	0.43830618892508144	8.00952380952381	0.0	0.0
0.0	0.21915309446254072	8.00952380952381	0.0	0.0
0.0	7.451205211726382	0.0	0.0	0.0
0.0	0.6574592833876222	0.0	0.0	0.0
0.0	6.793745928338761	0.0	0.0	0.0
0.0	0.0	24.02857142857143	0.0	0.0
0.0	11.176807817589578	0.0	0.0	0.0
0.0	152.7497068403912	0.0	0.0	0.0
336.3999999999998	152.31140065146613	0.0	336.40000000000003	336.40000000000003
250.4311111111112	106.28925081433248	0.0	0.0	0.0
11.213333333333333	81.30579804560277	0.0	0.0	0.0
0.0	67.71830618892521	0.0	0.0	0.0
11.213333333333333	13.587491856677525	0.0	0.0	0.0
0.0	10.957654723127035	0.0	0.0	0.0
0.0	0.8766123778501629	0.0	0.0	0.0
0.0	10.081042345276874	0.0	0.0	0.0
11.213333333333333	2.6298371335504886	0.0	0.0	0.0
0.0	2.410684039087948	0.0	0.0	0.0
11.213333333333333	0.21915309446254072	0.0	0.0	0.0
3.7377777777777776	0.21915309446254072	0.0	0.0	0.0
7.475555555555555	0.0	0.0	0.0	0.0
239.21777777777785	24.98345276872967	0.0	0.0	0.0
0.0	6.355439739413681	0.0	0.0	0.0
239.21777777777785	18.628013029315966	0.0	0.0	0.0
235.48000000000008	10.519348534201955	0.0	0.0	0.0
67.28	8.108664495114006	0.0	0.0	0.0
0.0	4.383061889250815	0.0	0.0	0.0
67.28000000000002	3.7256026058631924	0.0	0.0	0.0
0.0	1.3149185667752445	0.0	0.0	0.0
67.28	2.4106840390879483	0.0	0.0	0.0
0.0	0.6574592833876222	0.0	0.0	0.0
67.28000000000002	1.7532247557003262	0.0	0.0	0.0
0.0	0.6574592833876222	0.0	0.0	0.0
67.28000000000002	1.0957654723127037	0.0	0.0	0.0
3.7377777777777776	0.6574592833876222	0.0	0.0	0.0
63.54222222222223	0.43830618892508144	0.0	0.0	0.0
63.542222222222236	0.0	0.0	0.0	0.0
0.0	0.43830618892508144	0.0	0.0	0.0
168.20000000000005	2.4106840390879483	0.0	0.0	0.0
119.60888888888893	2.4106840390879483	0.0	0.0	0.0
119.60888888888891	1.7532247557003262	0.0	0.0	0.0
3.7377777777777776	0.43830618892508144	0.0	0.0	0.0
115.87111111111113	1.3149185667752445	0.0	0.0	0.0
56.06666666666667	0.0	0.0	0.0	0.0
59.80444444444445	1.3149185667752443	0.0	0.0	0.0
56.06666666666667	0.6574592833876222	0.0	0.0	0.0
26.16444444444445	0.0	0.0	0.0	0.0
29.90222222222222	0.6574592833876222	0.0	0.0	0.0
26.16444444444444	0.21915309446254072	0.0	0.0	0.0
22.42666666666667	0.0	0.0	0.0	0.0
3.7377777777777776	0.21915309446254072	0.0	0.0	0.0
3.7377777777777776	0.43830618892508144	0.0	0.0	0.0
3.7377777777777776	0.6574592833876222	0.0	0.0	0.0
0.0	0.43830618892508144	0.0	0.0	0.0
3.7377777777777776	0.21915309446254072	0.0	0.0	0.0
0.0	0.6574592833876222	0.0	0.0	0.0
48.59111111111112	0.0	0.0	0.0	0.0
3.7377777777777776	8.108664495114004	0.0	0.0	0.0
0.0	7.2320521172638434	0.0	0.0	0.0
3.7377777777777776	0.8766123778501629	0.0	0.0	0.0
3.7377777777777776	0.21915309446254072	0.0	0.0	0.0
0.0	0.6574592833876222	0.0	0.0	0.0
85.96888888888891	46.022149837133625	0.0	336.40000000000003	336.40000000000003
44.85333333333334	43.83061889250821	0.0	0.0	336.4000000000001
44.85333333333333	17.97055374592835	0.0	0.0	28.033333333333335
44.85333333333334	17.751400651465804	0.0	0.0	0.0
44.85333333333334	8.327817589576545	0.0	0.0	0.0
44.85333333333334	4.8213680781758965	0.0	0.0	0.0
44.85333333333334	2.84899022801303	0.0	0.0	0.0
33.64	0.21915309446254072	0.0	0.0	0.0
29.90222222222222	0.0	0.0	0.0	0.0
3.7377777777777776	0.21915309446254072	0.0	0.0	0.0
11.213333333333333	2.629837133550489	0.0	0.0	0.0
0.0	2.4106840390879483	0.0	0.0	0.0
0.0	0.8766123778501629	0.0	0.0	0.0
0.0	1.534071661237785	0.0	0.0	0.0
11.213333333333333	0.21915309446254072	0.0	0.0	0.0
3.7377777777777776	0.21915309446254072	0.0	0.0	0.0
7.475555555555555	0.0	0.0	0.0	0.0
0.0	1.9723778501628666	0.0	0.0	0.0
0.0	0.6574592833876222	0.0	0.0	0.0
0.0	1.3149185667752443	0.0	0.0	0.0
0.0	3.506449511400652	0.0	0.0	0.0
0.0	0.6574592833876222	0.0	0.0	0.0
0.0	2.8489902280130295	0.0	0.0	0.0
0.0	9.42358306188925	0.0	0.0	0.0
0.0	1.0957654723127037	0.0	0.0	0.0
0.0	8.327817589576547	0.0	0.0	0.0
0.0	0.21915309446254072	0.0	0.0	28.033333333333335
0.0	25.86006514657983	0.0	0.0	308.3666666666667
0.0	18.84716612377851	0.0	0.0	308.3666666666667
0.0	3.0681433224755703	0.0	0.0	0.0
0.0	15.779022801302936	0.0	0.0	308.3666666666667
0.0	11.834267100977195	0.0	0.0	308.36666666666673
0.0	8.98527687296417	0.0	0.0	56.06666666666667
0.0	8.985276872964167	0.0	0.0	0.0
0.0	0.8766123778501629	0.0	0.0	0.0
0.0	8.108664495114006	0.0	0.0	0.0
0.0	0.0	0.0	0.0	56.06666666666667
0.0	2.84899022801303	0.0	0.0	252.3
0.0	1.534071661237785	0.0	0.0	252.3
0.0	0.0	0.0	0.0	112.13333333333334
0.0	1.5340716612377852	0.0	0.0	140.16666666666669
0.0	0.43830618892508144	0.0	0.0	140.16666666666669
0.0	0.43830618892508144	0.0	0.0	56.06666666666667
0.0	0.0	0.0	0.0	84.10000000000001
0.0	1.0957654723127037	0.0	0.0	0.0
0.0	1.3149185667752445	0.0	0.0	0.0
0.0	0.43830618892508144	0.0	0.0	0.0
0.0	0.8766123778501629	0.0	0.0	0.0
0.0	3.944755700325734	0.0	0.0	0.0
0.0	7.012899022801303	0.0	0.0	0.0
41.11555555555556	2.1915309446254074	0.0	336.40000000000003	0.0
0.0	0.0	0.0	336.40000000000003	0.0
41.11555555555556	2.1915309446254074	0.0	0.0	0.0
0.0	1.0957654723127037	0.0	0.0	0.0
41.11555555555556	1.0957654723127037	0.0	0.0	0.0
41.11555555555556	0.0	0.0	0.0	0.0
0.0	1.0957654723127037	0.0	0.0	0.0
