# Sizes (NFeatures, Nclasses, NodeCount, MaxDepth)
10	5	177	15
# Classes
0.0	1.0	2.0	3.0	4.0
# Feature Names
Nrows	Ncols	Nnnz	AvgNnnz	Density	MaxRowNnnz	MinRowNnnz	StdRowNnnz	NDiags	NTrueDiags
# Left
1	2	3	4	5	6	7	-1	-1	10	-1	-1	13	14	15	16	-1	-1	19	-1	21	22	-1	-1	25	26	-1	-1	-1	30	31	-1	-1	-1	35	36	37	-1	-1	-1	41	-1	-1	44	-1	-1	-1	48	-1	-1	51	52	53	54	55	56	57	-1	-1	60	-1	62	-1	64	-1	-1	67	68	69	-1	-1	72	73	-1	-1	76	-1	78	-1	-1	81	82	-1	-1	85	86	87	-1	89	-1	-1	92	-1	-1	95	96	97	98	99	-1	-1	102	-1	104	-1	-1	107	-1	-1	110	-1	-1	-1	114	115	-1	117	-1	119	-1	-1	122	-1	124	-1	-1	-1	128	129	130	-1	-1	-1	134	135	136	137	138	139	-1	141	142	-1	-1	145	-1	147	-1	-1	150	-1	152	-1	-1	-1	-1	-1	158	159	-1	-1	162	163	-1	-1	-1	167	168	-1	-1	171	172	173	-1	-1	-1	-1
# Right
50	47	46	43	12	9	8	-1	-1	11	-1	-1	34	29	18	17	-1	-1	20	-1	24	23	-1	-1	28	27	-1	-1	-1	33	32	-1	-1	-1	40	39	38	-1	-1	-1	42	-1	-1	45	-1	-1	-1	49	-1	-1	166	127	126	113	66	59	58	-1	-1	61	-1	63	-1	65	-1	-1	80	71	70	-1	-1	75	74	-1	-1	77	-1	79	-1	-1	84	83	-1	-1	94	91	88	-1	90	-1	-1	93	-1	-1	112	109	106	101	100	-1	-1	103	-1	105	-1	-1	108	-1	-1	111	-1	-1	-1	121	116	-1	118	-1	120	-1	-1	123	-1	125	-1	-1	-1	133	132	131	-1	-1	-1	157	156	155	154	149	140	-1	144	143	-1	-1	146	-1	148	-1	-1	151	-1	153	-1	-1	-1	-1	-1	161	160	-1	-1	165	164	-1	-1	-1	170	169	-1	-1	176	175	174	-1	-1	-1	-1
# Threshold
10539.5	48.0	13393.5	39.5	0.005034320056438446	3.0	2761.0	-2.0	-2.0	4.5	-2.0	-2.0	21.5	5.766664981842041	2.099210023880005	3.5	-2.0	-2.0	108.5	-2.0	319.0	2.5	-2.0	-2.0	0.007325140060856938	0.005238025216385722	-2.0	-2.0	-2.0	1.3136049509048462	449.5	-2.0	-2.0	-2.0	37.5	2.3605600595474243	4.478260040283203	-2.0	-2.0	-2.0	122.5	-2.0	-2.0	4.014549970626831	-2.0	-2.0	-2.0	1.0983839929103851	-2.0	-2.0	36.0	14.736050128936768	150196496.0	6384585.0	47.0	119178.5	11206.0	-2.0	-2.0	0.6816384792327881	-2.0	3.759089946746826	-2.0	0.9795689880847931	-2.0	-2.0	42982.5	10.685550212860107	2.321805000305176	-2.0	-2.0	38.83855056762695	13655.5	-2.0	-2.0	15185.5	-2.0	0.000664585008053109	-2.0	-2.0	3.188344955444336	834946.0	-2.0	-2.0	565.0	3.606600046157837	4.8267998695373535	-2.0	4.9144299030303955	-2.0	-2.0	466786.5	-2.0	-2.0	333.4639892578125	159.90250396728516	4.0	77344.0	404054.0	-2.0	-2.0	115914.0	-2.0	185555.0	-2.0	-2.0	6.25236498308368e-05	-2.0	-2.0	72653.5	-2.0	-2.0	-2.0	31.97490119934082	1134075.0	-2.0	11956.0	-2.0	2007755.0	-2.0	-2.0	624660.5	-2.0	29638050.0	-2.0	-2.0	-2.0	2156500.0	183.43599700927734	1.5	-2.0	-2.0	-2.0	185.30550384521484	18.5	481.5	18.5	543748.5	34.0	-2.0	34296.0	0.0003637469926616177	-2.0	-2.0	85666.5	-2.0	7572700.0	-2.0	-2.0	35288.5	-2.0	2.0	-2.0	-2.0	-2.0	-2.0	-2.0	64735.0	388.25475311279297	-2.0	-2.0	78.49020004272461	314.43550872802734	-2.0	-2.0	-2.0	0.0007469310075975955	29.105799674987793	-2.0	-2.0	50.0	580.2554931640625	585108.5	-2.0	-2.0	-2.0	-2.0
# Feature
1	8	2	8	4	8	2	-2	-2	5	-2	-2	8	3	3	8	-2	-2	2	-2	1	6	-2	-2	4	4	-2	-2	-2	7	1	-2	-2	-2	1	7	3	-2	-2	-2	2	-2	-2	3	-2	-2	-2	3	-2	-2	9	3	8	2	5	0	0	-2	-2	7	-2	3	-2	7	-2	-2	1	3	3	-2	-2	7	1	-2	-2	0	-2	4	-2	-2	7	2	-2	-2	5	7	3	-2	3	-2	-2	2	-2	-2	7	7	9	1	2	-2	-2	0	-2	0	-2	-2	4	-2	-2	5	-2	-2	-2	7	1	-2	8	-2	0	-2	-2	8	-2	2	-2	-2	-2	2	7	6	-2	-2	-2	7	9	5	6	0	5	-2	8	4	-2	-2	0	-2	2	-2	-2	8	-2	9	-2	-2	-2	-2	-2	1	3	-2	-2	3	7	-2	-2	-2	4	3	-2	-2	6	7	2	-2	-2	-2	-2
# Values
336.4000000000003	336.39999999999395	336.4	336.40000000000003	336.4000000000001
0.0	202.4650298606488	329.8039215686275	0.0	0.0
0.0	24.108294625082983	329.8039215686274	0.0	0.0
0.0	17.634771068347725	329.80392156862746	0.0	0.0
0.0	13.393497013934976	316.61176470588236	0.0	0.0
0.0	5.357398805573987	26.384313725490195	0.0	0.0
0.0	0.6696748506967485	26.384313725490195	0.0	0.0
0.0	0.446449900464499	6.596078431372549	0.0	0.0
0.0	0.2232249502322495	19.788235294117648	0.0	0.0
0.0	4.687723954877239	0.0	0.0	0.0
0.0	1.7857996018579958	0.0	0.0	0.0
0.0	2.901924353019243	0.0	0.0	0.0
0.0	8.03609820836098	290.2274509803921	0.0	0.0
0.0	4.464499004644989	237.45882352941172	0.0	0.0
0.0	3.348374253483742	112.13333333333331	0.0	0.0
0.0	0.2232249502322495	52.7686274509804	0.0	0.0
0.0	0.2232249502322495	19.788235294117648	0.0	0.0
0.0	0.0	32.98039215686275	0.0	0.0
0.0	3.1251493032514928	59.364705882352936	0.0	0.0
0.0	1.1161247511612475	0.0	0.0	0.0
0.0	2.009024552090245	59.364705882352936	0.0	0.0
0.0	0.2232249502322495	32.98039215686274	0.0	0.0
0.0	0.2232249502322495	6.596078431372549	0.0	0.0
0.0	0.0	26.384313725490195	0.0	0.0
0.0	1.785799601857996	26.384313725490195	0.0	0.0
0.0	0.446449900464499	26.384313725490195	0.0	0.0
0.0	0.446449900464499	6.596078431372549	0.0	0.0
0.0	0.0	19.788235294117648	0.0	0.0
0.0	1.339349701393497	0.0	0.0	0.0
0.0	1.1161247511612475	125.32549019607842	0.0	0.0
0.0	1.1161247511612475	19.788235294117648	0.0	0.0
0.0	1.1161247511612475	0.0	0.0	0.0
0.0	0.0	19.788235294117648	0.0	0.0
0.0	0.0	105.53725490196078	0.0	0.0
0.0	3.571599203715991	52.76862745098039	0.0	0.0
0.0	0.6696748506967485	52.76862745098039	0.0	0.0
0.0	0.6696748506967485	13.192156862745097	0.0	0.0
0.0	0.6696748506967485	0.0	0.0	0.0
0.0	0.0	13.192156862745097	0.0	0.0
0.0	0.0	39.576470588235296	0.0	0.0
0.0	2.901924353019243	0.0	0.0	0.0
0.0	0.6696748506967485	0.0	0.0	0.0
0.0	2.232249502322495	0.0	0.0	0.0
0.0	4.24127405441274	13.192156862745097	0.0	0.0
0.0	0.2232249502322495	13.192156862745097	0.0	0.0
0.0	4.01804910418049	0.0	0.0	0.0
0.0	6.473523556735235	0.0	0.0	0.0
0.0	178.35673523556665	0.0	0.0	0.0
0.0	0.6696748506967485	0.0	0.0	0.0
0.0	177.6870603848698	0.0	0.0	0.0
336.4000000000002	133.93497013934999	6.596078431372549	336.40000000000003	336.40000000000003
325.99587628865976	116.5234240212346	6.596078431372549	0.0	322.3833333333334
301.71958762886607	73.21778367617802	6.596078431372549	0.0	56.06666666666667
301.71958762886595	72.99455872594578	6.596078431372549	0.0	14.016666666666667
263.57113402061844	64.95846051758477	0.0	0.0	0.0
13.872164948453609	36.162441937624486	0.0	0.0	0.0
0.0	30.58181818181822	0.0	0.0	0.0
0.0	0.6696748506967485	0.0	0.0	0.0
0.0	29.91214333112147	0.0	0.0	0.0
13.872164948453609	5.580623755806236	0.0	0.0	0.0
0.0	3.348374253483742	0.0	0.0	0.0
13.872164948453609	2.2322495023224946	0.0	0.0	0.0
13.872164948453609	0.0	0.0	0.0	0.0
0.0	2.2322495023224946	0.0	0.0	0.0
0.0	0.446449900464499	0.0	0.0	0.0
0.0	1.7857996018579958	0.0	0.0	0.0
249.69896907216483	28.796018579960233	0.0	0.0	0.0
20.808247422680417	13.839946914399476	0.0	0.0	0.0
0.0	8.705773059057732	0.0	0.0	0.0
0.0	0.6696748506967485	0.0	0.0	0.0
0.0	8.03609820836098	0.0	0.0	0.0
20.808247422680413	5.134173855341738	0.0	0.0	0.0
0.0	3.348374253483742	0.0	0.0	0.0
0.0	0.446449900464499	0.0	0.0	0.0
0.0	2.901924353019243	0.0	0.0	0.0
20.808247422680413	1.785799601857996	0.0	0.0	0.0
17.340206185567013	0.0	0.0	0.0	0.0
3.468041237113402	1.785799601857996	0.0	0.0	0.0
3.468041237113402	0.2232249502322495	0.0	0.0	0.0
0.0	1.5625746516257466	0.0	0.0	0.0
228.8907216494844	14.956071665560724	0.0	0.0	0.0
83.23298969072165	0.2232249502322495	0.0	0.0	0.0
3.468041237113402	0.2232249502322495	0.0	0.0	0.0
79.76494845360827	0.0	0.0	0.0	0.0
145.65773195876287	14.732846715328476	0.0	0.0	0.0
6.936082474226804	8.259323158593231	0.0	0.0	0.0
6.936082474226804	1.5625746516257466	0.0	0.0	0.0
0.0	1.1161247511612475	0.0	0.0	0.0
6.936082474226804	0.446449900464499	0.0	0.0	0.0
6.936082474226804	0.0	0.0	0.0	0.0
0.0	0.446449900464499	0.0	0.0	0.0
0.0	6.6967485069674835	0.0	0.0	0.0
0.0	0.446449900464499	0.0	0.0	0.0
0.0	6.250298606502985	0.0	0.0	0.0
138.72164948453607	6.473523556735234	0.0	0.0	0.0
86.70103092783506	6.473523556735234	0.0	0.0	0.0
86.70103092783505	5.357398805573987	0.0	0.0	0.0
86.70103092783505	3.348374253483742	0.0	0.0	0.0
45.08453608247423	0.2232249502322495	0.0	0.0	0.0
3.468041237113402	0.2232249502322495	0.0	0.0	0.0
41.616494845360826	0.0	0.0	0.0	0.0
41.61649484536083	3.1251493032514923	0.0	0.0	0.0
0.0	2.0090245520902457	0.0	0.0	0.0
41.616494845360826	1.1161247511612475	0.0	0.0	0.0
24.276288659793813	0.0	0.0	0.0	0.0
17.340206185567013	1.1161247511612475	0.0	0.0	0.0
0.0	2.0090245520902457	0.0	0.0	0.0
0.0	1.339349701393497	0.0	0.0	0.0
0.0	0.6696748506967485	0.0	0.0	0.0
0.0	1.1161247511612475	0.0	0.0	0.0
0.0	0.6696748506967485	0.0	0.0	0.0
0.0	0.446449900464499	0.0	0.0	0.0
52.02061855670104	0.0	0.0	0.0	0.0
38.14845360824743	8.03609820836098	6.596078431372549	0.0	14.016666666666667
0.0	6.6967485069674835	6.596078431372549	0.0	14.016666666666667
0.0	0.446449900464499	0.0	0.0	14.016666666666667
0.0	6.250298606502985	6.596078431372549	0.0	0.0
0.0	0.2232249502322495	6.596078431372549	0.0	0.0
0.0	6.027073656270735	0.0	0.0	0.0
0.0	0.446449900464499	0.0	0.0	0.0
0.0	5.580623755806236	0.0	0.0	0.0
38.14845360824743	1.339349701393497	0.0	0.0	0.0
0.0	0.6696748506967485	0.0	0.0	0.0
38.14845360824742	0.6696748506967485	0.0	0.0	0.0
6.936082474226804	0.6696748506967485	0.0	0.0	0.0
31.21237113402062	0.0	0.0	0.0	0.0
0.0	0.2232249502322495	0.0	0.0	42.050000000000004
24.276288659793813	43.30564034505649	0.0	0.0	266.3166666666667
10.404123711340207	20.09024552090247	0.0	0.0	0.0
0.0	19.64379562043798	0.0	0.0	0.0
0.0	6.6967485069674835	0.0	0.0	0.0
0.0	12.947047113470472	0.0	0.0	0.0
10.404123711340207	0.446449900464499	0.0	0.0	0.0
13.872164948453609	23.21539482415398	0.0	0.0	266.3166666666667
0.0	21.87604512276047	0.0	0.0	210.25000000000003
0.0	14.063171864631723	0.0	0.0	210.25000000000006
0.0	6.473523556735234	0.0	0.0	210.25
0.0	4.464499004644989	0.0	0.0	210.25000000000003
0.0	1.785799601857996	0.0	0.0	196.23333333333338
0.0	0.6696748506967485	0.0	0.0	0.0
0.0	1.1161247511612475	0.0	0.0	196.23333333333338
0.0	0.892899800928998	0.0	0.0	14.016666666666667
0.0	0.6696748506967485	0.0	0.0	0.0
0.0	0.2232249502322495	0.0	0.0	14.016666666666667
0.0	0.2232249502322495	0.0	0.0	182.2166666666667
0.0	0.2232249502322495	0.0	0.0	14.016666666666667
0.0	0.0	0.0	0.0	168.20000000000002
0.0	0.0	0.0	0.0	28.033333333333335
0.0	0.0	0.0	0.0	140.16666666666669
0.0	2.6786994027869935	0.0	0.0	14.016666666666667
0.0	0.2232249502322495	0.0	0.0	14.016666666666667
0.0	2.4554744525547445	0.0	0.0	0.0
0.0	0.446449900464499	0.0	0.0	0.0
0.0	2.009024552090245	0.0	0.0	0.0
0.0	2.0090245520902457	0.0	0.0	0.0
0.0	7.589648307896482	0.0	0.0	0.0
0.0	7.812873258128731	0.0	0.0	0.0
13.872164948453609	1.339349701393497	0.0	0.0	56.06666666666667
0.0	0.6696748506967485	0.0	0.0	42.050000000000004
0.0	0.0	0.0	0.0	42.050000000000004
0.0	0.6696748506967485	0.0	0.0	0.0
13.872164948453609	0.6696748506967485	0.0	0.0	14.016666666666667
6.936082474226804	0.2232249502322495	0.0	0.0	14.016666666666667
6.936082474226804	0.0	0.0	0.0	0.0
0.0	0.2232249502322495	0.0	0.0	14.016666666666667
6.936082474226804	0.446449900464499	0.0	0.0	0.0
10.404123711340207	17.41154611811547	0.0	336.40000000000003	14.016666666666667
0.0	5.1341738553417375	0.0	336.40000000000003	0.0
0.0	0.446449900464499	0.0	336.40000000000003	0.0
0.0	4.687723954877239	0.0	0.0	0.0
10.404123711340207	12.27737226277373	0.0	0.0	14.016666666666667
10.404123711340207	12.054147312541474	0.0	0.0	0.0
0.0	12.054147312541474	0.0	0.0	0.0
0.0	0.446449900464499	0.0	0.0	0.0
0.0	11.607697412076979	0.0	0.0	0.0
10.404123711340207	0.0	0.0	0.0	0.0
0.0	0.2232249502322495	0.0	0.0	14.016666666666667
