# Sizes (NFeatures, Nclasses, NodeCount, MaxDepth)
10	5	151	14
# Classes
0.0	1.0	2.0	3.0	4.0
# Feature Names
Nrows	Ncols	Nnnz	AvgNnnz	Density	MaxRowNnnz	MinRowNnnz	StdRowNnnz	NDiags	NTrueDiags
# Left
1	2	3	4	5	6	7	8	-1	10	11	12	-1	-1	-1	16	-1	18	19	20	21	-1	-1	-1	-1	-1	-1	28	-1	-1	31	32	-1	-1	-1	-1	-1	38	-1	40	41	-1	-1	44	-1	46	-1	-1	49	50	51	52	53	54	-1	56	57	58	-1	-1	-1	62	-1	64	-1	-1	67	68	-1	-1	71	-1	-1	74	75	-1	77	-1	-1	-1	81	82	83	84	-1	-1	-1	88	-1	90	91	92	93	-1	-1	-1	-1	98	-1	-1	101	-1	103	-1	105	106	-1	-1	-1	110	111	112	113	-1	-1	-1	117	118	119	120	-1	122	123	-1	-1	-1	127	128	-1	-1	-1	-1	-1	134	135	-1	-1	138	-1	-1	141	142	143	-1	-1	-1	147	148	-1	-1	-1
# Right
48	37	36	35	30	27	26	9	-1	15	14	13	-1	-1	-1	17	-1	25	24	23	22	-1	-1	-1	-1	-1	-1	29	-1	-1	34	33	-1	-1	-1	-1	-1	39	-1	43	42	-1	-1	45	-1	47	-1	-1	140	109	80	73	66	55	-1	61	60	59	-1	-1	-1	63	-1	65	-1	-1	70	69	-1	-1	72	-1	-1	79	76	-1	78	-1	-1	-1	100	87	86	85	-1	-1	-1	89	-1	97	96	95	94	-1	-1	-1	-1	99	-1	-1	102	-1	104	-1	108	107	-1	-1	-1	133	116	115	114	-1	-1	-1	132	131	126	121	-1	125	124	-1	-1	-1	130	129	-1	-1	-1	-1	-1	137	136	-1	-1	139	-1	-1	146	145	144	-1	-1	-1	150	149	-1	-1	-1
# Threshold
30119.5	19.5	39.5	1664.5	901.5	1.2088150382041931	24.0	10.5	-2.0	5.5	0.02037355024367571	2.490000009536743	-2.0	-2.0	-2.0	0.18454449623823166	-2.0	9.5	0.18364199995994568	5.700000047683716	671.0	-2.0	-2.0	-2.0	-2.0	-2.0	-2.0	7.5	-2.0	-2.0	5.5	1017.5	-2.0	-2.0	-2.0	-2.0	-2.0	2059.5	-2.0	12.79384994506836	29425.0	-2.0	-2.0	11950.0	-2.0	1.5	-2.0	-2.0	310.8280029296875	1723.5	1.5	5848960.0	4.974844932556152	120372.5	-2.0	90748.5	170683.0	4.883195161819458	-2.0	-2.0	-2.0	5.651699893860496e-06	-2.0	113.5	-2.0	-2.0	636.5	10.5	-2.0	-2.0	834.5	-2.0	-2.0	3.585855007171631	12446655.0	-2.0	45787700.0	-2.0	-2.0	-2.0	69.40689849853516	233410.0	36175.5	35565.5	-2.0	-2.0	-2.0	2.9542900392698357e-06	-2.0	11814900.0	464726.5	5611265.0	487482.5	-2.0	-2.0	-2.0	-2.0	4172200.0	-2.0	-2.0	0.0005495804944075644	-2.0	70.9520034790039	-2.0	478.5	307.0	-2.0	-2.0	-2.0	15.324649810791016	7.872880132708815e-06	18371.5	3.539259864737687e-06	-2.0	-2.0	-2.0	158.91300201416016	3.5	0.00015478100249310955	79319.0	-2.0	305597.5	10.605530261993408	-2.0	-2.0	-2.0	0.00030158000299707055	8.799860000610352	-2.0	-2.0	-2.0	-2.0	-2.0	191.43399810791016	46850.5	-2.0	-2.0	9.0	-2.0	-2.0	31.0	79.84284973144531	111232.5	-2.0	-2.0	-2.0	1.5	25.955100059509277	-2.0	-2.0	-2.0
# Feature
1	5	8	0	1	7	8	0	-2	8	4	3	-2	-2	-2	7	-2	9	4	3	2	-2	-2	-2	-2	-2	-2	9	-2	-2	5	0	-2	-2	-2	-2	-2	5	-2	3	2	-2	-2	8	-2	6	-2	-2	7	5	6	2	3	0	-2	8	1	3	-2	-2	-2	4	-2	5	-2	-2	5	5	-2	-2	5	-2	-2	7	2	-2	2	-2	-2	-2	3	0	1	1	-2	-2	-2	4	-2	2	8	2	1	-2	-2	-2	-2	0	-2	-2	4	-2	3	-2	5	5	-2	-2	-2	3	4	5	4	-2	-2	-2	7	9	4	8	-2	0	3	-2	-2	-2	4	3	-2	-2	-2	-2	-2	7	8	-2	-2	9	-2	-2	9	3	8	-2	-2	-2	6	3	-2	-2	-2
# Values
336.4000000000003	336.399999999998	336.4	336.4	336.40000000000003
12.014285714285714	244.83815877251362	336.4	0.0	0.0
0.0	84.82935290193436	336.3999999999999	0.0	0.0
0.0	22.2172114743162	336.4	0.0	0.0
0.0	10.771981320880588	336.40000000000003	0.0	0.0
0.0	6.732488325550366	314.92765957446807	0.0	0.0
0.0	5.834823215476984	143.1489361702128	0.0	0.0
0.0	4.03949299533022	143.14893617021275	0.0	0.0
0.0	0.8976651100733822	0.0	0.0	0.0
0.0	3.1418278852568373	143.14893617021278	0.0	0.0
0.0	0.22441627751834556	93.0468085106383	0.0	0.0
0.0	0.0	85.88936170212767	0.0	0.0
0.0	0.0	50.102127659574464	0.0	0.0
0.0	0.0	35.787234042553195	0.0	0.0
0.0	0.22441627751834556	7.157446808510638	0.0	0.0
0.0	2.917411607738492	50.102127659574464	0.0	0.0
0.0	1.7953302201467645	0.0	0.0	0.0
0.0	1.1220813875917277	50.102127659574464	0.0	0.0
0.0	1.1220813875917277	21.472340425531915	0.0	0.0
0.0	0.6732488325550366	21.472340425531915	0.0	0.0
0.0	0.6732488325550366	7.157446808510638	0.0	0.0
0.0	0.22441627751834556	7.157446808510638	0.0	0.0
0.0	0.4488325550366911	0.0	0.0	0.0
0.0	0.0	14.314893617021276	0.0	0.0
0.0	0.4488325550366911	0.0	0.0	0.0
0.0	0.0	28.629787234042553	0.0	0.0
0.0	1.7953302201467645	0.0	0.0	0.0
0.0	0.8976651100733822	171.77872340425532	0.0	0.0
0.0	0.8976651100733822	0.0	0.0	0.0
0.0	0.0	171.77872340425532	0.0	0.0
0.0	4.03949299533022	21.472340425531915	0.0	0.0
0.0	1.1220813875917277	21.472340425531915	0.0	0.0
0.0	0.4488325550366911	14.314893617021276	0.0	0.0
0.0	0.6732488325550366	7.157446808510638	0.0	0.0
0.0	2.917411607738492	0.0	0.0	0.0
0.0	11.445230153435629	0.0	0.0	0.0
0.0	62.61214142761825	0.0	0.0	0.0
12.014285714285714	160.0088058705796	0.0	0.0	0.0
0.0	148.11474316210735	0.0	0.0	0.0
12.014285714285714	11.894062708472319	0.0	0.0	0.0
0.0	9.64989993328886	0.0	0.0	0.0
0.0	0.6732488325550366	0.0	0.0	0.0
0.0	8.976651100733823	0.0	0.0	0.0
12.014285714285714	2.2441627751834554	0.0	0.0	0.0
0.0	1.7953302201467645	0.0	0.0	0.0
12.014285714285714	0.4488325550366911	0.0	0.0	0.0
0.0	0.4488325550366911	0.0	0.0	0.0
12.014285714285714	0.0	0.0	0.0	0.0
324.3857142857145	91.56184122748465	0.0	336.4	336.40000000000003
270.3214285714288	89.31767845230121	0.0	0.0	336.4000000000001
147.17500000000004	75.4038692461639	0.0	0.0	336.4000000000001
141.16785714285714	22.666044029352896	0.0	0.0	70.82105263157895
141.1678571428572	18.626551034022683	0.0	0.0	0.0
132.1571428571429	7.181320880587057	0.0	0.0	0.0
0.0	4.488325550366911	0.0	0.0	0.0
132.1571428571429	2.692995330220146	0.0	0.0	0.0
123.1464285714286	0.6732488325550366	0.0	0.0	0.0
30.03571428571429	0.6732488325550366	0.0	0.0	0.0
27.03214285714286	0.0	0.0	0.0	0.0
3.0035714285714286	0.6732488325550366	0.0	0.0	0.0
93.11071428571428	0.0	0.0	0.0	0.0
9.010714285714286	2.01974649766511	0.0	0.0	0.0
0.0	1.5709139426284189	0.0	0.0	0.0
9.010714285714286	0.4488325550366911	0.0	0.0	0.0
3.0035714285714286	0.4488325550366911	0.0	0.0	0.0
6.007142857142857	0.0	0.0	0.0	0.0
9.010714285714286	11.445230153435627	0.0	0.0	0.0
0.0	9.649899933288859	0.0	0.0	0.0
0.0	0.8976651100733822	0.0	0.0	0.0
0.0	8.752234823215476	0.0	0.0	0.0
9.010714285714286	1.7953302201467642	0.0	0.0	0.0
9.010714285714286	0.0	0.0	0.0	0.0
0.0	1.7953302201467645	0.0	0.0	0.0
0.0	4.039492995330219	0.0	0.0	70.82105263157895
0.0	1.5709139426284189	0.0	0.0	70.82105263157895
0.0	0.22441627751834556	0.0	0.0	53.11578947368422
0.0	1.3464976651100733	0.0	0.0	17.705263157894738
0.0	0.6732488325550366	0.0	0.0	0.0
0.0	0.6732488325550366	0.0	0.0	17.705263157894738
0.0	2.4685790527018012	0.0	0.0	0.0
6.007142857142857	52.737825216811075	0.0	0.0	265.57894736842104
6.007142857142857	50.94249499666437	0.0	0.0	123.93684210526315
6.007142857142857	34.56010673782517	0.0	0.0	0.0
6.007142857142857	2.2441627751834554	0.0	0.0	0.0
0.0	2.01974649766511	0.0	0.0	0.0
6.007142857142857	0.22441627751834556	0.0	0.0	0.0
0.0	32.31594396264175	0.0	0.0	0.0
0.0	16.38238825883923	0.0	0.0	123.93684210526317
0.0	4.039492995330219	0.0	0.0	0.0
0.0	12.342895263509012	0.0	0.0	123.93684210526317
0.0	3.1418278852568373	0.0	0.0	106.23157894736843
0.0	1.3464976651100733	0.0	0.0	106.23157894736843
0.0	1.3464976651100733	0.0	0.0	0.0
0.0	0.6732488325550366	0.0	0.0	0.0
0.0	0.6732488325550366	0.0	0.0	0.0
0.0	0.0	0.0	0.0	106.23157894736843
0.0	1.7953302201467645	0.0	0.0	0.0
0.0	9.201067378252167	0.0	0.0	17.705263157894738
0.0	8.976651100733823	0.0	0.0	0.0
0.0	0.22441627751834556	0.0	0.0	17.705263157894738
0.0	1.7953302201467645	0.0	0.0	141.6421052631579
0.0	0.8976651100733822	0.0	0.0	0.0
0.0	0.8976651100733822	0.0	0.0	141.6421052631579
0.0	0.0	0.0	0.0	70.82105263157895
0.0	0.8976651100733822	0.0	0.0	70.82105263157895
0.0	0.8976651100733822	0.0	0.0	0.0
0.0	0.4488325550366911	0.0	0.0	0.0
0.0	0.4488325550366911	0.0	0.0	0.0
0.0	0.0	0.0	0.0	70.82105263157895
123.1464285714286	13.913809206137431	0.0	0.0	0.0
117.1392857142857	6.732488325550367	0.0	0.0	0.0
48.05714285714286	0.22441627751834556	0.0	0.0	0.0
36.042857142857144	0.0	0.0	0.0	0.0
12.014285714285714	0.0	0.0	0.0	0.0
24.02857142857143	0.0	0.0	0.0	0.0
12.014285714285714	0.22441627751834556	0.0	0.0	0.0
69.08214285714286	6.508072048032021	0.0	0.0	0.0
69.08214285714286	4.712741827885256	0.0	0.0	0.0
69.08214285714286	4.03949299533022	0.0	0.0	0.0
33.03928571428572	3.8150767178118734	0.0	0.0	0.0
0.0	2.468579052701801	0.0	0.0	0.0
33.03928571428572	1.3464976651100733	0.0	0.0	0.0
27.032142857142862	0.4488325550366911	0.0	0.0	0.0
27.03214285714286	0.0	0.0	0.0	0.0
0.0	0.4488325550366911	0.0	0.0	0.0
6.007142857142857	0.8976651100733822	0.0	0.0	0.0
36.042857142857144	0.22441627751834556	0.0	0.0	0.0
30.035714285714285	0.0	0.0	0.0	0.0
6.007142857142857	0.0	0.0	0.0	0.0
24.02857142857143	0.0	0.0	0.0	0.0
6.007142857142857	0.22441627751834556	0.0	0.0	0.0
0.0	0.6732488325550366	0.0	0.0	0.0
0.0	1.7953302201467645	0.0	0.0	0.0
6.007142857142857	7.181320880587056	0.0	0.0	0.0
0.0	6.059239492995328	0.0	0.0	0.0
0.0	0.8976651100733822	0.0	0.0	0.0
0.0	5.161574382921947	0.0	0.0	0.0
6.007142857142857	1.1220813875917277	0.0	0.0	0.0
6.007142857142857	0.0	0.0	0.0	0.0
0.0	1.1220813875917277	0.0	0.0	0.0
54.06428571428571	2.2441627751834554	0.0	336.4	0.0
51.06071428571428	1.7953302201467645	0.0	0.0	0.0
51.06071428571429	0.4488325550366911	0.0	0.0	0.0
3.0035714285714286	0.4488325550366911	0.0	0.0	0.0
48.057142857142864	0.0	0.0	0.0	0.0
0.0	1.3464976651100733	0.0	0.0	0.0
3.0035714285714286	0.4488325550366911	0.0	336.4	0.0
3.0035714285714286	0.0	0.0	336.4	0.0
0.0	0.0	0.0	269.12	0.0
3.0035714285714286	0.0	0.0	67.28	0.0
0.0	0.4488325550366911	0.0	0.0	0.0
