# Sizes (NFeatures, Nclasses, NodeCount, MaxDepth)
10	6	199	11
# Classes
0.0	1.0	2.0	3.0	4.0	5.0
# Feature Names
Nrows	Ncols	Nnnz	AvgNnnz	Density	MaxRowNnnz	MinRowNnnz	StdRowNnnz	NDiags	NTrueDiags
# Left
1	2	3	4	-1	-1	7	8	9	-1	-1	12	13	-1	15	16	-1	18	-1	-1	-1	22	23	-1	-1	-1	27	28	29	-1	31	32	-1	-1	35	-1	37	38	-1	-1	-1	42	-1	-1	45	46	47	48	-1	-1	-1	-1	53	54	55	56	-1	-1	59	60	-1	-1	-1	64	-1	66	67	-1	-1	70	-1	-1	73	74	-1	-1	77	-1	-1	80	81	82	-1	84	-1	86	87	88	-1	-1	-1	92	-1	-1	95	-1	97	-1	-1	100	101	-1	103	-1	105	-1	107	108	-1	110	-1	112	-1	-1	115	-1	-1	118	119	120	-1	-1	123	-1	125	-1	-1	128	-1	130	-1	132	-1	-1	135	136	137	138	-1	-1	141	142	-1	-1	-1	146	-1	-1	149	150	151	152	-1	154	-1	-1	-1	158	159	160	-1	-1	163	-1	165	166	-1	-1	-1	-1	171	172	173	-1	175	-1	-1	178	179	180	-1	182	-1	184	-1	-1	-1	188	189	190	-1	-1	-1	194	-1	196	-1	-1	-1
# Right
134	79	6	5	-1	-1	26	11	10	-1	-1	21	14	-1	20	17	-1	19	-1	-1	-1	25	24	-1	-1	-1	44	41	30	-1	34	33	-1	-1	36	-1	40	39	-1	-1	-1	43	-1	-1	52	51	50	49	-1	-1	-1	-1	72	63	58	57	-1	-1	62	61	-1	-1	-1	65	-1	69	68	-1	-1	71	-1	-1	76	75	-1	-1	78	-1	-1	99	94	83	-1	85	-1	91	90	89	-1	-1	-1	93	-1	-1	96	-1	98	-1	-1	117	102	-1	104	-1	106	-1	114	109	-1	111	-1	113	-1	-1	116	-1	-1	127	122	121	-1	-1	124	-1	126	-1	-1	129	-1	131	-1	133	-1	-1	148	145	140	139	-1	-1	144	143	-1	-1	-1	147	-1	-1	170	157	156	153	-1	155	-1	-1	-1	169	162	161	-1	-1	164	-1	168	167	-1	-1	-1	-1	198	177	174	-1	176	-1	-1	187	186	181	-1	183	-1	185	-1	-1	-1	193	192	191	-1	-1	-1	195	-1	197	-1	-1	-1
# Threshold
0.0009640000062063336	18.353099822998047	0.5	5565.0	-2.0	-2.0	46270.5	7711.5	1902.0	-2.0	-2.0	65.0	17716.5	-2.0	35118.5	8.0	-2.0	25099.5	-2.0	-2.0	-2.0	15.77810001373291	42496.0	-2.0	-2.0	-2.0	8.671794891357422	1.341450035572052	18.5	-2.0	3.4989500045776367	0.5107909888029099	-2.0	-2.0	122797.5	-2.0	5113230.0	1.2212550044059753	-2.0	-2.0	-2.0	629155.0	-2.0	-2.0	1.2659000158309937	9687.5	16.5	0.5306735038757324	-2.0	-2.0	-2.0	-2.0	144.5	110678.0	15.83459997177124	59053.5	-2.0	-2.0	85562.5	7.0	-2.0	-2.0	-2.0	57633.0	-2.0	3497345.0	2133725.0	-2.0	-2.0	47530750.0	-2.0	-2.0	33.724050521850586	132160.5	-2.0	-2.0	429960.5	-2.0	-2.0	3269.5	254232.5	0.5	-2.0	63079.5	-2.0	0.0005436770152300596	170485.0	36.88089942932129	-2.0	-2.0	-2.0	42.201650619506836	-2.0	-2.0	3.5	-2.0	10.5	-2.0	-2.0	15.306350231170654	0.5	-2.0	8.83901011548005e-05	-2.0	35.4245491027832	-2.0	47954.5	1.5	-2.0	10.0	-2.0	16595.0	-2.0	-2.0	11.483669757843018	-2.0	-2.0	0.0002591960001154803	993876.5	5371295.0	-2.0	-2.0	1386350.0	-2.0	0.5	-2.0	-2.0	1.5	-2.0	103864.5	-2.0	26.6983003616333	-2.0	-2.0	0.48137401044368744	10.5	1.5	89.0	-2.0	-2.0	850.0	0.4127485007047653	-2.0	-2.0	-2.0	1.0	-2.0	-2.0	0.5	2958.5	537.0	4.3238149881362915	-2.0	372.0	-2.0	-2.0	-2.0	102.0	0.0019935149466618896	0.0012354899663478136	-2.0	-2.0	42385.0	-2.0	0.005080210044980049	26.27970027923584	-2.0	-2.0	-2.0	-2.0	0.003305144957266748	5.5	67.2712516784668	-2.0	8630.5	-2.0	-2.0	34.57794952392578	2.227595090866089	8.0	-2.0	7.426825046539307	-2.0	102.0	-2.0	-2.0	-2.0	48.12660026550293	0.001967590011190623	33680.5	-2.0	-2.0	-2.0	80.0	-2.0	226.5934944152832	-2.0	-2.0	-2.0
# Feature
4	7	9	0	-2	-2	1	2	0	-2	-2	8	1	-2	1	8	-2	0	-2	-2	-2	3	0	-2	-2	-2	3	7	8	-2	3	7	-2	-2	0	-2	8	7	-2	-2	-2	8	-2	-2	7	8	5	7	-2	-2	-2	-2	5	0	3	1	-2	-2	1	6	-2	-2	-2	8	-2	2	2	-2	-2	2	-2	-2	3	1	-2	-2	1	-2	-2	5	1	9	-2	1	-2	4	0	7	-2	-2	-2	7	-2	-2	9	-2	6	-2	-2	3	9	-2	4	-2	7	-2	8	6	-2	9	-2	1	-2	-2	3	-2	-2	4	8	2	-2	-2	1	-2	6	-2	-2	6	-2	1	-2	7	-2	-2	7	8	5	0	-2	-2	1	7	-2	-2	-2	9	-2	-2	9	0	8	7	-2	0	-2	-2	-2	5	4	4	-2	-2	2	-2	4	7	-2	-2	-2	-2	4	9	7	-2	0	-2	-2	3	7	8	-2	3	-2	8	-2	-2	-2	3	4	0	-2	-2	-2	9	-2	7	-2	-2	-2
# Values
76.0	1063.0	80.0	70.0	45.0	345.0
71.0	260.0	45.0	70.0	43.0	188.0
3.0	214.0	45.0	65.0	10.0	138.0
0.0	1.0	0.0	0.0	0.0	107.0
0.0	1.0	0.0	0.0	0.0	3.0
0.0	0.0	0.0	0.0	0.0	104.0
3.0	213.0	45.0	65.0	10.0	31.0
1.0	126.0	30.0	0.0	0.0	1.0
0.0	1.0	8.0	0.0	0.0	0.0
0.0	1.0	3.0	0.0	0.0	0.0
0.0	0.0	5.0	0.0	0.0	0.0
1.0	125.0	22.0	0.0	0.0	1.0
0.0	5.0	22.0	0.0	0.0	0.0
0.0	0.0	14.0	0.0	0.0	0.0
0.0	5.0	8.0	0.0	0.0	0.0
0.0	5.0	5.0	0.0	0.0	0.0
0.0	0.0	3.0	0.0	0.0	0.0
0.0	5.0	2.0	0.0	0.0	0.0
0.0	1.0	2.0	0.0	0.0	0.0
0.0	4.0	0.0	0.0	0.0	0.0
0.0	0.0	3.0	0.0	0.0	0.0
1.0	120.0	0.0	0.0	0.0	1.0
1.0	118.0	0.0	0.0	0.0	0.0
0.0	115.0	0.0	0.0	0.0	0.0
1.0	3.0	0.0	0.0	0.0	0.0
0.0	2.0	0.0	0.0	0.0	1.0
2.0	87.0	15.0	65.0	10.0	30.0
2.0	69.0	11.0	0.0	0.0	11.0
2.0	34.0	11.0	0.0	0.0	10.0
0.0	0.0	11.0	0.0	0.0	0.0
2.0	34.0	0.0	0.0	0.0	10.0
1.0	16.0	0.0	0.0	0.0	0.0
0.0	13.0	0.0	0.0	0.0	0.0
1.0	3.0	0.0	0.0	0.0	0.0
1.0	18.0	0.0	0.0	0.0	10.0
0.0	8.0	0.0	0.0	0.0	0.0
1.0	10.0	0.0	0.0	0.0	10.0
0.0	7.0	0.0	0.0	0.0	10.0
0.0	7.0	0.0	0.0	0.0	6.0
0.0	0.0	0.0	0.0	0.0	4.0
1.0	3.0	0.0	0.0	0.0	0.0
0.0	35.0	0.0	0.0	0.0	1.0
0.0	33.0	0.0	0.0	0.0	0.0
0.0	2.0	0.0	0.0	0.0	1.0
0.0	18.0	4.0	65.0	10.0	19.0
0.0	0.0	4.0	5.0	0.0	9.0
0.0	0.0	4.0	0.0	0.0	9.0
0.0	0.0	4.0	0.0	0.0	2.0
0.0	0.0	3.0	0.0	0.0	0.0
0.0	0.0	1.0	0.0	0.0	2.0
0.0	0.0	0.0	0.0	0.0	7.0
0.0	0.0	0.0	5.0	0.0	0.0
0.0	18.0	0.0	60.0	10.0	10.0
0.0	12.0	0.0	60.0	3.0	7.0
0.0	9.0	0.0	16.0	0.0	7.0
0.0	5.0	0.0	0.0	0.0	3.0
0.0	4.0	0.0	0.0	0.0	0.0
0.0	1.0	0.0	0.0	0.0	3.0
0.0	4.0	0.0	16.0	0.0	4.0
0.0	3.0	0.0	15.0	0.0	1.0
0.0	3.0	0.0	3.0	0.0	0.0
0.0	0.0	0.0	12.0	0.0	1.0
0.0	1.0	0.0	1.0	0.0	3.0
0.0	3.0	0.0	44.0	3.0	0.0
0.0	0.0	0.0	26.0	0.0	0.0
0.0	3.0	0.0	18.0	3.0	0.0
0.0	3.0	0.0	4.0	0.0	0.0
0.0	2.0	0.0	1.0	0.0	0.0
0.0	1.0	0.0	3.0	0.0	0.0
0.0	0.0	0.0	14.0	3.0	0.0
0.0	0.0	0.0	10.0	0.0	0.0
0.0	0.0	0.0	4.0	3.0	0.0
0.0	6.0	0.0	0.0	7.0	3.0
0.0	6.0	0.0	0.0	2.0	0.0
0.0	5.0	0.0	0.0	0.0	0.0
0.0	1.0	0.0	0.0	2.0	0.0
0.0	0.0	0.0	0.0	5.0	3.0
0.0	0.0	0.0	0.0	1.0	3.0
0.0	0.0	0.0	0.0	4.0	0.0
68.0	46.0	0.0	5.0	33.0	50.0
2.0	37.0	0.0	5.0	11.0	24.0
1.0	36.0	0.0	4.0	1.0	22.0
0.0	0.0	0.0	0.0	0.0	19.0
1.0	36.0	0.0	4.0	1.0	3.0
0.0	25.0	0.0	0.0	0.0	0.0
1.0	11.0	0.0	4.0	1.0	3.0
1.0	7.0	0.0	0.0	1.0	2.0
1.0	6.0	0.0	0.0	1.0	0.0
1.0	1.0	0.0	0.0	1.0	0.0
0.0	5.0	0.0	0.0	0.0	0.0
0.0	1.0	0.0	0.0	0.0	2.0
0.0	4.0	0.0	4.0	0.0	1.0
0.0	1.0	0.0	4.0	0.0	0.0
0.0	3.0	0.0	0.0	0.0	1.0
1.0	1.0	0.0	1.0	10.0	2.0
1.0	1.0	0.0	0.0	0.0	2.0
0.0	0.0	0.0	1.0	10.0	0.0
0.0	0.0	0.0	0.0	7.0	0.0
0.0	0.0	0.0	1.0	3.0	0.0
66.0	9.0	0.0	0.0	22.0	26.0
64.0	0.0	0.0	0.0	9.0	14.0
0.0	0.0	0.0	0.0	0.0	14.0
64.0	0.0	0.0	0.0	9.0	0.0
37.0	0.0	0.0	0.0	0.0	0.0
27.0	0.0	0.0	0.0	9.0	0.0
6.0	0.0	0.0	0.0	0.0	0.0
21.0	0.0	0.0	0.0	9.0	0.0
18.0	0.0	0.0	0.0	4.0	0.0
7.0	0.0	0.0	0.0	0.0	0.0
11.0	0.0	0.0	0.0	4.0	0.0
1.0	0.0	0.0	0.0	2.0	0.0
10.0	0.0	0.0	0.0	2.0	0.0
5.0	0.0	0.0	0.0	0.0	0.0
5.0	0.0	0.0	0.0	2.0	0.0
3.0	0.0	0.0	0.0	5.0	0.0
0.0	0.0	0.0	0.0	5.0	0.0
3.0	0.0	0.0	0.0	0.0	0.0
2.0	9.0	0.0	0.0	13.0	12.0
1.0	1.0	0.0	0.0	10.0	7.0
0.0	0.0	0.0	0.0	9.0	1.0
0.0	0.0	0.0	0.0	2.0	1.0
0.0	0.0	0.0	0.0	7.0	0.0
1.0	1.0	0.0	0.0	1.0	6.0
1.0	1.0	0.0	0.0	0.0	1.0
0.0	0.0	0.0	0.0	1.0	5.0
0.0	0.0	0.0	0.0	1.0	2.0
0.0	0.0	0.0	0.0	0.0	3.0
1.0	8.0	0.0	0.0	3.0	5.0
1.0	0.0	0.0	0.0	1.0	2.0
0.0	8.0	0.0	0.0	2.0	3.0
0.0	4.0	0.0	0.0	0.0	0.0
0.0	4.0	0.0	0.0	2.0	3.0
0.0	0.0	0.0	0.0	2.0	3.0
0.0	4.0	0.0	0.0	0.0	0.0
5.0	803.0	35.0	0.0	2.0	157.0
1.0	21.0	28.0	0.0	0.0	4.0
1.0	11.0	28.0	0.0	0.0	0.0
1.0	0.0	9.0	0.0	0.0	0.0
1.0	0.0	2.0	0.0	0.0	0.0
0.0	0.0	7.0	0.0	0.0	0.0
0.0	11.0	19.0	0.0	0.0	0.0
0.0	11.0	2.0	0.0	0.0	0.0
0.0	9.0	0.0	0.0	0.0	0.0
0.0	2.0	2.0	0.0	0.0	0.0
0.0	0.0	17.0	0.0	0.0	0.0
0.0	10.0	0.0	0.0	0.0	4.0
0.0	0.0	0.0	0.0	0.0	4.0
0.0	10.0	0.0	0.0	0.0	0.0
4.0	782.0	7.0	0.0	2.0	153.0
0.0	11.0	0.0	0.0	0.0	146.0
0.0	1.0	0.0	0.0	0.0	106.0
0.0	1.0	0.0	0.0	0.0	27.0
0.0	0.0	0.0	0.0	0.0	18.0
0.0	1.0	0.0	0.0	0.0	9.0
0.0	0.0	0.0	0.0	0.0	6.0
0.0	1.0	0.0	0.0	0.0	3.0
0.0	0.0	0.0	0.0	0.0	79.0
0.0	10.0	0.0	0.0	0.0	40.0
0.0	10.0	0.0	0.0	0.0	17.0
0.0	1.0	0.0	0.0	0.0	12.0
0.0	1.0	0.0	0.0	0.0	3.0
0.0	0.0	0.0	0.0	0.0	9.0
0.0	9.0	0.0	0.0	0.0	5.0
0.0	4.0	0.0	0.0	0.0	0.0
0.0	5.0	0.0	0.0	0.0	5.0
0.0	4.0	0.0	0.0	0.0	3.0
0.0	2.0	0.0	0.0	0.0	2.0
0.0	2.0	0.0	0.0	0.0	1.0
0.0	1.0	0.0	0.0	0.0	2.0
0.0	0.0	0.0	0.0	0.0	23.0
4.0	771.0	7.0	0.0	2.0	7.0
4.0	161.0	7.0	0.0	2.0	7.0
2.0	87.0	0.0	0.0	0.0	0.0
0.0	81.0	0.0	0.0	0.0	0.0
2.0	6.0	0.0	0.0	0.0	0.0
2.0	1.0	0.0	0.0	0.0	0.0
0.0	5.0	0.0	0.0	0.0	0.0
2.0	74.0	7.0	0.0	2.0	7.0
0.0	47.0	7.0	0.0	0.0	0.0
0.0	8.0	7.0	0.0	0.0	0.0
0.0	0.0	4.0	0.0	0.0	0.0
0.0	8.0	3.0	0.0	0.0	0.0
0.0	5.0	0.0	0.0	0.0	0.0
0.0	3.0	3.0	0.0	0.0	0.0
0.0	0.0	3.0	0.0	0.0	0.0
0.0	3.0	0.0	0.0	0.0	0.0
0.0	39.0	0.0	0.0	0.0	0.0
2.0	27.0	0.0	0.0	2.0	7.0
0.0	5.0	0.0	0.0	0.0	7.0
0.0	1.0	0.0	0.0	0.0	7.0
0.0	0.0	0.0	0.0	0.0	5.0
0.0	1.0	0.0	0.0	0.0	2.0
0.0	4.0	0.0	0.0	0.0	0.0
2.0	22.0	0.0	0.0	2.0	0.0
0.0	18.0	0.0	0.0	0.0	0.0
2.0	4.0	0.0	0.0	2.0	0.0
0.0	3.0	0.0	0.0	0.0	0.0
2.0	1.0	0.0	0.0	2.0	0.0
0.0	610.0	0.0	0.0	0.0	0.0
