# Sizes (NFeatures, Nclasses, NodeCount, MaxDepth)
10	6	221	11
# Classes
0.0	1.0	2.0	3.0	4.0	5.0
# Feature Names
Nrows	Ncols	Nnnz	AvgNnnz	Density	MaxRowNnnz	MinRowNnnz	StdRowNnnz	NDiags	NTrueDiags
# Left
1	2	3	4	5	6	-1	8	-1	-1	11	-1	13	14	-1	-1	-1	18	-1	20	-1	22	-1	-1	25	26	-1	-1	29	-1	-1	32	33	34	35	-1	37	-1	-1	-1	41	42	-1	-1	-1	46	47	-1	49	-1	51	-1	-1	54	-1	56	57	-1	-1	60	-1	-1	63	64	65	66	-1	68	69	-1	71	72	-1	-1	-1	-1	77	78	79	-1	81	-1	-1	84	-1	-1	87	88	89	-1	-1	-1	93	-1	-1	96	97	98	99	100	101	-1	-1	-1	-1	-1	107	108	109	110	-1	112	-1	-1	115	-1	-1	118	119	120	-1	-1	-1	-1	125	-1	-1	128	129	130	131	-1	133	-1	135	-1	-1	138	139	140	-1	-1	-1	144	-1	146	-1	-1	149	150	151	-1	153	-1	-1	-1	-1	158	159	-1	161	-1	163	-1	165	-1	-1	168	-1	-1	171	172	173	174	-1	176	177	-1	179	-1	181	182	-1	-1	-1	-1	187	-1	-1	190	-1	192	193	194	195	-1	-1	-1	199	-1	-1	-1	203	204	-1	-1	207	208	209	-1	-1	212	-1	-1	215	-1	217	218	-1	-1	-1
# Right
62	31	24	17	10	7	-1	9	-1	-1	12	-1	16	15	-1	-1	-1	19	-1	21	-1	23	-1	-1	28	27	-1	-1	30	-1	-1	45	40	39	36	-1	38	-1	-1	-1	44	43	-1	-1	-1	53	48	-1	50	-1	52	-1	-1	55	-1	59	58	-1	-1	61	-1	-1	170	95	76	67	-1	75	70	-1	74	73	-1	-1	-1	-1	86	83	80	-1	82	-1	-1	85	-1	-1	92	91	90	-1	-1	-1	94	-1	-1	127	106	105	104	103	102	-1	-1	-1	-1	-1	124	117	114	111	-1	113	-1	-1	116	-1	-1	123	122	121	-1	-1	-1	-1	126	-1	-1	157	148	137	132	-1	134	-1	136	-1	-1	143	142	141	-1	-1	-1	145	-1	147	-1	-1	156	155	152	-1	154	-1	-1	-1	-1	167	160	-1	162	-1	164	-1	166	-1	-1	169	-1	-1	202	189	186	175	-1	185	178	-1	180	-1	184	183	-1	-1	-1	-1	188	-1	-1	191	-1	201	198	197	196	-1	-1	-1	200	-1	-1	-1	206	205	-1	-1	214	211	210	-1	-1	213	-1	-1	216	-1	220	219	-1	-1	-1
# Threshold
4619.5	34.0	0.008977040182799101	10.0	4628.5	2.375	-2.0	4.411109924316406	-2.0	-2.0	0.671174019575119	-2.0	1.5	17783.5	-2.0	-2.0	-2.0	5.017215013504028	-2.0	7529.5	-2.0	9.0	-2.0	-2.0	1.5	8.0	-2.0	-2.0	5.5	-2.0	-2.0	0.5	2956.0	5.665869951248169	1942.0	-2.0	2741.0	-2.0	-2.0	-2.0	4408.0	4117.5	-2.0	-2.0	-2.0	15.933799743652344	3607.0	-2.0	1.5	-2.0	0.00214846502058208	-2.0	-2.0	38253.0	-2.0	41.0	3.8939000368118286	-2.0	-2.0	3489765.0	-2.0	-2.0	2761.5	1.5	0.5	0.0007714694947935641	-2.0	12432.0	5275.0	-2.0	161.0	9086.0	-2.0	-2.0	-2.0	-2.0	5746245.0	8.5	132093.5	-2.0	201219.0	-2.0	-2.0	149.0	-2.0	-2.0	15.415299415588379	19755250.0	4.5606600451719714e-06	-2.0	-2.0	-2.0	26.0	-2.0	-2.0	3.5	59036.5	15.732349872589111	19.0	92980.0	2.0	-2.0	-2.0	-2.0	-2.0	-2.0	6969265.0	425928.5	845767.0	79209.0	-2.0	68815.5	-2.0	-2.0	6.5	-2.0	-2.0	1.1009229719638824	4137180.0	4.992120027542114	-2.0	-2.0	-2.0	-2.0	49164600.0	-2.0	-2.0	0.0008394515025429428	249762.5	1633390.0	4.5	-2.0	0.5	-2.0	0.00023748599778627977	-2.0	-2.0	144.5	6.0	3.9201799631118774	-2.0	-2.0	-2.0	0.00027612849953584373	-2.0	16.0	-2.0	-2.0	108.0	122306000.0	441286.5	-2.0	39.0	-2.0	-2.0	-2.0	-2.0	48.12660026550293	12.505549907684326	-2.0	0.5	-2.0	19394.0	-2.0	162.0	-2.0	-2.0	0.0418333001434803	-2.0	-2.0	15.306350231170654	1399795.0	50512.0	3183.0	-2.0	43416.0	6452.5	-2.0	72.018798828125	-2.0	18499.0	99.94475173950195	-2.0	-2.0	-2.0	-2.0	257.4854965209961	-2.0	-2.0	2.989050030708313	-2.0	173.2239990234375	22979.5	12.36240005493164	910439.0	-2.0	-2.0	-2.0	34157.5	-2.0	-2.0	-2.0	2477015.0	11218.5	-2.0	-2.0	115891.5	12.0	86463.0	-2.0	-2.0	6.0	-2.0	-2.0	2.5	-2.0	0.0002248204982606694	233.29800415039062	-2.0	-2.0	-2.0
# Feature
8	8	4	8	2	3	-2	3	-2	-2	7	-2	6	2	-2	-2	-2	3	-2	1	-2	9	-2	-2	6	8	-2	-2	8	-2	-2	9	0	3	2	-2	2	-2	-2	-2	8	0	-2	-2	-2	3	8	-2	9	-2	4	-2	-2	0	-2	9	7	-2	-2	2	-2	-2	5	6	9	4	-2	0	0	-2	5	1	-2	-2	-2	-2	2	9	0	-2	1	-2	-2	5	-2	-2	3	2	4	-2	-2	-2	9	-2	-2	6	1	7	9	2	9	-2	-2	-2	-2	-2	1	8	2	8	-2	0	-2	-2	9	-2	-2	7	8	3	-2	-2	-2	-2	2	-2	-2	4	0	2	6	-2	9	-2	4	-2	-2	5	9	7	-2	-2	-2	4	-2	9	-2	-2	5	2	8	-2	5	-2	-2	-2	-2	3	3	-2	9	-2	1	-2	5	-2	-2	4	-2	-2	3	2	0	5	-2	1	5	-2	7	-2	5	7	-2	-2	-2	-2	7	-2	-2	3	-2	7	5	3	0	-2	-2	-2	5	-2	-2	-2	2	5	-2	-2	1	9	8	-2	-2	6	-2	-2	9	-2	4	7	-2	-2	-2
# Values
76.0	1063.0	80.0	70.0	45.0	345.0
2.0	783.0	80.0	9.0	0.0	134.0
1.0	83.0	80.0	0.0	0.0	0.0
0.0	28.0	77.0	0.0	0.0	0.0
0.0	11.0	65.0	0.0	0.0	0.0
0.0	9.0	15.0	0.0	0.0	0.0
0.0	0.0	14.0	0.0	0.0	0.0
0.0	9.0	1.0	0.0	0.0	0.0
0.0	7.0	0.0	0.0	0.0	0.0
0.0	2.0	1.0	0.0	0.0	0.0
0.0	2.0	50.0	0.0	0.0	0.0
0.0	0.0	43.0	0.0	0.0	0.0
0.0	2.0	7.0	0.0	0.0	0.0
0.0	2.0	4.0	0.0	0.0	0.0
0.0	2.0	1.0	0.0	0.0	0.0
0.0	0.0	3.0	0.0	0.0	0.0
0.0	0.0	3.0	0.0	0.0	0.0
0.0	17.0	12.0	0.0	0.0	0.0
0.0	8.0	0.0	0.0	0.0	0.0
0.0	9.0	12.0	0.0	0.0	0.0
0.0	7.0	0.0	0.0	0.0	0.0
0.0	2.0	12.0	0.0	0.0	0.0
0.0	2.0	2.0	0.0	0.0	0.0
0.0	0.0	10.0	0.0	0.0	0.0
1.0	55.0	3.0	0.0	0.0	0.0
1.0	7.0	2.0	0.0	0.0	0.0
1.0	0.0	2.0	0.0	0.0	0.0
0.0	7.0	0.0	0.0	0.0	0.0
0.0	48.0	1.0	0.0	0.0	0.0
0.0	2.0	1.0	0.0	0.0	0.0
0.0	46.0	0.0	0.0	0.0	0.0
1.0	700.0	0.0	9.0	0.0	134.0
0.0	6.0	0.0	0.0	0.0	120.0
0.0	1.0	0.0	0.0	0.0	108.0
0.0	1.0	0.0	0.0	0.0	40.0
0.0	0.0	0.0	0.0	0.0	25.0
0.0	1.0	0.0	0.0	0.0	15.0
0.0	1.0	0.0	0.0	0.0	2.0
0.0	0.0	0.0	0.0	0.0	13.0
0.0	0.0	0.0	0.0	0.0	68.0
0.0	5.0	0.0	0.0	0.0	12.0
0.0	1.0	0.0	0.0	0.0	12.0
0.0	1.0	0.0	0.0	0.0	2.0
0.0	0.0	0.0	0.0	0.0	10.0
0.0	4.0	0.0	0.0	0.0	0.0
1.0	694.0	0.0	9.0	0.0	14.0
1.0	513.0	0.0	0.0	0.0	1.0
0.0	487.0	0.0	0.0	0.0	0.0
1.0	26.0	0.0	0.0	0.0	1.0
0.0	2.0	0.0	0.0	0.0	1.0
1.0	24.0	0.0	0.0	0.0	0.0
0.0	21.0	0.0	0.0	0.0	0.0
1.0	3.0	0.0	0.0	0.0	0.0
0.0	181.0	0.0	9.0	0.0	13.0
0.0	180.0	0.0	0.0	0.0	0.0
0.0	1.0	0.0	9.0	0.0	13.0
0.0	0.0	0.0	8.0	0.0	1.0
0.0	0.0	0.0	2.0	0.0	1.0
0.0	0.0	0.0	6.0	0.0	0.0
0.0	1.0	0.0	1.0	0.0	12.0
0.0	1.0	0.0	1.0	0.0	3.0
0.0	0.0	0.0	0.0	0.0	9.0
74.0	280.0	0.0	61.0	45.0	211.0
3.0	255.0	0.0	61.0	20.0	181.0
2.0	76.0	0.0	4.0	7.0	140.0
0.0	6.0	0.0	0.0	0.0	134.0
0.0	0.0	0.0	0.0	0.0	108.0
0.0	6.0	0.0	0.0	0.0	26.0
0.0	6.0	0.0	0.0	0.0	12.0
0.0	0.0	0.0	0.0	0.0	6.0
0.0	6.0	0.0	0.0	0.0	6.0
0.0	6.0	0.0	0.0	0.0	3.0
0.0	4.0	0.0	0.0	0.0	1.0
0.0	2.0	0.0	0.0	0.0	2.0
0.0	0.0	0.0	0.0	0.0	3.0
0.0	0.0	0.0	0.0	0.0	14.0
2.0	70.0	0.0	4.0	7.0	6.0
0.0	67.0	0.0	2.0	0.0	2.0
0.0	62.0	0.0	0.0	0.0	2.0
0.0	44.0	0.0	0.0	0.0	0.0
0.0	18.0	0.0	0.0	0.0	2.0
0.0	1.0	0.0	0.0	0.0	2.0
0.0	17.0	0.0	0.0	0.0	0.0
0.0	5.0	0.0	2.0	0.0	0.0
0.0	1.0	0.0	2.0	0.0	0.0
0.0	4.0	0.0	0.0	0.0	0.0
2.0	3.0	0.0	2.0	7.0	4.0
2.0	3.0	0.0	0.0	0.0	4.0
0.0	2.0	0.0	0.0	0.0	4.0
0.0	2.0	0.0	0.0	0.0	1.0
0.0	0.0	0.0	0.0	0.0	3.0
2.0	1.0	0.0	0.0	0.0	0.0
0.0	0.0	0.0	2.0	7.0	0.0
0.0	0.0	0.0	0.0	4.0	0.0
0.0	0.0	0.0	2.0	3.0	0.0
1.0	179.0	0.0	57.0	13.0	41.0
1.0	92.0	0.0	3.0	0.0	16.0
0.0	63.0	0.0	0.0	0.0	4.0
0.0	30.0	0.0	0.0	0.0	4.0
0.0	29.0	0.0	0.0	0.0	2.0
0.0	11.0	0.0	0.0	0.0	2.0
0.0	2.0	0.0	0.0	0.0	2.0
0.0	9.0	0.0	0.0	0.0	0.0
0.0	18.0	0.0	0.0	0.0	0.0
0.0	1.0	0.0	0.0	0.0	2.0
0.0	33.0	0.0	0.0	0.0	0.0
1.0	29.0	0.0	3.0	0.0	12.0
0.0	23.0	0.0	3.0	0.0	12.0
0.0	15.0	0.0	3.0	0.0	4.0
0.0	14.0	0.0	0.0	0.0	2.0
0.0	10.0	0.0	0.0	0.0	0.0
0.0	4.0	0.0	0.0	0.0	2.0
0.0	1.0	0.0	0.0	0.0	2.0
0.0	3.0	0.0	0.0	0.0	0.0
0.0	1.0	0.0	3.0	0.0	2.0
0.0	1.0	0.0	1.0	0.0	1.0
0.0	0.0	0.0	2.0	0.0	1.0
0.0	8.0	0.0	0.0	0.0	8.0
0.0	8.0	0.0	0.0	0.0	4.0
0.0	3.0	0.0	0.0	0.0	4.0
0.0	1.0	0.0	0.0	0.0	3.0
0.0	2.0	0.0	0.0	0.0	1.0
0.0	5.0	0.0	0.0	0.0	0.0
0.0	0.0	0.0	0.0	0.0	4.0
1.0	6.0	0.0	0.0	0.0	0.0
0.0	3.0	0.0	0.0	0.0	0.0
1.0	3.0	0.0	0.0	0.0	0.0
0.0	87.0	0.0	54.0	13.0	25.0
0.0	27.0	0.0	54.0	13.0	11.0
0.0	26.0	0.0	27.0	1.0	10.0
0.0	11.0	0.0	0.0	0.0	8.0
0.0	7.0	0.0	0.0	0.0	0.0
0.0	4.0	0.0	0.0	0.0	8.0
0.0	0.0	0.0	0.0	0.0	6.0
0.0	4.0	0.0	0.0	0.0	2.0
0.0	1.0	0.0	0.0	0.0	2.0
0.0	3.0	0.0	0.0	0.0	0.0
0.0	15.0	0.0	27.0	1.0	2.0
0.0	4.0	0.0	27.0	0.0	0.0
0.0	4.0	0.0	2.0	0.0	0.0
0.0	1.0	0.0	2.0	0.0	0.0
0.0	3.0	0.0	0.0	0.0	0.0
0.0	0.0	0.0	25.0	0.0	0.0
0.0	11.0	0.0	0.0	1.0	2.0
0.0	1.0	0.0	0.0	0.0	2.0
0.0	10.0	0.0	0.0	1.0	0.0
0.0	8.0	0.0	0.0	0.0	0.0
0.0	2.0	0.0	0.0	1.0	0.0
0.0	1.0	0.0	27.0	12.0	1.0
0.0	1.0	0.0	27.0	2.0	1.0
0.0	1.0	0.0	24.0	0.0	1.0
0.0	0.0	0.0	20.0	0.0	0.0
0.0	1.0	0.0	4.0	0.0	1.0
0.0	1.0	0.0	1.0	0.0	1.0
0.0	0.0	0.0	3.0	0.0	0.0
0.0	0.0	0.0	3.0	2.0	0.0
0.0	0.0	0.0	0.0	10.0	0.0
0.0	60.0	0.0	0.0	0.0	14.0
0.0	19.0	0.0	0.0	0.0	13.0
0.0	0.0	0.0	0.0	0.0	4.0
0.0	19.0	0.0	0.0	0.0	9.0
0.0	0.0	0.0	0.0	0.0	4.0
0.0	19.0	0.0	0.0	0.0	5.0
0.0	18.0	0.0	0.0	0.0	0.0
0.0	1.0	0.0	0.0	0.0	5.0
0.0	1.0	0.0	0.0	0.0	2.0
0.0	0.0	0.0	0.0	0.0	3.0
0.0	41.0	0.0	0.0	0.0	1.0
0.0	39.0	0.0	0.0	0.0	0.0
0.0	2.0	0.0	0.0	0.0	1.0
71.0	25.0	0.0	0.0	25.0	30.0
67.0	4.0	0.0	0.0	9.0	14.0
48.0	4.0	0.0	0.0	9.0	1.0
24.0	4.0	0.0	0.0	8.0	1.0
1.0	4.0	0.0	0.0	0.0	0.0
23.0	0.0	0.0	0.0	8.0	1.0
22.0	0.0	0.0	0.0	6.0	0.0
8.0	0.0	0.0	0.0	0.0	0.0
14.0	0.0	0.0	0.0	6.0	0.0
1.0	0.0	0.0	0.0	2.0	0.0
13.0	0.0	0.0	0.0	4.0	0.0
12.0	0.0	0.0	0.0	2.0	0.0
6.0	0.0	0.0	0.0	2.0	0.0
6.0	0.0	0.0	0.0	0.0	0.0
1.0	0.0	0.0	0.0	2.0	0.0
1.0	0.0	0.0	0.0	2.0	1.0
24.0	0.0	0.0	0.0	1.0	0.0
20.0	0.0	0.0	0.0	0.0	0.0
4.0	0.0	0.0	0.0	1.0	0.0
19.0	0.0	0.0	0.0	0.0	13.0
0.0	0.0	0.0	0.0	0.0	3.0
19.0	0.0	0.0	0.0	0.0	10.0
7.0	0.0	0.0	0.0	0.0	10.0
3.0	0.0	0.0	0.0	0.0	8.0
3.0	0.0	0.0	0.0	0.0	4.0
0.0	0.0	0.0	0.0	0.0	3.0
3.0	0.0	0.0	0.0	0.0	1.0
0.0	0.0	0.0	0.0	0.0	4.0
4.0	0.0	0.0	0.0	0.0	2.0
2.0	0.0	0.0	0.0	0.0	1.0
2.0	0.0	0.0	0.0	0.0	1.0
12.0	0.0	0.0	0.0	0.0	0.0
4.0	21.0	0.0	0.0	16.0	16.0
3.0	7.0	0.0	0.0	1.0	0.0
0.0	7.0	0.0	0.0	0.0	0.0
3.0	0.0	0.0	0.0	1.0	0.0
1.0	14.0	0.0	0.0	15.0	16.0
0.0	13.0	0.0	0.0	3.0	6.0
0.0	2.0	0.0	0.0	1.0	6.0
0.0	2.0	0.0	0.0	0.0	1.0
0.0	0.0	0.0	0.0	1.0	5.0
0.0	11.0	0.0	0.0	2.0	0.0
0.0	2.0	0.0	0.0	2.0	0.0
0.0	9.0	0.0	0.0	0.0	0.0
1.0	1.0	0.0	0.0	12.0	10.0
0.0	0.0	0.0	0.0	0.0	8.0
1.0	1.0	0.0	0.0	12.0	2.0
1.0	1.0	0.0	0.0	11.0	0.0
0.0	0.0	0.0	0.0	10.0	0.0
1.0	1.0	0.0	0.0	1.0	0.0
0.0	0.0	0.0	0.0	1.0	2.0
