# Sizes (NFeatures, Nclasses, NodeCount, MaxDepth)
10	6	179	11
# Classes
0.0	1.0	2.0	3.0	4.0	5.0
# Feature Names
Nrows	Ncols	Nnnz	AvgNnnz	Density	MaxRowNnnz	MinRowNnnz	StdRowNnnz	NDiags	NTrueDiags
# Left
1	2	3	-1	5	6	7	8	-1	-1	-1	-1	13	-1	15	16	17	-1	-1	-1	21	-1	-1	-1	25	26	27	28	-1	-1	31	32	33	-1	-1	36	-1	38	-1	40	41	42	-1	-1	45	-1	-1	-1	49	50	-1	-1	53	-1	55	-1	57	-1	-1	60	61	-1	63	64	-1	66	-1	68	-1	-1	71	-1	73	-1	-1	-1	77	78	79	-1	81	-1	83	84	-1	86	-1	-1	89	-1	91	-1	-1	94	95	96	97	98	99	-1	-1	-1	-1	104	-1	-1	-1	108	-1	110	111	112	113	-1	-1	-1	-1	118	-1	-1	121	122	123	124	125	-1	127	-1	129	-1	-1	132	133	-1	-1	-1	137	138	-1	-1	-1	142	143	144	145	146	-1	-1	149	-1	-1	152	-1	154	155	-1	-1	158	-1	-1	-1	162	-1	164	-1	166	167	-1	-1	170	-1	-1	173	-1	175	176	-1	-1	-1
# Right
24	23	4	-1	12	11	10	9	-1	-1	-1	-1	14	-1	20	19	18	-1	-1	-1	22	-1	-1	-1	76	59	30	29	-1	-1	48	35	34	-1	-1	37	-1	39	-1	47	44	43	-1	-1	46	-1	-1	-1	52	51	-1	-1	54	-1	56	-1	58	-1	-1	75	62	-1	70	65	-1	67	-1	69	-1	-1	72	-1	74	-1	-1	-1	120	93	80	-1	82	-1	88	85	-1	87	-1	-1	90	-1	92	-1	-1	107	106	103	102	101	100	-1	-1	-1	-1	105	-1	-1	-1	109	-1	117	116	115	114	-1	-1	-1	-1	119	-1	-1	172	141	136	131	126	-1	128	-1	130	-1	-1	135	134	-1	-1	-1	140	139	-1	-1	-1	161	160	151	148	147	-1	-1	150	-1	-1	153	-1	157	156	-1	-1	159	-1	-1	-1	163	-1	165	-1	169	168	-1	-1	171	-1	-1	174	-1	178	177	-1	-1	-1
# Threshold
0.5	93.5	0.0007766049820929766	-2.0	4518.5	0.014925299677997828	20.07569980621338	416.5	-2.0	-2.0	-2.0	-2.0	3.072504997253418	-2.0	0.0023812850704416633	233187.0	6027.5	-2.0	-2.0	-2.0	15.249425411224365	-2.0	-2.0	-2.0	602107.5	3183.0	1.1505699753761292	1.5	-2.0	-2.0	9.5	764.5	5.5	-2.0	-2.0	4188.0	-2.0	988.5	-2.0	13.0	10737.0	8.5	-2.0	-2.0	10.0	-2.0	-2.0	-2.0	35.0	291463.5	-2.0	-2.0	42554.0	-2.0	7.02883505821228	-2.0	11.518800020217896	-2.0	-2.0	558140.5	5209.0	-2.0	28809.0	0.0006612789875362068	-2.0	6452.5	-2.0	14321.0	-2.0	-2.0	0.00011872380127897486	-2.0	27595.5	-2.0	-2.0	-2.0	39492.0	5.035224914550781	41.0	-2.0	5.222005128860474	-2.0	41.0	9.91419506072998	-2.0	2.6314400656701764e-05	-2.0	-2.0	49.0	-2.0	119174.5	-2.0	-2.0	144.5	29.5	58059.5	46.18070030212402	54.5	3917.0	-2.0	-2.0	-2.0	-2.0	0.0002689915054361336	-2.0	-2.0	-2.0	19837.5	-2.0	3054.0	49.191749572753906	12.0	13.922849655151367	-2.0	-2.0	-2.0	-2.0	33.0	-2.0	-2.0	9416.0	4.43189001083374	8.707970142364502	3.5	2.4545350074768066	-2.0	3607300.0	-2.0	6075470.0	-2.0	-2.0	4391390.0	891951.5	-2.0	-2.0	-2.0	35.5	2497510.0	-2.0	-2.0	-2.0	334988.5	0.0011073199857492	2536760.0	79097.5	22.29715061187744	-2.0	-2.0	100.5	-2.0	-2.0	91228.5	-2.0	118675.0	193122.0	-2.0	-2.0	63.8752498626709	-2.0	-2.0	-2.0	15.415299415588379	-2.0	3.5	-2.0	22.5	34760400.0	-2.0	-2.0	22.0	-2.0	-2.0	4.0	-2.0	583522.5	61638.5	-2.0	-2.0	-2.0
# Feature
9	5	4	-2	8	4	3	0	-2	-2	-2	-2	7	-2	4	2	0	-2	-2	-2	3	-2	-2	-2	2	5	3	8	-2	-2	5	0	8	-2	-2	2	-2	1	-2	8	2	8	-2	-2	8	-2	-2	-2	8	2	-2	-2	1	-2	3	-2	7	-2	-2	2	5	-2	8	4	-2	5	-2	8	-2	-2	4	-2	0	-2	-2	-2	8	7	8	-2	3	-2	9	3	-2	4	-2	-2	9	-2	1	-2	-2	5	6	0	3	9	8	-2	-2	-2	-2	4	-2	-2	-2	0	-2	5	3	9	3	-2	-2	-2	-2	9	-2	-2	5	7	3	9	3	-2	0	-2	8	-2	-2	0	1	-2	-2	-2	5	2	-2	-2	-2	1	4	2	8	7	-2	-2	5	-2	-2	1	-2	1	8	-2	-2	3	-2	-2	-2	3	-2	9	-2	6	2	-2	-2	9	-2	-2	9	-2	8	1	-2	-2	-2
# Values
76.0	1063.0	80.0	70.0	45.0	345.0
0.0	12.0	0.0	0.0	0.0	299.0
0.0	12.0	0.0	0.0	0.0	172.0
0.0	0.0	0.0	0.0	0.0	78.0
0.0	12.0	0.0	0.0	0.0	94.0
0.0	2.0	0.0	0.0	0.0	78.0
0.0	2.0	0.0	0.0	0.0	39.0
0.0	1.0	0.0	0.0	0.0	37.0
0.0	1.0	0.0	0.0	0.0	3.0
0.0	0.0	0.0	0.0	0.0	34.0
0.0	1.0	0.0	0.0	0.0	2.0
0.0	0.0	0.0	0.0	0.0	39.0
0.0	10.0	0.0	0.0	0.0	16.0
0.0	0.0	0.0	0.0	0.0	5.0
0.0	10.0	0.0	0.0	0.0	11.0
0.0	3.0	0.0	0.0	0.0	9.0
0.0	3.0	0.0	0.0	0.0	4.0
0.0	1.0	0.0	0.0	0.0	2.0
0.0	2.0	0.0	0.0	0.0	2.0
0.0	0.0	0.0	0.0	0.0	5.0
0.0	7.0	0.0	0.0	0.0	2.0
0.0	4.0	0.0	0.0	0.0	0.0
0.0	3.0	0.0	0.0	0.0	2.0
0.0	0.0	0.0	0.0	0.0	127.0
76.0	1051.0	80.0	70.0	45.0	46.0
32.0	876.0	70.0	0.0	8.0	0.0
3.0	875.0	70.0	0.0	0.0	0.0
1.0	3.0	20.0	0.0	0.0	0.0
0.0	0.0	20.0	0.0	0.0	0.0
1.0	3.0	0.0	0.0	0.0	0.0
2.0	872.0	50.0	0.0	0.0	0.0
0.0	151.0	46.0	0.0	0.0	0.0
0.0	74.0	1.0	0.0	0.0	0.0
0.0	2.0	1.0	0.0	0.0	0.0
0.0	72.0	0.0	0.0	0.0	0.0
0.0	77.0	45.0	0.0	0.0	0.0
0.0	9.0	0.0	0.0	0.0	0.0
0.0	68.0	45.0	0.0	0.0	0.0
0.0	0.0	8.0	0.0	0.0	0.0
0.0	68.0	37.0	0.0	0.0	0.0
0.0	4.0	37.0	0.0	0.0	0.0
0.0	3.0	4.0	0.0	0.0	0.0
0.0	0.0	4.0	0.0	0.0	0.0
0.0	3.0	0.0	0.0	0.0	0.0
0.0	1.0	33.0	0.0	0.0	0.0
0.0	0.0	30.0	0.0	0.0	0.0
0.0	1.0	3.0	0.0	0.0	0.0
0.0	64.0	0.0	0.0	0.0	0.0
2.0	721.0	4.0	0.0	0.0	0.0
0.0	24.0	4.0	0.0	0.0	0.0
0.0	24.0	0.0	0.0	0.0	0.0
0.0	0.0	4.0	0.0	0.0	0.0
2.0	697.0	0.0	0.0	0.0	0.0
0.0	671.0	0.0	0.0	0.0	0.0
2.0	26.0	0.0	0.0	0.0	0.0
0.0	16.0	0.0	0.0	0.0	0.0
2.0	10.0	0.0	0.0	0.0	0.0
0.0	8.0	0.0	0.0	0.0	0.0
2.0	2.0	0.0	0.0	0.0	0.0
29.0	1.0	0.0	0.0	8.0	0.0
27.0	0.0	0.0	0.0	8.0	0.0
7.0	0.0	0.0	0.0	0.0	0.0
20.0	0.0	0.0	0.0	8.0	0.0
16.0	0.0	0.0	0.0	3.0	0.0
7.0	0.0	0.0	0.0	0.0	0.0
9.0	0.0	0.0	0.0	3.0	0.0
3.0	0.0	0.0	0.0	0.0	0.0
6.0	0.0	0.0	0.0	3.0	0.0
4.0	0.0	0.0	0.0	1.0	0.0
2.0	0.0	0.0	0.0	2.0	0.0
4.0	0.0	0.0	0.0	5.0	0.0
3.0	0.0	0.0	0.0	0.0	0.0
1.0	0.0	0.0	0.0	5.0	0.0
1.0	0.0	0.0	0.0	2.0	0.0
0.0	0.0	0.0	0.0	3.0	0.0
2.0	1.0	0.0	0.0	0.0	0.0
44.0	175.0	10.0	70.0	37.0	46.0
2.0	96.0	10.0	44.0	2.0	26.0
0.0	4.0	10.0	28.0	0.0	16.0
0.0	0.0	10.0	0.0	0.0	0.0
0.0	4.0	0.0	28.0	0.0	16.0
0.0	4.0	0.0	0.0	0.0	0.0
0.0	0.0	0.0	28.0	0.0	16.0
0.0	0.0	0.0	25.0	0.0	5.0
0.0	0.0	0.0	0.0	0.0	3.0
0.0	0.0	0.0	25.0	0.0	2.0
0.0	0.0	0.0	2.0	0.0	2.0
0.0	0.0	0.0	23.0	0.0	0.0
0.0	0.0	0.0	3.0	0.0	11.0
0.0	0.0	0.0	0.0	0.0	6.0
0.0	0.0	0.0	3.0	0.0	5.0
0.0	0.0	0.0	0.0	0.0	4.0
0.0	0.0	0.0	3.0	0.0	1.0
2.0	92.0	0.0	16.0	2.0	10.0
0.0	24.0	0.0	16.0	1.0	4.0
0.0	18.0	0.0	16.0	1.0	4.0
0.0	17.0	0.0	0.0	0.0	4.0
0.0	6.0	0.0	0.0	0.0	4.0
0.0	2.0	0.0	0.0	0.0	4.0
0.0	2.0	0.0	0.0	0.0	1.0
0.0	0.0	0.0	0.0	0.0	3.0
0.0	4.0	0.0	0.0	0.0	0.0
0.0	11.0	0.0	0.0	0.0	0.0
0.0	1.0	0.0	16.0	1.0	0.0
0.0	1.0	0.0	2.0	1.0	0.0
0.0	0.0	0.0	14.0	0.0	0.0
0.0	6.0	0.0	0.0	0.0	0.0
2.0	68.0	0.0	0.0	1.0	6.0
0.0	30.0	0.0	0.0	0.0	0.0
2.0	38.0	0.0	0.0	1.0	6.0
0.0	33.0	0.0	0.0	0.0	6.0
0.0	10.0	0.0	0.0	0.0	6.0
0.0	10.0	0.0	0.0	0.0	1.0
0.0	2.0	0.0	0.0	0.0	1.0
0.0	8.0	0.0	0.0	0.0	0.0
0.0	0.0	0.0	0.0	0.0	5.0
0.0	23.0	0.0	0.0	0.0	0.0
2.0	5.0	0.0	0.0	1.0	0.0
0.0	4.0	0.0	0.0	0.0	0.0
2.0	1.0	0.0	0.0	1.0	0.0
42.0	79.0	0.0	26.0	35.0	20.0
9.0	77.0	0.0	26.0	30.0	20.0
2.0	35.0	0.0	9.0	0.0	10.0
2.0	30.0	0.0	0.0	0.0	9.0
1.0	24.0	0.0	0.0	0.0	1.0
1.0	2.0	0.0	0.0	0.0	0.0
0.0	22.0	0.0	0.0	0.0	1.0
0.0	14.0	0.0	0.0	0.0	0.0
0.0	8.0	0.0	0.0	0.0	1.0
0.0	2.0	0.0	0.0	0.0	1.0
0.0	6.0	0.0	0.0	0.0	0.0
1.0	6.0	0.0	0.0	0.0	8.0
0.0	3.0	0.0	0.0	0.0	7.0
0.0	3.0	0.0	0.0	0.0	1.0
0.0	0.0	0.0	0.0	0.0	6.0
1.0	3.0	0.0	0.0	0.0	1.0
0.0	5.0	0.0	9.0	0.0	1.0
0.0	0.0	0.0	9.0	0.0	1.0
0.0	0.0	0.0	2.0	0.0	1.0
0.0	0.0	0.0	7.0	0.0	0.0
0.0	5.0	0.0	0.0	0.0	0.0
7.0	42.0	0.0	17.0	30.0	10.0
3.0	41.0	0.0	9.0	11.0	10.0
3.0	24.0	0.0	9.0	11.0	10.0
3.0	12.0	0.0	0.0	0.0	2.0
3.0	3.0	0.0	0.0	0.0	0.0
1.0	2.0	0.0	0.0	0.0	0.0
2.0	1.0	0.0	0.0	0.0	0.0
0.0	9.0	0.0	0.0	0.0	2.0
0.0	1.0	0.0	0.0	0.0	2.0
0.0	8.0	0.0	0.0	0.0	0.0
0.0	12.0	0.0	9.0	11.0	8.0
0.0	0.0	0.0	3.0	0.0	0.0
0.0	12.0	0.0	6.0	11.0	8.0
0.0	6.0	0.0	0.0	1.0	4.0
0.0	2.0	0.0	0.0	1.0	4.0
0.0	4.0	0.0	0.0	0.0	0.0
0.0	6.0	0.0	6.0	10.0	4.0
0.0	2.0	0.0	6.0	8.0	4.0
0.0	4.0	0.0	0.0	2.0	0.0
0.0	17.0	0.0	0.0	0.0	0.0
4.0	1.0	0.0	8.0	19.0	0.0
4.0	1.0	0.0	0.0	0.0	0.0
0.0	0.0	0.0	8.0	19.0	0.0
0.0	0.0	0.0	3.0	0.0	0.0
0.0	0.0	0.0	5.0	19.0	0.0
0.0	0.0	0.0	1.0	16.0	0.0
0.0	0.0	0.0	1.0	4.0	0.0
0.0	0.0	0.0	0.0	12.0	0.0
0.0	0.0	0.0	4.0	3.0	0.0
0.0	0.0	0.0	1.0	3.0	0.0
0.0	0.0	0.0	3.0	0.0	0.0
33.0	2.0	0.0	0.0	5.0	0.0
30.0	0.0	0.0	0.0	0.0	0.0
3.0	2.0	0.0	0.0	5.0	0.0
1.0	1.0	0.0	0.0	5.0	0.0
1.0	1.0	0.0	0.0	1.0	0.0
0.0	0.0	0.0	0.0	4.0	0.0
2.0	1.0	0.0	0.0	0.0	0.0
