# Sizes (NFeatures, Nclasses, NodeCount, MaxDepth)
10	6	187	11
# Classes
0.0	1.0	2.0	3.0	4.0	5.0
# Feature Names
Nrows	Ncols	Nnnz	AvgNnnz	Density	MaxRowNnnz	MinRowNnnz	StdRowNnnz	NDiags	NTrueDiags
# Left
1	2	3	4	5	-1	-1	-1	9	10	11	-1	13	-1	15	16	-1	-1	-1	20	-1	22	-1	-1	-1	26	27	28	29	30	-1	32	-1	-1	35	-1	-1	-1	39	-1	41	42	-1	-1	-1	46	47	48	49	50	-1	-1	53	-1	55	-1	57	58	-1	-1	-1	62	63	-1	65	-1	-1	68	-1	-1	71	-1	73	-1	-1	76	77	78	79	-1	-1	-1	-1	84	-1	-1	87	-1	89	90	91	92	93	-1	95	-1	-1	98	99	100	101	102	-1	-1	-1	106	-1	-1	109	-1	-1	112	-1	114	-1	-1	117	118	-1	-1	121	-1	-1	124	125	-1	127	-1	129	-1	-1	132	133	134	135	-1	-1	138	-1	-1	141	142	143	-1	-1	146	-1	-1	-1	150	151	152	153	-1	155	-1	-1	-1	159	160	-1	162	-1	-1	-1	166	167	-1	169	-1	-1	-1	173	174	175	176	-1	178	-1	-1	181	182	-1	-1	-1	-1	-1
# Right
86	25	8	7	6	-1	-1	-1	24	19	12	-1	14	-1	18	17	-1	-1	-1	21	-1	23	-1	-1	-1	45	38	37	34	31	-1	33	-1	-1	36	-1	-1	-1	40	-1	44	43	-1	-1	-1	75	70	61	52	51	-1	-1	54	-1	56	-1	60	59	-1	-1	-1	67	64	-1	66	-1	-1	69	-1	-1	72	-1	74	-1	-1	83	82	81	80	-1	-1	-1	-1	85	-1	-1	88	-1	172	123	116	97	94	-1	96	-1	-1	111	108	105	104	103	-1	-1	-1	107	-1	-1	110	-1	-1	113	-1	115	-1	-1	120	119	-1	-1	122	-1	-1	131	126	-1	128	-1	130	-1	-1	149	140	137	136	-1	-1	139	-1	-1	148	145	144	-1	-1	147	-1	-1	-1	165	158	157	154	-1	156	-1	-1	-1	164	161	-1	163	-1	-1	-1	171	168	-1	170	-1	-1	-1	186	185	180	177	-1	179	-1	-1	184	183	-1	-1	-1	-1	-1
# Threshold
762322.5	0.5	2958.5	25.5	3.171199917793274	-2.0	-2.0	-2.0	10863.5	0.0024860050762072206	4.167195081710815	-2.0	5275.0	-2.0	10818.0	7795.0	-2.0	-2.0	-2.0	68.0	-2.0	16.002274990081787	-2.0	-2.0	-2.0	12.0	0.007779880193993449	4.939339876174927	0.002396159921772778	0.5952850133180618	-2.0	8.0	-2.0	-2.0	5.5	-2.0	-2.0	-2.0	1.5	-2.0	0.024518500082194805	0.015423399396240711	-2.0	-2.0	-2.0	0.0009640000062063336	16.0	548622.5	24.73390007019043	2272.0	-2.0	-2.0	3094.0	-2.0	0.00014996949903434142	-2.0	193246.0	0.000364107996574603	-2.0	-2.0	-2.0	12.482400178909302	31.5	-2.0	59628.0	-2.0	-2.0	2.5	-2.0	-2.0	46.88504981994629	-2.0	12.179200172424316	-2.0	-2.0	19394.0	0.002192994928918779	0.0021181550109758973	2699.0	-2.0	-2.0	-2.0	-2.0	0.0013776349951513112	-2.0	-2.0	0.5	-2.0	0.0008938989776652306	6.5	13.927949905395508	3.037364959716797	23050000.0	-2.0	12201605.0	-2.0	-2.0	3278.5	41.5	20.5	3.5	2.0381299691507593e-05	-2.0	-2.0	-2.0	2977470.0	-2.0	-2.0	492609.5	-2.0	-2.0	391.20599365234375	-2.0	315616.5	-2.0	-2.0	7.04928497725632e-05	146.5	-2.0	-2.0	188229.5	-2.0	-2.0	15.304999828338623	2823.5	-2.0	10.5	-2.0	15.0	-2.0	-2.0	155353.5	151.5	43.0	56834.0	-2.0	-2.0	822.0	-2.0	-2.0	32.0	129193.0	3006.0	-2.0	-2.0	0.0002945629967143759	-2.0	-2.0	-2.0	20.729599952697754	571828.5	504240.0	0.00011055200229748152	-2.0	9.37521505355835	-2.0	-2.0	-2.0	59.933048248291016	38.431501388549805	-2.0	4.5802049498888664e-05	-2.0	-2.0	-2.0	79.4625015258789	39.54625129699707	-2.0	18.0	-2.0	-2.0	-2.0	14863.0	70.0	15.901400089263916	45.89805030822754	-2.0	1148975.0	-2.0	-2.0	1782800.0	27815.0	-2.0	-2.0	-2.0	-2.0	-2.0
# Feature
2	9	1	5	7	-2	-2	-2	8	4	3	-2	1	-2	1	0	-2	-2	-2	5	-2	3	-2	-2	-2	8	4	3	4	7	-2	8	-2	-2	8	-2	-2	-2	6	-2	4	4	-2	-2	-2	4	9	2	7	5	-2	-2	5	-2	4	-2	2	4	-2	-2	-2	7	5	-2	8	-2	-2	9	-2	-2	7	-2	3	-2	-2	0	4	4	5	-2	-2	-2	-2	4	-2	-2	9	-2	4	9	3	3	2	-2	8	-2	-2	5	5	5	9	4	-2	-2	-2	8	-2	-2	1	-2	-2	7	-2	1	-2	-2	4	5	-2	-2	8	-2	-2	3	8	-2	5	-2	9	-2	-2	1	5	9	0	-2	-2	8	-2	-2	9	8	5	-2	-2	4	-2	-2	-2	7	0	0	4	-2	7	-2	-2	-2	3	3	-2	4	-2	-2	-2	3	3	-2	9	-2	-2	-2	5	9	7	3	-2	2	-2	-2	2	0	-2	-2	-2	-2	-2
# Values
76.0	1063.0	80.0	70.0	45.0	345.0
41.0	909.0	71.0	0.0	8.0	215.0
0.0	12.0	0.0	0.0	0.0	212.0
0.0	1.0	0.0	0.0	0.0	110.0
0.0	1.0	0.0	0.0	0.0	31.0
0.0	0.0	0.0	0.0	0.0	29.0
0.0	1.0	0.0	0.0	0.0	2.0
0.0	0.0	0.0	0.0	0.0	79.0
0.0	11.0	0.0	0.0	0.0	102.0
0.0	11.0	0.0	0.0	0.0	40.0
0.0	3.0	0.0	0.0	0.0	35.0
0.0	0.0	0.0	0.0	0.0	16.0
0.0	3.0	0.0	0.0	0.0	19.0
0.0	0.0	0.0	0.0	0.0	8.0
0.0	3.0	0.0	0.0	0.0	11.0
0.0	3.0	0.0	0.0	0.0	3.0
0.0	2.0	0.0	0.0	0.0	1.0
0.0	1.0	0.0	0.0	0.0	2.0
0.0	0.0	0.0	0.0	0.0	8.0
0.0	8.0	0.0	0.0	0.0	5.0
0.0	2.0	0.0	0.0	0.0	3.0
0.0	6.0	0.0	0.0	0.0	2.0
0.0	4.0	0.0	0.0	0.0	0.0
0.0	2.0	0.0	0.0	0.0	2.0
0.0	0.0	0.0	0.0	0.0	62.0
41.0	897.0	71.0	0.0	8.0	3.0
1.0	37.0	67.0	0.0	0.0	0.0
0.0	13.0	63.0	0.0	0.0	0.0
0.0	13.0	38.0	0.0	0.0	0.0
0.0	4.0	29.0	0.0	0.0	0.0
0.0	0.0	25.0	0.0	0.0	0.0
0.0	4.0	4.0	0.0	0.0	0.0
0.0	0.0	4.0	0.0	0.0	0.0
0.0	4.0	0.0	0.0	0.0	0.0
0.0	9.0	9.0	0.0	0.0	0.0
0.0	0.0	9.0	0.0	0.0	0.0
0.0	9.0	0.0	0.0	0.0	0.0
0.0	0.0	25.0	0.0	0.0	0.0
1.0	24.0	4.0	0.0	0.0	0.0
1.0	0.0	3.0	0.0	0.0	0.0
0.0	24.0	1.0	0.0	0.0	0.0
0.0	9.0	1.0	0.0	0.0	0.0
0.0	7.0	0.0	0.0	0.0	0.0
0.0	2.0	1.0	0.0	0.0	0.0
0.0	15.0	0.0	0.0	0.0	0.0
40.0	860.0	4.0	0.0	8.0	3.0
38.0	182.0	2.0	0.0	8.0	2.0
26.0	180.0	0.0	0.0	6.0	1.0
13.0	160.0	0.0	0.0	6.0	0.0
2.0	152.0	0.0	0.0	0.0	0.0
0.0	149.0	0.0	0.0	0.0	0.0
2.0	3.0	0.0	0.0	0.0	0.0
11.0	8.0	0.0	0.0	6.0	0.0
0.0	8.0	0.0	0.0	0.0	0.0
11.0	0.0	0.0	0.0	6.0	0.0
6.0	0.0	0.0	0.0	0.0	0.0
5.0	0.0	0.0	0.0	6.0	0.0
5.0	0.0	0.0	0.0	2.0	0.0
2.0	0.0	0.0	0.0	1.0	0.0
3.0	0.0	0.0	0.0	1.0	0.0
0.0	0.0	0.0	0.0	4.0	0.0
13.0	20.0	0.0	0.0	0.0	1.0
0.0	15.0	0.0	0.0	0.0	1.0
0.0	10.0	0.0	0.0	0.0	0.0
0.0	5.0	0.0	0.0	0.0	1.0
0.0	3.0	0.0	0.0	0.0	0.0
0.0	2.0	0.0	0.0	0.0	1.0
13.0	5.0	0.0	0.0	0.0	0.0
0.0	5.0	0.0	0.0	0.0	0.0
13.0	0.0	0.0	0.0	0.0	0.0
12.0	2.0	2.0	0.0	2.0	1.0
0.0	2.0	2.0	0.0	0.0	1.0
12.0	0.0	0.0	0.0	2.0	0.0
9.0	0.0	0.0	0.0	0.0	0.0
3.0	0.0	0.0	0.0	2.0	0.0
2.0	678.0	2.0	0.0	0.0	1.0
2.0	672.0	0.0	0.0	0.0	0.0
2.0	88.0	0.0	0.0	0.0	0.0
1.0	86.0	0.0	0.0	0.0	0.0
0.0	82.0	0.0	0.0	0.0	0.0
1.0	4.0	0.0	0.0	0.0	0.0
1.0	2.0	0.0	0.0	0.0	0.0
0.0	584.0	0.0	0.0	0.0	0.0
0.0	6.0	2.0	0.0	0.0	1.0
0.0	6.0	0.0	0.0	0.0	0.0
0.0	0.0	2.0	0.0	0.0	1.0
35.0	154.0	9.0	70.0	37.0	130.0
0.0	0.0	0.0	0.0	0.0	87.0
35.0	154.0	9.0	70.0	37.0	43.0
33.0	73.0	9.0	70.0	35.0	36.0
33.0	49.0	1.0	11.0	4.0	14.0
31.0	40.0	1.0	0.0	1.0	13.0
1.0	14.0	0.0	0.0	0.0	0.0
0.0	9.0	0.0	0.0	0.0	0.0
1.0	5.0	0.0	0.0	0.0	0.0
1.0	2.0	0.0	0.0	0.0	0.0
0.0	3.0	0.0	0.0	0.0	0.0
30.0	26.0	1.0	0.0	1.0	13.0
1.0	26.0	1.0	0.0	0.0	13.0
1.0	12.0	1.0	0.0	0.0	12.0
0.0	12.0	1.0	0.0	0.0	5.0
0.0	11.0	0.0	0.0	0.0	2.0
0.0	10.0	0.0	0.0	0.0	0.0
0.0	1.0	0.0	0.0	0.0	2.0
0.0	1.0	1.0	0.0	0.0	3.0
1.0	0.0	0.0	0.0	0.0	7.0
0.0	0.0	0.0	0.0	0.0	5.0
1.0	0.0	0.0	0.0	0.0	2.0
0.0	14.0	0.0	0.0	0.0	1.0
0.0	11.0	0.0	0.0	0.0	0.0
0.0	3.0	0.0	0.0	0.0	1.0
29.0	0.0	0.0	0.0	1.0	0.0
21.0	0.0	0.0	0.0	0.0	0.0
8.0	0.0	0.0	0.0	1.0	0.0
2.0	0.0	0.0	0.0	1.0	0.0
6.0	0.0	0.0	0.0	0.0	0.0
2.0	9.0	0.0	11.0	3.0	1.0
1.0	0.0	0.0	10.0	3.0	0.0
0.0	0.0	0.0	10.0	0.0	0.0
1.0	0.0	0.0	0.0	3.0	0.0
1.0	9.0	0.0	1.0	0.0	1.0
0.0	8.0	0.0	0.0	0.0	0.0
1.0	1.0	0.0	1.0	0.0	1.0
0.0	24.0	8.0	59.0	31.0	22.0
0.0	3.0	8.0	7.0	0.0	3.0
0.0	0.0	8.0	0.0	0.0	0.0
0.0	3.0	0.0	7.0	0.0	3.0
0.0	2.0	0.0	0.0	0.0	1.0
0.0	1.0	0.0	7.0	0.0	2.0
0.0	1.0	0.0	1.0	0.0	2.0
0.0	0.0	0.0	6.0	0.0	0.0
0.0	21.0	0.0	52.0	31.0	19.0
0.0	19.0	0.0	30.0	6.0	9.0
0.0	2.0	0.0	30.0	0.0	3.0
0.0	1.0	0.0	26.0	0.0	0.0
0.0	1.0	0.0	2.0	0.0	0.0
0.0	0.0	0.0	24.0	0.0	0.0
0.0	1.0	0.0	4.0	0.0	3.0
0.0	1.0	0.0	0.0	0.0	3.0
0.0	0.0	0.0	4.0	0.0	0.0
0.0	17.0	0.0	0.0	6.0	6.0
0.0	17.0	0.0	0.0	2.0	5.0
0.0	12.0	0.0	0.0	0.0	1.0
0.0	9.0	0.0	0.0	0.0	0.0
0.0	3.0	0.0	0.0	0.0	1.0
0.0	5.0	0.0	0.0	2.0	4.0
0.0	5.0	0.0	0.0	0.0	1.0
0.0	0.0	0.0	0.0	2.0	3.0
0.0	0.0	0.0	0.0	4.0	1.0
0.0	2.0	0.0	22.0	25.0	10.0
0.0	0.0	0.0	22.0	9.0	9.0
0.0	0.0	0.0	16.0	1.0	7.0
0.0	0.0	0.0	8.0	1.0	7.0
0.0	0.0	0.0	0.0	1.0	5.0
0.0	0.0	0.0	8.0	0.0	2.0
0.0	0.0	0.0	3.0	0.0	2.0
0.0	0.0	0.0	5.0	0.0	0.0
0.0	0.0	0.0	8.0	0.0	0.0
0.0	0.0	0.0	6.0	8.0	2.0
0.0	0.0	0.0	2.0	8.0	2.0
0.0	0.0	0.0	1.0	0.0	2.0
0.0	0.0	0.0	1.0	8.0	0.0
0.0	0.0	0.0	0.0	6.0	0.0
0.0	0.0	0.0	1.0	2.0	0.0
0.0	0.0	0.0	4.0	0.0	0.0
0.0	2.0	0.0	0.0	16.0	1.0
0.0	0.0	0.0	0.0	13.0	1.0
0.0	0.0	0.0	0.0	8.0	0.0
0.0	0.0	0.0	0.0	5.0	1.0
0.0	0.0	0.0	0.0	2.0	1.0
0.0	0.0	0.0	0.0	3.0	0.0
0.0	2.0	0.0	0.0	3.0	0.0
2.0	81.0	0.0	0.0	2.0	7.0
0.0	80.0	0.0	0.0	0.0	7.0
0.0	45.0	0.0	0.0	0.0	7.0
0.0	5.0	0.0	0.0	0.0	5.0
0.0	0.0	0.0	0.0	0.0	4.0
0.0	5.0	0.0	0.0	0.0	1.0
0.0	3.0	0.0	0.0	0.0	0.0
0.0	2.0	0.0	0.0	0.0	1.0
0.0	40.0	0.0	0.0	0.0	2.0
0.0	10.0	0.0	0.0	0.0	2.0
0.0	9.0	0.0	0.0	0.0	0.0
0.0	1.0	0.0	0.0	0.0	2.0
0.0	30.0	0.0	0.0	0.0	0.0
0.0	35.0	0.0	0.0	0.0	0.0
2.0	1.0	0.0	0.0	2.0	0.0
