# Sizes (NFeatures, Nclasses, NodeCount, MaxDepth)
10	6	239	11
# Classes
0.0	1.0	2.0	3.0	4.0	5.0
# Feature Names
Nrows	Ncols	Nnnz	AvgNnnz	Density	MaxRowNnnz	MinRowNnnz	StdRowNnnz	NDiags	NTrueDiags
# Left
1	2	3	4	-1	6	7	-1	9	10	11	-1	-1	14	15	-1	17	-1	-1	-1	-1	-1	-1	24	25	26	27	-1	-1	-1	31	32	33	34	35	-1	37	-1	39	-1	-1	-1	43	-1	-1	46	47	-1	-1	50	-1	-1	53	54	55	-1	57	-1	-1	60	-1	-1	-1	64	65	66	67	-1	69	-1	-1	-1	73	74	-1	-1	77	78	79	80	81	-1	-1	-1	85	86	-1	-1	-1	90	-1	92	-1	-1	-1	96	97	98	99	100	-1	-1	-1	104	-1	-1	-1	108	109	-1	111	-1	113	-1	-1	-1	117	118	119	120	121	122	-1	-1	-1	126	-1	-1	-1	130	131	-1	133	134	135	-1	-1	138	139	-1	141	-1	143	-1	-1	-1	-1	148	-1	-1	151	152	153	154	155	156	-1	-1	159	-1	-1	162	-1	164	165	166	167	-1	-1	-1	171	-1	-1	-1	175	-1	177	-1	-1	180	-1	182	183	184	-1	-1	187	-1	-1	-1	191	192	193	-1	195	-1	197	198	-1	-1	-1	202	203	-1	-1	206	-1	-1	209	210	-1	212	213	-1	215	-1	217	-1	219	-1	-1	222	-1	-1	225	226	227	-1	-1	230	-1	232	-1	234	-1	-1	237	-1	-1
# Right
116	23	22	5	-1	21	8	-1	20	13	12	-1	-1	19	16	-1	18	-1	-1	-1	-1	-1	-1	63	30	29	28	-1	-1	-1	52	45	42	41	36	-1	38	-1	40	-1	-1	-1	44	-1	-1	49	48	-1	-1	51	-1	-1	62	59	56	-1	58	-1	-1	61	-1	-1	-1	95	72	71	68	-1	70	-1	-1	-1	76	75	-1	-1	94	89	84	83	82	-1	-1	-1	88	87	-1	-1	-1	91	-1	93	-1	-1	-1	107	106	103	102	101	-1	-1	-1	105	-1	-1	-1	115	110	-1	112	-1	114	-1	-1	-1	150	129	128	125	124	123	-1	-1	-1	127	-1	-1	-1	147	132	-1	146	137	136	-1	-1	145	140	-1	142	-1	144	-1	-1	-1	-1	149	-1	-1	190	179	174	161	158	157	-1	-1	160	-1	-1	163	-1	173	170	169	168	-1	-1	-1	172	-1	-1	-1	176	-1	178	-1	-1	181	-1	189	186	185	-1	-1	188	-1	-1	-1	208	201	194	-1	196	-1	200	199	-1	-1	-1	205	204	-1	-1	207	-1	-1	224	211	-1	221	214	-1	216	-1	218	-1	220	-1	-1	223	-1	-1	236	229	228	-1	-1	231	-1	233	-1	235	-1	-1	238	-1	-1
# Threshold
60004.0	0.5	1.5	0.5	-2.0	102.0	3.0563600063323975	-2.0	12733.5	21172.0	537.0	-2.0	-2.0	0.005384190008044243	3684.5	-2.0	5275.0	-2.0	-2.0	-2.0	-2.0	-2.0	-2.0	13548.5	1.1505699753761292	0.012040034867823124	0.9987500011920929	-2.0	-2.0	-2.0	0.0033253650180995464	3.5	60.05215072631836	9.5	0.0006169530097395182	-2.0	8.0	-2.0	4.939475059509277	-2.0	-2.0	-2.0	10.076140403747559	-2.0	-2.0	0.6976700127124786	12.0	-2.0	-2.0	17225.5	-2.0	-2.0	6.5	850.0	4.644444942474365	-2.0	0.024518500082194805	-2.0	-2.0	4188.0	-2.0	-2.0	-2.0	2.5	0.00012371000048005953	0.5666135102510452	2.0	-2.0	16.5	-2.0	-2.0	-2.0	10545.0	48015.0	-2.0	-2.0	81.7603988647461	542246.0	56.10029983520508	489771.5	39166.5	-2.0	-2.0	-2.0	28809.0	12.179200172424316	-2.0	-2.0	-2.0	2637.0	-2.0	25.894400596618652	-2.0	-2.0	-2.0	29.250699996948242	30.0	41.0	13.675824642181396	16.0	-2.0	-2.0	-2.0	49057.0	-2.0	-2.0	-2.0	49.12154960632324	18588.5	-2.0	33680.5	-2.0	105.0	-2.0	-2.0	-2.0	1634970.0	5.0142600536346436	29.175000190734863	38.0	375035.5	1.5	-2.0	-2.0	-2.0	308407.5	-2.0	-2.0	-2.0	2642.5	0.5685094892978668	-2.0	0.00015530749806202948	98004.5	10.5	-2.0	-2.0	121021.5	21.0	-2.0	82156.0	-2.0	9.732784867286682	-2.0	-2.0	-2.0	-2.0	9.405405044555664	-2.0	-2.0	14.814849853515625	21.329500198364258	3.5	0.5107909888029099	3.4986499547958374	15952150.0	-2.0	-2.0	884887.5	-2.0	-2.0	0.5	-2.0	6539305.0	2.420159935951233	1.2212550044059753	5.157880067825317	-2.0	-2.0	-2.0	2.6103300115210004e-05	-2.0	-2.0	-2.0	3250.0	-2.0	10.0	-2.0	-2.0	2.989050030708313	-2.0	46152.5	36.541399002075195	28511100.0	-2.0	-2.0	1258900.0	-2.0	-2.0	-2.0	144.5	58.0	1.2659000158309937	-2.0	662.0	-2.0	15.871699810028076	3.512945055961609	-2.0	-2.0	-2.0	666119.5	32.98074913024902	-2.0	-2.0	4.208985046716407e-05	-2.0	-2.0	155353.5	43710.0	-2.0	8897.5	103984.5	-2.0	114350.5	-2.0	19.196999549865723	-2.0	4611895.0	-2.0	-2.0	124519.0	-2.0	-2.0	79.40190124511719	29.88035011291504	315.5	-2.0	-2.0	22.468449592590332	-2.0	6.0	-2.0	607.0	-2.0	-2.0	97.82849884033203	-2.0	-2.0
# Feature
1	9	6	6	-2	5	7	-2	1	2	8	-2	-2	4	0	-2	1	-2	-2	-2	-2	-2	-2	0	3	4	3	-2	-2	-2	4	6	7	5	4	-2	8	-2	3	-2	-2	-2	3	-2	-2	7	8	-2	-2	8	-2	-2	5	0	3	-2	4	-2	-2	2	-2	-2	-2	6	4	7	5	-2	8	-2	-2	-2	8	1	-2	-2	3	2	7	2	0	-2	-2	-2	8	3	-2	-2	-2	5	-2	3	-2	-2	-2	3	5	8	3	8	-2	-2	-2	0	-2	-2	-2	3	1	-2	1	-2	5	-2	-2	-2	2	3	7	5	2	9	-2	-2	-2	1	-2	-2	-2	5	7	-2	4	8	5	-2	-2	1	5	-2	1	-2	7	-2	-2	-2	-2	3	-2	-2	3	7	6	7	3	8	-2	-2	8	-2	-2	9	-2	0	7	7	3	-2	-2	-2	4	-2	-2	-2	8	-2	9	-2	-2	3	-2	5	7	2	-2	-2	0	-2	-2	-2	5	5	7	-2	8	-2	3	7	-2	-2	-2	1	3	-2	-2	4	-2	-2	1	8	-2	5	1	-2	1	-2	7	-2	2	-2	-2	8	-2	-2	3	7	5	-2	-2	3	-2	9	-2	5	-2	-2	7	-2	-2
# Values
76.0	1063.0	80.0	70.0	45.0	345.0
31.0	967.0	67.0	2.0	9.0	210.0
0.0	12.0	0.0	0.0	0.0	200.0
0.0	12.0	0.0	0.0	0.0	129.0
0.0	0.0	0.0	0.0	0.0	51.0
0.0	12.0	0.0	0.0	0.0	78.0
0.0	12.0	0.0	0.0	0.0	50.0
0.0	0.0	0.0	0.0	0.0	24.0
0.0	12.0	0.0	0.0	0.0	26.0
0.0	12.0	0.0	0.0	0.0	16.0
0.0	1.0	0.0	0.0	0.0	7.0
0.0	1.0	0.0	0.0	0.0	3.0
0.0	0.0	0.0	0.0	0.0	4.0
0.0	11.0	0.0	0.0	0.0	9.0
0.0	11.0	0.0	0.0	0.0	6.0
0.0	4.0	0.0	0.0	0.0	0.0
0.0	7.0	0.0	0.0	0.0	6.0
0.0	1.0	0.0	0.0	0.0	2.0
0.0	6.0	0.0	0.0	0.0	4.0
0.0	0.0	0.0	0.0	0.0	3.0
0.0	0.0	0.0	0.0	0.0	10.0
0.0	0.0	0.0	0.0	0.0	28.0
0.0	0.0	0.0	0.0	0.0	71.0
31.0	955.0	67.0	2.0	9.0	10.0
5.0	752.0	53.0	0.0	1.0	0.0
1.0	1.0	17.0	0.0	0.0	0.0
0.0	1.0	15.0	0.0	0.0	0.0
0.0	1.0	2.0	0.0	0.0	0.0
0.0	0.0	13.0	0.0	0.0	0.0
1.0	0.0	2.0	0.0	0.0	0.0
4.0	751.0	36.0	0.0	1.0	0.0
4.0	156.0	26.0	0.0	1.0	0.0
4.0	135.0	7.0	0.0	0.0	0.0
0.0	132.0	7.0	0.0	0.0	0.0
0.0	21.0	7.0	0.0	0.0	0.0
0.0	8.0	0.0	0.0	0.0	0.0
0.0	13.0	7.0	0.0	0.0	0.0
0.0	0.0	5.0	0.0	0.0	0.0
0.0	13.0	2.0	0.0	0.0	0.0
0.0	11.0	0.0	0.0	0.0	0.0
0.0	2.0	2.0	0.0	0.0	0.0
0.0	111.0	0.0	0.0	0.0	0.0
4.0	3.0	0.0	0.0	0.0	0.0
4.0	0.0	0.0	0.0	0.0	0.0
0.0	3.0	0.0	0.0	0.0	0.0
0.0	21.0	19.0	0.0	1.0	0.0
0.0	4.0	19.0	0.0	0.0	0.0
0.0	0.0	19.0	0.0	0.0	0.0
0.0	4.0	0.0	0.0	0.0	0.0
0.0	17.0	0.0	0.0	1.0	0.0
0.0	15.0	0.0	0.0	0.0	0.0
0.0	2.0	0.0	0.0	1.0	0.0
0.0	595.0	10.0	0.0	0.0	0.0
0.0	39.0	10.0	0.0	0.0	0.0
0.0	36.0	2.0	0.0	0.0	0.0
0.0	30.0	0.0	0.0	0.0	0.0
0.0	6.0	2.0	0.0	0.0	0.0
0.0	3.0	2.0	0.0	0.0	0.0
0.0	3.0	0.0	0.0	0.0	0.0
0.0	3.0	8.0	0.0	0.0	0.0
0.0	3.0	0.0	0.0	0.0	0.0
0.0	0.0	8.0	0.0	0.0	0.0
0.0	556.0	0.0	0.0	0.0	0.0
26.0	203.0	14.0	2.0	8.0	10.0
26.0	105.0	6.0	1.0	8.0	2.0
0.0	11.0	6.0	0.0	0.0	0.0
0.0	4.0	6.0	0.0	0.0	0.0
0.0	0.0	3.0	0.0	0.0	0.0
0.0	4.0	3.0	0.0	0.0	0.0
0.0	0.0	3.0	0.0	0.0	0.0
0.0	4.0	0.0	0.0	0.0	0.0
0.0	7.0	0.0	0.0	0.0	0.0
26.0	94.0	0.0	1.0	8.0	2.0
0.0	55.0	0.0	1.0	0.0	0.0
0.0	51.0	0.0	0.0	0.0	0.0
0.0	4.0	0.0	1.0	0.0	0.0
26.0	39.0	0.0	0.0	8.0	2.0
26.0	32.0	0.0	0.0	8.0	2.0
18.0	30.0	0.0	0.0	7.0	0.0
3.0	30.0	0.0	0.0	2.0	0.0
3.0	28.0	0.0	0.0	0.0	0.0
0.0	20.0	0.0	0.0	0.0	0.0
3.0	8.0	0.0	0.0	0.0	0.0
0.0	2.0	0.0	0.0	2.0	0.0
15.0	0.0	0.0	0.0	5.0	0.0
14.0	0.0	0.0	0.0	2.0	0.0
12.0	0.0	0.0	0.0	0.0	0.0
2.0	0.0	0.0	0.0	2.0	0.0
1.0	0.0	0.0	0.0	3.0	0.0
8.0	2.0	0.0	0.0	1.0	2.0
0.0	2.0	0.0	0.0	0.0	2.0
8.0	0.0	0.0	0.0	1.0	0.0
6.0	0.0	0.0	0.0	0.0	0.0
2.0	0.0	0.0	0.0	1.0	0.0
0.0	7.0	0.0	0.0	0.0	0.0
0.0	98.0	8.0	1.0	0.0	8.0
0.0	43.0	8.0	1.0	0.0	0.0
0.0	27.0	8.0	1.0	0.0	0.0
0.0	3.0	8.0	0.0	0.0	0.0
0.0	3.0	4.0	0.0	0.0	0.0
0.0	0.0	4.0	0.0	0.0	0.0
0.0	3.0	0.0	0.0	0.0	0.0
0.0	0.0	4.0	0.0	0.0	0.0
0.0	24.0	0.0	1.0	0.0	0.0
0.0	22.0	0.0	0.0	0.0	0.0
0.0	2.0	0.0	1.0	0.0	0.0
0.0	16.0	0.0	0.0	0.0	0.0
0.0	55.0	0.0	0.0	0.0	8.0
0.0	9.0	0.0	0.0	0.0	8.0
0.0	5.0	0.0	0.0	0.0	0.0
0.0	4.0	0.0	0.0	0.0	8.0
0.0	0.0	0.0	0.0	0.0	5.0
0.0	4.0	0.0	0.0	0.0	3.0
0.0	3.0	0.0	0.0	0.0	1.0
0.0	1.0	0.0	0.0	0.0	2.0
0.0	46.0	0.0	0.0	0.0	0.0
45.0	96.0	13.0	68.0	36.0	135.0
23.0	34.0	5.0	1.0	1.0	57.0
7.0	10.0	1.0	0.0	0.0	40.0
0.0	10.0	1.0	0.0	0.0	40.0
0.0	9.0	1.0	0.0	0.0	3.0
0.0	3.0	1.0	0.0	0.0	3.0
0.0	0.0	0.0	0.0	0.0	3.0
0.0	3.0	1.0	0.0	0.0	0.0
0.0	6.0	0.0	0.0	0.0	0.0
0.0	1.0	0.0	0.0	0.0	37.0
0.0	0.0	0.0	0.0	0.0	35.0
0.0	1.0	0.0	0.0	0.0	2.0
7.0	0.0	0.0	0.0	0.0	0.0
16.0	24.0	4.0	1.0	1.0	17.0
0.0	24.0	4.0	1.0	0.0	17.0
0.0	0.0	4.0	0.0	0.0	1.0
0.0	24.0	0.0	1.0	0.0	16.0
0.0	24.0	0.0	0.0	0.0	12.0
0.0	16.0	0.0	0.0	0.0	3.0
0.0	1.0	0.0	0.0	0.0	3.0
0.0	15.0	0.0	0.0	0.0	0.0
0.0	8.0	0.0	0.0	0.0	9.0
0.0	5.0	0.0	0.0	0.0	9.0
0.0	3.0	0.0	0.0	0.0	1.0
0.0	2.0	0.0	0.0	0.0	8.0
0.0	0.0	0.0	0.0	0.0	4.0
0.0	2.0	0.0	0.0	0.0	4.0
0.0	1.0	0.0	0.0	0.0	2.0
0.0	1.0	0.0	0.0	0.0	2.0
0.0	3.0	0.0	0.0	0.0	0.0
0.0	0.0	0.0	1.0	0.0	4.0
16.0	0.0	0.0	0.0	1.0	0.0
14.0	0.0	0.0	0.0	0.0	0.0
2.0	0.0	0.0	0.0	1.0	0.0
22.0	62.0	8.0	67.0	35.0	78.0
21.0	33.0	8.0	8.0	0.0	46.0
3.0	33.0	8.0	8.0	0.0	33.0
3.0	32.0	1.0	1.0	0.0	32.0
0.0	13.0	1.0	0.0	0.0	4.0
0.0	11.0	0.0	0.0	0.0	1.0
0.0	9.0	0.0	0.0	0.0	0.0
0.0	2.0	0.0	0.0	0.0	1.0
0.0	2.0	1.0	0.0	0.0	3.0
0.0	2.0	1.0	0.0	0.0	0.0
0.0	0.0	0.0	0.0	0.0	3.0
3.0	19.0	0.0	1.0	0.0	28.0
0.0	0.0	0.0	0.0	0.0	20.0
3.0	19.0	0.0	1.0	0.0	8.0
0.0	19.0	0.0	1.0	0.0	8.0
0.0	8.0	0.0	0.0	0.0	8.0
0.0	8.0	0.0	0.0	0.0	3.0
0.0	4.0	0.0	0.0	0.0	0.0
0.0	4.0	0.0	0.0	0.0	3.0
0.0	0.0	0.0	0.0	0.0	5.0
0.0	11.0	0.0	1.0	0.0	0.0
0.0	9.0	0.0	0.0	0.0	0.0
0.0	2.0	0.0	1.0	0.0	0.0
3.0	0.0	0.0	0.0	0.0	0.0
0.0	1.0	7.0	7.0	0.0	1.0
0.0	0.0	7.0	0.0	0.0	0.0
0.0	1.0	0.0	7.0	0.0	1.0
0.0	1.0	0.0	1.0	0.0	1.0
0.0	0.0	0.0	6.0	0.0	0.0
18.0	0.0	0.0	0.0	0.0	13.0
0.0	0.0	0.0	0.0	0.0	3.0
18.0	0.0	0.0	0.0	0.0	10.0
6.0	0.0	0.0	0.0	0.0	10.0
1.0	0.0	0.0	0.0	0.0	6.0
1.0	0.0	0.0	0.0	0.0	2.0
0.0	0.0	0.0	0.0	0.0	4.0
5.0	0.0	0.0	0.0	0.0	4.0
1.0	0.0	0.0	0.0	0.0	4.0
4.0	0.0	0.0	0.0	0.0	0.0
12.0	0.0	0.0	0.0	0.0	0.0
1.0	29.0	0.0	59.0	35.0	32.0
0.0	4.0	0.0	59.0	4.0	12.0
0.0	2.0	0.0	30.0	0.0	12.0
0.0	0.0	0.0	0.0	0.0	7.0
0.0	2.0	0.0	30.0	0.0	5.0
0.0	0.0	0.0	0.0	0.0	3.0
0.0	2.0	0.0	30.0	0.0	2.0
0.0	2.0	0.0	2.0	0.0	2.0
0.0	1.0	0.0	2.0	0.0	0.0
0.0	1.0	0.0	0.0	0.0	2.0
0.0	0.0	0.0	28.0	0.0	0.0
0.0	2.0	0.0	29.0	4.0	0.0
0.0	2.0	0.0	24.0	0.0	0.0
0.0	2.0	0.0	2.0	0.0	0.0
0.0	0.0	0.0	22.0	0.0	0.0
0.0	0.0	0.0	5.0	4.0	0.0
0.0	0.0	0.0	1.0	3.0	0.0
0.0	0.0	0.0	4.0	1.0	0.0
1.0	25.0	0.0	0.0	31.0	20.0
0.0	23.0	0.0	0.0	7.0	8.0
0.0	11.0	0.0	0.0	0.0	0.0
0.0	12.0	0.0	0.0	7.0	8.0
0.0	12.0	0.0	0.0	3.0	5.0
0.0	5.0	0.0	0.0	0.0	0.0
0.0	7.0	0.0	0.0	3.0	5.0
0.0	0.0	0.0	0.0	1.0	3.0
0.0	7.0	0.0	0.0	2.0	2.0
0.0	1.0	0.0	0.0	2.0	0.0
0.0	6.0	0.0	0.0	0.0	2.0
0.0	4.0	0.0	0.0	0.0	0.0
0.0	2.0	0.0	0.0	0.0	2.0
0.0	0.0	0.0	0.0	4.0	3.0
0.0	0.0	0.0	0.0	3.0	0.0
0.0	0.0	0.0	0.0	1.0	3.0
1.0	2.0	0.0	0.0	24.0	12.0
1.0	0.0	0.0	0.0	21.0	9.0
0.0	0.0	0.0	0.0	14.0	2.0
0.0	0.0	0.0	0.0	2.0	2.0
0.0	0.0	0.0	0.0	12.0	0.0
1.0	0.0	0.0	0.0	7.0	7.0
0.0	0.0	0.0	0.0	0.0	4.0
1.0	0.0	0.0	0.0	7.0	3.0
1.0	0.0	0.0	0.0	1.0	2.0
0.0	0.0	0.0	0.0	6.0	1.0
0.0	0.0	0.0	0.0	2.0	1.0
0.0	0.0	0.0	0.0	4.0	0.0
0.0	2.0	0.0	0.0	3.0	3.0
0.0	0.0	0.0	0.0	3.0	0.0
0.0	2.0	0.0	0.0	0.0	3.0
