# Sizes (NFeatures, Nclasses, NodeCount, MaxDepth)
10	6	231	11
# Classes
0.0	1.0	2.0	3.0	4.0	5.0
# Feature Names
Nrows	Ncols	Nnnz	AvgNnnz	Density	MaxRowNnnz	MinRowNnnz	StdRowNnnz	NDiags	NTrueDiags
# Left
1	2	3	4	5	6	-1	-1	9	-1	-1	12	-1	14	-1	-1	17	18	19	-1	-1	-1	-1	24	25	26	27	-1	29	-1	31	32	-1	-1	-1	-1	37	38	39	-1	-1	42	43	44	-1	46	-1	48	-1	-1	-1	-1	53	54	-1	56	-1	58	59	60	-1	-1	-1	-1	65	-1	-1	68	69	70	71	-1	-1	74	75	-1	-1	-1	79	80	81	-1	83	-1	85	-1	-1	88	-1	-1	91	-1	93	94	-1	96	97	-1	-1	-1	-1	102	103	-1	-1	106	107	108	109	110	-1	112	-1	-1	-1	-1	-1	-1	119	120	-1	122	123	124	125	126	127	-1	-1	130	-1	-1	133	134	-1	-1	137	-1	-1	140	-1	142	-1	-1	145	-1	147	-1	149	-1	151	152	-1	-1	155	-1	157	-1	-1	160	161	162	-1	164	165	166	-1	-1	-1	170	171	172	-1	-1	-1	176	-1	178	-1	-1	181	182	-1	-1	185	-1	-1	188	189	190	-1	-1	-1	-1	195	196	-1	198	199	-1	201	-1	203	-1	-1	206	207	-1	-1	-1	211	-1	213	214	-1	216	217	-1	-1	220	221	-1	-1	224	225	226	-1	-1	-1	-1	-1
# Right
118	23	16	11	8	7	-1	-1	10	-1	-1	13	-1	15	-1	-1	22	21	20	-1	-1	-1	-1	67	36	35	28	-1	30	-1	34	33	-1	-1	-1	-1	52	41	40	-1	-1	51	50	45	-1	47	-1	49	-1	-1	-1	-1	64	55	-1	57	-1	63	62	61	-1	-1	-1	-1	66	-1	-1	101	78	73	72	-1	-1	77	76	-1	-1	-1	90	87	82	-1	84	-1	86	-1	-1	89	-1	-1	92	-1	100	95	-1	99	98	-1	-1	-1	-1	105	104	-1	-1	117	116	115	114	111	-1	113	-1	-1	-1	-1	-1	-1	194	121	-1	159	144	139	132	129	128	-1	-1	131	-1	-1	136	135	-1	-1	138	-1	-1	141	-1	143	-1	-1	146	-1	148	-1	150	-1	154	153	-1	-1	156	-1	158	-1	-1	187	180	163	-1	169	168	167	-1	-1	-1	175	174	173	-1	-1	-1	177	-1	179	-1	-1	184	183	-1	-1	186	-1	-1	193	192	191	-1	-1	-1	-1	210	197	-1	205	200	-1	202	-1	204	-1	-1	209	208	-1	-1	-1	212	-1	230	215	-1	219	218	-1	-1	223	222	-1	-1	229	228	227	-1	-1	-1	-1	-1
# Threshold
60004.0	34.0	10.0	4628.5	0.0949687510728836	3167.0	-2.0	-2.0	5.5	-2.0	-2.0	5.1465800424921326e-05	-2.0	3.497999906539917	-2.0	-2.0	0.0015874499804340303	10.0	0.0002303970031789504	-2.0	-2.0	-2.0	-2.0	0.002192994928918779	0.5	10775.5	0.5	-2.0	3.072504997253418	-2.0	2.5	8312.0	-2.0	-2.0	-2.0	-2.0	680322.5	3183.0	2808.5	-2.0	-2.0	47954.5	555950.0	12984.0	-2.0	1.5	-2.0	8592.5	-2.0	-2.0	-2.0	-2.0	8943.5	12.0	-2.0	6.489845037460327	-2.0	2687890.0	29.78154945373535	15.811899662017822	-2.0	-2.0	-2.0	-2.0	40507.0	-2.0	-2.0	594.0	1055.0	0.03490870073437691	0.5	-2.0	-2.0	0.08420344814658165	1.0	-2.0	-2.0	-2.0	360.0	0.15265800058841705	0.012029200326651335	-2.0	943.5	-2.0	0.012583950068801641	-2.0	-2.0	109.5	-2.0	-2.0	23.5	-2.0	142.0	8.575210094451904	-2.0	463.0	13.762350082397461	-2.0	-2.0	-2.0	-2.0	5261.5	1.8159550428390503	-2.0	-2.0	0.5	0.0054761001374572515	13980.0	6168.5	0.0025051800766959786	-2.0	72.5	-2.0	-2.0	-2.0	-2.0	-2.0	-2.0	18.15089988708496	41.0	-2.0	8.947965145111084	1.5	5.589230060577393	5.7416700656176545e-06	15273450.0	3.7941999835311435e-06	-2.0	-2.0	12815300.0	-2.0	-2.0	0.5	3.537144899368286	-2.0	-2.0	28.0	-2.0	-2.0	1.5	-2.0	1.8078015446662903	-2.0	-2.0	0.5	-2.0	112713.5	-2.0	3.4986499547958374	-2.0	3.5	5.989540100097656	-2.0	-2.0	381408.0	-2.0	4110560.0	-2.0	-2.0	144.5	58.0	0.5	-2.0	6051.5	374749.5	0.00041927749407477677	-2.0	-2.0	-2.0	7.090664803399704e-05	4.5	25.5	-2.0	-2.0	-2.0	1600830.0	-2.0	5.5	-2.0	-2.0	111.0	4.208985046716407e-05	-2.0	-2.0	10.5	-2.0	-2.0	20124500.0	6022870.0	18.340550422668457	-2.0	-2.0	-2.0	-2.0	0.00013984299584990367	0.5	-2.0	15.415299415588379	58745.0	-2.0	9.597099781036377	-2.0	2.5	-2.0	-2.0	7.505575194954872e-05	28.43125057220459	-2.0	-2.0	-2.0	0.5	-2.0	243486.0	190.5	-2.0	113030.5	10053185.0	-2.0	-2.0	26.6983003616333	4565650.0	-2.0	-2.0	123117.0	60140.0	129226.0	-2.0	-2.0	-2.0	-2.0	-2.0
# Feature
1	8	8	2	7	2	-2	-2	8	-2	-2	4	-2	3	-2	-2	4	9	4	-2	-2	-2	-2	4	9	0	6	-2	7	-2	6	1	-2	-2	-2	-2	2	5	5	-2	-2	8	2	8	-2	6	-2	5	-2	-2	-2	-2	5	9	-2	7	-2	2	7	7	-2	-2	-2	-2	1	-2	-2	8	2	4	9	-2	-2	4	9	-2	-2	-2	8	4	4	-2	0	-2	4	-2	-2	1	-2	-2	5	-2	5	3	-2	8	3	-2	-2	-2	-2	2	7	-2	-2	9	4	0	0	4	-2	5	-2	-2	-2	-2	-2	-2	7	8	-2	3	6	3	4	2	4	-2	-2	0	-2	-2	6	3	-2	-2	5	-2	-2	9	-2	7	-2	-2	9	-2	0	-2	3	-2	9	3	-2	-2	8	-2	1	-2	-2	5	5	6	-2	8	1	4	-2	-2	-2	4	6	5	-2	-2	-2	2	-2	9	-2	-2	5	4	-2	-2	9	-2	-2	2	2	3	-2	-2	-2	-2	4	9	-2	3	8	-2	3	-2	9	-2	-2	4	7	-2	-2	-2	9	-2	8	5	-2	0	2	-2	-2	7	2	-2	-2	8	8	0	-2	-2	-2	-2	-2
# Values
76.0	1063.0	80.0	70.0	45.0	345.0
31.0	967.0	67.0	2.0	9.0	210.0
1.0	83.0	67.0	0.0	0.0	0.0
1.0	25.0	61.0	0.0	0.0	0.0
1.0	23.0	18.0	0.0	0.0	0.0
1.0	4.0	16.0	0.0	0.0	0.0
1.0	1.0	14.0	0.0	0.0	0.0
0.0	3.0	2.0	0.0	0.0	0.0
0.0	19.0	2.0	0.0	0.0	0.0
0.0	2.0	2.0	0.0	0.0	0.0
0.0	17.0	0.0	0.0	0.0	0.0
0.0	2.0	43.0	0.0	0.0	0.0
0.0	1.0	2.0	0.0	0.0	0.0
0.0	1.0	41.0	0.0	0.0	0.0
0.0	1.0	3.0	0.0	0.0	0.0
0.0	0.0	38.0	0.0	0.0	0.0
0.0	58.0	6.0	0.0	0.0	0.0
0.0	7.0	6.0	0.0	0.0	0.0
0.0	7.0	1.0	0.0	0.0	0.0
0.0	4.0	0.0	0.0	0.0	0.0
0.0	3.0	1.0	0.0	0.0	0.0
0.0	0.0	5.0	0.0	0.0	0.0
0.0	51.0	0.0	0.0	0.0	0.0
30.0	884.0	0.0	2.0	9.0	210.0
30.0	270.0	0.0	2.0	9.0	92.0
0.0	3.0	0.0	0.0	0.0	82.0
0.0	3.0	0.0	0.0	0.0	40.0
0.0	0.0	0.0	0.0	0.0	22.0
0.0	3.0	0.0	0.0	0.0	18.0
0.0	0.0	0.0	0.0	0.0	10.0
0.0	3.0	0.0	0.0	0.0	8.0
0.0	3.0	0.0	0.0	0.0	4.0
0.0	2.0	0.0	0.0	0.0	1.0
0.0	1.0	0.0	0.0	0.0	3.0
0.0	0.0	0.0	0.0	0.0	4.0
0.0	0.0	0.0	0.0	0.0	42.0
30.0	267.0	0.0	2.0	9.0	10.0
25.0	238.0	0.0	0.0	8.0	0.0
1.0	237.0	0.0	0.0	0.0	0.0
0.0	234.0	0.0	0.0	0.0	0.0
1.0	3.0	0.0	0.0	0.0	0.0
24.0	1.0	0.0	0.0	8.0	0.0
23.0	1.0	0.0	0.0	4.0	0.0
21.0	0.0	0.0	0.0	4.0	0.0
5.0	0.0	0.0	0.0	0.0	0.0
16.0	0.0	0.0	0.0	4.0	0.0
8.0	0.0	0.0	0.0	0.0	0.0
8.0	0.0	0.0	0.0	4.0	0.0
6.0	0.0	0.0	0.0	2.0	0.0
2.0	0.0	0.0	0.0	2.0	0.0
2.0	1.0	0.0	0.0	0.0	0.0
1.0	0.0	0.0	0.0	4.0	0.0
5.0	29.0	0.0	2.0	1.0	10.0
0.0	29.0	0.0	2.0	0.0	10.0
0.0	15.0	0.0	0.0	0.0	0.0
0.0	14.0	0.0	2.0	0.0	10.0
0.0	0.0	0.0	2.0	0.0	2.0
0.0	14.0	0.0	0.0	0.0	8.0
0.0	10.0	0.0	0.0	0.0	8.0
0.0	10.0	0.0	0.0	0.0	5.0
0.0	4.0	0.0	0.0	0.0	5.0
0.0	6.0	0.0	0.0	0.0	0.0
0.0	0.0	0.0	0.0	0.0	3.0
0.0	4.0	0.0	0.0	0.0	0.0
5.0	0.0	0.0	0.0	1.0	0.0
2.0	0.0	0.0	0.0	1.0	0.0
3.0	0.0	0.0	0.0	0.0	0.0
0.0	614.0	0.0	0.0	0.0	118.0
0.0	329.0	0.0	0.0	0.0	31.0
0.0	42.0	0.0	0.0	0.0	20.0
0.0	5.0	0.0	0.0	0.0	17.0
0.0	0.0	0.0	0.0	0.0	17.0
0.0	5.0	0.0	0.0	0.0	0.0
0.0	37.0	0.0	0.0	0.0	3.0
0.0	17.0	0.0	0.0	0.0	3.0
0.0	0.0	0.0	0.0	0.0	3.0
0.0	17.0	0.0	0.0	0.0	0.0
0.0	20.0	0.0	0.0	0.0	0.0
0.0	287.0	0.0	0.0	0.0	11.0
0.0	225.0	0.0	0.0	0.0	2.0
0.0	220.0	0.0	0.0	0.0	1.0
0.0	133.0	0.0	0.0	0.0	0.0
0.0	87.0	0.0	0.0	0.0	1.0
0.0	59.0	0.0	0.0	0.0	0.0
0.0	28.0	0.0	0.0	0.0	1.0
0.0	2.0	0.0	0.0	0.0	1.0
0.0	26.0	0.0	0.0	0.0	0.0
0.0	5.0	0.0	0.0	0.0	1.0
0.0	2.0	0.0	0.0	0.0	1.0
0.0	3.0	0.0	0.0	0.0	0.0
0.0	62.0	0.0	0.0	0.0	9.0
0.0	29.0	0.0	0.0	0.0	0.0
0.0	33.0	0.0	0.0	0.0	9.0
0.0	14.0	0.0	0.0	0.0	9.0
0.0	1.0	0.0	0.0	0.0	4.0
0.0	13.0	0.0	0.0	0.0	5.0
0.0	7.0	0.0	0.0	0.0	5.0
0.0	4.0	0.0	0.0	0.0	1.0
0.0	3.0	0.0	0.0	0.0	4.0
0.0	6.0	0.0	0.0	0.0	0.0
0.0	19.0	0.0	0.0	0.0	0.0
0.0	285.0	0.0	0.0	0.0	87.0
0.0	2.0	0.0	0.0	0.0	22.0
0.0	2.0	0.0	0.0	0.0	2.0
0.0	0.0	0.0	0.0	0.0	20.0
0.0	283.0	0.0	0.0	0.0	65.0
0.0	8.0	0.0	0.0	0.0	65.0
0.0	8.0	0.0	0.0	0.0	13.0
0.0	8.0	0.0	0.0	0.0	6.0
0.0	5.0	0.0	0.0	0.0	5.0
0.0	0.0	0.0	0.0	0.0	3.0
0.0	5.0	0.0	0.0	0.0	2.0
0.0	1.0	0.0	0.0	0.0	2.0
0.0	4.0	0.0	0.0	0.0	0.0
0.0	3.0	0.0	0.0	0.0	1.0
0.0	0.0	0.0	0.0	0.0	7.0
0.0	0.0	0.0	0.0	0.0	52.0
0.0	275.0	0.0	0.0	0.0	0.0
45.0	96.0	13.0	68.0	36.0	135.0
2.0	71.0	13.0	63.0	10.0	96.0
0.0	0.0	13.0	0.0	0.0	0.0
2.0	71.0	0.0	63.0	10.0	96.0
2.0	61.0	0.0	0.0	0.0	69.0
1.0	25.0	0.0	0.0	0.0	57.0
1.0	11.0	0.0	0.0	0.0	53.0
1.0	8.0	0.0	0.0	0.0	7.0
0.0	7.0	0.0	0.0	0.0	1.0
0.0	5.0	0.0	0.0	0.0	0.0
0.0	2.0	0.0	0.0	0.0	1.0
1.0	1.0	0.0	0.0	0.0	6.0
1.0	1.0	0.0	0.0	0.0	2.0
0.0	0.0	0.0	0.0	0.0	4.0
0.0	3.0	0.0	0.0	0.0	46.0
0.0	2.0	0.0	0.0	0.0	6.0
0.0	0.0	0.0	0.0	0.0	4.0
0.0	2.0	0.0	0.0	0.0	2.0
0.0	1.0	0.0	0.0	0.0	40.0
0.0	1.0	0.0	0.0	0.0	2.0
0.0	0.0	0.0	0.0	0.0	38.0
0.0	14.0	0.0	0.0	0.0	4.0
0.0	1.0	0.0	0.0	0.0	2.0
0.0	13.0	0.0	0.0	0.0	2.0
0.0	1.0	0.0	0.0	0.0	2.0
0.0	12.0	0.0	0.0	0.0	0.0
1.0	36.0	0.0	0.0	0.0	12.0
0.0	0.0	0.0	0.0	0.0	3.0
1.0	36.0	0.0	0.0	0.0	9.0
0.0	19.0	0.0	0.0	0.0	0.0
1.0	17.0	0.0	0.0	0.0	9.0
0.0	9.0	0.0	0.0	0.0	0.0
1.0	8.0	0.0	0.0	0.0	9.0
0.0	6.0	0.0	0.0	0.0	2.0
0.0	1.0	0.0	0.0	0.0	2.0
0.0	5.0	0.0	0.0	0.0	0.0
1.0	2.0	0.0	0.0	0.0	7.0
0.0	2.0	0.0	0.0	0.0	1.0
1.0	0.0	0.0	0.0	0.0	6.0
0.0	0.0	0.0	0.0	0.0	4.0
1.0	0.0	0.0	0.0	0.0	2.0
0.0	10.0	0.0	63.0	10.0	27.0
0.0	6.0	0.0	63.0	3.0	24.0
0.0	3.0	0.0	39.0	0.0	24.0
0.0	0.0	0.0	0.0	0.0	8.0
0.0	3.0	0.0	39.0	0.0	16.0
0.0	0.0	0.0	5.0	0.0	11.0
0.0	0.0	0.0	5.0	0.0	3.0
0.0	0.0	0.0	5.0	0.0	0.0
0.0	0.0	0.0	0.0	0.0	3.0
0.0	0.0	0.0	0.0	0.0	8.0
0.0	3.0	0.0	34.0	0.0	5.0
0.0	0.0	0.0	25.0	0.0	1.0
0.0	0.0	0.0	8.0	0.0	1.0
0.0	0.0	0.0	6.0	0.0	0.0
0.0	0.0	0.0	2.0	0.0	1.0
0.0	0.0	0.0	17.0	0.0	0.0
0.0	3.0	0.0	9.0	0.0	4.0
0.0	0.0	0.0	1.0	0.0	4.0
0.0	3.0	0.0	8.0	0.0	0.0
0.0	3.0	0.0	1.0	0.0	0.0
0.0	0.0	0.0	7.0	0.0	0.0
0.0	3.0	0.0	24.0	3.0	0.0
0.0	0.0	0.0	21.0	3.0	0.0
0.0	0.0	0.0	1.0	3.0	0.0
0.0	0.0	0.0	20.0	0.0	0.0
0.0	3.0	0.0	3.0	0.0	0.0
0.0	3.0	0.0	0.0	0.0	0.0
0.0	0.0	0.0	3.0	0.0	0.0
0.0	4.0	0.0	0.0	7.0	3.0
0.0	4.0	0.0	0.0	2.0	3.0
0.0	4.0	0.0	0.0	1.0	1.0
0.0	1.0	0.0	0.0	1.0	1.0
0.0	3.0	0.0	0.0	0.0	0.0
0.0	0.0	0.0	0.0	1.0	2.0
0.0	0.0	0.0	0.0	5.0	0.0
43.0	25.0	0.0	5.0	26.0	39.0
43.0	2.0	0.0	1.0	10.0	27.0
0.0	0.0	0.0	0.0	0.0	25.0
43.0	2.0	0.0	1.0	10.0	2.0
42.0	1.0	0.0	0.0	1.0	1.0
3.0	1.0	0.0	0.0	0.0	1.0
39.0	0.0	0.0	0.0	1.0	0.0
33.0	0.0	0.0	0.0	0.0	0.0
6.0	0.0	0.0	0.0	1.0	0.0
4.0	0.0	0.0	0.0	0.0	0.0
2.0	0.0	0.0	0.0	1.0	0.0
1.0	1.0	0.0	1.0	9.0	1.0
0.0	0.0	0.0	1.0	7.0	0.0
0.0	0.0	0.0	1.0	2.0	0.0
0.0	0.0	0.0	0.0	5.0	0.0
1.0	1.0	0.0	0.0	2.0	1.0
0.0	23.0	0.0	4.0	16.0	12.0
0.0	0.0	0.0	0.0	0.0	6.0
0.0	23.0	0.0	4.0	16.0	6.0
0.0	23.0	0.0	4.0	8.0	6.0
0.0	0.0	0.0	4.0	0.0	0.0
0.0	23.0	0.0	0.0	8.0	6.0
0.0	14.0	0.0	0.0	2.0	0.0
0.0	12.0	0.0	0.0	0.0	0.0
0.0	2.0	0.0	0.0	2.0	0.0
0.0	9.0	0.0	0.0	6.0	6.0
0.0	0.0	0.0	0.0	3.0	4.0
0.0	0.0	0.0	0.0	1.0	3.0
0.0	0.0	0.0	0.0	2.0	1.0
0.0	9.0	0.0	0.0	3.0	2.0
0.0	4.0	0.0	0.0	3.0	2.0
0.0	3.0	0.0	0.0	1.0	2.0
0.0	1.0	0.0	0.0	1.0	1.0
0.0	2.0	0.0	0.0	0.0	1.0
0.0	1.0	0.0	0.0	2.0	0.0
0.0	5.0	0.0	0.0	0.0	0.0
0.0	0.0	0.0	0.0	8.0	0.0
