# Sizes (NFeatures, Nclasses, NodeCount, MaxDepth)
10	6	191	11
# Classes
0.0	1.0	2.0	3.0	4.0	5.0
# Feature Names
Nrows	Ncols	Nnnz	AvgNnnz	Density	MaxRowNnnz	MinRowNnnz	StdRowNnnz	NDiags	NTrueDiags
# Left
1	2	3	4	-1	6	-1	-1	9	10	11	-1	-1	-1	15	-1	17	-1	19	20	21	-1	-1	-1	-1	-1	27	28	29	-1	31	32	-1	34	-1	-1	37	-1	39	-1	41	42	43	-1	45	-1	-1	-1	-1	50	51	52	-1	54	55	-1	57	58	59	-1	-1	62	-1	-1	65	-1	-1	68	69	-1	-1	-1	-1	74	75	76	77	-1	79	-1	-1	82	83	-1	-1	-1	-1	88	-1	-1	91	92	93	-1	95	-1	97	-1	99	-1	-1	102	-1	104	-1	106	-1	-1	109	110	-1	112	113	114	115	116	117	-1	-1	120	-1	-1	-1	124	-1	-1	127	128	129	130	-1	-1	-1	134	135	-1	-1	138	-1	-1	141	142	-1	144	-1	-1	-1	148	149	150	151	-1	-1	-1	155	-1	157	-1	-1	160	-1	-1	163	164	165	-1	-1	168	169	170	-1	-1	173	174	-1	-1	-1	-1	179	-1	181	182	-1	184	185	186	-1	-1	-1	-1	-1
# Right
26	25	8	5	-1	7	-1	-1	14	13	12	-1	-1	-1	16	-1	18	-1	24	23	22	-1	-1	-1	-1	-1	90	49	30	-1	36	33	-1	35	-1	-1	38	-1	40	-1	48	47	44	-1	46	-1	-1	-1	-1	73	72	53	-1	67	56	-1	64	61	60	-1	-1	63	-1	-1	66	-1	-1	71	70	-1	-1	-1	-1	87	86	81	78	-1	80	-1	-1	85	84	-1	-1	-1	-1	89	-1	-1	108	101	94	-1	96	-1	98	-1	100	-1	-1	103	-1	105	-1	107	-1	-1	162	111	-1	147	126	123	122	119	118	-1	-1	121	-1	-1	-1	125	-1	-1	140	133	132	131	-1	-1	-1	137	136	-1	-1	139	-1	-1	146	143	-1	145	-1	-1	-1	159	154	153	152	-1	-1	-1	156	-1	158	-1	-1	161	-1	-1	178	167	166	-1	-1	177	172	171	-1	-1	176	175	-1	-1	-1	-1	180	-1	190	183	-1	189	188	187	-1	-1	-1	-1	-1
# Threshold
0.5	10719.0	2958.5	0.014764050021767616	-2.0	0.01523300027474761	-2.0	-2.0	8.42464542388916	23774.0	5565.0	-2.0	-2.0	-2.0	12.771699905395508	-2.0	70911.0	-2.0	8073.5	78.0	0.0039117899723351	-2.0	-2.0	-2.0	-2.0	-2.0	37485.5	0.6424790024757385	1.5	-2.0	4368.0	224.5	-2.0	0.01014855969697237	-2.0	-2.0	3.5	-2.0	0.3930779993534088	-2.0	95758.5	5547.5	6.0	-2.0	0.0051969347987324	-2.0	-2.0	-2.0	-2.0	3959.0	0.003305144957266748	5.5	-2.0	727201.0	2936.0	-2.0	10.0	23861.5	4.9849700927734375	-2.0	-2.0	22.684300422668457	-2.0	-2.0	25.90684986114502	-2.0	-2.0	0.001967590011190623	30324.5	-2.0	-2.0	-2.0	-2.0	49.0	204.125	7.0	61660.0	-2.0	38981.5	-2.0	-2.0	74.61865234375	17153.0	-2.0	-2.0	-2.0	-2.0	117.29765319824219	-2.0	-2.0	951313.5	2642.5	18.5	-2.0	670411.0	-2.0	738667.0	-2.0	42.0	-2.0	-2.0	3183.0	-2.0	9.771695137023926	-2.0	555950.0	-2.0	-2.0	19.92924976348877	41.0	-2.0	144.5	8.947965145111084	20.5	0.8266674876213074	6969265.0	5.547135060623987e-06	-2.0	-2.0	0.027701550163328648	-2.0	-2.0	-2.0	27.5	-2.0	-2.0	41.0	3.111975073814392	19.0	872717.0	-2.0	-2.0	-2.0	10.5	236960.5	-2.0	-2.0	1054831.5	-2.0	-2.0	8.808594703674316	119174.5	-2.0	22620350.0	-2.0	-2.0	-2.0	482494.0	347.0	110257.0	0.0009373539942316711	-2.0	-2.0	-2.0	8.92307996749878	-2.0	2558.0	-2.0	-2.0	9.0	-2.0	-2.0	0.0002743814984569326	3.5	171256.0	-2.0	-2.0	233.29800415039062	14575050.0	30.984700202941895	-2.0	-2.0	6.678940189885907e-05	1.9990149667137302e-05	-2.0	-2.0	-2.0	-2.0	26.406399726867676	-2.0	14230.5	2.5	-2.0	51370.5	74.05960083007812	9.5	-2.0	-2.0	-2.0	-2.0	-2.0
# Feature
9	8	1	4	-2	4	-2	-2	7	2	0	-2	-2	-2	7	-2	2	-2	8	5	4	-2	-2	-2	-2	-2	0	7	3	-2	2	1	-2	4	-2	-2	9	-2	7	-2	2	1	9	-2	4	-2	-2	-2	-2	5	4	9	-2	2	1	-2	6	2	3	-2	-2	3	-2	-2	3	-2	-2	4	0	-2	-2	-2	-2	9	7	9	2	-2	8	-2	-2	7	0	-2	-2	-2	-2	3	-2	-2	2	5	8	-2	2	-2	2	-2	5	-2	-2	5	-2	3	-2	2	-2	-2	7	8	-2	5	3	5	7	0	4	-2	-2	7	-2	-2	-2	5	-2	-2	9	7	5	0	-2	-2	-2	9	1	-2	-2	0	-2	-2	7	1	-2	2	-2	-2	-2	1	5	8	4	-2	-2	-2	7	-2	5	-2	-2	9	-2	-2	4	9	8	-2	-2	7	2	7	-2	-2	4	4	-2	-2	-2	-2	7	-2	5	6	-2	8	3	6	-2	-2	-2	-2	-2
# Values
76.0	1063.0	80.0	70.0	45.0	345.0
0.0	12.0	0.0	0.0	0.0	299.0
0.0	12.0	0.0	0.0	0.0	155.0
0.0	1.0	0.0	0.0	0.0	110.0
0.0	0.0	0.0	0.0	0.0	63.0
0.0	1.0	0.0	0.0	0.0	47.0
0.0	1.0	0.0	0.0	0.0	2.0
0.0	0.0	0.0	0.0	0.0	45.0
0.0	11.0	0.0	0.0	0.0	45.0
0.0	1.0	0.0	0.0	0.0	29.0
0.0	1.0	0.0	0.0	0.0	7.0
0.0	1.0	0.0	0.0	0.0	2.0
0.0	0.0	0.0	0.0	0.0	5.0
0.0	0.0	0.0	0.0	0.0	22.0
0.0	10.0	0.0	0.0	0.0	16.0
0.0	5.0	0.0	0.0	0.0	0.0
0.0	5.0	0.0	0.0	0.0	16.0
0.0	0.0	0.0	0.0	0.0	6.0
0.0	5.0	0.0	0.0	0.0	10.0
0.0	5.0	0.0	0.0	0.0	5.0
0.0	4.0	0.0	0.0	0.0	3.0
0.0	2.0	0.0	0.0	0.0	2.0
0.0	2.0	0.0	0.0	0.0	1.0
0.0	1.0	0.0	0.0	0.0	2.0
0.0	0.0	0.0	0.0	0.0	5.0
0.0	0.0	0.0	0.0	0.0	144.0
76.0	1051.0	80.0	70.0	45.0	46.0
22.0	904.0	62.0	0.0	6.0	5.0
1.0	64.0	52.0	0.0	0.0	0.0
1.0	0.0	19.0	0.0	0.0	0.0
0.0	64.0	33.0	0.0	0.0	0.0
0.0	26.0	1.0	0.0	0.0	0.0
0.0	15.0	0.0	0.0	0.0	0.0
0.0	11.0	1.0	0.0	0.0	0.0
0.0	9.0	0.0	0.0	0.0	0.0
0.0	2.0	1.0	0.0	0.0	0.0
0.0	38.0	32.0	0.0	0.0	0.0
0.0	25.0	0.0	0.0	0.0	0.0
0.0	13.0	32.0	0.0	0.0	0.0
0.0	0.0	22.0	0.0	0.0	0.0
0.0	13.0	10.0	0.0	0.0	0.0
0.0	8.0	10.0	0.0	0.0	0.0
0.0	8.0	3.0	0.0	0.0	0.0
0.0	4.0	0.0	0.0	0.0	0.0
0.0	4.0	3.0	0.0	0.0	0.0
0.0	3.0	1.0	0.0	0.0	0.0
0.0	1.0	2.0	0.0	0.0	0.0
0.0	0.0	7.0	0.0	0.0	0.0
0.0	5.0	0.0	0.0	0.0	0.0
21.0	840.0	10.0	0.0	6.0	5.0
0.0	833.0	10.0	0.0	0.0	5.0
0.0	243.0	10.0	0.0	0.0	5.0
0.0	167.0	0.0	0.0	0.0	0.0
0.0	76.0	10.0	0.0	0.0	5.0
0.0	63.0	10.0	0.0	0.0	0.0
0.0	1.0	3.0	0.0	0.0	0.0
0.0	62.0	7.0	0.0	0.0	0.0
0.0	59.0	4.0	0.0	0.0	0.0
0.0	3.0	3.0	0.0	0.0	0.0
0.0	1.0	2.0	0.0	0.0	0.0
0.0	2.0	1.0	0.0	0.0	0.0
0.0	56.0	1.0	0.0	0.0	0.0
0.0	48.0	0.0	0.0	0.0	0.0
0.0	8.0	1.0	0.0	0.0	0.0
0.0	3.0	3.0	0.0	0.0	0.0
0.0	2.0	1.0	0.0	0.0	0.0
0.0	1.0	2.0	0.0	0.0	0.0
0.0	13.0	0.0	0.0	0.0	5.0
0.0	3.0	0.0	0.0	0.0	5.0
0.0	0.0	0.0	0.0	0.0	4.0
0.0	3.0	0.0	0.0	0.0	1.0
0.0	10.0	0.0	0.0	0.0	0.0
0.0	590.0	0.0	0.0	0.0	0.0
21.0	7.0	0.0	0.0	6.0	0.0
20.0	2.0	0.0	0.0	6.0	0.0
19.0	0.0	0.0	0.0	6.0	0.0
5.0	0.0	0.0	0.0	4.0	0.0
3.0	0.0	0.0	0.0	0.0	0.0
2.0	0.0	0.0	0.0	4.0	0.0
1.0	0.0	0.0	0.0	2.0	0.0
1.0	0.0	0.0	0.0	2.0	0.0
14.0	0.0	0.0	0.0	2.0	0.0
6.0	0.0	0.0	0.0	2.0	0.0
2.0	0.0	0.0	0.0	1.0	0.0
4.0	0.0	0.0	0.0	1.0	0.0
8.0	0.0	0.0	0.0	0.0	0.0
1.0	2.0	0.0	0.0	0.0	0.0
1.0	5.0	0.0	0.0	0.0	0.0
1.0	2.0	0.0	0.0	0.0	0.0
0.0	3.0	0.0	0.0	0.0	0.0
54.0	147.0	18.0	70.0	39.0	41.0
25.0	60.0	9.0	0.0	2.0	4.0
0.0	58.0	9.0	0.0	0.0	4.0
0.0	0.0	9.0	0.0	0.0	0.0
0.0	58.0	0.0	0.0	0.0	4.0
0.0	46.0	0.0	0.0	0.0	0.0
0.0	12.0	0.0	0.0	0.0	4.0
0.0	2.0	0.0	0.0	0.0	2.0
0.0	10.0	0.0	0.0	0.0	2.0
0.0	3.0	0.0	0.0	0.0	2.0
0.0	7.0	0.0	0.0	0.0	0.0
25.0	2.0	0.0	0.0	2.0	0.0
2.0	2.0	0.0	0.0	0.0	0.0
23.0	0.0	0.0	0.0	2.0	0.0
18.0	0.0	0.0	0.0	0.0	0.0
5.0	0.0	0.0	0.0	2.0	0.0
1.0	0.0	0.0	0.0	2.0	0.0
4.0	0.0	0.0	0.0	0.0	0.0
29.0	87.0	9.0	70.0	37.0	37.0
2.0	53.0	9.0	67.0	11.0	29.0
0.0	0.0	9.0	0.0	0.0	0.0
2.0	53.0	0.0	67.0	11.0	29.0
2.0	36.0	0.0	67.0	3.0	24.0
2.0	27.0	0.0	0.0	0.0	11.0
1.0	26.0	0.0	0.0	0.0	5.0
1.0	14.0	0.0	0.0	0.0	5.0
0.0	8.0	0.0	0.0	0.0	5.0
0.0	6.0	0.0	0.0	0.0	2.0
0.0	2.0	0.0	0.0	0.0	3.0
1.0	6.0	0.0	0.0	0.0	0.0
0.0	4.0	0.0	0.0	0.0	0.0
1.0	2.0	0.0	0.0	0.0	0.0
0.0	12.0	0.0	0.0	0.0	0.0
1.0	1.0	0.0	0.0	0.0	6.0
0.0	0.0	0.0	0.0	0.0	5.0
1.0	1.0	0.0	0.0	0.0	1.0
0.0	9.0	0.0	67.0	3.0	13.0
0.0	8.0	0.0	61.0	3.0	3.0
0.0	0.0	0.0	25.0	0.0	3.0
0.0	0.0	0.0	7.0	0.0	3.0
0.0	0.0	0.0	5.0	0.0	1.0
0.0	0.0	0.0	2.0	0.0	2.0
0.0	0.0	0.0	18.0	0.0	0.0
0.0	8.0	0.0	36.0	3.0	0.0
0.0	7.0	0.0	6.0	0.0	0.0
0.0	7.0	0.0	2.0	0.0	0.0
0.0	0.0	0.0	4.0	0.0	0.0
0.0	1.0	0.0	30.0	3.0	0.0
0.0	1.0	0.0	27.0	0.0	0.0
0.0	0.0	0.0	3.0	3.0	0.0
0.0	1.0	0.0	6.0	0.0	10.0
0.0	0.0	0.0	3.0	0.0	10.0
0.0	0.0	0.0	0.0	0.0	4.0
0.0	0.0	0.0	3.0	0.0	6.0
0.0	0.0	0.0	1.0	0.0	5.0
0.0	0.0	0.0	2.0	0.0	1.0
0.0	1.0	0.0	3.0	0.0	0.0
0.0	17.0	0.0	0.0	8.0	5.0
0.0	15.0	0.0	0.0	3.0	5.0
0.0	10.0	0.0	0.0	0.0	4.0
0.0	5.0	0.0	0.0	0.0	4.0
0.0	2.0	0.0	0.0	0.0	3.0
0.0	3.0	0.0	0.0	0.0	1.0
0.0	5.0	0.0	0.0	0.0	0.0
0.0	5.0	0.0	0.0	3.0	1.0
0.0	3.0	0.0	0.0	0.0	0.0
0.0	2.0	0.0	0.0	3.0	1.0
0.0	1.0	0.0	0.0	2.0	0.0
0.0	1.0	0.0	0.0	1.0	1.0
0.0	2.0	0.0	0.0	5.0	0.0
0.0	2.0	0.0	0.0	1.0	0.0
0.0	0.0	0.0	0.0	4.0	0.0
27.0	34.0	0.0	3.0	26.0	8.0
26.0	2.0	0.0	1.0	21.0	3.0
24.0	1.0	0.0	0.0	0.0	1.0
2.0	1.0	0.0	0.0	0.0	1.0
22.0	0.0	0.0	0.0	0.0	0.0
2.0	1.0	0.0	1.0	21.0	2.0
0.0	0.0	0.0	1.0	19.0	2.0
0.0	0.0	0.0	0.0	6.0	2.0
0.0	0.0	0.0	0.0	5.0	0.0
0.0	0.0	0.0	0.0	1.0	2.0
0.0	0.0	0.0	1.0	13.0	0.0
0.0	0.0	0.0	1.0	5.0	0.0
0.0	0.0	0.0	0.0	3.0	0.0
0.0	0.0	0.0	1.0	2.0	0.0
0.0	0.0	0.0	0.0	8.0	0.0
2.0	1.0	0.0	0.0	2.0	0.0
1.0	32.0	0.0	2.0	5.0	5.0
0.0	1.0	0.0	1.0	2.0	3.0
1.0	31.0	0.0	1.0	3.0	2.0
0.0	30.0	0.0	1.0	0.0	2.0
0.0	3.0	0.0	1.0	0.0	0.0
0.0	27.0	0.0	0.0	0.0	2.0
0.0	12.0	0.0	0.0	0.0	2.0
0.0	9.0	0.0	0.0	0.0	2.0
0.0	4.0	0.0	0.0	0.0	2.0
0.0	5.0	0.0	0.0	0.0	0.0
0.0	3.0	0.0	0.0	0.0	0.0
0.0	15.0	0.0	0.0	0.0	0.0
1.0	1.0	0.0	0.0	3.0	0.0
