# Sizes (NFeatures, Nclasses, NodeCount, MaxDepth)
10	6	183	11
# Classes
0.0	1.0	2.0	3.0	4.0	5.0
# Feature Names
Nrows	Ncols	Nnnz	AvgNnnz	Density	MaxRowNnnz	MinRowNnnz	StdRowNnnz	NDiags	NTrueDiags
# Left
1	2	3	4	5	6	-1	-1	9	-1	-1	12	-1	14	-1	-1	17	18	19	-1	-1	-1	-1	24	25	26	27	-1	-1	-1	31	32	33	-1	-1	-1	37	38	-1	40	-1	42	-1	-1	-1	46	47	48	49	-1	51	-1	53	54	-1	-1	-1	-1	59	-1	61	62	63	64	65	-1	-1	68	-1	-1	-1	-1	-1	74	75	76	77	-1	79	80	-1	82	-1	-1	85	-1	-1	-1	89	-1	-1	-1	93	-1	95	96	97	98	99	100	101	-1	103	104	-1	-1	-1	-1	109	-1	-1	-1	113	-1	-1	116	117	118	-1	-1	121	122	-1	-1	125	126	-1	-1	-1	130	131	132	133	-1	-1	-1	137	138	-1	-1	141	-1	143	-1	-1	146	-1	-1	149	150	151	-1	153	154	-1	-1	157	-1	-1	160	161	-1	-1	164	-1	-1	167	168	169	-1	-1	172	-1	-1	175	176	-1	178	-1	-1	181	-1	-1
# Right
92	23	16	11	8	7	-1	-1	10	-1	-1	13	-1	15	-1	-1	22	21	20	-1	-1	-1	-1	45	30	29	28	-1	-1	-1	36	35	34	-1	-1	-1	44	39	-1	41	-1	43	-1	-1	-1	73	58	57	50	-1	52	-1	56	55	-1	-1	-1	-1	60	-1	72	71	70	67	66	-1	-1	69	-1	-1	-1	-1	-1	91	88	87	78	-1	84	81	-1	83	-1	-1	86	-1	-1	-1	90	-1	-1	-1	94	-1	148	115	112	111	108	107	102	-1	106	105	-1	-1	-1	-1	110	-1	-1	-1	114	-1	-1	129	120	119	-1	-1	124	123	-1	-1	128	127	-1	-1	-1	145	136	135	134	-1	-1	-1	140	139	-1	-1	142	-1	144	-1	-1	147	-1	-1	166	159	152	-1	156	155	-1	-1	158	-1	-1	163	162	-1	-1	165	-1	-1	174	171	170	-1	-1	173	-1	-1	180	177	-1	179	-1	-1	182	-1	-1
# Threshold
60004.0	0.6424790024757385	12.0	3427.5	3.5	89.0	-2.0	-2.0	5.5	-2.0	-2.0	7.5	-2.0	8.5	-2.0	-2.0	7.478985071182251	0.4350674897432327	0.5	-2.0	-2.0	-2.0	-2.0	0.5	2958.5	25.5	3.171199917793274	-2.0	-2.0	-2.0	0.0019935149466618896	36.0	2.998840093612671	-2.0	-2.0	-2.0	53.053449630737305	42385.0	-2.0	70911.0	-2.0	194570.5	-2.0	-2.0	-2.0	2827.0	683501.5	34.0	1428.0	-2.0	8.0	-2.0	291463.5	2.001990020275116	-2.0	-2.0	-2.0	-2.0	37.0	-2.0	72.0	26875.0	0.0020461000385694206	46803.5	38253.0	-2.0	-2.0	13.922999858856201	-2.0	-2.0	-2.0	-2.0	-2.0	0.0024545049527660012	0.0007368494989350438	17.617499828338623	3183.0	-2.0	47954.5	1.5	-2.0	9.652810096740723	-2.0	-2.0	90.17389678955078	-2.0	-2.0	-2.0	1982755.0	-2.0	-2.0	-2.0	0.5	-2.0	186.0	8.671794891357422	1.341450035572052	6.0	6969265.0	20.5	1521.0	-2.0	2.5	772930.0	-2.0	-2.0	-2.0	-2.0	11803100.0	-2.0	-2.0	-2.0	572779.5	-2.0	-2.0	10.5	3.111975073814392	2.327234983444214	-2.0	-2.0	2536760.0	41.5	-2.0	-2.0	93.5	6.937514990568161e-05	-2.0	-2.0	-2.0	16.5	16.5	4.5	10532545.0	-2.0	-2.0	-2.0	907.5	29.980350494384766	-2.0	-2.0	215639.0	-2.0	95.5	-2.0	-2.0	1864775.0	-2.0	-2.0	0.00013984299584990367	27618300.0	939524.5	-2.0	3230.0	15.585500240325928	-2.0	-2.0	4.0	-2.0	-2.0	2374330.0	8.031175093492493e-05	-2.0	-2.0	6486600.0	-2.0	-2.0	115891.5	125215.0	127.78485488891602	-2.0	-2.0	114350.5	-2.0	-2.0	0.0004014805017504841	9.0	-2.0	40.25015068054199	-2.0	-2.0	72.97994995117188	-2.0	-2.0
# Feature
0	7	8	2	8	2	-2	-2	8	-2	-2	5	-2	5	-2	-2	3	7	9	-2	-2	-2	-2	9	0	5	7	-2	-2	-2	4	5	7	-2	-2	-2	3	2	-2	2	-2	2	-2	-2	-2	5	2	8	1	-2	8	-2	2	7	-2	-2	-2	-2	5	-2	9	8	4	1	1	-2	-2	7	-2	-2	-2	-2	-2	4	4	3	5	-2	8	6	-2	3	-2	-2	7	-2	-2	-2	2	-2	-2	-2	9	-2	5	3	7	9	0	5	8	-2	6	2	-2	-2	-2	-2	0	-2	-2	-2	1	-2	-2	9	7	7	-2	-2	2	5	-2	-2	5	4	-2	-2	-2	6	5	6	2	-2	-2	-2	8	3	-2	-2	1	-2	5	-2	-2	0	-2	-2	4	2	2	-2	5	7	-2	-2	9	-2	-2	0	4	-2	-2	1	-2	-2	0	8	3	-2	-2	0	-2	-2	4	6	-2	7	-2	-2	3	-2	-2
# Values
76.0	1063.0	80.0	70.0	45.0	345.0
31.0	967.0	67.0	2.0	9.0	210.0
1.0	67.0	57.0	0.0	0.0	6.0
1.0	16.0	57.0	0.0	0.0	0.0
1.0	14.0	15.0	0.0	0.0	0.0
1.0	0.0	14.0	0.0	0.0	0.0
1.0	0.0	2.0	0.0	0.0	0.0
0.0	0.0	12.0	0.0	0.0	0.0
0.0	14.0	1.0	0.0	0.0	0.0
0.0	2.0	1.0	0.0	0.0	0.0
0.0	12.0	0.0	0.0	0.0	0.0
0.0	2.0	42.0	0.0	0.0	0.0
0.0	0.0	37.0	0.0	0.0	0.0
0.0	2.0	5.0	0.0	0.0	0.0
0.0	2.0	1.0	0.0	0.0	0.0
0.0	0.0	4.0	0.0	0.0	0.0
0.0	51.0	0.0	0.0	0.0	6.0
0.0	49.0	0.0	0.0	0.0	3.0
0.0	22.0	0.0	0.0	0.0	3.0
0.0	0.0	0.0	0.0	0.0	3.0
0.0	22.0	0.0	0.0	0.0	0.0
0.0	27.0	0.0	0.0	0.0	0.0
0.0	2.0	0.0	0.0	0.0	3.0
30.0	900.0	10.0	2.0	9.0	204.0
0.0	12.0	0.0	0.0	0.0	194.0
0.0	1.0	0.0	0.0	0.0	106.0
0.0	1.0	0.0	0.0	0.0	28.0
0.0	0.0	0.0	0.0	0.0	26.0
0.0	1.0	0.0	0.0	0.0	2.0
0.0	0.0	0.0	0.0	0.0	78.0
0.0	11.0	0.0	0.0	0.0	88.0
0.0	2.0	0.0	0.0	0.0	72.0
0.0	2.0	0.0	0.0	0.0	18.0
0.0	0.0	0.0	0.0	0.0	15.0
0.0	2.0	0.0	0.0	0.0	3.0
0.0	0.0	0.0	0.0	0.0	54.0
0.0	9.0	0.0	0.0	0.0	16.0
0.0	9.0	0.0	0.0	0.0	7.0
0.0	4.0	0.0	0.0	0.0	0.0
0.0	5.0	0.0	0.0	0.0	7.0
0.0	0.0	0.0	0.0	0.0	3.0
0.0	5.0	0.0	0.0	0.0	4.0
0.0	2.0	0.0	0.0	0.0	3.0
0.0	3.0	0.0	0.0	0.0	1.0
0.0	0.0	0.0	0.0	0.0	9.0
30.0	888.0	10.0	2.0	9.0	10.0
0.0	872.0	10.0	2.0	0.0	10.0
0.0	791.0	10.0	0.0	0.0	0.0
0.0	59.0	10.0	0.0	0.0	0.0
0.0	48.0	0.0	0.0	0.0	0.0
0.0	11.0	10.0	0.0	0.0	0.0
0.0	0.0	5.0	0.0	0.0	0.0
0.0	11.0	5.0	0.0	0.0	0.0
0.0	11.0	1.0	0.0	0.0	0.0
0.0	8.0	0.0	0.0	0.0	0.0
0.0	3.0	1.0	0.0	0.0	0.0
0.0	0.0	4.0	0.0	0.0	0.0
0.0	732.0	0.0	0.0	0.0	0.0
0.0	81.0	0.0	2.0	0.0	10.0
0.0	0.0	0.0	2.0	0.0	1.0
0.0	81.0	0.0	0.0	0.0	9.0
0.0	49.0	0.0	0.0	0.0	9.0
0.0	26.0	0.0	0.0	0.0	9.0
0.0	12.0	0.0	0.0	0.0	9.0
0.0	4.0	0.0	0.0	0.0	8.0
0.0	4.0	0.0	0.0	0.0	5.0
0.0	0.0	0.0	0.0	0.0	3.0
0.0	8.0	0.0	0.0	0.0	1.0
0.0	2.0	0.0	0.0	0.0	1.0
0.0	6.0	0.0	0.0	0.0	0.0
0.0	14.0	0.0	0.0	0.0	0.0
0.0	23.0	0.0	0.0	0.0	0.0
0.0	32.0	0.0	0.0	0.0	0.0
30.0	16.0	0.0	0.0	9.0	0.0
30.0	7.0	0.0	0.0	9.0	0.0
21.0	5.0	0.0	0.0	9.0	0.0
21.0	3.0	0.0	0.0	8.0	0.0
1.0	3.0	0.0	0.0	0.0	0.0
20.0	0.0	0.0	0.0	8.0	0.0
17.0	0.0	0.0	0.0	4.0	0.0
7.0	0.0	0.0	0.0	0.0	0.0
10.0	0.0	0.0	0.0	4.0	0.0
1.0	0.0	0.0	0.0	2.0	0.0
9.0	0.0	0.0	0.0	2.0	0.0
3.0	0.0	0.0	0.0	4.0	0.0
1.0	0.0	0.0	0.0	2.0	0.0
2.0	0.0	0.0	0.0	2.0	0.0
0.0	2.0	0.0	0.0	1.0	0.0
9.0	2.0	0.0	0.0	0.0	0.0
8.0	0.0	0.0	0.0	0.0	0.0
1.0	2.0	0.0	0.0	0.0	0.0
0.0	9.0	0.0	0.0	0.0	0.0
45.0	96.0	13.0	68.0	36.0	135.0
0.0	0.0	0.0	0.0	0.0	99.0
45.0	96.0	13.0	68.0	36.0	36.0
2.0	62.0	13.0	68.0	4.0	27.0
2.0	53.0	9.0	0.0	0.0	11.0
2.0	30.0	9.0	0.0	0.0	10.0
2.0	30.0	1.0	0.0	0.0	10.0
0.0	24.0	1.0	0.0	0.0	10.0
0.0	24.0	1.0	0.0	0.0	5.0
0.0	2.0	1.0	0.0	0.0	0.0
0.0	22.0	0.0	0.0	0.0	5.0
0.0	15.0	0.0	0.0	0.0	5.0
0.0	4.0	0.0	0.0	0.0	0.0
0.0	11.0	0.0	0.0	0.0	5.0
0.0	7.0	0.0	0.0	0.0	0.0
0.0	0.0	0.0	0.0	0.0	5.0
2.0	6.0	0.0	0.0	0.0	0.0
2.0	1.0	0.0	0.0	0.0	0.0
0.0	5.0	0.0	0.0	0.0	0.0
0.0	0.0	8.0	0.0	0.0	0.0
0.0	23.0	0.0	0.0	0.0	1.0
0.0	21.0	0.0	0.0	0.0	0.0
0.0	2.0	0.0	0.0	0.0	1.0
0.0	9.0	4.0	68.0	4.0	16.0
0.0	9.0	0.0	17.0	0.0	3.0
0.0	0.0	0.0	11.0	0.0	1.0
0.0	0.0	0.0	3.0	0.0	1.0
0.0	0.0	0.0	8.0	0.0	0.0
0.0	9.0	0.0	6.0	0.0	2.0
0.0	6.0	0.0	0.0	0.0	2.0
0.0	1.0	0.0	0.0	0.0	2.0
0.0	5.0	0.0	0.0	0.0	0.0
0.0	3.0	0.0	6.0	0.0	0.0
0.0	1.0	0.0	5.0	0.0	0.0
0.0	0.0	0.0	3.0	0.0	0.0
0.0	1.0	0.0	2.0	0.0	0.0
0.0	2.0	0.0	1.0	0.0	0.0
0.0	0.0	4.0	51.0	4.0	13.0
0.0	0.0	4.0	28.0	2.0	13.0
0.0	0.0	4.0	5.0	0.0	2.0
0.0	0.0	0.0	5.0	0.0	1.0
0.0	0.0	0.0	3.0	0.0	0.0
0.0	0.0	0.0	2.0	0.0	1.0
0.0	0.0	4.0	0.0	0.0	1.0
0.0	0.0	0.0	23.0	2.0	11.0
0.0	0.0	0.0	3.0	0.0	9.0
0.0	0.0	0.0	3.0	0.0	1.0
0.0	0.0	0.0	0.0	0.0	8.0
0.0	0.0	0.0	20.0	2.0	2.0
0.0	0.0	0.0	17.0	0.0	0.0
0.0	0.0	0.0	3.0	2.0	2.0
0.0	0.0	0.0	3.0	0.0	1.0
0.0	0.0	0.0	0.0	2.0	1.0
0.0	0.0	0.0	23.0	2.0	0.0
0.0	0.0	0.0	22.0	0.0	0.0
0.0	0.0	0.0	1.0	2.0	0.0
43.0	34.0	0.0	0.0	32.0	9.0
43.0	10.0	0.0	0.0	15.0	2.0
39.0	9.0	0.0	0.0	3.0	2.0
17.0	0.0	0.0	0.0	0.0	0.0
22.0	9.0	0.0	0.0	3.0	2.0
0.0	9.0	0.0	0.0	0.0	2.0
0.0	8.0	0.0	0.0	0.0	0.0
0.0	1.0	0.0	0.0	0.0	2.0
22.0	0.0	0.0	0.0	3.0	0.0
20.0	0.0	0.0	0.0	0.0	0.0
2.0	0.0	0.0	0.0	3.0	0.0
4.0	1.0	0.0	0.0	12.0	0.0
0.0	1.0	0.0	0.0	10.0	0.0
0.0	0.0	0.0	0.0	8.0	0.0
0.0	1.0	0.0	0.0	2.0	0.0
4.0	0.0	0.0	0.0	2.0	0.0
3.0	0.0	0.0	0.0	0.0	0.0
1.0	0.0	0.0	0.0	2.0	0.0
0.0	24.0	0.0	0.0	17.0	7.0
0.0	20.0	0.0	0.0	3.0	3.0
0.0	16.0	0.0	0.0	1.0	0.0
0.0	14.0	0.0	0.0	0.0	0.0
0.0	2.0	0.0	0.0	1.0	0.0
0.0	4.0	0.0	0.0	2.0	3.0
0.0	0.0	0.0	0.0	2.0	3.0
0.0	4.0	0.0	0.0	0.0	0.0
0.0	4.0	0.0	0.0	14.0	4.0
0.0	0.0	0.0	0.0	13.0	3.0
0.0	0.0	0.0	0.0	9.0	0.0
0.0	0.0	0.0	0.0	4.0	3.0
0.0	0.0	0.0	0.0	1.0	3.0
0.0	0.0	0.0	0.0	3.0	0.0
0.0	4.0	0.0	0.0	1.0	1.0
0.0	2.0	0.0	0.0	1.0	0.0
0.0	2.0	0.0	0.0	0.0	1.0
