# Sizes (NFeatures, Nclasses, NodeCount, MaxDepth)
10	6	205	11
# Classes
0.0	1.0	2.0	3.0	4.0	5.0
# Feature Names
Nrows	Ncols	Nnnz	AvgNnnz	Density	MaxRowNnnz	MinRowNnnz	StdRowNnnz	NDiags	NTrueDiags
# Left
1	2	3	4	5	-1	-1	-1	9	10	-1	-1	-1	14	15	16	17	-1	-1	20	21	-1	23	-1	25	-1	-1	28	-1	-1	31	32	33	34	-1	36	37	-1	-1	-1	-1	42	-1	44	-1	-1	-1	48	49	50	51	-1	-1	54	-1	-1	-1	58	59	-1	-1	62	63	-1	-1	66	67	-1	-1	70	-1	-1	73	74	75	-1	77	78	79	80	-1	82	83	-1	-1	-1	-1	-1	-1	90	91	-1	93	94	95	-1	-1	98	-1	100	-1	102	-1	-1	105	106	-1	108	-1	110	-1	112	-1	-1	-1	116	117	118	-1	120	121	122	123	-1	-1	-1	-1	-1	129	130	131	132	-1	134	-1	-1	137	138	-1	-1	-1	142	143	-1	-1	-1	147	148	-1	-1	151	-1	-1	154	155	156	157	-1	-1	-1	-1	162	-1	-1	165	166	-1	168	-1	170	171	-1	173	174	-1	-1	177	-1	-1	180	181	-1	-1	184	-1	-1	187	-1	189	190	191	-1	193	-1	195	-1	-1	198	-1	-1	201	202	-1	-1	-1
# Right
72	13	8	7	6	-1	-1	-1	12	11	-1	-1	-1	47	30	19	18	-1	-1	27	22	-1	24	-1	26	-1	-1	29	-1	-1	46	41	40	35	-1	39	38	-1	-1	-1	-1	43	-1	45	-1	-1	-1	57	56	53	52	-1	-1	55	-1	-1	-1	61	60	-1	-1	65	64	-1	-1	69	68	-1	-1	71	-1	-1	164	89	76	-1	88	87	86	81	-1	85	84	-1	-1	-1	-1	-1	-1	115	92	-1	104	97	96	-1	-1	99	-1	101	-1	103	-1	-1	114	107	-1	109	-1	111	-1	113	-1	-1	-1	153	128	119	-1	127	126	125	124	-1	-1	-1	-1	-1	146	141	136	133	-1	135	-1	-1	140	139	-1	-1	-1	145	144	-1	-1	-1	150	149	-1	-1	152	-1	-1	161	160	159	158	-1	-1	-1	-1	163	-1	-1	186	167	-1	169	-1	179	172	-1	176	175	-1	-1	178	-1	-1	183	182	-1	-1	185	-1	-1	188	-1	200	197	192	-1	194	-1	196	-1	-1	199	-1	-1	204	203	-1	-1	-1
# Threshold
4619.5	0.5	0.0052201999351382256	4518.5	0.004156365059316158	-2.0	-2.0	-2.0	25.5	3.171199917793274	-2.0	-2.0	-2.0	38253.0	10.0	1.5	0.5	-2.0	-2.0	850.0	212.5	-2.0	0.4127485007047653	-2.0	0.6004109978675842	-2.0	-2.0	3.996999979019165	-2.0	-2.0	0.002192994928918779	26.0	1245.5	2.5	-2.0	6.513895034790039	0.5098985135555267	-2.0	-2.0	-2.0	-2.0	18939.5	-2.0	6.228435039520264	-2.0	-2.0	-2.0	913065.5	1.596119999885559	4.5	3.5	-2.0	-2.0	6.0	-2.0	-2.0	-2.0	0.5359640121459961	17.5	-2.0	-2.0	2.838634967803955	20525700.0	-2.0	-2.0	38.45924949645996	704.5	-2.0	-2.0	57.5	-2.0	-2.0	2761.5	0.5	0.0007714694947935641	-2.0	29.60385036468506	1.5	26.33970069885254	5275.0	-2.0	8999.0	0.002070919959805906	-2.0	-2.0	-2.0	-2.0	-2.0	-2.0	10.786900043487549	97034.5	-2.0	3.5	0.598607987165451	0.2804289981722832	-2.0	-2.0	5.696675062179565	-2.0	0.7785854935646057	-2.0	258391.0	-2.0	-2.0	27.5	922542.5	-2.0	713995.5	-2.0	8.2344149632263e-07	-2.0	1806615.0	-2.0	-2.0	-2.0	130125.5	57787.0	681602.0	-2.0	0.0020461000385694206	0.0017313550342805684	44969.5	12.0	-2.0	-2.0	-2.0	-2.0	-2.0	26.794949531555176	28152300.0	2864415.0	12.502500057220459	-2.0	10.0	-2.0	-2.0	60.0	34.75444984436035	-2.0	-2.0	-2.0	109.0	77.5	-2.0	-2.0	-2.0	16.0	72266.5	-2.0	-2.0	20.0	-2.0	-2.0	173.0	14.252399921417236	217653.5	5.5	-2.0	-2.0	-2.0	-2.0	24.548999786376953	-2.0	-2.0	15.306350231170654	0.5	-2.0	8.83901011548005e-05	-2.0	321522.5	6452.5	-2.0	7.757644891738892	0.0002699764954741113	-2.0	-2.0	7159.5	-2.0	-2.0	49845.5	3183.0	-2.0	-2.0	57922.5	-2.0	-2.0	0.5	-2.0	118187.0	108253.0	254.10950469970703	-2.0	13983.0	-2.0	5582845.0	-2.0	-2.0	193122.0	-2.0	-2.0	19721600.0	154301.0	-2.0	-2.0	-2.0
# Feature
8	9	4	8	4	-2	-2	-2	5	7	-2	-2	-2	0	8	3	6	-2	-2	0	1	-2	7	-2	7	-2	-2	3	-2	-2	4	9	5	6	-2	3	7	-2	-2	-2	-2	1	-2	7	-2	-2	-2	2	7	5	3	-2	-2	9	-2	-2	-2	7	8	-2	-2	7	2	-2	-2	3	8	-2	-2	9	-2	-2	5	9	4	-2	7	6	7	0	-2	1	4	-2	-2	-2	-2	-2	-2	3	1	-2	9	7	7	-2	-2	3	-2	7	-2	8	-2	-2	5	2	-2	8	-2	4	-2	8	-2	-2	-2	8	1	2	-2	4	4	1	9	-2	-2	-2	-2	-2	7	2	2	3	-2	6	-2	-2	9	3	-2	-2	-2	5	5	-2	-2	-2	6	0	-2	-2	9	-2	-2	5	7	1	6	-2	-2	-2	-2	3	-2	-2	3	9	-2	4	-2	2	5	-2	3	4	-2	-2	5	-2	-2	1	5	-2	-2	0	-2	-2	9	-2	1	1	7	-2	5	-2	2	-2	-2	8	-2	-2	2	0	-2	-2	-2
# Values
76.0	1063.0	80.0	70.0	45.0	345.0
2.0	783.0	80.0	9.0	0.0	134.0
0.0	6.0	0.0	0.0	0.0	120.0
0.0	5.0	0.0	0.0	0.0	25.0
0.0	1.0	0.0	0.0	0.0	25.0
0.0	0.0	0.0	0.0	0.0	23.0
0.0	1.0	0.0	0.0	0.0	2.0
0.0	4.0	0.0	0.0	0.0	0.0
0.0	1.0	0.0	0.0	0.0	95.0
0.0	1.0	0.0	0.0	0.0	23.0
0.0	0.0	0.0	0.0	0.0	21.0
0.0	1.0	0.0	0.0	0.0	2.0
0.0	0.0	0.0	0.0	0.0	72.0
2.0	777.0	80.0	9.0	0.0	14.0
2.0	752.0	62.0	0.0	0.0	0.0
1.0	25.0	56.0	0.0	0.0	0.0
1.0	1.0	19.0	0.0	0.0	0.0
0.0	1.0	2.0	0.0	0.0	0.0
1.0	0.0	17.0	0.0	0.0	0.0
0.0	24.0	37.0	0.0	0.0	0.0
0.0	20.0	2.0	0.0	0.0	0.0
0.0	11.0	0.0	0.0	0.0	0.0
0.0	9.0	2.0	0.0	0.0	0.0
0.0	4.0	0.0	0.0	0.0	0.0
0.0	5.0	2.0	0.0	0.0	0.0
0.0	2.0	2.0	0.0	0.0	0.0
0.0	3.0	0.0	0.0	0.0	0.0
0.0	4.0	35.0	0.0	0.0	0.0
0.0	4.0	1.0	0.0	0.0	0.0
0.0	0.0	34.0	0.0	0.0	0.0
1.0	727.0	6.0	0.0	0.0	0.0
1.0	134.0	6.0	0.0	0.0	0.0
1.0	126.0	2.0	0.0	0.0	0.0
0.0	124.0	2.0	0.0	0.0	0.0
0.0	96.0	0.0	0.0	0.0	0.0
0.0	28.0	2.0	0.0	0.0	0.0
0.0	5.0	2.0	0.0	0.0	0.0
0.0	4.0	0.0	0.0	0.0	0.0
0.0	1.0	2.0	0.0	0.0	0.0
0.0	23.0	0.0	0.0	0.0	0.0
1.0	2.0	0.0	0.0	0.0	0.0
0.0	8.0	4.0	0.0	0.0	0.0
0.0	5.0	0.0	0.0	0.0	0.0
0.0	3.0	4.0	0.0	0.0	0.0
0.0	0.0	4.0	0.0	0.0	0.0
0.0	3.0	0.0	0.0	0.0	0.0
0.0	593.0	0.0	0.0	0.0	0.0
0.0	25.0	18.0	9.0	0.0	14.0
0.0	23.0	9.0	0.0	0.0	0.0
0.0	6.0	9.0	0.0	0.0	0.0
0.0	5.0	1.0	0.0	0.0	0.0
0.0	2.0	1.0	0.0	0.0	0.0
0.0	3.0	0.0	0.0	0.0	0.0
0.0	1.0	8.0	0.0	0.0	0.0
0.0	1.0	3.0	0.0	0.0	0.0
0.0	0.0	5.0	0.0	0.0	0.0
0.0	17.0	0.0	0.0	0.0	0.0
0.0	2.0	9.0	9.0	0.0	14.0
0.0	1.0	8.0	0.0	0.0	0.0
0.0	0.0	6.0	0.0	0.0	0.0
0.0	1.0	2.0	0.0	0.0	0.0
0.0	1.0	1.0	9.0	0.0	14.0
0.0	0.0	1.0	0.0	0.0	10.0
0.0	0.0	0.0	0.0	0.0	8.0
0.0	0.0	1.0	0.0	0.0	2.0
0.0	1.0	0.0	9.0	0.0	4.0
0.0	1.0	0.0	7.0	0.0	0.0
0.0	0.0	0.0	5.0	0.0	0.0
0.0	1.0	0.0	2.0	0.0	0.0
0.0	0.0	0.0	2.0	0.0	4.0
0.0	0.0	0.0	2.0	0.0	1.0
0.0	0.0	0.0	0.0	0.0	3.0
74.0	280.0	0.0	61.0	45.0	211.0
3.0	255.0	0.0	61.0	20.0	181.0
0.0	6.0	0.0	0.0	0.0	154.0
0.0	0.0	0.0	0.0	0.0	118.0
0.0	6.0	0.0	0.0	0.0	36.0
0.0	6.0	0.0	0.0	0.0	24.0
0.0	6.0	0.0	0.0	0.0	15.0
0.0	4.0	0.0	0.0	0.0	14.0
0.0	0.0	0.0	0.0	0.0	6.0
0.0	4.0	0.0	0.0	0.0	8.0
0.0	4.0	0.0	0.0	0.0	2.0
0.0	2.0	0.0	0.0	0.0	1.0
0.0	2.0	0.0	0.0	0.0	1.0
0.0	0.0	0.0	0.0	0.0	6.0
0.0	2.0	0.0	0.0	0.0	1.0
0.0	0.0	0.0	0.0	0.0	9.0
0.0	0.0	0.0	0.0	0.0	12.0
3.0	249.0	0.0	61.0	20.0	27.0
2.0	132.0	0.0	1.0	0.0	13.0
0.0	91.0	0.0	0.0	0.0	0.0
2.0	41.0	0.0	1.0	0.0	13.0
1.0	30.0	0.0	0.0	0.0	3.0
1.0	10.0	0.0	0.0	0.0	0.0
0.0	8.0	0.0	0.0	0.0	0.0
1.0	2.0	0.0	0.0	0.0	0.0
0.0	20.0	0.0	0.0	0.0	3.0
0.0	8.0	0.0	0.0	0.0	0.0
0.0	12.0	0.0	0.0	0.0	3.0
0.0	1.0	0.0	0.0	0.0	2.0
0.0	11.0	0.0	0.0	0.0	1.0
0.0	2.0	0.0	0.0	0.0	1.0
0.0	9.0	0.0	0.0	0.0	0.0
1.0	11.0	0.0	1.0	0.0	10.0
0.0	7.0	0.0	1.0	0.0	10.0
0.0	3.0	0.0	0.0	0.0	0.0
0.0	4.0	0.0	1.0	0.0	10.0
0.0	0.0	0.0	1.0	0.0	4.0
0.0	4.0	0.0	0.0	0.0	6.0
0.0	3.0	0.0	0.0	0.0	1.0
0.0	1.0	0.0	0.0	0.0	5.0
0.0	1.0	0.0	0.0	0.0	2.0
0.0	0.0	0.0	0.0	0.0	3.0
1.0	4.0	0.0	0.0	0.0	0.0
1.0	117.0	0.0	60.0	20.0	14.0
0.0	114.0	0.0	43.0	8.0	13.0
0.0	94.0	0.0	0.0	0.0	7.0
0.0	39.0	0.0	0.0	0.0	0.0
0.0	55.0	0.0	0.0	0.0	7.0
0.0	16.0	0.0	0.0	0.0	7.0
0.0	14.0	0.0	0.0	0.0	4.0
0.0	4.0	0.0	0.0	0.0	4.0
0.0	3.0	0.0	0.0	0.0	0.0
0.0	1.0	0.0	0.0	0.0	4.0
0.0	10.0	0.0	0.0	0.0	0.0
0.0	2.0	0.0	0.0	0.0	3.0
0.0	39.0	0.0	0.0	0.0	0.0
0.0	20.0	0.0	43.0	8.0	6.0
0.0	5.0	0.0	42.0	7.0	5.0
0.0	5.0	0.0	38.0	1.0	5.0
0.0	5.0	0.0	7.0	0.0	2.0
0.0	0.0	0.0	1.0	0.0	2.0
0.0	5.0	0.0	6.0	0.0	0.0
0.0	5.0	0.0	2.0	0.0	0.0
0.0	0.0	0.0	4.0	0.0	0.0
0.0	0.0	0.0	31.0	1.0	3.0
0.0	0.0	0.0	30.0	0.0	2.0
0.0	0.0	0.0	8.0	0.0	2.0
0.0	0.0	0.0	22.0	0.0	0.0
0.0	0.0	0.0	1.0	1.0	1.0
0.0	0.0	0.0	4.0	6.0	0.0
0.0	0.0	0.0	4.0	2.0	0.0
0.0	0.0	0.0	1.0	2.0	0.0
0.0	0.0	0.0	3.0	0.0	0.0
0.0	0.0	0.0	0.0	4.0	0.0
0.0	15.0	0.0	1.0	1.0	1.0
0.0	11.0	0.0	1.0	0.0	0.0
0.0	2.0	0.0	1.0	0.0	0.0
0.0	9.0	0.0	0.0	0.0	0.0
0.0	4.0	0.0	0.0	1.0	1.0
0.0	1.0	0.0	0.0	1.0	1.0
0.0	3.0	0.0	0.0	0.0	0.0
1.0	3.0	0.0	17.0	12.0	1.0
0.0	3.0	0.0	17.0	1.0	0.0
0.0	1.0	0.0	16.0	0.0	0.0
0.0	1.0	0.0	5.0	0.0	0.0
0.0	1.0	0.0	2.0	0.0	0.0
0.0	0.0	0.0	3.0	0.0	0.0
0.0	0.0	0.0	11.0	0.0	0.0
0.0	2.0	0.0	1.0	1.0	0.0
1.0	0.0	0.0	0.0	11.0	1.0
1.0	0.0	0.0	0.0	1.0	1.0
0.0	0.0	0.0	0.0	10.0	0.0
71.0	25.0	0.0	0.0	25.0	30.0
67.0	4.0	0.0	0.0	9.0	14.0
0.0	0.0	0.0	0.0	0.0	14.0
67.0	4.0	0.0	0.0	9.0	0.0
37.0	0.0	0.0	0.0	0.0	0.0
30.0	4.0	0.0	0.0	9.0	0.0
20.0	0.0	0.0	0.0	6.0	0.0
6.0	0.0	0.0	0.0	0.0	0.0
14.0	0.0	0.0	0.0	6.0	0.0
3.0	0.0	0.0	0.0	4.0	0.0
2.0	0.0	0.0	0.0	1.0	0.0
1.0	0.0	0.0	0.0	3.0	0.0
11.0	0.0	0.0	0.0	2.0	0.0
3.0	0.0	0.0	0.0	2.0	0.0
8.0	0.0	0.0	0.0	0.0	0.0
10.0	4.0	0.0	0.0	3.0	0.0
4.0	4.0	0.0	0.0	0.0	0.0
0.0	4.0	0.0	0.0	0.0	0.0
4.0	0.0	0.0	0.0	0.0	0.0
6.0	0.0	0.0	0.0	3.0	0.0
2.0	0.0	0.0	0.0	2.0	0.0
4.0	0.0	0.0	0.0	1.0	0.0
4.0	21.0	0.0	0.0	16.0	16.0
0.0	0.0	0.0	0.0	0.0	11.0
4.0	21.0	0.0	0.0	16.0	5.0
3.0	20.0	0.0	0.0	4.0	4.0
3.0	16.0	0.0	0.0	3.0	0.0
0.0	9.0	0.0	0.0	0.0	0.0
3.0	7.0	0.0	0.0	3.0	0.0
0.0	5.0	0.0	0.0	0.0	0.0
3.0	2.0	0.0	0.0	3.0	0.0
3.0	0.0	0.0	0.0	1.0	0.0
0.0	2.0	0.0	0.0	2.0	0.0
0.0	4.0	0.0	0.0	1.0	4.0
0.0	0.0	0.0	0.0	1.0	4.0
0.0	4.0	0.0	0.0	0.0	0.0
1.0	1.0	0.0	0.0	12.0	1.0
0.0	0.0	0.0	0.0	10.0	1.0
0.0	0.0	0.0	0.0	2.0	1.0
0.0	0.0	0.0	0.0	8.0	0.0
1.0	1.0	0.0	0.0	2.0	0.0
