# Sizes (NFeatures, Nclasses, NodeCount, MaxDepth)
10	6	181	11
# Classes
0.0	1.0	2.0	3.0	4.0	5.0
# Feature Names
Nrows	Ncols	Nnnz	AvgNnnz	Density	MaxRowNnnz	MinRowNnnz	StdRowNnnz	NDiags	NTrueDiags
# Left
1	2	3	4	5	6	-1	-1	9	10	11	-1	-1	-1	-1	16	-1	18	-1	20	21	-1	23	-1	-1	-1	27	28	-1	-1	-1	32	33	34	-1	36	-1	-1	39	40	-1	-1	-1	44	45	-1	-1	48	49	50	-1	52	-1	-1	55	-1	-1	-1	59	60	61	-1	-1	64	65	66	67	68	-1	70	-1	-1	-1	-1	-1	76	77	-1	79	80	-1	82	-1	-1	-1	86	87	88	-1	90	91	-1	-1	-1	95	96	-1	98	-1	100	-1	-1	-1	104	-1	-1	107	-1	109	110	111	112	113	114	-1	116	-1	-1	-1	120	-1	-1	123	-1	125	126	-1	-1	-1	130	131	132	133	134	-1	-1	137	-1	-1	-1	141	-1	-1	144	145	-1	-1	-1	149	150	151	-1	153	154	-1	-1	-1	158	159	-1	-1	162	-1	-1	165	166	167	-1	-1	170	-1	172	173	-1	-1	-1	177	-1	179	-1	-1
# Right
58	31	26	15	8	7	-1	-1	14	13	12	-1	-1	-1	-1	17	-1	19	-1	25	22	-1	24	-1	-1	-1	30	29	-1	-1	-1	43	38	35	-1	37	-1	-1	42	41	-1	-1	-1	47	46	-1	-1	57	54	51	-1	53	-1	-1	56	-1	-1	-1	106	63	62	-1	-1	75	74	73	72	69	-1	71	-1	-1	-1	-1	-1	85	78	-1	84	81	-1	83	-1	-1	-1	103	94	89	-1	93	92	-1	-1	-1	102	97	-1	99	-1	101	-1	-1	-1	105	-1	-1	108	-1	148	129	122	119	118	115	-1	117	-1	-1	-1	121	-1	-1	124	-1	128	127	-1	-1	-1	143	140	139	136	135	-1	-1	138	-1	-1	-1	142	-1	-1	147	146	-1	-1	-1	164	157	152	-1	156	155	-1	-1	-1	161	160	-1	-1	163	-1	-1	176	169	168	-1	-1	171	-1	175	174	-1	-1	-1	178	-1	180	-1	-1
# Threshold
4619.5	34.0	0.008977040182799101	0.6011300086975098	7.5	0.0065772749949246645	-2.0	-2.0	8.0	0.0022056850139051676	18032.0	-2.0	-2.0	-2.0	-2.0	1428.0	-2.0	8.0	-2.0	28.0	22273.5	-2.0	0.001075804466381669	-2.0	-2.0	-2.0	5.5	3.5	-2.0	-2.0	-2.0	0.5	0.0052201999351382256	7.148364782333374	-2.0	3684.5	-2.0	-2.0	25.5	5.3952250480651855	-2.0	-2.0	-2.0	980032.5	2848.0	-2.0	-2.0	72.0	44.0	2.0191649794578552	-2.0	51085.0	-2.0	-2.0	12.297920227050781	-2.0	-2.0	-2.0	58101.5	0.5	0.5	-2.0	-2.0	0.5	102.0	11262.0	12901.0	8.172585248947144	-2.0	7418.5	-2.0	-2.0	-2.0	-2.0	-2.0	2808.5	681602.0	-2.0	48.12660026550293	12.0	-2.0	17.0	-2.0	-2.0	-2.0	2.5	29023.0	5117.5	-2.0	7159.5	12.179200172424316	-2.0	-2.0	-2.0	0.0023076399811543524	30401.0	-2.0	489771.5	-2.0	45860.0	-2.0	-2.0	-2.0	24113.0	-2.0	-2.0	0.5	-2.0	3.5	1.5	15.415299415588379	3058.5	1970390.0	0.8440884947776794	-2.0	21.329500198364258	-2.0	-2.0	-2.0	7.599385207868181e-05	-2.0	-2.0	113.0	-2.0	243.84749603271484	407895.5	-2.0	-2.0	-2.0	1477.0	8.485220193862915	1.2366999726509675e-05	5113230.0	15.5	-2.0	-2.0	5.850740052437686e-07	-2.0	-2.0	-2.0	117226.5	-2.0	-2.0	9203.0	36.31545066833496	-2.0	-2.0	-2.0	144.5	10.5	13.615049839019775	-2.0	3497345.0	3.051604986190796	-2.0	-2.0	-2.0	47530750.0	11.08400011062622	-2.0	-2.0	59.695098876953125	-2.0	-2.0	155353.5	113030.5	127.86235427856445	-2.0	-2.0	3851315.0	-2.0	9764420.0	5016150.0	-2.0	-2.0	-2.0	65309.0	-2.0	553825.0	-2.0	-2.0
# Feature
8	8	4	7	8	4	-2	-2	9	4	1	-2	-2	-2	-2	1	-2	8	-2	9	2	-2	4	-2	-2	-2	8	8	-2	-2	-2	9	4	3	-2	1	-2	-2	5	3	-2	-2	-2	2	5	-2	-2	9	9	7	-2	0	-2	-2	7	-2	-2	-2	1	6	9	-2	-2	9	5	8	1	7	-2	1	-2	-2	-2	-2	-2	5	2	-2	3	9	-2	9	-2	-2	-2	6	8	5	-2	5	3	-2	-2	-2	4	1	-2	2	-2	0	-2	-2	-2	0	-2	-2	9	-2	6	6	3	5	8	7	-2	7	-2	-2	-2	4	-2	-2	5	-2	7	0	-2	-2	-2	5	3	4	8	5	-2	-2	4	-2	-2	-2	1	-2	-2	5	7	-2	-2	-2	5	9	3	-2	2	7	-2	-2	-2	2	3	-2	-2	3	-2	-2	1	1	3	-2	-2	2	-2	2	2	-2	-2	-2	8	-2	8	-2	-2
# Values
76.0	1063.0	80.0	70.0	45.0	345.0
2.0	783.0	80.0	9.0	0.0	134.0
1.0	83.0	80.0	0.0	0.0	0.0
0.0	28.0	77.0	0.0	0.0	0.0
0.0	10.0	63.0	0.0	0.0	0.0
0.0	1.0	43.0	0.0	0.0	0.0
0.0	0.0	39.0	0.0	0.0	0.0
0.0	1.0	4.0	0.0	0.0	0.0
0.0	9.0	20.0	0.0	0.0	0.0
0.0	9.0	11.0	0.0	0.0	0.0
0.0	4.0	11.0	0.0	0.0	0.0
0.0	0.0	10.0	0.0	0.0	0.0
0.0	4.0	1.0	0.0	0.0	0.0
0.0	5.0	0.0	0.0	0.0	0.0
0.0	0.0	9.0	0.0	0.0	0.0
0.0	18.0	14.0	0.0	0.0	0.0
0.0	7.0	0.0	0.0	0.0	0.0
0.0	11.0	14.0	0.0	0.0	0.0
0.0	0.0	7.0	0.0	0.0	0.0
0.0	11.0	7.0	0.0	0.0	0.0
0.0	11.0	4.0	0.0	0.0	0.0
0.0	6.0	0.0	0.0	0.0	0.0
0.0	5.0	4.0	0.0	0.0	0.0
0.0	1.0	3.0	0.0	0.0	0.0
0.0	4.0	1.0	0.0	0.0	0.0
0.0	0.0	3.0	0.0	0.0	0.0
1.0	55.0	3.0	0.0	0.0	0.0
1.0	2.0	3.0	0.0	0.0	0.0
1.0	0.0	2.0	0.0	0.0	0.0
0.0	2.0	1.0	0.0	0.0	0.0
0.0	53.0	0.0	0.0	0.0	0.0
1.0	700.0	0.0	9.0	0.0	134.0
0.0	6.0	0.0	0.0	0.0	120.0
0.0	5.0	0.0	0.0	0.0	25.0
0.0	0.0	0.0	0.0	0.0	22.0
0.0	5.0	0.0	0.0	0.0	3.0
0.0	4.0	0.0	0.0	0.0	0.0
0.0	1.0	0.0	0.0	0.0	3.0
0.0	1.0	0.0	0.0	0.0	95.0
0.0	1.0	0.0	0.0	0.0	23.0
0.0	0.0	0.0	0.0	0.0	19.0
0.0	1.0	0.0	0.0	0.0	4.0
0.0	0.0	0.0	0.0	0.0	72.0
1.0	694.0	0.0	9.0	0.0	14.0
1.0	677.0	0.0	0.0	0.0	0.0
0.0	675.0	0.0	0.0	0.0	0.0
1.0	2.0	0.0	0.0	0.0	0.0
0.0	17.0	0.0	9.0	0.0	14.0
0.0	5.0	0.0	9.0	0.0	14.0
0.0	3.0	0.0	8.0	0.0	2.0
0.0	1.0	0.0	0.0	0.0	2.0
0.0	2.0	0.0	8.0	0.0	0.0
0.0	2.0	0.0	1.0	0.0	0.0
0.0	0.0	0.0	7.0	0.0	0.0
0.0	2.0	0.0	1.0	0.0	12.0
0.0	0.0	0.0	0.0	0.0	11.0
0.0	2.0	0.0	1.0	0.0	1.0
0.0	12.0	0.0	0.0	0.0	0.0
74.0	280.0	0.0	61.0	45.0	211.0
29.0	191.0	0.0	0.0	9.0	88.0
0.0	5.0	0.0	0.0	0.0	31.0
0.0	0.0	0.0	0.0	0.0	31.0
0.0	5.0	0.0	0.0	0.0	0.0
29.0	186.0	0.0	0.0	9.0	57.0
0.0	6.0	0.0	0.0	0.0	50.0
0.0	6.0	0.0	0.0	0.0	27.0
0.0	6.0	0.0	0.0	0.0	11.0
0.0	6.0	0.0	0.0	0.0	7.0
0.0	1.0	0.0	0.0	0.0	3.0
0.0	5.0	0.0	0.0	0.0	4.0
0.0	2.0	0.0	0.0	0.0	2.0
0.0	3.0	0.0	0.0	0.0	2.0
0.0	0.0	0.0	0.0	0.0	4.0
0.0	0.0	0.0	0.0	0.0	16.0
0.0	0.0	0.0	0.0	0.0	23.0
29.0	180.0	0.0	0.0	9.0	7.0
0.0	166.0	0.0	0.0	0.0	7.0
0.0	111.0	0.0	0.0	0.0	0.0
0.0	55.0	0.0	0.0	0.0	7.0
0.0	6.0	0.0	0.0	0.0	7.0
0.0	5.0	0.0	0.0	0.0	0.0
0.0	1.0	0.0	0.0	0.0	7.0
0.0	1.0	0.0	0.0	0.0	2.0
0.0	0.0	0.0	0.0	0.0	5.0
0.0	49.0	0.0	0.0	0.0	0.0
29.0	14.0	0.0	0.0	9.0	0.0
29.0	8.0	0.0	0.0	8.0	0.0
19.0	2.0	0.0	0.0	2.0	0.0
1.0	2.0	0.0	0.0	0.0	0.0
18.0	0.0	0.0	0.0	2.0	0.0
7.0	0.0	0.0	0.0	2.0	0.0
5.0	0.0	0.0	0.0	0.0	0.0
2.0	0.0	0.0	0.0	2.0	0.0
11.0	0.0	0.0	0.0	0.0	0.0
10.0	6.0	0.0	0.0	6.0	0.0
10.0	3.0	0.0	0.0	6.0	0.0
1.0	0.0	0.0	0.0	3.0	0.0
9.0	3.0	0.0	0.0	3.0	0.0
2.0	3.0	0.0	0.0	0.0	0.0
7.0	0.0	0.0	0.0	3.0	0.0
5.0	0.0	0.0	0.0	1.0	0.0
2.0	0.0	0.0	0.0	2.0	0.0
0.0	3.0	0.0	0.0	0.0	0.0
0.0	6.0	0.0	0.0	1.0	0.0
0.0	2.0	0.0	0.0	1.0	0.0
0.0	4.0	0.0	0.0	0.0	0.0
45.0	89.0	0.0	61.0	36.0	123.0
0.0	0.0	0.0	0.0	0.0	98.0
45.0	89.0	0.0	61.0	36.0	25.0
44.0	60.0	0.0	7.0	13.0	16.0
32.0	29.0	0.0	4.0	13.0	6.0
32.0	28.0	0.0	0.0	1.0	5.0
2.0	28.0	0.0	0.0	0.0	5.0
0.0	28.0	0.0	0.0	0.0	4.0
0.0	2.0	0.0	0.0	0.0	3.0
0.0	26.0	0.0	0.0	0.0	1.0
0.0	24.0	0.0	0.0	0.0	0.0
0.0	2.0	0.0	0.0	0.0	1.0
2.0	0.0	0.0	0.0	0.0	1.0
30.0	0.0	0.0	0.0	1.0	0.0
27.0	0.0	0.0	0.0	0.0	0.0
3.0	0.0	0.0	0.0	1.0	0.0
0.0	1.0	0.0	4.0	12.0	1.0
0.0	0.0	0.0	4.0	0.0	0.0
0.0	1.0	0.0	0.0	12.0	1.0
0.0	0.0	0.0	0.0	10.0	1.0
0.0	0.0	0.0	0.0	2.0	1.0
0.0	0.0	0.0	0.0	8.0	0.0
0.0	1.0	0.0	0.0	2.0	0.0
12.0	31.0	0.0	3.0	0.0	10.0
1.0	29.0	0.0	3.0	0.0	10.0
1.0	28.0	0.0	0.0	0.0	7.0
1.0	13.0	0.0	0.0	0.0	7.0
0.0	3.0	0.0	0.0	0.0	7.0
0.0	3.0	0.0	0.0	0.0	2.0
0.0	0.0	0.0	0.0	0.0	5.0
1.0	10.0	0.0	0.0	0.0	0.0
0.0	7.0	0.0	0.0	0.0	0.0
1.0	3.0	0.0	0.0	0.0	0.0
0.0	15.0	0.0	0.0	0.0	0.0
0.0	1.0	0.0	3.0	0.0	3.0
0.0	0.0	0.0	1.0	0.0	2.0
0.0	1.0	0.0	2.0	0.0	1.0
11.0	2.0	0.0	0.0	0.0	0.0
4.0	2.0	0.0	0.0	0.0	0.0
3.0	0.0	0.0	0.0	0.0	0.0
1.0	2.0	0.0	0.0	0.0	0.0
7.0	0.0	0.0	0.0	0.0	0.0
1.0	29.0	0.0	54.0	23.0	9.0
0.0	7.0	0.0	54.0	3.0	2.0
0.0	7.0	0.0	14.0	0.0	1.0
0.0	3.0	0.0	0.0	0.0	1.0
0.0	4.0	0.0	14.0	0.0	0.0
0.0	4.0	0.0	5.0	0.0	0.0
0.0	0.0	0.0	5.0	0.0	0.0
0.0	4.0	0.0	0.0	0.0	0.0
0.0	0.0	0.0	9.0	0.0	0.0
0.0	0.0	0.0	40.0	3.0	1.0
0.0	0.0	0.0	36.0	0.0	1.0
0.0	0.0	0.0	2.0	0.0	1.0
0.0	0.0	0.0	34.0	0.0	0.0
0.0	0.0	0.0	4.0	3.0	0.0
0.0	0.0	0.0	0.0	3.0	0.0
0.0	0.0	0.0	4.0	0.0	0.0
1.0	22.0	0.0	0.0	20.0	7.0
0.0	21.0	0.0	0.0	4.0	5.0
0.0	12.0	0.0	0.0	1.0	0.0
0.0	10.0	0.0	0.0	0.0	0.0
0.0	2.0	0.0	0.0	1.0	0.0
0.0	9.0	0.0	0.0	3.0	5.0
0.0	0.0	0.0	0.0	2.0	3.0
0.0	9.0	0.0	0.0	1.0	2.0
0.0	7.0	0.0	0.0	0.0	2.0
0.0	5.0	0.0	0.0	0.0	0.0
0.0	2.0	0.0	0.0	0.0	2.0
0.0	2.0	0.0	0.0	1.0	0.0
1.0	1.0	0.0	0.0	16.0	2.0
0.0	1.0	0.0	0.0	2.0	2.0
1.0	0.0	0.0	0.0	14.0	0.0
0.0	0.0	0.0	0.0	11.0	0.0
1.0	0.0	0.0	0.0	3.0	0.0
