# Sizes (NFeatures, Nclasses, NodeCount, MaxDepth)
10	4	79	10
# Classes
0.0	1.0	2.0	3.0
# Feature Names
Nrows	Ncols	Nnnz	AvgNnnz	Density	MaxRowNnnz	MinRowNnnz	StdRowNnnz	NDiags	NTrueDiags
# Left
1	2	3	4	5	-1	7	8	-1	10	-1	-1	-1	14	-1	16	-1	-1	19	20	-1	22	-1	-1	-1	26	27	-1	29	30	31	-1	-1	-1	-1	36	-1	-1	39	40	-1	42	-1	-1	45	46	47	48	-1	50	51	-1	53	-1	-1	-1	57	58	-1	-1	61	-1	63	-1	65	-1	67	-1	-1	-1	71	72	-1	74	-1	76	-1	-1	-1
# Right
38	25	18	13	6	-1	12	9	-1	11	-1	-1	-1	15	-1	17	-1	-1	24	21	-1	23	-1	-1	-1	35	28	-1	34	33	32	-1	-1	-1	-1	37	-1	-1	44	41	-1	43	-1	-1	70	69	56	49	-1	55	52	-1	54	-1	-1	-1	60	59	-1	-1	62	-1	64	-1	66	-1	68	-1	-1	-1	78	73	-1	75	-1	77	-1	-1	-1
# Threshold
30288.0	17.5	3693.0	0.6423010230064392	0.9987500011920929	-2.0	5.6666648387908936	48.5	-2.0	7.5	-2.0	-2.0	-2.0	0.05402765050530434	-2.0	1.1340499520301819	-2.0	-2.0	5.5	0.0008935175064834766	-2.0	1480.5	-2.0	-2.0	-2.0	199.73300170898438	6.015455028318684e-06	-2.0	223.5	9.5	205.5	-2.0	-2.0	-2.0	-2.0	2.5	-2.0	-2.0	243.5	819395.0	-2.0	3.6952849626541138	-2.0	-2.0	33.092201232910156	32280.0	79829.0	29.175000190734863	-2.0	83699.5	281304.0	-2.0	555950.0	-2.0	-2.0	-2.0	6.070800065994263	20.884300231933594	-2.0	-2.0	7.180190086364746	-2.0	9.307739734649658	-2.0	3.5	-2.0	26.16129970550537	-2.0	-2.0	-2.0	469.3560028076172	71.85684967041016	-2.0	73.72135162353516	-2.0	1094240.0	-2.0	-2.0	-2.0
# Feature
8	8	2	7	3	-2	3	2	-2	8	-2	-2	-2	4	-2	7	-2	-2	8	4	-2	1	-2	-2	-2	7	4	-2	2	5	2	-2	-2	-2	-2	6	-2	-2	5	8	-2	7	-2	-2	3	5	8	7	-2	1	2	-2	2	-2	-2	-2	3	7	-2	-2	3	-2	3	-2	9	-2	3	-2	-2	-2	3	7	-2	3	-2	1	-2	-2	-2
# Values
110.0	1528.0	38.0	3.0
4.0	1210.0	38.0	3.0
0.0	85.0	35.0	0.0
0.0	19.0	29.0	0.0
0.0	6.0	24.0	0.0
0.0	2.0	0.0	0.0
0.0	4.0	24.0	0.0
0.0	3.0	24.0	0.0
0.0	2.0	3.0	0.0
0.0	1.0	21.0	0.0
0.0	0.0	19.0	0.0
0.0	1.0	2.0	0.0
0.0	1.0	0.0	0.0
0.0	13.0	5.0	0.0
0.0	10.0	0.0	0.0
0.0	3.0	5.0	0.0
0.0	3.0	1.0	0.0
0.0	0.0	4.0	0.0
0.0	66.0	6.0	0.0
0.0	5.0	6.0	0.0
0.0	0.0	5.0	0.0
0.0	5.0	1.0	0.0
0.0	3.0	1.0	0.0
0.0	2.0	0.0	0.0
0.0	61.0	0.0	0.0
4.0	1125.0	3.0	3.0
0.0	1121.0	3.0	3.0
0.0	1.0	0.0	3.0
0.0	1120.0	3.0	0.0
0.0	10.0	3.0	0.0
0.0	9.0	1.0	0.0
0.0	9.0	0.0	0.0
0.0	0.0	1.0	0.0
0.0	1.0	2.0	0.0
0.0	1110.0	0.0	0.0
4.0	4.0	0.0	0.0
0.0	4.0	0.0	0.0
4.0	0.0	0.0	0.0
106.0	318.0	0.0	0.0
2.0	199.0	0.0	0.0
0.0	158.0	0.0	0.0
2.0	41.0	0.0	0.0
0.0	38.0	0.0	0.0
2.0	3.0	0.0	0.0
104.0	119.0	0.0	0.0
95.0	57.0	0.0	0.0
58.0	57.0	0.0	0.0
21.0	42.0	0.0	0.0
0.0	24.0	0.0	0.0
21.0	18.0	0.0	0.0
21.0	7.0	0.0	0.0
0.0	6.0	0.0	0.0
21.0	1.0	0.0	0.0
20.0	0.0	0.0	0.0
1.0	1.0	0.0	0.0
0.0	11.0	0.0	0.0
37.0	15.0	0.0	0.0
1.0	8.0	0.0	0.0
0.0	8.0	0.0	0.0
1.0	0.0	0.0	0.0
36.0	7.0	0.0	0.0
14.0	0.0	0.0	0.0
22.0	7.0	0.0	0.0
2.0	4.0	0.0	0.0
20.0	3.0	0.0	0.0
16.0	0.0	0.0	0.0
4.0	3.0	0.0	0.0
0.0	3.0	0.0	0.0
4.0	0.0	0.0	0.0
37.0	0.0	0.0	0.0
9.0	62.0	0.0	0.0
4.0	62.0	0.0	0.0
0.0	47.0	0.0	0.0
4.0	15.0	0.0	0.0
3.0	0.0	0.0	0.0
1.0	15.0	0.0	0.0
0.0	14.0	0.0	0.0
1.0	1.0	0.0	0.0
5.0	0.0	0.0	0.0
