# Sizes (NFeatures, Nclasses, NodeCount, MaxDepth)
10	4	75	10
# Classes
0.0	1.0	2.0	3.0
# Feature Names
Nrows	Ncols	Nnnz	AvgNnnz	Density	MaxRowNnnz	MinRowNnnz	StdRowNnnz	NDiags	NTrueDiags
# Left
1	2	3	4	5	-1	7	8	-1	-1	-1	-1	13	14	15	-1	-1	18	19	-1	-1	-1	23	-1	25	-1	-1	28	29	30	-1	-1	33	-1	35	-1	37	-1	39	-1	-1	42	-1	-1	45	-1	47	48	49	50	51	52	53	54	-1	-1	57	-1	-1	-1	61	62	-1	-1	-1	-1	67	-1	-1	-1	71	72	-1	-1	-1
# Right
44	27	12	11	6	-1	10	9	-1	-1	-1	-1	22	17	16	-1	-1	21	20	-1	-1	-1	24	-1	26	-1	-1	41	32	31	-1	-1	34	-1	36	-1	38	-1	40	-1	-1	43	-1	-1	46	-1	70	69	66	65	60	59	56	55	-1	-1	58	-1	-1	-1	64	63	-1	-1	-1	-1	68	-1	-1	-1	74	73	-1	-1	-1
# Threshold
50372.0	39.5	435.0	5.5	0.5	-2.0	0.05487780086696148	0.014039840316399932	-2.0	-2.0	-2.0	-2.0	5.5	0.0012973145057912916	0.4550729990005493	-2.0	-2.0	0.019906899891793728	0.30739448964595795	-2.0	-2.0	-2.0	8.440549850463867	-2.0	8.741204738616943	-2.0	-2.0	234.22150421142578	6.015455028318684e-06	9.0	-2.0	-2.0	3005.5	-2.0	3183.0	-2.0	12.279800415039062	-2.0	14.23995065689087	-2.0	-2.0	3332895.0	-2.0	-2.0	7.168859958648682	-2.0	116.22199630737305	7.0	1291760.0	21738.5	3.5	27.14365005493164	88829.0	67823.0	-2.0	-2.0	400018.5	-2.0	-2.0	-2.0	84.98149871826172	2.420210057607619e-05	-2.0	-2.0	-2.0	-2.0	6921840.0	-2.0	-2.0	-2.0	0.5	2.3376370563710225e-05	-2.0	-2.0	-2.0
# Feature
8	8	2	6	6	-2	4	4	-2	-2	-2	-2	8	4	7	-2	-2	4	7	-2	-2	-2	3	-2	3	-2	-2	7	4	5	-2	-2	5	-2	5	-2	3	-2	3	-2	-2	2	-2	-2	7	-2	7	6	0	5	9	7	8	8	-2	-2	8	-2	-2	-2	7	4	-2	-2	-2	-2	0	-2	-2	-2	6	4	-2	-2	-2
# Values
105.0	1536.0	35.0	3.0
10.0	1358.0	35.0	3.0
0.0	140.0	35.0	0.0
0.0	13.0	20.0	0.0
0.0	9.0	20.0	0.0
0.0	6.0	1.0	0.0
0.0	3.0	19.0	0.0
0.0	3.0	6.0	0.0
0.0	0.0	6.0	0.0
0.0	3.0	0.0	0.0
0.0	0.0	13.0	0.0
0.0	4.0	0.0	0.0
0.0	127.0	15.0	0.0
0.0	14.0	14.0	0.0
0.0	2.0	12.0	0.0
0.0	0.0	12.0	0.0
0.0	2.0	0.0	0.0
0.0	12.0	2.0	0.0
0.0	12.0	1.0	0.0
0.0	5.0	0.0	0.0
0.0	7.0	1.0	0.0
0.0	0.0	1.0	0.0
0.0	113.0	1.0	0.0
0.0	84.0	0.0	0.0
0.0	29.0	1.0	0.0
0.0	0.0	1.0	0.0
0.0	29.0	0.0	0.0
10.0	1218.0	0.0	3.0
3.0	1212.0	0.0	3.0
0.0	4.0	0.0	3.0
0.0	0.0	0.0	3.0
0.0	4.0	0.0	0.0
3.0	1208.0	0.0	0.0
0.0	1161.0	0.0	0.0
3.0	47.0	0.0	0.0
2.0	0.0	0.0	0.0
1.0	47.0	0.0	0.0
0.0	39.0	0.0	0.0
1.0	8.0	0.0	0.0
1.0	0.0	0.0	0.0
0.0	8.0	0.0	0.0
7.0	6.0	0.0	0.0
7.0	0.0	0.0	0.0
0.0	6.0	0.0	0.0
95.0	178.0	0.0	0.0
0.0	110.0	0.0	0.0
95.0	68.0	0.0	0.0
46.0	65.0	0.0	0.0
46.0	32.0	0.0	0.0
24.0	31.0	0.0	0.0
24.0	20.0	0.0	0.0
22.0	7.0	0.0	0.0
11.0	7.0	0.0	0.0
1.0	5.0	0.0	0.0
1.0	1.0	0.0	0.0
0.0	4.0	0.0	0.0
10.0	2.0	0.0	0.0
10.0	0.0	0.0	0.0
0.0	2.0	0.0	0.0
11.0	0.0	0.0	0.0
2.0	13.0	0.0	0.0
1.0	13.0	0.0	0.0
1.0	0.0	0.0	0.0
0.0	13.0	0.0	0.0
1.0	0.0	0.0	0.0
0.0	11.0	0.0	0.0
22.0	1.0	0.0	0.0
22.0	0.0	0.0	0.0
0.0	1.0	0.0	0.0
0.0	33.0	0.0	0.0
49.0	3.0	0.0	0.0
5.0	3.0	0.0	0.0
5.0	0.0	0.0	0.0
0.0	3.0	0.0	0.0
44.0	0.0	0.0	0.0
