# Sizes (NFeatures, Nclasses, NodeCount, MaxDepth)
10	4	79	10
# Classes
0.0	1.0	2.0	3.0
# Feature Names
Nrows	Ncols	Nnnz	AvgNnnz	Density	MaxRowNnnz	MinRowNnnz	StdRowNnnz	NDiags	NTrueDiags
# Left
1	2	3	4	-1	6	-1	8	-1	-1	11	12	13	-1	-1	-1	17	18	19	-1	21	-1	-1	-1	25	26	-1	-1	-1	30	-1	32	-1	34	35	-1	-1	38	-1	40	-1	42	-1	-1	45	46	-1	-1	49	50	51	52	53	-1	-1	56	57	58	59	-1	-1	-1	-1	64	65	66	-1	-1	69	-1	-1	-1	-1	-1	75	-1	77	-1	-1
# Right
44	29	10	5	-1	7	-1	9	-1	-1	16	15	14	-1	-1	-1	24	23	20	-1	22	-1	-1	-1	28	27	-1	-1	-1	31	-1	33	-1	37	36	-1	-1	39	-1	41	-1	43	-1	-1	48	47	-1	-1	74	73	72	55	54	-1	-1	63	62	61	60	-1	-1	-1	-1	71	68	67	-1	-1	70	-1	-1	-1	-1	-1	76	-1	78	-1	-1
# Threshold
335.5	56.5	1.5	0.9987500011920929	-2.0	49.0	-2.0	27.5	-2.0	-2.0	42.5	30.5	12.0	-2.0	-2.0	-2.0	5.5	102802.0	4.5	-2.0	4.802149772644043	-2.0	-2.0	-2.0	208.0	198.5	-2.0	-2.0	-2.0	2516080.0	-2.0	2627260.0	-2.0	5.5	3.9902701377868652	-2.0	-2.0	686168.0	-2.0	0.5	-2.0	937902.5	-2.0	-2.0	360234.5	80112.5	-2.0	-2.0	5.5	41005.0	2073140.0	6.093780040740967	4.696390151977539	-2.0	-2.0	1.5	0.00041837601020233706	22.817049980163574	98907.0	-2.0	-2.0	-2.0	-2.0	217.71200561523438	0.00029797598836012185	3167.0	-2.0	-2.0	0.00035606749588623643	-2.0	-2.0	-2.0	-2.0	-2.0	178.3134994506836	-2.0	10.5	-2.0	-2.0
# Feature
5	8	9	3	-2	2	-2	1	-2	-2	1	0	1	-2	-2	-2	8	2	5	-2	3	-2	-2	-2	1	0	-2	-2	-2	2	-2	2	-2	5	3	-2	-2	8	-2	6	-2	8	-2	-2	2	1	-2	-2	6	5	8	3	3	-2	-2	9	4	7	8	-2	-2	-2	-2	7	4	5	-2	-2	4	-2	-2	-2	-2	-2	7	-2	6	-2	-2
# Values
110.0	1536.0	31.0	2.0
5.0	1228.0	31.0	2.0
0.0	143.0	31.0	0.0
0.0	4.0	16.0	0.0
0.0	2.0	0.0	0.0
0.0	2.0	16.0	0.0
0.0	1.0	0.0	0.0
0.0	1.0	16.0	0.0
0.0	1.0	0.0	0.0
0.0	0.0	16.0	0.0
0.0	139.0	15.0	0.0
0.0	12.0	7.0	0.0
0.0	12.0	2.0	0.0
0.0	2.0	2.0	0.0
0.0	10.0	0.0	0.0
0.0	0.0	5.0	0.0
0.0	127.0	8.0	0.0
0.0	12.0	6.0	0.0
0.0	12.0	3.0	0.0
0.0	7.0	0.0	0.0
0.0	5.0	3.0	0.0
0.0	0.0	1.0	0.0
0.0	5.0	2.0	0.0
0.0	0.0	3.0	0.0
0.0	115.0	2.0	0.0
0.0	26.0	2.0	0.0
0.0	26.0	0.0	0.0
0.0	0.0	2.0	0.0
0.0	89.0	0.0	0.0
5.0	1085.0	0.0	2.0
0.0	962.0	0.0	0.0
5.0	123.0	0.0	2.0
2.0	0.0	0.0	0.0
3.0	123.0	0.0	2.0
0.0	11.0	0.0	2.0
0.0	11.0	0.0	0.0
0.0	0.0	0.0	2.0
3.0	112.0	0.0	0.0
0.0	85.0	0.0	0.0
3.0	27.0	0.0	0.0
2.0	0.0	0.0	0.0
1.0	27.0	0.0	0.0
1.0	0.0	0.0	0.0
0.0	27.0	0.0	0.0
105.0	308.0	0.0	0.0
1.0	206.0	0.0	0.0
0.0	206.0	0.0	0.0
1.0	0.0	0.0	0.0
104.0	102.0	0.0	0.0
97.0	44.0	0.0	0.0
73.0	44.0	0.0	0.0
59.0	44.0	0.0	0.0
2.0	14.0	0.0	0.0
2.0	0.0	0.0	0.0
0.0	14.0	0.0	0.0
57.0	30.0	0.0	0.0
12.0	17.0	0.0	0.0
12.0	6.0	0.0	0.0
4.0	6.0	0.0	0.0
0.0	4.0	0.0	0.0
4.0	2.0	0.0	0.0
8.0	0.0	0.0	0.0
0.0	11.0	0.0	0.0
45.0	13.0	0.0	0.0
28.0	13.0	0.0	0.0
25.0	6.0	0.0	0.0
15.0	0.0	0.0	0.0
10.0	6.0	0.0	0.0
3.0	7.0	0.0	0.0
0.0	6.0	0.0	0.0
3.0	1.0	0.0	0.0
17.0	0.0	0.0	0.0
14.0	0.0	0.0	0.0
24.0	0.0	0.0	0.0
7.0	58.0	0.0	0.0
0.0	56.0	0.0	0.0
7.0	2.0	0.0	0.0
0.0	2.0	0.0	0.0
7.0	0.0	0.0	0.0
