# Sizes (NFeatures, Nclasses, NodeCount, MaxDepth)
10	4	85	10
# Classes
0.0	1.0	2.0	3.0
# Feature Names
Nrows	Ncols	Nnnz	AvgNnnz	Density	MaxRowNnnz	MinRowNnnz	StdRowNnnz	NDiags	NTrueDiags
# Left
1	2	3	4	5	-1	-1	8	9	10	11	-1	-1	-1	-1	-1	17	18	19	-1	21	22	-1	-1	-1	26	27	-1	-1	-1	31	-1	33	34	-1	-1	-1	38	-1	40	-1	42	-1	44	-1	46	-1	-1	49	-1	51	52	53	54	55	56	57	58	-1	-1	61	-1	-1	-1	-1	66	67	-1	69	70	-1	-1	-1	74	-1	-1	-1	78	-1	-1	81	-1	83	-1	-1
# Right
48	37	16	7	6	-1	-1	15	14	13	12	-1	-1	-1	-1	-1	30	25	20	-1	24	23	-1	-1	-1	29	28	-1	-1	-1	32	-1	36	35	-1	-1	-1	39	-1	41	-1	43	-1	45	-1	47	-1	-1	50	-1	80	77	76	65	64	63	60	59	-1	-1	62	-1	-1	-1	-1	73	68	-1	72	71	-1	-1	-1	75	-1	-1	-1	79	-1	-1	82	-1	84	-1	-1
# Threshold
243.5	56.5	250.0	0.5	0.5	-2.0	-2.0	150.0	142.5	48.5	12.0	-2.0	-2.0	-2.0	-2.0	-2.0	5.5	2.0	0.7988654971122742	-2.0	3348.0	0.0004196859954390675	-2.0	-2.0	-2.0	0.02046849951148033	0.30739448964595795	-2.0	-2.0	-2.0	0.00951047008857131	-2.0	18.0	1.240964949131012	-2.0	-2.0	-2.0	916028.0	-2.0	980406.0	-2.0	4.893615007400513	-2.0	10.991705417633057	-2.0	4.5	-2.0	-2.0	301840.0	-2.0	6.0	310327.0	50445.5	1.5	407.1280059814453	24385.5	4227.5	10.382699966430664	-2.0	-2.0	65.65749931335449	-2.0	-2.0	-2.0	-2.0	4.0	366370.5	-2.0	35.4245491027832	3703.0	-2.0	-2.0	-2.0	566.9320068359375	-2.0	-2.0	-2.0	8630295.0	-2.0	-2.0	173.59400177001953	-2.0	107230.5	-2.0	-2.0
# Feature
5	8	2	6	9	-2	-2	2	2	2	8	-2	-2	-2	-2	-2	8	6	3	-2	1	4	-2	-2	-2	4	7	-2	-2	-2	4	-2	8	7	-2	-2	-2	0	-2	0	-2	7	-2	3	-2	6	-2	-2	2	-2	6	8	5	6	7	5	5	3	-2	-2	3	-2	-2	-2	-2	9	2	-2	7	5	-2	-2	-2	7	-2	-2	-2	1	-2	-2	7	-2	1	-2	-2
# Values
108.0	1523.0	46.0	2.0
3.0	1178.0	46.0	2.0
0.0	164.0	46.0	0.0
0.0	15.0	24.0	0.0
0.0	11.0	2.0	0.0
0.0	1.0	2.0	0.0
0.0	10.0	0.0	0.0
0.0	4.0	22.0	0.0
0.0	4.0	11.0	0.0
0.0	2.0	11.0	0.0
0.0	2.0	3.0	0.0
0.0	2.0	1.0	0.0
0.0	0.0	2.0	0.0
0.0	0.0	8.0	0.0
0.0	2.0	0.0	0.0
0.0	0.0	11.0	0.0
0.0	149.0	22.0	0.0
0.0	19.0	18.0	0.0
0.0	3.0	16.0	0.0
0.0	1.0	0.0	0.0
0.0	2.0	16.0	0.0
0.0	2.0	6.0	0.0
0.0	2.0	0.0	0.0
0.0	0.0	6.0	0.0
0.0	0.0	10.0	0.0
0.0	16.0	2.0	0.0
0.0	16.0	1.0	0.0
0.0	10.0	0.0	0.0
0.0	6.0	1.0	0.0
0.0	0.0	1.0	0.0
0.0	130.0	4.0	0.0
0.0	92.0	0.0	0.0
0.0	38.0	4.0	0.0
0.0	5.0	4.0	0.0
0.0	1.0	4.0	0.0
0.0	4.0	0.0	0.0
0.0	33.0	0.0	0.0
3.0	1014.0	0.0	2.0
0.0	955.0	0.0	0.0
3.0	59.0	0.0	2.0
0.0	0.0	0.0	2.0
3.0	59.0	0.0	0.0
0.0	51.0	0.0	0.0
3.0	8.0	0.0	0.0
2.0	0.0	0.0	0.0
1.0	8.0	0.0	0.0
1.0	2.0	0.0	0.0
0.0	6.0	0.0	0.0
105.0	345.0	0.0	0.0
0.0	218.0	0.0	0.0
105.0	127.0	0.0	0.0
97.0	56.0	0.0	0.0
62.0	55.0	0.0	0.0
51.0	55.0	0.0	0.0
22.0	42.0	0.0	0.0
19.0	42.0	0.0	0.0
19.0	32.0	0.0	0.0
12.0	31.0	0.0	0.0
11.0	9.0	0.0	0.0
1.0	22.0	0.0	0.0
7.0	1.0	0.0	0.0
7.0	0.0	0.0	0.0
0.0	1.0	0.0	0.0
0.0	10.0	0.0	0.0
3.0	0.0	0.0	0.0
29.0	13.0	0.0	0.0
27.0	4.0	0.0	0.0
0.0	2.0	0.0	0.0
27.0	2.0	0.0	0.0
8.0	2.0	0.0	0.0
7.0	0.0	0.0	0.0
1.0	2.0	0.0	0.0
19.0	0.0	0.0	0.0
2.0	9.0	0.0	0.0
0.0	9.0	0.0	0.0
2.0	0.0	0.0	0.0
11.0	0.0	0.0	0.0
35.0	1.0	0.0	0.0
34.0	0.0	0.0	0.0
1.0	1.0	0.0	0.0
8.0	71.0	0.0	0.0
0.0	70.0	0.0	0.0
8.0	1.0	0.0	0.0
8.0	0.0	0.0	0.0
0.0	1.0	0.0	0.0
