# Sizes (NFeatures, Nclasses, NodeCount, MaxDepth)
10	4	93	10
# Classes
0.0	1.0	2.0	3.0
# Feature Names
Nrows	Ncols	Nnnz	AvgNnnz	Density	MaxRowNnnz	MinRowNnnz	StdRowNnnz	NDiags	NTrueDiags
# Left
1	2	3	4	-1	6	-1	-1	9	10	11	-1	-1	14	-1	16	-1	-1	19	20	21	-1	-1	-1	25	-1	27	-1	29	30	-1	-1	-1	34	35	36	-1	-1	-1	40	41	-1	43	-1	45	-1	-1	48	49	-1	-1	-1	53	54	-1	-1	57	58	59	60	-1	-1	63	64	-1	-1	67	68	-1	70	71	-1	-1	-1	75	-1	-1	78	-1	80	81	-1	-1	-1	85	-1	87	88	89	-1	-1	-1	-1
# Right
52	33	8	5	-1	7	-1	-1	18	13	12	-1	-1	15	-1	17	-1	-1	24	23	22	-1	-1	-1	26	-1	28	-1	32	31	-1	-1	-1	39	38	37	-1	-1	-1	47	42	-1	44	-1	46	-1	-1	51	50	-1	-1	-1	56	55	-1	-1	84	77	62	61	-1	-1	66	65	-1	-1	74	69	-1	73	72	-1	-1	-1	76	-1	-1	79	-1	83	82	-1	-1	-1	86	-1	92	91	90	-1	-1	-1	-1
# Threshold
668.5	57.0	3.5	0.5	-2.0	2528.0	-2.0	-2.0	43.0	6.481984853744507	3.0770199298858643	-2.0	-2.0	83.0	-2.0	14.5	-2.0	-2.0	5.5	0.38360999524593353	0.30739448964595795	-2.0	-2.0	-2.0	8.578619956970215	-2.0	8.741204738616943	-2.0	199.5	0.08160769939422607	-2.0	-2.0	-2.0	52345.0	7.531764822488185e-06	11.5	-2.0	-2.0	-2.0	14.334650039672852	819395.0	-2.0	3.6952849626541138	-2.0	4.768295049667358	-2.0	-2.0	30.25800132751465	516.0	-2.0	-2.0	-2.0	364095.0	61793.0	-2.0	-2.0	9416.0	3.5	0.5	7604490.0	-2.0	-2.0	8.67454481124878	1.5	-2.0	-2.0	48604.0	1.5	-2.0	44208.0	0.0378555990755558	-2.0	-2.0	-2.0	3545.0	-2.0	-2.0	98.57685089111328	-2.0	75.0	63.88290023803711	-2.0	-2.0	-2.0	3.5731700336327776e-05	-2.0	8.892570258467458e-05	6.412745096895378e-05	0.5	-2.0	-2.0	-2.0	-2.0
# Feature
5	8	5	6	-2	0	-2	-2	0	3	3	-2	-2	2	-2	8	-2	-2	8	7	7	-2	-2	-2	3	-2	3	-2	0	4	-2	-2	-2	8	4	5	-2	-2	-2	7	8	-2	7	-2	3	-2	-2	3	5	-2	-2	-2	2	8	-2	-2	5	9	6	1	-2	-2	3	6	-2	-2	8	6	-2	8	4	-2	-2	-2	5	-2	-2	7	-2	9	3	-2	-2	-2	4	-2	4	4	6	-2	-2	-2	-2
# Values
115.0	1520.0	42.0	2.0
10.0	1286.0	42.0	2.0
0.0	151.0	42.0	0.0
0.0	3.0	19.0	0.0
0.0	2.0	0.0	0.0
0.0	1.0	19.0	0.0
0.0	0.0	14.0	0.0
0.0	1.0	5.0	0.0
0.0	148.0	23.0	0.0
0.0	8.0	16.0	0.0
0.0	1.0	11.0	0.0
0.0	1.0	0.0	0.0
0.0	0.0	11.0	0.0
0.0	7.0	5.0	0.0
0.0	0.0	3.0	0.0
0.0	7.0	2.0	0.0
0.0	2.0	2.0	0.0
0.0	5.0	0.0	0.0
0.0	140.0	7.0	0.0
0.0	16.0	4.0	0.0
0.0	16.0	1.0	0.0
0.0	8.0	0.0	0.0
0.0	8.0	1.0	0.0
0.0	0.0	3.0	0.0
0.0	124.0	3.0	0.0
0.0	94.0	0.0	0.0
0.0	30.0	3.0	0.0
0.0	0.0	2.0	0.0
0.0	30.0	1.0	0.0
0.0	7.0	1.0	0.0
0.0	0.0	1.0	0.0
0.0	7.0	0.0	0.0
0.0	23.0	0.0	0.0
10.0	1135.0	0.0	2.0
0.0	967.0	0.0	2.0
0.0	6.0	0.0	2.0
0.0	0.0	0.0	2.0
0.0	6.0	0.0	0.0
0.0	961.0	0.0	0.0
10.0	168.0	0.0	0.0
2.0	148.0	0.0	0.0
0.0	118.0	0.0	0.0
2.0	30.0	0.0	0.0
0.0	27.0	0.0	0.0
2.0	3.0	0.0	0.0
1.0	0.0	0.0	0.0
1.0	3.0	0.0	0.0
8.0	20.0	0.0	0.0
8.0	1.0	0.0	0.0
8.0	0.0	0.0	0.0
0.0	1.0	0.0	0.0
0.0	19.0	0.0	0.0
105.0	234.0	0.0	0.0
1.0	157.0	0.0	0.0
0.0	157.0	0.0	0.0
1.0	0.0	0.0	0.0
104.0	77.0	0.0	0.0
48.0	66.0	0.0	0.0
42.0	30.0	0.0	0.0
12.0	1.0	0.0	0.0
12.0	0.0	0.0	0.0
0.0	1.0	0.0	0.0
30.0	29.0	0.0	0.0
1.0	12.0	0.0	0.0
0.0	12.0	0.0	0.0
1.0	0.0	0.0	0.0
29.0	17.0	0.0	0.0
12.0	15.0	0.0	0.0
0.0	7.0	0.0	0.0
12.0	8.0	0.0	0.0
12.0	2.0	0.0	0.0
12.0	1.0	0.0	0.0
0.0	1.0	0.0	0.0
0.0	6.0	0.0	0.0
17.0	2.0	0.0	0.0
14.0	0.0	0.0	0.0
3.0	2.0	0.0	0.0
6.0	36.0	0.0	0.0
0.0	29.0	0.0	0.0
6.0	7.0	0.0	0.0
6.0	2.0	0.0	0.0
0.0	2.0	0.0	0.0
6.0	0.0	0.0	0.0
0.0	5.0	0.0	0.0
56.0	11.0	0.0	0.0
26.0	0.0	0.0	0.0
30.0	11.0	0.0	0.0
8.0	11.0	0.0	0.0
8.0	4.0	0.0	0.0
0.0	3.0	0.0	0.0
8.0	1.0	0.0	0.0
0.0	7.0	0.0	0.0
22.0	0.0	0.0	0.0
