# Sizes (NFeatures, Nclasses, NodeCount, MaxDepth)
10	4	87	10
# Classes
0.0	1.0	2.0	3.0
# Feature Names
Nrows	Ncols	Nnnz	AvgNnnz	Density	MaxRowNnnz	MinRowNnnz	StdRowNnnz	NDiags	NTrueDiags
# Left
1	2	3	4	5	-1	7	-1	9	10	-1	-1	-1	14	-1	16	17	-1	-1	-1	21	22	-1	-1	25	26	-1	28	-1	-1	-1	32	33	-1	-1	-1	37	38	39	-1	41	-1	-1	44	45	46	47	-1	49	-1	-1	52	53	-1	-1	56	-1	58	-1	-1	61	-1	63	64	65	-1	67	-1	-1	70	-1	-1	-1	74	-1	76	-1	-1	79	80	-1	-1	83	84	-1	-1	-1
# Right
36	31	20	13	6	-1	8	-1	12	11	-1	-1	-1	15	-1	19	18	-1	-1	-1	24	23	-1	-1	30	27	-1	29	-1	-1	-1	35	34	-1	-1	-1	78	43	40	-1	42	-1	-1	73	60	51	48	-1	50	-1	-1	55	54	-1	-1	57	-1	59	-1	-1	62	-1	72	69	66	-1	68	-1	-1	71	-1	-1	-1	75	-1	77	-1	-1	82	81	-1	-1	86	85	-1	-1	-1
# Threshold
15026.5	53.0	1164.5	19.5	4.0	-2.0	4.1718199253082275	-2.0	5.5	1092.5	-2.0	-2.0	-2.0	0.5	-2.0	3.5	1.2847300171852112	-2.0	-2.0	-2.0	2.0	3367.0	-2.0	-2.0	0.07239935174584389	0.00954861519858241	-2.0	0.010018494911491871	-2.0	-2.0	-2.0	217.71200561523438	5.996570052957395e-06	-2.0	-2.0	-2.0	9416.0	223.5	752717.0	-2.0	3.6952849626541138	-2.0	-2.0	10.0	51849.0	35.73139953613281	31.358449935913086	-2.0	0.000308283997583203	-2.0	-2.0	1.5	0.0012195694725960493	-2.0	-2.0	363623.5	-2.0	631.5	-2.0	-2.0	340.5	-2.0	33.38385009765625	32.37950038909912	67433.0	-2.0	100682.0	-2.0	-2.0	57.53089904785156	-2.0	-2.0	-2.0	97.90909957885742	-2.0	60140.0	-2.0	-2.0	679500.0	1.0	-2.0	-2.0	41005.0	28839.0	-2.0	-2.0	-2.0
# Feature
8	8	2	8	9	-2	3	-2	6	2	-2	-2	-2	9	-2	9	7	-2	-2	-2	5	0	-2	-2	4	4	-2	4	-2	-2	-2	7	4	-2	-2	-2	5	5	8	-2	7	-2	-2	9	8	7	7	-2	4	-2	-2	6	4	-2	-2	2	-2	5	-2	-2	5	-2	3	7	0	-2	1	-2	-2	7	-2	-2	-2	7	-2	8	-2	-2	2	9	-2	-2	5	5	-2	-2	-2
# Values
101.0	1541.0	36.0	1.0
1.0	1171.0	36.0	1.0
0.0	163.0	36.0	0.0
0.0	22.0	26.0	0.0
0.0	6.0	20.0	0.0
0.0	0.0	10.0	0.0
0.0	6.0	10.0	0.0
0.0	3.0	0.0	0.0
0.0	3.0	10.0	0.0
0.0	1.0	10.0	0.0
0.0	0.0	7.0	0.0
0.0	1.0	3.0	0.0
0.0	2.0	0.0	0.0
0.0	16.0	6.0	0.0
0.0	0.0	4.0	0.0
0.0	16.0	2.0	0.0
0.0	5.0	2.0	0.0
0.0	0.0	2.0	0.0
0.0	5.0	0.0	0.0
0.0	11.0	0.0	0.0
0.0	141.0	10.0	0.0
0.0	1.0	6.0	0.0
0.0	1.0	0.0	0.0
0.0	0.0	6.0	0.0
0.0	140.0	4.0	0.0
0.0	134.0	1.0	0.0
0.0	105.0	0.0	0.0
0.0	29.0	1.0	0.0
0.0	0.0	1.0	0.0
0.0	29.0	0.0	0.0
0.0	6.0	3.0	0.0
1.0	1008.0	0.0	1.0
0.0	1008.0	0.0	1.0
0.0	2.0	0.0	1.0
0.0	1006.0	0.0	0.0
1.0	0.0	0.0	0.0
100.0	370.0	0.0	0.0
48.0	359.0	0.0	0.0
2.0	215.0	0.0	0.0
0.0	185.0	0.0	0.0
2.0	30.0	0.0	0.0
0.0	26.0	0.0	0.0
2.0	4.0	0.0	0.0
46.0	144.0	0.0	0.0
42.0	82.0	0.0	0.0
13.0	60.0	0.0	0.0
1.0	48.0	0.0	0.0
0.0	37.0	0.0	0.0
1.0	11.0	0.0	0.0
1.0	0.0	0.0	0.0
0.0	11.0	0.0	0.0
12.0	12.0	0.0	0.0
1.0	9.0	0.0	0.0
1.0	0.0	0.0	0.0
0.0	9.0	0.0	0.0
11.0	3.0	0.0	0.0
0.0	2.0	0.0	0.0
11.0	1.0	0.0	0.0
0.0	1.0	0.0	0.0
11.0	0.0	0.0	0.0
29.0	22.0	0.0	0.0
8.0	0.0	0.0	0.0
21.0	22.0	0.0	0.0
21.0	17.0	0.0	0.0
11.0	16.0	0.0	0.0
0.0	7.0	0.0	0.0
11.0	9.0	0.0	0.0
7.0	0.0	0.0	0.0
4.0	9.0	0.0	0.0
10.0	1.0	0.0	0.0
10.0	0.0	0.0	0.0
0.0	1.0	0.0	0.0
0.0	5.0	0.0	0.0
4.0	62.0	0.0	0.0
0.0	49.0	0.0	0.0
4.0	13.0	0.0	0.0
0.0	12.0	0.0	0.0
4.0	1.0	0.0	0.0
52.0	11.0	0.0	0.0
2.0	9.0	0.0	0.0
2.0	0.0	0.0	0.0
0.0	9.0	0.0	0.0
50.0	2.0	0.0	0.0
18.0	2.0	0.0	0.0
15.0	0.0	0.0	0.0
3.0	2.0	0.0	0.0
32.0	0.0	0.0	0.0
