# Sizes (NFeatures, Nclasses, NodeCount, MaxDepth)
10	4	89	10
# Classes
0.0	1.0	2.0	3.0
# Feature Names
Nrows	Ncols	Nnnz	AvgNnnz	Density	MaxRowNnnz	MinRowNnnz	StdRowNnnz	NDiags	NTrueDiags
# Left
1	2	3	4	-1	6	7	8	9	10	-1	-1	-1	-1	-1	-1	17	18	19	-1	21	-1	-1	24	25	-1	-1	-1	29	-1	31	-1	33	34	-1	-1	-1	38	39	-1	-1	42	-1	44	45	-1	47	48	49	50	-1	-1	-1	-1	55	-1	-1	-1	59	60	61	-1	63	64	65	-1	-1	-1	69	70	-1	-1	73	-1	75	-1	-1	78	-1	80	-1	-1	83	84	-1	-1	87	-1	-1
# Right
58	37	16	5	-1	15	14	13	12	11	-1	-1	-1	-1	-1	-1	28	23	20	-1	22	-1	-1	27	26	-1	-1	-1	30	-1	32	-1	36	35	-1	-1	-1	41	40	-1	-1	43	-1	57	46	-1	54	53	52	51	-1	-1	-1	-1	56	-1	-1	-1	82	77	62	-1	68	67	66	-1	-1	-1	72	71	-1	-1	74	-1	76	-1	-1	79	-1	81	-1	-1	86	85	-1	-1	88	-1	-1
# Threshold
1359.0	56.5	250.0	43.5	-2.0	57.5	43.0	24.0	18.5	1.2918099761009216	-2.0	-2.0	-2.0	-2.0	-2.0	-2.0	5.5	2.0	0.5	-2.0	0.00029991100018378347	-2.0	-2.0	0.4140850007534027	21681.0	-2.0	-2.0	-2.0	8.578619956970215	-2.0	8.741819858551025	-2.0	249.5	174.5	-2.0	-2.0	-2.0	68566.0	5.996570052957395e-06	-2.0	-2.0	5.221999883651733	-2.0	5.5	575402.0	-2.0	620.5	31.872050285339355	2.420210057607619e-05	492763.0	-2.0	-2.0	-2.0	-2.0	57.53089904785156	-2.0	-2.0	-2.0	10936.5	4.5	176745.0	-2.0	28.38290023803711	8.74348497390747	495498.5	-2.0	-2.0	-2.0	0.0002942349965451285	6.539165019989014	-2.0	-2.0	1828.5	-2.0	0.00039028149330988526	-2.0	-2.0	259.4145050048828	-2.0	3006.0	-2.0	-2.0	0.5	2.881800082832342e-05	-2.0	-2.0	286522.0	-2.0	-2.0
# Feature
5	8	2	2	-2	0	1	0	0	7	-2	-2	-2	-2	-2	-2	8	6	6	-2	4	-2	-2	7	0	-2	-2	-2	3	-2	3	-2	0	0	-2	-2	-2	8	4	-2	-2	7	-2	6	2	-2	5	3	4	8	-2	-2	-2	-2	7	-2	-2	-2	5	9	2	-2	7	3	2	-2	-2	-2	4	3	-2	-2	5	-2	4	-2	-2	7	-2	5	-2	-2	6	4	-2	-2	2	-2	-2
# Values
101.0	1530.0	47.0	1.0
21.0	1416.0	47.0	1.0
0.0	173.0	47.0	0.0
0.0	15.0	31.0	0.0
0.0	0.0	12.0	0.0
0.0	15.0	19.0	0.0
0.0	15.0	12.0	0.0
0.0	9.0	12.0	0.0
0.0	9.0	4.0	0.0
0.0	3.0	4.0	0.0
0.0	3.0	1.0	0.0
0.0	0.0	3.0	0.0
0.0	6.0	0.0	0.0
0.0	0.0	8.0	0.0
0.0	6.0	0.0	0.0
0.0	0.0	7.0	0.0
0.0	158.0	16.0	0.0
0.0	18.0	13.0	0.0
0.0	2.0	10.0	0.0
0.0	1.0	0.0	0.0
0.0	1.0	10.0	0.0
0.0	0.0	7.0	0.0
0.0	1.0	3.0	0.0
0.0	16.0	3.0	0.0
0.0	16.0	1.0	0.0
0.0	16.0	0.0	0.0
0.0	0.0	1.0	0.0
0.0	0.0	2.0	0.0
0.0	140.0	3.0	0.0
0.0	98.0	0.0	0.0
0.0	42.0	3.0	0.0
0.0	0.0	2.0	0.0
0.0	42.0	1.0	0.0
0.0	9.0	1.0	0.0
0.0	9.0	0.0	0.0
0.0	0.0	1.0	0.0
0.0	33.0	0.0	0.0
21.0	1243.0	0.0	1.0
0.0	1116.0	0.0	1.0
0.0	4.0	0.0	1.0
0.0	1112.0	0.0	0.0
21.0	127.0	0.0	0.0
0.0	87.0	0.0	0.0
21.0	40.0	0.0	0.0
21.0	19.0	0.0	0.0
5.0	0.0	0.0	0.0
16.0	19.0	0.0	0.0
8.0	17.0	0.0	0.0
4.0	16.0	0.0	0.0
4.0	7.0	0.0	0.0
3.0	0.0	0.0	0.0
1.0	7.0	0.0	0.0
0.0	9.0	0.0	0.0
4.0	1.0	0.0	0.0
8.0	2.0	0.0	0.0
7.0	0.0	0.0	0.0
1.0	2.0	0.0	0.0
0.0	21.0	0.0	0.0
80.0	114.0	0.0	0.0
31.0	104.0	0.0	0.0
26.0	32.0	0.0	0.0
0.0	15.0	0.0	0.0
26.0	17.0	0.0	0.0
5.0	10.0	0.0	0.0
5.0	3.0	0.0	0.0
0.0	3.0	0.0	0.0
5.0	0.0	0.0	0.0
0.0	7.0	0.0	0.0
21.0	7.0	0.0	0.0
15.0	1.0	0.0	0.0
1.0	1.0	0.0	0.0
14.0	0.0	0.0	0.0
6.0	6.0	0.0	0.0
3.0	0.0	0.0	0.0
3.0	6.0	0.0	0.0
0.0	4.0	0.0	0.0
3.0	2.0	0.0	0.0
5.0	72.0	0.0	0.0
0.0	70.0	0.0	0.0
5.0	2.0	0.0	0.0
5.0	0.0	0.0	0.0
0.0	2.0	0.0	0.0
49.0	10.0	0.0	0.0
4.0	8.0	0.0	0.0
4.0	0.0	0.0	0.0
0.0	8.0	0.0	0.0
45.0	2.0	0.0	0.0
0.0	2.0	0.0	0.0
45.0	0.0	0.0	0.0
