# Sizes (NFeatures, Nclasses, NodeCount, MaxDepth)
14	4	175	14
# Classes
0.0	1.0	2.0	3.0
# Feature Names
Nrows	Ncols	Nnnz	AvgNnnz	Density	MaxRowNnnz	MinRowNnnz	StdRowNnnz	NDiags	NTrueDiags	AvgNnnzDia	AvgNnnzELL	AvgNnnzHyb	AvgNnnzHdc
# Left
1	2	3	4	5	-1	7	8	-1	10	-1	-1	-1	14	15	-1	-1	18	19	-1	21	-1	-1	24	-1	-1	27	-1	29	-1	31	-1	-1	34	35	-1	-1	38	-1	-1	41	42	-1	44	45	46	47	48	-1	-1	-1	52	-1	54	-1	-1	57	-1	59	-1	61	-1	-1	-1	65	66	67	68	69	70	-1	72	-1	74	-1	-1	77	-1	79	80	81	82	-1	-1	85	-1	-1	88	-1	90	-1	92	-1	94	-1	-1	-1	98	-1	100	101	-1	-1	104	-1	-1	107	108	109	110	111	-1	113	-1	-1	116	117	118	119	120	-1	-1	-1	-1	125	126	-1	-1	129	130	-1	-1	-1	134	135	-1	-1	-1	139	-1	141	-1	-1	144	-1	-1	-1	148	-1	-1	151	152	153	154	-1	156	-1	158	-1	-1	-1	162	163	164	-1	166	167	-1	-1	-1	171	-1	-1	-1	-1
# Right
40	33	26	13	6	-1	12	9	-1	11	-1	-1	-1	17	16	-1	-1	23	20	-1	22	-1	-1	25	-1	-1	28	-1	30	-1	32	-1	-1	37	36	-1	-1	39	-1	-1	64	43	-1	63	56	51	50	49	-1	-1	-1	53	-1	55	-1	-1	58	-1	60	-1	62	-1	-1	-1	150	147	106	97	76	71	-1	73	-1	75	-1	-1	78	-1	96	87	84	83	-1	-1	86	-1	-1	89	-1	91	-1	93	-1	95	-1	-1	-1	99	-1	103	102	-1	-1	105	-1	-1	146	143	138	115	112	-1	114	-1	-1	133	124	123	122	121	-1	-1	-1	-1	128	127	-1	-1	132	131	-1	-1	-1	137	136	-1	-1	-1	140	-1	142	-1	-1	145	-1	-1	-1	149	-1	-1	174	161	160	155	-1	157	-1	159	-1	-1	-1	173	170	165	-1	169	168	-1	-1	-1	172	-1	-1	-1	-1
# Threshold
0.00015247450210154057	2.5	16.005749702453613	34.5	2.7034599781036377	-2.0	7.3768298625946045	3.5	-2.0	0.5638839900493622	-2.0	-2.0	-2.0	92600.0	191.5	-2.0	-2.0	1.2402949929237366	6887990.0	-2.0	1.0	-2.0	-2.0	0.7904410064220428	-2.0	-2.0	4.272939986549318e-05	-2.0	0.5	-2.0	0.9205939769744873	-2.0	-2.0	1.0489100217819214	0.23898649960756302	-2.0	-2.0	14.0	-2.0	-2.0	13.0	89.0	-2.0	0.8996315002441406	8500.0	4.0945751667022705	0.21213200688362122	0.003499999991618097	-2.0	-2.0	-2.0	837.5	-2.0	4.918000102043152	-2.0	-2.0	0.9849999845027924	-2.0	0.4166559875011444	-2.0	4000.0	-2.0	-2.0	-2.0	1355.5	17.331100463867188	0.0015501650050282478	556.5	0.5113440006971359	221.5	-2.0	254.5	-2.0	0.5	-2.0	-2.0	0.5306549966335297	-2.0	10.32185983657837	0.8260925114154816	12.0	15.5	-2.0	-2.0	2.964069962501526	-2.0	-2.0	1.1203400492668152	-2.0	367311.0	-2.0	0.0012282750103622675	-2.0	1.0	-2.0	-2.0	-2.0	688.0	-2.0	0.6862280070781708	48862.0	-2.0	-2.0	72683.0	-2.0	-2.0	0.8022744953632355	9.34487009048462	0.8519999980926514	163.5	23.5	-2.0	8.5	-2.0	-2.0	27798.0	3.882735013961792	49890.0	0.3928865045309067	0.38744600117206573	-2.0	-2.0	-2.0	-2.0	28.0	18.0	-2.0	-2.0	0.005245875101536512	0.0019835950806736946	-2.0	-2.0	-2.0	91.85654830932617	16000.0	-2.0	-2.0	-2.0	72.0	-2.0	0.9078269898891449	-2.0	-2.0	0.9880719780921936	-2.0	-2.0	-2.0	37.5	-2.0	-2.0	1.034602016210556	1.5	0.0002563165035098791	405617.5	-2.0	0.0009582265047356486	-2.0	293850.5	-2.0	-2.0	-2.0	0.5190039873123169	22.0	18.0	-2.0	12.170100212097168	0.28511300683021545	-2.0	-2.0	-2.0	271.19249725341797	-2.0	-2.0	-2.0	-2.0
# Feature
10	6	3	5	3	-2	3	5	-2	13	-2	-2	-2	2	5	-2	-2	12	2	-2	9	-2	-2	13	-2	-2	10	-2	6	-2	12	-2	-2	12	12	-2	-2	5	-2	-2	8	1	-2	10	2	12	7	4	-2	-2	-2	0	-2	3	-2	-2	11	-2	13	-2	1	-2	-2	-2	5	12	10	5	13	5	-2	5	-2	6	-2	-2	13	-2	7	13	9	6	-2	-2	12	-2	-2	12	-2	2	-2	10	-2	6	-2	-2	-2	5	-2	12	2	-2	-2	8	-2	-2	10	12	13	2	1	-2	5	-2	-2	8	3	2	13	13	-2	-2	-2	-2	8	9	-2	-2	11	10	-2	-2	-2	7	1	-2	-2	-2	5	-2	13	-2	-2	11	-2	-2	-2	5	-2	-2	12	6	10	2	-2	11	-2	1	-2	-2	-2	13	9	9	-2	3	13	-2	-2	-2	7	-2	-2	-2	-2
# Values
248.0	1258.0	97.0	36.0
159.0	70.0	0.0	1.0
156.0	35.0	0.0	0.0
150.0	24.0	0.0	0.0
21.0	18.0	0.0	0.0
13.0	0.0	0.0	0.0
8.0	18.0	0.0	0.0
4.0	18.0	0.0	0.0
3.0	0.0	0.0	0.0
1.0	18.0	0.0	0.0
0.0	18.0	0.0	0.0
1.0	0.0	0.0	0.0
4.0	0.0	0.0	0.0
129.0	6.0	0.0	0.0
1.0	2.0	0.0	0.0
0.0	2.0	0.0	0.0
1.0	0.0	0.0	0.0
128.0	4.0	0.0	0.0
127.0	3.0	0.0	0.0
112.0	0.0	0.0	0.0
15.0	3.0	0.0	0.0
15.0	0.0	0.0	0.0
0.0	3.0	0.0	0.0
1.0	1.0	0.0	0.0
1.0	0.0	0.0	0.0
0.0	1.0	0.0	0.0
6.0	11.0	0.0	0.0
0.0	9.0	0.0	0.0
6.0	2.0	0.0	0.0
0.0	1.0	0.0	0.0
6.0	1.0	0.0	0.0
6.0	0.0	0.0	0.0
0.0	1.0	0.0	0.0
3.0	35.0	0.0	1.0
3.0	1.0	0.0	0.0
0.0	1.0	0.0	0.0
3.0	0.0	0.0	0.0
0.0	34.0	0.0	1.0
0.0	0.0	0.0	1.0
0.0	34.0	0.0	0.0
89.0	1188.0	97.0	35.0
0.0	28.0	86.0	0.0
0.0	8.0	0.0	0.0
0.0	20.0	86.0	0.0
0.0	20.0	41.0	0.0
0.0	4.0	30.0	0.0
0.0	1.0	28.0	0.0
0.0	1.0	6.0	0.0
0.0	0.0	4.0	0.0
0.0	1.0	2.0	0.0
0.0	0.0	22.0	0.0
0.0	3.0	2.0	0.0
0.0	2.0	0.0	0.0
0.0	1.0	2.0	0.0
0.0	0.0	1.0	0.0
0.0	1.0	1.0	0.0
0.0	16.0	11.0	0.0
0.0	12.0	0.0	0.0
0.0	4.0	11.0	0.0
0.0	2.0	0.0	0.0
0.0	2.0	11.0	0.0
0.0	2.0	2.0	0.0
0.0	0.0	9.0	0.0
0.0	0.0	45.0	0.0
89.0	1160.0	11.0	35.0
33.0	1102.0	11.0	33.0
33.0	1095.0	11.0	21.0
32.0	176.0	0.0	9.0
16.0	166.0	0.0	8.0
4.0	127.0	0.0	0.0
0.0	115.0	0.0	0.0
4.0	12.0	0.0	0.0
3.0	0.0	0.0	0.0
1.0	12.0	0.0	0.0
1.0	0.0	0.0	0.0
0.0	12.0	0.0	0.0
12.0	39.0	0.0	8.0
6.0	0.0	0.0	0.0
6.0	39.0	0.0	8.0
6.0	39.0	0.0	5.0
0.0	29.0	0.0	4.0
0.0	27.0	0.0	1.0
0.0	26.0	0.0	0.0
0.0	1.0	0.0	1.0
0.0	2.0	0.0	3.0
0.0	0.0	0.0	3.0
0.0	2.0	0.0	0.0
6.0	10.0	0.0	1.0
5.0	0.0	0.0	0.0
1.0	10.0	0.0	1.0
1.0	0.0	0.0	0.0
0.0	10.0	0.0	1.0
0.0	9.0	0.0	0.0
0.0	1.0	0.0	1.0
0.0	0.0	0.0	1.0
0.0	1.0	0.0	0.0
0.0	0.0	0.0	3.0
16.0	10.0	0.0	1.0
13.0	0.0	0.0	0.0
3.0	10.0	0.0	1.0
3.0	1.0	0.0	0.0
0.0	1.0	0.0	0.0
3.0	0.0	0.0	0.0
0.0	9.0	0.0	1.0
0.0	9.0	0.0	0.0
0.0	0.0	0.0	1.0
1.0	919.0	11.0	12.0
1.0	919.0	8.0	12.0
1.0	913.0	8.0	8.0
1.0	902.0	8.0	3.0
0.0	6.0	3.0	0.0
0.0	5.0	0.0	0.0
0.0	1.0	3.0	0.0
0.0	1.0	0.0	0.0
0.0	0.0	3.0	0.0
1.0	896.0	5.0	3.0
1.0	885.0	5.0	1.0
1.0	108.0	4.0	0.0
0.0	108.0	4.0	0.0
0.0	59.0	4.0	0.0
0.0	8.0	0.0	0.0
0.0	51.0	4.0	0.0
0.0	49.0	0.0	0.0
1.0	0.0	0.0	0.0
0.0	777.0	1.0	1.0
0.0	9.0	1.0	0.0
0.0	9.0	0.0	0.0
0.0	0.0	1.0	0.0
0.0	768.0	0.0	1.0
0.0	54.0	0.0	1.0
0.0	8.0	0.0	0.0
0.0	46.0	0.0	1.0
0.0	714.0	0.0	0.0
0.0	11.0	0.0	2.0
0.0	11.0	0.0	1.0
0.0	0.0	0.0	1.0
0.0	11.0	0.0	0.0
0.0	0.0	0.0	1.0
0.0	11.0	0.0	5.0
0.0	10.0	0.0	0.0
0.0	1.0	0.0	5.0
0.0	0.0	0.0	5.0
0.0	1.0	0.0	0.0
0.0	6.0	0.0	4.0
0.0	0.0	0.0	4.0
0.0	6.0	0.0	0.0
0.0	0.0	3.0	0.0
0.0	7.0	0.0	12.0
0.0	7.0	0.0	0.0
0.0	0.0	0.0	12.0
56.0	58.0	0.0	2.0
56.0	41.0	0.0	2.0
12.0	34.0	0.0	0.0
12.0	6.0	0.0	0.0
10.0	0.0	0.0	0.0
2.0	6.0	0.0	0.0
1.0	0.0	0.0	0.0
1.0	6.0	0.0	0.0
0.0	6.0	0.0	0.0
1.0	0.0	0.0	0.0
0.0	28.0	0.0	0.0
44.0	7.0	0.0	2.0
44.0	7.0	0.0	0.0
39.0	2.0	0.0	0.0
30.0	0.0	0.0	0.0
9.0	2.0	0.0	0.0
1.0	2.0	0.0	0.0
1.0	0.0	0.0	0.0
0.0	2.0	0.0	0.0
8.0	0.0	0.0	0.0
5.0	5.0	0.0	0.0
0.0	5.0	0.0	0.0
5.0	0.0	0.0	0.0
0.0	0.0	0.0	2.0
0.0	17.0	0.0	0.0
