# Sizes (NFeatures, Nclasses, NodeCount, MaxDepth)
14	4	171	14
# Classes
0.0	1.0	2.0	3.0
# Feature Names
Nrows	Ncols	Nnnz	AvgNnnz	Density	MaxRowNnnz	MinRowNnnz	StdRowNnnz	NDiags	NTrueDiags	AvgNnnzDia	AvgNnnzELL	AvgNnnzHyb	AvgNnnzHdc
# Left
1	2	3	4	5	6	7	8	9	-1	-1	12	-1	14	-1	-1	-1	-1	19	-1	21	-1	-1	-1	25	-1	-1	28	29	-1	-1	32	33	-1	-1	36	37	-1	39	-1	-1	-1	43	44	-1	46	47	48	-1	-1	51	52	-1	-1	55	-1	57	58	-1	-1	-1	62	63	64	-1	66	-1	-1	69	-1	71	-1	-1	-1	75	76	77	78	-1	80	81	82	83	-1	-1	-1	87	-1	-1	90	91	-1	-1	94	95	96	97	98	-1	-1	101	-1	-1	-1	105	-1	107	108	109	-1	-1	-1	-1	114	-1	-1	117	118	119	-1	121	122	-1	-1	-1	126	-1	-1	129	130	131	132	-1	-1	-1	136	-1	-1	139	-1	-1	142	-1	144	145	-1	147	-1	-1	-1	151	152	153	154	-1	-1	-1	-1	159	160	161	-1	-1	-1	165	166	167	-1	-1	-1	-1
# Right
42	27	24	23	18	17	16	11	10	-1	-1	13	-1	15	-1	-1	-1	-1	20	-1	22	-1	-1	-1	26	-1	-1	31	30	-1	-1	35	34	-1	-1	41	38	-1	40	-1	-1	-1	74	45	-1	61	50	49	-1	-1	54	53	-1	-1	56	-1	60	59	-1	-1	-1	73	68	65	-1	67	-1	-1	70	-1	72	-1	-1	-1	150	141	116	79	-1	89	86	85	84	-1	-1	-1	88	-1	-1	93	92	-1	-1	113	104	103	100	99	-1	-1	102	-1	-1	-1	106	-1	112	111	110	-1	-1	-1	-1	115	-1	-1	128	125	120	-1	124	123	-1	-1	-1	127	-1	-1	138	135	134	133	-1	-1	-1	137	-1	-1	140	-1	-1	143	-1	149	146	-1	148	-1	-1	-1	158	157	156	155	-1	-1	-1	-1	164	163	162	-1	-1	-1	170	169	168	-1	-1	-1	-1
# Threshold
0.00016745500033721328	0.1409974992275238	7.0	207665992.0	420.0	348.0	9.892574787139893	110646.0	184.0	-2.0	-2.0	0.08849959820508957	-2.0	962740.0	-2.0	-2.0	-2.0	-2.0	2.5	-2.0	0.3557099997997284	-2.0	-2.0	-2.0	0.8295795023441315	-2.0	-2.0	2.9996100664138794	1.031404972076416	-2.0	-2.0	0.5	109816.5	-2.0	-2.0	62353.0	502590.5	-2.0	3.7154949495743494e-05	-2.0	-2.0	-2.0	15.5	69.0	-2.0	4.910645008087158	0.33785200119018555	3.5	-2.0	-2.0	120.0	264.0	-2.0	-2.0	3.5	-2.0	0.0016666650190018117	5000.0	-2.0	-2.0	-2.0	0.8640180230140686	39999.0	724.0	-2.0	1649.0	-2.0	-2.0	5.5	-2.0	399896.5	-2.0	-2.0	-2.0	1372.5	7213580.0	471.0	2.5276750420744065e-05	-2.0	28.0	0.3354544937610626	0.5640720129013062	2479.0	-2.0	-2.0	-2.0	0.6226915121078491	-2.0	-2.0	122.0	7.5	-2.0	-2.0	62.94000053405762	1494115.0	3.598439931869507	11610.5	3.58351993560791	-2.0	-2.0	18.5	-2.0	-2.0	-2.0	1503005.0	-2.0	8.980309963226318	15415.0	243.5	-2.0	-2.0	-2.0	-2.0	77.0	-2.0	-2.0	0.001859970041550696	16.37635040283203	4.3573815524578094	-2.0	0.016012399923056364	0.012059299740940332	-2.0	-2.0	-2.0	1238.0	-2.0	-2.0	199.6074981689453	0.4345499873161316	0.4606095105409622	6.202704906463623	-2.0	-2.0	-2.0	0.474821999669075	-2.0	-2.0	230.29550170898438	-2.0	-2.0	1.066884994506836	-2.0	34.84410095214844	1.550065040588379	-2.0	9.074310064315796	-2.0	-2.0	-2.0	3.5	1.5	0.0002563165035098791	0.0015946049825288355	-2.0	-2.0	-2.0	-2.0	5276.5	10.200844764709473	2.5	-2.0	-2.0	-2.0	1.034602016210556	0.28519749641418457	223299.0	-2.0	-2.0	-2.0	-2.0
# Feature
10	11	9	2	5	5	3	2	5	-2	-2	11	-2	2	-2	-2	-2	-2	6	-2	13	-2	-2	-2	12	-2	-2	3	7	-2	-2	6	8	-2	-2	8	2	-2	4	-2	-2	-2	8	1	-2	3	10	5	-2	-2	1	2	-2	-2	6	-2	4	0	-2	-2	-2	10	1	0	-2	1	-2	-2	5	-2	0	-2	-2	-2	5	2	5	4	-2	8	10	11	2	-2	-2	-2	4	-2	-2	2	5	-2	-2	7	2	3	8	3	-2	-2	5	-2	-2	-2	2	-2	12	1	5	-2	-2	-2	-2	9	-2	-2	10	7	3	-2	11	11	-2	-2	-2	5	-2	-2	7	13	12	3	-2	-2	-2	13	-2	-2	7	-2	-2	12	-2	3	12	-2	3	-2	-2	-2	9	6	10	11	-2	-2	-2	-2	5	3	6	-2	-2	-2	12	13	2	-2	-2	-2	-2
# Values
261.0	1253.0	97.0	28.0
183.0	81.0	0.0	7.0
158.0	20.0	0.0	0.0
157.0	15.0	0.0	0.0
157.0	13.0	0.0	0.0
48.0	11.0	0.0	0.0
48.0	5.0	0.0	0.0
48.0	3.0	0.0	0.0
1.0	2.0	0.0	0.0
0.0	2.0	0.0	0.0
1.0	0.0	0.0	0.0
47.0	1.0	0.0	0.0
45.0	0.0	0.0	0.0
2.0	1.0	0.0	0.0
0.0	1.0	0.0	0.0
2.0	0.0	0.0	0.0
0.0	2.0	0.0	0.0
0.0	6.0	0.0	0.0
109.0	2.0	0.0	0.0
102.0	0.0	0.0	0.0
7.0	2.0	0.0	0.0
7.0	0.0	0.0	0.0
0.0	2.0	0.0	0.0
0.0	2.0	0.0	0.0
1.0	5.0	0.0	0.0
1.0	0.0	0.0	0.0
0.0	5.0	0.0	0.0
25.0	61.0	0.0	7.0
21.0	4.0	0.0	0.0
21.0	0.0	0.0	0.0
0.0	4.0	0.0	0.0
4.0	57.0	0.0	7.0
3.0	0.0	0.0	3.0
0.0	0.0	0.0	3.0
3.0	0.0	0.0	0.0
1.0	57.0	0.0	4.0
1.0	9.0	0.0	4.0
0.0	9.0	0.0	0.0
1.0	0.0	0.0	4.0
1.0	0.0	0.0	0.0
0.0	0.0	0.0	4.0
0.0	48.0	0.0	0.0
78.0	1172.0	97.0	21.0
0.0	24.0	85.0	1.0
0.0	10.0	0.0	0.0
0.0	14.0	85.0	1.0
0.0	4.0	64.0	0.0
0.0	2.0	1.0	0.0
0.0	0.0	1.0	0.0
0.0	2.0	0.0	0.0
0.0	2.0	63.0	0.0
0.0	1.0	1.0	0.0
0.0	0.0	1.0	0.0
0.0	1.0	0.0	0.0
0.0	1.0	62.0	0.0
0.0	0.0	48.0	0.0
0.0	1.0	14.0	0.0
0.0	1.0	8.0	0.0
0.0	1.0	3.0	0.0
0.0	0.0	5.0	0.0
0.0	0.0	6.0	0.0
0.0	10.0	21.0	1.0
0.0	10.0	7.0	1.0
0.0	9.0	2.0	0.0
0.0	0.0	1.0	0.0
0.0	9.0	1.0	0.0
0.0	3.0	1.0	0.0
0.0	6.0	0.0	0.0
0.0	1.0	5.0	1.0
0.0	0.0	5.0	0.0
0.0	1.0	0.0	1.0
0.0	1.0	0.0	0.0
0.0	0.0	0.0	1.0
0.0	0.0	14.0	0.0
78.0	1148.0	12.0	20.0
28.0	1095.0	12.0	20.0
28.0	1059.0	12.0	4.0
5.0	935.0	12.0	3.0
3.0	0.0	0.0	0.0
2.0	935.0	12.0	3.0
0.0	17.0	8.0	0.0
0.0	15.0	3.0	0.0
0.0	5.0	3.0	0.0
0.0	0.0	1.0	0.0
0.0	5.0	2.0	0.0
0.0	10.0	0.0	0.0
0.0	2.0	5.0	0.0
0.0	0.0	5.0	0.0
0.0	2.0	0.0	0.0
2.0	918.0	4.0	3.0
0.0	1.0	2.0	0.0
0.0	1.0	0.0	0.0
0.0	0.0	2.0	0.0
2.0	917.0	2.0	3.0
1.0	914.0	2.0	3.0
1.0	866.0	2.0	0.0
1.0	96.0	2.0	0.0
0.0	94.0	2.0	0.0
0.0	52.0	0.0	0.0
0.0	42.0	2.0	0.0
1.0	2.0	0.0	0.0
0.0	2.0	0.0	0.0
1.0	0.0	0.0	0.0
0.0	770.0	0.0	0.0
0.0	48.0	0.0	3.0
0.0	0.0	0.0	1.0
0.0	48.0	0.0	2.0
0.0	48.0	0.0	1.0
0.0	3.0	0.0	1.0
0.0	3.0	0.0	0.0
0.0	0.0	0.0	1.0
0.0	45.0	0.0	0.0
0.0	0.0	0.0	1.0
1.0	3.0	0.0	0.0
1.0	0.0	0.0	0.0
0.0	3.0	0.0	0.0
23.0	124.0	0.0	1.0
20.0	12.0	0.0	0.0
18.0	2.0	0.0	0.0
0.0	1.0	0.0	0.0
18.0	1.0	0.0	0.0
2.0	1.0	0.0	0.0
2.0	0.0	0.0	0.0
0.0	1.0	0.0	0.0
16.0	0.0	0.0	0.0
2.0	10.0	0.0	0.0
0.0	10.0	0.0	0.0
2.0	0.0	0.0	0.0
3.0	112.0	0.0	1.0
1.0	109.0	0.0	1.0
0.0	100.0	0.0	1.0
0.0	52.0	0.0	1.0
0.0	6.0	0.0	0.0
0.0	46.0	0.0	1.0
0.0	48.0	0.0	0.0
1.0	9.0	0.0	0.0
1.0	0.0	0.0	0.0
0.0	9.0	0.0	0.0
2.0	3.0	0.0	0.0
2.0	0.0	0.0	0.0
0.0	3.0	0.0	0.0
0.0	36.0	0.0	16.0
0.0	0.0	0.0	8.0
0.0	36.0	0.0	8.0
0.0	10.0	0.0	8.0
0.0	9.0	0.0	0.0
0.0	1.0	0.0	8.0
0.0	1.0	0.0	0.0
0.0	0.0	0.0	8.0
0.0	26.0	0.0	0.0
50.0	53.0	0.0	0.0
33.0	8.0	0.0	0.0
6.0	8.0	0.0	0.0
6.0	2.0	0.0	0.0
0.0	2.0	0.0	0.0
6.0	0.0	0.0	0.0
0.0	6.0	0.0	0.0
27.0	0.0	0.0	0.0
17.0	45.0	0.0	0.0
1.0	38.0	0.0	0.0
1.0	5.0	0.0	0.0
0.0	5.0	0.0	0.0
1.0	0.0	0.0	0.0
0.0	33.0	0.0	0.0
16.0	7.0	0.0	0.0
16.0	1.0	0.0	0.0
4.0	1.0	0.0	0.0
4.0	0.0	0.0	0.0
0.0	1.0	0.0	0.0
12.0	0.0	0.0	0.0
0.0	6.0	0.0	0.0
