# Sizes (NFeatures, Nclasses, NodeCount, MaxDepth)
14	4	175	16
# Classes
0.0	1.0	2.0	3.0
# Feature Names
Nrows	Ncols	Nnnz	AvgNnnz	Density	MaxRowNnnz	MinRowNnnz	StdRowNnnz	NDiags	NTrueDiags	AvgNnnzDia	AvgNnnzELL	AvgNnnzHyb	AvgNnnzHdc
# Left
1	2	3	4	-1	6	7	-1	9	-1	11	-1	-1	14	-1	-1	17	18	-1	20	-1	-1	-1	24	25	26	-1	28	29	30	-1	32	33	-1	-1	-1	37	-1	-1	-1	41	42	43	-1	45	46	47	-1	-1	-1	51	52	53	54	-1	-1	57	58	59	60	-1	-1	63	64	-1	-1	-1	68	69	-1	-1	-1	73	-1	-1	76	-1	-1	79	-1	81	-1	-1	84	-1	-1	87	-1	-1	90	-1	-1	93	94	95	96	97	98	-1	-1	101	102	103	-1	105	-1	-1	108	-1	-1	-1	-1	113	114	-1	-1	117	-1	-1	120	121	-1	-1	124	-1	126	-1	-1	129	130	131	-1	-1	-1	135	136	137	-1	139	140	-1	-1	143	144	-1	146	-1	-1	-1	150	151	-1	-1	154	155	-1	-1	158	-1	160	161	-1	163	-1	-1	166	-1	168	-1	-1	171	-1	173	-1	-1
# Right
92	23	16	5	-1	13	8	-1	10	-1	12	-1	-1	15	-1	-1	22	19	-1	21	-1	-1	-1	89	40	27	-1	39	36	31	-1	35	34	-1	-1	-1	38	-1	-1	-1	86	83	44	-1	50	49	48	-1	-1	-1	78	75	56	55	-1	-1	72	67	62	61	-1	-1	66	65	-1	-1	-1	71	70	-1	-1	-1	74	-1	-1	77	-1	-1	80	-1	82	-1	-1	85	-1	-1	88	-1	-1	91	-1	-1	128	119	112	111	100	99	-1	-1	110	107	104	-1	106	-1	-1	109	-1	-1	-1	-1	116	115	-1	-1	118	-1	-1	123	122	-1	-1	125	-1	127	-1	-1	134	133	132	-1	-1	-1	170	149	138	-1	142	141	-1	-1	148	145	-1	147	-1	-1	-1	153	152	-1	-1	157	156	-1	-1	159	-1	165	162	-1	164	-1	-1	167	-1	169	-1	-1	172	-1	174	-1	-1
# Threshold
10711.5	10.0	5.737499952316284	117.0	-2.0	4.777774810791016	7.5	-2.0	2500.0	-2.0	0.0010666649613995105	-2.0	-2.0	0.4166559875011444	-2.0	-2.0	6.297415018081665	11696.0	-2.0	7.5704851150512695	-2.0	-2.0	-2.0	17569800.0	28.5	6.289350130828097e-05	-2.0	11.5	1.9945000410079956	9.5	-2.0	0.5298650115728378	0.5	-2.0	-2.0	-2.0	0.005974055151455104	-2.0	-2.0	-2.0	9.34487009048462	63.557701110839844	2.2072700630815234e-05	-2.0	183.5	3.4095399379730225	1.5814650058746338	-2.0	-2.0	-2.0	9370.5	0.8937059938907623	44.0	27.0	-2.0	-2.0	34.17514991760254	7.5	0.4606095105409622	0.0019835950806736946	-2.0	-2.0	3.598439931869507	3.58351993560791	-2.0	-2.0	-2.0	34.5	33.5	-2.0	-2.0	-2.0	35.2989501953125	-2.0	-2.0	687.5	-2.0	-2.0	5310.0	-2.0	0.005239899968728423	-2.0	-2.0	75.13385009765625	-2.0	-2.0	38.17340087890625	-2.0	-2.0	34.88330078125	-2.0	-2.0	0.07128029689192772	18.22624969482422	0.4888574928045273	1.065090000629425	4.5	0.0010647450108081102	-2.0	-2.0	0.35406050086021423	0.003870934946462512	18413.0	-2.0	0.28519749641418457	-2.0	-2.0	1029486.5	-2.0	-2.0	-2.0	-2.0	1.5	0.0002420210003037937	-2.0	-2.0	11.093900203704834	-2.0	-2.0	98.57685089111328	81034750.0	-2.0	-2.0	0.3351304978132248	-2.0	1094240.0	-2.0	-2.0	2.9996100664138794	92807.0	1.4653249979019165	-2.0	-2.0	-2.0	83.54714965820312	9.889050124911591e-05	0.5	-2.0	0.19148799777030945	1156464.0	-2.0	-2.0	0.9999794960021973	31.933350563049316	-2.0	1.3651899695396423	-2.0	-2.0	-2.0	3.598555088043213	30655.0	-2.0	-2.0	1.4566250443458557	60.91265106201172	-2.0	-2.0	1.4704950451850891	-2.0	2.327234983444214	1.9809899926185608	-2.0	41631.0	-2.0	-2.0	0.0040144650265574455	-2.0	535018.5	-2.0	-2.0	4.0	-2.0	60266.5	-2.0	-2.0
# Feature
8	8	3	1	-2	3	8	-2	0	-2	4	-2	-2	13	-2	-2	3	2	-2	12	-2	-2	-2	2	8	4	-2	5	12	0	-2	11	6	-2	-2	-2	4	-2	-2	-2	12	7	4	-2	2	7	7	-2	-2	-2	8	13	8	5	-2	-2	7	6	12	10	-2	-2	3	3	-2	-2	-2	5	5	-2	-2	-2	7	-2	-2	8	-2	-2	0	-2	11	-2	-2	7	-2	-2	3	-2	-2	3	-2	-2	11	3	13	12	9	10	-2	-2	13	11	0	-2	13	-2	-2	2	-2	-2	-2	-2	9	10	-2	-2	3	-2	-2	7	2	-2	-2	13	-2	0	-2	-2	3	8	12	-2	-2	-2	7	10	6	-2	11	2	-2	-2	11	3	-2	12	-2	-2	-2	3	1	-2	-2	12	7	-2	-2	12	-2	7	7	-2	8	-2	-2	10	-2	0	-2	-2	6	-2	1	-2	-2
# Values
273.0	1232.0	96.0	38.0
13.0	986.0	96.0	20.0
0.0	13.0	79.0	0.0
0.0	5.0	68.0	0.0
0.0	2.0	0.0	0.0
0.0	3.0	68.0	0.0
0.0	1.0	57.0	0.0
0.0	0.0	41.0	0.0
0.0	1.0	16.0	0.0
0.0	0.0	7.0	0.0
0.0	1.0	9.0	0.0
0.0	0.0	6.0	0.0
0.0	1.0	3.0	0.0
0.0	2.0	11.0	0.0
0.0	2.0	0.0	0.0
0.0	0.0	11.0	0.0
0.0	8.0	11.0	0.0
0.0	8.0	2.0	0.0
0.0	0.0	1.0	0.0
0.0	8.0	1.0	0.0
0.0	8.0	0.0	0.0
0.0	0.0	1.0	0.0
0.0	0.0	9.0	0.0
13.0	973.0	17.0	20.0
13.0	971.0	17.0	9.0
3.0	30.0	13.0	0.0
3.0	0.0	0.0	0.0
0.0	30.0	13.0	0.0
0.0	30.0	9.0	0.0
0.0	24.0	3.0	0.0
0.0	0.0	1.0	0.0
0.0	24.0	2.0	0.0
0.0	6.0	2.0	0.0
0.0	1.0	0.0	0.0
0.0	5.0	2.0	0.0
0.0	18.0	0.0	0.0
0.0	6.0	6.0	0.0
0.0	6.0	0.0	0.0
0.0	0.0	6.0	0.0
0.0	0.0	4.0	0.0
10.0	941.0	4.0	9.0
10.0	927.0	4.0	4.0
6.0	917.0	4.0	4.0
1.0	0.0	0.0	0.0
5.0	917.0	4.0	4.0
0.0	4.0	2.0	0.0
0.0	1.0	2.0	0.0
0.0	1.0	0.0	0.0
0.0	0.0	2.0	0.0
0.0	3.0	0.0	0.0
5.0	913.0	2.0	4.0
1.0	886.0	2.0	4.0
1.0	874.0	2.0	3.0
0.0	22.0	1.0	0.0
0.0	21.0	0.0	0.0
0.0	1.0	1.0	0.0
1.0	852.0	1.0	3.0
0.0	824.0	1.0	3.0
0.0	701.0	1.0	1.0
0.0	51.0	0.0	1.0
0.0	9.0	0.0	0.0
0.0	42.0	0.0	1.0
0.0	650.0	1.0	0.0
0.0	88.0	1.0	0.0
0.0	54.0	0.0	0.0
0.0	34.0	1.0	0.0
0.0	562.0	0.0	0.0
0.0	123.0	0.0	2.0
0.0	15.0	0.0	2.0
0.0	15.0	0.0	0.0
0.0	0.0	0.0	2.0
0.0	108.0	0.0	0.0
1.0	28.0	0.0	0.0
1.0	0.0	0.0	0.0
0.0	28.0	0.0	0.0
0.0	12.0	0.0	1.0
0.0	0.0	0.0	1.0
0.0	12.0	0.0	0.0
4.0	27.0	0.0	0.0
3.0	0.0	0.0	0.0
1.0	27.0	0.0	0.0
1.0	0.0	0.0	0.0
0.0	27.0	0.0	0.0
4.0	10.0	0.0	0.0
4.0	0.0	0.0	0.0
0.0	10.0	0.0	0.0
0.0	14.0	0.0	5.0
0.0	14.0	0.0	0.0
0.0	0.0	0.0	5.0
0.0	2.0	0.0	11.0
0.0	0.0	0.0	11.0
0.0	2.0	0.0	0.0
260.0	246.0	0.0	18.0
224.0	61.0	0.0	1.0
198.0	28.0	0.0	0.0
157.0	11.0	0.0	0.0
157.0	8.0	0.0	0.0
129.0	1.0	0.0	0.0
129.0	0.0	0.0	0.0
0.0	1.0	0.0	0.0
28.0	7.0	0.0	0.0
28.0	3.0	0.0	0.0
26.0	1.0	0.0	0.0
18.0	0.0	0.0	0.0
8.0	1.0	0.0	0.0
0.0	1.0	0.0	0.0
8.0	0.0	0.0	0.0
2.0	2.0	0.0	0.0
0.0	2.0	0.0	0.0
2.0	0.0	0.0	0.0
0.0	4.0	0.0	0.0
0.0	3.0	0.0	0.0
41.0	17.0	0.0	0.0
40.0	4.0	0.0	0.0
40.0	0.0	0.0	0.0
0.0	4.0	0.0	0.0
1.0	13.0	0.0	0.0
0.0	13.0	0.0	0.0
1.0	0.0	0.0	0.0
26.0	33.0	0.0	1.0
0.0	27.0	0.0	1.0
0.0	27.0	0.0	0.0
0.0	0.0	0.0	1.0
26.0	6.0	0.0	0.0
25.0	0.0	0.0	0.0
1.0	6.0	0.0	0.0
0.0	6.0	0.0	0.0
1.0	0.0	0.0	0.0
36.0	185.0	0.0	17.0
22.0	4.0	0.0	0.0
2.0	4.0	0.0	0.0
2.0	0.0	0.0	0.0
0.0	4.0	0.0	0.0
20.0	0.0	0.0	0.0
14.0	181.0	0.0	17.0
13.0	171.0	0.0	9.0
10.0	30.0	0.0	3.0
6.0	0.0	0.0	0.0
4.0	30.0	0.0	3.0
2.0	0.0	0.0	3.0
0.0	0.0	0.0	3.0
2.0	0.0	0.0	0.0
2.0	30.0	0.0	0.0
1.0	30.0	0.0	0.0
0.0	28.0	0.0	0.0
1.0	2.0	0.0	0.0
0.0	2.0	0.0	0.0
1.0	0.0	0.0	0.0
1.0	0.0	0.0	0.0
3.0	141.0	0.0	6.0
2.0	3.0	0.0	0.0
0.0	3.0	0.0	0.0
2.0	0.0	0.0	0.0
1.0	138.0	0.0	6.0
1.0	86.0	0.0	0.0
0.0	86.0	0.0	0.0
1.0	0.0	0.0	0.0
0.0	52.0	0.0	6.0
0.0	0.0	0.0	1.0
0.0	52.0	0.0	5.0
0.0	15.0	0.0	4.0
0.0	12.0	0.0	0.0
0.0	3.0	0.0	4.0
0.0	3.0	0.0	2.0
0.0	0.0	0.0	2.0
0.0	37.0	0.0	1.0
0.0	36.0	0.0	0.0
0.0	1.0	0.0	1.0
0.0	1.0	0.0	0.0
0.0	0.0	0.0	1.0
1.0	10.0	0.0	8.0
0.0	10.0	0.0	0.0
1.0	0.0	0.0	8.0
1.0	0.0	0.0	0.0
0.0	0.0	0.0	8.0
