# Sizes (NFeatures, Nclasses, NodeCount, MaxDepth)
14	4	191	14
# Classes
0.0	1.0	2.0	3.0
# Feature Names
Nrows	Ncols	Nnnz	AvgNnnz	Density	MaxRowNnnz	MinRowNnnz	StdRowNnnz	NDiags	NTrueDiags	AvgNnnzDia	AvgNnnzELL	AvgNnnzHyb	AvgNnnzHdc
# Left
1	2	3	4	5	-1	7	-1	-1	10	-1	-1	13	14	-1	16	-1	18	-1	-1	21	-1	23	24	25	-1	27	28	29	-1	31	-1	-1	-1	35	36	-1	-1	-1	40	-1	-1	-1	44	45	-1	47	48	49	50	51	-1	-1	54	55	56	57	-1	-1	60	61	-1	-1	-1	65	-1	67	68	-1	-1	71	72	-1	-1	-1	76	-1	-1	79	80	-1	-1	-1	84	-1	-1	-1	-1	89	90	91	92	-1	-1	95	96	-1	98	99	-1	101	-1	103	-1	-1	106	-1	108	-1	110	111	-1	-1	-1	115	116	117	118	119	-1	121	-1	-1	-1	125	126	-1	-1	129	-1	131	-1	-1	-1	-1	136	-1	138	-1	140	141	142	-1	144	-1	-1	-1	148	-1	-1	151	152	-1	-1	155	156	-1	-1	159	160	-1	162	163	164	165	-1	167	-1	-1	-1	-1	172	173	174	175	-1	-1	-1	179	180	-1	182	183	184	-1	-1	-1	-1	-1	-1	-1
# Right
88	43	12	9	6	-1	8	-1	-1	11	-1	-1	20	15	-1	17	-1	19	-1	-1	22	-1	42	39	26	-1	34	33	30	-1	32	-1	-1	-1	38	37	-1	-1	-1	41	-1	-1	-1	87	46	-1	86	83	78	53	52	-1	-1	75	64	59	58	-1	-1	63	62	-1	-1	-1	66	-1	70	69	-1	-1	74	73	-1	-1	-1	77	-1	-1	82	81	-1	-1	-1	85	-1	-1	-1	-1	150	135	94	93	-1	-1	114	97	-1	105	100	-1	102	-1	104	-1	-1	107	-1	109	-1	113	112	-1	-1	-1	134	133	124	123	120	-1	122	-1	-1	-1	128	127	-1	-1	130	-1	132	-1	-1	-1	-1	137	-1	139	-1	147	146	143	-1	145	-1	-1	-1	149	-1	-1	154	153	-1	-1	158	157	-1	-1	190	161	-1	171	170	169	166	-1	168	-1	-1	-1	-1	189	178	177	176	-1	-1	-1	188	181	-1	187	186	185	-1	-1	-1	-1	-1	-1	-1
# Threshold
10618.0	28.5	0.3331400007009506	0.5645510256290436	548.0	-2.0	15458.5	-2.0	-2.0	0.000160897099704016	-2.0	-2.0	106.0	0.7194445133209229	-2.0	1.4859750270843506	-2.0	0.5151999890804291	-2.0	-2.0	0.33718399703502655	-2.0	0.5022825002670288	126.31585121154785	0.0012586649972945452	-2.0	2980.5	0.005034320056438446	0.004334000172093511	-2.0	5.5	-2.0	-2.0	-2.0	172610.5	5.5	-2.0	-2.0	-2.0	199990.0	-2.0	-2.0	-2.0	17569800.0	57.0	-2.0	0.2731045037508011	58.588951110839844	0.8937059938907623	97.0	91.5	-2.0	-2.0	9.34487009048462	4874.5	44.0	26.5	-2.0	-2.0	3.598439931869507	3.576545000076294	-2.0	-2.0	-2.0	4998.0	-2.0	5479.5	12.20964002609253	-2.0	-2.0	0.6559300124645233	0.6052564978599548	-2.0	-2.0	-2.0	38.17340087890625	-2.0	-2.0	1.4466800093650818	66649.0	-2.0	-2.0	-2.0	0.7861480116844177	-2.0	-2.0	-2.0	-2.0	0.10571400076150894	15.13455057144165	67725.5	0.5998204946517944	-2.0	-2.0	0.5036550164222717	8732.0	-2.0	0.3233260065317154	224197.0	-2.0	0.0002672769915079698	-2.0	0.31272299587726593	-2.0	-2.0	0.9164915084838867	-2.0	0.9204780161380768	-2.0	34.5	3.5579700469970703	-2.0	-2.0	-2.0	0.000253391990554519	22616650.0	57.0	51.0	0.00017731900152284652	-2.0	87067.5	-2.0	-2.0	-2.0	2.561774969100952	2.394534945487976	-2.0	-2.0	2.0	-2.0	0.8197245001792908	-2.0	-2.0	-2.0	-2.0	47.25969886779785	-2.0	0.5	-2.0	0.9378394782543182	0.07147049903869629	0.4055370092391968	-2.0	6279.5	-2.0	-2.0	-2.0	98480.5	-2.0	-2.0	2.9996100664138794	1.031404972076416	-2.0	-2.0	0.5	0.00017550160100654466	-2.0	-2.0	0.9999994933605194	0.931100994348526	-2.0	27.509900093078613	11.5	2.8558599948883057	10.0	-2.0	2.0	-2.0	-2.0	-2.0	-2.0	14.0	0.4035924971103668	0.1318650022149086	0.0017907314759213477	-2.0	-2.0	-2.0	61.8450984954834	5.035130016040057e-05	-2.0	0.5868519842624664	64724.0	0.0009069930238183588	-2.0	-2.0	-2.0	-2.0	-2.0	-2.0	-2.0
# Feature
8	8	10	11	0	-2	1	-2	-2	4	-2	-2	0	11	-2	7	-2	4	-2	-2	13	-2	13	12	4	-2	1	4	4	-2	9	-2	-2	-2	2	9	-2	-2	-2	2	-2	-2	-2	2	2	-2	4	7	13	2	2	-2	-2	12	8	8	9	-2	-2	3	3	-2	-2	-2	8	-2	0	7	-2	-2	12	12	-2	-2	-2	3	-2	-2	12	1	-2	-2	-2	12	-2	-2	-2	-2	11	3	2	12	-2	-2	13	1	-2	13	2	-2	4	-2	12	-2	-2	12	-2	12	-2	5	3	-2	-2	-2	10	2	5	5	10	-2	1	-2	-2	-2	7	7	-2	-2	9	-2	12	-2	-2	-2	-2	7	-2	6	-2	12	11	13	-2	5	-2	-2	-2	0	-2	-2	3	7	-2	-2	6	10	-2	-2	11	12	-2	3	5	7	5	-2	6	-2	-2	-2	-2	9	11	11	10	-2	-2	-2	3	10	-2	13	0	4	-2	-2	-2	-2	-2	-2	-2
# Values
255.0	1245.0	119.0	20.0
10.0	991.0	119.0	7.0
1.0	40.0	113.0	0.0
1.0	18.0	4.0	0.0
0.0	4.0	4.0	0.0
0.0	0.0	2.0	0.0
0.0	4.0	2.0	0.0
0.0	2.0	2.0	0.0
0.0	2.0	0.0	0.0
1.0	14.0	0.0	0.0
1.0	0.0	0.0	0.0
0.0	14.0	0.0	0.0
0.0	22.0	109.0	0.0
0.0	10.0	6.0	0.0
0.0	0.0	4.0	0.0
0.0	10.0	2.0	0.0
0.0	9.0	0.0	0.0
0.0	1.0	2.0	0.0
0.0	0.0	2.0	0.0
0.0	1.0	0.0	0.0
0.0	12.0	103.0	0.0
0.0	3.0	0.0	0.0
0.0	9.0	103.0	0.0
0.0	7.0	103.0	0.0
0.0	6.0	102.0	0.0
0.0	0.0	53.0	0.0
0.0	6.0	49.0	0.0
0.0	2.0	44.0	0.0
0.0	2.0	17.0	0.0
0.0	0.0	14.0	0.0
0.0	2.0	3.0	0.0
0.0	1.0	1.0	0.0
0.0	1.0	2.0	0.0
0.0	0.0	27.0	0.0
0.0	4.0	5.0	0.0
0.0	4.0	2.0	0.0
0.0	2.0	2.0	0.0
0.0	2.0	0.0	0.0
0.0	0.0	3.0	0.0
0.0	1.0	1.0	0.0
0.0	1.0	0.0	0.0
0.0	0.0	1.0	0.0
0.0	2.0	0.0	0.0
9.0	951.0	6.0	7.0
9.0	951.0	6.0	3.0
0.0	0.0	1.0	0.0
9.0	951.0	5.0	3.0
9.0	951.0	4.0	3.0
5.0	931.0	4.0	3.0
4.0	925.0	4.0	2.0
0.0	2.0	1.0	0.0
0.0	2.0	0.0	0.0
0.0	0.0	1.0	0.0
4.0	923.0	3.0	2.0
4.0	905.0	3.0	0.0
0.0	814.0	3.0	0.0
0.0	20.0	1.0	0.0
0.0	20.0	0.0	0.0
0.0	0.0	1.0	0.0
0.0	794.0	2.0	0.0
0.0	85.0	2.0	0.0
0.0	49.0	0.0	0.0
0.0	36.0	2.0	0.0
0.0	709.0	0.0	0.0
4.0	91.0	0.0	0.0
1.0	0.0	0.0	0.0
3.0	91.0	0.0	0.0
2.0	7.0	0.0	0.0
0.0	7.0	0.0	0.0
2.0	0.0	0.0	0.0
1.0	84.0	0.0	0.0
1.0	7.0	0.0	0.0
0.0	7.0	0.0	0.0
1.0	0.0	0.0	0.0
0.0	77.0	0.0	0.0
0.0	18.0	0.0	2.0
0.0	18.0	0.0	0.0
0.0	0.0	0.0	2.0
1.0	6.0	0.0	1.0
1.0	0.0	0.0	1.0
0.0	0.0	0.0	1.0
1.0	0.0	0.0	0.0
0.0	6.0	0.0	0.0
4.0	20.0	0.0	0.0
4.0	0.0	0.0	0.0
0.0	20.0	0.0	0.0
0.0	0.0	1.0	0.0
0.0	0.0	0.0	4.0
245.0	254.0	0.0	13.0
217.0	69.0	0.0	4.0
197.0	36.0	0.0	0.0
2.0	10.0	0.0	0.0
2.0	0.0	0.0	0.0
0.0	10.0	0.0	0.0
195.0	26.0	0.0	0.0
143.0	7.0	0.0	0.0
0.0	1.0	0.0	0.0
143.0	6.0	0.0	0.0
19.0	4.0	0.0	0.0
16.0	0.0	0.0	0.0
3.0	4.0	0.0	0.0
2.0	0.0	0.0	0.0
1.0	4.0	0.0	0.0
1.0	0.0	0.0	0.0
0.0	4.0	0.0	0.0
124.0	2.0	0.0	0.0
115.0	0.0	0.0	0.0
9.0	2.0	0.0	0.0
0.0	1.0	0.0	0.0
9.0	1.0	0.0	0.0
2.0	1.0	0.0	0.0
0.0	1.0	0.0	0.0
2.0	0.0	0.0	0.0
7.0	0.0	0.0	0.0
52.0	19.0	0.0	0.0
52.0	11.0	0.0	0.0
52.0	7.0	0.0	0.0
3.0	4.0	0.0	0.0
3.0	1.0	0.0	0.0
2.0	0.0	0.0	0.0
1.0	1.0	0.0	0.0
1.0	0.0	0.0	0.0
0.0	1.0	0.0	0.0
0.0	3.0	0.0	0.0
49.0	3.0	0.0	0.0
2.0	2.0	0.0	0.0
2.0	0.0	0.0	0.0
0.0	2.0	0.0	0.0
47.0	1.0	0.0	0.0
46.0	0.0	0.0	0.0
1.0	1.0	0.0	0.0
1.0	0.0	0.0	0.0
0.0	1.0	0.0	0.0
0.0	4.0	0.0	0.0
0.0	8.0	0.0	0.0
20.0	33.0	0.0	4.0
0.0	24.0	0.0	0.0
20.0	9.0	0.0	4.0
0.0	5.0	0.0	0.0
20.0	4.0	0.0	4.0
20.0	2.0	0.0	0.0
20.0	1.0	0.0	0.0
18.0	0.0	0.0	0.0
2.0	1.0	0.0	0.0
0.0	1.0	0.0	0.0
2.0	0.0	0.0	0.0
0.0	1.0	0.0	0.0
0.0	2.0	0.0	4.0
0.0	2.0	0.0	0.0
0.0	0.0	0.0	4.0
28.0	185.0	0.0	9.0
17.0	2.0	0.0	0.0
17.0	0.0	0.0	0.0
0.0	2.0	0.0	0.0
11.0	183.0	0.0	9.0
7.0	9.0	0.0	0.0
7.0	0.0	0.0	0.0
0.0	9.0	0.0	0.0
4.0	174.0	0.0	9.0
3.0	174.0	0.0	9.0
0.0	0.0	0.0	1.0
3.0	174.0	0.0	8.0
1.0	108.0	0.0	1.0
1.0	27.0	0.0	1.0
0.0	27.0	0.0	1.0
0.0	26.0	0.0	0.0
0.0	1.0	0.0	1.0
0.0	1.0	0.0	0.0
0.0	0.0	0.0	1.0
1.0	0.0	0.0	0.0
0.0	81.0	0.0	0.0
2.0	66.0	0.0	7.0
2.0	23.0	0.0	7.0
0.0	14.0	0.0	1.0
0.0	1.0	0.0	1.0
0.0	0.0	0.0	1.0
0.0	1.0	0.0	0.0
0.0	13.0	0.0	0.0
2.0	9.0	0.0	6.0
2.0	9.0	0.0	2.0
2.0	0.0	0.0	0.0
0.0	9.0	0.0	2.0
0.0	4.0	0.0	2.0
0.0	4.0	0.0	1.0
0.0	3.0	0.0	1.0
0.0	1.0	0.0	0.0
0.0	0.0	0.0	1.0
0.0	5.0	0.0	0.0
0.0	0.0	0.0	4.0
0.0	43.0	0.0	0.0
1.0	0.0	0.0	0.0
