# Sizes (NFeatures, Nclasses, NodeCount, MaxDepth)
14	4	205	18
# Classes
0.0	1.0	2.0	3.0
# Feature Names
Nrows	Ncols	Nnnz	AvgNnnz	Density	MaxRowNnnz	MinRowNnnz	StdRowNnnz	NDiags	NTrueDiags	AvgNnnzDia	AvgNnnzELL	AvgNnnzHyb	AvgNnnzHdc
# Left
1	2	3	4	-1	-1	7	8	9	10	-1	12	13	14	-1	-1	-1	-1	-1	20	21	-1	23	-1	-1	26	-1	28	-1	-1	-1	32	33	34	-1	-1	37	38	39	40	-1	42	-1	-1	45	46	47	-1	-1	50	51	52	53	54	-1	-1	-1	-1	59	60	61	-1	-1	64	65	-1	-1	68	69	-1	-1	72	73	-1	75	-1	-1	-1	79	-1	-1	82	83	-1	-1	-1	87	-1	-1	-1	91	-1	93	-1	95	-1	-1	98	99	-1	-1	-1	103	104	105	106	-1	108	109	110	111	-1	-1	-1	-1	-1	117	-1	119	-1	-1	122	-1	124	-1	-1	127	128	129	-1	131	132	-1	-1	-1	136	137	138	-1	140	-1	-1	143	-1	145	146	-1	-1	149	-1	-1	152	-1	-1	155	156	157	158	159	-1	-1	-1	-1	164	-1	-1	167	168	169	170	171	-1	-1	-1	175	176	-1	-1	179	180	181	-1	183	184	-1	-1	-1	188	-1	-1	191	-1	193	194	-1	-1	-1	198	-1	-1	201	202	-1	-1	-1
# Right
102	31	6	5	-1	-1	30	19	18	11	-1	17	16	15	-1	-1	-1	-1	-1	25	22	-1	24	-1	-1	27	-1	29	-1	-1	-1	97	36	35	-1	-1	90	89	44	41	-1	43	-1	-1	86	49	48	-1	-1	81	58	57	56	55	-1	-1	-1	-1	78	63	62	-1	-1	67	66	-1	-1	71	70	-1	-1	77	74	-1	76	-1	-1	-1	80	-1	-1	85	84	-1	-1	-1	88	-1	-1	-1	92	-1	94	-1	96	-1	-1	101	100	-1	-1	-1	126	121	116	107	-1	115	114	113	112	-1	-1	-1	-1	-1	118	-1	120	-1	-1	123	-1	125	-1	-1	154	135	130	-1	134	133	-1	-1	-1	151	142	139	-1	141	-1	-1	144	-1	148	147	-1	-1	150	-1	-1	153	-1	-1	166	163	162	161	160	-1	-1	-1	-1	165	-1	-1	200	197	174	173	172	-1	-1	-1	178	177	-1	-1	190	187	182	-1	186	185	-1	-1	-1	189	-1	-1	192	-1	196	195	-1	-1	-1	199	-1	-1	204	203	-1	-1	-1
# Threshold
10711.5	14.0	107.0	5.5	-2.0	-2.0	0.5022825002670288	4.9320900440216064	8.0	3.5	-2.0	16000.0	10000.0	0.49912650883197784	-2.0	-2.0	-2.0	-2.0	-2.0	23035.0	0.0028877300210297108	-2.0	0.4039655029773712	-2.0	-2.0	0.8654139935970306	-2.0	0.4166559875011444	-2.0	-2.0	-2.0	17569800.0	3.5	0.06250005029141903	-2.0	-2.0	63.557701110839844	0.8022744953632355	36.0	39.5	-2.0	54.0	-2.0	-2.0	8.927649974822998	2.181155014113756e-05	0.0010712980147218332	-2.0	-2.0	4928.0	43.5	26.0	3.97337007522583	4.0	-2.0	-2.0	-2.0	-2.0	0.8937059938907623	0.3754599988460541	3.888599991798401	-2.0	-2.0	0.004792635096237063	0.004734465153887868	-2.0	-2.0	3.6144999265670776	3.58351993560791	-2.0	-2.0	0.5	0.5793949961662292	-2.0	1719.0	-2.0	-2.0	-2.0	389331.0	-2.0	-2.0	0.8111070096492767	1042.0	-2.0	-2.0	-2.0	0.051103100180625916	-2.0	-2.0	-2.0	35.229549407958984	-2.0	10.5	-2.0	212.25650024414062	-2.0	-2.0	7428.0	1363.5	-2.0	-2.0	-2.0	0.8861764967441559	73.90769958496094	0.4911295026540756	9278.5	-2.0	0.3214855045080185	0.5547620058059692	7180.5	14398.0	-2.0	-2.0	-2.0	-2.0	-2.0	41987.0	-2.0	22616650.0	-2.0	-2.0	0.5	-2.0	0.3860485106706619	-2.0	-2.0	4.971605062484741	70202.5	2.815959930419922	-2.0	3.5742900371551514	1.4112029820680618	-2.0	-2.0	-2.0	3.0	1.2402949929237366	0.00014934150385670364	-2.0	0.08042214810848236	-2.0	-2.0	1.2522050142288208	-2.0	2.7825900316238403	1.9611742601455262e-05	-2.0	-2.0	698.6775169372559	-2.0	-2.0	0.3714964985847473	-2.0	-2.0	0.9304250180721283	5924445.0	0.15870900079607964	8.142045021057129	241.0	-2.0	-2.0	-2.0	-2.0	0.31063999235630035	-2.0	-2.0	0.8175034821033478	102.8125	11.5	0.4415600001811981	0.5	-2.0	-2.0	-2.0	5.44199013710022	62688.5	-2.0	-2.0	0.002635785029269755	62.323150634765625	0.582335501909256	-2.0	0.5890949964523315	0.00035195661166653736	-2.0	-2.0	-2.0	2.0	-2.0	-2.0	0.0018617149908095598	-2.0	3.0	0.3608059883117676	-2.0	-2.0	-2.0	8.5	-2.0	-2.0	9.5	3515720.0	-2.0	-2.0	-2.0
# Feature
8	8	0	5	-2	-2	13	3	9	6	-2	2	2	13	-2	-2	-2	-2	-2	2	4	-2	7	-2	-2	11	-2	13	-2	-2	-2	2	5	10	-2	-2	7	10	0	8	-2	8	-2	-2	12	4	10	-2	-2	8	8	5	3	9	-2	-2	-2	-2	13	7	3	-2	-2	11	11	-2	-2	3	3	-2	-2	9	11	-2	8	-2	-2	-2	2	-2	-2	12	5	-2	-2	-2	10	-2	-2	-2	3	-2	6	-2	3	-2	-2	8	8	-2	-2	-2	12	3	13	1	-2	13	12	5	8	-2	-2	-2	-2	-2	8	-2	2	-2	-2	6	-2	13	-2	-2	3	0	3	-2	3	7	-2	-2	-2	9	12	10	-2	11	-2	-2	12	-2	3	10	-2	-2	12	-2	-2	13	-2	-2	12	2	11	3	5	-2	-2	-2	-2	13	-2	-2	11	7	5	13	6	-2	-2	-2	3	1	-2	-2	4	7	13	-2	13	4	-2	-2	-2	6	-2	-2	10	-2	9	13	-2	-2	-2	6	-2	-2	9	2	-2	-2	-2
# Values
264.0	1233.0	103.0	39.0
20.0	964.0	103.0	21.0
0.0	24.0	93.0	2.0
0.0	10.0	1.0	0.0
0.0	10.0	0.0	0.0
0.0	0.0	1.0	0.0
0.0	14.0	92.0	2.0
0.0	12.0	92.0	2.0
0.0	3.0	62.0	0.0
0.0	2.0	62.0	0.0
0.0	0.0	48.0	0.0
0.0	2.0	14.0	0.0
0.0	2.0	9.0	0.0
0.0	1.0	7.0	0.0
0.0	1.0	3.0	0.0
0.0	0.0	4.0	0.0
0.0	1.0	2.0	0.0
0.0	0.0	5.0	0.0
0.0	1.0	0.0	0.0
0.0	9.0	30.0	2.0
0.0	8.0	6.0	0.0
0.0	7.0	0.0	0.0
0.0	1.0	6.0	0.0
0.0	1.0	0.0	0.0
0.0	0.0	6.0	0.0
0.0	1.0	24.0	2.0
0.0	0.0	0.0	2.0
0.0	1.0	24.0	0.0
0.0	1.0	0.0	0.0
0.0	0.0	24.0	0.0
0.0	2.0	0.0	0.0
20.0	940.0	10.0	19.0
20.0	935.0	10.0	8.0
4.0	3.0	0.0	0.0
0.0	3.0	0.0	0.0
4.0	0.0	0.0	0.0
16.0	932.0	10.0	8.0
8.0	912.0	10.0	8.0
8.0	912.0	8.0	8.0
0.0	6.0	4.0	0.0
0.0	5.0	0.0	0.0
0.0	1.0	4.0	0.0
0.0	0.0	4.0	0.0
0.0	1.0	0.0	0.0
8.0	906.0	4.0	8.0
8.0	893.0	4.0	4.0
1.0	1.0	0.0	0.0
1.0	0.0	0.0	0.0
0.0	1.0	0.0	0.0
7.0	892.0	4.0	4.0
1.0	806.0	4.0	4.0
0.0	31.0	3.0	0.0
0.0	31.0	1.0	0.0
0.0	5.0	1.0	0.0
0.0	3.0	0.0	0.0
0.0	2.0	1.0	0.0
0.0	26.0	0.0	0.0
0.0	0.0	2.0	0.0
1.0	775.0	1.0	4.0
1.0	771.0	1.0	3.0
1.0	5.0	0.0	0.0
1.0	0.0	0.0	0.0
0.0	5.0	0.0	0.0
0.0	766.0	1.0	3.0
0.0	66.0	0.0	2.0
0.0	13.0	0.0	0.0
0.0	53.0	0.0	2.0
0.0	700.0	1.0	1.0
0.0	62.0	1.0	0.0
0.0	36.0	0.0	0.0
0.0	26.0	1.0	0.0
0.0	638.0	0.0	1.0
0.0	83.0	0.0	1.0
0.0	70.0	0.0	0.0
0.0	13.0	0.0	1.0
0.0	13.0	0.0	0.0
0.0	0.0	0.0	1.0
0.0	555.0	0.0	0.0
0.0	4.0	0.0	1.0
0.0	0.0	0.0	1.0
0.0	4.0	0.0	0.0
6.0	86.0	0.0	0.0
6.0	10.0	0.0	0.0
6.0	0.0	0.0	0.0
0.0	10.0	0.0	0.0
0.0	76.0	0.0	0.0
0.0	13.0	0.0	4.0
0.0	13.0	0.0	0.0
0.0	0.0	0.0	4.0
0.0	0.0	2.0	0.0
8.0	20.0	0.0	0.0
5.0	0.0	0.0	0.0
3.0	20.0	0.0	0.0
0.0	17.0	0.0	0.0
3.0	3.0	0.0	0.0
3.0	0.0	0.0	0.0
0.0	3.0	0.0	0.0
0.0	5.0	0.0	11.0
0.0	5.0	0.0	1.0
0.0	0.0	0.0	1.0
0.0	5.0	0.0	0.0
0.0	0.0	0.0	10.0
244.0	269.0	0.0	18.0
166.0	23.0	0.0	0.0
158.0	12.0	0.0	0.0
142.0	4.0	0.0	0.0
0.0	1.0	0.0	0.0
142.0	3.0	0.0	0.0
33.0	3.0	0.0	0.0
33.0	1.0	0.0	0.0
8.0	1.0	0.0	0.0
8.0	0.0	0.0	0.0
0.0	1.0	0.0	0.0
25.0	0.0	0.0	0.0
0.0	2.0	0.0	0.0
109.0	0.0	0.0	0.0
16.0	8.0	0.0	0.0
0.0	6.0	0.0	0.0
16.0	2.0	0.0	0.0
16.0	0.0	0.0	0.0
0.0	2.0	0.0	0.0
8.0	11.0	0.0	0.0
0.0	10.0	0.0	0.0
8.0	1.0	0.0	0.0
8.0	0.0	0.0	0.0
0.0	1.0	0.0	0.0
78.0	246.0	0.0	18.0
62.0	28.0	0.0	0.0
3.0	15.0	0.0	0.0
2.0	0.0	0.0	0.0
1.0	15.0	0.0	0.0
1.0	2.0	0.0	0.0
0.0	2.0	0.0	0.0
1.0	0.0	0.0	0.0
0.0	13.0	0.0	0.0
59.0	13.0	0.0	0.0
56.0	9.0	0.0	0.0
38.0	2.0	0.0	0.0
37.0	0.0	0.0	0.0
1.0	2.0	0.0	0.0
1.0	0.0	0.0	0.0
0.0	2.0	0.0	0.0
18.0	7.0	0.0	0.0
0.0	3.0	0.0	0.0
18.0	4.0	0.0	0.0
1.0	3.0	0.0	0.0
1.0	0.0	0.0	0.0
0.0	3.0	0.0	0.0
17.0	1.0	0.0	0.0
17.0	0.0	0.0	0.0
0.0	1.0	0.0	0.0
3.0	4.0	0.0	0.0
3.0	0.0	0.0	0.0
0.0	4.0	0.0	0.0
16.0	218.0	0.0	18.0
12.0	9.0	0.0	0.0
11.0	2.0	0.0	0.0
11.0	1.0	0.0	0.0
2.0	1.0	0.0	0.0
2.0	0.0	0.0	0.0
0.0	1.0	0.0	0.0
9.0	0.0	0.0	0.0
0.0	1.0	0.0	0.0
1.0	7.0	0.0	0.0
1.0	0.0	0.0	0.0
0.0	7.0	0.0	0.0
4.0	209.0	0.0	18.0
2.0	205.0	0.0	14.0
2.0	202.0	0.0	10.0
0.0	13.0	0.0	4.0
0.0	13.0	0.0	2.0
0.0	0.0	0.0	2.0
0.0	13.0	0.0	0.0
0.0	0.0	0.0	2.0
2.0	189.0	0.0	6.0
0.0	3.0	0.0	3.0
0.0	3.0	0.0	0.0
0.0	0.0	0.0	3.0
2.0	186.0	0.0	3.0
2.0	170.0	0.0	1.0
1.0	169.0	0.0	1.0
0.0	153.0	0.0	0.0
1.0	16.0	0.0	1.0
1.0	0.0	0.0	1.0
1.0	0.0	0.0	0.0
0.0	0.0	0.0	1.0
0.0	16.0	0.0	0.0
1.0	1.0	0.0	0.0
0.0	1.0	0.0	0.0
1.0	0.0	0.0	0.0
0.0	16.0	0.0	2.0
0.0	0.0	0.0	1.0
0.0	16.0	0.0	1.0
0.0	4.0	0.0	1.0
0.0	0.0	0.0	1.0
0.0	4.0	0.0	0.0
0.0	12.0	0.0	0.0
0.0	3.0	0.0	4.0
0.0	3.0	0.0	0.0
0.0	0.0	0.0	4.0
2.0	4.0	0.0	4.0
2.0	4.0	0.0	0.0
2.0	0.0	0.0	0.0
0.0	4.0	0.0	0.0
0.0	0.0	0.0	4.0
