# Sizes (NFeatures, Nclasses, NodeCount, MaxDepth)
14	4	187	15
# Classes
0.0	1.0	2.0	3.0
# Feature Names
Nrows	Ncols	Nnnz	AvgNnnz	Density	MaxRowNnnz	MinRowNnnz	StdRowNnnz	NDiags	NTrueDiags	AvgNnnzDia	AvgNnnzELL	AvgNnnzHyb	AvgNnnzHdc
# Left
1	2	3	4	-1	6	7	8	9	10	-1	12	-1	-1	15	-1	-1	18	-1	20	-1	-1	-1	24	25	-1	27	-1	-1	-1	31	32	-1	-1	35	36	-1	-1	39	-1	41	-1	-1	44	45	-1	-1	48	-1	50	-1	-1	53	54	55	56	57	-1	-1	-1	-1	62	-1	64	65	66	67	68	69	-1	71	72	73	-1	-1	-1	-1	78	-1	80	-1	-1	-1	-1	-1	-1	87	88	89	90	-1	92	-1	-1	95	96	-1	98	99	-1	-1	102	103	104	-1	-1	-1	108	-1	-1	111	-1	-1	114	115	116	117	-1	-1	120	121	-1	-1	-1	125	126	127	-1	-1	130	131	132	-1	-1	-1	-1	-1	138	139	140	141	-1	143	-1	-1	-1	147	148	149	-1	151	-1	-1	154	-1	-1	157	158	-1	160	161	-1	-1	164	-1	166	-1	168	-1	170	-1	-1	-1	-1	175	176	-1	178	-1	180	181	-1	-1	-1	185	-1	-1
# Right
52	43	30	5	-1	23	22	17	14	11	-1	13	-1	-1	16	-1	-1	19	-1	21	-1	-1	-1	29	26	-1	28	-1	-1	-1	34	33	-1	-1	38	37	-1	-1	40	-1	42	-1	-1	47	46	-1	-1	49	-1	51	-1	-1	86	61	60	59	58	-1	-1	-1	-1	63	-1	85	84	83	82	77	70	-1	76	75	74	-1	-1	-1	-1	79	-1	81	-1	-1	-1	-1	-1	-1	174	113	94	91	-1	93	-1	-1	110	97	-1	101	100	-1	-1	107	106	105	-1	-1	-1	109	-1	-1	112	-1	-1	137	124	119	118	-1	-1	123	122	-1	-1	-1	136	129	128	-1	-1	135	134	133	-1	-1	-1	-1	-1	173	146	145	142	-1	144	-1	-1	-1	156	153	150	-1	152	-1	-1	155	-1	-1	172	159	-1	163	162	-1	-1	165	-1	167	-1	169	-1	171	-1	-1	-1	-1	184	177	-1	179	-1	183	182	-1	-1	-1	186	-1	-1
# Threshold
0.00016745500033721328	2.5	0.36730049550533295	86065.5	-2.0	16.005749702453613	2.703060030937195	0.08977685123682022	2991420.0	1.0304325222969055	-2.0	1.5	-2.0	-2.0	1.5	-2.0	-2.0	4.763324975967407	-2.0	1.8245449662208557	-2.0	-2.0	-2.0	0.04830470122396946	3.363919950061245e-05	-2.0	0.6589004993438721	-2.0	-2.0	-2.0	4.5	0.02065699966624379	-2.0	-2.0	0.5	164935.0	-2.0	-2.0	2.8558599948883057	-2.0	11.5	-2.0	-2.0	1.0281130075454712	6.31337497907225e-05	-2.0	-2.0	35.501901626586914	-2.0	1305685.0	-2.0	-2.0	28.0	0.33785200119018555	39694.5	0.5640720129013062	1.6434549689292908	-2.0	-2.0	-2.0	-2.0	104.0	-2.0	0.8496220111846924	0.8367860019207001	0.6161195039749146	9.5	6.0	3.5	-2.0	4000.0	0.49958349764347076	1400.0	-2.0	-2.0	-2.0	-2.0	962.5	-2.0	423.27100706100464	-2.0	-2.0	-2.0	-2.0	-2.0	-2.0	4733.5	5208.5	43.0	0.5	-2.0	3.0	-2.0	-2.0	80.82490158081055	5.648930027746246e-06	-2.0	0.36919599771499634	0.34367699921131134	-2.0	-2.0	4414135.0	43.5	26.0	-2.0	-2.0	-2.0	0.05974249914288521	-2.0	-2.0	68.14734840393066	-2.0	-2.0	0.05429899878799915	1.5	0.0002583580062491819	2.5	-2.0	-2.0	0.0021259099594317377	0.04876364953815937	-2.0	-2.0	-2.0	16.0	15.501899719238281	0.007318750023841858	-2.0	-2.0	98306.5	20.880499839782715	17.126700401306152	-2.0	-2.0	-2.0	-2.0	-2.0	13.126890182495117	3.5959250926971436	30747.0	2.690274953842163	-2.0	0.4682755023241043	-2.0	-2.0	-2.0	36.46259880065918	0.993989497423172	291.5	-2.0	324.5	-2.0	-2.0	14.146600246429443	-2.0	-2.0	88411.5	37.41474914550781	-2.0	146.5	0.440030500292778	-2.0	-2.0	473611.0	-2.0	0.001272970053832978	-2.0	199.73300170898438	-2.0	185.0	-2.0	-2.0	-2.0	-2.0	0.8977565169334412	0.5	-2.0	32.46854877471924	-2.0	0.285179004073143	223299.0	-2.0	-2.0	-2.0	12170.5	-2.0	-2.0
# Feature
10	6	11	2	-2	3	12	11	0	12	-2	9	-2	-2	9	-2	-2	3	-2	7	-2	-2	-2	11	10	-2	12	-2	-2	-2	5	7	-2	-2	6	0	-2	-2	7	-2	5	-2	-2	12	4	-2	-2	3	-2	0	-2	-2	8	10	0	11	7	-2	-2	-2	-2	2	-2	10	10	7	8	9	6	-2	1	13	1	-2	-2	-2	-2	0	-2	12	-2	-2	-2	-2	-2	-2	5	8	0	9	-2	6	-2	-2	7	4	-2	7	7	-2	-2	2	8	5	-2	-2	-2	10	-2	-2	3	-2	-2	11	6	10	9	-2	-2	10	11	-2	-2	-2	9	7	11	-2	-2	1	7	7	-2	-2	-2	-2	-2	12	3	1	7	-2	13	-2	-2	-2	7	13	5	-2	5	-2	-2	3	-2	-2	1	7	-2	5	11	-2	-2	2	-2	10	-2	7	-2	9	-2	-2	-2	-2	12	6	-2	7	-2	13	2	-2	-2	-2	0	-2	-2
# Values
243.0	1253.0	115.0	28.0
158.0	85.0	0.0	5.0
151.0	34.0	0.0	5.0
134.0	15.0	0.0	3.0
0.0	3.0	0.0	0.0
134.0	12.0	0.0	3.0
131.0	8.0	0.0	1.0
131.0	6.0	0.0	1.0
117.0	3.0	0.0	0.0
104.0	1.0	0.0	0.0
85.0	0.0	0.0	0.0
19.0	1.0	0.0	0.0
19.0	0.0	0.0	0.0
0.0	1.0	0.0	0.0
13.0	2.0	0.0	0.0
13.0	0.0	0.0	0.0
0.0	2.0	0.0	0.0
14.0	3.0	0.0	1.0
14.0	0.0	0.0	0.0
0.0	3.0	0.0	1.0
0.0	0.0	0.0	1.0
0.0	3.0	0.0	0.0
0.0	2.0	0.0	0.0
3.0	4.0	0.0	2.0
3.0	4.0	0.0	0.0
0.0	3.0	0.0	0.0
3.0	1.0	0.0	0.0
0.0	1.0	0.0	0.0
3.0	0.0	0.0	0.0
0.0	0.0	0.0	2.0
17.0	19.0	0.0	2.0
14.0	1.0	0.0	0.0
0.0	1.0	0.0	0.0
14.0	0.0	0.0	0.0
3.0	18.0	0.0	2.0
2.0	0.0	0.0	2.0
0.0	0.0	0.0	2.0
2.0	0.0	0.0	0.0
1.0	18.0	0.0	0.0
0.0	16.0	0.0	0.0
1.0	2.0	0.0	0.0
1.0	0.0	0.0	0.0
0.0	2.0	0.0	0.0
7.0	51.0	0.0	0.0
6.0	3.0	0.0	0.0
0.0	3.0	0.0	0.0
6.0	0.0	0.0	0.0
1.0	48.0	0.0	0.0
0.0	45.0	0.0	0.0
1.0	3.0	0.0	0.0
0.0	3.0	0.0	0.0
1.0	0.0	0.0	0.0
85.0	1168.0	115.0	23.0
1.0	41.0	110.0	0.0
1.0	18.0	1.0	0.0
0.0	18.0	1.0	0.0
0.0	2.0	1.0	0.0
0.0	2.0	0.0	0.0
0.0	0.0	1.0	0.0
0.0	16.0	0.0	0.0
1.0	0.0	0.0	0.0
0.0	23.0	109.0	0.0
0.0	7.0	0.0	0.0
0.0	16.0	109.0	0.0
0.0	16.0	54.0	0.0
0.0	11.0	54.0	0.0
0.0	11.0	24.0	0.0
0.0	4.0	24.0	0.0
0.0	2.0	22.0	0.0
0.0	0.0	10.0	0.0
0.0	2.0	12.0	0.0
0.0	2.0	7.0	0.0
0.0	1.0	5.0	0.0
0.0	1.0	4.0	0.0
0.0	0.0	1.0	0.0
0.0	1.0	2.0	0.0
0.0	0.0	5.0	0.0
0.0	2.0	2.0	0.0
0.0	1.0	0.0	0.0
0.0	1.0	2.0	0.0
0.0	1.0	1.0	0.0
0.0	0.0	1.0	0.0
0.0	7.0	0.0	0.0
0.0	0.0	30.0	0.0
0.0	5.0	0.0	0.0
0.0	0.0	55.0	0.0
84.0	1127.0	5.0	23.0
50.0	1114.0	5.0	23.0
6.0	835.0	5.0	2.0
0.0	3.0	4.0	0.0
0.0	0.0	3.0	0.0
0.0	3.0	1.0	0.0
0.0	3.0	0.0	0.0
0.0	0.0	1.0	0.0
6.0	832.0	1.0	2.0
2.0	829.0	1.0	2.0
0.0	0.0	0.0	1.0
2.0	829.0	1.0	1.0
2.0	20.0	0.0	0.0
0.0	20.0	0.0	0.0
2.0	0.0	0.0	0.0
0.0	809.0	1.0	1.0
0.0	803.0	1.0	0.0
0.0	21.0	1.0	0.0
0.0	21.0	0.0	0.0
0.0	0.0	1.0	0.0
0.0	782.0	0.0	0.0
0.0	6.0	0.0	1.0
0.0	6.0	0.0	0.0
0.0	0.0	0.0	1.0
4.0	3.0	0.0	0.0
4.0	0.0	0.0	0.0
0.0	3.0	0.0	0.0
44.0	279.0	0.0	21.0
35.0	58.0	0.0	1.0
13.0	48.0	0.0	0.0
9.0	3.0	0.0	0.0
9.0	0.0	0.0	0.0
0.0	3.0	0.0	0.0
4.0	45.0	0.0	0.0
2.0	45.0	0.0	0.0
0.0	45.0	0.0	0.0
2.0	0.0	0.0	0.0
2.0	0.0	0.0	0.0
22.0	10.0	0.0	1.0
22.0	5.0	0.0	1.0
1.0	4.0	0.0	0.0
1.0	0.0	0.0	0.0
0.0	4.0	0.0	0.0
21.0	1.0	0.0	1.0
21.0	1.0	0.0	0.0
6.0	1.0	0.0	0.0
6.0	0.0	0.0	0.0
0.0	1.0	0.0	0.0
15.0	0.0	0.0	0.0
0.0	0.0	0.0	1.0
0.0	5.0	0.0	0.0
9.0	221.0	0.0	20.0
9.0	221.0	0.0	13.0
6.0	5.0	0.0	0.0
2.0	5.0	0.0	0.0
0.0	4.0	0.0	0.0
2.0	1.0	0.0	0.0
2.0	0.0	0.0	0.0
0.0	1.0	0.0	0.0
4.0	0.0	0.0	0.0
3.0	216.0	0.0	13.0
0.0	187.0	0.0	4.0
0.0	185.0	0.0	2.0
0.0	179.0	0.0	0.0
0.0	6.0	0.0	2.0
0.0	0.0	0.0	2.0
0.0	6.0	0.0	0.0
0.0	2.0	0.0	2.0
0.0	0.0	0.0	2.0
0.0	2.0	0.0	0.0
3.0	29.0	0.0	9.0
3.0	29.0	0.0	5.0
0.0	0.0	0.0	3.0
3.0	29.0	0.0	2.0
0.0	1.0	0.0	2.0
0.0	1.0	0.0	0.0
0.0	0.0	0.0	2.0
3.0	28.0	0.0	0.0
1.0	0.0	0.0	0.0
2.0	28.0	0.0	0.0
1.0	0.0	0.0	0.0
1.0	28.0	0.0	0.0
0.0	25.0	0.0	0.0
1.0	3.0	0.0	0.0
1.0	0.0	0.0	0.0
0.0	3.0	0.0	0.0
0.0	0.0	0.0	4.0
0.0	0.0	0.0	7.0
34.0	13.0	0.0	0.0
33.0	4.0	0.0	0.0
0.0	2.0	0.0	0.0
33.0	2.0	0.0	0.0
0.0	1.0	0.0	0.0
33.0	1.0	0.0	0.0
8.0	1.0	0.0	0.0
8.0	0.0	0.0	0.0
0.0	1.0	0.0	0.0
25.0	0.0	0.0	0.0
1.0	9.0	0.0	0.0
1.0	0.0	0.0	0.0
0.0	9.0	0.0	0.0
