# Sizes (NFeatures, Nclasses, NodeCount, MaxDepth)
14	4	181	12
# Classes
0.0	1.0	2.0	3.0
# Feature Names
Nrows	Ncols	Nnnz	AvgNnnz	Density	MaxRowNnnz	MinRowNnnz	StdRowNnnz	NDiags	NTrueDiags	AvgNnnzDia	AvgNnnzELL	AvgNnnzHyb	AvgNnnzHdc
# Left
1	2	3	4	-1	-1	7	8	9	10	11	12	13	14	-1	-1	-1	18	19	20	-1	-1	-1	24	25	-1	-1	-1	29	30	31	-1	33	-1	-1	-1	37	-1	-1	40	-1	-1	-1	-1	45	46	47	-1	-1	-1	51	52	-1	-1	55	-1	57	-1	-1	60	61	62	-1	-1	-1	66	67	68	69	-1	-1	-1	73	74	75	76	-1	-1	79	80	81	-1	-1	84	85	-1	-1	-1	89	-1	-1	92	93	-1	-1	-1	-1	98	-1	100	-1	102	103	-1	-1	-1	107	108	109	110	111	-1	-1	-1	115	-1	-1	118	119	-1	-1	122	123	124	-1	126	127	-1	-1	-1	131	132	133	-1	-1	-1	-1	-1	139	140	141	142	143	-1	-1	146	147	148	149	150	-1	-1	153	154	-1	-1	-1	158	-1	-1	161	-1	163	-1	-1	166	-1	-1	169	-1	171	172	-1	174	-1	-1	-1	178	-1	-1	-1
# Right
106	59	6	5	-1	-1	44	43	42	39	28	17	16	15	-1	-1	-1	23	22	21	-1	-1	-1	27	26	-1	-1	-1	36	35	32	-1	34	-1	-1	-1	38	-1	-1	41	-1	-1	-1	-1	50	49	48	-1	-1	-1	54	53	-1	-1	56	-1	58	-1	-1	65	64	63	-1	-1	-1	97	72	71	70	-1	-1	-1	96	91	78	77	-1	-1	88	83	82	-1	-1	87	86	-1	-1	-1	90	-1	-1	95	94	-1	-1	-1	-1	99	-1	101	-1	105	104	-1	-1	-1	138	117	114	113	112	-1	-1	-1	116	-1	-1	121	120	-1	-1	137	130	125	-1	129	128	-1	-1	-1	136	135	134	-1	-1	-1	-1	-1	180	177	168	145	144	-1	-1	165	160	157	152	151	-1	-1	156	155	-1	-1	-1	159	-1	-1	162	-1	164	-1	-1	167	-1	-1	170	-1	176	173	-1	175	-1	-1	-1	179	-1	-1	-1
# Threshold
0.0012601349735632539	1.03753000497818	56922.5	21.61590003967285	-2.0	-2.0	13.973949909210205	0.7948495149612427	0.15505649894475937	19.0	20.817550659179688	1.5	25451.5	9.171710014343262	-2.0	-2.0	-2.0	0.42806699872016907	19961.0	0.012059299740940332	-2.0	-2.0	-2.0	5.649924993515015	5.332205057144165	-2.0	-2.0	-2.0	2.5	27.963199615478516	0.33647599816322327	-2.0	20604.0	-2.0	-2.0	-2.0	8.623679968877696e-05	-2.0	-2.0	0.28519749641418457	-2.0	-2.0	-2.0	-2.0	0.5	15.164499759674072	0.00016589743131589785	-2.0	-2.0	-2.0	44.456199645996094	0.9330034852027893	-2.0	-2.0	10.5	-2.0	0.0010163455153815448	-2.0	-2.0	2.9996100664138794	1.031404972076416	24099.0	-2.0	-2.0	-2.0	0.7587794959545135	0.5	13.0	0.3862529993057251	-2.0	-2.0	-2.0	0.0012503850157372653	13.0	3.5742900371551514	3.5579700469970703	-2.0	-2.0	0.7251880168914795	8.5	6.0	-2.0	-2.0	1.6013150215148926	0.4666064977645874	-2.0	-2.0	-2.0	4.79803991317749	-2.0	-2.0	37.66729927062988	64724.0	-2.0	-2.0	-2.0	-2.0	1.1986600160598755	-2.0	2.2970099449157715	-2.0	0.0001078825989679899	225857677.0	-2.0	-2.0	-2.0	28.0	0.49905000627040863	2753.0	22.5	0.2948615103960037	-2.0	-2.0	-2.0	2.9156649112701416	-2.0	-2.0	107.0	1.4859750270843506	-2.0	-2.0	0.9070644974708557	0.8171429932117462	0.9997099936008453	-2.0	0.003499999991618097	0.4166559875011444	-2.0	-2.0	-2.0	0.8737455010414124	7.5704851150512695	5.857500076293945	-2.0	-2.0	-2.0	-2.0	-2.0	8176.0	17569800.0	61.798500061035156	1.4641200304031372	0.018630630569532514	-2.0	-2.0	8.837295055389404	40.476200103759766	0.8937059938907623	0.4606095105409622	0.004734890069812536	-2.0	-2.0	3.598439931869507	3.58351993560791	-2.0	-2.0	-2.0	0.5	-2.0	-2.0	41.39620018005371	-2.0	160.0	-2.0	-2.0	49.0	-2.0	-2.0	0.0529204998165369	-2.0	88411.5	2682.5	-2.0	30.0	-2.0	-2.0	-2.0	34.88330078125	-2.0	-2.0	-2.0
# Feature
10	12	2	7	-2	-2	3	13	11	9	7	9	1	3	-2	-2	-2	13	1	11	-2	-2	-2	3	3	-2	-2	-2	6	7	13	-2	8	-2	-2	-2	10	-2	-2	13	-2	-2	-2	-2	6	3	10	-2	-2	-2	7	12	-2	-2	6	-2	10	-2	-2	3	7	1	-2	-2	-2	13	6	5	13	-2	-2	-2	10	6	3	3	-2	-2	13	5	9	-2	-2	7	13	-2	-2	-2	3	-2	-2	3	0	-2	-2	-2	-2	12	-2	7	-2	10	2	-2	-2	-2	8	10	2	0	13	-2	-2	-2	3	-2	-2	1	7	-2	-2	10	10	11	-2	4	13	-2	-2	-2	7	12	3	-2	-2	-2	-2	-2	5	2	7	3	10	-2	-2	12	7	13	12	11	-2	-2	3	3	-2	-2	-2	6	-2	-2	7	-2	5	-2	-2	9	-2	-2	11	-2	1	5	-2	6	-2	-2	-2	3	-2	-2	-2
# Values
255.0	1270.0	83.0	31.0
236.0	248.0	0.0	15.0
193.0	61.0	0.0	2.0
1.0	14.0	0.0	0.0
0.0	14.0	0.0	0.0
1.0	0.0	0.0	0.0
192.0	47.0	0.0	2.0
174.0	27.0	0.0	0.0
174.0	23.0	0.0	0.0
174.0	20.0	0.0	0.0
171.0	16.0	0.0	0.0
52.0	12.0	0.0	0.0
36.0	2.0	0.0	0.0
9.0	2.0	0.0	0.0
0.0	2.0	0.0	0.0
9.0	0.0	0.0	0.0
27.0	0.0	0.0	0.0
16.0	10.0	0.0	0.0
15.0	3.0	0.0	0.0
1.0	3.0	0.0	0.0
1.0	0.0	0.0	0.0
0.0	3.0	0.0	0.0
14.0	0.0	0.0	0.0
1.0	7.0	0.0	0.0
1.0	1.0	0.0	0.0
0.0	1.0	0.0	0.0
1.0	0.0	0.0	0.0
0.0	6.0	0.0	0.0
119.0	4.0	0.0	0.0
115.0	2.0	0.0	0.0
25.0	2.0	0.0	0.0
0.0	1.0	0.0	0.0
25.0	1.0	0.0	0.0
0.0	1.0	0.0	0.0
25.0	0.0	0.0	0.0
90.0	0.0	0.0	0.0
4.0	2.0	0.0	0.0
4.0	0.0	0.0	0.0
0.0	2.0	0.0	0.0
3.0	4.0	0.0	0.0
0.0	4.0	0.0	0.0
3.0	0.0	0.0	0.0
0.0	3.0	0.0	0.0
0.0	4.0	0.0	0.0
18.0	20.0	0.0	2.0
1.0	15.0	0.0	0.0
1.0	2.0	0.0	0.0
1.0	0.0	0.0	0.0
0.0	2.0	0.0	0.0
0.0	13.0	0.0	0.0
17.0	5.0	0.0	2.0
0.0	3.0	0.0	1.0
0.0	3.0	0.0	0.0
0.0	0.0	0.0	1.0
17.0	2.0	0.0	1.0
17.0	0.0	0.0	0.0
0.0	2.0	0.0	1.0
0.0	2.0	0.0	0.0
0.0	0.0	0.0	1.0
43.0	187.0	0.0	13.0
19.0	3.0	0.0	0.0
19.0	1.0	0.0	0.0
0.0	1.0	0.0	0.0
19.0	0.0	0.0	0.0
0.0	2.0	0.0	0.0
24.0	184.0	0.0	13.0
6.0	167.0	0.0	13.0
2.0	7.0	0.0	5.0
2.0	0.0	0.0	5.0
0.0	0.0	0.0	5.0
2.0	0.0	0.0	0.0
0.0	7.0	0.0	0.0
4.0	160.0	0.0	8.0
4.0	160.0	0.0	6.0
4.0	140.0	0.0	1.0
2.0	5.0	0.0	0.0
0.0	5.0	0.0	0.0
2.0	0.0	0.0	0.0
2.0	135.0	0.0	1.0
1.0	133.0	0.0	1.0
1.0	12.0	0.0	0.0
0.0	12.0	0.0	0.0
1.0	0.0	0.0	0.0
0.0	121.0	0.0	1.0
0.0	21.0	0.0	1.0
0.0	21.0	0.0	0.0
0.0	0.0	0.0	1.0
0.0	100.0	0.0	0.0
1.0	2.0	0.0	0.0
1.0	0.0	0.0	0.0
0.0	2.0	0.0	0.0
0.0	20.0	0.0	5.0
0.0	2.0	0.0	5.0
0.0	2.0	0.0	0.0
0.0	0.0	0.0	5.0
0.0	18.0	0.0	0.0
0.0	0.0	0.0	2.0
18.0	17.0	0.0	0.0
14.0	0.0	0.0	0.0
4.0	17.0	0.0	0.0
2.0	0.0	0.0	0.0
2.0	17.0	0.0	0.0
2.0	1.0	0.0	0.0
2.0	0.0	0.0	0.0
0.0	1.0	0.0	0.0
0.0	16.0	0.0	0.0
19.0	1022.0	83.0	16.0
1.0	49.0	81.0	0.0
1.0	26.0	6.0	0.0
0.0	7.0	6.0	0.0
0.0	7.0	1.0	0.0
0.0	0.0	1.0	0.0
0.0	7.0	0.0	0.0
0.0	0.0	5.0	0.0
1.0	19.0	0.0	0.0
1.0	0.0	0.0	0.0
0.0	19.0	0.0	0.0
0.0	23.0	75.0	0.0
0.0	10.0	2.0	0.0
0.0	10.0	0.0	0.0
0.0	0.0	2.0	0.0
0.0	13.0	73.0	0.0
0.0	13.0	36.0	0.0
0.0	4.0	28.0	0.0
0.0	0.0	19.0	0.0
0.0	4.0	9.0	0.0
0.0	1.0	9.0	0.0
0.0	1.0	0.0	0.0
0.0	0.0	9.0	0.0
0.0	3.0	0.0	0.0
0.0	9.0	8.0	0.0
0.0	9.0	2.0	0.0
0.0	9.0	1.0	0.0
0.0	2.0	1.0	0.0
0.0	7.0	0.0	0.0
0.0	0.0	1.0	0.0
0.0	0.0	6.0	0.0
0.0	0.0	37.0	0.0
18.0	973.0	2.0	16.0
11.0	973.0	2.0	16.0
11.0	969.0	2.0	10.0
1.0	943.0	2.0	7.0
0.0	1.0	1.0	0.0
0.0	1.0	0.0	0.0
0.0	0.0	1.0	0.0
1.0	942.0	1.0	7.0
1.0	925.0	1.0	4.0
0.0	898.0	1.0	3.0
0.0	888.0	1.0	2.0
0.0	64.0	0.0	2.0
0.0	5.0	0.0	0.0
0.0	59.0	0.0	2.0
0.0	824.0	1.0	0.0
0.0	96.0	1.0	0.0
0.0	49.0	0.0	0.0
0.0	47.0	1.0	0.0
0.0	728.0	0.0	0.0
0.0	10.0	0.0	1.0
0.0	10.0	0.0	0.0
0.0	0.0	0.0	1.0
1.0	27.0	0.0	1.0
1.0	0.0	0.0	0.0
0.0	27.0	0.0	1.0
0.0	0.0	0.0	1.0
0.0	27.0	0.0	0.0
0.0	17.0	0.0	3.0
0.0	17.0	0.0	0.0
0.0	0.0	0.0	3.0
10.0	26.0	0.0	3.0
8.0	0.0	0.0	0.0
2.0	26.0	0.0	3.0
2.0	26.0	0.0	0.0
0.0	25.0	0.0	0.0
2.0	1.0	0.0	0.0
2.0	0.0	0.0	0.0
0.0	1.0	0.0	0.0
0.0	0.0	0.0	3.0
0.0	4.0	0.0	6.0
0.0	0.0	0.0	6.0
0.0	4.0	0.0	0.0
7.0	0.0	0.0	0.0
