# Sizes (NFeatures, Nclasses, NodeCount, MaxDepth)
14	4	199	16
# Classes
0.0	1.0	2.0	3.0
# Feature Names
Nrows	Ncols	Nnnz	AvgNnnz	Density	MaxRowNnnz	MinRowNnnz	StdRowNnnz	NDiags	NTrueDiags	AvgNnnzDia	AvgNnnzELL	AvgNnnzHyb	AvgNnnzHdc
# Left
1	2	3	-1	5	-1	7	8	9	-1	11	-1	-1	14	-1	-1	17	-1	19	-1	21	-1	-1	24	25	26	27	28	-1	30	31	32	-1	34	-1	-1	-1	38	39	40	-1	-1	-1	44	-1	-1	47	-1	-1	50	-1	-1	53	54	-1	-1	57	58	-1	-1	-1	62	63	64	65	66	-1	68	-1	-1	71	72	-1	-1	-1	-1	77	78	79	80	81	82	-1	-1	-1	86	-1	-1	-1	90	91	-1	93	-1	95	-1	-1	-1	99	100	101	102	-1	-1	-1	106	107	108	109	110	-1	-1	113	-1	115	-1	117	118	-1	-1	-1	122	-1	-1	125	-1	-1	128	-1	-1	-1	132	-1	134	-1	136	-1	138	139	140	141	-1	-1	144	145	146	-1	-1	-1	150	-1	-1	-1	154	-1	-1	157	158	159	160	-1	162	-1	-1	165	-1	-1	168	169	170	-1	172	-1	-1	175	-1	177	178	179	-1	-1	182	-1	-1	-1	186	187	-1	-1	190	191	-1	193	-1	-1	196	-1	-1	-1
# Right
156	23	4	-1	6	-1	16	13	10	-1	12	-1	-1	15	-1	-1	18	-1	20	-1	22	-1	-1	61	52	49	46	29	-1	37	36	33	-1	35	-1	-1	-1	43	42	41	-1	-1	-1	45	-1	-1	48	-1	-1	51	-1	-1	56	55	-1	-1	60	59	-1	-1	-1	131	76	75	70	67	-1	69	-1	-1	74	73	-1	-1	-1	-1	98	89	88	85	84	83	-1	-1	-1	87	-1	-1	-1	97	92	-1	94	-1	96	-1	-1	-1	130	105	104	103	-1	-1	-1	127	124	121	112	111	-1	-1	114	-1	116	-1	120	119	-1	-1	-1	123	-1	-1	126	-1	-1	129	-1	-1	-1	133	-1	135	-1	137	-1	153	152	143	142	-1	-1	149	148	147	-1	-1	-1	151	-1	-1	-1	155	-1	-1	198	167	164	161	-1	163	-1	-1	166	-1	-1	185	174	171	-1	173	-1	-1	176	-1	184	181	180	-1	-1	183	-1	-1	-1	189	188	-1	-1	195	192	-1	194	-1	-1	197	-1	-1	-1
# Threshold
1365.5	10.0	69.0	-2.0	2.5	-2.0	0.47357799112796783	0.0024338250514119864	0.4166559875011444	-2.0	1.6895099878311157	-2.0	-2.0	0.4409864991903305	-2.0	-2.0	3790.0	-2.0	0.49958349764347076	-2.0	4000.0	-2.0	-2.0	0.0001783050029189326	1.5	1.8111649751663208	1546585.0	28840.5	-2.0	1.2402949929237366	0.42006048560142517	0.3801479935646057	-2.0	313812.0	-2.0	-2.0	-2.0	2.316510017408291e-05	1.2522050142288208	0.08342459797859192	-2.0	-2.0	-2.0	0.00013999250222695991	-2.0	-2.0	4.706885099411011	-2.0	-2.0	3.157144965371117e-05	-2.0	-2.0	0.03871010057628155	694.8515167236328	-2.0	-2.0	5.44341516494751	0.4080919921398163	-2.0	-2.0	-2.0	88326.5	26.5	11.5	1.9945000410079956	1.9958199858665466	-2.0	0.5919340252876282	-2.0	-2.0	0.005974055151455104	3.885904908180237	-2.0	-2.0	-2.0	-2.0	0.0015501650050282478	224.0	13.0	0.5706709921360016	0.0001845365040935576	1.0905550122261047	-2.0	-2.0	-2.0	0.14543510228395462	-2.0	-2.0	-2.0	0.001548975007608533	11.727449893951416	-2.0	0.0010360050364397466	-2.0	0.43300700187683105	-2.0	-2.0	-2.0	191.65349578857422	53.0	24.5	0.07749620079994202	-2.0	-2.0	-2.0	0.8937059938907623	84.60250091552734	27798.0	0.36919599771499634	0.34367699921131134	-2.0	-2.0	457.0	-2.0	459.0	-2.0	0.005342165008187294	0.0034212350146844983	-2.0	-2.0	-2.0	34236.0	-2.0	-2.0	0.04768810048699379	-2.0	-2.0	0.003312394954264164	-2.0	-2.0	-2.0	0.9676840007305145	-2.0	779.0	-2.0	411717.0	-2.0	16.0	68099002.0	1.1221050024032593	608779.0	-2.0	-2.0	0.993989497423172	0.11451699957251549	8.0	-2.0	-2.0	-2.0	3.7724850177764893	-2.0	-2.0	-2.0	49.909549713134766	-2.0	-2.0	1.0289015173912048	10331.5	62.66600227355957	0.3997174948453903	-2.0	2169.5	-2.0	-2.0	152.2884979248047	-2.0	-2.0	11197300.0	4.5	0.543507993221283	-2.0	0.5686945021152496	-2.0	-2.0	224197.0	-2.0	8585.0	2249.0	0.4654594957828522	-2.0	-2.0	25.414050102233887	-2.0	-2.0	-2.0	15.164499759674072	29638050.0	-2.0	-2.0	2.0	2584795.0	-2.0	0.47393451631069183	-2.0	-2.0	0.4836700111627579	-2.0	-2.0	-2.0
# Feature
5	8	1	-2	6	-2	13	4	13	-2	12	-2	-2	7	-2	-2	2	-2	13	-2	1	-2	-2	10	6	12	8	1	-2	12	13	13	-2	1	-2	-2	-2	4	12	11	-2	-2	-2	10	-2	-2	3	-2	-2	10	-2	-2	7	12	-2	-2	3	11	-2	-2	-2	1	8	5	12	7	-2	11	-2	-2	4	3	-2	-2	-2	-2	10	5	6	13	4	12	-2	-2	-2	11	-2	-2	-2	4	7	-2	4	-2	13	-2	-2	-2	7	8	5	10	-2	-2	-2	13	7	8	7	7	-2	-2	5	-2	5	-2	11	4	-2	-2	-2	8	-2	-2	11	-2	-2	4	-2	-2	-2	12	-2	8	-2	2	-2	6	2	12	2	-2	-2	13	11	6	-2	-2	-2	7	-2	-2	-2	3	-2	-2	12	8	7	13	-2	5	-2	-2	3	-2	-2	2	9	13	-2	13	-2	-2	2	-2	5	5	13	-2	-2	7	-2	-2	-2	3	2	-2	-2	6	0	-2	13	-2	-2	13	-2	-2	-2
# Values
255.0	1270.0	88.0	26.0
100.0	1210.0	88.0	24.0
0.0	13.0	76.0	0.0
0.0	3.0	0.0	0.0
0.0	10.0	76.0	0.0
0.0	0.0	36.0	0.0
0.0	10.0	40.0	0.0
0.0	7.0	6.0	0.0
0.0	2.0	5.0	0.0
0.0	1.0	0.0	0.0
0.0	1.0	5.0	0.0
0.0	1.0	0.0	0.0
0.0	0.0	5.0	0.0
0.0	5.0	1.0	0.0
0.0	5.0	0.0	0.0
0.0	0.0	1.0	0.0
0.0	3.0	34.0	0.0
0.0	2.0	2.0	0.0
0.0	1.0	32.0	0.0
0.0	0.0	24.0	0.0
0.0	1.0	8.0	0.0
0.0	1.0	2.0	0.0
0.0	0.0	6.0	0.0
100.0	1197.0	12.0	24.0
72.0	85.0	0.0	2.0
65.0	21.0	0.0	1.0
62.0	11.0	0.0	1.0
59.0	6.0	0.0	1.0
0.0	2.0	0.0	0.0
59.0	4.0	0.0	1.0
52.0	2.0	0.0	0.0
17.0	2.0	0.0	0.0
16.0	0.0	0.0	0.0
1.0	2.0	0.0	0.0
0.0	2.0	0.0	0.0
1.0	0.0	0.0	0.0
35.0	0.0	0.0	0.0
7.0	2.0	0.0	1.0
7.0	1.0	0.0	0.0
1.0	1.0	0.0	0.0
1.0	0.0	0.0	0.0
0.0	1.0	0.0	0.0
6.0	0.0	0.0	0.0
0.0	1.0	0.0	1.0
0.0	0.0	0.0	1.0
0.0	1.0	0.0	0.0
3.0	5.0	0.0	0.0
3.0	0.0	0.0	0.0
0.0	5.0	0.0	0.0
3.0	10.0	0.0	0.0
3.0	0.0	0.0	0.0
0.0	10.0	0.0	0.0
7.0	64.0	0.0	1.0
7.0	2.0	0.0	0.0
7.0	0.0	0.0	0.0
0.0	2.0	0.0	0.0
0.0	62.0	0.0	1.0
0.0	8.0	0.0	1.0
0.0	0.0	0.0	1.0
0.0	8.0	0.0	0.0
0.0	54.0	0.0	0.0
28.0	1112.0	12.0	22.0
25.0	1048.0	12.0	5.0
1.0	21.0	8.0	0.0
1.0	21.0	5.0	0.0
0.0	19.0	1.0	0.0
0.0	18.0	0.0	0.0
0.0	1.0	1.0	0.0
0.0	0.0	1.0	0.0
0.0	1.0	0.0	0.0
1.0	2.0	4.0	0.0
1.0	2.0	0.0	0.0
1.0	0.0	0.0	0.0
0.0	2.0	0.0	0.0
0.0	0.0	4.0	0.0
0.0	0.0	3.0	0.0
24.0	1027.0	4.0	5.0
19.0	133.0	0.0	2.0
1.0	116.0	0.0	2.0
1.0	116.0	0.0	1.0
1.0	112.0	0.0	0.0
1.0	10.0	0.0	0.0
1.0	0.0	0.0	0.0
0.0	10.0	0.0	0.0
0.0	102.0	0.0	0.0
0.0	4.0	0.0	1.0
0.0	4.0	0.0	0.0
0.0	0.0	0.0	1.0
0.0	0.0	0.0	1.0
18.0	17.0	0.0	0.0
10.0	17.0	0.0	0.0
0.0	7.0	0.0	0.0
10.0	10.0	0.0	0.0
7.0	0.0	0.0	0.0
3.0	10.0	0.0	0.0
0.0	10.0	0.0	0.0
3.0	0.0	0.0	0.0
8.0	0.0	0.0	0.0
5.0	894.0	4.0	3.0
4.0	894.0	4.0	3.0
0.0	30.0	4.0	0.0
0.0	30.0	1.0	0.0
0.0	0.0	1.0	0.0
0.0	30.0	0.0	0.0
0.0	0.0	3.0	0.0
4.0	864.0	0.0	3.0
4.0	862.0	0.0	2.0
2.0	841.0	0.0	2.0
2.0	834.0	0.0	1.0
1.0	14.0	0.0	0.0
0.0	14.0	0.0	0.0
1.0	0.0	0.0	0.0
1.0	820.0	0.0	1.0
0.0	724.0	0.0	0.0
1.0	96.0	0.0	1.0
1.0	0.0	0.0	0.0
0.0	96.0	0.0	1.0
0.0	60.0	0.0	1.0
0.0	9.0	0.0	0.0
0.0	51.0	0.0	1.0
0.0	36.0	0.0	0.0
0.0	7.0	0.0	1.0
0.0	0.0	0.0	1.0
0.0	7.0	0.0	0.0
2.0	21.0	0.0	0.0
2.0	0.0	0.0	0.0
0.0	21.0	0.0	0.0
0.0	2.0	0.0	1.0
0.0	2.0	0.0	0.0
0.0	0.0	0.0	1.0
1.0	0.0	0.0	0.0
3.0	64.0	0.0	17.0
0.0	0.0	0.0	4.0
3.0	64.0	0.0	13.0
0.0	0.0	0.0	4.0
3.0	64.0	0.0	9.0
2.0	0.0	0.0	0.0
1.0	64.0	0.0	9.0
1.0	56.0	0.0	3.0
1.0	56.0	0.0	2.0
1.0	1.0	0.0	0.0
0.0	1.0	0.0	0.0
1.0	0.0	0.0	0.0
0.0	55.0	0.0	2.0
0.0	54.0	0.0	1.0
0.0	4.0	0.0	1.0
0.0	4.0	0.0	0.0
0.0	0.0	0.0	1.0
0.0	50.0	0.0	0.0
0.0	1.0	0.0	1.0
0.0	0.0	0.0	1.0
0.0	1.0	0.0	0.0
0.0	0.0	0.0	1.0
0.0	8.0	0.0	6.0
0.0	0.0	0.0	6.0
0.0	8.0	0.0	0.0
155.0	60.0	0.0	2.0
155.0	39.0	0.0	2.0
8.0	16.0	0.0	0.0
1.0	15.0	0.0	0.0
0.0	13.0	0.0	0.0
1.0	2.0	0.0	0.0
1.0	0.0	0.0	0.0
0.0	2.0	0.0	0.0
7.0	1.0	0.0	0.0
7.0	0.0	0.0	0.0
0.0	1.0	0.0	0.0
147.0	23.0	0.0	2.0
134.0	9.0	0.0	1.0
101.0	1.0	0.0	0.0
93.0	0.0	0.0	0.0
8.0	1.0	0.0	0.0
0.0	1.0	0.0	0.0
8.0	0.0	0.0	0.0
33.0	8.0	0.0	1.0
22.0	0.0	0.0	0.0
11.0	8.0	0.0	1.0
3.0	8.0	0.0	1.0
2.0	0.0	0.0	1.0
2.0	0.0	0.0	0.0
0.0	0.0	0.0	1.0
1.0	8.0	0.0	0.0
1.0	0.0	0.0	0.0
0.0	8.0	0.0	0.0
8.0	0.0	0.0	0.0
13.0	14.0	0.0	1.0
7.0	1.0	0.0	0.0
0.0	1.0	0.0	0.0
7.0	0.0	0.0	0.0
6.0	13.0	0.0	1.0
1.0	13.0	0.0	0.0
0.0	11.0	0.0	0.0
1.0	2.0	0.0	0.0
1.0	0.0	0.0	0.0
0.0	2.0	0.0	0.0
5.0	0.0	0.0	1.0
5.0	0.0	0.0	0.0
0.0	0.0	0.0	1.0
0.0	21.0	0.0	0.0
