# Sizes (NFeatures, Nclasses, NodeCount, MaxDepth)
14	4	171	14
# Classes
0.0	1.0	2.0	3.0
# Feature Names
Nrows	Ncols	Nnnz	AvgNnnz	Density	MaxRowNnnz	MinRowNnnz	StdRowNnnz	NDiags	NTrueDiags	AvgNnnzDia	AvgNnnzELL	AvgNnnzHyb	AvgNnnzHdc
# Left
1	2	3	4	-1	6	7	-1	9	-1	-1	12	-1	14	15	-1	-1	18	-1	20	-1	-1	23	-1	25	-1	27	-1	-1	30	31	32	-1	-1	-1	36	-1	38	39	-1	41	-1	-1	44	-1	-1	47	48	49	-1	-1	52	53	54	55	-1	-1	58	59	-1	61	-1	-1	64	-1	66	-1	-1	69	70	71	-1	73	-1	-1	-1	77	78	-1	-1	-1	-1	83	84	85	86	87	-1	-1	-1	91	92	93	94	95	-1	-1	-1	99	100	-1	-1	-1	104	105	106	-1	108	-1	-1	-1	112	113	-1	-1	-1	117	118	119	120	121	-1	-1	124	125	-1	127	-1	-1	130	131	-1	-1	134	-1	136	-1	-1	139	-1	-1	142	-1	-1	-1	146	-1	148	-1	150	-1	152	-1	-1	155	156	157	158	-1	-1	-1	-1	163	164	-1	166	-1	-1	169	-1	-1
# Right
46	29	22	5	-1	11	8	-1	10	-1	-1	13	-1	17	16	-1	-1	19	-1	21	-1	-1	24	-1	26	-1	28	-1	-1	35	34	33	-1	-1	-1	37	-1	43	40	-1	42	-1	-1	45	-1	-1	82	51	50	-1	-1	81	68	57	56	-1	-1	63	60	-1	62	-1	-1	65	-1	67	-1	-1	76	75	72	-1	74	-1	-1	-1	80	79	-1	-1	-1	-1	154	145	90	89	88	-1	-1	-1	116	103	98	97	96	-1	-1	-1	102	101	-1	-1	-1	111	110	107	-1	109	-1	-1	-1	115	114	-1	-1	-1	144	141	138	123	122	-1	-1	129	126	-1	128	-1	-1	133	132	-1	-1	135	-1	137	-1	-1	140	-1	-1	143	-1	-1	-1	147	-1	149	-1	151	-1	153	-1	-1	162	161	160	159	-1	-1	-1	-1	168	165	-1	167	-1	-1	170	-1	-1
# Threshold
0.00016549899737583473	1.5	15.164499759674072	69309.0	-2.0	0.08849959820508957	7591990.0	-2.0	0.5845305025577545	-2.0	-2.0	10.5	-2.0	4.763324975967407	12.5	-2.0	-2.0	1.362084984779358	-2.0	83879.5	-2.0	-2.0	0.5	-2.0	0.9035525023937225	-2.0	3264465.0	-2.0	-2.0	1.0031350255012512	49801.0	64041.0	-2.0	-2.0	-2.0	0.042684949934482574	-2.0	0.560617983341217	0.4646404981613159	-2.0	2.0	-2.0	-2.0	7.45497989654541	-2.0	-2.0	28.0	117.5	0.6372134983539581	-2.0	-2.0	0.9070644974708557	3.2201850414276123	3.5	0.036117950454354286	-2.0	-2.0	4.989380121231079	0.49958349764347076	-2.0	4000.0	-2.0	-2.0	3.5	-2.0	0.4752909988164902	-2.0	-2.0	7.015609979629517	4.083140134811401	0.8932609856128693	-2.0	24976.0	-2.0	-2.0	-2.0	0.44308049976825714	4.99978494644165	-2.0	-2.0	-2.0	-2.0	1365.5	7852800.0	163.5	34.5	158.0	-2.0	-2.0	-2.0	0.0018498849822208285	14.610150337219238	3.693535109050572e-05	71.0	2.501559993106639e-05	-2.0	-2.0	-2.0	3.5959250926971436	3.5579700469970703	-2.0	-2.0	-2.0	0.08628794923424721	0.016231450252234936	25.285300254821777	-2.0	11.514800071716309	-2.0	-2.0	-2.0	69.9572525024414	0.0018307649879716337	-2.0	-2.0	-2.0	27798.0	9.34487009048462	0.41838300228118896	0.36919599771499634	0.34367699921131134	-2.0	-2.0	0.5	0.5845165252685547	-2.0	1.7336350083351135	-2.0	-2.0	3.598439931869507	3.5563799142837524	-2.0	-2.0	5091.0	-2.0	0.8468219935894012	-2.0	-2.0	0.7042705118656158	-2.0	-2.0	9.764870166778564	-2.0	-2.0	-2.0	0.638933002948761	-2.0	6.763814963051118e-05	-2.0	23551550.0	-2.0	0.002576799946837127	-2.0	-2.0	53.468549728393555	3.5	1.5	2407.5	-2.0	-2.0	-2.0	-2.0	0.05366544984281063	0.5201949924230576	-2.0	25505.0	-2.0	-2.0	0.5	-2.0	-2.0
# Feature
10	6	3	2	-2	11	2	-2	13	-2	-2	5	-2	3	5	-2	-2	12	-2	0	-2	-2	6	-2	12	-2	0	-2	-2	12	8	1	-2	-2	-2	7	-2	13	13	-2	9	-2	-2	7	-2	-2	8	2	11	-2	-2	10	12	9	4	-2	-2	3	13	-2	1	-2	-2	6	-2	13	-2	-2	12	12	11	-2	1	-2	-2	-2	13	3	-2	-2	-2	-2	5	2	2	1	2	-2	-2	-2	10	7	4	5	4	-2	-2	-2	3	3	-2	-2	-2	11	11	7	-2	3	-2	-2	-2	3	10	-2	-2	-2	8	12	10	7	7	-2	-2	9	11	-2	12	-2	-2	3	3	-2	-2	8	-2	12	-2	-2	11	-2	-2	12	-2	-2	-2	13	-2	4	-2	2	-2	10	-2	-2	7	9	6	5	-2	-2	-2	-2	11	13	-2	8	-2	-2	9	-2	-2
# Values
270.0	1230.0	106.0	33.0
173.0	72.0	0.0	3.0
144.0	17.0	0.0	2.0
138.0	11.0	0.0	1.0
0.0	2.0	0.0	0.0
138.0	9.0	0.0	1.0
118.0	2.0	0.0	0.0
106.0	0.0	0.0	0.0
12.0	2.0	0.0	0.0
12.0	0.0	0.0	0.0
0.0	2.0	0.0	0.0
20.0	7.0	0.0	1.0
15.0	0.0	0.0	0.0
5.0	7.0	0.0	1.0
4.0	1.0	0.0	0.0
0.0	1.0	0.0	0.0
4.0	0.0	0.0	0.0
1.0	6.0	0.0	1.0
0.0	6.0	0.0	0.0
1.0	0.0	0.0	1.0
0.0	0.0	0.0	1.0
1.0	0.0	0.0	0.0
6.0	6.0	0.0	1.0
0.0	4.0	0.0	0.0
6.0	2.0	0.0	1.0
6.0	0.0	0.0	0.0
0.0	2.0	0.0	1.0
0.0	2.0	0.0	0.0
0.0	0.0	0.0	1.0
29.0	55.0	0.0	1.0
21.0	4.0	0.0	0.0
2.0	4.0	0.0	0.0
2.0	0.0	0.0	0.0
0.0	4.0	0.0	0.0
19.0	0.0	0.0	0.0
8.0	51.0	0.0	1.0
5.0	0.0	0.0	0.0
3.0	51.0	0.0	1.0
0.0	50.0	0.0	1.0
0.0	45.0	0.0	0.0
0.0	5.0	0.0	1.0
0.0	5.0	0.0	0.0
0.0	0.0	0.0	1.0
3.0	1.0	0.0	0.0
0.0	1.0	0.0	0.0
3.0	0.0	0.0	0.0
97.0	1158.0	106.0	30.0
1.0	30.0	96.0	1.0
0.0	10.0	1.0	0.0
0.0	0.0	1.0	0.0
0.0	10.0	0.0	0.0
1.0	20.0	95.0	1.0
1.0	20.0	59.0	1.0
0.0	8.0	46.0	0.0
0.0	2.0	1.0	0.0
0.0	2.0	0.0	0.0
0.0	0.0	1.0	0.0
0.0	6.0	45.0	0.0
0.0	1.0	34.0	0.0
0.0	0.0	22.0	0.0
0.0	1.0	12.0	0.0
0.0	1.0	4.0	0.0
0.0	0.0	8.0	0.0
0.0	5.0	11.0	0.0
0.0	4.0	0.0	0.0
0.0	1.0	11.0	0.0
0.0	0.0	11.0	0.0
0.0	1.0	0.0	0.0
1.0	12.0	13.0	1.0
1.0	7.0	1.0	1.0
1.0	0.0	1.0	1.0
0.0	0.0	0.0	1.0
1.0	0.0	1.0	0.0
0.0	0.0	1.0	0.0
1.0	0.0	0.0	0.0
0.0	7.0	0.0	0.0
0.0	5.0	12.0	0.0
0.0	5.0	1.0	0.0
0.0	5.0	0.0	0.0
0.0	0.0	1.0	0.0
0.0	0.0	11.0	0.0
0.0	0.0	36.0	0.0
96.0	1128.0	10.0	29.0
25.0	1083.0	10.0	27.0
25.0	1042.0	10.0	6.0
0.0	5.0	6.0	0.0
0.0	5.0	2.0	0.0
0.0	5.0	0.0	0.0
0.0	0.0	2.0	0.0
0.0	0.0	4.0	0.0
25.0	1037.0	4.0	6.0
23.0	151.0	0.0	1.0
6.0	132.0	0.0	0.0
4.0	3.0	0.0	0.0
1.0	3.0	0.0	0.0
1.0	0.0	0.0	0.0
0.0	3.0	0.0	0.0
3.0	0.0	0.0	0.0
2.0	129.0	0.0	0.0
2.0	16.0	0.0	0.0
0.0	16.0	0.0	0.0
2.0	0.0	0.0	0.0
0.0	113.0	0.0	0.0
17.0	19.0	0.0	1.0
16.0	7.0	0.0	0.0
3.0	7.0	0.0	0.0
0.0	6.0	0.0	0.0
3.0	1.0	0.0	0.0
3.0	0.0	0.0	0.0
0.0	1.0	0.0	0.0
13.0	0.0	0.0	0.0
1.0	12.0	0.0	1.0
0.0	12.0	0.0	1.0
0.0	12.0	0.0	0.0
0.0	0.0	0.0	1.0
1.0	0.0	0.0	0.0
2.0	886.0	4.0	5.0
2.0	886.0	4.0	4.0
2.0	879.0	4.0	2.0
2.0	855.0	1.0	2.0
1.0	10.0	0.0	0.0
0.0	10.0	0.0	0.0
1.0	0.0	0.0	0.0
1.0	845.0	1.0	2.0
0.0	148.0	0.0	2.0
0.0	133.0	0.0	0.0
0.0	15.0	0.0	2.0
0.0	0.0	0.0	2.0
0.0	15.0	0.0	0.0
1.0	697.0	1.0	0.0
0.0	54.0	1.0	0.0
0.0	23.0	0.0	0.0
0.0	31.0	1.0	0.0
1.0	643.0	0.0	0.0
0.0	589.0	0.0	0.0
1.0	54.0	0.0	0.0
1.0	0.0	0.0	0.0
0.0	54.0	0.0	0.0
0.0	24.0	3.0	0.0
0.0	0.0	3.0	0.0
0.0	24.0	0.0	0.0
0.0	7.0	0.0	2.0
0.0	0.0	0.0	2.0
0.0	7.0	0.0	0.0
0.0	0.0	0.0	1.0
0.0	41.0	0.0	21.0
0.0	26.0	0.0	0.0
0.0	15.0	0.0	21.0
0.0	14.0	0.0	0.0
0.0	1.0	0.0	21.0
0.0	0.0	0.0	18.0
0.0	1.0	0.0	3.0
0.0	1.0	0.0	0.0
0.0	0.0	0.0	3.0
71.0	45.0	0.0	2.0
18.0	39.0	0.0	0.0
18.0	11.0	0.0	0.0
2.0	11.0	0.0	0.0
2.0	0.0	0.0	0.0
0.0	11.0	0.0	0.0
16.0	0.0	0.0	0.0
0.0	28.0	0.0	0.0
53.0	6.0	0.0	2.0
52.0	0.0	0.0	2.0
51.0	0.0	0.0	0.0
1.0	0.0	0.0	2.0
1.0	0.0	0.0	0.0
0.0	0.0	0.0	2.0
1.0	6.0	0.0	0.0
1.0	0.0	0.0	0.0
0.0	6.0	0.0	0.0
