# Sizes (NFeatures, Nclasses, NodeCount, MaxDepth)
14	4	173	13
# Classes
0.0	1.0	2.0	3.0
# Feature Names
Nrows	Ncols	Nnnz	AvgNnnz	Density	MaxRowNnnz	MinRowNnnz	StdRowNnnz	NDiags	NTrueDiags	AvgNnnzDia	AvgNnnzELL	AvgNnnzHyb	AvgNnnzHdc
# Left
1	2	3	4	5	6	-1	-1	-1	-1	11	-1	13	-1	-1	16	-1	-1	19	20	21	22	23	-1	25	-1	-1	-1	-1	30	31	-1	33	34	-1	36	37	38	-1	-1	-1	42	-1	44	-1	46	-1	-1	-1	50	51	-1	53	-1	-1	-1	57	58	59	-1	61	62	63	-1	65	-1	-1	68	69	70	-1	-1	-1	74	75	-1	77	-1	-1	-1	81	-1	83	84	-1	86	-1	-1	-1	90	-1	92	-1	94	95	-1	-1	-1	99	100	101	102	103	-1	-1	106	107	108	109	110	-1	-1	-1	114	-1	-1	117	-1	-1	120	-1	-1	-1	-1	125	126	127	-1	129	-1	-1	132	-1	134	135	136	-1	-1	-1	140	-1	-1	143	144	145	146	147	148	-1	150	-1	-1	153	154	-1	156	-1	-1	159	-1	-1	162	-1	-1	165	-1	-1	168	169	-1	-1	-1	-1
# Right
18	15	10	9	8	7	-1	-1	-1	-1	12	-1	14	-1	-1	17	-1	-1	56	29	28	27	24	-1	26	-1	-1	-1	-1	49	32	-1	48	35	-1	41	40	39	-1	-1	-1	43	-1	45	-1	47	-1	-1	-1	55	52	-1	54	-1	-1	-1	98	89	60	-1	80	67	64	-1	66	-1	-1	73	72	71	-1	-1	-1	79	76	-1	78	-1	-1	-1	82	-1	88	85	-1	87	-1	-1	-1	91	-1	93	-1	97	96	-1	-1	-1	124	123	122	105	104	-1	-1	119	116	113	112	111	-1	-1	-1	115	-1	-1	118	-1	-1	121	-1	-1	-1	-1	142	131	128	-1	130	-1	-1	133	-1	139	138	137	-1	-1	-1	141	-1	-1	172	167	164	161	152	149	-1	151	-1	-1	158	155	-1	157	-1	-1	160	-1	-1	163	-1	-1	166	-1	-1	171	170	-1	-1	-1	-1
# Threshold
0.003817899967543781	58.70060157775879	19805.5	0.4281280040740967	0.0022652449551969767	18413.0	-2.0	-2.0	-2.0	-2.0	2.5	-2.0	0.3464989960193634	-2.0	-2.0	0.0007231814961414784	-2.0	-2.0	28.5	0.33785200119018555	37608.0	0.5640720129013062	0.5	-2.0	9.0	-2.0	-2.0	-2.0	-2.0	3.981590151786804	2.9267715490277624e-05	-2.0	0.5022825002670288	49.0	-2.0	10.0	120.0	101.0	-2.0	-2.0	-2.0	7.5	-2.0	0.5070709884166718	-2.0	8462.0	-2.0	-2.0	-2.0	0.4577839970588684	0.9945000112056732	-2.0	4.49779999256134	-2.0	-2.0	-2.0	0.00016655899526085705	1.5	33300.5	-2.0	10.875750064849854	0.08849959820508957	2.5	-2.0	374.0	-2.0	-2.0	0.23148050159215927	4.763324975967407	1.0	-2.0	-2.0	-2.0	0.00011108050239272416	4.5	-2.0	6.509815216064453	-2.0	-2.0	-2.0	0.8017595112323761	-2.0	83.75704956054688	98353500.0	-2.0	23.060799598693848	-2.0	-2.0	-2.0	1.0419894920232764e-06	-2.0	1.0548700094223022	-2.0	0.22103799879550934	1.896619975566864	-2.0	-2.0	-2.0	4928.0	0.27594150602817535	3155030.0	120.0	0.36732950806617737	-2.0	-2.0	9.34487009048462	0.8910900056362152	80.82490158081055	3.598439931869507	3.576545000076294	-2.0	-2.0	-2.0	2080.5	-2.0	-2.0	687.5	-2.0	-2.0	10.30797004699707	-2.0	-2.0	-2.0	-2.0	0.93077751994133	1.5	96465.0	-2.0	432575.5	-2.0	-2.0	0.004186220001429319	-2.0	70740.5	9062.5	0.4265710115432739	-2.0	-2.0	-2.0	145630.0	-2.0	-2.0	17.331100463867188	0.8447590172290802	86.6723518371582	0.008199524832889438	3.635295033454895	2.690274953842163	-2.0	0.00029850899591110647	-2.0	-2.0	0.892160028219223	219518.5	-2.0	222111.5	-2.0	-2.0	21177.5	-2.0	-2.0	28.5	-2.0	-2.0	88.10650253295898	-2.0	-2.0	1.550065040588379	1083379.0	-2.0	-2.0	-2.0	-2.0
# Feature
11	3	8	13	11	0	-2	-2	-2	-2	6	-2	13	-2	-2	10	-2	-2	8	10	1	11	6	-2	5	-2	-2	-2	-2	12	4	-2	13	2	-2	8	1	0	-2	-2	-2	5	-2	10	-2	2	-2	-2	-2	13	11	-2	3	-2	-2	-2	10	6	1	-2	3	11	9	-2	5	-2	-2	11	3	9	-2	-2	-2	4	9	-2	3	-2	-2	-2	12	-2	7	2	-2	3	-2	-2	-2	4	-2	12	-2	11	7	-2	-2	-2	8	4	0	2	11	-2	-2	12	13	7	3	3	-2	-2	-2	8	-2	-2	8	-2	-2	12	-2	-2	-2	-2	12	6	2	-2	2	-2	-2	11	-2	8	8	13	-2	-2	-2	1	-2	-2	12	13	7	4	3	7	-2	10	-2	-2	11	1	-2	0	-2	-2	8	-2	-2	6	-2	-2	3	-2	-2	12	2	-2	-2	-2	-2
# Values
261.0	1249.0	90.0	39.0
119.0	20.0	0.0	0.0
113.0	11.0	0.0	0.0
14.0	8.0	0.0	0.0
14.0	3.0	0.0	0.0
14.0	1.0	0.0	0.0
14.0	0.0	0.0	0.0
0.0	1.0	0.0	0.0
0.0	2.0	0.0	0.0
0.0	5.0	0.0	0.0
99.0	3.0	0.0	0.0
95.0	0.0	0.0	0.0
4.0	3.0	0.0	0.0
4.0	0.0	0.0	0.0
0.0	3.0	0.0	0.0
6.0	9.0	0.0	0.0
0.0	9.0	0.0	0.0
6.0	0.0	0.0	0.0
142.0	1229.0	90.0	39.0
3.0	27.0	85.0	2.0
3.0	11.0	2.0	0.0
0.0	11.0	2.0	0.0
0.0	2.0	2.0	0.0
0.0	1.0	0.0	0.0
0.0	1.0	2.0	0.0
0.0	1.0	1.0	0.0
0.0	0.0	1.0	0.0
0.0	9.0	0.0	0.0
3.0	0.0	0.0	0.0
0.0	16.0	83.0	2.0
0.0	6.0	69.0	2.0
0.0	0.0	0.0	2.0
0.0	6.0	69.0	0.0
0.0	5.0	69.0	0.0
0.0	1.0	0.0	0.0
0.0	4.0	69.0	0.0
0.0	1.0	57.0	0.0
0.0	1.0	5.0	0.0
0.0	0.0	5.0	0.0
0.0	1.0	0.0	0.0
0.0	0.0	52.0	0.0
0.0	3.0	12.0	0.0
0.0	2.0	0.0	0.0
0.0	1.0	12.0	0.0
0.0	0.0	10.0	0.0
0.0	1.0	2.0	0.0
0.0	1.0	0.0	0.0
0.0	0.0	2.0	0.0
0.0	1.0	0.0	0.0
0.0	10.0	14.0	0.0
0.0	10.0	1.0	0.0
0.0	9.0	0.0	0.0
0.0	1.0	1.0	0.0
0.0	0.0	1.0	0.0
0.0	1.0	0.0	0.0
0.0	0.0	13.0	0.0
139.0	1202.0	5.0	37.0
85.0	85.0	0.0	6.0
76.0	32.0	0.0	3.0
0.0	11.0	0.0	0.0
76.0	21.0	0.0	3.0
69.0	11.0	0.0	2.0
48.0	1.0	0.0	0.0
45.0	0.0	0.0	0.0
3.0	1.0	0.0	0.0
3.0	0.0	0.0	0.0
0.0	1.0	0.0	0.0
21.0	10.0	0.0	2.0
2.0	9.0	0.0	0.0
2.0	1.0	0.0	0.0
2.0	0.0	0.0	0.0
0.0	1.0	0.0	0.0
0.0	8.0	0.0	0.0
19.0	1.0	0.0	2.0
19.0	1.0	0.0	0.0
17.0	0.0	0.0	0.0
2.0	1.0	0.0	0.0
2.0	0.0	0.0	0.0
0.0	1.0	0.0	0.0
0.0	0.0	0.0	2.0
7.0	10.0	0.0	1.0
6.0	0.0	0.0	0.0
1.0	10.0	0.0	1.0
0.0	10.0	0.0	1.0
0.0	9.0	0.0	0.0
0.0	1.0	0.0	1.0
0.0	1.0	0.0	0.0
0.0	0.0	0.0	1.0
1.0	0.0	0.0	0.0
9.0	53.0	0.0	3.0
5.0	0.0	0.0	0.0
4.0	53.0	0.0	3.0
4.0	0.0	0.0	0.0
0.0	53.0	0.0	3.0
0.0	6.0	0.0	3.0
0.0	0.0	0.0	3.0
0.0	6.0	0.0	0.0
0.0	47.0	0.0	0.0
54.0	1117.0	5.0	31.0
1.0	859.0	5.0	7.0
1.0	859.0	3.0	7.0
1.0	859.0	3.0	5.0
0.0	2.0	2.0	0.0
0.0	0.0	2.0	0.0
0.0	2.0	0.0	0.0
1.0	857.0	1.0	5.0
1.0	844.0	1.0	2.0
1.0	838.0	1.0	0.0
0.0	833.0	1.0	0.0
0.0	101.0	1.0	0.0
0.0	61.0	0.0	0.0
0.0	40.0	1.0	0.0
0.0	732.0	0.0	0.0
1.0	5.0	0.0	0.0
0.0	5.0	0.0	0.0
1.0	0.0	0.0	0.0
0.0	6.0	0.0	2.0
0.0	0.0	0.0	2.0
0.0	6.0	0.0	0.0
0.0	13.0	0.0	3.0
0.0	0.0	0.0	3.0
0.0	13.0	0.0	0.0
0.0	0.0	0.0	2.0
0.0	0.0	2.0	0.0
53.0	258.0	0.0	24.0
49.0	36.0	0.0	0.0
13.0	32.0	0.0	0.0
0.0	21.0	0.0	0.0
13.0	11.0	0.0	0.0
13.0	0.0	0.0	0.0
0.0	11.0	0.0	0.0
36.0	4.0	0.0	0.0
0.0	1.0	0.0	0.0
36.0	3.0	0.0	0.0
35.0	2.0	0.0	0.0
7.0	2.0	0.0	0.0
0.0	2.0	0.0	0.0
7.0	0.0	0.0	0.0
28.0	0.0	0.0	0.0
1.0	1.0	0.0	0.0
0.0	1.0	0.0	0.0
1.0	0.0	0.0	0.0
4.0	222.0	0.0	24.0
4.0	222.0	0.0	11.0
2.0	217.0	0.0	8.0
2.0	208.0	0.0	3.0
2.0	206.0	0.0	2.0
2.0	12.0	0.0	0.0
0.0	11.0	0.0	0.0
2.0	1.0	0.0	0.0
2.0	0.0	0.0	0.0
0.0	1.0	0.0	0.0
0.0	194.0	0.0	2.0
0.0	191.0	0.0	1.0
0.0	172.0	0.0	0.0
0.0	19.0	0.0	1.0
0.0	0.0	0.0	1.0
0.0	19.0	0.0	0.0
0.0	3.0	0.0	1.0
0.0	3.0	0.0	0.0
0.0	0.0	0.0	1.0
0.0	2.0	0.0	1.0
0.0	0.0	0.0	1.0
0.0	2.0	0.0	0.0
0.0	9.0	0.0	5.0
0.0	0.0	0.0	5.0
0.0	9.0	0.0	0.0
2.0	5.0	0.0	3.0
2.0	5.0	0.0	0.0
2.0	0.0	0.0	0.0
0.0	5.0	0.0	0.0
0.0	0.0	0.0	3.0
0.0	0.0	0.0	13.0
