# Sizes (NFeatures, Nclasses, NodeCount, MaxDepth)
14	4	181	14
# Classes
0.0	1.0	2.0	3.0
# Feature Names
Nrows	Ncols	Nnnz	AvgNnnz	Density	MaxRowNnnz	MinRowNnnz	StdRowNnnz	NDiags	NTrueDiags	AvgNnnzDia	AvgNnnzELL	AvgNnnzHyb	AvgNnnzHdc
# Left
1	2	3	4	5	-1	-1	8	-1	10	11	12	-1	14	-1	-1	-1	-1	19	20	21	-1	-1	-1	25	26	-1	-1	-1	30	31	-1	-1	34	35	-1	-1	38	-1	40	-1	42	-1	44	45	-1	-1	-1	49	50	51	-1	-1	54	-1	56	-1	58	59	-1	-1	-1	63	64	65	66	67	68	-1	70	71	72	73	-1	-1	76	77	-1	-1	-1	-1	82	83	-1	-1	86	-1	-1	89	90	91	92	-1	-1	95	96	-1	98	-1	-1	-1	102	103	-1	-1	-1	107	-1	-1	110	111	-1	113	-1	-1	116	117	-1	119	120	121	-1	-1	124	-1	126	-1	128	-1	-1	131	-1	-1	134	-1	-1	-1	138	139	140	141	-1	-1	144	-1	146	-1	-1	149	-1	151	-1	153	-1	-1	-1	157	158	159	160	161	-1	-1	-1	-1	-1	167	-1	169	170	171	172	173	-1	175	-1	-1	-1	-1	-1	-1
# Right
48	29	18	7	6	-1	-1	9	-1	17	16	13	-1	15	-1	-1	-1	-1	24	23	22	-1	-1	-1	28	27	-1	-1	-1	33	32	-1	-1	37	36	-1	-1	39	-1	41	-1	43	-1	47	46	-1	-1	-1	62	53	52	-1	-1	55	-1	57	-1	61	60	-1	-1	-1	156	137	136	109	88	69	-1	81	80	75	74	-1	-1	79	78	-1	-1	-1	-1	85	84	-1	-1	87	-1	-1	106	101	94	93	-1	-1	100	97	-1	99	-1	-1	-1	105	104	-1	-1	-1	108	-1	-1	115	112	-1	114	-1	-1	133	118	-1	130	123	122	-1	-1	125	-1	127	-1	129	-1	-1	132	-1	-1	135	-1	-1	-1	155	148	143	142	-1	-1	145	-1	147	-1	-1	150	-1	152	-1	154	-1	-1	-1	166	165	164	163	162	-1	-1	-1	-1	-1	168	-1	180	179	178	177	174	-1	176	-1	-1	-1	-1	-1	-1
# Threshold
0.00016745500033721328	0.08946815133094788	16.005749702453613	92600.0	0.5	-2.0	-2.0	1.5	-2.0	0.8893710076808929	31011385.0	2.5	-2.0	49801.0	-2.0	-2.0	-2.0	-2.0	2609560.0	33.63555145263672	948.0	-2.0	-2.0	-2.0	1.5839569641684648e-05	11451375.0	-2.0	-2.0	-2.0	2.9996100664138794	1.0211549997329712	-2.0	-2.0	0.5	781087.0	-2.0	-2.0	32074.5	-2.0	0.007812249939888716	-2.0	0.4559829980134964	-2.0	69.0	0.48443399369716644	-2.0	-2.0	-2.0	10.0	117.0	5.5	-2.0	-2.0	0.4165554940700531	-2.0	5.857500076293945	-2.0	6.297415018081665	1.1299604773521423	-2.0	-2.0	-2.0	1359.0	87008.5	0.7909969985485077	9370.5	53.0	0.5	-2.0	2.1592800617218018	17.687100410461426	0.2948615103960037	8.5	-2.0	-2.0	0.48663850128650665	24.0	-2.0	-2.0	-2.0	-2.0	20.0	3.825000047683716	-2.0	-2.0	0.6240009963512421	-2.0	-2.0	80.82490158081055	4924.0	0.36919599771499634	0.34367699921131134	-2.0	-2.0	0.5	0.5845165252685547	-2.0	0.6100680232048035	-2.0	-2.0	-2.0	0.7989414930343628	0.0011039800010621548	-2.0	-2.0	-2.0	61.7043514251709	-2.0	-2.0	0.025733250193297863	0.4180794954299927	-2.0	40.35759925842285	-2.0	-2.0	0.5885064899921417	0.8765754997730255	-2.0	0.00817852490581572	3.5742900371551514	0.00015999549941625446	-2.0	-2.0	58950.0	-2.0	40.5	-2.0	49.5	-2.0	-2.0	27.0	-2.0	-2.0	2.5	-2.0	-2.0	-2.0	30.906450271606445	3.0132099390029907	0.0038089199224486947	411717.0	-2.0	-2.0	0.991454005241394	-2.0	0.8652105033397675	-2.0	-2.0	0.00020583299919962883	-2.0	68099002.0	-2.0	19316.5	-2.0	-2.0	-2.0	58.17704963684082	4.0	1.5	0.0002534669984015636	3058.5	-2.0	-2.0	-2.0	-2.0	-2.0	0.5	-2.0	0.07004134729504585	0.5201949924230576	1.1626519858837128	0.0008774719899520278	0.0015900249709375203	-2.0	223299.0	-2.0	-2.0	-2.0	-2.0	-2.0	-2.0
# Feature
10	11	3	2	6	-2	-2	9	-2	12	2	6	-2	8	-2	-2	-2	-2	0	3	5	-2	-2	-2	4	1	-2	-2	-2	3	7	-2	-2	6	2	-2	-2	8	-2	7	-2	13	-2	5	13	-2	-2	-2	8	1	9	-2	-2	10	-2	3	-2	3	7	-2	-2	-2	5	0	10	8	8	9	-2	12	3	13	9	-2	-2	11	8	-2	-2	-2	-2	8	12	-2	-2	10	-2	-2	7	8	7	7	-2	-2	9	11	-2	11	-2	-2	-2	12	4	-2	-2	-2	3	-2	-2	11	13	-2	7	-2	-2	13	12	-2	4	3	4	-2	-2	1	-2	5	-2	5	-2	-2	9	-2	-2	9	-2	-2	-2	7	7	10	2	-2	-2	11	-2	7	-2	-2	10	-2	2	-2	8	-2	-2	-2	7	9	6	10	5	-2	-2	-2	-2	-2	6	-2	11	13	12	10	11	-2	2	-2	-2	-2	-2	-2	-2
# Values
246.0	1263.0	94.0	36.0
163.0	87.0	0.0	4.0
131.0	23.0	0.0	1.0
128.0	10.0	0.0	0.0
1.0	3.0	0.0	0.0
0.0	3.0	0.0	0.0
1.0	0.0	0.0	0.0
127.0	7.0	0.0	0.0
79.0	0.0	0.0	0.0
48.0	7.0	0.0	0.0
48.0	2.0	0.0	0.0
48.0	1.0	0.0	0.0
47.0	0.0	0.0	0.0
1.0	1.0	0.0	0.0
0.0	1.0	0.0	0.0
1.0	0.0	0.0	0.0
0.0	1.0	0.0	0.0
0.0	5.0	0.0	0.0
3.0	13.0	0.0	1.0
1.0	12.0	0.0	0.0
1.0	2.0	0.0	0.0
0.0	2.0	0.0	0.0
1.0	0.0	0.0	0.0
0.0	10.0	0.0	0.0
2.0	1.0	0.0	1.0
0.0	1.0	0.0	1.0
0.0	0.0	0.0	1.0
0.0	1.0	0.0	0.0
2.0	0.0	0.0	0.0
32.0	64.0	0.0	3.0
19.0	2.0	0.0	0.0
19.0	0.0	0.0	0.0
0.0	2.0	0.0	0.0
13.0	62.0	0.0	3.0
6.0	0.0	0.0	1.0
0.0	0.0	0.0	1.0
6.0	0.0	0.0	0.0
7.0	62.0	0.0	2.0
3.0	0.0	0.0	0.0
4.0	62.0	0.0	2.0
1.0	0.0	0.0	0.0
3.0	62.0	0.0	2.0
0.0	50.0	0.0	0.0
3.0	12.0	0.0	2.0
0.0	12.0	0.0	2.0
0.0	0.0	0.0	2.0
0.0	12.0	0.0	0.0
3.0	0.0	0.0	0.0
83.0	1176.0	94.0	32.0
0.0	17.0	80.0	0.0
0.0	11.0	2.0	0.0
0.0	11.0	0.0	0.0
0.0	0.0	2.0	0.0
0.0	6.0	78.0	0.0
0.0	1.0	0.0	0.0
0.0	5.0	78.0	0.0
0.0	0.0	59.0	0.0
0.0	5.0	19.0	0.0
0.0	5.0	1.0	0.0
0.0	5.0	0.0	0.0
0.0	0.0	1.0	0.0
0.0	0.0	18.0	0.0
83.0	1159.0	14.0	32.0
26.0	1108.0	14.0	31.0
20.0	1055.0	13.0	8.0
20.0	1055.0	11.0	8.0
5.0	917.0	11.0	1.0
0.0	74.0	11.0	0.0
0.0	0.0	2.0	0.0
0.0	74.0	9.0	0.0
0.0	63.0	3.0	0.0
0.0	60.0	2.0	0.0
0.0	3.0	1.0	0.0
0.0	0.0	1.0	0.0
0.0	3.0	0.0	0.0
0.0	57.0	1.0	0.0
0.0	7.0	1.0	0.0
0.0	3.0	1.0	0.0
0.0	4.0	0.0	0.0
0.0	50.0	0.0	0.0
0.0	3.0	1.0	0.0
0.0	11.0	6.0	0.0
0.0	2.0	5.0	0.0
0.0	0.0	5.0	0.0
0.0	2.0	0.0	0.0
0.0	9.0	1.0	0.0
0.0	9.0	0.0	0.0
0.0	0.0	1.0	0.0
5.0	843.0	0.0	1.0
3.0	836.0	0.0	1.0
1.0	780.0	0.0	1.0
1.0	15.0	0.0	0.0
0.0	15.0	0.0	0.0
1.0	0.0	0.0	0.0
0.0	765.0	0.0	1.0
0.0	115.0	0.0	1.0
0.0	96.0	0.0	0.0
0.0	19.0	0.0	1.0
0.0	0.0	0.0	1.0
0.0	19.0	0.0	0.0
0.0	650.0	0.0	0.0
2.0	56.0	0.0	0.0
2.0	1.0	0.0	0.0
0.0	1.0	0.0	0.0
2.0	0.0	0.0	0.0
0.0	55.0	0.0	0.0
2.0	7.0	0.0	0.0
2.0	0.0	0.0	0.0
0.0	7.0	0.0	0.0
15.0	138.0	0.0	7.0
12.0	5.0	0.0	0.0
10.0	0.0	0.0	0.0
2.0	5.0	0.0	0.0
0.0	5.0	0.0	0.0
2.0	0.0	0.0	0.0
3.0	133.0	0.0	7.0
3.0	127.0	0.0	4.0
2.0	0.0	0.0	0.0
1.0	127.0	0.0	4.0
1.0	123.0	0.0	2.0
1.0	1.0	0.0	0.0
0.0	1.0	0.0	0.0
1.0	0.0	0.0	0.0
0.0	122.0	0.0	2.0
0.0	109.0	0.0	0.0
0.0	13.0	0.0	2.0
0.0	0.0	0.0	1.0
0.0	13.0	0.0	1.0
0.0	3.0	0.0	1.0
0.0	10.0	0.0	0.0
0.0	4.0	0.0	2.0
0.0	0.0	0.0	2.0
0.0	4.0	0.0	0.0
0.0	6.0	0.0	3.0
0.0	6.0	0.0	0.0
0.0	0.0	0.0	3.0
0.0	0.0	2.0	0.0
6.0	53.0	1.0	23.0
6.0	53.0	1.0	15.0
5.0	12.0	1.0	13.0
5.0	9.0	0.0	0.0
5.0	0.0	0.0	0.0
0.0	9.0	0.0	0.0
0.0	3.0	1.0	13.0
0.0	0.0	0.0	13.0
0.0	3.0	1.0	0.0
0.0	0.0	1.0	0.0
0.0	3.0	0.0	0.0
1.0	41.0	0.0	2.0
1.0	0.0	0.0	0.0
0.0	41.0	0.0	2.0
0.0	38.0	0.0	0.0
0.0	3.0	0.0	2.0
0.0	0.0	0.0	2.0
0.0	3.0	0.0	0.0
0.0	0.0	0.0	8.0
57.0	51.0	0.0	1.0
15.0	39.0	0.0	0.0
15.0	12.0	0.0	0.0
4.0	12.0	0.0	0.0
4.0	1.0	0.0	0.0
4.0	0.0	0.0	0.0
0.0	1.0	0.0	0.0
0.0	11.0	0.0	0.0
11.0	0.0	0.0	0.0
0.0	27.0	0.0	0.0
42.0	12.0	0.0	1.0
0.0	5.0	0.0	0.0
42.0	7.0	0.0	1.0
42.0	3.0	0.0	1.0
42.0	3.0	0.0	0.0
42.0	2.0	0.0	0.0
10.0	2.0	0.0	0.0
9.0	0.0	0.0	0.0
1.0	2.0	0.0	0.0
1.0	0.0	0.0	0.0
0.0	2.0	0.0	0.0
32.0	0.0	0.0	0.0
0.0	1.0	0.0	0.0
0.0	0.0	0.0	1.0
0.0	4.0	0.0	0.0
