# Sizes (NFeatures, Nclasses, NodeCount, MaxDepth)
14	4	179	15
# Classes
0.0	1.0	2.0	3.0
# Feature Names
Nrows	Ncols	Nnnz	AvgNnnz	Density	MaxRowNnnz	MinRowNnnz	StdRowNnnz	NDiags	NTrueDiags	AvgNnnzDia	AvgNnnzELL	AvgNnnzHyb	AvgNnnzHdc
# Left
1	2	3	-1	5	6	7	-1	9	-1	-1	12	-1	-1	15	-1	-1	18	-1	20	-1	-1	23	24	-1	26	27	28	29	30	31	32	-1	-1	35	-1	37	-1	-1	-1	41	-1	-1	-1	45	46	-1	-1	-1	-1	51	52	53	54	55	-1	-1	58	59	-1	61	62	-1	64	-1	66	-1	68	-1	-1	-1	-1	73	-1	75	-1	77	-1	-1	80	81	-1	83	84	-1	-1	-1	-1	89	90	91	92	93	94	95	96	-1	98	-1	-1	101	-1	-1	104	105	-1	-1	-1	109	110	-1	112	-1	114	-1	-1	117	118	119	-1	121	-1	-1	124	125	-1	-1	-1	-1	130	131	-1	-1	134	135	-1	-1	138	139	140	141	142	-1	-1	145	-1	147	-1	-1	150	-1	-1	153	154	-1	-1	157	-1	159	-1	-1	-1	163	-1	-1	166	167	-1	-1	-1	171	172	-1	174	175	-1	-1	-1	-1
# Right
22	17	4	-1	14	11	8	-1	10	-1	-1	13	-1	-1	16	-1	-1	19	-1	21	-1	-1	50	25	-1	49	44	43	40	39	34	33	-1	-1	36	-1	38	-1	-1	-1	42	-1	-1	-1	48	47	-1	-1	-1	-1	88	79	72	57	56	-1	-1	71	60	-1	70	63	-1	65	-1	67	-1	69	-1	-1	-1	-1	74	-1	76	-1	78	-1	-1	87	82	-1	86	85	-1	-1	-1	-1	170	165	162	129	108	103	100	97	-1	99	-1	-1	102	-1	-1	107	106	-1	-1	-1	116	111	-1	113	-1	115	-1	-1	128	123	120	-1	122	-1	-1	127	126	-1	-1	-1	-1	133	132	-1	-1	137	136	-1	-1	161	152	149	144	143	-1	-1	146	-1	148	-1	-1	151	-1	-1	156	155	-1	-1	158	-1	160	-1	-1	-1	164	-1	-1	169	168	-1	-1	-1	178	173	-1	177	176	-1	-1	-1	-1
# Threshold
0.0039531749207526445	0.5036550164222717	67725.5	-2.0	58.70060157775879	0.0008428040018770844	2.5	-2.0	0.3478344976902008	-2.0	-2.0	18359.0	-2.0	-2.0	57779.0	-2.0	-2.0	217956.0	-2.0	8.336055088875582e-06	-2.0	-2.0	17.5	49.0	-2.0	0.8996315002441406	4.0945751667022705	0.5022325068712234	25118.5	0.8916254937648773	0.4394035041332245	1.5952900052070618	-2.0	-2.0	0.9833334982395172	-2.0	5600.0	-2.0	-2.0	-2.0	0.4478984922170639	-2.0	-2.0	-2.0	0.4577839970588684	39999.0	-2.0	-2.0	-2.0	-2.0	0.00015164950309554115	1.5	4.5	36316.5	0.545307993888855	-2.0	-2.0	218446496.0	0.04303034953773022	-2.0	175.5	0.3832624852657318	-2.0	1.2360249757766724	-2.0	958127.0	-2.0	2.7825900316238403	-2.0	-2.0	-2.0	-2.0	0.35476499795913696	-2.0	1125327.0	-2.0	3952785.0	-2.0	-2.0	0.9994759857654572	0.46965450048446655	-2.0	4.0	3034080.5	-2.0	-2.0	-2.0	-2.0	61.798500061035156	8.724550247192383	0.2731045037508011	0.0012700950028374791	0.9282549917697906	1.5	0.9085630178451538	0.04317359998822212	-2.0	216662.5	-2.0	-2.0	264686.5	-2.0	-2.0	9028.5	7803.0	-2.0	-2.0	-2.0	3.6323500871658325	0.00012928984870086424	-2.0	3.5579700469970703	-2.0	0.00029850899591110647	-2.0	-2.0	0.0012503850157372653	13.0	0.8260925114154816	-2.0	22096.0	-2.0	-2.0	50.5	0.5575365126132965	-2.0	-2.0	-2.0	-2.0	1.4495600461959839	1.166384994983673	-2.0	-2.0	20.5	10314.0	-2.0	-2.0	56335752.0	5091.0	0.8937059938907623	3.6179099082946777	3.58351993560791	-2.0	-2.0	0.42050451040267944	-2.0	13148.5	-2.0	-2.0	0.003312394954264164	-2.0	-2.0	6690.5	0.20713544823229313	-2.0	-2.0	48.26019859313965	-2.0	0.30858249217271805	-2.0	-2.0	-2.0	22.0	-2.0	-2.0	0.9880719780921936	50059.0	-2.0	-2.0	-2.0	21.0	0.0009426959732081741	-2.0	1.5	14224.5	-2.0	-2.0	-2.0	-2.0
# Feature
11	13	2	-2	3	10	6	-2	13	-2	-2	1	-2	-2	5	-2	-2	0	-2	4	-2	-2	8	2	-2	10	12	13	1	10	10	12	-2	-2	11	-2	2	-2	-2	-2	13	-2	-2	-2	13	1	-2	-2	-2	-2	10	6	9	0	13	-2	-2	2	11	-2	5	13	-2	12	-2	2	-2	3	-2	-2	-2	-2	13	-2	2	-2	1	-2	-2	11	13	-2	9	2	-2	-2	-2	-2	7	12	4	10	12	6	12	11	-2	2	-2	-2	2	-2	-2	8	1	-2	-2	-2	3	4	-2	3	-2	10	-2	-2	10	6	13	-2	8	-2	-2	5	13	-2	-2	-2	-2	3	3	-2	-2	8	2	-2	-2	2	8	13	3	3	-2	-2	10	-2	2	-2	-2	4	-2	-2	1	11	-2	-2	7	-2	11	-2	-2	-2	8	-2	-2	11	1	-2	-2	-2	9	4	-2	6	1	-2	-2	-2	-2
# Values
238.0	1252.0	112.0	37.0
109.0	19.0	0.0	0.0
102.0	9.0	0.0	0.0
0.0	2.0	0.0	0.0
102.0	7.0	0.0	0.0
98.0	4.0	0.0	0.0
93.0	1.0	0.0	0.0
86.0	0.0	0.0	0.0
7.0	1.0	0.0	0.0
7.0	0.0	0.0	0.0
0.0	1.0	0.0	0.0
5.0	3.0	0.0	0.0
5.0	0.0	0.0	0.0
0.0	3.0	0.0	0.0
4.0	3.0	0.0	0.0
0.0	3.0	0.0	0.0
4.0	0.0	0.0	0.0
7.0	10.0	0.0	0.0
0.0	7.0	0.0	0.0
7.0	3.0	0.0	0.0
0.0	3.0	0.0	0.0
7.0	0.0	0.0	0.0
129.0	1233.0	112.0	37.0
0.0	27.0	96.0	1.0
0.0	7.0	0.0	0.0
0.0	20.0	96.0	1.0
0.0	20.0	44.0	1.0
0.0	9.0	41.0	1.0
0.0	5.0	41.0	1.0
0.0	4.0	41.0	0.0
0.0	3.0	41.0	0.0
0.0	2.0	4.0	0.0
0.0	0.0	4.0	0.0
0.0	2.0	0.0	0.0
0.0	1.0	37.0	0.0
0.0	0.0	23.0	0.0
0.0	1.0	14.0	0.0
0.0	1.0	5.0	0.0
0.0	0.0	9.0	0.0
0.0	1.0	0.0	0.0
0.0	1.0	0.0	1.0
0.0	1.0	0.0	0.0
0.0	0.0	0.0	1.0
0.0	4.0	0.0	0.0
0.0	11.0	3.0	0.0
0.0	11.0	1.0	0.0
0.0	11.0	0.0	0.0
0.0	0.0	1.0	0.0
0.0	0.0	2.0	0.0
0.0	0.0	52.0	0.0
129.0	1206.0	16.0	36.0
82.0	87.0	0.0	3.0
72.0	16.0	0.0	2.0
69.0	10.0	0.0	0.0
1.0	5.0	0.0	0.0
0.0	5.0	0.0	0.0
1.0	0.0	0.0	0.0
68.0	5.0	0.0	0.0
68.0	4.0	0.0	0.0
32.0	0.0	0.0	0.0
36.0	4.0	0.0	0.0
36.0	3.0	0.0	0.0
0.0	1.0	0.0	0.0
36.0	2.0	0.0	0.0
22.0	0.0	0.0	0.0
14.0	2.0	0.0	0.0
0.0	1.0	0.0	0.0
14.0	1.0	0.0	0.0
0.0	1.0	0.0	0.0
14.0	0.0	0.0	0.0
0.0	1.0	0.0	0.0
0.0	1.0	0.0	0.0
3.0	6.0	0.0	2.0
3.0	0.0	0.0	0.0
0.0	6.0	0.0	2.0
0.0	0.0	0.0	1.0
0.0	6.0	0.0	1.0
0.0	6.0	0.0	0.0
0.0	0.0	0.0	1.0
10.0	71.0	0.0	1.0
3.0	71.0	0.0	1.0
0.0	62.0	0.0	0.0
3.0	9.0	0.0	1.0
0.0	9.0	0.0	1.0
0.0	0.0	0.0	1.0
0.0	9.0	0.0	0.0
3.0	0.0	0.0	0.0
7.0	0.0	0.0	0.0
47.0	1119.0	16.0	33.0
29.0	1097.0	16.0	26.0
29.0	1076.0	16.0	10.0
29.0	1075.0	10.0	10.0
26.0	147.0	0.0	7.0
16.0	16.0	0.0	0.0
3.0	14.0	0.0	0.0
1.0	13.0	0.0	0.0
0.0	12.0	0.0	0.0
1.0	1.0	0.0	0.0
1.0	0.0	0.0	0.0
0.0	1.0	0.0	0.0
2.0	1.0	0.0	0.0
0.0	1.0	0.0	0.0
2.0	0.0	0.0	0.0
13.0	2.0	0.0	0.0
2.0	2.0	0.0	0.0
2.0	0.0	0.0	0.0
0.0	2.0	0.0	0.0
11.0	0.0	0.0	0.0
10.0	131.0	0.0	7.0
7.0	6.0	0.0	0.0
4.0	0.0	0.0	0.0
3.0	6.0	0.0	0.0
0.0	5.0	0.0	0.0
3.0	1.0	0.0	0.0
3.0	0.0	0.0	0.0
0.0	1.0	0.0	0.0
3.0	125.0	0.0	7.0
3.0	125.0	0.0	5.0
3.0	115.0	0.0	0.0
0.0	108.0	0.0	0.0
3.0	7.0	0.0	0.0
0.0	7.0	0.0	0.0
3.0	0.0	0.0	0.0
0.0	10.0	0.0	5.0
0.0	3.0	0.0	5.0
0.0	0.0	0.0	2.0
0.0	3.0	0.0	3.0
0.0	7.0	0.0	0.0
0.0	0.0	0.0	2.0
3.0	928.0	10.0	3.0
0.0	2.0	3.0	0.0
0.0	2.0	0.0	0.0
0.0	0.0	3.0	0.0
3.0	926.0	7.0	3.0
0.0	5.0	3.0	0.0
0.0	0.0	3.0	0.0
0.0	5.0	0.0	0.0
3.0	921.0	4.0	3.0
3.0	921.0	4.0	2.0
0.0	828.0	4.0	1.0
0.0	819.0	4.0	0.0
0.0	76.0	3.0	0.0
0.0	42.0	0.0	0.0
0.0	34.0	3.0	0.0
0.0	743.0	1.0	0.0
0.0	715.0	0.0	0.0
0.0	28.0	1.0	0.0
0.0	0.0	1.0	0.0
0.0	28.0	0.0	0.0
0.0	9.0	0.0	1.0
0.0	9.0	0.0	0.0
0.0	0.0	0.0	1.0
3.0	93.0	0.0	1.0
3.0	1.0	0.0	0.0
3.0	0.0	0.0	0.0
0.0	1.0	0.0	0.0
0.0	92.0	0.0	1.0
0.0	83.0	0.0	0.0
0.0	9.0	0.0	1.0
0.0	9.0	0.0	0.0
0.0	0.0	0.0	1.0
0.0	0.0	0.0	1.0
0.0	1.0	6.0	0.0
0.0	1.0	0.0	0.0
0.0	0.0	6.0	0.0
0.0	21.0	0.0	16.0
0.0	1.0	0.0	16.0
0.0	1.0	0.0	0.0
0.0	0.0	0.0	16.0
0.0	20.0	0.0	0.0
18.0	22.0	0.0	7.0
18.0	5.0	0.0	7.0
0.0	0.0	0.0	7.0
18.0	5.0	0.0	0.0
2.0	5.0	0.0	0.0
2.0	0.0	0.0	0.0
0.0	5.0	0.0	0.0
16.0	0.0	0.0	0.0
0.0	17.0	0.0	0.0
