# Sizes (NFeatures, Nclasses, NodeCount, MaxDepth)
10	4	105	10
# Classes
0.0	1.0	2.0	3.0
# Feature Names
Nrows	Ncols	Nnnz	AvgNnnz	Density	MaxRowNnnz	MinRowNnnz	StdRowNnnz	NDiags	NTrueDiags
# Left
1	2	3	-1	5	-1	7	8	-1	-1	-1	12	13	14	15	16	-1	18	-1	-1	-1	-1	23	24	25	-1	27	-1	29	-1	-1	32	33	34	-1	-1	37	-1	39	-1	-1	42	-1	44	-1	46	-1	-1	49	-1	-1	52	53	-1	55	-1	-1	58	59	-1	61	62	-1	-1	65	-1	67	68	-1	-1	-1	72	-1	74	75	76	-1	-1	-1	80	-1	-1	83	84	85	-1	-1	88	89	90	-1	-1	93	94	-1	-1	-1	-1	99	-1	101	102	-1	-1	-1
# Right
82	11	4	-1	6	-1	10	9	-1	-1	-1	51	22	21	20	17	-1	19	-1	-1	-1	-1	48	31	26	-1	28	-1	30	-1	-1	41	36	35	-1	-1	38	-1	40	-1	-1	43	-1	45	-1	47	-1	-1	50	-1	-1	57	54	-1	56	-1	-1	71	60	-1	64	63	-1	-1	66	-1	70	69	-1	-1	-1	73	-1	79	78	77	-1	-1	-1	81	-1	-1	98	87	86	-1	-1	97	92	91	-1	-1	96	95	-1	-1	-1	-1	100	-1	104	103	-1	-1	-1
# Threshold
5814.0	6.5	0.022338299080729485	-2.0	4.365664839744568	-2.0	0.38360999524593353	102941.0	-2.0	-2.0	-2.0	52069.5	38.5	159.0	1.1005499958992004	47.5	-2.0	0.24845199286937714	-2.0	-2.0	-2.0	-2.0	195.21900177001953	10.0	1850.0	-2.0	0.00912409508600831	-2.0	0.011150594800710678	-2.0	-2.0	3005.5	7.255620175783406e-06	5.041940084993257e-06	-2.0	-2.0	1401.0	-2.0	1434.5	-2.0	-2.0	3167.0	-2.0	38.83855056762695	-2.0	53.69635009765625	-2.0	-2.0	14747.0	-2.0	-2.0	141.5	34.36000061035156	-2.0	2.6045049708045553e-05	-2.0	-2.0	4.5	7.168859958648682	-2.0	79114.5	30.57529926300049	-2.0	-2.0	1.0142175312921609e-06	-2.0	295.5	9.647584915161133	-2.0	-2.0	-2.0	1.4657950032415101e-05	-2.0	84.98149871826172	3.476055007922696e-05	2.7884750124940183e-05	-2.0	-2.0	-2.0	3447.5	-2.0	-2.0	0.00021937600104138255	78699.0	109.21125030517578	-2.0	-2.0	55.64199924468994	31.104101181030273	29.28505039215088	-2.0	-2.0	1401430.0	2.4393350031459704e-05	-2.0	-2.0	-2.0	-2.0	148.64350128173828	-2.0	103644.0	7220.5	-2.0	-2.0	-2.0
# Feature
5	8	7	-2	3	-2	7	2	-2	-2	-2	8	1	2	7	2	-2	7	-2	-2	-2	-2	7	8	2	-2	4	-2	4	-2	-2	5	4	4	-2	-2	5	-2	5	-2	-2	5	-2	7	-2	7	-2	-2	1	-2	-2	5	3	-2	4	-2	-2	9	7	-2	8	7	-2	-2	4	-2	5	3	-2	-2	-2	4	-2	7	4	4	-2	-2	-2	5	-2	-2	4	8	7	-2	-2	3	7	7	-2	-2	2	4	-2	-2	-2	-2	7	-2	1	5	-2	-2	-2
# Values
102.0	1535.0	41.0	1.0
44.0	1498.0	41.0	1.0
0.0	12.0	29.0	0.0
0.0	0.0	15.0	0.0
0.0	12.0	14.0	0.0
0.0	8.0	0.0	0.0
0.0	4.0	14.0	0.0
0.0	4.0	2.0	0.0
0.0	4.0	1.0	0.0
0.0	0.0	1.0	0.0
0.0	0.0	12.0	0.0
44.0	1486.0	12.0	1.0
7.0	1329.0	12.0	1.0
0.0	5.0	9.0	0.0
0.0	3.0	9.0	0.0
0.0	3.0	3.0	0.0
0.0	2.0	0.0	0.0
0.0	1.0	3.0	0.0
0.0	1.0	0.0	0.0
0.0	0.0	3.0	0.0
0.0	0.0	6.0	0.0
0.0	2.0	0.0	0.0
7.0	1324.0	3.0	1.0
3.0	1320.0	3.0	1.0
0.0	39.0	3.0	0.0
0.0	0.0	2.0	0.0
0.0	39.0	1.0	0.0
0.0	37.0	0.0	0.0
0.0	2.0	1.0	0.0
0.0	0.0	1.0	0.0
0.0	2.0	0.0	0.0
3.0	1281.0	0.0	1.0
1.0	1264.0	0.0	1.0
0.0	5.0	0.0	1.0
0.0	5.0	0.0	0.0
0.0	0.0	0.0	1.0
1.0	1259.0	0.0	0.0
0.0	1210.0	0.0	0.0
1.0	49.0	0.0	0.0
1.0	0.0	0.0	0.0
0.0	49.0	0.0	0.0
2.0	17.0	0.0	0.0
1.0	0.0	0.0	0.0
1.0	17.0	0.0	0.0
0.0	11.0	0.0	0.0
1.0	6.0	0.0	0.0
1.0	0.0	0.0	0.0
0.0	6.0	0.0	0.0
4.0	4.0	0.0	0.0
4.0	0.0	0.0	0.0
0.0	4.0	0.0	0.0
37.0	157.0	0.0	0.0
1.0	115.0	0.0	0.0
0.0	107.0	0.0	0.0
1.0	8.0	0.0	0.0
1.0	0.0	0.0	0.0
0.0	8.0	0.0	0.0
36.0	42.0	0.0	0.0
31.0	17.0	0.0	0.0
0.0	7.0	0.0	0.0
31.0	10.0	0.0	0.0
5.0	7.0	0.0	0.0
0.0	7.0	0.0	0.0
5.0	0.0	0.0	0.0
26.0	3.0	0.0	0.0
0.0	2.0	0.0	0.0
26.0	1.0	0.0	0.0
4.0	1.0	0.0	0.0
0.0	1.0	0.0	0.0
4.0	0.0	0.0	0.0
22.0	0.0	0.0	0.0
5.0	25.0	0.0	0.0
2.0	0.0	0.0	0.0
3.0	25.0	0.0	0.0
1.0	24.0	0.0	0.0
1.0	2.0	0.0	0.0
0.0	2.0	0.0	0.0
1.0	0.0	0.0	0.0
0.0	22.0	0.0	0.0
2.0	1.0	0.0	0.0
2.0	0.0	0.0	0.0
0.0	1.0	0.0	0.0
58.0	37.0	0.0	0.0
51.0	13.0	0.0	0.0
1.0	8.0	0.0	0.0
0.0	8.0	0.0	0.0
1.0	0.0	0.0	0.0
50.0	5.0	0.0	0.0
50.0	2.0	0.0	0.0
3.0	1.0	0.0	0.0
3.0	0.0	0.0	0.0
0.0	1.0	0.0	0.0
47.0	1.0	0.0	0.0
9.0	1.0	0.0	0.0
0.0	1.0	0.0	0.0
9.0	0.0	0.0	0.0
38.0	0.0	0.0	0.0
0.0	3.0	0.0	0.0
7.0	24.0	0.0	0.0
0.0	16.0	0.0	0.0
7.0	8.0	0.0	0.0
7.0	2.0	0.0	0.0
0.0	2.0	0.0	0.0
7.0	0.0	0.0	0.0
0.0	6.0	0.0	0.0
