# Sizes (NFeatures, Nclasses, NodeCount, MaxDepth)
10	4	113	12
# Classes
0.0	1.0	2.0	3.0
# Feature Names
Nrows	Ncols	Nnnz	AvgNnnz	Density	MaxRowNnnz	MinRowNnnz	StdRowNnnz	NDiags	NTrueDiags
# Left
1	2	3	-1	5	-1	7	8	-1	-1	11	-1	13	-1	-1	16	17	18	-1	20	-1	-1	23	-1	-1	26	27	28	29	-1	-1	-1	33	34	35	-1	-1	38	39	-1	-1	42	43	44	-1	46	-1	-1	-1	-1	51	-1	53	54	-1	56	57	-1	-1	-1	-1	62	63	-1	65	66	-1	68	-1	70	-1	72	-1	-1	-1	76	77	78	-1	80	81	82	-1	-1	-1	-1	87	88	89	-1	-1	-1	93	-1	-1	-1	97	98	99	-1	101	-1	-1	-1	105	-1	107	-1	109	-1	111	-1	-1
# Right
96	15	4	-1	6	-1	10	9	-1	-1	12	-1	14	-1	-1	25	22	19	-1	21	-1	-1	24	-1	-1	61	32	31	30	-1	-1	-1	50	37	36	-1	-1	41	40	-1	-1	49	48	45	-1	47	-1	-1	-1	-1	52	-1	60	55	-1	59	58	-1	-1	-1	-1	75	64	-1	74	67	-1	69	-1	71	-1	73	-1	-1	-1	95	86	79	-1	85	84	83	-1	-1	-1	-1	92	91	90	-1	-1	-1	94	-1	-1	-1	104	103	100	-1	102	-1	-1	-1	106	-1	108	-1	110	-1	112	-1	-1
# Threshold
129.15549850463867	2.5	0.5	-2.0	0.5	-2.0	57.0	1.5	-2.0	-2.0	1809.5	-2.0	3348.0	-2.0	-2.0	38.5	126.5	0.11759049817919731	-2.0	0.24389000236988068	-2.0	-2.0	33.5	-2.0	-2.0	50614.0	5.5	21480.5	0.4140850007534027	-2.0	-2.0	-2.0	1379.0	6.528684934892226e-06	6.0	-2.0	-2.0	230.0	212.5	-2.0	-2.0	10.0	0.02305305004119873	0.008772245142608881	-2.0	1.0032359659671783	-2.0	-2.0	-2.0	-2.0	28132.0	-2.0	41506.5	30119.5	-2.0	28.323899269104004	24.12994956970215	-2.0	-2.0	-2.0	-2.0	225.0	5.151129961013794	-2.0	2644035.0	147612.0	-2.0	2.0	-2.0	50633700.0	-2.0	3304385.0	-2.0	-2.0	-2.0	5.5	7.791280031204224	97998.5	-2.0	3643.0	7.173789978027344	6.7714149951934814	-2.0	-2.0	-2.0	-2.0	3.5	741762.0	583804.0	-2.0	-2.0	-2.0	815573.0	-2.0	-2.0	-2.0	2521.5	16.0	241.46149444580078	-2.0	403.9414978027344	-2.0	-2.0	-2.0	286552.0	-2.0	77.82415008544922	-2.0	93.36845016479492	-2.0	238.0	-2.0	-2.0
# Feature
7	5	6	-2	9	-2	1	9	-2	-2	1	-2	2	-2	-2	1	2	4	-2	4	-2	-2	0	-2	-2	8	8	1	7	-2	-2	-2	5	4	5	-2	-2	2	2	-2	-2	8	4	4	-2	7	-2	-2	-2	-2	8	-2	1	1	-2	7	7	-2	-2	-2	-2	5	7	-2	8	8	-2	9	-2	2	-2	0	-2	-2	-2	6	3	8	-2	5	3	7	-2	-2	-2	-2	9	2	2	-2	-2	-2	1	-2	-2	-2	5	6	3	-2	7	-2	-2	-2	2	-2	3	-2	3	-2	9	-2	-2
# Values
126.0	1503.0	47.0	3.0
57.0	1479.0	47.0	3.0
0.0	5.0	19.0	0.0
0.0	2.0	0.0	0.0
0.0	3.0	19.0	0.0
0.0	1.0	0.0	0.0
0.0	2.0	19.0	0.0
0.0	1.0	2.0	0.0
0.0	1.0	0.0	0.0
0.0	0.0	2.0	0.0
0.0	1.0	17.0	0.0
0.0	0.0	9.0	0.0
0.0	1.0	8.0	0.0
0.0	1.0	0.0	0.0
0.0	0.0	8.0	0.0
57.0	1474.0	28.0	3.0
0.0	11.0	16.0	0.0
0.0	2.0	12.0	0.0
0.0	0.0	8.0	0.0
0.0	2.0	4.0	0.0
0.0	2.0	0.0	0.0
0.0	0.0	4.0	0.0
0.0	9.0	4.0	0.0
0.0	9.0	0.0	0.0
0.0	0.0	4.0	0.0
57.0	1463.0	12.0	3.0
10.0	1298.0	12.0	3.0
0.0	13.0	6.0	0.0
0.0	13.0	1.0	0.0
0.0	13.0	0.0	0.0
0.0	0.0	1.0	0.0
0.0	0.0	5.0	0.0
10.0	1285.0	6.0	3.0
0.0	1208.0	6.0	3.0
0.0	8.0	0.0	3.0
0.0	0.0	0.0	3.0
0.0	8.0	0.0	0.0
0.0	1200.0	6.0	0.0
0.0	12.0	3.0	0.0
0.0	12.0	0.0	0.0
0.0	0.0	3.0	0.0
0.0	1188.0	3.0	0.0
0.0	46.0	3.0	0.0
0.0	46.0	1.0	0.0
0.0	44.0	0.0	0.0
0.0	2.0	1.0	0.0
0.0	2.0	0.0	0.0
0.0	0.0	1.0	0.0
0.0	0.0	2.0	0.0
0.0	1142.0	0.0	0.0
10.0	77.0	0.0	0.0
0.0	60.0	0.0	0.0
10.0	17.0	0.0	0.0
10.0	6.0	0.0	0.0
0.0	5.0	0.0	0.0
10.0	1.0	0.0	0.0
2.0	1.0	0.0	0.0
2.0	0.0	0.0	0.0
0.0	1.0	0.0	0.0
8.0	0.0	0.0	0.0
0.0	11.0	0.0	0.0
47.0	165.0	0.0	0.0
4.0	109.0	0.0	0.0
0.0	91.0	0.0	0.0
4.0	18.0	0.0	0.0
2.0	18.0	0.0	0.0
0.0	12.0	0.0	0.0
2.0	6.0	0.0	0.0
1.0	0.0	0.0	0.0
1.0	6.0	0.0	0.0
0.0	5.0	0.0	0.0
1.0	1.0	0.0	0.0
1.0	0.0	0.0	0.0
0.0	1.0	0.0	0.0
2.0	0.0	0.0	0.0
43.0	56.0	0.0	0.0
43.0	24.0	0.0	0.0
11.0	18.0	0.0	0.0
0.0	13.0	0.0	0.0
11.0	5.0	0.0	0.0
11.0	2.0	0.0	0.0
11.0	1.0	0.0	0.0
0.0	1.0	0.0	0.0
11.0	0.0	0.0	0.0
0.0	1.0	0.0	0.0
0.0	3.0	0.0	0.0
32.0	6.0	0.0	0.0
29.0	3.0	0.0	0.0
7.0	3.0	0.0	0.0
7.0	0.0	0.0	0.0
0.0	3.0	0.0	0.0
22.0	0.0	0.0	0.0
3.0	3.0	0.0	0.0
0.0	3.0	0.0	0.0
3.0	0.0	0.0	0.0
0.0	32.0	0.0	0.0
69.0	24.0	0.0	0.0
7.0	16.0	0.0	0.0
2.0	16.0	0.0	0.0
0.0	15.0	0.0	0.0
2.0	1.0	0.0	0.0
2.0	0.0	0.0	0.0
0.0	1.0	0.0	0.0
5.0	0.0	0.0	0.0
62.0	8.0	0.0	0.0
0.0	3.0	0.0	0.0
62.0	5.0	0.0	0.0
51.0	0.0	0.0	0.0
11.0	5.0	0.0	0.0
0.0	4.0	0.0	0.0
11.0	1.0	0.0	0.0
11.0	0.0	0.0	0.0
0.0	1.0	0.0	0.0
