# Sizes (NFeatures, Nclasses, NodeCount, MaxDepth)
10	4	109	13
# Classes
0.0	1.0	2.0	3.0
# Feature Names
Nrows	Ncols	Nnnz	AvgNnnz	Density	MaxRowNnnz	MinRowNnnz	StdRowNnnz	NDiags	NTrueDiags
# Left
1	2	3	-1	5	-1	7	-1	-1	10	11	12	13	14	15	-1	-1	-1	-1	20	-1	-1	23	24	25	-1	-1	28	29	30	-1	32	-1	34	-1	36	-1	38	-1	-1	41	-1	43	-1	45	46	-1	48	-1	-1	-1	52	-1	54	55	-1	-1	-1	59	-1	-1	62	63	-1	65	66	-1	68	-1	-1	-1	72	73	74	-1	-1	77	78	79	-1	81	-1	83	-1	-1	86	-1	-1	89	-1	-1	92	-1	-1	95	-1	97	98	99	-1	-1	102	103	-1	-1	-1	107	-1	-1
# Right
94	9	4	-1	6	-1	8	-1	-1	61	22	19	18	17	16	-1	-1	-1	-1	21	-1	-1	58	27	26	-1	-1	51	40	31	-1	33	-1	35	-1	37	-1	39	-1	-1	42	-1	44	-1	50	47	-1	49	-1	-1	-1	53	-1	57	56	-1	-1	-1	60	-1	-1	71	64	-1	70	67	-1	69	-1	-1	-1	91	76	75	-1	-1	88	85	80	-1	82	-1	84	-1	-1	87	-1	-1	90	-1	-1	93	-1	-1	96	-1	106	101	100	-1	-1	105	104	-1	-1	-1	108	-1	-1
# Threshold
10136.5	5.5	0.5	-2.0	0.0002984294987982139	-2.0	2131.0	-2.0	-2.0	50372.0	38.5	13.0	40.0	6.0	0.11759049817919731	-2.0	-2.0	-2.0	-2.0	0.14970450103282928	-2.0	-2.0	195.21900177001953	7.2745051511446945e-06	1649172.5	-2.0	-2.0	41761.0	18.0	0.00954861519858241	-2.0	198.5	-2.0	3.0	-2.0	0.5232124924659729	-2.0	1.240964949131012	-2.0	-2.0	1372.5	-2.0	1418.0	-2.0	0.5	70.18519973754883	-2.0	301824.0	-2.0	-2.0	-2.0	42222.0	-2.0	41506.5	1237788.0	-2.0	-2.0	-2.0	4322290.0	-2.0	-2.0	220.5	5.221999883651733	-2.0	2196510.0	45494150.0	-2.0	82.5	-2.0	-2.0	-2.0	3.5	6.070800065994263	1.0	-2.0	-2.0	30.204200744628906	400018.5	0.00013593600306194276	-2.0	33503.0	-2.0	741762.0	-2.0	-2.0	7.412629842758179	-2.0	-2.0	84.93725204467773	-2.0	-2.0	210.57050323486328	-2.0	-2.0	286552.0	-2.0	81862548.0	109.60914993286133	21785.0	-2.0	-2.0	0.5	331.468505859375	-2.0	-2.0	-2.0	0.5	-2.0	-2.0
# Feature
5	8	6	-2	4	-2	2	-2	-2	8	1	5	8	9	4	-2	-2	-2	-2	4	-2	-2	7	4	0	-2	-2	8	8	4	-2	0	-2	6	-2	7	-2	7	-2	-2	5	-2	5	-2	9	7	-2	2	-2	-2	-2	8	-2	1	2	-2	-2	-2	2	-2	-2	5	7	-2	8	2	-2	5	-2	-2	-2	6	3	9	-2	-2	7	8	4	-2	0	-2	2	-2	-2	3	-2	-2	3	-2	-2	7	-2	-2	2	-2	2	7	5	-2	-2	6	7	-2	-2	-2	6	-2	-2
# Values
115.0	1517.0	45.0	2.0
65.0	1508.0	45.0	2.0
0.0	13.0	23.0	0.0
0.0	5.0	0.0	0.0
0.0	8.0	23.0	0.0
0.0	0.0	13.0	0.0
0.0	8.0	10.0	0.0
0.0	0.0	10.0	0.0
0.0	8.0	0.0	0.0
65.0	1495.0	22.0	2.0
12.0	1365.0	22.0	2.0
0.0	7.0	18.0	0.0
0.0	3.0	17.0	0.0
0.0	2.0	17.0	0.0
0.0	2.0	4.0	0.0
0.0	0.0	4.0	0.0
0.0	2.0	0.0	0.0
0.0	0.0	13.0	0.0
0.0	1.0	0.0	0.0
0.0	4.0	1.0	0.0
0.0	0.0	1.0	0.0
0.0	4.0	0.0	0.0
12.0	1358.0	4.0	2.0
5.0	1351.0	4.0	2.0
0.0	6.0	0.0	2.0
0.0	0.0	0.0	2.0
0.0	6.0	0.0	0.0
5.0	1345.0	4.0	0.0
2.0	1315.0	4.0	0.0
0.0	71.0	4.0	0.0
0.0	66.0	0.0	0.0
0.0	5.0	4.0	0.0
0.0	2.0	0.0	0.0
0.0	3.0	4.0	0.0
0.0	1.0	0.0	0.0
0.0	2.0	4.0	0.0
0.0	1.0	0.0	0.0
0.0	1.0	4.0	0.0
0.0	0.0	4.0	0.0
0.0	1.0	0.0	0.0
2.0	1244.0	0.0	0.0
0.0	1166.0	0.0	0.0
2.0	78.0	0.0	0.0
1.0	0.0	0.0	0.0
1.0	78.0	0.0	0.0
1.0	7.0	0.0	0.0
0.0	6.0	0.0	0.0
1.0	1.0	0.0	0.0
1.0	0.0	0.0	0.0
0.0	1.0	0.0	0.0
0.0	71.0	0.0	0.0
3.0	30.0	0.0	0.0
2.0	0.0	0.0	0.0
1.0	30.0	0.0	0.0
1.0	4.0	0.0	0.0
1.0	0.0	0.0	0.0
0.0	4.0	0.0	0.0
0.0	26.0	0.0	0.0
7.0	7.0	0.0	0.0
7.0	0.0	0.0	0.0
0.0	7.0	0.0	0.0
53.0	130.0	0.0	0.0
2.0	89.0	0.0	0.0
0.0	72.0	0.0	0.0
2.0	17.0	0.0	0.0
1.0	17.0	0.0	0.0
0.0	15.0	0.0	0.0
1.0	2.0	0.0	0.0
0.0	2.0	0.0	0.0
1.0	0.0	0.0	0.0
1.0	0.0	0.0	0.0
51.0	41.0	0.0	0.0
50.0	14.0	0.0	0.0
3.0	5.0	0.0	0.0
3.0	0.0	0.0	0.0
0.0	5.0	0.0	0.0
47.0	9.0	0.0	0.0
20.0	8.0	0.0	0.0
19.0	3.0	0.0	0.0
16.0	0.0	0.0	0.0
3.0	3.0	0.0	0.0
2.0	0.0	0.0	0.0
1.0	3.0	0.0	0.0
0.0	3.0	0.0	0.0
1.0	0.0	0.0	0.0
1.0	5.0	0.0	0.0
1.0	0.0	0.0	0.0
0.0	5.0	0.0	0.0
27.0	1.0	0.0	0.0
27.0	0.0	0.0	0.0
0.0	1.0	0.0	0.0
1.0	27.0	0.0	0.0
0.0	27.0	0.0	0.0
1.0	0.0	0.0	0.0
50.0	9.0	0.0	0.0
0.0	3.0	0.0	0.0
50.0	6.0	0.0	0.0
47.0	3.0	0.0	0.0
5.0	2.0	0.0	0.0
5.0	0.0	0.0	0.0
0.0	2.0	0.0	0.0
42.0	1.0	0.0	0.0
6.0	1.0	0.0	0.0
6.0	0.0	0.0	0.0
0.0	1.0	0.0	0.0
36.0	0.0	0.0	0.0
3.0	3.0	0.0	0.0
0.0	3.0	0.0	0.0
3.0	0.0	0.0	0.0
