# Sizes (NFeatures, Nclasses, NodeCount, MaxDepth)
10	4	109	12
# Classes
0.0	1.0	2.0	3.0
# Feature Names
Nrows	Ncols	Nnnz	AvgNnnz	Density	MaxRowNnnz	MinRowNnnz	StdRowNnnz	NDiags	NTrueDiags
# Left
1	2	3	4	5	-1	7	8	9	-1	11	-1	13	-1	15	-1	-1	-1	-1	20	-1	-1	-1	24	-1	26	27	28	29	30	-1	-1	-1	34	35	-1	-1	38	39	40	41	-1	-1	-1	45	-1	47	-1	49	-1	-1	52	-1	54	-1	56	-1	-1	59	-1	-1	62	63	-1	65	-1	67	-1	69	-1	-1	72	73	74	-1	76	-1	-1	79	80	-1	82	-1	-1	85	86	-1	-1	89	-1	91	-1	-1	94	-1	96	-1	-1	99	100	101	-1	-1	-1	105	106	-1	-1	-1
# Right
98	23	22	19	6	-1	18	17	10	-1	12	-1	14	-1	16	-1	-1	-1	-1	21	-1	-1	-1	25	-1	61	58	33	32	31	-1	-1	-1	37	36	-1	-1	51	44	43	42	-1	-1	-1	46	-1	48	-1	50	-1	-1	53	-1	55	-1	57	-1	-1	60	-1	-1	71	64	-1	66	-1	68	-1	70	-1	-1	93	78	75	-1	77	-1	-1	84	81	-1	83	-1	-1	88	87	-1	-1	90	-1	92	-1	-1	95	-1	97	-1	-1	104	103	102	-1	-1	-1	108	107	-1	-1	-1
# Threshold
8600.0	5.5	15012.0	3779.0	0.5	-2.0	0.020935149863362312	0.02037355024367571	640.5	-2.0	219.0	-2.0	2131.0	-2.0	3348.0	-2.0	-2.0	-2.0	-2.0	0.004532320192083716	-2.0	-2.0	-2.0	84.5	-2.0	50614.0	195.21900177001953	235.5	40.0	11.0	-2.0	-2.0	-2.0	7.2840000484575285e-06	6702855.0	-2.0	-2.0	3005.5	1401.0	18.0	16.0	-2.0	-2.0	-2.0	1418.0	-2.0	27204.0	-2.0	0.0003814884985331446	-2.0	-2.0	3183.0	-2.0	12.254500389099121	-2.0	15.433400630950928	-2.0	-2.0	4322290.0	-2.0	-2.0	243.5	5.094529867172241	-2.0	2.391909958987526e-06	-2.0	669645.0	-2.0	990497.5	-2.0	-2.0	4.5	5.999984979629517	2826.0	-2.0	7072.0	-2.0	-2.0	463581.5	0.5	-2.0	60043.5	-2.0	-2.0	57206.5	53213.5	-2.0	-2.0	447579.0	-2.0	292787.5	-2.0	-2.0	31282450.0	-2.0	8.0	-2.0	-2.0	679500.0	10.137255191802979	0.5	-2.0	-2.0	-2.0	0.5	240.57400512695312	-2.0	-2.0	-2.0
# Feature
5	8	2	2	6	-2	4	4	2	-2	1	-2	2	-2	0	-2	-2	-2	-2	4	-2	-2	-2	2	-2	8	7	2	8	5	-2	-2	-2	4	2	-2	-2	5	5	8	9	-2	-2	-2	5	-2	8	-2	4	-2	-2	5	-2	3	-2	3	-2	-2	2	-2	-2	5	7	-2	4	-2	8	-2	8	-2	-2	9	3	5	-2	5	-2	-2	2	9	-2	8	-2	-2	1	1	-2	-2	8	-2	0	-2	-2	2	-2	6	-2	-2	2	3	9	-2	-2	-2	6	7	-2	-2	-2
# Values
118.0	1521.0	37.0	3.0
59.0	1502.0	37.0	3.0
0.0	20.0	21.0	0.0
0.0	20.0	12.0	0.0
0.0	5.0	10.0	0.0
0.0	1.0	0.0	0.0
0.0	4.0	10.0	0.0
0.0	4.0	7.0	0.0
0.0	2.0	7.0	0.0
0.0	0.0	4.0	0.0
0.0	2.0	3.0	0.0
0.0	1.0	0.0	0.0
0.0	1.0	3.0	0.0
0.0	0.0	2.0	0.0
0.0	1.0	1.0	0.0
0.0	1.0	0.0	0.0
0.0	0.0	1.0	0.0
0.0	2.0	0.0	0.0
0.0	0.0	3.0	0.0
0.0	15.0	2.0	0.0
0.0	9.0	0.0	0.0
0.0	6.0	2.0	0.0
0.0	0.0	9.0	0.0
59.0	1482.0	16.0	3.0
0.0	0.0	8.0	0.0
59.0	1482.0	8.0	3.0
14.0	1299.0	8.0	3.0
8.0	1292.0	8.0	3.0
0.0	19.0	7.0	0.0
0.0	5.0	7.0	0.0
0.0	0.0	7.0	0.0
0.0	5.0	0.0	0.0
0.0	14.0	0.0	0.0
8.0	1273.0	1.0	3.0
0.0	5.0	0.0	3.0
0.0	0.0	0.0	3.0
0.0	5.0	0.0	0.0
8.0	1268.0	1.0	0.0
3.0	1246.0	1.0	0.0
0.0	1199.0	1.0	0.0
0.0	48.0	1.0	0.0
0.0	48.0	0.0	0.0
0.0	0.0	1.0	0.0
0.0	1151.0	0.0	0.0
3.0	47.0	0.0	0.0
1.0	0.0	0.0	0.0
2.0	47.0	0.0	0.0
0.0	41.0	0.0	0.0
2.0	6.0	0.0	0.0
0.0	6.0	0.0	0.0
2.0	0.0	0.0	0.0
5.0	22.0	0.0	0.0
3.0	0.0	0.0	0.0
2.0	22.0	0.0	0.0
0.0	19.0	0.0	0.0
2.0	3.0	0.0	0.0
2.0	0.0	0.0	0.0
0.0	3.0	0.0	0.0
6.0	7.0	0.0	0.0
6.0	0.0	0.0	0.0
0.0	7.0	0.0	0.0
45.0	183.0	0.0	0.0
4.0	122.0	0.0	0.0
0.0	94.0	0.0	0.0
4.0	28.0	0.0	0.0
2.0	0.0	0.0	0.0
2.0	28.0	0.0	0.0
0.0	24.0	0.0	0.0
2.0	4.0	0.0	0.0
2.0	0.0	0.0	0.0
0.0	4.0	0.0	0.0
41.0	61.0	0.0	0.0
37.0	16.0	0.0	0.0
3.0	8.0	0.0	0.0
0.0	6.0	0.0	0.0
3.0	2.0	0.0	0.0
3.0	0.0	0.0	0.0
0.0	2.0	0.0	0.0
34.0	8.0	0.0	0.0
4.0	6.0	0.0	0.0
0.0	5.0	0.0	0.0
4.0	1.0	0.0	0.0
4.0	0.0	0.0	0.0
0.0	1.0	0.0	0.0
30.0	2.0	0.0	0.0
3.0	1.0	0.0	0.0
3.0	0.0	0.0	0.0
0.0	1.0	0.0	0.0
27.0	1.0	0.0	0.0
22.0	0.0	0.0	0.0
5.0	1.0	0.0	0.0
0.0	1.0	0.0	0.0
5.0	0.0	0.0	0.0
4.0	45.0	0.0	0.0
0.0	41.0	0.0	0.0
4.0	4.0	0.0	0.0
4.0	0.0	0.0	0.0
0.0	4.0	0.0	0.0
59.0	19.0	0.0	0.0
5.0	17.0	0.0	0.0
1.0	17.0	0.0	0.0
1.0	0.0	0.0	0.0
0.0	17.0	0.0	0.0
4.0	0.0	0.0	0.0
54.0	2.0	0.0	0.0
6.0	2.0	0.0	0.0
6.0	0.0	0.0	0.0
0.0	2.0	0.0	0.0
48.0	0.0	0.0	0.0
