# Sizes (NFeatures, Nclasses, NodeCount, MaxDepth)
10	4	105	12
# Classes
0.0	1.0	2.0	3.0
# Feature Names
Nrows	Ncols	Nnnz	AvgNnnz	Density	MaxRowNnnz	MinRowNnnz	StdRowNnnz	NDiags	NTrueDiags
# Left
1	2	3	4	5	6	7	8	-1	-1	-1	-1	-1	-1	15	-1	-1	18	19	20	21	-1	23	-1	-1	-1	27	28	29	-1	-1	32	33	34	-1	-1	-1	38	39	40	-1	42	43	-1	-1	-1	47	-1	49	-1	-1	52	-1	-1	55	56	-1	58	-1	-1	61	-1	63	64	-1	-1	-1	68	69	70	71	72	-1	-1	-1	76	-1	-1	79	80	81	-1	-1	-1	85	-1	-1	88	-1	-1	91	92	-1	94	-1	-1	97	-1	99	100	-1	-1	103	-1	-1
# Right
90	17	14	13	12	11	10	9	-1	-1	-1	-1	-1	-1	16	-1	-1	67	26	25	22	-1	24	-1	-1	-1	54	31	30	-1	-1	37	36	35	-1	-1	-1	51	46	41	-1	45	44	-1	-1	-1	48	-1	50	-1	-1	53	-1	-1	60	57	-1	59	-1	-1	62	-1	66	65	-1	-1	-1	87	78	75	74	73	-1	-1	-1	77	-1	-1	84	83	82	-1	-1	-1	86	-1	-1	89	-1	-1	96	93	-1	95	-1	-1	98	-1	102	101	-1	-1	104	-1	-1
# Threshold
134.7405014038086	235.5	40.0	11.5	0.4036010056734085	1.5	0.10834304988384247	49.0	-2.0	-2.0	-2.0	-2.0	-2.0	-2.0	13.0	-2.0	-2.0	1365.5	3.0	0.024968750774860382	2528.0	-2.0	3695.5	-2.0	-2.0	-2.0	100239.0	6.015455028318684e-06	0.5	-2.0	-2.0	5.5	0.38360999524593353	0.004532320192083716	-2.0	-2.0	-2.0	65.03230094909668	203.5	198.5	-2.0	14.443599700927734	12.0	-2.0	-2.0	-2.0	52345.0	-2.0	52645.0	-2.0	-2.0	7.0	-2.0	-2.0	315.5	14.001450061798096	-2.0	30.25800132751465	-2.0	-2.0	7.168859958648682	-2.0	56209500.0	1288.5	-2.0	-2.0	-2.0	3.5	8.129274845123291	156002.0	0.5	5.346535086631775	-2.0	-2.0	-2.0	2.0229250367265195e-05	-2.0	-2.0	0.000308283997583203	21.723999977111816	0.00017846050468506292	-2.0	-2.0	-2.0	73.247802734375	-2.0	-2.0	3.9022200107574463	-2.0	-2.0	1666.5	274.1529998779297	-2.0	403.9414978027344	-2.0	-2.0	73.08765029907227	-2.0	93.36845016479492	208226504.0	-2.0	-2.0	240.0	-2.0	-2.0
# Feature
7	2	8	5	4	9	4	2	-2	-2	-2	-2	-2	-2	5	-2	-2	5	8	7	0	-2	0	-2	-2	-2	8	4	6	-2	-2	8	7	4	-2	-2	-2	7	0	1	-2	3	8	-2	-2	-2	8	-2	8	-2	-2	9	-2	-2	5	7	-2	3	-2	-2	7	-2	2	5	-2	-2	-2	9	3	8	6	3	-2	-2	-2	4	-2	-2	4	7	4	-2	-2	-2	7	-2	-2	3	-2	-2	5	7	-2	7	-2	-2	3	-2	3	2	-2	-2	9	-2	-2
# Values
116.0	1517.0	43.0	3.0
56.0	1502.0	43.0	3.0
0.0	23.0	26.0	0.0
0.0	11.0	25.0	0.0
0.0	7.0	25.0	0.0
0.0	4.0	25.0	0.0
0.0	4.0	7.0	0.0
0.0	1.0	7.0	0.0
0.0	1.0	0.0	0.0
0.0	0.0	7.0	0.0
0.0	3.0	0.0	0.0
0.0	0.0	18.0	0.0
0.0	3.0	0.0	0.0
0.0	4.0	0.0	0.0
0.0	12.0	1.0	0.0
0.0	12.0	0.0	0.0
0.0	0.0	1.0	0.0
56.0	1479.0	17.0	3.0
23.0	1388.0	17.0	3.0
0.0	4.0	9.0	0.0
0.0	1.0	9.0	0.0
0.0	0.0	5.0	0.0
0.0	1.0	4.0	0.0
0.0	1.0	0.0	0.0
0.0	0.0	4.0	0.0
0.0	3.0	0.0	0.0
23.0	1384.0	8.0	3.0
4.0	1287.0	8.0	3.0
0.0	2.0	0.0	3.0
0.0	2.0	0.0	0.0
0.0	0.0	0.0	3.0
4.0	1285.0	8.0	0.0
0.0	13.0	5.0	0.0
0.0	13.0	1.0	0.0
0.0	8.0	0.0	0.0
0.0	5.0	1.0	0.0
0.0	0.0	4.0	0.0
4.0	1272.0	3.0	0.0
2.0	1261.0	3.0	0.0
0.0	55.0	3.0	0.0
0.0	53.0	0.0	0.0
0.0	2.0	3.0	0.0
0.0	1.0	3.0	0.0
0.0	1.0	2.0	0.0
0.0	0.0	1.0	0.0
0.0	1.0	0.0	0.0
2.0	1206.0	0.0	0.0
0.0	1148.0	0.0	0.0
2.0	58.0	0.0	0.0
2.0	0.0	0.0	0.0
0.0	58.0	0.0	0.0
2.0	11.0	0.0	0.0
2.0	0.0	0.0	0.0
0.0	11.0	0.0	0.0
19.0	97.0	0.0	0.0
3.0	93.0	0.0	0.0
0.0	86.0	0.0	0.0
3.0	7.0	0.0	0.0
3.0	0.0	0.0	0.0
0.0	7.0	0.0	0.0
16.0	4.0	0.0	0.0
0.0	2.0	0.0	0.0
16.0	2.0	0.0	0.0
16.0	1.0	0.0	0.0
16.0	0.0	0.0	0.0
0.0	1.0	0.0	0.0
0.0	1.0	0.0	0.0
33.0	91.0	0.0	0.0
32.0	31.0	0.0	0.0
3.0	20.0	0.0	0.0
1.0	19.0	0.0	0.0
1.0	2.0	0.0	0.0
0.0	2.0	0.0	0.0
1.0	0.0	0.0	0.0
0.0	17.0	0.0	0.0
2.0	1.0	0.0	0.0
0.0	1.0	0.0	0.0
2.0	0.0	0.0	0.0
29.0	11.0	0.0	0.0
24.0	1.0	0.0	0.0
3.0	1.0	0.0	0.0
3.0	0.0	0.0	0.0
0.0	1.0	0.0	0.0
21.0	0.0	0.0	0.0
5.0	10.0	0.0	0.0
0.0	10.0	0.0	0.0
5.0	0.0	0.0	0.0
1.0	60.0	0.0	0.0
1.0	0.0	0.0	0.0
0.0	60.0	0.0	0.0
60.0	15.0	0.0	0.0
1.0	7.0	0.0	0.0
0.0	6.0	0.0	0.0
1.0	1.0	0.0	0.0
1.0	0.0	0.0	0.0
0.0	1.0	0.0	0.0
59.0	8.0	0.0	0.0
44.0	0.0	0.0	0.0
15.0	8.0	0.0	0.0
2.0	7.0	0.0	0.0
0.0	7.0	0.0	0.0
2.0	0.0	0.0	0.0
13.0	1.0	0.0	0.0
13.0	0.0	0.0	0.0
0.0	1.0	0.0	0.0
