# Sizes (NFeatures, Nclasses, NodeCount, MaxDepth)
10	4	103	12
# Classes
0.0	1.0	2.0	3.0
# Feature Names
Nrows	Ncols	Nnnz	AvgNnnz	Density	MaxRowNnnz	MinRowNnnz	StdRowNnnz	NDiags	NTrueDiags
# Left
1	2	3	4	-1	6	-1	8	-1	-1	11	-1	13	-1	-1	16	17	18	19	-1	-1	-1	-1	24	25	26	27	-1	-1	30	31	-1	33	-1	35	-1	-1	38	39	-1	-1	42	-1	44	-1	46	-1	48	-1	-1	51	-1	-1	54	-1	56	57	58	59	60	-1	-1	-1	-1	65	66	-1	-1	69	-1	71	-1	73	-1	-1	76	-1	-1	79	-1	81	82	83	84	85	-1	-1	-1	89	-1	-1	-1	93	94	95	-1	97	-1	-1	-1	101	-1	-1
# Right
78	15	10	5	-1	7	-1	9	-1	-1	12	-1	14	-1	-1	23	22	21	20	-1	-1	-1	-1	53	50	29	28	-1	-1	37	32	-1	34	-1	36	-1	-1	41	40	-1	-1	43	-1	45	-1	47	-1	49	-1	-1	52	-1	-1	55	-1	75	64	63	62	61	-1	-1	-1	-1	68	67	-1	-1	70	-1	72	-1	74	-1	-1	77	-1	-1	80	-1	92	91	88	87	86	-1	-1	-1	90	-1	-1	-1	100	99	96	-1	98	-1	-1	-1	102	-1	-1
# Threshold
4307.0	5.5	2.0	0.5	-2.0	0.00029991100018378347	-2.0	2104.0	-2.0	-2.0	0.30739448964595795	-2.0	2904.5	-2.0	-2.0	38.5	3.0432350635528564	48.0	4.0	-2.0	-2.0	-2.0	-2.0	52178.5	195.21900177001953	6.015455028318684e-06	0.1753169447183609	-2.0	-2.0	18.0	0.00951047008857131	-2.0	0.591850996017456	-2.0	1.240964949131012	-2.0	-2.0	64.0	3.5	-2.0	-2.0	1804.5	-2.0	1828.5	-2.0	40840.0	-2.0	457620.0	-2.0	-2.0	3206595.0	-2.0	-2.0	8.748799800872803	-2.0	5.5	2206115.0	4.5	468496.5	424100.5	-2.0	-2.0	-2.0	-2.0	32.2657995223999	88.5	-2.0	-2.0	8.31970501167234e-05	-2.0	63.62400245666504	-2.0	34769200.0	-2.0	-2.0	221.2800064086914	-2.0	-2.0	263596.5	-2.0	51.78129959106445	4.5	7227.5	45860.0	39663.0	-2.0	-2.0	-2.0	8900261.0	-2.0	-2.0	-2.0	71.7042007446289	111.73299789428711	88.00944900512695	-2.0	3.517769932746887	-2.0	-2.0	-2.0	118.72045135498047	-2.0	-2.0
# Feature
5	8	6	6	-2	4	-2	1	-2	-2	7	-2	2	-2	-2	1	7	2	9	-2	-2	-2	-2	8	7	4	7	-2	-2	8	4	-2	7	-2	7	-2	-2	1	9	-2	-2	5	-2	5	-2	8	-2	2	-2	-2	2	-2	-2	7	-2	6	2	9	2	2	-2	-2	-2	-2	7	5	-2	-2	4	-2	3	-2	2	-2	-2	7	-2	-2	2	-2	7	9	5	0	1	-2	-2	-2	2	-2	-2	-2	3	7	7	-2	3	-2	-2	-2	3	-2	-2
# Values
99.0	1537.0	41.0	2.0
40.0	1485.0	41.0	2.0
0.0	8.0	21.0	0.0
0.0	2.0	15.0	0.0
0.0	1.0	0.0	0.0
0.0	1.0	15.0	0.0
0.0	0.0	8.0	0.0
0.0	1.0	7.0	0.0
0.0	0.0	7.0	0.0
0.0	1.0	0.0	0.0
0.0	6.0	6.0	0.0
0.0	4.0	0.0	0.0
0.0	2.0	6.0	0.0
0.0	0.0	3.0	0.0
0.0	2.0	3.0	0.0
40.0	1477.0	20.0	2.0
0.0	4.0	14.0	0.0
0.0	1.0	14.0	0.0
0.0	1.0	3.0	0.0
0.0	0.0	3.0	0.0
0.0	1.0	0.0	0.0
0.0	0.0	11.0	0.0
0.0	3.0	0.0	0.0
40.0	1473.0	6.0	2.0
6.0	1315.0	6.0	2.0
2.0	1309.0	6.0	2.0
0.0	6.0	0.0	2.0
0.0	0.0	0.0	2.0
0.0	6.0	0.0	0.0
2.0	1303.0	6.0	0.0
0.0	47.0	5.0	0.0
0.0	42.0	0.0	0.0
0.0	5.0	5.0	0.0
0.0	3.0	0.0	0.0
0.0	2.0	5.0	0.0
0.0	0.0	5.0	0.0
0.0	2.0	0.0	0.0
2.0	1256.0	1.0	0.0
0.0	8.0	1.0	0.0
0.0	0.0	1.0	0.0
0.0	8.0	0.0	0.0
2.0	1248.0	0.0	0.0
0.0	1205.0	0.0	0.0
2.0	43.0	0.0	0.0
1.0	0.0	0.0	0.0
1.0	43.0	0.0	0.0
0.0	37.0	0.0	0.0
1.0	6.0	0.0	0.0
0.0	6.0	0.0	0.0
1.0	0.0	0.0	0.0
4.0	6.0	0.0	0.0
4.0	0.0	0.0	0.0
0.0	6.0	0.0	0.0
34.0	158.0	0.0	0.0
0.0	111.0	0.0	0.0
34.0	47.0	0.0	0.0
33.0	20.0	0.0	0.0
20.0	3.0	0.0	0.0
20.0	1.0	0.0	0.0
2.0	1.0	0.0	0.0
2.0	0.0	0.0	0.0
0.0	1.0	0.0	0.0
18.0	0.0	0.0	0.0
0.0	2.0	0.0	0.0
13.0	17.0	0.0	0.0
2.0	11.0	0.0	0.0
2.0	0.0	0.0	0.0
0.0	11.0	0.0	0.0
11.0	6.0	0.0	0.0
6.0	0.0	0.0	0.0
5.0	6.0	0.0	0.0
0.0	5.0	0.0	0.0
5.0	1.0	0.0	0.0
5.0	0.0	0.0	0.0
0.0	1.0	0.0	0.0
1.0	27.0	0.0	0.0
0.0	27.0	0.0	0.0
1.0	0.0	0.0	0.0
59.0	52.0	0.0	0.0
0.0	21.0	0.0	0.0
59.0	31.0	0.0	0.0
12.0	22.0	0.0	0.0
12.0	4.0	0.0	0.0
10.0	1.0	0.0	0.0
2.0	1.0	0.0	0.0
2.0	0.0	0.0	0.0
0.0	1.0	0.0	0.0
8.0	0.0	0.0	0.0
2.0	3.0	0.0	0.0
0.0	3.0	0.0	0.0
2.0	0.0	0.0	0.0
0.0	18.0	0.0	0.0
47.0	9.0	0.0	0.0
43.0	4.0	0.0	0.0
8.0	4.0	0.0	0.0
7.0	0.0	0.0	0.0
1.0	4.0	0.0	0.0
1.0	0.0	0.0	0.0
0.0	4.0	0.0	0.0
35.0	0.0	0.0	0.0
4.0	5.0	0.0	0.0
0.0	5.0	0.0	0.0
4.0	0.0	0.0	0.0
