# Sizes (NFeatures, Nclasses, NodeCount, MaxDepth)
10	4	103	11
# Classes
0.0	1.0	2.0	3.0
# Feature Names
Nrows	Ncols	Nnnz	AvgNnnz	Density	MaxRowNnnz	MinRowNnnz	StdRowNnnz	NDiags	NTrueDiags
# Left
1	2	3	4	5	-1	7	8	-1	-1	-1	-1	-1	14	15	16	-1	18	-1	-1	21	-1	23	-1	-1	26	27	28	29	-1	-1	32	33	-1	35	36	37	-1	-1	-1	-1	-1	43	44	-1	46	47	-1	-1	-1	-1	52	53	54	55	-1	-1	-1	59	-1	-1	62	63	64	-1	66	-1	-1	69	70	-1	-1	-1	74	75	-1	-1	78	79	-1	81	-1	-1	-1	85	-1	87	88	89	90	-1	-1	-1	-1	95	96	97	-1	-1	100	-1	-1	-1
# Right
84	13	12	11	6	-1	10	9	-1	-1	-1	-1	-1	25	20	17	-1	19	-1	-1	22	-1	24	-1	-1	51	42	31	30	-1	-1	41	34	-1	40	39	38	-1	-1	-1	-1	-1	50	45	-1	49	48	-1	-1	-1	-1	61	58	57	56	-1	-1	-1	60	-1	-1	73	68	65	-1	67	-1	-1	72	71	-1	-1	-1	77	76	-1	-1	83	80	-1	82	-1	-1	-1	86	-1	94	93	92	91	-1	-1	-1	-1	102	99	98	-1	-1	101	-1	-1	-1
# Threshold
4392.0	5.5	3348.0	2528.0	0.5	-2.0	80.0	1.5	-2.0	-2.0	-2.0	-2.0	-2.0	42.0	4.323235034942627	0.10865474864840508	-2.0	43.5	-2.0	-2.0	5.0	-2.0	19.5	-2.0	-2.0	52345.0	1379.0	6.0249499256315175e-06	1096031.0	-2.0	-2.0	18.0	0.00954861519858241	-2.0	675.0	199.5	0.08160769939422607	-2.0	-2.0	-2.0	-2.0	-2.0	1863.5	27.56529998779297	-2.0	9.0	10261.0	-2.0	-2.0	-2.0	-2.0	225.0	14.332950115203857	0.5	1.5151049979067466e-06	-2.0	-2.0	-2.0	32.32575035095215	-2.0	-2.0	1.5	100682.0	304849.0	-2.0	7.5	-2.0	-2.0	1288.5	6.7714149951934814	-2.0	-2.0	-2.0	3.215260039723944e-05	0.5	-2.0	-2.0	66846.5	47618.0	-2.0	76.75220108032227	-2.0	-2.0	-2.0	363623.5	-2.0	98.82215118408203	7626785.0	12.857100009918213	7.608234882354736	-2.0	-2.0	-2.0	-2.0	238.0	0.5	38.52772891521454	-2.0	-2.0	116.22199630737305	-2.0	-2.0	-2.0
# Feature
5	8	0	2	6	-2	1	9	-2	-2	-2	-2	-2	1	3	4	-2	2	-2	-2	6	-2	0	-2	-2	8	5	4	1	-2	-2	8	4	-2	0	1	4	-2	-2	-2	-2	-2	5	7	-2	9	1	-2	-2	-2	-2	5	7	6	4	-2	-2	-2	3	-2	-2	9	0	2	-2	6	-2	-2	5	7	-2	-2	-2	4	6	-2	-2	8	0	-2	3	-2	-2	-2	2	-2	7	2	3	3	-2	-2	-2	-2	9	6	3	-2	-2	7	-2	-2	-2
# Values
86.0	1547.0	43.0	3.0
34.0	1490.0	43.0	3.0
0.0	11.0	21.0	0.0
0.0	11.0	11.0	0.0
0.0	3.0	11.0	0.0
0.0	1.0	0.0	0.0
0.0	2.0	11.0	0.0
0.0	2.0	2.0	0.0
0.0	2.0	0.0	0.0
0.0	0.0	2.0	0.0
0.0	0.0	9.0	0.0
0.0	8.0	0.0	0.0
0.0	0.0	10.0	0.0
34.0	1479.0	22.0	3.0
0.0	8.0	17.0	0.0
0.0	7.0	7.0	0.0
0.0	0.0	4.0	0.0
0.0	7.0	3.0	0.0
0.0	0.0	3.0	0.0
0.0	7.0	0.0	0.0
0.0	1.0	10.0	0.0
0.0	0.0	9.0	0.0
0.0	1.0	1.0	0.0
0.0	1.0	0.0	0.0
0.0	0.0	1.0	0.0
34.0	1471.0	5.0	3.0
8.0	1306.0	5.0	3.0
0.0	1250.0	5.0	3.0
0.0	9.0	0.0	3.0
0.0	0.0	0.0	3.0
0.0	9.0	0.0	0.0
0.0	1241.0	5.0	0.0
0.0	65.0	5.0	0.0
0.0	61.0	0.0	0.0
0.0	4.0	5.0	0.0
0.0	4.0	2.0	0.0
0.0	1.0	2.0	0.0
0.0	0.0	2.0	0.0
0.0	1.0	0.0	0.0
0.0	3.0	0.0	0.0
0.0	0.0	3.0	0.0
0.0	1176.0	0.0	0.0
8.0	56.0	0.0	0.0
8.0	15.0	0.0	0.0
0.0	11.0	0.0	0.0
8.0	4.0	0.0	0.0
8.0	1.0	0.0	0.0
0.0	1.0	0.0	0.0
8.0	0.0	0.0	0.0
0.0	3.0	0.0	0.0
0.0	41.0	0.0	0.0
26.0	165.0	0.0	0.0
2.0	123.0	0.0	0.0
1.0	117.0	0.0	0.0
1.0	11.0	0.0	0.0
1.0	0.0	0.0	0.0
0.0	11.0	0.0	0.0
0.0	106.0	0.0	0.0
1.0	6.0	0.0	0.0
1.0	0.0	0.0	0.0
0.0	6.0	0.0	0.0
24.0	42.0	0.0	0.0
16.0	10.0	0.0	0.0
12.0	2.0	0.0	0.0
0.0	1.0	0.0	0.0
12.0	1.0	0.0	0.0
12.0	0.0	0.0	0.0
0.0	1.0	0.0	0.0
4.0	8.0	0.0	0.0
4.0	2.0	0.0	0.0
0.0	2.0	0.0	0.0
4.0	0.0	0.0	0.0
0.0	6.0	0.0	0.0
8.0	32.0	0.0	0.0
5.0	6.0	0.0	0.0
0.0	6.0	0.0	0.0
5.0	0.0	0.0	0.0
3.0	26.0	0.0	0.0
3.0	3.0	0.0	0.0
0.0	2.0	0.0	0.0
3.0	1.0	0.0	0.0
3.0	0.0	0.0	0.0
0.0	1.0	0.0	0.0
0.0	23.0	0.0	0.0
52.0	57.0	0.0	0.0
0.0	28.0	0.0	0.0
52.0	29.0	0.0	0.0
14.0	23.0	0.0	0.0
6.0	23.0	0.0	0.0
6.0	5.0	0.0	0.0
0.0	5.0	0.0	0.0
6.0	0.0	0.0	0.0
0.0	18.0	0.0	0.0
8.0	0.0	0.0	0.0
38.0	6.0	0.0	0.0
38.0	4.0	0.0	0.0
2.0	3.0	0.0	0.0
2.0	0.0	0.0	0.0
0.0	3.0	0.0	0.0
36.0	1.0	0.0	0.0
0.0	1.0	0.0	0.0
36.0	0.0	0.0	0.0
0.0	2.0	0.0	0.0
