# Sizes (NFeatures, Nclasses, NodeCount, MaxDepth)
10	4	105	12
# Classes
0.0	1.0	2.0	3.0
# Feature Names
Nrows	Ncols	Nnnz	AvgNnnz	Density	MaxRowNnnz	MinRowNnnz	StdRowNnnz	NDiags	NTrueDiags
# Left
1	2	3	4	5	6	-1	-1	-1	-1	11	-1	-1	14	15	16	-1	-1	19	20	-1	-1	-1	24	25	26	27	-1	29	-1	31	-1	-1	34	35	36	-1	38	-1	-1	41	-1	-1	44	-1	-1	47	48	-1	50	-1	-1	53	54	55	-1	57	58	-1	60	-1	-1	-1	-1	-1	66	67	-1	-1	70	71	72	-1	74	75	-1	-1	-1	-1	80	-1	82	83	-1	-1	86	-1	88	-1	-1	91	92	-1	-1	95	96	97	98	-1	-1	-1	102	-1	-1	-1
# Right
90	13	10	9	8	7	-1	-1	-1	-1	12	-1	-1	23	18	17	-1	-1	22	21	-1	-1	-1	65	46	33	28	-1	30	-1	32	-1	-1	43	40	37	-1	39	-1	-1	42	-1	-1	45	-1	-1	52	49	-1	51	-1	-1	64	63	56	-1	62	59	-1	61	-1	-1	-1	-1	-1	69	68	-1	-1	79	78	73	-1	77	76	-1	-1	-1	-1	81	-1	85	84	-1	-1	87	-1	89	-1	-1	94	93	-1	-1	104	101	100	99	-1	-1	-1	103	-1	-1	-1
# Threshold
7573.5	5.5	2.0	0.4550729990005493	57.0	1.5	-2.0	-2.0	-2.0	-2.0	0.4115464985370636	-2.0	-2.0	81.5	1.5	30.5	-2.0	-2.0	5.5	0.6296104714274406	-2.0	-2.0	-2.0	1360.0	68566.0	230.0	13.5	-2.0	9.5	-2.0	3.091284990310669	-2.0	-2.0	199.6074981689453	63.87955093383789	0.07167435064911842	-2.0	0.07273110002279282	-2.0	-2.0	71.1323013305664	-2.0	-2.0	970.0	-2.0	-2.0	275.5	13.080299854278564	-2.0	32.32575035095215	-2.0	-2.0	6.5	86.02014923095703	6.7714149951934814	-2.0	1288.5	965.0	-2.0	315629.0	-2.0	-2.0	-2.0	-2.0	-2.0	361348.0	5.1632448958116584e-05	-2.0	-2.0	13.013999938964844	32.0165491104126	82016.0	-2.0	20.884300231933594	3.0	-2.0	-2.0	-2.0	-2.0	0.5	-2.0	234.22150421142578	7677725.0	-2.0	-2.0	356.8785095214844	-2.0	10170.5	-2.0	-2.0	562588.0	0.5	-2.0	-2.0	6.0	71.7042007446289	98.82215118408203	1601555.0	-2.0	-2.0	-2.0	92.5093002319336	-2.0	-2.0	-2.0
# Feature
5	8	6	7	1	9	-2	-2	-2	-2	7	-2	-2	2	9	1	-2	-2	5	7	-2	-2	-2	5	8	2	8	-2	5	-2	7	-2	-2	7	7	4	-2	4	-2	-2	7	-2	-2	5	-2	-2	5	7	-2	3	-2	-2	6	3	7	-2	5	5	-2	0	-2	-2	-2	-2	-2	2	4	-2	-2	3	7	8	-2	7	9	-2	-2	-2	-2	9	-2	7	8	-2	-2	7	-2	0	-2	-2	2	9	-2	-2	6	3	7	2	-2	-2	-2	3	-2	-2	-2
# Values
119.0	1521.0	39.0	0.0
51.0	1494.0	39.0	0.0
0.0	12.0	22.0	0.0
0.0	2.0	18.0	0.0
0.0	1.0	18.0	0.0
0.0	1.0	1.0	0.0
0.0	1.0	0.0	0.0
0.0	0.0	1.0	0.0
0.0	0.0	17.0	0.0
0.0	1.0	0.0	0.0
0.0	10.0	4.0	0.0
0.0	10.0	0.0	0.0
0.0	0.0	4.0	0.0
51.0	1482.0	17.0	0.0
0.0	4.0	12.0	0.0
0.0	3.0	1.0	0.0
0.0	3.0	0.0	0.0
0.0	0.0	1.0	0.0
0.0	1.0	11.0	0.0
0.0	1.0	1.0	0.0
0.0	0.0	1.0	0.0
0.0	1.0	0.0	0.0
0.0	0.0	10.0	0.0
51.0	1478.0	5.0	0.0
20.0	1390.0	5.0	0.0
2.0	1274.0	5.0	0.0
0.0	20.0	4.0	0.0
0.0	0.0	2.0	0.0
0.0	20.0	2.0	0.0
0.0	15.0	0.0	0.0
0.0	5.0	2.0	0.0
0.0	0.0	2.0	0.0
0.0	5.0	0.0	0.0
2.0	1254.0	1.0	0.0
1.0	1252.0	1.0	0.0
0.0	1236.0	1.0	0.0
0.0	1188.0	0.0	0.0
0.0	48.0	1.0	0.0
0.0	0.0	1.0	0.0
0.0	48.0	0.0	0.0
1.0	16.0	0.0	0.0
1.0	0.0	0.0	0.0
0.0	16.0	0.0	0.0
1.0	2.0	0.0	0.0
1.0	0.0	0.0	0.0
0.0	2.0	0.0	0.0
18.0	116.0	0.0	0.0
2.0	104.0	0.0	0.0
0.0	97.0	0.0	0.0
2.0	7.0	0.0	0.0
2.0	0.0	0.0	0.0
0.0	7.0	0.0	0.0
16.0	12.0	0.0	0.0
16.0	6.0	0.0	0.0
16.0	4.0	0.0	0.0
0.0	2.0	0.0	0.0
16.0	2.0	0.0	0.0
16.0	1.0	0.0	0.0
14.0	0.0	0.0	0.0
2.0	1.0	0.0	0.0
0.0	1.0	0.0	0.0
2.0	0.0	0.0	0.0
0.0	1.0	0.0	0.0
0.0	2.0	0.0	0.0
0.0	6.0	0.0	0.0
31.0	88.0	0.0	0.0
1.0	42.0	0.0	0.0
1.0	0.0	0.0	0.0
0.0	42.0	0.0	0.0
30.0	46.0	0.0	0.0
22.0	9.0	0.0	0.0
4.0	9.0	0.0	0.0
0.0	7.0	0.0	0.0
4.0	2.0	0.0	0.0
1.0	2.0	0.0	0.0
0.0	2.0	0.0	0.0
1.0	0.0	0.0	0.0
3.0	0.0	0.0	0.0
18.0	0.0	0.0	0.0
8.0	37.0	0.0	0.0
3.0	0.0	0.0	0.0
5.0	37.0	0.0	0.0
1.0	33.0	0.0	0.0
0.0	33.0	0.0	0.0
1.0	0.0	0.0	0.0
4.0	4.0	0.0	0.0
3.0	0.0	0.0	0.0
1.0	4.0	0.0	0.0
1.0	0.0	0.0	0.0
0.0	4.0	0.0	0.0
68.0	27.0	0.0	0.0
1.0	17.0	0.0	0.0
1.0	0.0	0.0	0.0
0.0	17.0	0.0	0.0
67.0	10.0	0.0	0.0
67.0	6.0	0.0	0.0
64.0	2.0	0.0	0.0
9.0	2.0	0.0	0.0
0.0	2.0	0.0	0.0
9.0	0.0	0.0	0.0
55.0	0.0	0.0	0.0
3.0	4.0	0.0	0.0
0.0	4.0	0.0	0.0
3.0	0.0	0.0	0.0
0.0	4.0	0.0	0.0
