# Sizes (NFeatures, Nclasses, NodeCount, MaxDepth)
10	4	103	12
# Classes
0.0	1.0	2.0	3.0
# Feature Names
Nrows	Ncols	Nnnz	AvgNnnz	Density	MaxRowNnnz	MinRowNnnz	StdRowNnnz	NDiags	NTrueDiags
# Left
1	2	3	-1	5	-1	7	-1	9	-1	-1	12	13	14	-1	16	-1	18	-1	-1	21	22	23	-1	-1	-1	27	28	-1	-1	31	32	-1	34	35	-1	-1	-1	39	40	-1	-1	43	-1	45	-1	47	-1	49	-1	-1	52	53	54	55	-1	-1	58	-1	60	-1	-1	63	-1	-1	66	67	68	69	70	-1	-1	-1	74	-1	-1	77	78	-1	-1	81	-1	-1	84	85	-1	-1	-1	89	-1	91	92	93	-1	95	-1	97	98	-1	-1	-1	-1	-1
# Right
88	11	4	-1	6	-1	8	-1	10	-1	-1	51	20	15	-1	17	-1	19	-1	-1	26	25	24	-1	-1	-1	30	29	-1	-1	38	33	-1	37	36	-1	-1	-1	42	41	-1	-1	44	-1	46	-1	48	-1	50	-1	-1	65	62	57	56	-1	-1	59	-1	61	-1	-1	64	-1	-1	83	76	73	72	71	-1	-1	-1	75	-1	-1	80	79	-1	-1	82	-1	-1	87	86	-1	-1	-1	90	-1	102	101	94	-1	96	-1	100	99	-1	-1	-1	-1	-1
# Threshold
146.3864974975586	225.5	22.0	-2.0	49.0	-2.0	38.0	-2.0	133.5	-2.0	-2.0	50439.5	3.0	409.5	-2.0	2104.0	-2.0	3367.0	-2.0	-2.0	5.5	4.905584812164307	4.434484839439392	-2.0	-2.0	-2.0	42.0	32.0	-2.0	-2.0	10.0	0.00912409508600831	-2.0	7.5	218.5	-2.0	-2.0	-2.0	6.015455028318684e-06	9.73584508895874	-2.0	-2.0	33129.5	-2.0	34163.0	-2.0	5030.5	-2.0	45036.0	-2.0	-2.0	418.5	56.56680107116699	0.5	5721960.0	-2.0	-2.0	0.0003006149927387014	-2.0	0.0003395314997760579	-2.0	-2.0	20293100.0	-2.0	-2.0	3.5	22.73040008544922	1.5	21.45009994506836	10.962699890136719	-2.0	-2.0	-2.0	3545.0	-2.0	-2.0	5.142714977264404	65.8996000289917	-2.0	-2.0	330745.0	-2.0	-2.0	32629350.0	12.895200252532959	-2.0	-2.0	-2.0	0.5	-2.0	7821.0	13.5	4594.5	-2.0	53.603952407836914	-2.0	11240.0	1280031.0	-2.0	-2.0	-2.0	-2.0	-2.0
# Feature
7	2	0	-2	2	-2	8	-2	2	-2	-2	8	8	2	-2	1	-2	1	-2	-2	8	3	3	-2	-2	-2	1	0	-2	-2	8	4	-2	5	0	-2	-2	-2	4	3	-2	-2	8	-2	8	-2	5	-2	8	-2	-2	5	7	6	2	-2	-2	4	-2	4	-2	-2	2	-2	-2	9	7	6	7	3	-2	-2	-2	5	-2	-2	3	7	-2	-2	2	-2	-2	2	7	-2	-2	-2	6	-2	5	6	8	-2	3	-2	0	2	-2	-2	-2	-2	-2
# Values
104.0	1531.0	43.0	1.0
53.0	1513.0	43.0	1.0
0.0	12.0	25.0	0.0
0.0	0.0	13.0	0.0
0.0	12.0	12.0	0.0
0.0	7.0	0.0	0.0
0.0	5.0	12.0	0.0
0.0	0.0	11.0	0.0
0.0	5.0	1.0	0.0
0.0	0.0	1.0	0.0
0.0	5.0	0.0	0.0
53.0	1501.0	18.0	1.0
2.0	1319.0	18.0	1.0
0.0	2.0	9.0	0.0
0.0	1.0	0.0	0.0
0.0	1.0	9.0	0.0
0.0	0.0	5.0	0.0
0.0	1.0	4.0	0.0
0.0	1.0	0.0	0.0
0.0	0.0	4.0	0.0
2.0	1317.0	9.0	1.0
0.0	8.0	4.0	0.0
0.0	8.0	2.0	0.0
0.0	2.0	0.0	0.0
0.0	6.0	2.0	0.0
0.0	0.0	2.0	0.0
2.0	1309.0	5.0	1.0
0.0	2.0	2.0	0.0
0.0	2.0	0.0	0.0
0.0	0.0	2.0	0.0
2.0	1307.0	3.0	1.0
0.0	48.0	3.0	0.0
0.0	43.0	0.0	0.0
0.0	5.0	3.0	0.0
0.0	5.0	1.0	0.0
0.0	2.0	1.0	0.0
0.0	3.0	0.0	0.0
0.0	0.0	2.0	0.0
2.0	1259.0	0.0	1.0
0.0	4.0	0.0	1.0
0.0	0.0	0.0	1.0
0.0	4.0	0.0	0.0
2.0	1255.0	0.0	0.0
0.0	1197.0	0.0	0.0
2.0	58.0	0.0	0.0
1.0	0.0	0.0	0.0
1.0	58.0	0.0	0.0
0.0	52.0	0.0	0.0
1.0	6.0	0.0	0.0
1.0	0.0	0.0	0.0
0.0	6.0	0.0	0.0
51.0	182.0	0.0	0.0
9.0	140.0	0.0	0.0
4.0	139.0	0.0	0.0
3.0	20.0	0.0	0.0
0.0	20.0	0.0	0.0
3.0	0.0	0.0	0.0
1.0	119.0	0.0	0.0
0.0	98.0	0.0	0.0
1.0	21.0	0.0	0.0
1.0	0.0	0.0	0.0
0.0	21.0	0.0	0.0
5.0	1.0	0.0	0.0
5.0	0.0	0.0	0.0
0.0	1.0	0.0	0.0
42.0	42.0	0.0	0.0
38.0	15.0	0.0	0.0
6.0	12.0	0.0	0.0
2.0	10.0	0.0	0.0
1.0	10.0	0.0	0.0
0.0	10.0	0.0	0.0
1.0	0.0	0.0	0.0
1.0	0.0	0.0	0.0
4.0	2.0	0.0	0.0
4.0	0.0	0.0	0.0
0.0	2.0	0.0	0.0
32.0	3.0	0.0	0.0
1.0	2.0	0.0	0.0
0.0	2.0	0.0	0.0
1.0	0.0	0.0	0.0
31.0	1.0	0.0	0.0
0.0	1.0	0.0	0.0
31.0	0.0	0.0	0.0
4.0	27.0	0.0	0.0
1.0	27.0	0.0	0.0
1.0	0.0	0.0	0.0
0.0	27.0	0.0	0.0
3.0	0.0	0.0	0.0
51.0	18.0	0.0	0.0
0.0	8.0	0.0	0.0
51.0	10.0	0.0	0.0
7.0	10.0	0.0	0.0
3.0	10.0	0.0	0.0
1.0	0.0	0.0	0.0
2.0	10.0	0.0	0.0
1.0	0.0	0.0	0.0
1.0	10.0	0.0	0.0
1.0	2.0	0.0	0.0
0.0	2.0	0.0	0.0
1.0	0.0	0.0	0.0
0.0	8.0	0.0	0.0
4.0	0.0	0.0	0.0
44.0	0.0	0.0	0.0
