# Sizes (NFeatures, Nclasses, NodeCount, MaxDepth)
10	4	111	13
# Classes
0.0	1.0	2.0	3.0
# Feature Names
Nrows	Ncols	Nnnz	AvgNnnz	Density	MaxRowNnnz	MinRowNnnz	StdRowNnnz	NDiags	NTrueDiags
# Left
1	2	3	-1	5	6	-1	8	9	-1	-1	-1	-1	14	15	-1	17	-1	19	-1	-1	22	23	24	25	26	27	-1	-1	-1	31	32	33	-1	35	-1	-1	38	-1	-1	41	42	-1	-1	45	-1	47	-1	49	50	-1	-1	-1	54	-1	56	-1	-1	59	-1	-1	62	63	64	-1	-1	-1	68	69	-1	71	72	73	-1	-1	76	77	78	-1	-1	-1	-1	-1	84	85	86	-1	88	-1	-1	-1	92	-1	-1	95	-1	97	-1	99	100	101	-1	-1	104	105	-1	-1	-1	109	-1	-1
# Right
94	13	4	-1	12	7	-1	11	10	-1	-1	-1	-1	21	16	-1	18	-1	20	-1	-1	61	58	53	30	29	28	-1	-1	-1	40	37	34	-1	36	-1	-1	39	-1	-1	44	43	-1	-1	46	-1	48	-1	52	51	-1	-1	-1	55	-1	57	-1	-1	60	-1	-1	67	66	65	-1	-1	-1	83	70	-1	82	75	74	-1	-1	81	80	79	-1	-1	-1	-1	-1	91	90	87	-1	89	-1	-1	-1	93	-1	-1	96	-1	98	-1	108	103	102	-1	-1	107	106	-1	-1	-1	110	-1	-1
# Threshold
7046.0	159.0	17.5	-2.0	3.6730599403381348	60.5	-2.0	6.0	2.240774989128113	-2.0	-2.0	-2.0	-2.0	3.0	0.5	-2.0	2528.0	-2.0	0.00029991100018378347	-2.0	-2.0	52272.5	195.21900177001953	3005.5	6.0	0.38360999524593353	0.30739448964595795	-2.0	-2.0	-2.0	18.0	0.039165349677205086	0.00954861519858241	-2.0	7.8173699378967285	-2.0	-2.0	0.08160769939422607	-2.0	-2.0	42.0	6.481984853744507	-2.0	-2.0	1372.5	-2.0	1429.0	-2.0	1550.5	14165.5	-2.0	-2.0	-2.0	26908.5	-2.0	44558.0	-2.0	-2.0	3206595.0	-2.0	-2.0	7.410815000534058	0.5	2345599.0	-2.0	-2.0	-2.0	3.5	324662.0	-2.0	22.026599884033203	1102.5	109.0	-2.0	-2.0	297112.0	66134.0	497081.0	-2.0	-2.0	-2.0	-2.0	-2.0	84.98149871826172	3.2422600270365365e-05	0.5	-2.0	19.0	-2.0	-2.0	-2.0	373452.5	-2.0	-2.0	317416.0	-2.0	30.301050186157227	-2.0	71.7042007446289	679500.0	111.73299789428711	-2.0	-2.0	5.157764911651611	70245.0	-2.0	-2.0	-2.0	14.0	-2.0	-2.0
# Feature
5	2	8	-2	7	2	-2	5	3	-2	-2	-2	-2	8	6	-2	0	-2	4	-2	-2	8	7	5	8	7	7	-2	-2	-2	8	4	4	-2	3	-2	-2	4	-2	-2	1	3	-2	-2	5	-2	5	-2	5	8	-2	-2	-2	8	-2	8	-2	-2	2	-2	-2	7	6	1	-2	-2	-2	9	2	-2	7	5	5	-2	-2	1	1	2	-2	-2	-2	-2	-2	7	4	6	-2	9	-2	-2	-2	8	-2	-2	2	-2	7	-2	3	2	7	-2	-2	3	5	-2	-2	-2	9	-2	-2
# Values
112.0	1524.0	43.0	0.0
60.0	1501.0	43.0	0.0
0.0	10.0	21.0	0.0
0.0	0.0	15.0	0.0
0.0	10.0	6.0	0.0
0.0	10.0	3.0	0.0
0.0	0.0	2.0	0.0
0.0	10.0	1.0	0.0
0.0	1.0	1.0	0.0
0.0	1.0	0.0	0.0
0.0	0.0	1.0	0.0
0.0	9.0	0.0	0.0
0.0	0.0	3.0	0.0
60.0	1491.0	22.0	0.0
0.0	4.0	12.0	0.0
0.0	3.0	0.0	0.0
0.0	1.0	12.0	0.0
0.0	0.0	7.0	0.0
0.0	1.0	5.0	0.0
0.0	0.0	5.0	0.0
0.0	1.0	0.0	0.0
60.0	1487.0	10.0	0.0
15.0	1344.0	10.0	0.0
9.0	1340.0	10.0	0.0
2.0	1320.0	10.0	0.0
0.0	11.0	4.0	0.0
0.0	11.0	1.0	0.0
0.0	6.0	0.0	0.0
0.0	5.0	1.0	0.0
0.0	0.0	3.0	0.0
2.0	1309.0	6.0	0.0
0.0	63.0	5.0	0.0
0.0	62.0	2.0	0.0
0.0	54.0	0.0	0.0
0.0	8.0	2.0	0.0
0.0	8.0	0.0	0.0
0.0	0.0	2.0	0.0
0.0	1.0	3.0	0.0
0.0	0.0	3.0	0.0
0.0	1.0	0.0	0.0
2.0	1246.0	1.0	0.0
0.0	4.0	1.0	0.0
0.0	0.0	1.0	0.0
0.0	4.0	0.0	0.0
2.0	1242.0	0.0	0.0
0.0	1194.0	0.0	0.0
2.0	48.0	0.0	0.0
1.0	0.0	0.0	0.0
1.0	48.0	0.0	0.0
1.0	3.0	0.0	0.0
0.0	3.0	0.0	0.0
1.0	0.0	0.0	0.0
0.0	45.0	0.0	0.0
7.0	20.0	0.0	0.0
0.0	17.0	0.0	0.0
7.0	3.0	0.0	0.0
7.0	0.0	0.0	0.0
0.0	3.0	0.0	0.0
6.0	4.0	0.0	0.0
6.0	0.0	0.0	0.0
0.0	4.0	0.0	0.0
45.0	143.0	0.0	0.0
1.0	85.0	0.0	0.0
1.0	12.0	0.0	0.0
0.0	12.0	0.0	0.0
1.0	0.0	0.0	0.0
0.0	73.0	0.0	0.0
44.0	58.0	0.0	0.0
36.0	14.0	0.0	0.0
0.0	4.0	0.0	0.0
36.0	10.0	0.0	0.0
18.0	10.0	0.0	0.0
16.0	2.0	0.0	0.0
0.0	2.0	0.0	0.0
16.0	0.0	0.0	0.0
2.0	8.0	0.0	0.0
1.0	8.0	0.0	0.0
1.0	1.0	0.0	0.0
0.0	1.0	0.0	0.0
1.0	0.0	0.0	0.0
0.0	7.0	0.0	0.0
1.0	0.0	0.0	0.0
18.0	0.0	0.0	0.0
8.0	44.0	0.0	0.0
4.0	43.0	0.0	0.0
4.0	4.0	0.0	0.0
0.0	3.0	0.0	0.0
4.0	1.0	0.0	0.0
4.0	0.0	0.0	0.0
0.0	1.0	0.0	0.0
0.0	39.0	0.0	0.0
4.0	1.0	0.0	0.0
0.0	1.0	0.0	0.0
4.0	0.0	0.0	0.0
52.0	23.0	0.0	0.0
0.0	7.0	0.0	0.0
52.0	16.0	0.0	0.0
0.0	5.0	0.0	0.0
52.0	11.0	0.0	0.0
44.0	5.0	0.0	0.0
4.0	4.0	0.0	0.0
0.0	4.0	0.0	0.0
4.0	0.0	0.0	0.0
40.0	1.0	0.0	0.0
6.0	1.0	0.0	0.0
0.0	1.0	0.0	0.0
6.0	0.0	0.0	0.0
34.0	0.0	0.0	0.0
8.0	6.0	0.0	0.0
0.0	6.0	0.0	0.0
8.0	0.0	0.0	0.0
