# Sizes (NFeatures, Nclasses, NodeCount, MaxDepth)
10	4	103	14
# Classes
0.0	1.0	2.0	3.0
# Feature Names
Nrows	Ncols	Nnnz	AvgNnnz	Density	MaxRowNnnz	MinRowNnnz	StdRowNnnz	NDiags	NTrueDiags
# Left
1	2	3	4	-1	6	-1	8	-1	-1	11	12	-1	-1	-1	16	17	-1	19	-1	21	-1	23	-1	-1	26	27	28	29	30	-1	-1	33	34	35	36	-1	38	-1	40	41	-1	-1	-1	-1	-1	47	-1	-1	50	-1	-1	53	54	-1	-1	57	-1	-1	60	61	62	-1	-1	65	66	67	-1	69	-1	-1	-1	73	74	75	-1	-1	-1	79	-1	81	-1	-1	84	85	-1	87	-1	-1	-1	91	92	93	-1	-1	-1	97	-1	99	100	-1	-1	-1
# Right
90	15	10	5	-1	7	-1	9	-1	-1	14	13	-1	-1	-1	25	18	-1	20	-1	22	-1	24	-1	-1	59	52	49	32	31	-1	-1	46	45	44	37	-1	39	-1	43	42	-1	-1	-1	-1	-1	48	-1	-1	51	-1	-1	56	55	-1	-1	58	-1	-1	83	64	63	-1	-1	72	71	68	-1	70	-1	-1	-1	78	77	76	-1	-1	-1	80	-1	82	-1	-1	89	86	-1	88	-1	-1	-1	96	95	94	-1	-1	-1	98	-1	102	101	-1	-1	-1
# Threshold
7573.5	5.5	2.0	57.0	-2.0	2528.0	-2.0	3348.0	-2.0	-2.0	0.4115464985370636	107893.0	-2.0	-2.0	-2.0	38.5	12.5	-2.0	0.8396604955196381	-2.0	0.10834304988384247	-2.0	35.0	-2.0	-2.0	1360.0	97244.5	199.6074981689453	6.0249499256315175e-06	1096031.0	-2.0	-2.0	65.03230094909668	18.0	14.01859998703003	0.00954861519858241	-2.0	0.011150594800710678	-2.0	1256.0	4.94556999206543	-2.0	-2.0	-2.0	-2.0	-2.0	50794.0	-2.0	-2.0	2622421.5	-2.0	-2.0	563.0	107346.5	-2.0	-2.0	1288.5	-2.0	-2.0	4.5	291873.5	13.850950241088867	-2.0	-2.0	8.049734830856323	3.5	276034.5	-2.0	5.200735092163086	-2.0	-2.0	-2.0	12.947649955749512	457620.0	28.721599578857422	-2.0	-2.0	-2.0	0.00035606749588623643	-2.0	479878.5	-2.0	-2.0	534.6075134277344	16.0	-2.0	68922.0	-2.0	-2.0	-2.0	120.65099716186523	4459485.0	0.5	-2.0	-2.0	-2.0	286552.0	-2.0	0.5	298571.5	-2.0	-2.0	-2.0
# Feature
5	8	6	0	-2	0	-2	2	-2	-2	7	2	-2	-2	-2	0	0	-2	7	-2	4	-2	1	-2	-2	5	8	7	4	0	-2	-2	7	8	3	4	-2	4	-2	2	3	-2	-2	-2	-2	-2	8	-2	-2	2	-2	-2	5	8	-2	-2	5	-2	-2	9	2	3	-2	-2	3	9	0	-2	3	-2	-2	-2	3	2	7	-2	-2	-2	4	-2	2	-2	-2	7	6	-2	8	-2	-2	-2	7	2	9	-2	-2	-2	2	-2	6	8	-2	-2	-2
# Values
114.0	1519.0	44.0	2.0
58.0	1492.0	44.0	2.0
0.0	19.0	28.0	0.0
0.0	2.0	20.0	0.0
0.0	1.0	0.0	0.0
0.0	1.0	20.0	0.0
0.0	0.0	12.0	0.0
0.0	1.0	8.0	0.0
0.0	1.0	0.0	0.0
0.0	0.0	8.0	0.0
0.0	17.0	8.0	0.0
0.0	17.0	3.0	0.0
0.0	17.0	0.0	0.0
0.0	0.0	3.0	0.0
0.0	0.0	5.0	0.0
58.0	1473.0	16.0	2.0
0.0	8.0	13.0	0.0
0.0	0.0	6.0	0.0
0.0	8.0	7.0	0.0
0.0	0.0	3.0	0.0
0.0	8.0	4.0	0.0
0.0	0.0	3.0	0.0
0.0	8.0	1.0	0.0
0.0	8.0	0.0	0.0
0.0	0.0	1.0	0.0
58.0	1465.0	3.0	2.0
22.0	1363.0	3.0	2.0
4.0	1266.0	3.0	2.0
2.0	1261.0	3.0	2.0
0.0	10.0	0.0	2.0
0.0	0.0	0.0	2.0
0.0	10.0	0.0	0.0
2.0	1251.0	3.0	0.0
0.0	1231.0	3.0	0.0
0.0	52.0	3.0	0.0
0.0	52.0	2.0	0.0
0.0	41.0	0.0	0.0
0.0	11.0	2.0	0.0
0.0	0.0	1.0	0.0
0.0	11.0	1.0	0.0
0.0	4.0	1.0	0.0
0.0	2.0	0.0	0.0
0.0	2.0	1.0	0.0
0.0	7.0	0.0	0.0
0.0	0.0	1.0	0.0
0.0	1179.0	0.0	0.0
2.0	20.0	0.0	0.0
0.0	20.0	0.0	0.0
2.0	0.0	0.0	0.0
2.0	5.0	0.0	0.0
2.0	0.0	0.0	0.0
0.0	5.0	0.0	0.0
18.0	97.0	0.0	0.0
3.0	94.0	0.0	0.0
3.0	0.0	0.0	0.0
0.0	94.0	0.0	0.0
15.0	3.0	0.0	0.0
15.0	0.0	0.0	0.0
0.0	3.0	0.0	0.0
36.0	102.0	0.0	0.0
34.0	38.0	0.0	0.0
1.0	27.0	0.0	0.0
0.0	27.0	0.0	0.0
1.0	0.0	0.0	0.0
33.0	11.0	0.0	0.0
5.0	7.0	0.0	0.0
2.0	7.0	0.0	0.0
0.0	6.0	0.0	0.0
2.0	1.0	0.0	0.0
2.0	0.0	0.0	0.0
0.0	1.0	0.0	0.0
3.0	0.0	0.0	0.0
28.0	4.0	0.0	0.0
25.0	1.0	0.0	0.0
5.0	1.0	0.0	0.0
0.0	1.0	0.0	0.0
5.0	0.0	0.0	0.0
20.0	0.0	0.0	0.0
3.0	3.0	0.0	0.0
0.0	2.0	0.0	0.0
3.0	1.0	0.0	0.0
0.0	1.0	0.0	0.0
3.0	0.0	0.0	0.0
2.0	64.0	0.0	0.0
1.0	64.0	0.0	0.0
0.0	63.0	0.0	0.0
1.0	1.0	0.0	0.0
1.0	0.0	0.0	0.0
0.0	1.0	0.0	0.0
1.0	0.0	0.0	0.0
56.0	27.0	0.0	0.0
5.0	20.0	0.0	0.0
1.0	20.0	0.0	0.0
1.0	0.0	0.0	0.0
0.0	20.0	0.0	0.0
4.0	0.0	0.0	0.0
51.0	7.0	0.0	0.0
0.0	3.0	0.0	0.0
51.0	4.0	0.0	0.0
2.0	4.0	0.0	0.0
0.0	4.0	0.0	0.0
2.0	0.0	0.0	0.0
49.0	0.0	0.0	0.0
