# Sizes (NFeatures, Nclasses, NodeCount, MaxDepth)
10	4	103	13
# Classes
0.0	1.0	2.0	3.0
# Feature Names
Nrows	Ncols	Nnnz	AvgNnnz	Density	MaxRowNnnz	MinRowNnnz	StdRowNnnz	NDiags	NTrueDiags
# Left
1	2	3	4	5	6	-1	-1	-1	10	-1	-1	13	-1	15	-1	17	-1	-1	20	21	22	-1	24	-1	26	-1	28	-1	-1	31	32	-1	-1	35	36	37	38	-1	40	-1	-1	-1	-1	45	-1	47	-1	49	-1	51	-1	53	-1	-1	56	57	-1	59	-1	-1	62	63	64	65	66	67	68	-1	70	-1	72	-1	-1	-1	-1	77	-1	79	80	-1	-1	-1	84	-1	-1	-1	-1	89	90	-1	-1	93	94	-1	-1	97	98	99	-1	-1	-1	-1
# Right
88	19	12	9	8	7	-1	-1	-1	11	-1	-1	14	-1	16	-1	18	-1	-1	55	30	23	-1	25	-1	27	-1	29	-1	-1	34	33	-1	-1	44	43	42	39	-1	41	-1	-1	-1	-1	46	-1	48	-1	50	-1	52	-1	54	-1	-1	61	58	-1	60	-1	-1	87	86	83	76	75	74	69	-1	71	-1	73	-1	-1	-1	-1	78	-1	82	81	-1	-1	-1	85	-1	-1	-1	-1	92	91	-1	-1	96	95	-1	-1	102	101	100	-1	-1	-1	-1
# Threshold
151.13750457763672	225.5	17.5	0.8396604955196381	48.5	33.0	-2.0	-2.0	-2.0	1.1923349499702454	-2.0	-2.0	33.5	-2.0	43.5	-2.0	3.46214497089386	-2.0	-2.0	50372.0	5.5	0.5	-2.0	0.0014650495431851596	-2.0	2562.0	-2.0	980.5	-2.0	-2.0	7.2745051511446945e-06	5.041940084993257e-06	-2.0	-2.0	1497.0	18.0	0.07239935174584389	0.00954861519858241	-2.0	568.5	-2.0	-2.0	-2.0	-2.0	1533.0	-2.0	366370.5	-2.0	397571.5	-2.0	43.06680107116699	-2.0	0.0006447394844144583	-2.0	-2.0	225.0	34.63615036010742	-2.0	38.46590042114258	-2.0	-2.0	3.5	7604490.0	27206.5	22.026599884033203	21.296250343322754	8.713229656219482	122714.0	-2.0	475743.0	-2.0	1687671.0	-2.0	-2.0	-2.0	-2.0	3.5	-2.0	7.147930045903195e-05	0.5	-2.0	-2.0	-2.0	3161935.0	-2.0	-2.0	-2.0	-2.0	73.08765029907227	1370.5	-2.0	-2.0	93.36845016479492	3.3114250072685536e-05	-2.0	-2.0	9348.5	11240.0	4570.5	-2.0	-2.0	-2.0	-2.0
# Feature
7	2	8	7	2	1	-2	-2	-2	7	-2	-2	0	-2	0	-2	3	-2	-2	8	8	6	-2	4	-2	2	-2	1	-2	-2	4	4	-2	-2	5	8	4	4	-2	0	-2	-2	-2	-2	5	-2	2	-2	2	-2	7	-2	4	-2	-2	5	3	-2	3	-2	-2	6	1	5	7	7	3	1	-2	8	-2	8	-2	-2	-2	-2	9	-2	4	6	-2	-2	-2	2	-2	-2	-2	-2	3	5	-2	-2	3	4	-2	-2	5	0	1	-2	-2	-2	-2
# Values
133.0	1492.0	49.0	5.0
70.0	1478.0	49.0	5.0
0.0	17.0	30.0	0.0
0.0	4.0	24.0	0.0
0.0	1.0	20.0	0.0
0.0	1.0	5.0	0.0
0.0	0.0	5.0	0.0
0.0	1.0	0.0	0.0
0.0	0.0	15.0	0.0
0.0	3.0	4.0	0.0
0.0	3.0	0.0	0.0
0.0	0.0	4.0	0.0
0.0	13.0	6.0	0.0
0.0	7.0	0.0	0.0
0.0	6.0	6.0	0.0
0.0	0.0	5.0	0.0
0.0	6.0	1.0	0.0
0.0	6.0	0.0	0.0
0.0	0.0	1.0	0.0
70.0	1461.0	19.0	5.0
4.0	1302.0	19.0	5.0
0.0	6.0	17.0	0.0
0.0	2.0	0.0	0.0
0.0	4.0	17.0	0.0
0.0	0.0	12.0	0.0
0.0	4.0	5.0	0.0
0.0	0.0	4.0	0.0
0.0	4.0	1.0	0.0
0.0	1.0	1.0	0.0
0.0	3.0	0.0	0.0
4.0	1296.0	2.0	5.0
0.0	4.0	0.0	5.0
0.0	4.0	0.0	0.0
0.0	0.0	0.0	5.0
4.0	1292.0	2.0	0.0
0.0	1217.0	2.0	0.0
0.0	62.0	2.0	0.0
0.0	62.0	1.0	0.0
0.0	57.0	0.0	0.0
0.0	5.0	1.0	0.0
0.0	5.0	0.0	0.0
0.0	0.0	1.0	0.0
0.0	0.0	1.0	0.0
0.0	1155.0	0.0	0.0
4.0	75.0	0.0	0.0
1.0	0.0	0.0	0.0
3.0	75.0	0.0	0.0
0.0	59.0	0.0	0.0
3.0	16.0	0.0	0.0
2.0	0.0	0.0	0.0
1.0	16.0	0.0	0.0
0.0	13.0	0.0	0.0
1.0	3.0	0.0	0.0
1.0	0.0	0.0	0.0
0.0	3.0	0.0	0.0
66.0	159.0	0.0	0.0
1.0	113.0	0.0	0.0
0.0	100.0	0.0	0.0
1.0	13.0	0.0	0.0
1.0	0.0	0.0	0.0
0.0	13.0	0.0	0.0
65.0	46.0	0.0	0.0
65.0	22.0	0.0	0.0
65.0	19.0	0.0	0.0
62.0	13.0	0.0	0.0
17.0	9.0	0.0	0.0
17.0	6.0	0.0	0.0
9.0	6.0	0.0	0.0
0.0	4.0	0.0	0.0
9.0	2.0	0.0	0.0
8.0	0.0	0.0	0.0
1.0	2.0	0.0	0.0
0.0	2.0	0.0	0.0
1.0	0.0	0.0	0.0
8.0	0.0	0.0	0.0
0.0	3.0	0.0	0.0
45.0	4.0	0.0	0.0
38.0	0.0	0.0	0.0
7.0	4.0	0.0	0.0
7.0	1.0	0.0	0.0
0.0	1.0	0.0	0.0
7.0	0.0	0.0	0.0
0.0	3.0	0.0	0.0
3.0	6.0	0.0	0.0
0.0	6.0	0.0	0.0
3.0	0.0	0.0	0.0
0.0	3.0	0.0	0.0
0.0	24.0	0.0	0.0
63.0	14.0	0.0	0.0
47.0	1.0	0.0	0.0
0.0	1.0	0.0	0.0
47.0	0.0	0.0	0.0
16.0	13.0	0.0	0.0
2.0	9.0	0.0	0.0
2.0	0.0	0.0	0.0
0.0	9.0	0.0	0.0
14.0	4.0	0.0	0.0
3.0	4.0	0.0	0.0
3.0	1.0	0.0	0.0
0.0	1.0	0.0	0.0
3.0	0.0	0.0	0.0
0.0	3.0	0.0	0.0
11.0	0.0	0.0	0.0
