# Sizes (NFeatures, Nclasses, NodeCount, MaxDepth)
10	4	109	14
# Classes
0.0	1.0	2.0	3.0
# Feature Names
Nrows	Ncols	Nnnz	AvgNnnz	Density	MaxRowNnnz	MinRowNnnz	StdRowNnnz	NDiags	NTrueDiags
# Left
1	2	3	4	5	-1	-1	8	-1	10	-1	-1	-1	14	15	16	-1	-1	19	20	21	-1	-1	-1	25	-1	-1	28	29	30	31	-1	-1	-1	35	36	-1	-1	39	40	-1	-1	43	44	-1	46	-1	48	-1	-1	51	-1	53	-1	55	-1	-1	58	59	-1	61	62	-1	64	-1	-1	-1	68	69	70	71	72	73	74	-1	-1	-1	78	-1	80	81	-1	83	-1	-1	-1	-1	88	-1	-1	91	-1	-1	-1	95	96	-1	-1	99	100	-1	-1	103	104	105	-1	-1	-1	-1
# Right
94	13	12	7	6	-1	-1	9	-1	11	-1	-1	-1	27	18	17	-1	-1	24	23	22	-1	-1	-1	26	-1	-1	57	34	33	32	-1	-1	-1	38	37	-1	-1	42	41	-1	-1	50	45	-1	47	-1	49	-1	-1	52	-1	54	-1	56	-1	-1	67	60	-1	66	63	-1	65	-1	-1	-1	93	90	87	86	77	76	75	-1	-1	-1	79	-1	85	82	-1	84	-1	-1	-1	-1	89	-1	-1	92	-1	-1	-1	98	97	-1	-1	102	101	-1	-1	108	107	106	-1	-1	-1	-1
# Threshold
128.71949768066406	3.5	0.2451779991388321	80.0	25.0	-2.0	-2.0	2528.0	-2.0	0.00029991100018378347	-2.0	-2.0	-2.0	38.5	0.5	0.5	-2.0	-2.0	5.5	47.0	12.0	-2.0	-2.0	-2.0	152.5	-2.0	-2.0	41867.0	5.5	0.38360999524593353	0.30739448964595795	-2.0	-2.0	-2.0	227.0	2.541664958000183	-2.0	-2.0	7.3086600878014e-06	5.9612298011779785	-2.0	-2.0	18.0	0.00951047008857131	-2.0	198.5	-2.0	14.443599700927734	-2.0	-2.0	1372.5	-2.0	27254.5	-2.0	30119.5	-2.0	-2.0	243.5	5.221999883651733	-2.0	2644035.0	45494150.0	-2.0	56822900.0	-2.0	-2.0	-2.0	6.5	310327.0	3.5	81.53524780273438	22.026599884033203	18.800450325012207	0.5	-2.0	-2.0	-2.0	5.185160040855408	-2.0	91.37090301513672	5059.0	-2.0	45860.0	-2.0	-2.0	-2.0	-2.0	5.102234899823088e-05	-2.0	-2.0	7604490.0	-2.0	-2.0	-2.0	1276.5	1048641.5	-2.0	-2.0	73.08765029907227	286522.0	-2.0	-2.0	185.9209976196289	62059700.0	690.8670043945312	-2.0	-2.0	-2.0	-2.0
# Feature
7	8	7	2	0	-2	-2	2	-2	4	-2	-2	-2	1	6	9	-2	-2	6	2	8	-2	-2	-2	2	-2	-2	8	8	7	7	-2	-2	-2	2	3	-2	-2	4	3	-2	-2	8	4	-2	1	-2	3	-2	-2	5	-2	8	-2	1	-2	-2	5	7	-2	8	2	-2	2	-2	-2	-2	6	8	9	7	7	7	6	-2	-2	-2	3	-2	3	5	-2	0	-2	-2	-2	-2	4	-2	-2	1	-2	-2	-2	5	2	-2	-2	3	2	-2	-2	3	2	7	-2	-2	-2	-2
# Values
108.0	1523.0	46.0	2.0
56.0	1503.0	46.0	2.0
0.0	4.0	16.0	0.0
0.0	3.0	16.0	0.0
0.0	1.0	1.0	0.0
0.0	0.0	1.0	0.0
0.0	1.0	0.0	0.0
0.0	2.0	15.0	0.0
0.0	0.0	9.0	0.0
0.0	2.0	6.0	0.0
0.0	0.0	6.0	0.0
0.0	2.0	0.0	0.0
0.0	1.0	0.0	0.0
56.0	1499.0	30.0	2.0
0.0	11.0	18.0	0.0
0.0	8.0	2.0	0.0
0.0	0.0	2.0	0.0
0.0	8.0	0.0	0.0
0.0	3.0	16.0	0.0
0.0	1.0	14.0	0.0
0.0	1.0	1.0	0.0
0.0	1.0	0.0	0.0
0.0	0.0	1.0	0.0
0.0	0.0	13.0	0.0
0.0	2.0	2.0	0.0
0.0	2.0	0.0	0.0
0.0	0.0	2.0	0.0
56.0	1488.0	12.0	2.0
3.0	1285.0	12.0	2.0
0.0	16.0	6.0	0.0
0.0	16.0	1.0	0.0
0.0	10.0	0.0	0.0
0.0	6.0	1.0	0.0
0.0	0.0	5.0	0.0
3.0	1269.0	6.0	2.0
0.0	6.0	2.0	0.0
0.0	6.0	0.0	0.0
0.0	0.0	2.0	0.0
3.0	1263.0	4.0	2.0
0.0	10.0	0.0	2.0
0.0	0.0	0.0	2.0
0.0	10.0	0.0	0.0
3.0	1253.0	4.0	0.0
0.0	66.0	4.0	0.0
0.0	61.0	0.0	0.0
0.0	5.0	4.0	0.0
0.0	4.0	0.0	0.0
0.0	1.0	4.0	0.0
0.0	0.0	4.0	0.0
0.0	1.0	0.0	0.0
3.0	1187.0	0.0	0.0
0.0	1141.0	0.0	0.0
3.0	46.0	0.0	0.0
0.0	45.0	0.0	0.0
3.0	1.0	0.0	0.0
0.0	1.0	0.0	0.0
3.0	0.0	0.0	0.0
53.0	203.0	0.0	0.0
3.0	139.0	0.0	0.0
0.0	110.0	0.0	0.0
3.0	29.0	0.0	0.0
1.0	29.0	0.0	0.0
0.0	26.0	0.0	0.0
1.0	3.0	0.0	0.0
1.0	0.0	0.0	0.0
0.0	3.0	0.0	0.0
2.0	0.0	0.0	0.0
50.0	64.0	0.0	0.0
50.0	30.0	0.0	0.0
28.0	29.0	0.0	0.0
27.0	19.0	0.0	0.0
27.0	13.0	0.0	0.0
7.0	10.0	0.0	0.0
7.0	1.0	0.0	0.0
0.0	1.0	0.0	0.0
7.0	0.0	0.0	0.0
0.0	9.0	0.0	0.0
20.0	3.0	0.0	0.0
0.0	1.0	0.0	0.0
20.0	2.0	0.0	0.0
20.0	1.0	0.0	0.0
16.0	0.0	0.0	0.0
4.0	1.0	0.0	0.0
0.0	1.0	0.0	0.0
4.0	0.0	0.0	0.0
0.0	1.0	0.0	0.0
0.0	6.0	0.0	0.0
1.0	10.0	0.0	0.0
1.0	0.0	0.0	0.0
0.0	10.0	0.0	0.0
22.0	1.0	0.0	0.0
22.0	0.0	0.0	0.0
0.0	1.0	0.0	0.0
0.0	34.0	0.0	0.0
52.0	20.0	0.0	0.0
1.0	10.0	0.0	0.0
1.0	0.0	0.0	0.0
0.0	10.0	0.0	0.0
51.0	10.0	0.0	0.0
39.0	1.0	0.0	0.0
0.0	1.0	0.0	0.0
39.0	0.0	0.0	0.0
12.0	9.0	0.0	0.0
3.0	9.0	0.0	0.0
1.0	9.0	0.0	0.0
0.0	9.0	0.0	0.0
1.0	0.0	0.0	0.0
2.0	0.0	0.0	0.0
9.0	0.0	0.0	0.0
