# Sizes (NFeatures, Nclasses, NodeCount, MaxDepth)
10	4	101	13
# Classes
0.0	1.0	2.0	3.0
# Feature Names
Nrows	Ncols	Nnnz	AvgNnnz	Density	MaxRowNnnz	MinRowNnnz	StdRowNnnz	NDiags	NTrueDiags
# Left
1	2	3	4	-1	6	7	8	-1	-1	-1	-1	13	14	15	16	17	18	-1	-1	-1	22	-1	-1	-1	26	-1	-1	29	30	31	32	-1	-1	35	36	37	-1	39	-1	-1	42	43	-1	-1	46	-1	-1	49	-1	51	-1	53	-1	55	-1	57	-1	-1	60	-1	62	-1	-1	65	-1	-1	68	-1	70	71	72	73	74	75	-1	-1	78	-1	-1	-1	82	83	-1	85	-1	87	-1	-1	90	-1	-1	-1	94	-1	-1	97	-1	99	-1	-1
# Right
96	67	12	5	-1	11	10	9	-1	-1	-1	-1	28	25	24	21	20	19	-1	-1	-1	23	-1	-1	-1	27	-1	-1	64	59	34	33	-1	-1	48	41	38	-1	40	-1	-1	45	44	-1	-1	47	-1	-1	50	-1	52	-1	54	-1	56	-1	58	-1	-1	61	-1	63	-1	-1	66	-1	-1	69	-1	93	92	81	80	77	76	-1	-1	79	-1	-1	-1	89	84	-1	86	-1	88	-1	-1	91	-1	-1	-1	95	-1	-1	98	-1	100	-1	-1
# Threshold
31209.0	50372.0	38.5	60.5	-2.0	29.5	21.5	8.450000047683716	-2.0	-2.0	-2.0	-2.0	5.5	3348.0	0.4115464985370636	0.024968750774860382	0.017992400098592043	0.0013500154600478709	-2.0	-2.0	-2.0	0.30739448964595795	-2.0	-2.0	-2.0	5.9293348385836e-05	-2.0	-2.0	195.21900177001953	3005.5	6.015455028318684e-06	6.0	-2.0	-2.0	39.5	0.026948750019073486	8.440549850463867	-2.0	8.741204738616943	-2.0	-2.0	18.0	12.0	-2.0	-2.0	37.5	-2.0	-2.0	1379.0	-2.0	1418.0	-2.0	11.868199825286865	-2.0	13720.5	-2.0	4.0	-2.0	-2.0	366370.5	-2.0	42758.0	-2.0	-2.0	73.08765029907227	-2.0	-2.0	218.5	-2.0	6.5	28244.5	29.682300567626953	460226.0	95004.0	5518.0	-2.0	-2.0	7.1036999225616455	-2.0	-2.0	-2.0	281.63550567626953	3.5	-2.0	8.591400182922371e-05	-2.0	58.0	-2.0	-2.0	0.001929989957716316	-2.0	-2.0	-2.0	221.2800064086914	-2.0	-2.0	81862548.0	-2.0	94742848.0	-2.0	-2.0
# Feature
5	8	1	2	-2	1	1	3	-2	-2	-2	-2	8	1	7	7	4	4	-2	-2	-2	7	-2	-2	-2	4	-2	-2	7	5	4	5	-2	-2	8	4	3	-2	3	-2	-2	8	9	-2	-2	8	-2	-2	5	-2	5	-2	3	-2	1	-2	6	-2	-2	2	-2	1	-2	-2	3	-2	-2	5	-2	6	5	7	8	8	5	-2	-2	7	-2	-2	-2	7	9	-2	4	-2	9	-2	-2	4	-2	-2	-2	7	-2	-2	2	-2	2	-2	-2
# Values
108.0	1530.0	39.0	2.0
75.0	1529.0	39.0	2.0
14.0	1374.0	39.0	2.0
0.0	5.0	16.0	0.0
0.0	0.0	11.0	0.0
0.0	5.0	5.0	0.0
0.0	5.0	2.0	0.0
0.0	1.0	2.0	0.0
0.0	0.0	2.0	0.0
0.0	1.0	0.0	0.0
0.0	4.0	0.0	0.0
0.0	0.0	3.0	0.0
14.0	1369.0	23.0	2.0
0.0	17.0	18.0	0.0
0.0	16.0	7.0	0.0
0.0	16.0	4.0	0.0
0.0	3.0	3.0	0.0
0.0	1.0	3.0	0.0
0.0	1.0	0.0	0.0
0.0	0.0	3.0	0.0
0.0	2.0	0.0	0.0
0.0	13.0	1.0	0.0
0.0	6.0	0.0	0.0
0.0	7.0	1.0	0.0
0.0	0.0	3.0	0.0
0.0	1.0	11.0	0.0
0.0	1.0	0.0	0.0
0.0	0.0	11.0	0.0
14.0	1352.0	5.0	2.0
9.0	1345.0	5.0	2.0
3.0	1313.0	5.0	2.0
0.0	3.0	0.0	2.0
0.0	0.0	0.0	2.0
0.0	3.0	0.0	0.0
3.0	1310.0	5.0	0.0
0.0	107.0	5.0	0.0
0.0	97.0	1.0	0.0
0.0	78.0	0.0	0.0
0.0	19.0	1.0	0.0
0.0	0.0	1.0	0.0
0.0	19.0	0.0	0.0
0.0	10.0	4.0	0.0
0.0	1.0	3.0	0.0
0.0	1.0	1.0	0.0
0.0	0.0	2.0	0.0
0.0	9.0	1.0	0.0
0.0	9.0	0.0	0.0
0.0	0.0	1.0	0.0
3.0	1203.0	0.0	0.0
0.0	1153.0	0.0	0.0
3.0	50.0	0.0	0.0
1.0	0.0	0.0	0.0
2.0	50.0	0.0	0.0
0.0	36.0	0.0	0.0
2.0	14.0	0.0	0.0
0.0	13.0	0.0	0.0
2.0	1.0	0.0	0.0
2.0	0.0	0.0	0.0
0.0	1.0	0.0	0.0
6.0	32.0	0.0	0.0
0.0	27.0	0.0	0.0
6.0	5.0	0.0	0.0
6.0	0.0	0.0	0.0
0.0	5.0	0.0	0.0
5.0	7.0	0.0	0.0
5.0	0.0	0.0	0.0
0.0	7.0	0.0	0.0
61.0	155.0	0.0	0.0
0.0	102.0	0.0	0.0
61.0	53.0	0.0	0.0
60.0	25.0	0.0	0.0
60.0	20.0	0.0	0.0
18.0	16.0	0.0	0.0
18.0	9.0	0.0	0.0
2.0	8.0	0.0	0.0
0.0	8.0	0.0	0.0
2.0	0.0	0.0	0.0
16.0	1.0	0.0	0.0
0.0	1.0	0.0	0.0
16.0	0.0	0.0	0.0
0.0	7.0	0.0	0.0
42.0	4.0	0.0	0.0
40.0	2.0	0.0	0.0
28.0	0.0	0.0	0.0
12.0	2.0	0.0	0.0
8.0	0.0	0.0	0.0
4.0	2.0	0.0	0.0
0.0	2.0	0.0	0.0
4.0	0.0	0.0	0.0
2.0	2.0	0.0	0.0
0.0	2.0	0.0	0.0
2.0	0.0	0.0	0.0
0.0	5.0	0.0	0.0
1.0	28.0	0.0	0.0
0.0	28.0	0.0	0.0
1.0	0.0	0.0	0.0
33.0	1.0	0.0	0.0
30.0	0.0	0.0	0.0
3.0	1.0	0.0	0.0
0.0	1.0	0.0	0.0
3.0	0.0	0.0	0.0
