# Sizes (NFeatures, Nclasses, NodeCount, MaxDepth)
10	6	279	17
# Classes
0.0	1.0	2.0	3.0	4.0	5.0
# Feature Names
Nrows	Ncols	Nnnz	AvgNnnz	Density	MaxRowNnnz	MinRowNnnz	StdRowNnnz	NDiags	NTrueDiags
# Left
1	2	3	4	5	6	7	8	9	-1	11	12	13	-1	-1	16	-1	18	-1	20	-1	-1	-1	-1	25	26	27	28	-1	-1	31	-1	33	-1	-1	-1	-1	38	39	40	41	42	-1	-1	-1	46	47	-1	-1	-1	51	52	53	-1	55	-1	-1	-1	-1	-1	61	62	-1	64	65	66	67	-1	-1	-1	71	-1	73	-1	-1	-1	77	-1	79	-1	-1	82	-1	84	-1	-1	87	88	89	90	-1	-1	93	-1	95	96	97	-1	-1	100	-1	-1	103	104	-1	-1	107	-1	109	110	-1	-1	-1	114	115	116	117	-1	119	120	-1	-1	123	124	125	126	127	-1	-1	130	-1	132	-1	-1	-1	-1	-1	-1	-1	140	141	142	-1	144	-1	146	-1	148	149	-1	151	-1	-1	154	-1	156	157	158	159	-1	-1	-1	-1	164	-1	-1	-1	168	-1	-1	171	172	173	-1	-1	-1	177	178	179	-1	-1	-1	183	-1	-1	186	187	188	189	190	-1	-1	193	194	195	-1	-1	198	199	-1	-1	-1	203	-1	205	206	-1	-1	-1	210	-1	212	213	214	215	-1	217	-1	219	220	221	-1	-1	-1	225	-1	227	-1	229	-1	-1	232	233	234	-1	-1	-1	-1	239	-1	-1	242	243	-1	-1	246	-1	248	-1	-1	251	-1	253	-1	-1	256	257	258	259	-1	-1	-1	-1	264	-1	266	-1	-1	269	270	271	272	-1	-1	-1	-1	277	-1	-1
# Right
268	185	86	81	60	37	24	23	10	-1	22	15	14	-1	-1	17	-1	19	-1	21	-1	-1	-1	-1	36	35	30	29	-1	-1	32	-1	34	-1	-1	-1	-1	59	50	45	44	43	-1	-1	-1	49	48	-1	-1	-1	58	57	54	-1	56	-1	-1	-1	-1	-1	76	63	-1	75	70	69	68	-1	-1	-1	72	-1	74	-1	-1	-1	78	-1	80	-1	-1	83	-1	85	-1	-1	170	113	92	91	-1	-1	94	-1	102	99	98	-1	-1	101	-1	-1	106	105	-1	-1	108	-1	112	111	-1	-1	-1	139	138	137	118	-1	122	121	-1	-1	136	135	134	129	128	-1	-1	131	-1	133	-1	-1	-1	-1	-1	-1	-1	167	166	143	-1	145	-1	147	-1	153	150	-1	152	-1	-1	155	-1	163	162	161	160	-1	-1	-1	-1	165	-1	-1	-1	169	-1	-1	176	175	174	-1	-1	-1	182	181	180	-1	-1	-1	184	-1	-1	255	250	209	192	191	-1	-1	202	197	196	-1	-1	201	200	-1	-1	-1	204	-1	208	207	-1	-1	-1	211	-1	241	238	231	216	-1	218	-1	224	223	222	-1	-1	-1	226	-1	228	-1	230	-1	-1	237	236	235	-1	-1	-1	-1	240	-1	-1	245	244	-1	-1	247	-1	249	-1	-1	252	-1	254	-1	-1	263	262	261	260	-1	-1	-1	-1	265	-1	267	-1	-1	276	275	274	273	-1	-1	-1	-1	278	-1	-1
# Threshold
9675.5	31.5	69.0	0.07406184822320938	20.0	3001.0	5990.5	2.0235899686813354	135.0	-2.0	15.015249729156494	0.002486994955688715	0.0010775444970931858	-2.0	-2.0	506.0	-2.0	2490.0	-2.0	0.0038730000378564	-2.0	-2.0	-2.0	-2.0	12016.0	1.7563799619674683	7.5	7648.0	-2.0	-2.0	2024.0	-2.0	9.5	-2.0	-2.0	-2.0	-2.0	53386.0	4.593194961547852	3.4987499713897705	0.7592370212078094	9500.5	-2.0	-2.0	-2.0	0.5001000165939331	34000.0	-2.0	-2.0	-2.0	8.438975095748901	5.409850120544434	24096.0	-2.0	4.960099935531616	-2.0	-2.0	-2.0	-2.0	-2.0	4.6705100536346436	2.866665005683899	-2.0	2481000.0	8.5	5.5	3.5	-2.0	-2.0	-2.0	49.5	-2.0	5.812279939651489	-2.0	-2.0	-2.0	0.018722299486398697	-2.0	26.5	-2.0	-2.0	0.23421550542116165	-2.0	0.2740889936685562	-2.0	-2.0	10585.5	664.0	243.0	1.5	-2.0	-2.0	47.5	-2.0	6.5	0.4201904982328415	3.976189970970154	-2.0	-2.0	302.0	-2.0	-2.0	0.009529079776257277	0.007509564980864525	-2.0	-2.0	2.4316099882125854	-2.0	18.0	6.637415170669556	-2.0	-2.0	-2.0	18463.0	0.011152499821037054	3612.5	78.0	-2.0	2090.0	1139.0	-2.0	-2.0	9302.5	1303.0	9047.0	0.5662640035152435	2293.5	-2.0	-2.0	12.0	-2.0	12.5	-2.0	-2.0	-2.0	-2.0	-2.0	-2.0	-2.0	621424.0	10113.0	0.208297498524189	-2.0	1866.5	-2.0	0.5	-2.0	1231.0	3.0	-2.0	0.5726955085992813	-2.0	-2.0	0.39176200330257416	-2.0	11.59285020828247	3.2466100454330444	2002.5	1669.0	-2.0	-2.0	-2.0	-2.0	3.8413299322128296	-2.0	-2.0	-2.0	525056.5	-2.0	-2.0	8.346524715423584	2.7643250226974487	191373.0	-2.0	-2.0	-2.0	0.00010011979975388385	2.5	1217548.0	-2.0	-2.0	-2.0	29.5	-2.0	-2.0	379126.0	6666.0	285778.0	2497.0	36.5	-2.0	-2.0	960.5	2.744444966316223	0.0011492299963720143	-2.0	-2.0	4.864875078201294	0.003957269946113229	-2.0	-2.0	-2.0	1026.5	-2.0	12912.5	0.0034212350146844983	-2.0	-2.0	-2.0	288359.5	-2.0	111.5	24.635250091552734	3477615.0	1.955424964427948	-2.0	32.5	-2.0	46994.5	84.0	394810.0	-2.0	-2.0	-2.0	678472.0	-2.0	4.847914934158325	-2.0	60.0	-2.0	-2.0	4586495.0	2784.0	75.0	-2.0	-2.0	-2.0	-2.0	10693.0	-2.0	-2.0	4.516649961471558	3.3356798887252808	-2.0	-2.0	227.4199981689453	-2.0	128.5	-2.0	-2.0	7.116850018501282	-2.0	140626.5	-2.0	-2.0	82.5	11.82829999923706	9.013920068740845	59638230.0	-2.0	-2.0	-2.0	-2.0	413505.0	-2.0	7.29366519180985e-07	-2.0	-2.0	14.0	208226504.0	12035.5	9.491100072860718	-2.0	-2.0	-2.0	-2.0	26539.0	-2.0	-2.0
# Feature
5	5	8	4	8	0	2	7	2	-2	3	4	4	-2	-2	0	-2	2	-2	4	-2	-2	-2	-2	2	7	8	2	-2	-2	1	-2	8	-2	-2	-2	-2	0	3	3	7	1	-2	-2	-2	7	2	-2	-2	-2	3	3	0	-2	3	-2	-2	-2	-2	-2	7	3	-2	1	5	9	9	-2	-2	-2	8	-2	3	-2	-2	-2	4	-2	5	-2	-2	4	-2	4	-2	-2	8	0	2	6	-2	-2	0	-2	5	7	3	-2	-2	0	-2	-2	4	4	-2	-2	7	-2	5	3	-2	-2	-2	2	4	8	8	-2	2	2	-2	-2	2	8	2	7	0	-2	-2	9	-2	5	-2	-2	-2	-2	-2	-2	-2	2	8	7	-2	1	-2	6	-2	8	6	-2	7	-2	-2	7	-2	3	7	8	8	-2	-2	-2	-2	7	-2	-2	-2	1	-2	-2	3	3	8	-2	-2	-2	4	6	2	-2	-2	-2	5	-2	-2	1	5	2	2	5	-2	-2	5	3	4	-2	-2	3	4	-2	-2	-2	5	-2	2	4	-2	-2	-2	2	-2	5	7	2	7	-2	5	-2	8	8	2	-2	-2	-2	2	-2	7	-2	5	-2	-2	2	8	9	-2	-2	-2	-2	8	-2	-2	3	3	-2	-2	7	-2	9	-2	-2	3	-2	1	-2	-2	5	7	3	2	-2	-2	-2	-2	1	-2	4	-2	-2	9	2	5	3	-2	-2	-2	-2	5	-2	-2
# Values
90.0	1251.0	64.0	267.0	6.0	3.0
18.0	1242.0	64.0	267.0	6.0	3.0
0.0	357.0	63.0	211.0	6.0	3.0
0.0	76.0	63.0	65.0	4.0	3.0
0.0	50.0	63.0	61.0	4.0	3.0
0.0	30.0	32.0	59.0	4.0	0.0
0.0	6.0	12.0	50.0	2.0	0.0
0.0	6.0	3.0	39.0	2.0	0.0
0.0	6.0	1.0	39.0	2.0	0.0
0.0	2.0	0.0	0.0	0.0	0.0
0.0	4.0	1.0	39.0	2.0	0.0
0.0	3.0	1.0	39.0	2.0	0.0
0.0	0.0	0.0	3.0	2.0	0.0
0.0	0.0	0.0	3.0	0.0	0.0
0.0	0.0	0.0	0.0	2.0	0.0
0.0	3.0	1.0	36.0	0.0	0.0
0.0	0.0	0.0	21.0	0.0	0.0
0.0	3.0	1.0	15.0	0.0	0.0
0.0	3.0	0.0	2.0	0.0	0.0
0.0	0.0	1.0	13.0	0.0	0.0
0.0	0.0	1.0	2.0	0.0	0.0
0.0	0.0	0.0	11.0	0.0	0.0
0.0	1.0	0.0	0.0	0.0	0.0
0.0	0.0	2.0	0.0	0.0	0.0
0.0	0.0	9.0	11.0	0.0	0.0
0.0	0.0	9.0	7.0	0.0	0.0
0.0	0.0	9.0	5.0	0.0	0.0
0.0	0.0	5.0	1.0	0.0	0.0
0.0	0.0	3.0	1.0	0.0	0.0
0.0	0.0	2.0	0.0	0.0	0.0
0.0	0.0	4.0	4.0	0.0	0.0
0.0	0.0	0.0	1.0	0.0	0.0
0.0	0.0	4.0	3.0	0.0	0.0
0.0	0.0	1.0	1.0	0.0	0.0
0.0	0.0	3.0	2.0	0.0	0.0
0.0	0.0	0.0	2.0	0.0	0.0
0.0	0.0	0.0	4.0	0.0	0.0
0.0	24.0	20.0	9.0	2.0	0.0
0.0	24.0	10.0	9.0	2.0	0.0
0.0	5.0	6.0	7.0	2.0	0.0
0.0	5.0	4.0	0.0	2.0	0.0
0.0	5.0	0.0	0.0	2.0	0.0
0.0	0.0	0.0	0.0	2.0	0.0
0.0	5.0	0.0	0.0	0.0	0.0
0.0	0.0	4.0	0.0	0.0	0.0
0.0	0.0	2.0	7.0	0.0	0.0
0.0	0.0	2.0	2.0	0.0	0.0
0.0	0.0	2.0	0.0	0.0	0.0
0.0	0.0	0.0	2.0	0.0	0.0
0.0	0.0	0.0	5.0	0.0	0.0
0.0	19.0	4.0	2.0	0.0	0.0
0.0	18.0	1.0	2.0	0.0	0.0
0.0	6.0	1.0	2.0	0.0	0.0
0.0	0.0	0.0	2.0	0.0	0.0
0.0	6.0	1.0	0.0	0.0	0.0
0.0	1.0	1.0	0.0	0.0	0.0
0.0	5.0	0.0	0.0	0.0	0.0
0.0	12.0	0.0	0.0	0.0	0.0
0.0	1.0	3.0	0.0	0.0	0.0
0.0	0.0	10.0	0.0	0.0	0.0
0.0	20.0	31.0	2.0	0.0	3.0
0.0	12.0	30.0	1.0	0.0	3.0
0.0	6.0	0.0	0.0	0.0	0.0
0.0	6.0	30.0	1.0	0.0	3.0
0.0	6.0	30.0	1.0	0.0	0.0
0.0	5.0	3.0	1.0	0.0	0.0
0.0	0.0	3.0	1.0	0.0	0.0
0.0	0.0	0.0	1.0	0.0	0.0
0.0	0.0	3.0	0.0	0.0	0.0
0.0	5.0	0.0	0.0	0.0	0.0
0.0	1.0	27.0	0.0	0.0	0.0
0.0	0.0	24.0	0.0	0.0	0.0
0.0	1.0	3.0	0.0	0.0	0.0
0.0	1.0	0.0	0.0	0.0	0.0
0.0	0.0	3.0	0.0	0.0	0.0
0.0	0.0	0.0	0.0	0.0	3.0
0.0	8.0	1.0	1.0	0.0	0.0
0.0	8.0	0.0	0.0	0.0	0.0
0.0	0.0	1.0	1.0	0.0	0.0
0.0	0.0	1.0	0.0	0.0	0.0
0.0	0.0	0.0	1.0	0.0	0.0
0.0	26.0	0.0	4.0	0.0	0.0
0.0	21.0	0.0	0.0	0.0	0.0
0.0	5.0	0.0	4.0	0.0	0.0
0.0	0.0	0.0	4.0	0.0	0.0
0.0	5.0	0.0	0.0	0.0	0.0
0.0	281.0	0.0	146.0	2.0	0.0
0.0	186.0	0.0	134.0	2.0	0.0
0.0	93.0	0.0	22.0	2.0	0.0
0.0	0.0	0.0	3.0	1.0	0.0
0.0	0.0	0.0	3.0	0.0	0.0
0.0	0.0	0.0	0.0	1.0	0.0
0.0	93.0	0.0	19.0	1.0	0.0
0.0	0.0	0.0	2.0	0.0	0.0
0.0	93.0	0.0	17.0	1.0	0.0
0.0	5.0	0.0	4.0	1.0	0.0
0.0	4.0	0.0	0.0	1.0	0.0
0.0	4.0	0.0	0.0	0.0	0.0
0.0	0.0	0.0	0.0	1.0	0.0
0.0	1.0	0.0	4.0	0.0	0.0
0.0	0.0	0.0	4.0	0.0	0.0
0.0	1.0	0.0	0.0	0.0	0.0
0.0	88.0	0.0	13.0	0.0	0.0
0.0	36.0	0.0	10.0	0.0	0.0
0.0	5.0	0.0	0.0	0.0	0.0
0.0	31.0	0.0	10.0	0.0	0.0
0.0	52.0	0.0	3.0	0.0	0.0
0.0	28.0	0.0	0.0	0.0	0.0
0.0	24.0	0.0	3.0	0.0	0.0
0.0	2.0	0.0	3.0	0.0	0.0
0.0	2.0	0.0	0.0	0.0	0.0
0.0	0.0	0.0	3.0	0.0	0.0
0.0	22.0	0.0	0.0	0.0	0.0
0.0	93.0	0.0	112.0	0.0	0.0
0.0	13.0	0.0	72.0	0.0	0.0
0.0	9.0	0.0	72.0	0.0	0.0
0.0	7.0	0.0	72.0	0.0	0.0
0.0	1.0	0.0	0.0	0.0	0.0
0.0	6.0	0.0	72.0	0.0	0.0
0.0	2.0	0.0	2.0	0.0	0.0
0.0	0.0	0.0	1.0	0.0	0.0
0.0	2.0	0.0	1.0	0.0	0.0
0.0	4.0	0.0	70.0	0.0	0.0
0.0	4.0	0.0	43.0	0.0	0.0
0.0	3.0	0.0	43.0	0.0	0.0
0.0	2.0	0.0	43.0	0.0	0.0
0.0	1.0	0.0	1.0	0.0	0.0
0.0	1.0	0.0	0.0	0.0	0.0
0.0	0.0	0.0	1.0	0.0	0.0
0.0	1.0	0.0	42.0	0.0	0.0
0.0	0.0	0.0	40.0	0.0	0.0
0.0	1.0	0.0	2.0	0.0	0.0
0.0	0.0	0.0	2.0	0.0	0.0
0.0	1.0	0.0	0.0	0.0	0.0
0.0	1.0	0.0	0.0	0.0	0.0
0.0	1.0	0.0	0.0	0.0	0.0
0.0	0.0	0.0	27.0	0.0	0.0
0.0	2.0	0.0	0.0	0.0	0.0
0.0	4.0	0.0	0.0	0.0	0.0
0.0	80.0	0.0	40.0	0.0	0.0
0.0	77.0	0.0	22.0	0.0	0.0
0.0	77.0	0.0	18.0	0.0	0.0
0.0	0.0	0.0	4.0	0.0	0.0
0.0	77.0	0.0	14.0	0.0	0.0
0.0	0.0	0.0	2.0	0.0	0.0
0.0	77.0	0.0	12.0	0.0	0.0
0.0	0.0	0.0	2.0	0.0	0.0
0.0	77.0	0.0	10.0	0.0	0.0
0.0	41.0	0.0	1.0	0.0	0.0
0.0	31.0	0.0	0.0	0.0	0.0
0.0	10.0	0.0	1.0	0.0	0.0
0.0	2.0	0.0	1.0	0.0	0.0
0.0	8.0	0.0	0.0	0.0	0.0
0.0	36.0	0.0	9.0	0.0	0.0
0.0	0.0	0.0	3.0	0.0	0.0
0.0	36.0	0.0	6.0	0.0	0.0
0.0	34.0	0.0	2.0	0.0	0.0
0.0	34.0	0.0	1.0	0.0	0.0
0.0	3.0	0.0	1.0	0.0	0.0
0.0	3.0	0.0	0.0	0.0	0.0
0.0	0.0	0.0	1.0	0.0	0.0
0.0	31.0	0.0	0.0	0.0	0.0
0.0	0.0	0.0	1.0	0.0	0.0
0.0	2.0	0.0	4.0	0.0	0.0
0.0	0.0	0.0	4.0	0.0	0.0
0.0	2.0	0.0	0.0	0.0	0.0
0.0	0.0	0.0	4.0	0.0	0.0
0.0	3.0	0.0	18.0	0.0	0.0
0.0	0.0	0.0	18.0	0.0	0.0
0.0	3.0	0.0	0.0	0.0	0.0
0.0	95.0	0.0	12.0	0.0	0.0
0.0	86.0	0.0	1.0	0.0	0.0
0.0	9.0	0.0	1.0	0.0	0.0
0.0	0.0	0.0	1.0	0.0	0.0
0.0	9.0	0.0	0.0	0.0	0.0
0.0	77.0	0.0	0.0	0.0	0.0
0.0	9.0	0.0	11.0	0.0	0.0
0.0	1.0	0.0	8.0	0.0	0.0
0.0	1.0	0.0	1.0	0.0	0.0
0.0	0.0	0.0	1.0	0.0	0.0
0.0	1.0	0.0	0.0	0.0	0.0
0.0	0.0	0.0	7.0	0.0	0.0
0.0	8.0	0.0	3.0	0.0	0.0
0.0	8.0	0.0	0.0	0.0	0.0
0.0	0.0	0.0	3.0	0.0	0.0
18.0	885.0	1.0	56.0	0.0	0.0
16.0	846.0	1.0	27.0	0.0	0.0
7.0	821.0	1.0	27.0	0.0	0.0
3.0	523.0	0.0	7.0	0.0	0.0
0.0	12.0	0.0	3.0	0.0	0.0
0.0	0.0	0.0	3.0	0.0	0.0
0.0	12.0	0.0	0.0	0.0	0.0
3.0	511.0	0.0	4.0	0.0	0.0
0.0	384.0	0.0	2.0	0.0	0.0
0.0	10.0	0.0	1.0	0.0	0.0
0.0	10.0	0.0	0.0	0.0	0.0
0.0	0.0	0.0	1.0	0.0	0.0
0.0	374.0	0.0	1.0	0.0	0.0
0.0	71.0	0.0	1.0	0.0	0.0
0.0	36.0	0.0	0.0	0.0	0.0
0.0	35.0	0.0	1.0	0.0	0.0
0.0	303.0	0.0	0.0	0.0	0.0
3.0	127.0	0.0	2.0	0.0	0.0
0.0	0.0	0.0	2.0	0.0	0.0
3.0	127.0	0.0	0.0	0.0	0.0
3.0	50.0	0.0	0.0	0.0	0.0
0.0	7.0	0.0	0.0	0.0	0.0
3.0	43.0	0.0	0.0	0.0	0.0
0.0	77.0	0.0	0.0	0.0	0.0
4.0	298.0	1.0	20.0	0.0	0.0
0.0	0.0	0.0	2.0	0.0	0.0
4.0	298.0	1.0	18.0	0.0	0.0
0.0	104.0	1.0	18.0	0.0	0.0
0.0	99.0	1.0	11.0	0.0	0.0
0.0	86.0	0.0	6.0	0.0	0.0
0.0	0.0	0.0	1.0	0.0	0.0
0.0	86.0	0.0	5.0	0.0	0.0
0.0	0.0	0.0	1.0	0.0	0.0
0.0	86.0	0.0	4.0	0.0	0.0
0.0	71.0	0.0	1.0	0.0	0.0
0.0	8.0	0.0	1.0	0.0	0.0
0.0	5.0	0.0	1.0	0.0	0.0
0.0	3.0	0.0	0.0	0.0	0.0
0.0	63.0	0.0	0.0	0.0	0.0
0.0	15.0	0.0	3.0	0.0	0.0
0.0	0.0	0.0	2.0	0.0	0.0
0.0	15.0	0.0	1.0	0.0	0.0
0.0	13.0	0.0	0.0	0.0	0.0
0.0	2.0	0.0	1.0	0.0	0.0
0.0	0.0	0.0	1.0	0.0	0.0
0.0	2.0	0.0	0.0	0.0	0.0
0.0	13.0	1.0	5.0	0.0	0.0
0.0	1.0	1.0	5.0	0.0	0.0
0.0	1.0	1.0	0.0	0.0	0.0
0.0	1.0	0.0	0.0	0.0	0.0
0.0	0.0	1.0	0.0	0.0	0.0
0.0	0.0	0.0	5.0	0.0	0.0
0.0	12.0	0.0	0.0	0.0	0.0
0.0	5.0	0.0	7.0	0.0	0.0
0.0	5.0	0.0	0.0	0.0	0.0
0.0	0.0	0.0	7.0	0.0	0.0
4.0	194.0	0.0	0.0	0.0	0.0
2.0	1.0	0.0	0.0	0.0	0.0
0.0	1.0	0.0	0.0	0.0	0.0
2.0	0.0	0.0	0.0	0.0	0.0
2.0	193.0	0.0	0.0	0.0	0.0
0.0	189.0	0.0	0.0	0.0	0.0
2.0	4.0	0.0	0.0	0.0	0.0
2.0	0.0	0.0	0.0	0.0	0.0
0.0	4.0	0.0	0.0	0.0	0.0
9.0	25.0	0.0	0.0	0.0	0.0
8.0	0.0	0.0	0.0	0.0	0.0
1.0	25.0	0.0	0.0	0.0	0.0
0.0	23.0	0.0	0.0	0.0	0.0
1.0	2.0	0.0	0.0	0.0	0.0
2.0	39.0	0.0	29.0	0.0	0.0
1.0	3.0	0.0	28.0	0.0	0.0
1.0	1.0	0.0	28.0	0.0	0.0
1.0	1.0	0.0	0.0	0.0	0.0
0.0	1.0	0.0	0.0	0.0	0.0
1.0	0.0	0.0	0.0	0.0	0.0
0.0	0.0	0.0	28.0	0.0	0.0
0.0	2.0	0.0	0.0	0.0	0.0
1.0	36.0	0.0	1.0	0.0	0.0
0.0	0.0	0.0	1.0	0.0	0.0
1.0	36.0	0.0	0.0	0.0	0.0
1.0	0.0	0.0	0.0	0.0	0.0
0.0	36.0	0.0	0.0	0.0	0.0
72.0	9.0	0.0	0.0	0.0	0.0
68.0	3.0	0.0	0.0	0.0	0.0
68.0	1.0	0.0	0.0	0.0	0.0
6.0	1.0	0.0	0.0	0.0	0.0
6.0	0.0	0.0	0.0	0.0	0.0
0.0	1.0	0.0	0.0	0.0	0.0
62.0	0.0	0.0	0.0	0.0	0.0
0.0	2.0	0.0	0.0	0.0	0.0
4.0	6.0	0.0	0.0	0.0	0.0
0.0	6.0	0.0	0.0	0.0	0.0
4.0	0.0	0.0	0.0	0.0	0.0
