# Sizes (NFeatures, Nclasses, NodeCount, MaxDepth)
10	6	281	16
# Classes
0.0	1.0	2.0	3.0	4.0	5.0
# Feature Names
Nrows	Ncols	Nnnz	AvgNnnz	Density	MaxRowNnnz	MinRowNnnz	StdRowNnnz	NDiags	NTrueDiags
# Left
1	2	3	4	5	6	7	8	-1	-1	-1	12	-1	14	-1	-1	17	18	-1	-1	21	22	23	-1	25	-1	-1	28	29	-1	31	-1	33	34	-1	-1	-1	38	39	40	41	42	-1	-1	-1	-1	47	-1	49	-1	-1	-1	53	54	55	-1	57	-1	-1	-1	61	62	-1	-1	65	-1	67	-1	69	70	71	72	-1	-1	-1	-1	-1	78	79	80	-1	-1	83	84	-1	86	-1	-1	89	90	91	92	-1	94	95	-1	-1	-1	99	100	-1	102	-1	104	-1	-1	107	108	-1	-1	111	112	113	114	-1	-1	-1	-1	119	-1	-1	-1	123	124	-1	-1	-1	128	129	130	-1	132	133	134	135	136	-1	-1	-1	140	-1	142	-1	-1	145	146	-1	-1	-1	150	-1	-1	153	154	-1	-1	-1	158	-1	160	-1	162	163	164	165	166	-1	-1	-1	-1	-1	-1	173	174	175	176	-1	-1	179	-1	181	-1	-1	184	-1	-1	187	-1	189	-1	-1	192	193	194	-1	196	197	198	-1	-1	201	202	203	204	-1	-1	207	208	209	-1	-1	-1	213	-1	215	216	-1	-1	-1	220	221	222	-1	224	225	-1	-1	-1	229	-1	-1	-1	233	-1	-1	236	237	238	-1	-1	-1	242	243	-1	-1	246	247	-1	-1	250	251	252	-1	-1	-1	-1	257	-1	-1	260	261	-1	263	-1	-1	266	267	-1	-1	270	-1	-1	273	274	-1	276	-1	-1	279	-1	-1
# Right
272	191	172	77	16	11	10	9	-1	-1	-1	13	-1	15	-1	-1	20	19	-1	-1	52	27	24	-1	26	-1	-1	37	30	-1	32	-1	36	35	-1	-1	-1	51	46	45	44	43	-1	-1	-1	-1	48	-1	50	-1	-1	-1	60	59	56	-1	58	-1	-1	-1	64	63	-1	-1	66	-1	68	-1	76	75	74	73	-1	-1	-1	-1	-1	127	82	81	-1	-1	88	85	-1	87	-1	-1	122	121	98	93	-1	97	96	-1	-1	-1	106	101	-1	103	-1	105	-1	-1	110	109	-1	-1	118	117	116	115	-1	-1	-1	-1	120	-1	-1	-1	126	125	-1	-1	-1	157	152	131	-1	149	144	139	138	137	-1	-1	-1	141	-1	143	-1	-1	148	147	-1	-1	-1	151	-1	-1	156	155	-1	-1	-1	159	-1	161	-1	171	170	169	168	167	-1	-1	-1	-1	-1	-1	186	183	178	177	-1	-1	180	-1	182	-1	-1	185	-1	-1	188	-1	190	-1	-1	259	256	195	-1	235	200	199	-1	-1	232	219	206	205	-1	-1	212	211	210	-1	-1	-1	214	-1	218	217	-1	-1	-1	231	228	223	-1	227	226	-1	-1	-1	230	-1	-1	-1	234	-1	-1	241	240	239	-1	-1	-1	245	244	-1	-1	249	248	-1	-1	255	254	253	-1	-1	-1	-1	258	-1	-1	265	262	-1	264	-1	-1	269	268	-1	-1	271	-1	-1	278	275	-1	277	-1	-1	280	-1	-1
# Threshold
16358.5	31.5	6577.0	664.0	10.0	142.5	89.0	57.0	-2.0	-2.0	-2.0	1.2987535297870636	-2.0	0.023792000021785498	-2.0	-2.0	0.10647950321435928	150.0	-2.0	-2.0	54.5	42.5	0.5698639899492264	-2.0	0.5	-2.0	-2.0	23.0	1.5	-2.0	0.6983755230903625	-2.0	15.015249729156494	98.0	-2.0	-2.0	-2.0	15.5	0.987436980009079	1563.5	0.07508200034499168	0.05432664975523949	-2.0	-2.0	-2.0	-2.0	436.0	-2.0	1.5	-2.0	-2.0	-2.0	148.5	8.699999809265137	3.536929965019226	-2.0	3.5	-2.0	-2.0	-2.0	4.5	1405.5	-2.0	-2.0	389.5	-2.0	406.5	-2.0	2192.0	1818.5	512.5	436.5	-2.0	-2.0	-2.0	-2.0	-2.0	17590.5	0.0003790394985117018	9500.5	-2.0	-2.0	714.5	88.5	-2.0	0.006314059952273965	-2.0	-2.0	20.5	4067.5	0.05389774776995182	950.0	-2.0	4.5	0.0016666650190018117	-2.0	-2.0	-2.0	9.0	3768.0	-2.0	0.004334000172093511	-2.0	0.004870320204645395	-2.0	-2.0	0.5	2.3857150077819824	-2.0	-2.0	12.0	7.5	3.5	3.5	-2.0	-2.0	-2.0	-2.0	175.0	-2.0	-2.0	-2.0	2.0	9.0	-2.0	-2.0	-2.0	249817.0	88441.5	1.5	-2.0	4.59737491607666	2.5470350980758667	5.824724912643433	1.6150100231170654	3.426514983177185	-2.0	-2.0	-2.0	20837.0	-2.0	9800.5	-2.0	-2.0	185.5	3.5	-2.0	-2.0	-2.0	0.018722299486398697	-2.0	-2.0	1.5	3.7898000329732895	-2.0	-2.0	-2.0	46.5	-2.0	13.5	-2.0	0.0009635685128159821	2870452.5	31.0	11.462349891662598	27.5	-2.0	-2.0	-2.0	-2.0	-2.0	-2.0	14.062950134277344	9.0	2.724334955215454	6.5	-2.0	-2.0	6.5	-2.0	7.234829899971373e-05	-2.0	-2.0	1410270.0	-2.0	-2.0	207878.5	-2.0	27.0	-2.0	-2.0	439708.5	9733.5	56.0	-2.0	59704.0	2.916319966316223	2.0	-2.0	-2.0	96.0	9646.5	2497.0	351.5	-2.0	-2.0	960.5	4.864875078201294	4.82787013053894	-2.0	-2.0	-2.0	997.0	-2.0	12912.5	6.201050043106079	-2.0	-2.0	-2.0	12240.5	14995.0	9823.5	-2.0	6739.5	5.5	-2.0	-2.0	-2.0	35.37464904785156	-2.0	-2.0	-2.0	105.0	-2.0	-2.0	6988.0	49.0	23.867645025253296	-2.0	-2.0	-2.0	4.58170485496521	1.5	-2.0	-2.0	39.5	8.51765489578247	-2.0	-2.0	73.5	617830.0	587941.0	-2.0	-2.0	-2.0	-2.0	0.00025923549401341006	-2.0	-2.0	85.5	346191.5	-2.0	26.0	-2.0	-2.0	4565430.0	7.566235069589311e-07	-2.0	-2.0	1531.5	-2.0	-2.0	5832150.0	79.38885116577148	-2.0	547.3569946289062	-2.0	-2.0	39.18200135231018	-2.0	-2.0
# Feature
5	5	8	0	8	2	2	2	-2	-2	-2	7	-2	4	-2	-2	7	2	-2	-2	8	0	7	-2	9	-2	-2	8	6	-2	7	-2	3	0	-2	-2	-2	5	7	2	4	4	-2	-2	-2	-2	1	-2	6	-2	-2	-2	1	3	3	-2	6	-2	-2	-2	5	2	-2	-2	0	-2	1	-2	2	2	1	0	-2	-2	-2	-2	-2	2	4	2	-2	-2	1	8	-2	4	-2	-2	5	8	7	1	-2	9	4	-2	-2	-2	8	2	-2	4	-2	4	-2	-2	9	7	-2	-2	9	5	9	6	-2	-2	-2	-2	8	-2	-2	-2	6	9	-2	-2	-2	2	2	9	-2	7	7	3	7	3	-2	-2	-2	2	-2	0	-2	-2	8	6	-2	-2	-2	4	-2	-2	6	7	-2	-2	-2	8	-2	5	-2	4	0	9	3	5	-2	-2	-2	-2	-2	-2	3	9	3	5	-2	-2	9	-2	4	-2	-2	1	-2	-2	8	-2	5	-2	-2	1	5	8	-2	1	3	9	-2	-2	9	8	2	1	-2	-2	5	3	3	-2	-2	-2	5	-2	2	3	-2	-2	-2	8	1	8	-2	0	6	-2	-2	-2	7	-2	-2	-2	9	-2	-2	8	5	3	-2	-2	-2	3	9	-2	-2	5	3	-2	-2	9	2	2	-2	-2	-2	-2	4	-2	-2	5	8	-2	9	-2	-2	8	4	-2	-2	5	-2	-2	8	3	-2	7	-2	-2	3	-2	-2
# Values
75.0	1247.0	59.0	280.0	19.0	1.0
16.0	1244.0	59.0	280.0	19.0	1.0
0.0	390.0	54.0	224.0	16.0	1.0
0.0	272.0	54.0	207.0	16.0	1.0
0.0	176.0	22.0	51.0	7.0	0.0
0.0	6.0	0.0	14.0	0.0	0.0
0.0	5.0	0.0	2.0	0.0	0.0
0.0	2.0	0.0	2.0	0.0	0.0
0.0	2.0	0.0	0.0	0.0	0.0
0.0	0.0	0.0	2.0	0.0	0.0
0.0	3.0	0.0	0.0	0.0	0.0
0.0	1.0	0.0	12.0	0.0	0.0
0.0	0.0	0.0	11.0	0.0	0.0
0.0	1.0	0.0	1.0	0.0	0.0
0.0	0.0	0.0	1.0	0.0	0.0
0.0	1.0	0.0	0.0	0.0	0.0
0.0	170.0	22.0	37.0	7.0	0.0
0.0	1.0	0.0	0.0	5.0	0.0
0.0	1.0	0.0	0.0	0.0	0.0
0.0	0.0	0.0	0.0	5.0	0.0
0.0	169.0	22.0	37.0	2.0	0.0
0.0	54.0	21.0	10.0	2.0	0.0
0.0	33.0	1.0	0.0	2.0	0.0
0.0	0.0	0.0	0.0	2.0	0.0
0.0	33.0	1.0	0.0	0.0	0.0
0.0	0.0	1.0	0.0	0.0	0.0
0.0	33.0	0.0	0.0	0.0	0.0
0.0	21.0	20.0	10.0	0.0	0.0
0.0	4.0	1.0	10.0	0.0	0.0
0.0	0.0	1.0	0.0	0.0	0.0
0.0	4.0	0.0	10.0	0.0	0.0
0.0	2.0	0.0	1.0	0.0	0.0
0.0	2.0	0.0	9.0	0.0	0.0
0.0	1.0	0.0	9.0	0.0	0.0
0.0	1.0	0.0	0.0	0.0	0.0
0.0	0.0	0.0	9.0	0.0	0.0
0.0	1.0	0.0	0.0	0.0	0.0
0.0	17.0	19.0	0.0	0.0	0.0
0.0	10.0	19.0	0.0	0.0	0.0
0.0	8.0	2.0	0.0	0.0	0.0
0.0	8.0	1.0	0.0	0.0	0.0
0.0	3.0	1.0	0.0	0.0	0.0
0.0	3.0	0.0	0.0	0.0	0.0
0.0	0.0	1.0	0.0	0.0	0.0
0.0	5.0	0.0	0.0	0.0	0.0
0.0	0.0	1.0	0.0	0.0	0.0
0.0	2.0	17.0	0.0	0.0	0.0
0.0	0.0	16.0	0.0	0.0	0.0
0.0	2.0	1.0	0.0	0.0	0.0
0.0	2.0	0.0	0.0	0.0	0.0
0.0	0.0	1.0	0.0	0.0	0.0
0.0	7.0	0.0	0.0	0.0	0.0
0.0	115.0	1.0	27.0	0.0	0.0
0.0	15.0	1.0	14.0	0.0	0.0
0.0	15.0	1.0	5.0	0.0	0.0
0.0	0.0	0.0	5.0	0.0	0.0
0.0	15.0	1.0	0.0	0.0	0.0
0.0	15.0	0.0	0.0	0.0	0.0
0.0	0.0	1.0	0.0	0.0	0.0
0.0	0.0	0.0	9.0	0.0	0.0
0.0	100.0	0.0	13.0	0.0	0.0
0.0	4.0	0.0	3.0	0.0	0.0
0.0	0.0	0.0	3.0	0.0	0.0
0.0	4.0	0.0	0.0	0.0	0.0
0.0	96.0	0.0	10.0	0.0	0.0
0.0	37.0	0.0	0.0	0.0	0.0
0.0	59.0	0.0	10.0	0.0	0.0
0.0	0.0	0.0	2.0	0.0	0.0
0.0	59.0	0.0	8.0	0.0	0.0
0.0	38.0	0.0	8.0	0.0	0.0
0.0	38.0	0.0	7.0	0.0	0.0
0.0	37.0	0.0	6.0	0.0	0.0
0.0	35.0	0.0	6.0	0.0	0.0
0.0	2.0	0.0	0.0	0.0	0.0
0.0	1.0	0.0	1.0	0.0	0.0
0.0	0.0	0.0	1.0	0.0	0.0
0.0	21.0	0.0	0.0	0.0	0.0
0.0	96.0	32.0	156.0	9.0	1.0
0.0	14.0	11.0	113.0	9.0	0.0
0.0	3.0	0.0	0.0	5.0	0.0
0.0	0.0	0.0	0.0	5.0	0.0
0.0	3.0	0.0	0.0	0.0	0.0
0.0	11.0	11.0	113.0	4.0	0.0
0.0	1.0	5.0	2.0	0.0	0.0
0.0	0.0	5.0	0.0	0.0	0.0
0.0	1.0	0.0	2.0	0.0	0.0
0.0	1.0	0.0	0.0	0.0	0.0
0.0	0.0	0.0	2.0	0.0	0.0
0.0	10.0	6.0	111.0	4.0	0.0
0.0	6.0	5.0	108.0	4.0	0.0
0.0	4.0	5.0	108.0	4.0	0.0
0.0	0.0	1.0	5.0	4.0	0.0
0.0	0.0	0.0	0.0	3.0	0.0
0.0	0.0	1.0	5.0	1.0	0.0
0.0	0.0	0.0	5.0	1.0	0.0
0.0	0.0	0.0	3.0	0.0	0.0
0.0	0.0	0.0	2.0	1.0	0.0
0.0	0.0	1.0	0.0	0.0	0.0
0.0	4.0	4.0	103.0	0.0	0.0
0.0	0.0	4.0	27.0	0.0	0.0
0.0	0.0	2.0	4.0	0.0	0.0
0.0	0.0	2.0	23.0	0.0	0.0
0.0	0.0	0.0	14.0	0.0	0.0
0.0	0.0	2.0	9.0	0.0	0.0
0.0	0.0	2.0	4.0	0.0	0.0
0.0	0.0	0.0	5.0	0.0	0.0
0.0	4.0	0.0	76.0	0.0	0.0
0.0	2.0	0.0	9.0	0.0	0.0
0.0	0.0	0.0	9.0	0.0	0.0
0.0	2.0	0.0	0.0	0.0	0.0
0.0	2.0	0.0	67.0	0.0	0.0
0.0	1.0	0.0	62.0	0.0	0.0
0.0	1.0	0.0	17.0	0.0	0.0
0.0	1.0	0.0	4.0	0.0	0.0
0.0	0.0	0.0	4.0	0.0	0.0
0.0	1.0	0.0	0.0	0.0	0.0
0.0	0.0	0.0	13.0	0.0	0.0
0.0	0.0	0.0	45.0	0.0	0.0
0.0	1.0	0.0	5.0	0.0	0.0
0.0	0.0	0.0	5.0	0.0	0.0
0.0	1.0	0.0	0.0	0.0	0.0
0.0	2.0	0.0	0.0	0.0	0.0
0.0	4.0	1.0	3.0	0.0	0.0
0.0	0.0	1.0	3.0	0.0	0.0
0.0	0.0	0.0	3.0	0.0	0.0
0.0	0.0	1.0	0.0	0.0	0.0
0.0	4.0	0.0	0.0	0.0	0.0
0.0	82.0	21.0	43.0	0.0	1.0
0.0	71.0	6.0	20.0	0.0	0.0
0.0	40.0	5.0	20.0	0.0	0.0
0.0	14.0	0.0	0.0	0.0	0.0
0.0	26.0	5.0	20.0	0.0	0.0
0.0	17.0	5.0	19.0	0.0	0.0
0.0	16.0	3.0	9.0	0.0	0.0
0.0	2.0	2.0	7.0	0.0	0.0
0.0	2.0	0.0	7.0	0.0	0.0
0.0	2.0	0.0	0.0	0.0	0.0
0.0	0.0	0.0	7.0	0.0	0.0
0.0	0.0	2.0	0.0	0.0	0.0
0.0	14.0	1.0	2.0	0.0	0.0
0.0	0.0	0.0	1.0	0.0	0.0
0.0	14.0	1.0	1.0	0.0	0.0
0.0	13.0	0.0	0.0	0.0	0.0
0.0	1.0	1.0	1.0	0.0	0.0
0.0	1.0	2.0	10.0	0.0	0.0
0.0	1.0	2.0	0.0	0.0	0.0
0.0	1.0	0.0	0.0	0.0	0.0
0.0	0.0	2.0	0.0	0.0	0.0
0.0	0.0	0.0	10.0	0.0	0.0
0.0	9.0	0.0	1.0	0.0	0.0
0.0	9.0	0.0	0.0	0.0	0.0
0.0	0.0	0.0	1.0	0.0	0.0
0.0	31.0	1.0	0.0	0.0	0.0
0.0	3.0	1.0	0.0	0.0	0.0
0.0	1.0	1.0	0.0	0.0	0.0
0.0	2.0	0.0	0.0	0.0	0.0
0.0	28.0	0.0	0.0	0.0	0.0
0.0	11.0	15.0	23.0	0.0	1.0
0.0	0.0	15.0	0.0	0.0	0.0
0.0	11.0	0.0	23.0	0.0	1.0
0.0	7.0	0.0	0.0	0.0	0.0
0.0	4.0	0.0	23.0	0.0	1.0
0.0	2.0	0.0	23.0	0.0	1.0
0.0	2.0	0.0	23.0	0.0	0.0
0.0	1.0	0.0	23.0	0.0	0.0
0.0	1.0	0.0	2.0	0.0	0.0
0.0	0.0	0.0	2.0	0.0	0.0
0.0	1.0	0.0	0.0	0.0	0.0
0.0	0.0	0.0	21.0	0.0	0.0
0.0	1.0	0.0	0.0	0.0	0.0
0.0	0.0	0.0	0.0	0.0	1.0
0.0	2.0	0.0	0.0	0.0	0.0
0.0	118.0	0.0	17.0	0.0	0.0
0.0	116.0	0.0	6.0	0.0	0.0
0.0	113.0	0.0	3.0	0.0	0.0
0.0	7.0	0.0	2.0	0.0	0.0
0.0	0.0	0.0	2.0	0.0	0.0
0.0	7.0	0.0	0.0	0.0	0.0
0.0	106.0	0.0	1.0	0.0	0.0
0.0	101.0	0.0	0.0	0.0	0.0
0.0	5.0	0.0	1.0	0.0	0.0
0.0	5.0	0.0	0.0	0.0	0.0
0.0	0.0	0.0	1.0	0.0	0.0
0.0	3.0	0.0	3.0	0.0	0.0
0.0	0.0	0.0	3.0	0.0	0.0
0.0	3.0	0.0	0.0	0.0	0.0
0.0	2.0	0.0	11.0	0.0	0.0
0.0	0.0	0.0	9.0	0.0	0.0
0.0	2.0	0.0	2.0	0.0	0.0
0.0	2.0	0.0	0.0	0.0	0.0
0.0	0.0	0.0	2.0	0.0	0.0
16.0	854.0	5.0	56.0	3.0	0.0
15.0	820.0	5.0	26.0	0.0	0.0
7.0	809.0	5.0	26.0	0.0	0.0
0.0	0.0	2.0	0.0	0.0	0.0
7.0	809.0	3.0	26.0	0.0	0.0
2.0	680.0	3.0	11.0	0.0	0.0
0.0	8.0	0.0	2.0	0.0	0.0
0.0	8.0	0.0	0.0	0.0	0.0
0.0	0.0	0.0	2.0	0.0	0.0
2.0	672.0	3.0	9.0	0.0	0.0
2.0	651.0	0.0	9.0	0.0	0.0
1.0	523.0	0.0	3.0	0.0	0.0
0.0	17.0	0.0	1.0	0.0	0.0
0.0	17.0	0.0	0.0	0.0	0.0
0.0	0.0	0.0	1.0	0.0	0.0
1.0	506.0	0.0	2.0	0.0	0.0
0.0	427.0	0.0	1.0	0.0	0.0
0.0	65.0	0.0	1.0	0.0	0.0
0.0	28.0	0.0	0.0	0.0	0.0
0.0	37.0	0.0	1.0	0.0	0.0
0.0	362.0	0.0	0.0	0.0	0.0
1.0	79.0	0.0	1.0	0.0	0.0
0.0	0.0	0.0	1.0	0.0	0.0
1.0	79.0	0.0	0.0	0.0	0.0
1.0	43.0	0.0	0.0	0.0	0.0
0.0	5.0	0.0	0.0	0.0	0.0
1.0	38.0	0.0	0.0	0.0	0.0
0.0	36.0	0.0	0.0	0.0	0.0
1.0	128.0	0.0	6.0	0.0	0.0
1.0	19.0	0.0	6.0	0.0	0.0
1.0	17.0	0.0	1.0	0.0	0.0
0.0	0.0	0.0	1.0	0.0	0.0
1.0	17.0	0.0	0.0	0.0	0.0
1.0	1.0	0.0	0.0	0.0	0.0
1.0	0.0	0.0	0.0	0.0	0.0
0.0	1.0	0.0	0.0	0.0	0.0
0.0	16.0	0.0	0.0	0.0	0.0
0.0	2.0	0.0	5.0	0.0	0.0
0.0	0.0	0.0	5.0	0.0	0.0
0.0	2.0	0.0	0.0	0.0	0.0
0.0	109.0	0.0	0.0	0.0	0.0
0.0	21.0	3.0	0.0	0.0	0.0
0.0	0.0	3.0	0.0	0.0	0.0
0.0	21.0	0.0	0.0	0.0	0.0
5.0	129.0	0.0	15.0	0.0	0.0
0.0	2.0	0.0	9.0	0.0	0.0
0.0	2.0	0.0	1.0	0.0	0.0
0.0	1.0	0.0	0.0	0.0	0.0
0.0	1.0	0.0	1.0	0.0	0.0
0.0	0.0	0.0	8.0	0.0	0.0
5.0	127.0	0.0	6.0	0.0	0.0
5.0	3.0	0.0	0.0	0.0	0.0
0.0	3.0	0.0	0.0	0.0	0.0
5.0	0.0	0.0	0.0	0.0	0.0
0.0	124.0	0.0	6.0	0.0	0.0
0.0	1.0	0.0	3.0	0.0	0.0
0.0	1.0	0.0	0.0	0.0	0.0
0.0	0.0	0.0	3.0	0.0	0.0
0.0	123.0	0.0	3.0	0.0	0.0
0.0	123.0	0.0	2.0	0.0	0.0
0.0	12.0	0.0	2.0	0.0	0.0
0.0	12.0	0.0	0.0	0.0	0.0
0.0	0.0	0.0	2.0	0.0	0.0
0.0	111.0	0.0	0.0	0.0	0.0
0.0	0.0	0.0	1.0	0.0	0.0
8.0	11.0	0.0	0.0	0.0	0.0
8.0	0.0	0.0	0.0	0.0	0.0
0.0	11.0	0.0	0.0	0.0	0.0
1.0	34.0	0.0	30.0	3.0	0.0
0.0	2.0	0.0	30.0	0.0	0.0
0.0	0.0	0.0	29.0	0.0	0.0
0.0	2.0	0.0	1.0	0.0	0.0
0.0	2.0	0.0	0.0	0.0	0.0
0.0	0.0	0.0	1.0	0.0	0.0
1.0	32.0	0.0	0.0	3.0	0.0
1.0	31.0	0.0	0.0	0.0	0.0
1.0	0.0	0.0	0.0	0.0	0.0
0.0	31.0	0.0	0.0	0.0	0.0
0.0	1.0	0.0	0.0	3.0	0.0
0.0	0.0	0.0	0.0	3.0	0.0
0.0	1.0	0.0	0.0	0.0	0.0
59.0	3.0	0.0	0.0	0.0	0.0
58.0	1.0	0.0	0.0	0.0	0.0
50.0	0.0	0.0	0.0	0.0	0.0
8.0	1.0	0.0	0.0	0.0	0.0
0.0	1.0	0.0	0.0	0.0	0.0
8.0	0.0	0.0	0.0	0.0	0.0
1.0	2.0	0.0	0.0	0.0	0.0
1.0	0.0	0.0	0.0	0.0	0.0
0.0	2.0	0.0	0.0	0.0	0.0
