# Sizes (NFeatures, Nclasses, NodeCount, MaxDepth)
10	6	283	15
# Classes
0.0	1.0	2.0	3.0	4.0	5.0
# Feature Names
Nrows	Ncols	Nnnz	AvgNnnz	Density	MaxRowNnnz	MinRowNnnz	StdRowNnnz	NDiags	NTrueDiags
# Left
1	2	3	4	5	6	7	-1	9	-1	11	-1	-1	-1	15	16	17	18	-1	-1	-1	22	-1	-1	25	-1	27	28	-1	30	-1	-1	-1	34	35	36	37	38	-1	-1	-1	-1	43	44	45	-1	47	48	-1	-1	-1	-1	53	-1	-1	-1	57	58	59	60	61	-1	63	64	-1	-1	67	-1	69	-1	-1	72	-1	-1	75	76	77	78	-1	-1	-1	-1	83	-1	-1	86	87	88	89	-1	-1	-1	93	-1	95	-1	97	98	-1	100	-1	-1	-1	-1	105	106	107	108	109	-1	111	112	-1	-1	-1	116	-1	-1	119	120	-1	-1	123	124	125	-1	127	-1	-1	130	-1	132	-1	134	-1	136	137	-1	-1	-1	-1	142	143	144	145	-1	-1	-1	149	-1	-1	152	-1	154	155	156	-1	-1	-1	-1	161	162	163	-1	-1	166	167	168	-1	-1	171	172	-1	-1	175	-1	177	-1	-1	180	181	182	-1	-1	-1	186	-1	-1	189	190	-1	192	193	-1	195	-1	-1	-1	199	200	201	-1	-1	-1	-1	206	207	208	209	210	211	212	213	214	215	-1	-1	-1	219	220	-1	222	-1	-1	225	226	227	-1	-1	-1	-1	-1	233	-1	-1	-1	237	-1	239	-1	241	242	-1	244	245	-1	-1	-1	249	-1	-1	252	253	254	-1	-1	-1	-1	259	-1	-1	262	263	-1	265	-1	-1	268	-1	270	271	-1	273	-1	-1	-1	277	-1	279	-1	281	-1	-1
# Right
276	205	56	33	14	13	8	-1	10	-1	12	-1	-1	-1	24	21	20	19	-1	-1	-1	23	-1	-1	26	-1	32	29	-1	31	-1	-1	-1	55	42	41	40	39	-1	-1	-1	-1	52	51	46	-1	50	49	-1	-1	-1	-1	54	-1	-1	-1	104	85	74	71	62	-1	66	65	-1	-1	68	-1	70	-1	-1	73	-1	-1	82	81	80	79	-1	-1	-1	-1	84	-1	-1	103	92	91	90	-1	-1	-1	94	-1	96	-1	102	99	-1	101	-1	-1	-1	-1	160	141	118	115	110	-1	114	113	-1	-1	-1	117	-1	-1	122	121	-1	-1	140	129	126	-1	128	-1	-1	131	-1	133	-1	135	-1	139	138	-1	-1	-1	-1	151	148	147	146	-1	-1	-1	150	-1	-1	153	-1	159	158	157	-1	-1	-1	-1	188	165	164	-1	-1	179	170	169	-1	-1	174	173	-1	-1	176	-1	178	-1	-1	185	184	183	-1	-1	-1	187	-1	-1	198	191	-1	197	194	-1	196	-1	-1	-1	204	203	202	-1	-1	-1	-1	261	258	251	236	235	232	231	218	217	216	-1	-1	-1	224	221	-1	223	-1	-1	230	229	228	-1	-1	-1	-1	-1	234	-1	-1	-1	238	-1	240	-1	248	243	-1	247	246	-1	-1	-1	250	-1	-1	257	256	255	-1	-1	-1	-1	260	-1	-1	267	264	-1	266	-1	-1	269	-1	275	272	-1	274	-1	-1	-1	278	-1	280	-1	282	-1	-1
# Threshold
16358.5	31.5	12.0	3001.0	201.0	0.45360100269317627	135.0	-2.0	10.0	-2.0	7.818419933319092	-2.0	-2.0	-2.0	5156.5	1.4746560156345367	0.0016429249662905931	945.5	-2.0	-2.0	-2.0	300.0	-2.0	-2.0	7648.0	-2.0	5.0	6.5	-2.0	2500.0	-2.0	-2.0	-2.0	264972.5	4.5	0.00047222201828844845	12719.5	0.00042222200136166066	-2.0	-2.0	-2.0	-2.0	10.0	8.438975095748901	0.08260244689881802	-2.0	6.0	198404.0	-2.0	-2.0	-2.0	-2.0	0.595938503742218	-2.0	-2.0	-2.0	71.5	0.032929799519479275	54.5	4.956295013427734	2.916664958000183	-2.0	20.0	1.9984199404716492	-2.0	-2.0	7.0	-2.0	169824.5	-2.0	-2.0	16279.5	-2.0	-2.0	635698.5	5.293215036392212	2.5	11.5	-2.0	-2.0	-2.0	-2.0	22.5	-2.0	-2.0	360.0	5.838099956512451	0.036398449912667274	48.0	-2.0	-2.0	-2.0	6.235605001449585	-2.0	18.0	-2.0	64.0	0.17190399765968323	-2.0	280.0	-2.0	-2.0	-2.0	-2.0	20837.0	664.0	150.0	120.5	54.0	-2.0	2.2543299198150635	78.5	-2.0	-2.0	-2.0	85.5	-2.0	-2.0	4.5	433.5	-2.0	-2.0	11.5	389.5	232.0	-2.0	2.0	-2.0	-2.0	11.5	-2.0	12.5	-2.0	161.0	-2.0	13.5	0.013360579498112202	-2.0	-2.0	-2.0	-2.0	2.0996349453926086	0.009178454987704754	0.5	3028.0	-2.0	-2.0	-2.0	14.0	-2.0	-2.0	5710.5	-2.0	26.0	6690.0	18.5	-2.0	-2.0	-2.0	-2.0	10.254549980163574	390.5	242.0	-2.0	-2.0	6.5	0.001544079976156354	0.5	-2.0	-2.0	1299.0	1231.0	-2.0	-2.0	0.000715738016879186	-2.0	0.0007545650005340576	-2.0	-2.0	2.792340040206909	9.669010162353516	0.439347505569458	-2.0	-2.0	-2.0	10.5	-2.0	-2.0	0.0007934024906717241	0.8707054853439331	-2.0	2457410.0	857237.0	-2.0	1328.5	-2.0	-2.0	-2.0	43428.0	26.0	7.0	-2.0	-2.0	-2.0	-2.0	477589.5	4897.0	3489500.0	63.5	26.319050788879395	45382.5	36.0	34.5	11.217639923095703	2804.5	-2.0	-2.0	-2.0	84.0	9.0	-2.0	41.53289985656738	-2.0	-2.0	36.5	4.01308012008667	71814.0	-2.0	-2.0	-2.0	-2.0	-2.0	3.5	-2.0	-2.0	-2.0	106.0	-2.0	0.0034212350146844983	-2.0	16374.0	0.003429895034059882	-2.0	8.726685047149658	8.469719886779785	-2.0	-2.0	-2.0	16521.0	-2.0	-2.0	4326870.0	154.5	2506.0	-2.0	-2.0	-2.0	-2.0	9.825200080871582	-2.0	-2.0	72.5	1685107.5	-2.0	30098630.0	-2.0	-2.0	7.29366519180985e-07	-2.0	313806496.0	122734500.0	-2.0	1531.5	-2.0	-2.0	-2.0	44132.5	-2.0	208226504.0	-2.0	0.0039050439054335584	-2.0	-2.0
# Feature
5	5	8	1	2	4	2	-2	8	-2	3	-2	-2	-2	2	7	4	0	-2	-2	-2	1	-2	-2	2	-2	5	8	-2	1	-2	-2	-2	2	5	4	1	4	-2	-2	-2	-2	8	3	7	-2	8	2	-2	-2	-2	-2	7	-2	-2	-2	8	4	8	7	3	-2	8	7	-2	-2	6	-2	2	-2	-2	2	-2	-2	2	7	6	9	-2	-2	-2	-2	5	-2	-2	0	3	4	8	-2	-2	-2	3	-2	8	-2	8	4	-2	2	-2	-2	-2	-2	2	1	0	8	0	-2	7	1	-2	-2	-2	0	-2	-2	5	1	-2	-2	6	0	8	-2	9	-2	-2	5	-2	5	-2	8	-2	5	4	-2	-2	-2	-2	7	4	6	0	-2	-2	-2	9	-2	-2	2	-2	5	2	5	-2	-2	-2	-2	3	8	8	-2	-2	9	7	9	-2	-2	8	8	-2	-2	4	-2	4	-2	-2	7	3	7	-2	-2	-2	5	-2	-2	4	7	-2	2	2	-2	8	-2	-2	-2	2	5	6	-2	-2	-2	-2	0	5	2	5	7	8	6	5	7	2	-2	-2	-2	8	6	-2	3	-2	-2	5	7	2	-2	-2	-2	-2	-2	6	-2	-2	-2	8	-2	4	-2	1	4	-2	7	7	-2	-2	-2	0	-2	-2	2	5	8	-2	-2	-2	-2	3	-2	-2	5	8	-2	1	-2	-2	4	-2	2	2	-2	5	-2	-2	-2	8	-2	2	-2	4	-2	-2
# Values
76.0	1269.0	51.0	271.0	13.0	1.0
25.0	1267.0	51.0	271.0	13.0	1.0
2.0	386.0	49.0	218.0	11.0	1.0
2.0	30.0	18.0	68.0	8.0	0.0
2.0	11.0	3.0	64.0	3.0	0.0
2.0	9.0	0.0	3.0	0.0	0.0
0.0	9.0	0.0	3.0	0.0	0.0
0.0	6.0	0.0	0.0	0.0	0.0
0.0	3.0	0.0	3.0	0.0	0.0
0.0	0.0	0.0	2.0	0.0	0.0
0.0	3.0	0.0	1.0	0.0	0.0
0.0	3.0	0.0	0.0	0.0	0.0
0.0	0.0	0.0	1.0	0.0	0.0
2.0	0.0	0.0	0.0	0.0	0.0
0.0	2.0	3.0	61.0	3.0	0.0
0.0	2.0	0.0	51.0	1.0	0.0
0.0	0.0	0.0	48.0	1.0	0.0
0.0	0.0	0.0	8.0	1.0	0.0
0.0	0.0	0.0	0.0	1.0	0.0
0.0	0.0	0.0	8.0	0.0	0.0
0.0	0.0	0.0	40.0	0.0	0.0
0.0	2.0	0.0	3.0	0.0	0.0
0.0	2.0	0.0	0.0	0.0	0.0
0.0	0.0	0.0	3.0	0.0	0.0
0.0	0.0	3.0	10.0	2.0	0.0
0.0	0.0	2.0	0.0	0.0	0.0
0.0	0.0	1.0	10.0	2.0	0.0
0.0	0.0	1.0	2.0	2.0	0.0
0.0	0.0	1.0	0.0	0.0	0.0
0.0	0.0	0.0	2.0	2.0	0.0
0.0	0.0	0.0	1.0	2.0	0.0
0.0	0.0	0.0	1.0	0.0	0.0
0.0	0.0	0.0	8.0	0.0	0.0
0.0	19.0	15.0	4.0	5.0	0.0
0.0	19.0	8.0	4.0	5.0	0.0
0.0	1.0	4.0	1.0	5.0	0.0
0.0	1.0	0.0	1.0	5.0	0.0
0.0	0.0	0.0	1.0	5.0	0.0
0.0	0.0	0.0	0.0	5.0	0.0
0.0	0.0	0.0	1.0	0.0	0.0
0.0	1.0	0.0	0.0	0.0	0.0
0.0	0.0	4.0	0.0	0.0	0.0
0.0	18.0	4.0	3.0	0.0	0.0
0.0	16.0	4.0	0.0	0.0	0.0
0.0	15.0	2.0	0.0	0.0	0.0
0.0	0.0	1.0	0.0	0.0	0.0
0.0	15.0	1.0	0.0	0.0	0.0
0.0	4.0	1.0	0.0	0.0	0.0
0.0	2.0	1.0	0.0	0.0	0.0
0.0	2.0	0.0	0.0	0.0	0.0
0.0	11.0	0.0	0.0	0.0	0.0
0.0	1.0	2.0	0.0	0.0	0.0
0.0	2.0	0.0	3.0	0.0	0.0
0.0	2.0	0.0	0.0	0.0	0.0
0.0	0.0	0.0	3.0	0.0	0.0
0.0	0.0	7.0	0.0	0.0	0.0
0.0	356.0	31.0	150.0	3.0	1.0
0.0	56.0	31.0	9.0	0.0	1.0
0.0	13.0	25.0	3.0	0.0	1.0
0.0	6.0	24.0	1.0	0.0	0.0
0.0	3.0	23.0	1.0	0.0	0.0
0.0	2.0	0.0	0.0	0.0	0.0
0.0	1.0	23.0	1.0	0.0	0.0
0.0	1.0	2.0	0.0	0.0	0.0
0.0	1.0	0.0	0.0	0.0	0.0
0.0	0.0	2.0	0.0	0.0	0.0
0.0	0.0	21.0	1.0	0.0	0.0
0.0	0.0	17.0	0.0	0.0	0.0
0.0	0.0	4.0	1.0	0.0	0.0
0.0	0.0	0.0	1.0	0.0	0.0
0.0	0.0	4.0	0.0	0.0	0.0
0.0	3.0	1.0	0.0	0.0	0.0
0.0	0.0	1.0	0.0	0.0	0.0
0.0	3.0	0.0	0.0	0.0	0.0
0.0	7.0	1.0	2.0	0.0	1.0
0.0	7.0	1.0	1.0	0.0	0.0
0.0	7.0	1.0	0.0	0.0	0.0
0.0	1.0	1.0	0.0	0.0	0.0
0.0	1.0	0.0	0.0	0.0	0.0
0.0	0.0	1.0	0.0	0.0	0.0
0.0	6.0	0.0	0.0	0.0	0.0
0.0	0.0	0.0	1.0	0.0	0.0
0.0	0.0	0.0	1.0	0.0	1.0
0.0	0.0	0.0	0.0	0.0	1.0
0.0	0.0	0.0	1.0	0.0	0.0
0.0	43.0	6.0	6.0	0.0	0.0
0.0	43.0	4.0	6.0	0.0	0.0
0.0	26.0	1.0	0.0	0.0	0.0
0.0	5.0	1.0	0.0	0.0	0.0
0.0	5.0	0.0	0.0	0.0	0.0
0.0	0.0	1.0	0.0	0.0	0.0
0.0	21.0	0.0	0.0	0.0	0.0
0.0	17.0	3.0	6.0	0.0	0.0
0.0	0.0	0.0	4.0	0.0	0.0
0.0	17.0	3.0	2.0	0.0	0.0
0.0	0.0	0.0	2.0	0.0	0.0
0.0	17.0	3.0	0.0	0.0	0.0
0.0	16.0	1.0	0.0	0.0	0.0
0.0	13.0	0.0	0.0	0.0	0.0
0.0	3.0	1.0	0.0	0.0	0.0
0.0	3.0	0.0	0.0	0.0	0.0
0.0	0.0	1.0	0.0	0.0	0.0
0.0	1.0	2.0	0.0	0.0	0.0
0.0	0.0	2.0	0.0	0.0	0.0
0.0	300.0	0.0	141.0	3.0	0.0
0.0	116.0	0.0	97.0	1.0	0.0
0.0	101.0	0.0	33.0	1.0	0.0
0.0	9.0	0.0	13.0	0.0	0.0
0.0	8.0	0.0	4.0	0.0	0.0
0.0	0.0	0.0	2.0	0.0	0.0
0.0	8.0	0.0	2.0	0.0	0.0
0.0	1.0	0.0	2.0	0.0	0.0
0.0	1.0	0.0	0.0	0.0	0.0
0.0	0.0	0.0	2.0	0.0	0.0
0.0	7.0	0.0	0.0	0.0	0.0
0.0	1.0	0.0	9.0	0.0	0.0
0.0	1.0	0.0	0.0	0.0	0.0
0.0	0.0	0.0	9.0	0.0	0.0
0.0	92.0	0.0	20.0	1.0	0.0
0.0	2.0	0.0	4.0	0.0	0.0
0.0	0.0	0.0	4.0	0.0	0.0
0.0	2.0	0.0	0.0	0.0	0.0
0.0	90.0	0.0	16.0	1.0	0.0
0.0	90.0	0.0	16.0	0.0	0.0
0.0	36.0	0.0	1.0	0.0	0.0
0.0	27.0	0.0	0.0	0.0	0.0
0.0	9.0	0.0	1.0	0.0	0.0
0.0	4.0	0.0	0.0	0.0	0.0
0.0	5.0	0.0	1.0	0.0	0.0
0.0	54.0	0.0	15.0	0.0	0.0
0.0	10.0	0.0	0.0	0.0	0.0
0.0	44.0	0.0	15.0	0.0	0.0
0.0	0.0	0.0	2.0	0.0	0.0
0.0	44.0	0.0	13.0	0.0	0.0
0.0	0.0	0.0	1.0	0.0	0.0
0.0	44.0	0.0	12.0	0.0	0.0
0.0	37.0	0.0	12.0	0.0	0.0
0.0	37.0	0.0	11.0	0.0	0.0
0.0	0.0	0.0	1.0	0.0	0.0
0.0	7.0	0.0	0.0	0.0	0.0
0.0	0.0	0.0	0.0	1.0	0.0
0.0	15.0	0.0	64.0	0.0	0.0
0.0	2.0	0.0	55.0	0.0	0.0
0.0	1.0	0.0	54.0	0.0	0.0
0.0	1.0	0.0	5.0	0.0	0.0
0.0	1.0	0.0	3.0	0.0	0.0
0.0	0.0	0.0	2.0	0.0	0.0
0.0	0.0	0.0	49.0	0.0	0.0
0.0	1.0	0.0	1.0	0.0	0.0
0.0	1.0	0.0	0.0	0.0	0.0
0.0	0.0	0.0	1.0	0.0	0.0
0.0	13.0	0.0	9.0	0.0	0.0
0.0	0.0	0.0	4.0	0.0	0.0
0.0	13.0	0.0	5.0	0.0	0.0
0.0	13.0	0.0	2.0	0.0	0.0
0.0	2.0	0.0	2.0	0.0	0.0
0.0	0.0	0.0	2.0	0.0	0.0
0.0	2.0	0.0	0.0	0.0	0.0
0.0	11.0	0.0	0.0	0.0	0.0
0.0	0.0	0.0	3.0	0.0	0.0
0.0	184.0	0.0	44.0	2.0	0.0
0.0	159.0	0.0	10.0	2.0	0.0
0.0	4.0	0.0	3.0	0.0	0.0
0.0	4.0	0.0	0.0	0.0	0.0
0.0	0.0	0.0	3.0	0.0	0.0
0.0	155.0	0.0	7.0	2.0	0.0
0.0	143.0	0.0	3.0	2.0	0.0
0.0	3.0	0.0	0.0	2.0	0.0
0.0	3.0	0.0	0.0	0.0	0.0
0.0	0.0	0.0	0.0	2.0	0.0
0.0	140.0	0.0	3.0	0.0	0.0
0.0	18.0	0.0	2.0	0.0	0.0
0.0	18.0	0.0	0.0	0.0	0.0
0.0	0.0	0.0	2.0	0.0	0.0
0.0	122.0	0.0	1.0	0.0	0.0
0.0	112.0	0.0	0.0	0.0	0.0
0.0	10.0	0.0	1.0	0.0	0.0
0.0	0.0	0.0	1.0	0.0	0.0
0.0	10.0	0.0	0.0	0.0	0.0
0.0	12.0	0.0	4.0	0.0	0.0
0.0	11.0	0.0	2.0	0.0	0.0
0.0	11.0	0.0	1.0	0.0	0.0
0.0	0.0	0.0	1.0	0.0	0.0
0.0	11.0	0.0	0.0	0.0	0.0
0.0	0.0	0.0	1.0	0.0	0.0
0.0	1.0	0.0	2.0	0.0	0.0
0.0	1.0	0.0	0.0	0.0	0.0
0.0	0.0	0.0	2.0	0.0	0.0
0.0	25.0	0.0	34.0	0.0	0.0
0.0	7.0	0.0	32.0	0.0	0.0
0.0	2.0	0.0	0.0	0.0	0.0
0.0	5.0	0.0	32.0	0.0	0.0
0.0	5.0	0.0	12.0	0.0	0.0
0.0	0.0	0.0	11.0	0.0	0.0
0.0	5.0	0.0	1.0	0.0	0.0
0.0	0.0	0.0	1.0	0.0	0.0
0.0	5.0	0.0	0.0	0.0	0.0
0.0	0.0	0.0	20.0	0.0	0.0
0.0	18.0	0.0	2.0	0.0	0.0
0.0	2.0	0.0	2.0	0.0	0.0
0.0	1.0	0.0	2.0	0.0	0.0
0.0	0.0	0.0	2.0	0.0	0.0
0.0	1.0	0.0	0.0	0.0	0.0
0.0	1.0	0.0	0.0	0.0	0.0
0.0	16.0	0.0	0.0	0.0	0.0
23.0	881.0	2.0	53.0	2.0	0.0
19.0	852.0	2.0	30.0	0.0	0.0
4.0	812.0	2.0	30.0	0.0	0.0
4.0	760.0	1.0	19.0	0.0	0.0
0.0	226.0	0.0	15.0	0.0	0.0
0.0	226.0	0.0	12.0	0.0	0.0
0.0	220.0	0.0	8.0	0.0	0.0
0.0	220.0	0.0	7.0	0.0	0.0
0.0	28.0	0.0	4.0	0.0	0.0
0.0	28.0	0.0	2.0	0.0	0.0
0.0	0.0	0.0	2.0	0.0	0.0
0.0	28.0	0.0	0.0	0.0	0.0
0.0	0.0	0.0	2.0	0.0	0.0
0.0	192.0	0.0	3.0	0.0	0.0
0.0	4.0	0.0	1.0	0.0	0.0
0.0	1.0	0.0	0.0	0.0	0.0
0.0	3.0	0.0	1.0	0.0	0.0
0.0	2.0	0.0	1.0	0.0	0.0
0.0	1.0	0.0	0.0	0.0	0.0
0.0	188.0	0.0	2.0	0.0	0.0
0.0	61.0	0.0	2.0	0.0	0.0
0.0	46.0	0.0	2.0	0.0	0.0
0.0	45.0	0.0	2.0	0.0	0.0
0.0	1.0	0.0	0.0	0.0	0.0
0.0	15.0	0.0	0.0	0.0	0.0
0.0	127.0	0.0	0.0	0.0	0.0
0.0	0.0	0.0	1.0	0.0	0.0
0.0	6.0	0.0	4.0	0.0	0.0
0.0	0.0	0.0	4.0	0.0	0.0
0.0	6.0	0.0	0.0	0.0	0.0
0.0	0.0	0.0	3.0	0.0	0.0
4.0	534.0	1.0	4.0	0.0	0.0
0.0	0.0	1.0	0.0	0.0	0.0
4.0	534.0	0.0	4.0	0.0	0.0
0.0	325.0	0.0	0.0	0.0	0.0
4.0	209.0	0.0	4.0	0.0	0.0
4.0	204.0	0.0	2.0	0.0	0.0
4.0	44.0	0.0	0.0	0.0	0.0
0.0	160.0	0.0	2.0	0.0	0.0
0.0	16.0	0.0	2.0	0.0	0.0
0.0	16.0	0.0	0.0	0.0	0.0
0.0	0.0	0.0	2.0	0.0	0.0
0.0	144.0	0.0	0.0	0.0	0.0
0.0	5.0	0.0	2.0	0.0	0.0
0.0	0.0	0.0	2.0	0.0	0.0
0.0	5.0	0.0	0.0	0.0	0.0
0.0	52.0	1.0	11.0	0.0	0.0
0.0	4.0	1.0	11.0	0.0	0.0
0.0	0.0	1.0	11.0	0.0	0.0
0.0	0.0	1.0	0.0	0.0	0.0
0.0	0.0	0.0	11.0	0.0	0.0
0.0	4.0	0.0	0.0	0.0	0.0
0.0	48.0	0.0	0.0	0.0	0.0
15.0	40.0	0.0	0.0	0.0	0.0
15.0	0.0	0.0	0.0	0.0	0.0
0.0	40.0	0.0	0.0	0.0	0.0
4.0	29.0	0.0	23.0	2.0	0.0
2.0	0.0	0.0	22.0	1.0	0.0
0.0	0.0	0.0	22.0	0.0	0.0
2.0	0.0	0.0	0.0	1.0	0.0
0.0	0.0	0.0	0.0	1.0	0.0
2.0	0.0	0.0	0.0	0.0	0.0
2.0	29.0	0.0	1.0	1.0	0.0
2.0	0.0	0.0	0.0	0.0	0.0
0.0	29.0	0.0	1.0	1.0	0.0
0.0	29.0	0.0	0.0	1.0	0.0
0.0	28.0	0.0	0.0	0.0	0.0
0.0	1.0	0.0	0.0	1.0	0.0
0.0	0.0	0.0	0.0	1.0	0.0
0.0	1.0	0.0	0.0	0.0	0.0
0.0	0.0	0.0	1.0	0.0	0.0
51.0	2.0	0.0	0.0	0.0	0.0
0.0	1.0	0.0	0.0	0.0	0.0
51.0	1.0	0.0	0.0	0.0	0.0
49.0	0.0	0.0	0.0	0.0	0.0
2.0	1.0	0.0	0.0	0.0	0.0
0.0	1.0	0.0	0.0	0.0	0.0
2.0	0.0	0.0	0.0	0.0	0.0
