# Sizes (NFeatures, Nclasses, NodeCount, MaxDepth)
10	6	281	16
# Classes
0.0	1.0	2.0	3.0	4.0	5.0
# Feature Names
Nrows	Ncols	Nnnz	AvgNnnz	Density	MaxRowNnnz	MinRowNnnz	StdRowNnnz	NDiags	NTrueDiags
# Left
1	2	3	4	5	6	-1	-1	9	10	11	-1	-1	-1	15	-1	-1	18	19	20	21	-1	23	-1	25	-1	-1	28	-1	30	-1	32	33	-1	-1	36	37	-1	-1	-1	41	-1	43	44	-1	-1	-1	48	49	-1	51	52	53	54	55	-1	-1	-1	-1	60	-1	62	63	-1	-1	-1	-1	68	69	70	71	72	-1	-1	-1	76	77	-1	-1	80	-1	-1	-1	-1	85	86	87	88	-1	90	91	92	-1	94	-1	96	97	-1	99	100	-1	-1	103	-1	-1	-1	107	-1	109	-1	-1	112	-1	114	115	-1	-1	118	119	-1	121	-1	-1	124	-1	126	-1	-1	129	130	131	132	133	-1	-1	136	-1	-1	-1	140	141	-1	-1	-1	145	-1	147	148	-1	150	151	-1	153	-1	155	-1	-1	-1	159	-1	161	162	-1	164	-1	-1	-1	168	169	170	-1	-1	173	174	-1	176	-1	-1	-1	180	181	-1	183	-1	185	-1	-1	188	-1	-1	-1	192	193	194	195	-1	-1	198	199	200	201	-1	203	204	-1	-1	-1	208	-1	-1	211	212	-1	-1	215	216	217	-1	-1	220	221	222	-1	224	225	-1	-1	-1	229	-1	-1	232	-1	234	235	236	-1	238	-1	-1	-1	-1	243	-1	-1	246	247	-1	249	-1	-1	-1	253	-1	-1	256	257	-1	259	260	-1	262	-1	-1	-1	266	-1	268	-1	270	-1	-1	273	-1	275	276	-1	278	-1	-1	-1
# Right
272	191	84	17	8	7	-1	-1	14	13	12	-1	-1	-1	16	-1	-1	47	40	27	22	-1	24	-1	26	-1	-1	29	-1	31	-1	35	34	-1	-1	39	38	-1	-1	-1	42	-1	46	45	-1	-1	-1	67	50	-1	66	59	58	57	56	-1	-1	-1	-1	61	-1	65	64	-1	-1	-1	-1	83	82	75	74	73	-1	-1	-1	79	78	-1	-1	81	-1	-1	-1	-1	190	167	128	89	-1	111	106	93	-1	95	-1	105	98	-1	102	101	-1	-1	104	-1	-1	-1	108	-1	110	-1	-1	113	-1	117	116	-1	-1	123	120	-1	122	-1	-1	125	-1	127	-1	-1	144	139	138	135	134	-1	-1	137	-1	-1	-1	143	142	-1	-1	-1	146	-1	158	149	-1	157	152	-1	154	-1	156	-1	-1	-1	160	-1	166	163	-1	165	-1	-1	-1	179	172	171	-1	-1	178	175	-1	177	-1	-1	-1	187	182	-1	184	-1	186	-1	-1	189	-1	-1	-1	255	252	197	196	-1	-1	245	210	207	202	-1	206	205	-1	-1	-1	209	-1	-1	214	213	-1	-1	242	219	218	-1	-1	231	228	223	-1	227	226	-1	-1	-1	230	-1	-1	233	-1	241	240	237	-1	239	-1	-1	-1	-1	244	-1	-1	251	248	-1	250	-1	-1	-1	254	-1	-1	265	258	-1	264	261	-1	263	-1	-1	-1	267	-1	269	-1	271	-1	-1	274	-1	280	277	-1	279	-1	-1	-1
# Threshold
14377.0	31.5	53.0	299.5	9.5	5.5	-2.0	-2.0	60.5	10.0	36.5	-2.0	-2.0	-2.0	67.5	-2.0	-2.0	2459.0	32.0	2613.0	98.0	-2.0	24.0	-2.0	4.0	-2.0	-2.0	0.022338299080729485	-2.0	0.19350179843604565	-2.0	1.5	0.0032020399812608957	-2.0	-2.0	2.429965019226074	9.5	-2.0	-2.0	-2.0	0.6042155027389526	-2.0	0.011452499777078629	0.009534759912639856	-2.0	-2.0	-2.0	3.5	5119.5	-2.0	333623.5	20706.0	2.3143799901008606	27870.0	12219.5	-2.0	-2.0	-2.0	-2.0	0.39623400568962097	-2.0	2.0	7.0	-2.0	-2.0	-2.0	-2.0	4.844820022583008	264972.5	0.00047222201828844845	6.0	38000.0	-2.0	-2.0	-2.0	7.5	5.9100000858306885	-2.0	-2.0	8900.5	-2.0	-2.0	-2.0	-2.0	23.262800216674805	3816.5	664.0	0.10647950321435928	-2.0	1.573074996471405	0.03040424920618534	96.5	-2.0	0.7630679905414581	-2.0	0.027313300408422947	1.1401349902153015	-2.0	368.0	213.5	-2.0	-2.0	1.5	-2.0	-2.0	-2.0	2.5	-2.0	0.05971985124051571	-2.0	-2.0	3.5	-2.0	0.013642499689012766	13.0	-2.0	-2.0	148.5	8.420429706573486	-2.0	14.066750049591064	-2.0	-2.0	300.0	-2.0	352.0	-2.0	-2.0	18193.0	873.5	7069.0	18.5	2283.5	-2.0	-2.0	7.938149929046631	-2.0	-2.0	-2.0	0.5	2.3857150077819824	-2.0	-2.0	-2.0	0.5	-2.0	17764.5	673.5	-2.0	11.59285020828247	9.5	-2.0	0.0006846410105936229	-2.0	3.5	-2.0	-2.0	-2.0	0.00016687699826434255	-2.0	5.735880136489868	5.5	-2.0	0.0004037970065837726	-2.0	-2.0	-2.0	8.346524715423584	2.724334955215454	2.6081550121307373	-2.0	-2.0	8963.5	7305.5	-2.0	0.0006183045043144375	-2.0	-2.0	-2.0	9.788520037545823e-05	0.7365239858627319	-2.0	129161.0	-2.0	12.5	-2.0	-2.0	5.5	-2.0	-2.0	-2.0	387298.5	7302.0	104.0	10618.0	-2.0	-2.0	3753320.0	39.5	60049.0	2497.0	-2.0	7951.0	5890.0	-2.0	-2.0	-2.0	0.0003962405171478167	-2.0	-2.0	1.9847699999809265	5120.5	-2.0	-2.0	5120.5	2.744444966316223	2.568245053291321	-2.0	-2.0	6551.0	96.0	1292.0	-2.0	30.77715015411377	0.0032390300184488297	-2.0	-2.0	-2.0	9.895909786224365	-2.0	-2.0	6790.0	-2.0	12240.5	11837.5	0.003502274979837239	-2.0	13980.0	-2.0	-2.0	-2.0	-2.0	10580.0	-2.0	-2.0	94.5	4586495.0	-2.0	11959450.0	-2.0	-2.0	-2.0	8.303905248641968	-2.0	-2.0	94.5	7054280.0	-2.0	11.82829999923706	1502019.5	-2.0	2.0	-2.0	-2.0	-2.0	7.29366519180985e-07	-2.0	104614900.0	-2.0	1531.5	-2.0	-2.0	44133.0	-2.0	5832150.0	0.0003063354961341247	-2.0	0.00045168651558924466	-2.0	-2.0	-2.0
# Feature
5	5	8	2	0	9	-2	-2	0	8	1	-2	-2	-2	0	-2	-2	0	8	2	0	-2	8	-2	9	-2	-2	7	-2	7	-2	6	4	-2	-2	7	6	-2	-2	-2	7	-2	4	4	-2	-2	-2	6	2	-2	2	2	7	0	2	-2	-2	-2	-2	7	-2	6	5	-2	-2	-2	-2	7	2	4	5	2	-2	-2	-2	8	3	-2	-2	1	-2	-2	-2	-2	3	8	0	7	-2	7	4	8	-2	7	-2	4	7	-2	1	1	-2	-2	6	-2	-2	-2	6	-2	4	-2	-2	9	-2	4	5	-2	-2	0	3	-2	3	-2	-2	8	-2	8	-2	-2	2	0	2	5	2	-2	-2	3	-2	-2	-2	9	7	-2	-2	-2	6	-2	1	8	-2	3	5	-2	4	-2	9	-2	-2	-2	4	-2	7	6	-2	4	-2	-2	-2	3	3	3	-2	-2	0	0	-2	4	-2	-2	-2	4	7	-2	8	-2	5	-2	-2	6	-2	-2	-2	0	5	8	1	-2	-2	2	5	1	2	-2	2	2	-2	-2	-2	4	-2	-2	7	8	-2	-2	5	3	3	-2	-2	8	9	5	-2	7	4	-2	-2	-2	7	-2	-2	8	-2	8	8	4	-2	0	-2	-2	-2	-2	1	-2	-2	5	2	-2	2	-2	-2	-2	3	-2	-2	5	2	-2	7	8	-2	6	-2	-2	-2	4	-2	2	-2	5	-2	-2	8	-2	8	4	-2	4	-2	-2	-2
# Values
72.0	1263.0	74.0	255.0	17.0	0.0
16.0	1258.0	74.0	255.0	17.0	0.0
1.0	358.0	67.0	201.0	15.0	0.0
1.0	65.0	64.0	54.0	11.0	0.0
1.0	32.0	2.0	1.0	1.0	0.0
1.0	0.0	0.0	0.0	1.0	0.0
1.0	0.0	0.0	0.0	0.0	0.0
0.0	0.0	0.0	0.0	1.0	0.0
0.0	32.0	2.0	1.0	0.0	0.0
0.0	28.0	0.0	1.0	0.0	0.0
0.0	1.0	0.0	1.0	0.0	0.0
0.0	0.0	0.0	1.0	0.0	0.0
0.0	1.0	0.0	0.0	0.0	0.0
0.0	27.0	0.0	0.0	0.0	0.0
0.0	4.0	2.0	0.0	0.0	0.0
0.0	0.0	2.0	0.0	0.0	0.0
0.0	4.0	0.0	0.0	0.0	0.0
0.0	33.0	62.0	53.0	10.0	0.0
0.0	9.0	27.0	47.0	4.0	0.0
0.0	5.0	9.0	47.0	4.0	0.0
0.0	4.0	0.0	34.0	0.0	0.0
0.0	3.0	0.0	0.0	0.0	0.0
0.0	1.0	0.0	34.0	0.0	0.0
0.0	0.0	0.0	31.0	0.0	0.0
0.0	1.0	0.0	3.0	0.0	0.0
0.0	0.0	0.0	3.0	0.0	0.0
0.0	1.0	0.0	0.0	0.0	0.0
0.0	1.0	9.0	13.0	4.0	0.0
0.0	0.0	0.0	0.0	4.0	0.0
0.0	1.0	9.0	13.0	0.0	0.0
0.0	0.0	4.0	0.0	0.0	0.0
0.0	1.0	5.0	13.0	0.0	0.0
0.0	0.0	4.0	1.0	0.0	0.0
0.0	0.0	0.0	1.0	0.0	0.0
0.0	0.0	4.0	0.0	0.0	0.0
0.0	1.0	1.0	12.0	0.0	0.0
0.0	1.0	0.0	12.0	0.0	0.0
0.0	0.0	0.0	12.0	0.0	0.0
0.0	1.0	0.0	0.0	0.0	0.0
0.0	0.0	1.0	0.0	0.0	0.0
0.0	4.0	18.0	0.0	0.0	0.0
0.0	3.0	0.0	0.0	0.0	0.0
0.0	1.0	18.0	0.0	0.0	0.0
0.0	1.0	1.0	0.0	0.0	0.0
0.0	0.0	1.0	0.0	0.0	0.0
0.0	1.0	0.0	0.0	0.0	0.0
0.0	0.0	17.0	0.0	0.0	0.0
0.0	24.0	35.0	6.0	6.0	0.0
0.0	21.0	9.0	4.0	4.0	0.0
0.0	0.0	0.0	0.0	4.0	0.0
0.0	21.0	9.0	4.0	0.0	0.0
0.0	21.0	6.0	4.0	0.0	0.0
0.0	4.0	4.0	3.0	0.0	0.0
0.0	4.0	4.0	0.0	0.0	0.0
0.0	4.0	2.0	0.0	0.0	0.0
0.0	0.0	2.0	0.0	0.0	0.0
0.0	4.0	0.0	0.0	0.0	0.0
0.0	0.0	2.0	0.0	0.0	0.0
0.0	0.0	0.0	3.0	0.0	0.0
0.0	17.0	2.0	1.0	0.0	0.0
0.0	9.0	0.0	0.0	0.0	0.0
0.0	8.0	2.0	1.0	0.0	0.0
0.0	8.0	2.0	0.0	0.0	0.0
0.0	4.0	2.0	0.0	0.0	0.0
0.0	4.0	0.0	0.0	0.0	0.0
0.0	0.0	0.0	1.0	0.0	0.0
0.0	0.0	3.0	0.0	0.0	0.0
0.0	3.0	26.0	2.0	2.0	0.0
0.0	2.0	26.0	2.0	2.0	0.0
0.0	2.0	13.0	2.0	2.0	0.0
0.0	1.0	0.0	1.0	2.0	0.0
0.0	0.0	0.0	1.0	2.0	0.0
0.0	0.0	0.0	1.0	0.0	0.0
0.0	0.0	0.0	0.0	2.0	0.0
0.0	1.0	0.0	0.0	0.0	0.0
0.0	1.0	13.0	1.0	0.0	0.0
0.0	1.0	1.0	0.0	0.0	0.0
0.0	0.0	1.0	0.0	0.0	0.0
0.0	1.0	0.0	0.0	0.0	0.0
0.0	0.0	12.0	1.0	0.0	0.0
0.0	0.0	10.0	0.0	0.0	0.0
0.0	0.0	2.0	1.0	0.0	0.0
0.0	0.0	13.0	0.0	0.0	0.0
0.0	1.0	0.0	0.0	0.0	0.0
0.0	293.0	3.0	147.0	4.0	0.0
0.0	293.0	3.0	136.0	4.0	0.0
0.0	174.0	3.0	116.0	3.0	0.0
0.0	117.0	2.0	34.0	3.0	0.0
0.0	0.0	0.0	0.0	3.0	0.0
0.0	117.0	2.0	34.0	0.0	0.0
0.0	62.0	2.0	27.0	0.0	0.0
0.0	61.0	0.0	22.0	0.0	0.0
0.0	19.0	0.0	0.0	0.0	0.0
0.0	42.0	0.0	22.0	0.0	0.0
0.0	0.0	0.0	6.0	0.0	0.0
0.0	42.0	0.0	16.0	0.0	0.0
0.0	42.0	0.0	14.0	0.0	0.0
0.0	9.0	0.0	0.0	0.0	0.0
0.0	33.0	0.0	14.0	0.0	0.0
0.0	1.0	0.0	3.0	0.0	0.0
0.0	0.0	0.0	1.0	0.0	0.0
0.0	1.0	0.0	2.0	0.0	0.0
0.0	32.0	0.0	11.0	0.0	0.0
0.0	29.0	0.0	11.0	0.0	0.0
0.0	3.0	0.0	0.0	0.0	0.0
0.0	0.0	0.0	2.0	0.0	0.0
0.0	1.0	2.0	5.0	0.0	0.0
0.0	0.0	0.0	5.0	0.0	0.0
0.0	1.0	2.0	0.0	0.0	0.0
0.0	1.0	0.0	0.0	0.0	0.0
0.0	0.0	2.0	0.0	0.0	0.0
0.0	55.0	0.0	7.0	0.0	0.0
0.0	20.0	0.0	0.0	0.0	0.0
0.0	35.0	0.0	7.0	0.0	0.0
0.0	1.0	0.0	2.0	0.0	0.0
0.0	1.0	0.0	0.0	0.0	0.0
0.0	0.0	0.0	2.0	0.0	0.0
0.0	34.0	0.0	5.0	0.0	0.0
0.0	8.0	0.0	4.0	0.0	0.0
0.0	7.0	0.0	0.0	0.0	0.0
0.0	1.0	0.0	4.0	0.0	0.0
0.0	0.0	0.0	4.0	0.0	0.0
0.0	1.0	0.0	0.0	0.0	0.0
0.0	26.0	0.0	1.0	0.0	0.0
0.0	23.0	0.0	0.0	0.0	0.0
0.0	3.0	0.0	1.0	0.0	0.0
0.0	0.0	0.0	1.0	0.0	0.0
0.0	3.0	0.0	0.0	0.0	0.0
0.0	57.0	1.0	82.0	0.0	0.0
0.0	6.0	1.0	61.0	0.0	0.0
0.0	5.0	1.0	7.0	0.0	0.0
0.0	2.0	1.0	7.0	0.0	0.0
0.0	1.0	0.0	7.0	0.0	0.0
0.0	1.0	0.0	2.0	0.0	0.0
0.0	0.0	0.0	5.0	0.0	0.0
0.0	1.0	1.0	0.0	0.0	0.0
0.0	1.0	0.0	0.0	0.0	0.0
0.0	0.0	1.0	0.0	0.0	0.0
0.0	3.0	0.0	0.0	0.0	0.0
0.0	1.0	0.0	54.0	0.0	0.0
0.0	1.0	0.0	5.0	0.0	0.0
0.0	0.0	0.0	5.0	0.0	0.0
0.0	1.0	0.0	0.0	0.0	0.0
0.0	0.0	0.0	49.0	0.0	0.0
0.0	51.0	0.0	21.0	0.0	0.0
0.0	0.0	0.0	8.0	0.0	0.0
0.0	51.0	0.0	13.0	0.0	0.0
0.0	35.0	0.0	3.0	0.0	0.0
0.0	20.0	0.0	0.0	0.0	0.0
0.0	15.0	0.0	3.0	0.0	0.0
0.0	15.0	0.0	2.0	0.0	0.0
0.0	10.0	0.0	0.0	0.0	0.0
0.0	5.0	0.0	2.0	0.0	0.0
0.0	0.0	0.0	1.0	0.0	0.0
0.0	5.0	0.0	1.0	0.0	0.0
0.0	2.0	0.0	0.0	0.0	0.0
0.0	3.0	0.0	1.0	0.0	0.0
0.0	0.0	0.0	1.0	0.0	0.0
0.0	16.0	0.0	10.0	0.0	0.0
0.0	14.0	0.0	0.0	0.0	0.0
0.0	2.0	0.0	10.0	0.0	0.0
0.0	1.0	0.0	10.0	0.0	0.0
0.0	0.0	0.0	7.0	0.0	0.0
0.0	1.0	0.0	3.0	0.0	0.0
0.0	1.0	0.0	0.0	0.0	0.0
0.0	0.0	0.0	3.0	0.0	0.0
0.0	1.0	0.0	0.0	0.0	0.0
0.0	119.0	0.0	20.0	1.0	0.0
0.0	108.0	0.0	8.0	1.0	0.0
0.0	13.0	0.0	7.0	0.0	0.0
0.0	13.0	0.0	0.0	0.0	0.0
0.0	0.0	0.0	7.0	0.0	0.0
0.0	95.0	0.0	1.0	1.0	0.0
0.0	11.0	0.0	1.0	1.0	0.0
0.0	11.0	0.0	0.0	0.0	0.0
0.0	0.0	0.0	1.0	1.0	0.0
0.0	0.0	0.0	0.0	1.0	0.0
0.0	0.0	0.0	1.0	0.0	0.0
0.0	84.0	0.0	0.0	0.0	0.0
0.0	11.0	0.0	12.0	0.0	0.0
0.0	3.0	0.0	11.0	0.0	0.0
0.0	2.0	0.0	0.0	0.0	0.0
0.0	1.0	0.0	11.0	0.0	0.0
0.0	0.0	0.0	8.0	0.0	0.0
0.0	1.0	0.0	3.0	0.0	0.0
0.0	1.0	0.0	0.0	0.0	0.0
0.0	0.0	0.0	3.0	0.0	0.0
0.0	8.0	0.0	1.0	0.0	0.0
0.0	8.0	0.0	0.0	0.0	0.0
0.0	0.0	0.0	1.0	0.0	0.0
0.0	0.0	0.0	11.0	0.0	0.0
15.0	900.0	7.0	54.0	2.0	0.0
12.0	860.0	7.0	26.0	0.0	0.0
3.0	842.0	7.0	26.0	0.0	0.0
0.0	19.0	7.0	0.0	0.0	0.0
0.0	19.0	0.0	0.0	0.0	0.0
0.0	0.0	7.0	0.0	0.0	0.0
3.0	823.0	0.0	26.0	0.0	0.0
3.0	761.0	0.0	17.0	0.0	0.0
0.0	101.0	0.0	8.0	0.0	0.0
0.0	100.0	0.0	5.0	0.0	0.0
0.0	0.0	0.0	1.0	0.0	0.0
0.0	100.0	0.0	4.0	0.0	0.0
0.0	46.0	0.0	4.0	0.0	0.0
0.0	8.0	0.0	0.0	0.0	0.0
0.0	38.0	0.0	4.0	0.0	0.0
0.0	54.0	0.0	0.0	0.0	0.0
0.0	1.0	0.0	3.0	0.0	0.0
0.0	0.0	0.0	3.0	0.0	0.0
0.0	1.0	0.0	0.0	0.0	0.0
3.0	660.0	0.0	9.0	0.0	0.0
0.0	5.0	0.0	2.0	0.0	0.0
0.0	5.0	0.0	0.0	0.0	0.0
0.0	0.0	0.0	2.0	0.0	0.0
3.0	655.0	0.0	7.0	0.0	0.0
1.0	641.0	0.0	7.0	0.0	0.0
0.0	15.0	0.0	1.0	0.0	0.0
0.0	15.0	0.0	0.0	0.0	0.0
0.0	0.0	0.0	1.0	0.0	0.0
1.0	626.0	0.0	6.0	0.0	0.0
1.0	407.0	0.0	1.0	0.0	0.0
1.0	390.0	0.0	0.0	0.0	0.0
0.0	326.0	0.0	0.0	0.0	0.0
1.0	64.0	0.0	0.0	0.0	0.0
1.0	41.0	0.0	0.0	0.0	0.0
0.0	3.0	0.0	0.0	0.0	0.0
1.0	38.0	0.0	0.0	0.0	0.0
0.0	23.0	0.0	0.0	0.0	0.0
0.0	17.0	0.0	1.0	0.0	0.0
0.0	0.0	0.0	1.0	0.0	0.0
0.0	17.0	0.0	0.0	0.0	0.0
0.0	219.0	0.0	5.0	0.0	0.0
0.0	0.0	0.0	2.0	0.0	0.0
0.0	219.0	0.0	3.0	0.0	0.0
0.0	55.0	0.0	3.0	0.0	0.0
0.0	55.0	0.0	1.0	0.0	0.0
0.0	51.0	0.0	0.0	0.0	0.0
0.0	4.0	0.0	1.0	0.0	0.0
0.0	4.0	0.0	0.0	0.0	0.0
0.0	0.0	0.0	1.0	0.0	0.0
0.0	0.0	0.0	2.0	0.0	0.0
0.0	164.0	0.0	0.0	0.0	0.0
2.0	14.0	0.0	0.0	0.0	0.0
2.0	0.0	0.0	0.0	0.0	0.0
0.0	14.0	0.0	0.0	0.0	0.0
0.0	62.0	0.0	9.0	0.0	0.0
0.0	9.0	0.0	9.0	0.0	0.0
0.0	0.0	0.0	8.0	0.0	0.0
0.0	9.0	0.0	1.0	0.0	0.0
0.0	9.0	0.0	0.0	0.0	0.0
0.0	0.0	0.0	1.0	0.0	0.0
0.0	53.0	0.0	0.0	0.0	0.0
9.0	18.0	0.0	0.0	0.0	0.0
9.0	0.0	0.0	0.0	0.0	0.0
0.0	18.0	0.0	0.0	0.0	0.0
3.0	40.0	0.0	28.0	2.0	0.0
1.0	8.0	0.0	28.0	1.0	0.0
0.0	5.0	0.0	0.0	0.0	0.0
1.0	3.0	0.0	28.0	1.0	0.0
1.0	0.0	0.0	28.0	1.0	0.0
0.0	0.0	0.0	28.0	0.0	0.0
1.0	0.0	0.0	0.0	1.0	0.0
1.0	0.0	0.0	0.0	0.0	0.0
0.0	0.0	0.0	0.0	1.0	0.0
0.0	3.0	0.0	0.0	0.0	0.0
2.0	32.0	0.0	0.0	1.0	0.0
2.0	0.0	0.0	0.0	0.0	0.0
0.0	32.0	0.0	0.0	1.0	0.0
0.0	29.0	0.0	0.0	0.0	0.0
0.0	3.0	0.0	0.0	1.0	0.0
0.0	0.0	0.0	0.0	1.0	0.0
0.0	3.0	0.0	0.0	0.0	0.0
56.0	5.0	0.0	0.0	0.0	0.0
0.0	3.0	0.0	0.0	0.0	0.0
56.0	2.0	0.0	0.0	0.0	0.0
56.0	1.0	0.0	0.0	0.0	0.0
50.0	0.0	0.0	0.0	0.0	0.0
6.0	1.0	0.0	0.0	0.0	0.0
0.0	1.0	0.0	0.0	0.0	0.0
6.0	0.0	0.0	0.0	0.0	0.0
0.0	1.0	0.0	0.0	0.0	0.0
