# Sizes (NFeatures, Nclasses, NodeCount, MaxDepth)
10	6	265	17
# Classes
0.0	1.0	2.0	3.0	4.0	5.0
# Feature Names
Nrows	Ncols	Nnnz	AvgNnnz	Density	MaxRowNnnz	MinRowNnnz	StdRowNnnz	NDiags	NTrueDiags
# Left
1	2	3	4	5	6	7	8	9	-1	11	-1	-1	14	15	16	-1	-1	-1	20	21	-1	-1	24	-1	-1	27	28	-1	-1	-1	32	33	-1	35	36	37	38	39	-1	-1	-1	-1	-1	45	-1	-1	48	49	-1	51	-1	53	-1	-1	-1	57	58	59	-1	-1	-1	63	64	65	-1	-1	-1	69	-1	-1	72	73	-1	-1	76	77	78	-1	-1	-1	82	-1	-1	85	86	87	88	89	-1	91	-1	93	-1	-1	96	97	-1	-1	-1	101	-1	-1	104	105	106	107	108	109	-1	111	-1	-1	114	115	116	117	-1	-1	120	-1	-1	123	124	-1	-1	-1	128	129	-1	-1	132	133	-1	135	-1	137	138	-1	-1	-1	142	-1	-1	145	146	147	148	-1	-1	-1	152	153	-1	-1	156	157	-1	159	-1	-1	-1	163	164	-1	-1	-1	168	169	170	-1	-1	173	174	175	176	177	178	-1	180	-1	-1	-1	-1	-1	-1	187	-1	-1	190	191	-1	193	-1	-1	-1	197	198	-1	-1	-1	202	-1	204	-1	206	207	-1	-1	210	-1	212	-1	-1	215	-1	-1	218	219	220	221	222	223	-1	-1	226	227	-1	-1	230	-1	232	-1	-1	235	-1	-1	238	239	240	241	-1	-1	-1	-1	-1	247	-1	249	-1	-1	252	-1	254	255	-1	-1	-1	259	-1	261	-1	263	-1	-1
# Right
258	217	84	71	56	31	26	13	10	-1	12	-1	-1	19	18	17	-1	-1	-1	23	22	-1	-1	25	-1	-1	30	29	-1	-1	-1	47	34	-1	44	43	42	41	40	-1	-1	-1	-1	-1	46	-1	-1	55	50	-1	52	-1	54	-1	-1	-1	62	61	60	-1	-1	-1	68	67	66	-1	-1	-1	70	-1	-1	75	74	-1	-1	81	80	79	-1	-1	-1	83	-1	-1	214	103	100	95	90	-1	92	-1	94	-1	-1	99	98	-1	-1	-1	102	-1	-1	201	196	167	144	113	110	-1	112	-1	-1	127	122	119	118	-1	-1	121	-1	-1	126	125	-1	-1	-1	131	130	-1	-1	141	134	-1	136	-1	140	139	-1	-1	-1	143	-1	-1	162	151	150	149	-1	-1	-1	155	154	-1	-1	161	158	-1	160	-1	-1	-1	166	165	-1	-1	-1	189	172	171	-1	-1	186	185	184	183	182	179	-1	181	-1	-1	-1	-1	-1	-1	188	-1	-1	195	192	-1	194	-1	-1	-1	200	199	-1	-1	-1	203	-1	205	-1	209	208	-1	-1	211	-1	213	-1	-1	216	-1	-1	251	246	237	234	225	224	-1	-1	229	228	-1	-1	231	-1	233	-1	-1	236	-1	-1	245	244	243	242	-1	-1	-1	-1	-1	248	-1	250	-1	-1	253	-1	257	256	-1	-1	-1	260	-1	262	-1	264	-1	-1
# Threshold
14377.0	41.5	55.0	0.05149909853935242	17.0	2602.5	9057.0	132.5	57.0	-2.0	0.012040034867823124	-2.0	-2.0	7.5	917.0	0.0018024699529632926	-2.0	-2.0	-2.0	656.0	4.8632800579071045	-2.0	-2.0	1400.0	-2.0	-2.0	11696.0	1.0098524987697601	-2.0	-2.0	-2.0	44259.0	5119.5	-2.0	0.5522889941930771	36000.0	13273.0	5.9100000858306885	3100.0	-2.0	-2.0	-2.0	-2.0	-2.0	19214.5	-2.0	-2.0	79491.5	10900.0	-2.0	146792.5	-2.0	2.0	-2.0	-2.0	-2.0	1.2631450295448303	0.015486499760299921	4.0	-2.0	-2.0	-2.0	4.5	0.0019405599450692534	5.728539943695068	-2.0	-2.0	-2.0	0.016367250122129917	-2.0	-2.0	9.5	5.5	-2.0	-2.0	14.5	0.8396604955196381	14.5	-2.0	-2.0	-2.0	16.5	-2.0	-2.0	21.774999618530273	2.857290029525757	79682.0	1475.0	113.0	-2.0	150.5	-2.0	0.7630679905414581	-2.0	-2.0	3.5	855.0	-2.0	-2.0	-2.0	36020300.0	-2.0	-2.0	4218485.0	32.5	4095.0	664.0	0.5171399861574173	426.0	-2.0	0.2029850035905838	-2.0	-2.0	1.4607000350952148	6.565550088882446	135.0	414.5	-2.0	-2.0	3.6693400144577026	-2.0	-2.0	2270.5	5.0	-2.0	-2.0	-2.0	9.5	0.030153600499033928	-2.0	-2.0	0.17430949956178665	8.420429706573486	-2.0	123.0	-2.0	3133.0	20.0	-2.0	-2.0	-2.0	27.0	-2.0	-2.0	12.0	667.5	0.7397949993610382	6.785840034484863	-2.0	-2.0	-2.0	0.002175975008867681	6.0	-2.0	-2.0	6.0	5.5	-2.0	12.878550052642822	-2.0	-2.0	-2.0	0.018722299486398697	815.0	-2.0	-2.0	-2.0	9.5	0.001544079976156354	179680.0	-2.0	-2.0	4.5	0.692641019821167	9.5	1303.0	0.34367699921131134	3.940109968185425	-2.0	271904.0	-2.0	-2.0	-2.0	-2.0	-2.0	-2.0	1682.0	-2.0	-2.0	0.001153239980340004	0.9654429852962494	-2.0	2852.0	-2.0	-2.0	-2.0	4.01308012008667	3.8360700607299805	-2.0	-2.0	-2.0	9.060564994812012	-2.0	2842.5	-2.0	11.805949687957764	11.122349739074707	-2.0	-2.0	346191.5	-2.0	3.0822250664641615e-05	-2.0	-2.0	841778.0	-2.0	-2.0	3792.5	94252800.0	3438440.0	227.4199981689453	103.0	11735.5	-2.0	-2.0	2.916319966316223	2.568245053291321	-2.0	-2.0	755645.0	-2.0	767457.5	-2.0	-2.0	289.0235061645508	-2.0	-2.0	94.5	14.0	3.312685012817383	168161.5	-2.0	-2.0	-2.0	-2.0	-2.0	5.104170083999634	-2.0	6932305.0	-2.0	-2.0	8.841924667358398	-2.0	22.462050437927246	6353.5	-2.0	-2.0	-2.0	44133.0	-2.0	208226504.0	-2.0	3114440.0	-2.0	-2.0
# Feature
5	5	8	4	8	0	2	2	1	-2	4	-2	-2	8	2	4	-2	-2	-2	0	3	-2	-2	1	-2	-2	2	7	-2	-2	-2	2	2	-2	7	2	0	3	0	-2	-2	-2	-2	-2	0	-2	-2	1	0	-2	2	-2	6	-2	-2	-2	7	4	5	-2	-2	-2	6	4	3	-2	-2	-2	4	-2	-2	1	9	-2	-2	9	7	8	-2	-2	-2	9	-2	-2	3	3	1	2	0	-2	1	-2	7	-2	-2	9	0	-2	-2	-2	8	-2	-2	2	5	1	0	7	0	-2	7	-2	-2	7	3	1	2	-2	-2	3	-2	-2	2	6	-2	-2	-2	5	4	-2	-2	4	3	-2	0	-2	2	5	-2	-2	-2	5	-2	-2	9	8	7	3	-2	-2	-2	4	5	-2	-2	9	6	-2	3	-2	-2	-2	4	1	-2	-2	-2	9	7	2	-2	-2	6	7	5	8	7	3	-2	1	-2	-2	-2	-2	-2	-2	8	-2	-2	4	7	-2	8	-2	-2	-2	7	7	-2	-2	-2	3	-2	8	-2	3	3	-2	-2	8	-2	4	-2	-2	2	-2	-2	5	2	2	7	8	0	-2	-2	3	3	-2	-2	2	-2	2	-2	-2	3	-2	-2	5	6	7	1	-2	-2	-2	-2	-2	7	-2	8	-2	-2	3	-2	7	5	-2	-2	-2	8	-2	2	-2	8	-2	-2
# Values
85.0	1274.0	58.0	243.0	19.0	2.0
29.0	1269.0	58.0	243.0	19.0	2.0
3.0	478.0	55.0	227.0	15.0	2.0
2.0	46.0	52.0	60.0	10.0	0.0
0.0	25.0	52.0	56.0	9.0	0.0
0.0	19.0	20.0	52.0	9.0	0.0
0.0	3.0	4.0	46.0	4.0	0.0
0.0	3.0	0.0	41.0	4.0	0.0
0.0	2.0	0.0	1.0	0.0	0.0
0.0	1.0	0.0	0.0	0.0	0.0
0.0	1.0	0.0	1.0	0.0	0.0
0.0	1.0	0.0	0.0	0.0	0.0
0.0	0.0	0.0	1.0	0.0	0.0
0.0	1.0	0.0	40.0	4.0	0.0
0.0	0.0	0.0	31.0	1.0	0.0
0.0	0.0	0.0	4.0	1.0	0.0
0.0	0.0	0.0	0.0	1.0	0.0
0.0	0.0	0.0	4.0	0.0	0.0
0.0	0.0	0.0	27.0	0.0	0.0
0.0	1.0	0.0	9.0	3.0	0.0
0.0	1.0	0.0	5.0	0.0	0.0
0.0	1.0	0.0	1.0	0.0	0.0
0.0	0.0	0.0	4.0	0.0	0.0
0.0	0.0	0.0	4.0	3.0	0.0
0.0	0.0	0.0	1.0	2.0	0.0
0.0	0.0	0.0	3.0	1.0	0.0
0.0	0.0	4.0	5.0	0.0	0.0
0.0	0.0	4.0	2.0	0.0	0.0
0.0	0.0	2.0	2.0	0.0	0.0
0.0	0.0	2.0	0.0	0.0	0.0
0.0	0.0	0.0	3.0	0.0	0.0
0.0	16.0	16.0	6.0	5.0	0.0
0.0	2.0	9.0	6.0	5.0	0.0
0.0	0.0	0.0	0.0	4.0	0.0
0.0	2.0	9.0	6.0	1.0	0.0
0.0	2.0	8.0	1.0	1.0	0.0
0.0	2.0	8.0	1.0	0.0	0.0
0.0	1.0	8.0	1.0	0.0	0.0
0.0	0.0	8.0	1.0	0.0	0.0
0.0	0.0	3.0	1.0	0.0	0.0
0.0	0.0	5.0	0.0	0.0	0.0
0.0	1.0	0.0	0.0	0.0	0.0
0.0	1.0	0.0	0.0	0.0	0.0
0.0	0.0	0.0	0.0	1.0	0.0
0.0	0.0	1.0	5.0	0.0	0.0
0.0	0.0	0.0	5.0	0.0	0.0
0.0	0.0	1.0	0.0	0.0	0.0
0.0	14.0	7.0	0.0	0.0	0.0
0.0	14.0	2.0	0.0	0.0	0.0
0.0	2.0	1.0	0.0	0.0	0.0
0.0	12.0	1.0	0.0	0.0	0.0
0.0	7.0	0.0	0.0	0.0	0.0
0.0	5.0	1.0	0.0	0.0	0.0
0.0	2.0	1.0	0.0	0.0	0.0
0.0	3.0	0.0	0.0	0.0	0.0
0.0	0.0	5.0	0.0	0.0	0.0
0.0	6.0	32.0	4.0	0.0	0.0
0.0	5.0	4.0	0.0	0.0	0.0
0.0	1.0	4.0	0.0	0.0	0.0
0.0	1.0	0.0	0.0	0.0	0.0
0.0	0.0	4.0	0.0	0.0	0.0
0.0	4.0	0.0	0.0	0.0	0.0
0.0	1.0	28.0	4.0	0.0	0.0
0.0	1.0	24.0	0.0	0.0	0.0
0.0	1.0	2.0	0.0	0.0	0.0
0.0	1.0	0.0	0.0	0.0	0.0
0.0	0.0	2.0	0.0	0.0	0.0
0.0	0.0	22.0	0.0	0.0	0.0
0.0	0.0	4.0	4.0	0.0	0.0
0.0	0.0	4.0	0.0	0.0	0.0
0.0	0.0	0.0	4.0	0.0	0.0
2.0	21.0	0.0	4.0	1.0	0.0
2.0	0.0	0.0	0.0	1.0	0.0
2.0	0.0	0.0	0.0	0.0	0.0
0.0	0.0	0.0	0.0	1.0	0.0
0.0	21.0	0.0	4.0	0.0	0.0
0.0	19.0	0.0	1.0	0.0	0.0
0.0	3.0	0.0	1.0	0.0	0.0
0.0	0.0	0.0	1.0	0.0	0.0
0.0	3.0	0.0	0.0	0.0	0.0
0.0	16.0	0.0	0.0	0.0	0.0
0.0	2.0	0.0	3.0	0.0	0.0
0.0	0.0	0.0	3.0	0.0	0.0
0.0	2.0	0.0	0.0	0.0	0.0
1.0	432.0	3.0	167.0	5.0	2.0
1.0	427.0	3.0	141.0	5.0	2.0
1.0	18.0	0.0	29.0	2.0	0.0
0.0	8.0	0.0	29.0	2.0	0.0
0.0	6.0	0.0	2.0	2.0	0.0
0.0	0.0	0.0	0.0	2.0	0.0
0.0	6.0	0.0	2.0	0.0	0.0
0.0	0.0	0.0	1.0	0.0	0.0
0.0	6.0	0.0	1.0	0.0	0.0
0.0	1.0	0.0	1.0	0.0	0.0
0.0	5.0	0.0	0.0	0.0	0.0
0.0	2.0	0.0	27.0	0.0	0.0
0.0	1.0	0.0	27.0	0.0	0.0
0.0	1.0	0.0	2.0	0.0	0.0
0.0	0.0	0.0	25.0	0.0	0.0
0.0	1.0	0.0	0.0	0.0	0.0
1.0	10.0	0.0	0.0	0.0	0.0
0.0	10.0	0.0	0.0	0.0	0.0
1.0	0.0	0.0	0.0	0.0	0.0
0.0	409.0	3.0	112.0	3.0	2.0
0.0	383.0	3.0	87.0	3.0	0.0
0.0	276.0	3.0	84.0	3.0	0.0
0.0	143.0	3.0	68.0	1.0	0.0
0.0	118.0	2.0	19.0	1.0	0.0
0.0	1.0	0.0	2.0	1.0	0.0
0.0	0.0	0.0	2.0	0.0	0.0
0.0	1.0	0.0	0.0	1.0	0.0
0.0	0.0	0.0	0.0	1.0	0.0
0.0	1.0	0.0	0.0	0.0	0.0
0.0	117.0	2.0	17.0	0.0	0.0
0.0	52.0	2.0	13.0	0.0	0.0
0.0	48.0	2.0	9.0	0.0	0.0
0.0	3.0	2.0	0.0	0.0	0.0
0.0	3.0	1.0	0.0	0.0	0.0
0.0	0.0	1.0	0.0	0.0	0.0
0.0	45.0	0.0	9.0	0.0	0.0
0.0	36.0	0.0	9.0	0.0	0.0
0.0	9.0	0.0	0.0	0.0	0.0
0.0	4.0	0.0	4.0	0.0	0.0
0.0	1.0	0.0	4.0	0.0	0.0
0.0	1.0	0.0	3.0	0.0	0.0
0.0	0.0	0.0	1.0	0.0	0.0
0.0	3.0	0.0	0.0	0.0	0.0
0.0	65.0	0.0	4.0	0.0	0.0
0.0	1.0	0.0	1.0	0.0	0.0
0.0	0.0	0.0	1.0	0.0	0.0
0.0	1.0	0.0	0.0	0.0	0.0
0.0	64.0	0.0	3.0	0.0	0.0
0.0	63.0	0.0	2.0	0.0	0.0
0.0	39.0	0.0	0.0	0.0	0.0
0.0	24.0	0.0	2.0	0.0	0.0
0.0	0.0	0.0	1.0	0.0	0.0
0.0	24.0	0.0	1.0	0.0	0.0
0.0	3.0	0.0	1.0	0.0	0.0
0.0	0.0	0.0	1.0	0.0	0.0
0.0	3.0	0.0	0.0	0.0	0.0
0.0	21.0	0.0	0.0	0.0	0.0
0.0	1.0	0.0	1.0	0.0	0.0
0.0	0.0	0.0	1.0	0.0	0.0
0.0	1.0	0.0	0.0	0.0	0.0
0.0	25.0	1.0	49.0	0.0	0.0
0.0	15.0	0.0	48.0	0.0	0.0
0.0	1.0	0.0	35.0	0.0	0.0
0.0	1.0	0.0	2.0	0.0	0.0
0.0	1.0	0.0	0.0	0.0	0.0
0.0	0.0	0.0	2.0	0.0	0.0
0.0	0.0	0.0	33.0	0.0	0.0
0.0	14.0	0.0	13.0	0.0	0.0
0.0	8.0	0.0	1.0	0.0	0.0
0.0	0.0	0.0	1.0	0.0	0.0
0.0	8.0	0.0	0.0	0.0	0.0
0.0	6.0	0.0	12.0	0.0	0.0
0.0	2.0	0.0	12.0	0.0	0.0
0.0	0.0	0.0	11.0	0.0	0.0
0.0	2.0	0.0	1.0	0.0	0.0
0.0	2.0	0.0	0.0	0.0	0.0
0.0	0.0	0.0	1.0	0.0	0.0
0.0	4.0	0.0	0.0	0.0	0.0
0.0	10.0	1.0	1.0	0.0	0.0
0.0	10.0	1.0	0.0	0.0	0.0
0.0	0.0	1.0	0.0	0.0	0.0
0.0	10.0	0.0	0.0	0.0	0.0
0.0	0.0	0.0	1.0	0.0	0.0
0.0	133.0	0.0	16.0	2.0	0.0
0.0	125.0	0.0	7.0	2.0	0.0
0.0	3.0	0.0	0.0	2.0	0.0
0.0	0.0	0.0	0.0	2.0	0.0
0.0	3.0	0.0	0.0	0.0	0.0
0.0	122.0	0.0	7.0	0.0	0.0
0.0	117.0	0.0	4.0	0.0	0.0
0.0	28.0	0.0	4.0	0.0	0.0
0.0	28.0	0.0	3.0	0.0	0.0
0.0	10.0	0.0	3.0	0.0	0.0
0.0	10.0	0.0	1.0	0.0	0.0
0.0	8.0	0.0	0.0	0.0	0.0
0.0	2.0	0.0	1.0	0.0	0.0
0.0	0.0	0.0	1.0	0.0	0.0
0.0	2.0	0.0	0.0	0.0	0.0
0.0	0.0	0.0	2.0	0.0	0.0
0.0	18.0	0.0	0.0	0.0	0.0
0.0	0.0	0.0	1.0	0.0	0.0
0.0	89.0	0.0	0.0	0.0	0.0
0.0	5.0	0.0	3.0	0.0	0.0
0.0	5.0	0.0	0.0	0.0	0.0
0.0	0.0	0.0	3.0	0.0	0.0
0.0	8.0	0.0	9.0	0.0	0.0
0.0	2.0	0.0	9.0	0.0	0.0
0.0	1.0	0.0	0.0	0.0	0.0
0.0	1.0	0.0	9.0	0.0	0.0
0.0	1.0	0.0	0.0	0.0	0.0
0.0	0.0	0.0	9.0	0.0	0.0
0.0	6.0	0.0	0.0	0.0	0.0
0.0	107.0	0.0	3.0	0.0	0.0
0.0	53.0	0.0	3.0	0.0	0.0
0.0	13.0	0.0	0.0	0.0	0.0
0.0	40.0	0.0	3.0	0.0	0.0
0.0	54.0	0.0	0.0	0.0	0.0
0.0	26.0	0.0	25.0	0.0	2.0
0.0	24.0	0.0	0.0	0.0	0.0
0.0	2.0	0.0	25.0	0.0	2.0
0.0	0.0	0.0	0.0	0.0	2.0
0.0	2.0	0.0	25.0	0.0	0.0
0.0	1.0	0.0	1.0	0.0	0.0
0.0	0.0	0.0	1.0	0.0	0.0
0.0	1.0	0.0	0.0	0.0	0.0
0.0	1.0	0.0	24.0	0.0	0.0
0.0	0.0	0.0	20.0	0.0	0.0
0.0	1.0	0.0	4.0	0.0	0.0
0.0	0.0	0.0	4.0	0.0	0.0
0.0	1.0	0.0	0.0	0.0	0.0
0.0	5.0	0.0	26.0	0.0	0.0
0.0	5.0	0.0	0.0	0.0	0.0
0.0	0.0	0.0	26.0	0.0	0.0
26.0	791.0	3.0	16.0	4.0	0.0
2.0	717.0	3.0	16.0	4.0	0.0
2.0	716.0	3.0	14.0	0.0	0.0
2.0	646.0	3.0	3.0	0.0	0.0
0.0	645.0	3.0	3.0	0.0	0.0
0.0	13.0	3.0	0.0	0.0	0.0
0.0	13.0	0.0	0.0	0.0	0.0
0.0	0.0	3.0	0.0	0.0	0.0
0.0	632.0	0.0	3.0	0.0	0.0
0.0	18.0	0.0	2.0	0.0	0.0
0.0	18.0	0.0	0.0	0.0	0.0
0.0	0.0	0.0	2.0	0.0	0.0
0.0	614.0	0.0	1.0	0.0	0.0
0.0	505.0	0.0	0.0	0.0	0.0
0.0	109.0	0.0	1.0	0.0	0.0
0.0	0.0	0.0	1.0	0.0	0.0
0.0	109.0	0.0	0.0	0.0	0.0
2.0	1.0	0.0	0.0	0.0	0.0
2.0	0.0	0.0	0.0	0.0	0.0
0.0	1.0	0.0	0.0	0.0	0.0
0.0	70.0	0.0	11.0	0.0	0.0
0.0	9.0	0.0	11.0	0.0	0.0
0.0	9.0	0.0	2.0	0.0	0.0
0.0	2.0	0.0	2.0	0.0	0.0
0.0	2.0	0.0	1.0	0.0	0.0
0.0	0.0	0.0	1.0	0.0	0.0
0.0	7.0	0.0	0.0	0.0	0.0
0.0	0.0	0.0	9.0	0.0	0.0
0.0	61.0	0.0	0.0	0.0	0.0
0.0	1.0	0.0	2.0	4.0	0.0
0.0	0.0	0.0	2.0	0.0	0.0
0.0	1.0	0.0	0.0	4.0	0.0
0.0	0.0	0.0	0.0	4.0	0.0
0.0	1.0	0.0	0.0	0.0	0.0
24.0	74.0	0.0	0.0	0.0	0.0
22.0	0.0	0.0	0.0	0.0	0.0
2.0	74.0	0.0	0.0	0.0	0.0
2.0	8.0	0.0	0.0	0.0	0.0
0.0	2.0	0.0	0.0	0.0	0.0
2.0	6.0	0.0	0.0	0.0	0.0
0.0	66.0	0.0	0.0	0.0	0.0
56.0	5.0	0.0	0.0	0.0	0.0
0.0	4.0	0.0	0.0	0.0	0.0
56.0	1.0	0.0	0.0	0.0	0.0
55.0	0.0	0.0	0.0	0.0	0.0
1.0	1.0	0.0	0.0	0.0	0.0
1.0	0.0	0.0	0.0	0.0	0.0
0.0	1.0	0.0	0.0	0.0	0.0
