# Sizes (NFeatures, Nclasses, NodeCount, MaxDepth)
10	6	255	16
# Classes
0.0	1.0	2.0	3.0	4.0	5.0
# Feature Names
Nrows	Ncols	Nnnz	AvgNnnz	Density	MaxRowNnnz	MinRowNnnz	StdRowNnnz	NDiags	NTrueDiags
# Left
1	2	3	4	5	6	7	-1	-1	-1	11	12	13	14	15	-1	17	-1	-1	20	-1	-1	23	24	-1	-1	27	28	-1	-1	-1	32	33	34	-1	36	37	-1	-1	-1	41	42	43	-1	-1	-1	-1	-1	49	50	-1	-1	53	54	-1	56	-1	58	-1	-1	-1	62	63	-1	-1	66	-1	68	69	-1	-1	-1	73	74	75	76	-1	-1	79	-1	-1	82	83	84	-1	-1	87	88	89	-1	-1	-1	93	-1	-1	-1	97	98	99	-1	101	102	103	-1	105	-1	107	-1	109	110	111	112	-1	-1	-1	-1	117	-1	-1	-1	-1	122	123	124	-1	126	127	-1	-1	130	-1	132	-1	134	135	-1	-1	-1	-1	-1	141	142	143	-1	-1	146	147	-1	149	-1	-1	152	-1	154	155	-1	-1	-1	159	160	161	-1	163	-1	-1	166	-1	168	-1	-1	-1	172	173	174	175	-1	-1	178	179	180	181	-1	-1	184	185	186	-1	-1	189	-1	-1	-1	193	194	-1	196	-1	198	-1	-1	201	-1	203	-1	205	206	207	208	-1	210	-1	-1	213	214	-1	-1	-1	218	-1	-1	221	222	-1	-1	-1	226	-1	-1	229	-1	231	-1	233	-1	-1	236	237	-1	-1	240	-1	242	-1	244	-1	-1	247	248	-1	250	-1	-1	253	-1	-1
# Right
246	171	72	61	10	9	8	-1	-1	-1	48	31	22	19	16	-1	18	-1	-1	21	-1	-1	26	25	-1	-1	30	29	-1	-1	-1	47	40	35	-1	39	38	-1	-1	-1	46	45	44	-1	-1	-1	-1	-1	52	51	-1	-1	60	55	-1	57	-1	59	-1	-1	-1	65	64	-1	-1	67	-1	71	70	-1	-1	-1	96	81	78	77	-1	-1	80	-1	-1	95	86	85	-1	-1	92	91	90	-1	-1	-1	94	-1	-1	-1	140	121	100	-1	120	119	104	-1	106	-1	108	-1	116	115	114	113	-1	-1	-1	-1	118	-1	-1	-1	-1	139	138	125	-1	129	128	-1	-1	131	-1	133	-1	137	136	-1	-1	-1	-1	-1	158	145	144	-1	-1	151	148	-1	150	-1	-1	153	-1	157	156	-1	-1	-1	170	165	162	-1	164	-1	-1	167	-1	169	-1	-1	-1	235	228	177	176	-1	-1	225	192	183	182	-1	-1	191	188	187	-1	-1	190	-1	-1	-1	200	195	-1	197	-1	199	-1	-1	202	-1	204	-1	220	217	212	209	-1	211	-1	-1	216	215	-1	-1	-1	219	-1	-1	224	223	-1	-1	-1	227	-1	-1	230	-1	232	-1	234	-1	-1	239	238	-1	-1	241	-1	243	-1	245	-1	-1	252	249	-1	251	-1	-1	254	-1	-1
# Threshold
16358.5	31.5	28.0	83495.5	135.0	9.5	3.0	-2.0	-2.0	-2.0	7.5	2602.5	3.5	6338.5	1.7136950492858887	-2.0	6.5	-2.0	-2.0	1.0218382757157087	-2.0	-2.0	0.17116349935531616	1400.0	-2.0	-2.0	0.4322035014629364	9666.0	-2.0	-2.0	-2.0	5.083095073699951	28309.5	5119.5	-2.0	4.1230950355529785	0.0010666649613995105	-2.0	-2.0	-2.0	33383.0	0.00042222200136166066	0.5001000165939331	-2.0	-2.0	-2.0	-2.0	-2.0	5.6407201290130615	15.0	-2.0	-2.0	1931.0	7.986629962921143	-2.0	630.0	-2.0	976.0	-2.0	-2.0	-2.0	97324.0	10900.0	-2.0	-2.0	24996.5	-2.0	54576.0	1.5	-2.0	-2.0	-2.0	63.5	0.033212500624358654	2.5	0.02195604983717203	-2.0	-2.0	6.0247650146484375	-2.0	-2.0	5.789245128631592	0.5	53.0	-2.0	-2.0	0.15711800009012222	0.7982225120067596	2.5	-2.0	-2.0	-2.0	36.0	-2.0	-2.0	-2.0	23559.0	650.0	0.10647950321435928	-2.0	23.5	3.9375948905944824	0.005458085099235177	-2.0	93.0	-2.0	74.5	-2.0	2.6681699752807617	1.5116450190544128	0.022084299474954605	11.5	-2.0	-2.0	-2.0	-2.0	15.5	-2.0	-2.0	-2.0	-2.0	0.01102855009958148	2992.0	78.0	-2.0	2090.0	1.5356199741363525	-2.0	-2.0	7075.0	-2.0	7409.0	-2.0	1363.0	1308.5	-2.0	-2.0	-2.0	-2.0	-2.0	10.254549980163574	481.5	12519.0	-2.0	-2.0	0.0006655655161011964	9.556204795837402	-2.0	9.902134895324707	-2.0	-2.0	6829.5	-2.0	3000.0	0.0008366760157514364	-2.0	-2.0	-2.0	0.0007934024906717241	2191.0	852.0	-2.0	26.5	-2.0	-2.0	5.118204832077026	-2.0	15.00285005569458	-2.0	-2.0	-2.0	12301300.0	4897.0	104.0	11167.5	-2.0	-2.0	185.08599853515625	39.5	0.00015892100054770708	3.8501299619674683	-2.0	-2.0	7951.0	7.074764966964722	5890.0	-2.0	-2.0	7.896695137023926	-2.0	-2.0	-2.0	285778.0	1298.0	-2.0	0.0034212350146844983	-2.0	2.5	-2.0	-2.0	1.9545449614524841	-2.0	290158.5	-2.0	89.5	26.319050788879395	56089.5	54.163551330566406	-2.0	0.0007799135055392981	-2.0	-2.0	42.0	46943.5	-2.0	-2.0	-2.0	27763.0	-2.0	-2.0	111.5	31.76200008392334	-2.0	-2.0	-2.0	29.5	-2.0	-2.0	8.863275051116943	-2.0	14336.0	-2.0	113694.5	-2.0	-2.0	94.5	11.82829999923706	-2.0	-2.0	4273090.0	-2.0	4.0799898215482244e-06	-2.0	21.25850009918213	-2.0	-2.0	208226504.0	0.0003063354961341247	-2.0	325049.0	-2.0	-2.0	1634523.5	-2.0	-2.0
# Feature
5	5	8	2	2	0	6	-2	-2	-2	5	0	6	2	7	-2	8	-2	-2	7	-2	-2	7	1	-2	-2	7	2	-2	-2	-2	3	2	2	-2	3	4	-2	-2	-2	1	4	7	-2	-2	-2	-2	-2	3	8	-2	-2	0	3	-2	0	-2	0	-2	-2	-2	2	0	-2	-2	0	-2	0	6	-2	-2	-2	8	4	9	4	-2	-2	7	-2	-2	7	9	8	-2	-2	4	7	6	-2	-2	-2	1	-2	-2	-2	2	1	7	-2	5	7	4	-2	8	-2	1	-2	7	7	4	5	-2	-2	-2	-2	5	-2	-2	-2	-2	4	8	8	-2	2	3	-2	-2	2	-2	2	-2	1	0	-2	-2	-2	-2	-2	3	8	1	-2	-2	4	3	-2	3	-2	-2	0	-2	8	4	-2	-2	-2	4	8	8	-2	5	-2	-2	7	-2	3	-2	-2	-2	2	5	8	1	-2	-2	3	5	4	7	-2	-2	2	7	2	-2	-2	3	-2	-2	-2	2	5	-2	4	-2	9	-2	-2	7	-2	2	-2	5	7	8	3	-2	4	-2	-2	9	1	-2	-2	-2	0	-2	-2	5	7	-2	-2	-2	9	-2	-2	3	-2	5	-2	0	-2	-2	5	7	-2	-2	8	-2	4	-2	3	-2	-2	2	4	-2	8	-2	-2	1	-2	-2
# Values
80.0	1302.0	56.0	231.0	12.0	0.0
22.0	1298.0	56.0	231.0	12.0	0.0
1.0	354.0	48.0	188.0	11.0	0.0
1.0	33.0	28.0	63.0	8.0	0.0
1.0	23.0	15.0	62.0	8.0	0.0
1.0	11.0	0.0	0.0	2.0	0.0
1.0	0.0	0.0	0.0	2.0	0.0
1.0	0.0	0.0	0.0	0.0	0.0
0.0	0.0	0.0	0.0	2.0	0.0
0.0	11.0	0.0	0.0	0.0	0.0
0.0	12.0	15.0	62.0	6.0	0.0
0.0	5.0	7.0	55.0	6.0	0.0
0.0	1.0	2.0	50.0	4.0	0.0
0.0	1.0	1.0	39.0	0.0	0.0
0.0	1.0	0.0	37.0	0.0	0.0
0.0	0.0	0.0	33.0	0.0	0.0
0.0	1.0	0.0	4.0	0.0	0.0
0.0	1.0	0.0	0.0	0.0	0.0
0.0	0.0	0.0	4.0	0.0	0.0
0.0	0.0	1.0	2.0	0.0	0.0
0.0	0.0	1.0	0.0	0.0	0.0
0.0	0.0	0.0	2.0	0.0	0.0
0.0	0.0	1.0	11.0	4.0	0.0
0.0	0.0	0.0	2.0	4.0	0.0
0.0	0.0	0.0	1.0	4.0	0.0
0.0	0.0	0.0	1.0	0.0	0.0
0.0	0.0	1.0	9.0	0.0	0.0
0.0	0.0	1.0	2.0	0.0	0.0
0.0	0.0	1.0	0.0	0.0	0.0
0.0	0.0	0.0	2.0	0.0	0.0
0.0	0.0	0.0	7.0	0.0	0.0
0.0	4.0	5.0	5.0	2.0	0.0
0.0	1.0	5.0	5.0	2.0	0.0
0.0	0.0	5.0	2.0	1.0	0.0
0.0	0.0	0.0	0.0	1.0	0.0
0.0	0.0	5.0	2.0	0.0	0.0
0.0	0.0	5.0	1.0	0.0	0.0
0.0	0.0	3.0	0.0	0.0	0.0
0.0	0.0	2.0	1.0	0.0	0.0
0.0	0.0	0.0	1.0	0.0	0.0
0.0	1.0	0.0	3.0	1.0	0.0
0.0	0.0	0.0	3.0	1.0	0.0
0.0	0.0	0.0	1.0	1.0	0.0
0.0	0.0	0.0	0.0	1.0	0.0
0.0	0.0	0.0	1.0	0.0	0.0
0.0	0.0	0.0	2.0	0.0	0.0
0.0	1.0	0.0	0.0	0.0	0.0
0.0	3.0	0.0	0.0	0.0	0.0
0.0	7.0	8.0	7.0	0.0	0.0
0.0	0.0	7.0	3.0	0.0	0.0
0.0	0.0	0.0	3.0	0.0	0.0
0.0	0.0	7.0	0.0	0.0	0.0
0.0	7.0	1.0	4.0	0.0	0.0
0.0	3.0	1.0	4.0	0.0	0.0
0.0	0.0	0.0	3.0	0.0	0.0
0.0	3.0	1.0	1.0	0.0	0.0
0.0	3.0	0.0	0.0	0.0	0.0
0.0	0.0	1.0	1.0	0.0	0.0
0.0	0.0	1.0	0.0	0.0	0.0
0.0	0.0	0.0	1.0	0.0	0.0
0.0	4.0	0.0	0.0	0.0	0.0
0.0	10.0	13.0	1.0	0.0	0.0
0.0	6.0	1.0	1.0	0.0	0.0
0.0	3.0	1.0	1.0	0.0	0.0
0.0	3.0	0.0	0.0	0.0	0.0
0.0	4.0	12.0	0.0	0.0	0.0
0.0	0.0	7.0	0.0	0.0	0.0
0.0	4.0	5.0	0.0	0.0	0.0
0.0	4.0	2.0	0.0	0.0	0.0
0.0	0.0	2.0	0.0	0.0	0.0
0.0	4.0	0.0	0.0	0.0	0.0
0.0	0.0	3.0	0.0	0.0	0.0
0.0	321.0	20.0	125.0	3.0	0.0
0.0	30.0	20.0	1.0	0.0	0.0
0.0	5.0	16.0	1.0	0.0	0.0
0.0	3.0	0.0	1.0	0.0	0.0
0.0	3.0	0.0	0.0	0.0	0.0
0.0	0.0	0.0	1.0	0.0	0.0
0.0	2.0	16.0	0.0	0.0	0.0
0.0	0.0	16.0	0.0	0.0	0.0
0.0	2.0	0.0	0.0	0.0	0.0
0.0	25.0	4.0	0.0	0.0	0.0
0.0	25.0	3.0	0.0	0.0	0.0
0.0	1.0	1.0	0.0	0.0	0.0
0.0	0.0	1.0	0.0	0.0	0.0
0.0	1.0	0.0	0.0	0.0	0.0
0.0	24.0	2.0	0.0	0.0	0.0
0.0	23.0	1.0	0.0	0.0	0.0
0.0	4.0	1.0	0.0	0.0	0.0
0.0	0.0	1.0	0.0	0.0	0.0
0.0	4.0	0.0	0.0	0.0	0.0
0.0	19.0	0.0	0.0	0.0	0.0
0.0	1.0	1.0	0.0	0.0	0.0
0.0	1.0	0.0	0.0	0.0	0.0
0.0	0.0	1.0	0.0	0.0	0.0
0.0	0.0	1.0	0.0	0.0	0.0
0.0	291.0	0.0	124.0	3.0	0.0
0.0	112.0	0.0	84.0	3.0	0.0
0.0	95.0	0.0	20.0	3.0	0.0
0.0	0.0	0.0	0.0	3.0	0.0
0.0	95.0	0.0	20.0	0.0	0.0
0.0	72.0	0.0	20.0	0.0	0.0
0.0	72.0	0.0	17.0	0.0	0.0
0.0	1.0	0.0	2.0	0.0	0.0
0.0	71.0	0.0	15.0	0.0	0.0
0.0	15.0	0.0	0.0	0.0	0.0
0.0	56.0	0.0	15.0	0.0	0.0
0.0	0.0	0.0	2.0	0.0	0.0
0.0	56.0	0.0	13.0	0.0	0.0
0.0	53.0	0.0	10.0	0.0	0.0
0.0	36.0	0.0	10.0	0.0	0.0
0.0	31.0	0.0	10.0	0.0	0.0
0.0	1.0	0.0	1.0	0.0	0.0
0.0	30.0	0.0	9.0	0.0	0.0
0.0	5.0	0.0	0.0	0.0	0.0
0.0	17.0	0.0	0.0	0.0	0.0
0.0	3.0	0.0	3.0	0.0	0.0
0.0	0.0	0.0	3.0	0.0	0.0
0.0	3.0	0.0	0.0	0.0	0.0
0.0	0.0	0.0	3.0	0.0	0.0
0.0	23.0	0.0	0.0	0.0	0.0
0.0	17.0	0.0	64.0	0.0	0.0
0.0	13.0	0.0	64.0	0.0	0.0
0.0	10.0	0.0	64.0	0.0	0.0
0.0	2.0	0.0	0.0	0.0	0.0
0.0	8.0	0.0	64.0	0.0	0.0
0.0	3.0	0.0	2.0	0.0	0.0
0.0	0.0	0.0	1.0	0.0	0.0
0.0	3.0	0.0	1.0	0.0	0.0
0.0	5.0	0.0	62.0	0.0	0.0
0.0	0.0	0.0	34.0	0.0	0.0
0.0	5.0	0.0	28.0	0.0	0.0
0.0	3.0	0.0	0.0	0.0	0.0
0.0	2.0	0.0	28.0	0.0	0.0
0.0	2.0	0.0	3.0	0.0	0.0
0.0	0.0	0.0	3.0	0.0	0.0
0.0	2.0	0.0	0.0	0.0	0.0
0.0	0.0	0.0	25.0	0.0	0.0
0.0	3.0	0.0	0.0	0.0	0.0
0.0	4.0	0.0	0.0	0.0	0.0
0.0	179.0	0.0	40.0	0.0	0.0
0.0	151.0	0.0	7.0	0.0	0.0
0.0	5.0	0.0	3.0	0.0	0.0
0.0	5.0	0.0	0.0	0.0	0.0
0.0	0.0	0.0	3.0	0.0	0.0
0.0	146.0	0.0	4.0	0.0	0.0
0.0	128.0	0.0	1.0	0.0	0.0
0.0	125.0	0.0	0.0	0.0	0.0
0.0	3.0	0.0	1.0	0.0	0.0
0.0	0.0	0.0	1.0	0.0	0.0
0.0	3.0	0.0	0.0	0.0	0.0
0.0	18.0	0.0	3.0	0.0	0.0
0.0	14.0	0.0	0.0	0.0	0.0
0.0	4.0	0.0	3.0	0.0	0.0
0.0	4.0	0.0	1.0	0.0	0.0
0.0	3.0	0.0	1.0	0.0	0.0
0.0	1.0	0.0	0.0	0.0	0.0
0.0	0.0	0.0	2.0	0.0	0.0
0.0	28.0	0.0	33.0	0.0	0.0
0.0	7.0	0.0	33.0	0.0	0.0
0.0	6.0	0.0	6.0	0.0	0.0
0.0	0.0	0.0	5.0	0.0	0.0
0.0	6.0	0.0	1.0	0.0	0.0
0.0	6.0	0.0	0.0	0.0	0.0
0.0	0.0	0.0	1.0	0.0	0.0
0.0	1.0	0.0	27.0	0.0	0.0
0.0	0.0	0.0	26.0	0.0	0.0
0.0	1.0	0.0	1.0	0.0	0.0
0.0	0.0	0.0	1.0	0.0	0.0
0.0	1.0	0.0	0.0	0.0	0.0
0.0	21.0	0.0	0.0	0.0	0.0
21.0	944.0	8.0	43.0	1.0	0.0
19.0	908.0	8.0	17.0	0.0	0.0
5.0	852.0	8.0	17.0	0.0	0.0
0.0	21.0	8.0	0.0	0.0	0.0
0.0	21.0	0.0	0.0	0.0	0.0
0.0	0.0	8.0	0.0	0.0	0.0
5.0	831.0	0.0	17.0	0.0	0.0
3.0	825.0	0.0	17.0	0.0	0.0
0.0	104.0	0.0	8.0	0.0	0.0
0.0	1.0	0.0	2.0	0.0	0.0
0.0	1.0	0.0	0.0	0.0	0.0
0.0	0.0	0.0	2.0	0.0	0.0
0.0	103.0	0.0	6.0	0.0	0.0
0.0	55.0	0.0	6.0	0.0	0.0
0.0	53.0	0.0	5.0	0.0	0.0
0.0	12.0	0.0	0.0	0.0	0.0
0.0	41.0	0.0	5.0	0.0	0.0
0.0	2.0	0.0	1.0	0.0	0.0
0.0	0.0	0.0	1.0	0.0	0.0
0.0	2.0	0.0	0.0	0.0	0.0
0.0	48.0	0.0	0.0	0.0	0.0
3.0	721.0	0.0	9.0	0.0	0.0
3.0	436.0	0.0	0.0	0.0	0.0
0.0	338.0	0.0	0.0	0.0	0.0
3.0	98.0	0.0	0.0	0.0	0.0
0.0	43.0	0.0	0.0	0.0	0.0
3.0	55.0	0.0	0.0	0.0	0.0
3.0	47.0	0.0	0.0	0.0	0.0
0.0	8.0	0.0	0.0	0.0	0.0
0.0	285.0	0.0	9.0	0.0	0.0
0.0	0.0	0.0	1.0	0.0	0.0
0.0	285.0	0.0	8.0	0.0	0.0
0.0	0.0	0.0	1.0	0.0	0.0
0.0	285.0	0.0	7.0	0.0	0.0
0.0	65.0	0.0	6.0	0.0	0.0
0.0	63.0	0.0	3.0	0.0	0.0
0.0	55.0	0.0	1.0	0.0	0.0
0.0	52.0	0.0	0.0	0.0	0.0
0.0	3.0	0.0	1.0	0.0	0.0
0.0	0.0	0.0	1.0	0.0	0.0
0.0	3.0	0.0	0.0	0.0	0.0
0.0	8.0	0.0	2.0	0.0	0.0
0.0	8.0	0.0	1.0	0.0	0.0
0.0	0.0	0.0	1.0	0.0	0.0
0.0	8.0	0.0	0.0	0.0	0.0
0.0	0.0	0.0	1.0	0.0	0.0
0.0	2.0	0.0	3.0	0.0	0.0
0.0	2.0	0.0	0.0	0.0	0.0
0.0	0.0	0.0	3.0	0.0	0.0
0.0	220.0	0.0	1.0	0.0	0.0
0.0	25.0	0.0	1.0	0.0	0.0
0.0	25.0	0.0	0.0	0.0	0.0
0.0	0.0	0.0	1.0	0.0	0.0
0.0	195.0	0.0	0.0	0.0	0.0
2.0	6.0	0.0	0.0	0.0	0.0
2.0	0.0	0.0	0.0	0.0	0.0
0.0	6.0	0.0	0.0	0.0	0.0
14.0	56.0	0.0	0.0	0.0	0.0
13.0	0.0	0.0	0.0	0.0	0.0
1.0	56.0	0.0	0.0	0.0	0.0
0.0	55.0	0.0	0.0	0.0	0.0
1.0	1.0	0.0	0.0	0.0	0.0
0.0	1.0	0.0	0.0	0.0	0.0
1.0	0.0	0.0	0.0	0.0	0.0
2.0	36.0	0.0	26.0	1.0	0.0
0.0	2.0	0.0	26.0	0.0	0.0
0.0	0.0	0.0	26.0	0.0	0.0
0.0	2.0	0.0	0.0	0.0	0.0
2.0	34.0	0.0	0.0	1.0	0.0
0.0	31.0	0.0	0.0	0.0	0.0
2.0	3.0	0.0	0.0	1.0	0.0
0.0	3.0	0.0	0.0	0.0	0.0
2.0	0.0	0.0	0.0	1.0	0.0
2.0	0.0	0.0	0.0	0.0	0.0
0.0	0.0	0.0	0.0	1.0	0.0
58.0	4.0	0.0	0.0	0.0	0.0
57.0	2.0	0.0	0.0	0.0	0.0
52.0	0.0	0.0	0.0	0.0	0.0
5.0	2.0	0.0	0.0	0.0	0.0
5.0	0.0	0.0	0.0	0.0	0.0
0.0	2.0	0.0	0.0	0.0	0.0
1.0	2.0	0.0	0.0	0.0	0.0
1.0	0.0	0.0	0.0	0.0	0.0
0.0	2.0	0.0	0.0	0.0	0.0
