# Sizes (NFeatures, Nclasses, NodeCount, MaxDepth)
10	6	271	16
# Classes
0.0	1.0	2.0	3.0	4.0	5.0
# Feature Names
Nrows	Ncols	Nnnz	AvgNnnz	Density	MaxRowNnnz	MinRowNnnz	StdRowNnnz	NDiags	NTrueDiags
# Left
1	2	3	4	-1	-1	-1	8	9	10	-1	12	13	-1	15	-1	-1	18	19	20	-1	-1	-1	24	25	-1	27	-1	-1	30	31	-1	-1	34	35	-1	-1	-1	39	40	41	42	-1	-1	45	-1	47	48	49	-1	51	-1	-1	-1	-1	56	-1	-1	-1	60	61	62	-1	64	65	-1	-1	68	-1	70	-1	-1	-1	74	-1	76	-1	78	-1	80	81	-1	-1	-1	85	86	87	88	-1	90	91	92	93	-1	-1	-1	-1	98	99	-1	101	-1	-1	104	105	106	-1	-1	-1	110	-1	-1	113	114	115	116	117	-1	119	-1	-1	-1	123	124	125	126	-1	128	-1	-1	131	-1	-1	134	-1	-1	-1	-1	139	140	141	142	-1	-1	145	146	147	148	149	-1	-1	152	153	-1	-1	156	-1	158	-1	-1	161	162	-1	164	165	-1	167	-1	-1	-1	-1	172	-1	-1	175	-1	177	-1	-1	-1	181	182	-1	184	185	-1	-1	-1	189	-1	-1	192	193	194	195	-1	197	198	-1	-1	201	202	203	204	205	-1	-1	208	-1	-1	-1	212	-1	214	-1	-1	217	218	-1	220	221	-1	-1	-1	-1	226	-1	-1	229	230	-1	-1	233	234	-1	-1	237	238	-1	-1	241	242	-1	-1	-1	246	247	248	-1	-1	251	-1	-1	254	255	-1	257	258	-1	260	-1	262	-1	-1	265	-1	-1	-1	269	-1	-1
# Right
84	7	6	5	-1	-1	-1	59	38	11	-1	17	14	-1	16	-1	-1	23	22	21	-1	-1	-1	29	26	-1	28	-1	-1	33	32	-1	-1	37	36	-1	-1	-1	58	55	44	43	-1	-1	46	-1	54	53	50	-1	52	-1	-1	-1	-1	57	-1	-1	-1	73	72	63	-1	67	66	-1	-1	69	-1	71	-1	-1	-1	75	-1	77	-1	79	-1	83	82	-1	-1	-1	268	191	112	89	-1	97	96	95	94	-1	-1	-1	-1	103	100	-1	102	-1	-1	109	108	107	-1	-1	-1	111	-1	-1	138	137	122	121	118	-1	120	-1	-1	-1	136	133	130	127	-1	129	-1	-1	132	-1	-1	135	-1	-1	-1	-1	180	179	144	143	-1	-1	174	171	160	151	150	-1	-1	155	154	-1	-1	157	-1	159	-1	-1	170	163	-1	169	166	-1	168	-1	-1	-1	-1	173	-1	-1	176	-1	178	-1	-1	-1	188	183	-1	187	186	-1	-1	-1	190	-1	-1	245	228	225	196	-1	200	199	-1	-1	216	211	210	207	206	-1	-1	209	-1	-1	-1	213	-1	215	-1	-1	224	219	-1	223	222	-1	-1	-1	-1	227	-1	-1	232	231	-1	-1	236	235	-1	-1	240	239	-1	-1	244	243	-1	-1	-1	253	250	249	-1	-1	252	-1	-1	267	256	-1	264	259	-1	261	-1	263	-1	-1	266	-1	-1	-1	270	-1	-1
# Threshold
53.0	115.0	9.5	25.5	-2.0	-2.0	-2.0	18.0	3001.0	19.5	-2.0	481.0	9.5	-2.0	12.5	-2.0	-2.0	889.0	656.0	0.009498595260083675	-2.0	-2.0	-2.0	0.3951124995946884	7.5	-2.0	2500.0	-2.0	-2.0	1500.0	2.5	-2.0	-2.0	8.0	0.5740395188331604	-2.0	-2.0	-2.0	264972.5	11553.0	0.00042222200136166066	0.2451779991388321	-2.0	-2.0	20016.5	-2.0	0.0010449740220792592	0.6037164926528931	0.0005079364927951247	-2.0	8400.5	-2.0	-2.0	-2.0	-2.0	1.0178300142288208	-2.0	-2.0	-2.0	254.0	47.5	4.5	-2.0	5.5	37.5	-2.0	-2.0	23.5	-2.0	19.5	-2.0	-2.0	-2.0	4.0	-2.0	15.5	-2.0	20.0	-2.0	16.951499938964844	2.429965019226074	-2.0	-2.0	-2.0	14701.0	31.5	672.0	0.10647950321435928	-2.0	0.5	12.5	392.5	243.0	-2.0	-2.0	-2.0	-2.0	227.5	504.0	-2.0	520.0	-2.0	-2.0	406.5	265.0	5.172384977340698	-2.0	-2.0	-2.0	1583.5	-2.0	-2.0	19525.5	0.01102855009958148	157.0	7080.0	2.4316799640655518	-2.0	4.5	-2.0	-2.0	-2.0	3642.5	12.0	2.3857150077819824	3.5	-2.0	4.0	-2.0	-2.0	0.0021062999730929732	-2.0	-2.0	1.5790749788284302	-2.0	-2.0	-2.0	-2.0	13.897250175476074	30.5	0.001544079976156354	74520.0	-2.0	-2.0	26170.0	19203.5	3.024720072746277	23559.0	2.5	-2.0	-2.0	435.5	6.379825115203857	-2.0	-2.0	3.5	-2.0	10049.0	-2.0	-2.0	4.518290042877197	187.5	-2.0	6774.5	27.5	-2.0	3998520.0	-2.0	-2.0	-2.0	-2.0	27250.0	-2.0	-2.0	6.0	-2.0	8.680794715881348	-2.0	-2.0	-2.0	0.0009635685128159821	140.5	-2.0	4.5	3.5	-2.0	-2.0	-2.0	59899.5	-2.0	-2.0	379126.0	19.0	4373.5	56.0	-2.0	2541.0	36.5	-2.0	-2.0	47248.5	755645.0	11398.0	4.01308012008667	0.003065279917791486	-2.0	-2.0	11245.5	-2.0	-2.0	-2.0	797492.0	-2.0	37.0	-2.0	-2.0	99.5	4.847914934158325	-2.0	195180.5	38056.5	-2.0	-2.0	-2.0	-2.0	9.15029001235962	-2.0	-2.0	0.0007799380109645426	0.0005275189905660227	-2.0	-2.0	51.5	38.5	-2.0	-2.0	0.0033436500234529376	103.5	-2.0	-2.0	20.5	7534.5	-2.0	-2.0	-2.0	82.5	10.342570066452026	1.652473509311676	-2.0	-2.0	11.689149856567383	-2.0	-2.0	8630295.0	413505.0	-2.0	122734500.0	3.7408350706100464	-2.0	4106725.0	-2.0	4.0799898215482244e-06	-2.0	-2.0	5898560.0	-2.0	-2.0	-2.0	44132.5	-2.0	-2.0
# Feature
8	2	0	2	-2	-2	-2	8	1	0	-2	0	9	-2	9	-2	-2	0	1	4	-2	-2	-2	7	8	-2	0	-2	-2	1	6	-2	-2	9	7	-2	-2	-2	2	1	4	7	-2	-2	2	-2	4	7	4	-2	0	-2	-2	-2	-2	7	-2	-2	-2	1	8	5	-2	9	8	-2	-2	1	-2	8	-2	-2	-2	5	-2	5	-2	9	-2	3	7	-2	-2	-2	5	5	0	7	-2	9	5	2	2	-2	-2	-2	-2	8	1	-2	1	-2	-2	1	8	3	-2	-2	-2	2	-2	-2	2	4	8	2	3	-2	9	-2	-2	-2	8	9	7	6	-2	9	-2	-2	4	-2	-2	7	-2	-2	-2	-2	3	5	7	1	-2	-2	8	8	7	2	9	-2	-2	8	3	-2	-2	9	-2	0	-2	-2	7	8	-2	8	5	-2	2	-2	-2	-2	-2	0	-2	-2	9	-2	3	-2	-2	-2	4	8	-2	6	6	-2	-2	-2	2	-2	-2	0	6	5	8	-2	2	5	-2	-2	8	2	2	7	4	-2	-2	2	-2	-2	-2	2	-2	5	-2	-2	5	7	-2	8	0	-2	-2	-2	-2	3	-2	-2	4	4	-2	-2	5	6	-2	-2	4	5	-2	-2	6	1	-2	-2	-2	5	3	7	-2	-2	7	-2	-2	0	1	-2	2	3	-2	8	-2	4	-2	-2	1	-2	-2	-2	8	-2	-2
# Values
69.0	1289.0	66.0	233.0	23.0	1.0
2.0	62.0	63.0	63.0	15.0	0.0
2.0	20.0	0.0	0.0	2.0	0.0
2.0	0.0	0.0	0.0	2.0	0.0
2.0	0.0	0.0	0.0	0.0	0.0
0.0	0.0	0.0	0.0	2.0	0.0
0.0	20.0	0.0	0.0	0.0	0.0
0.0	42.0	63.0	63.0	13.0	0.0
0.0	22.0	27.0	56.0	13.0	0.0
0.0	5.0	6.0	49.0	7.0	0.0
0.0	2.0	0.0	0.0	0.0	0.0
0.0	3.0	6.0	49.0	7.0	0.0
0.0	1.0	0.0	24.0	0.0	0.0
0.0	0.0	0.0	22.0	0.0	0.0
0.0	1.0	0.0	2.0	0.0	0.0
0.0	1.0	0.0	0.0	0.0	0.0
0.0	0.0	0.0	2.0	0.0	0.0
0.0	2.0	6.0	25.0	7.0	0.0
0.0	1.0	0.0	1.0	5.0	0.0
0.0	1.0	0.0	1.0	0.0	0.0
0.0	1.0	0.0	0.0	0.0	0.0
0.0	0.0	0.0	1.0	0.0	0.0
0.0	0.0	0.0	0.0	5.0	0.0
0.0	1.0	6.0	24.0	2.0	0.0
0.0	0.0	1.0	19.0	2.0	0.0
0.0	0.0	0.0	16.0	0.0	0.0
0.0	0.0	1.0	3.0	2.0	0.0
0.0	0.0	0.0	1.0	2.0	0.0
0.0	0.0	1.0	2.0	0.0	0.0
0.0	1.0	5.0	5.0	0.0	0.0
0.0	0.0	4.0	1.0	0.0	0.0
0.0	0.0	2.0	1.0	0.0	0.0
0.0	0.0	2.0	0.0	0.0	0.0
0.0	1.0	1.0	4.0	0.0	0.0
0.0	0.0	1.0	4.0	0.0	0.0
0.0	0.0	1.0	1.0	0.0	0.0
0.0	0.0	0.0	3.0	0.0	0.0
0.0	1.0	0.0	0.0	0.0	0.0
0.0	17.0	21.0	7.0	6.0	0.0
0.0	17.0	10.0	7.0	6.0	0.0
0.0	5.0	9.0	7.0	6.0	0.0
0.0	0.0	1.0	0.0	6.0	0.0
0.0	0.0	0.0	0.0	6.0	0.0
0.0	0.0	1.0	0.0	0.0	0.0
0.0	5.0	8.0	7.0	0.0	0.0
0.0	0.0	6.0	0.0	0.0	0.0
0.0	5.0	2.0	7.0	0.0	0.0
0.0	0.0	2.0	7.0	0.0	0.0
0.0	0.0	2.0	3.0	0.0	0.0
0.0	0.0	0.0	2.0	0.0	0.0
0.0	0.0	2.0	1.0	0.0	0.0
0.0	0.0	1.0	0.0	0.0	0.0
0.0	0.0	1.0	1.0	0.0	0.0
0.0	0.0	0.0	4.0	0.0	0.0
0.0	5.0	0.0	0.0	0.0	0.0
0.0	12.0	1.0	0.0	0.0	0.0
0.0	12.0	0.0	0.0	0.0	0.0
0.0	0.0	1.0	0.0	0.0	0.0
0.0	0.0	11.0	0.0	0.0	0.0
0.0	20.0	36.0	7.0	0.0	0.0
0.0	15.0	8.0	5.0	0.0	0.0
0.0	15.0	3.0	5.0	0.0	0.0
0.0	0.0	0.0	3.0	0.0	0.0
0.0	15.0	3.0	2.0	0.0	0.0
0.0	2.0	3.0	0.0	0.0	0.0
0.0	2.0	0.0	0.0	0.0	0.0
0.0	0.0	3.0	0.0	0.0	0.0
0.0	13.0	0.0	2.0	0.0	0.0
0.0	0.0	0.0	1.0	0.0	0.0
0.0	13.0	0.0	1.0	0.0	0.0
0.0	0.0	0.0	1.0	0.0	0.0
0.0	13.0	0.0	0.0	0.0	0.0
0.0	0.0	5.0	0.0	0.0	0.0
0.0	5.0	28.0	2.0	0.0	0.0
0.0	2.0	0.0	0.0	0.0	0.0
0.0	3.0	28.0	2.0	0.0	0.0
0.0	0.0	20.0	0.0	0.0	0.0
0.0	3.0	8.0	2.0	0.0	0.0
0.0	3.0	0.0	0.0	0.0	0.0
0.0	0.0	8.0	2.0	0.0	0.0
0.0	0.0	1.0	2.0	0.0	0.0
0.0	0.0	0.0	2.0	0.0	0.0
0.0	0.0	1.0	0.0	0.0	0.0
0.0	0.0	7.0	0.0	0.0	0.0
67.0	1227.0	3.0	170.0	8.0	1.0
19.0	1225.0	3.0	170.0	8.0	1.0
0.0	299.0	0.0	120.0	6.0	1.0
0.0	125.0	0.0	17.0	4.0	0.0
0.0	0.0	0.0	0.0	4.0	0.0
0.0	125.0	0.0	17.0	0.0	0.0
0.0	14.0	0.0	7.0	0.0	0.0
0.0	4.0	0.0	7.0	0.0	0.0
0.0	4.0	0.0	2.0	0.0	0.0
0.0	0.0	0.0	2.0	0.0	0.0
0.0	4.0	0.0	0.0	0.0	0.0
0.0	0.0	0.0	5.0	0.0	0.0
0.0	10.0	0.0	0.0	0.0	0.0
0.0	111.0	0.0	10.0	0.0	0.0
0.0	52.0	0.0	1.0	0.0	0.0
0.0	46.0	0.0	0.0	0.0	0.0
0.0	6.0	0.0	1.0	0.0	0.0
0.0	0.0	0.0	1.0	0.0	0.0
0.0	6.0	0.0	0.0	0.0	0.0
0.0	59.0	0.0	9.0	0.0	0.0
0.0	2.0	0.0	5.0	0.0	0.0
0.0	2.0	0.0	2.0	0.0	0.0
0.0	0.0	0.0	1.0	0.0	0.0
0.0	2.0	0.0	1.0	0.0	0.0
0.0	0.0	0.0	3.0	0.0	0.0
0.0	57.0	0.0	4.0	0.0	0.0
0.0	42.0	0.0	4.0	0.0	0.0
0.0	15.0	0.0	0.0	0.0	0.0
0.0	174.0	0.0	103.0	2.0	1.0
0.0	11.0	0.0	61.0	0.0	0.0
0.0	8.0	0.0	61.0	0.0	0.0
0.0	4.0	0.0	7.0	0.0	0.0
0.0	4.0	0.0	3.0	0.0	0.0
0.0	1.0	0.0	2.0	0.0	0.0
0.0	3.0	0.0	1.0	0.0	0.0
0.0	2.0	0.0	1.0	0.0	0.0
0.0	1.0	0.0	0.0	0.0	0.0
0.0	0.0	0.0	4.0	0.0	0.0
0.0	4.0	0.0	54.0	0.0	0.0
0.0	3.0	0.0	54.0	0.0	0.0
0.0	2.0	0.0	52.0	0.0	0.0
0.0	1.0	0.0	48.0	0.0	0.0
0.0	0.0	0.0	37.0	0.0	0.0
0.0	1.0	0.0	11.0	0.0	0.0
0.0	1.0	0.0	0.0	0.0	0.0
0.0	0.0	0.0	11.0	0.0	0.0
0.0	1.0	0.0	4.0	0.0	0.0
0.0	1.0	0.0	0.0	0.0	0.0
0.0	0.0	0.0	4.0	0.0	0.0
0.0	1.0	0.0	2.0	0.0	0.0
0.0	0.0	0.0	2.0	0.0	0.0
0.0	1.0	0.0	0.0	0.0	0.0
0.0	1.0	0.0	0.0	0.0	0.0
0.0	3.0	0.0	0.0	0.0	0.0
0.0	163.0	0.0	42.0	2.0	1.0
0.0	154.0	0.0	20.0	2.0	0.0
0.0	154.0	0.0	18.0	2.0	0.0
0.0	1.0	0.0	0.0	2.0	0.0
0.0	0.0	0.0	0.0	2.0	0.0
0.0	1.0	0.0	0.0	0.0	0.0
0.0	153.0	0.0	18.0	0.0	0.0
0.0	86.0	0.0	17.0	0.0	0.0
0.0	85.0	0.0	11.0	0.0	0.0
0.0	71.0	0.0	5.0	0.0	0.0
0.0	5.0	0.0	2.0	0.0	0.0
0.0	5.0	0.0	0.0	0.0	0.0
0.0	0.0	0.0	2.0	0.0	0.0
0.0	66.0	0.0	3.0	0.0	0.0
0.0	2.0	0.0	1.0	0.0	0.0
0.0	0.0	0.0	1.0	0.0	0.0
0.0	2.0	0.0	0.0	0.0	0.0
0.0	64.0	0.0	2.0	0.0	0.0
0.0	53.0	0.0	0.0	0.0	0.0
0.0	11.0	0.0	2.0	0.0	0.0
0.0	0.0	0.0	2.0	0.0	0.0
0.0	11.0	0.0	0.0	0.0	0.0
0.0	14.0	0.0	6.0	0.0	0.0
0.0	5.0	0.0	6.0	0.0	0.0
0.0	2.0	0.0	0.0	0.0	0.0
0.0	3.0	0.0	6.0	0.0	0.0
0.0	1.0	0.0	6.0	0.0	0.0
0.0	0.0	0.0	5.0	0.0	0.0
0.0	1.0	0.0	1.0	0.0	0.0
0.0	1.0	0.0	0.0	0.0	0.0
0.0	0.0	0.0	1.0	0.0	0.0
0.0	2.0	0.0	0.0	0.0	0.0
0.0	9.0	0.0	0.0	0.0	0.0
0.0	1.0	0.0	6.0	0.0	0.0
0.0	1.0	0.0	0.0	0.0	0.0
0.0	0.0	0.0	6.0	0.0	0.0
0.0	67.0	0.0	1.0	0.0	0.0
0.0	63.0	0.0	0.0	0.0	0.0
0.0	4.0	0.0	1.0	0.0	0.0
0.0	0.0	0.0	1.0	0.0	0.0
0.0	4.0	0.0	0.0	0.0	0.0
0.0	0.0	0.0	2.0	0.0	0.0
0.0	9.0	0.0	22.0	0.0	1.0
0.0	2.0	0.0	21.0	0.0	1.0
0.0	0.0	0.0	0.0	0.0	1.0
0.0	2.0	0.0	21.0	0.0	0.0
0.0	2.0	0.0	5.0	0.0	0.0
0.0	0.0	0.0	5.0	0.0	0.0
0.0	2.0	0.0	0.0	0.0	0.0
0.0	0.0	0.0	16.0	0.0	0.0
0.0	7.0	0.0	1.0	0.0	0.0
0.0	0.0	0.0	1.0	0.0	0.0
0.0	7.0	0.0	0.0	0.0	0.0
19.0	926.0	3.0	50.0	2.0	0.0
12.0	887.0	3.0	28.0	0.0	0.0
12.0	831.0	1.0	17.0	0.0	0.0
2.0	784.0	1.0	17.0	0.0	0.0
0.0	0.0	1.0	0.0	0.0	0.0
2.0	784.0	0.0	17.0	0.0	0.0
0.0	16.0	0.0	4.0	0.0	0.0
0.0	0.0	0.0	4.0	0.0	0.0
0.0	16.0	0.0	0.0	0.0	0.0
2.0	768.0	0.0	13.0	0.0	0.0
2.0	694.0	0.0	6.0	0.0	0.0
2.0	594.0	0.0	2.0	0.0	0.0
2.0	168.0	0.0	2.0	0.0	0.0
0.0	38.0	0.0	2.0	0.0	0.0
0.0	2.0	0.0	0.0	0.0	0.0
0.0	36.0	0.0	2.0	0.0	0.0
2.0	130.0	0.0	0.0	0.0	0.0
0.0	82.0	0.0	0.0	0.0	0.0
2.0	48.0	0.0	0.0	0.0	0.0
0.0	426.0	0.0	0.0	0.0	0.0
0.0	100.0	0.0	4.0	0.0	0.0
0.0	0.0	0.0	3.0	0.0	0.0
0.0	100.0	0.0	1.0	0.0	0.0
0.0	0.0	0.0	1.0	0.0	0.0
0.0	100.0	0.0	0.0	0.0	0.0
0.0	74.0	0.0	7.0	0.0	0.0
0.0	14.0	0.0	7.0	0.0	0.0
0.0	11.0	0.0	0.0	0.0	0.0
0.0	3.0	0.0	7.0	0.0	0.0
0.0	1.0	0.0	7.0	0.0	0.0
0.0	1.0	0.0	0.0	0.0	0.0
0.0	0.0	0.0	7.0	0.0	0.0
0.0	2.0	0.0	0.0	0.0	0.0
0.0	60.0	0.0	0.0	0.0	0.0
10.0	47.0	0.0	0.0	0.0	0.0
10.0	0.0	0.0	0.0	0.0	0.0
0.0	47.0	0.0	0.0	0.0	0.0
0.0	56.0	2.0	11.0	0.0	0.0
0.0	2.0	0.0	7.0	0.0	0.0
0.0	2.0	0.0	0.0	0.0	0.0
0.0	0.0	0.0	7.0	0.0	0.0
0.0	54.0	2.0	4.0	0.0	0.0
0.0	3.0	0.0	3.0	0.0	0.0
0.0	3.0	0.0	0.0	0.0	0.0
0.0	0.0	0.0	3.0	0.0	0.0
0.0	51.0	2.0	1.0	0.0	0.0
0.0	3.0	2.0	0.0	0.0	0.0
0.0	0.0	2.0	0.0	0.0	0.0
0.0	3.0	0.0	0.0	0.0	0.0
0.0	48.0	0.0	1.0	0.0	0.0
0.0	1.0	0.0	1.0	0.0	0.0
0.0	0.0	0.0	1.0	0.0	0.0
0.0	1.0	0.0	0.0	0.0	0.0
0.0	47.0	0.0	0.0	0.0	0.0
7.0	39.0	0.0	22.0	2.0	0.0
2.0	2.0	0.0	20.0	0.0	0.0
2.0	1.0	0.0	0.0	0.0	0.0
2.0	0.0	0.0	0.0	0.0	0.0
0.0	1.0	0.0	0.0	0.0	0.0
0.0	1.0	0.0	20.0	0.0	0.0
0.0	0.0	0.0	20.0	0.0	0.0
0.0	1.0	0.0	0.0	0.0	0.0
5.0	37.0	0.0	2.0	2.0	0.0
2.0	37.0	0.0	2.0	2.0	0.0
0.0	0.0	0.0	2.0	0.0	0.0
2.0	37.0	0.0	0.0	2.0	0.0
2.0	36.0	0.0	0.0	0.0	0.0
1.0	0.0	0.0	0.0	0.0	0.0
1.0	36.0	0.0	0.0	0.0	0.0
0.0	32.0	0.0	0.0	0.0	0.0
1.0	4.0	0.0	0.0	0.0	0.0
0.0	4.0	0.0	0.0	0.0	0.0
1.0	0.0	0.0	0.0	0.0	0.0
0.0	1.0	0.0	0.0	2.0	0.0
0.0	0.0	0.0	0.0	2.0	0.0
0.0	1.0	0.0	0.0	0.0	0.0
3.0	0.0	0.0	0.0	0.0	0.0
48.0	2.0	0.0	0.0	0.0	0.0
0.0	2.0	0.0	0.0	0.0	0.0
48.0	0.0	0.0	0.0	0.0	0.0
