# Sizes (NFeatures, Nclasses, NodeCount, MaxDepth)
10	6	269	16
# Classes
0.0	1.0	2.0	3.0	4.0	5.0
# Feature Names
Nrows	Ncols	Nnnz	AvgNnnz	Density	MaxRowNnnz	MinRowNnnz	StdRowNnnz	NDiags	NTrueDiags
# Left
1	2	3	4	5	6	7	8	-1	-1	11	-1	13	-1	-1	16	17	-1	19	20	21	22	23	24	-1	-1	27	-1	-1	-1	31	-1	33	-1	-1	-1	37	38	39	40	-1	-1	-1	-1	45	-1	47	-1	49	50	-1	52	-1	54	-1	-1	-1	-1	59	-1	61	62	-1	64	-1	-1	-1	-1	69	70	71	72	-1	74	75	76	-1	78	-1	-1	81	82	-1	84	-1	-1	87	88	-1	90	-1	-1	-1	94	95	96	97	-1	-1	-1	-1	102	103	104	105	106	107	-1	-1	110	-1	-1	-1	114	-1	-1	117	118	119	120	-1	122	-1	-1	-1	-1	-1	-1	129	130	131	132	133	134	-1	-1	-1	-1	139	-1	141	-1	143	144	-1	-1	-1	148	-1	150	-1	-1	153	154	-1	156	-1	158	159	160	-1	-1	-1	164	-1	166	-1	-1	169	-1	171	-1	-1	174	175	176	-1	-1	179	-1	181	182	-1	-1	185	-1	187	-1	-1	190	-1	192	-1	194	-1	-1	197	-1	-1	200	201	202	203	204	205	-1	207	208	209	-1	211	-1	-1	-1	-1	216	217	-1	219	-1	-1	222	-1	224	225	-1	-1	-1	229	-1	-1	232	233	234	235	236	-1	-1	239	-1	-1	-1	-1	-1	245	246	-1	-1	249	-1	-1	252	-1	254	255	-1	257	-1	-1	260	-1	-1	263	-1	265	-1	267	-1	-1
# Right
262	199	68	67	58	15	10	9	-1	-1	12	-1	14	-1	-1	57	18	-1	36	35	30	29	26	25	-1	-1	28	-1	-1	-1	32	-1	34	-1	-1	-1	44	43	42	41	-1	-1	-1	-1	46	-1	48	-1	56	51	-1	53	-1	55	-1	-1	-1	-1	60	-1	66	63	-1	65	-1	-1	-1	-1	196	173	128	73	-1	93	80	77	-1	79	-1	-1	86	83	-1	85	-1	-1	92	89	-1	91	-1	-1	-1	101	100	99	98	-1	-1	-1	-1	127	116	113	112	109	108	-1	-1	111	-1	-1	-1	115	-1	-1	126	125	124	121	-1	123	-1	-1	-1	-1	-1	-1	152	147	138	137	136	135	-1	-1	-1	-1	140	-1	142	-1	146	145	-1	-1	-1	149	-1	151	-1	-1	168	155	-1	157	-1	163	162	161	-1	-1	-1	165	-1	167	-1	-1	170	-1	172	-1	-1	189	178	177	-1	-1	180	-1	184	183	-1	-1	186	-1	188	-1	-1	191	-1	193	-1	195	-1	-1	198	-1	-1	251	244	231	228	215	206	-1	214	213	210	-1	212	-1	-1	-1	-1	221	218	-1	220	-1	-1	223	-1	227	226	-1	-1	-1	230	-1	-1	243	242	241	238	237	-1	-1	240	-1	-1	-1	-1	-1	248	247	-1	-1	250	-1	-1	253	-1	259	256	-1	258	-1	-1	261	-1	-1	264	-1	266	-1	268	-1	-1
# Threshold
14701.0	35.5	31.5	264972.5	10900.0	49.5	9.5	5.5	-2.0	-2.0	152.5	-2.0	6.950000047683716	-2.0	-2.0	20.0	0.00038176251109689474	-2.0	5156.5	9.5	1.3260749578475952	0.011100574862211943	0.007055855123326182	3.5	-2.0	-2.0	6.0	-2.0	-2.0	-2.0	9.5	-2.0	6.765475034713745	-2.0	-2.0	-2.0	4.4705400466918945	0.001999500091187656	0.0006855744868516922	8000.0	-2.0	-2.0	-2.0	-2.0	11696.0	-2.0	2537.5	-2.0	0.6801914870738983	6.0	-2.0	0.2926745116710663	-2.0	8.0	-2.0	-2.0	-2.0	-2.0	0.5	-2.0	23033.0	17716.5	-2.0	0.5123464670032263	-2.0	-2.0	-2.0	-2.0	23.419050216674805	2814.0	664.0	0.10647950321435928	-2.0	1.4465799927711487	2.5	0.5	-2.0	0.323684997856617	-2.0	-2.0	430.5	0.987436980009079	-2.0	2.905660033226013	-2.0	-2.0	3.5	245.5	-2.0	175.0	-2.0	-2.0	-2.0	54.5	2965.5	3.3732149600982666	2.8413050174713135	-2.0	-2.0	-2.0	-2.0	0.17430949956178665	1.5	6.5	32.0	454.5	396.5	-2.0	-2.0	11.5	-2.0	-2.0	-2.0	3893.5	-2.0	-2.0	16.5	2.7238500118255615	0.0827118493616581	2.4316099882125854	-2.0	0.04651624895632267	-2.0	-2.0	-2.0	-2.0	-2.0	-2.0	23559.0	20.5	202.0	177.0	5174.0	10.0	-2.0	-2.0	-2.0	-2.0	473.0	-2.0	482.0	-2.0	0.5	5445.0	-2.0	-2.0	-2.0	67.5	-2.0	6.925260066986084	-2.0	-2.0	254389.0	0.208297498524189	-2.0	10.0	-2.0	14.0	7.5	6.0	-2.0	-2.0	-2.0	2403.0	-2.0	0.0025819549919106066	-2.0	-2.0	0.00012207649706397206	-2.0	0.0007847824890632182	-2.0	-2.0	10.543000221252441	2.7241549491882324	0.9434545040130615	-2.0	-2.0	3.5	-2.0	57365.0	5.990599870681763	-2.0	-2.0	2.792340040206909	-2.0	3.0927900075912476	-2.0	-2.0	21876.0	-2.0	35886.0	-2.0	15.953550338745117	-2.0	-2.0	0.0008048720192164183	-2.0	-2.0	1643835.0	4532.0	3753320.0	222.90599822998047	180.0	2.922605037689209	-2.0	893442.5	0.004372989991679788	0.003676839987747371	-2.0	6.669445037841797	-2.0	-2.0	-2.0	-2.0	26.294150352478027	960.5	-2.0	1031.0	-2.0	-2.0	26.33970069885254	-2.0	12912.5	11245.5	-2.0	-2.0	-2.0	289.0235061645508	-2.0	-2.0	99.5	298621.0	4095.0	53.39214897155762	48.0	-2.0	-2.0	66.0	-2.0	-2.0	-2.0	-2.0	-2.0	9.15029001235962	23.72499942779541	-2.0	-2.0	23.60700035095215	-2.0	-2.0	1829840.0	-2.0	16.989049911499023	8.744690376261133e-07	-2.0	3379130.0	-2.0	-2.0	1.0492370165593456e-05	-2.0	-2.0	44132.5	-2.0	79.38885116577148	-2.0	81.91495132446289	-2.0	-2.0
# Feature
5	5	8	2	0	1	1	3	-2	-2	2	-2	3	-2	-2	8	4	-2	2	6	7	4	4	6	-2	-2	8	-2	-2	-2	5	-2	3	-2	-2	-2	3	4	4	1	-2	-2	-2	-2	2	-2	0	-2	7	9	-2	7	-2	8	-2	-2	-2	-2	6	-2	0	1	-2	7	-2	-2	-2	-2	3	8	0	7	-2	7	9	6	-2	7	-2	-2	2	7	-2	3	-2	-2	9	0	-2	8	-2	-2	-2	8	2	3	3	-2	-2	-2	-2	4	6	9	5	1	1	-2	-2	5	-2	-2	-2	2	-2	-2	5	7	4	7	-2	4	-2	-2	-2	-2	-2	-2	2	5	8	8	2	5	-2	-2	-2	-2	8	-2	8	-2	9	2	-2	-2	-2	8	-2	7	-2	-2	2	7	-2	5	-2	5	9	9	-2	-2	-2	8	-2	4	-2	-2	4	-2	4	-2	-2	3	3	7	-2	-2	9	-2	2	3	-2	-2	7	-2	7	-2	-2	0	-2	8	-2	3	-2	-2	4	-2	-2	0	5	2	7	8	3	-2	2	4	4	-2	7	-2	-2	-2	-2	7	5	-2	5	-2	-2	7	-2	2	2	-2	-2	-2	3	-2	-2	5	8	8	3	5	-2	-2	9	-2	-2	-2	-2	-2	3	7	-2	-2	7	-2	-2	8	-2	3	4	-2	0	-2	-2	4	-2	-2	8	-2	3	-2	3	-2	-2
# Values
95.0	1285.0	54.0	228.0	19.0	0.0
31.0	1282.0	54.0	228.0	19.0	0.0
0.0	398.0	52.0	188.0	15.0	0.0
0.0	41.0	38.0	50.0	11.0	0.0
0.0	41.0	23.0	50.0	11.0	0.0
0.0	25.0	20.0	49.0	11.0	0.0
0.0	13.0	0.0	1.0	4.0	0.0
0.0	1.0	0.0	0.0	4.0	0.0
0.0	0.0	0.0	0.0	4.0	0.0
0.0	1.0	0.0	0.0	0.0	0.0
0.0	12.0	0.0	1.0	0.0	0.0
0.0	11.0	0.0	0.0	0.0	0.0
0.0	1.0	0.0	1.0	0.0	0.0
0.0	1.0	0.0	0.0	0.0	0.0
0.0	0.0	0.0	1.0	0.0	0.0
0.0	12.0	20.0	48.0	7.0	0.0
0.0	12.0	11.0	48.0	7.0	0.0
0.0	0.0	0.0	0.0	4.0	0.0
0.0	12.0	11.0	48.0	3.0	0.0
0.0	7.0	1.0	35.0	2.0	0.0
0.0	5.0	1.0	35.0	2.0	0.0
0.0	3.0	0.0	34.0	2.0	0.0
0.0	3.0	0.0	15.0	2.0	0.0
0.0	0.0	0.0	13.0	2.0	0.0
0.0	0.0	0.0	12.0	0.0	0.0
0.0	0.0	0.0	1.0	2.0	0.0
0.0	3.0	0.0	2.0	0.0	0.0
0.0	1.0	0.0	0.0	0.0	0.0
0.0	2.0	0.0	2.0	0.0	0.0
0.0	0.0	0.0	19.0	0.0	0.0
0.0	2.0	1.0	1.0	0.0	0.0
0.0	2.0	0.0	0.0	0.0	0.0
0.0	0.0	1.0	1.0	0.0	0.0
0.0	0.0	1.0	0.0	0.0	0.0
0.0	0.0	0.0	1.0	0.0	0.0
0.0	2.0	0.0	0.0	0.0	0.0
0.0	5.0	10.0	13.0	1.0	0.0
0.0	0.0	1.0	7.0	1.0	0.0
0.0	0.0	1.0	7.0	0.0	0.0
0.0	0.0	1.0	2.0	0.0	0.0
0.0	0.0	1.0	0.0	0.0	0.0
0.0	0.0	0.0	2.0	0.0	0.0
0.0	0.0	0.0	5.0	0.0	0.0
0.0	0.0	0.0	0.0	1.0	0.0
0.0	5.0	9.0	6.0	0.0	0.0
0.0	0.0	5.0	0.0	0.0	0.0
0.0	5.0	4.0	6.0	0.0	0.0
0.0	0.0	0.0	4.0	0.0	0.0
0.0	5.0	4.0	2.0	0.0	0.0
0.0	2.0	4.0	2.0	0.0	0.0
0.0	0.0	0.0	1.0	0.0	0.0
0.0	2.0	4.0	1.0	0.0	0.0
0.0	1.0	0.0	0.0	0.0	0.0
0.0	1.0	4.0	1.0	0.0	0.0
0.0	0.0	2.0	0.0	0.0	0.0
0.0	1.0	2.0	1.0	0.0	0.0
0.0	3.0	0.0	0.0	0.0	0.0
0.0	0.0	9.0	0.0	0.0	0.0
0.0	16.0	3.0	1.0	0.0	0.0
0.0	0.0	2.0	0.0	0.0	0.0
0.0	16.0	1.0	1.0	0.0	0.0
0.0	5.0	1.0	1.0	0.0	0.0
0.0	5.0	0.0	0.0	0.0	0.0
0.0	0.0	1.0	1.0	0.0	0.0
0.0	0.0	1.0	0.0	0.0	0.0
0.0	0.0	0.0	1.0	0.0	0.0
0.0	11.0	0.0	0.0	0.0	0.0
0.0	0.0	15.0	0.0	0.0	0.0
0.0	357.0	14.0	138.0	4.0	0.0
0.0	356.0	14.0	116.0	4.0	0.0
0.0	217.0	14.0	100.0	4.0	0.0
0.0	132.0	12.0	29.0	4.0	0.0
0.0	0.0	0.0	0.0	4.0	0.0
0.0	132.0	12.0	29.0	0.0	0.0
0.0	19.0	5.0	13.0	0.0	0.0
0.0	3.0	0.0	11.0	0.0	0.0
0.0	2.0	0.0	0.0	0.0	0.0
0.0	1.0	0.0	11.0	0.0	0.0
0.0	1.0	0.0	0.0	0.0	0.0
0.0	0.0	0.0	11.0	0.0	0.0
0.0	16.0	5.0	2.0	0.0	0.0
0.0	4.0	5.0	0.0	0.0	0.0
0.0	3.0	0.0	0.0	0.0	0.0
0.0	1.0	5.0	0.0	0.0	0.0
0.0	1.0	0.0	0.0	0.0	0.0
0.0	0.0	5.0	0.0	0.0	0.0
0.0	12.0	0.0	2.0	0.0	0.0
0.0	4.0	0.0	2.0	0.0	0.0
0.0	2.0	0.0	0.0	0.0	0.0
0.0	2.0	0.0	2.0	0.0	0.0
0.0	1.0	0.0	1.0	0.0	0.0
0.0	1.0	0.0	1.0	0.0	0.0
0.0	8.0	0.0	0.0	0.0	0.0
0.0	113.0	7.0	16.0	0.0	0.0
0.0	17.0	7.0	0.0	0.0	0.0
0.0	17.0	3.0	0.0	0.0	0.0
0.0	2.0	3.0	0.0	0.0	0.0
0.0	2.0	0.0	0.0	0.0	0.0
0.0	0.0	3.0	0.0	0.0	0.0
0.0	15.0	0.0	0.0	0.0	0.0
0.0	0.0	4.0	0.0	0.0	0.0
0.0	96.0	0.0	16.0	0.0	0.0
0.0	96.0	0.0	15.0	0.0	0.0
0.0	49.0	0.0	12.0	0.0	0.0
0.0	47.0	0.0	8.0	0.0	0.0
0.0	47.0	0.0	7.0	0.0	0.0
0.0	46.0	0.0	6.0	0.0	0.0
0.0	11.0	0.0	0.0	0.0	0.0
0.0	35.0	0.0	6.0	0.0	0.0
0.0	1.0	0.0	1.0	0.0	0.0
0.0	1.0	0.0	0.0	0.0	0.0
0.0	0.0	0.0	1.0	0.0	0.0
0.0	0.0	0.0	1.0	0.0	0.0
0.0	2.0	0.0	4.0	0.0	0.0
0.0	0.0	0.0	4.0	0.0	0.0
0.0	2.0	0.0	0.0	0.0	0.0
0.0	47.0	0.0	3.0	0.0	0.0
0.0	24.0	0.0	3.0	0.0	0.0
0.0	24.0	0.0	2.0	0.0	0.0
0.0	24.0	0.0	1.0	0.0	0.0
0.0	22.0	0.0	0.0	0.0	0.0
0.0	2.0	0.0	1.0	0.0	0.0
0.0	0.0	0.0	1.0	0.0	0.0
0.0	2.0	0.0	0.0	0.0	0.0
0.0	0.0	0.0	1.0	0.0	0.0
0.0	0.0	0.0	1.0	0.0	0.0
0.0	23.0	0.0	0.0	0.0	0.0
0.0	0.0	0.0	1.0	0.0	0.0
0.0	85.0	2.0	71.0	0.0	0.0
0.0	32.0	0.0	58.0	0.0	0.0
0.0	14.0	0.0	56.0	0.0	0.0
0.0	8.0	0.0	8.0	0.0	0.0
0.0	4.0	0.0	8.0	0.0	0.0
0.0	4.0	0.0	1.0	0.0	0.0
0.0	4.0	0.0	0.0	0.0	0.0
0.0	0.0	0.0	1.0	0.0	0.0
0.0	0.0	0.0	7.0	0.0	0.0
0.0	4.0	0.0	0.0	0.0	0.0
0.0	6.0	0.0	48.0	0.0	0.0
0.0	0.0	0.0	26.0	0.0	0.0
0.0	6.0	0.0	22.0	0.0	0.0
0.0	5.0	0.0	0.0	0.0	0.0
0.0	1.0	0.0	22.0	0.0	0.0
0.0	1.0	0.0	1.0	0.0	0.0
0.0	0.0	0.0	1.0	0.0	0.0
0.0	1.0	0.0	0.0	0.0	0.0
0.0	0.0	0.0	21.0	0.0	0.0
0.0	18.0	0.0	2.0	0.0	0.0
0.0	0.0	0.0	1.0	0.0	0.0
0.0	18.0	0.0	1.0	0.0	0.0
0.0	18.0	0.0	0.0	0.0	0.0
0.0	0.0	0.0	1.0	0.0	0.0
0.0	53.0	2.0	13.0	0.0	0.0
0.0	48.0	0.0	7.0	0.0	0.0
0.0	0.0	0.0	1.0	0.0	0.0
0.0	48.0	0.0	6.0	0.0	0.0
0.0	24.0	0.0	0.0	0.0	0.0
0.0	24.0	0.0	6.0	0.0	0.0
0.0	2.0	0.0	5.0	0.0	0.0
0.0	1.0	0.0	5.0	0.0	0.0
0.0	0.0	0.0	2.0	0.0	0.0
0.0	1.0	0.0	3.0	0.0	0.0
0.0	1.0	0.0	0.0	0.0	0.0
0.0	22.0	0.0	1.0	0.0	0.0
0.0	21.0	0.0	0.0	0.0	0.0
0.0	1.0	0.0	1.0	0.0	0.0
0.0	1.0	0.0	0.0	0.0	0.0
0.0	0.0	0.0	1.0	0.0	0.0
0.0	5.0	2.0	6.0	0.0	0.0
0.0	5.0	0.0	0.0	0.0	0.0
0.0	0.0	2.0	6.0	0.0	0.0
0.0	0.0	0.0	6.0	0.0	0.0
0.0	0.0	2.0	0.0	0.0	0.0
0.0	139.0	0.0	16.0	0.0	0.0
0.0	122.0	0.0	6.0	0.0	0.0
0.0	8.0	0.0	2.0	0.0	0.0
0.0	8.0	0.0	0.0	0.0	0.0
0.0	0.0	0.0	2.0	0.0	0.0
0.0	114.0	0.0	4.0	0.0	0.0
0.0	81.0	0.0	0.0	0.0	0.0
0.0	33.0	0.0	4.0	0.0	0.0
0.0	1.0	0.0	2.0	0.0	0.0
0.0	1.0	0.0	0.0	0.0	0.0
0.0	0.0	0.0	2.0	0.0	0.0
0.0	32.0	0.0	2.0	0.0	0.0
0.0	31.0	0.0	0.0	0.0	0.0
0.0	1.0	0.0	2.0	0.0	0.0
0.0	0.0	0.0	2.0	0.0	0.0
0.0	1.0	0.0	0.0	0.0	0.0
0.0	17.0	0.0	10.0	0.0	0.0
0.0	12.0	0.0	0.0	0.0	0.0
0.0	5.0	0.0	10.0	0.0	0.0
0.0	0.0	0.0	8.0	0.0	0.0
0.0	5.0	0.0	2.0	0.0	0.0
0.0	5.0	0.0	0.0	0.0	0.0
0.0	0.0	0.0	2.0	0.0	0.0
0.0	1.0	0.0	22.0	0.0	0.0
0.0	0.0	0.0	22.0	0.0	0.0
0.0	1.0	0.0	0.0	0.0	0.0
31.0	884.0	2.0	40.0	4.0	0.0
25.0	879.0	2.0	33.0	0.0	0.0
5.0	827.0	2.0	33.0	0.0	0.0
5.0	755.0	1.0	14.0	0.0	0.0
4.0	754.0	1.0	14.0	0.0	0.0
0.0	37.0	1.0	4.0	0.0	0.0
0.0	0.0	0.0	2.0	0.0	0.0
0.0	37.0	1.0	2.0	0.0	0.0
0.0	37.0	0.0	2.0	0.0	0.0
0.0	10.0	0.0	2.0	0.0	0.0
0.0	4.0	0.0	0.0	0.0	0.0
0.0	6.0	0.0	2.0	0.0	0.0
0.0	3.0	0.0	0.0	0.0	0.0
0.0	3.0	0.0	2.0	0.0	0.0
0.0	27.0	0.0	0.0	0.0	0.0
0.0	0.0	1.0	0.0	0.0	0.0
4.0	717.0	0.0	10.0	0.0	0.0
0.0	517.0	0.0	2.0	0.0	0.0
0.0	485.0	0.0	0.0	0.0	0.0
0.0	32.0	0.0	2.0	0.0	0.0
0.0	0.0	0.0	2.0	0.0	0.0
0.0	32.0	0.0	0.0	0.0	0.0
4.0	200.0	0.0	8.0	0.0	0.0
0.0	0.0	0.0	8.0	0.0	0.0
4.0	200.0	0.0	0.0	0.0	0.0
4.0	66.0	0.0	0.0	0.0	0.0
0.0	13.0	0.0	0.0	0.0	0.0
4.0	53.0	0.0	0.0	0.0	0.0
0.0	134.0	0.0	0.0	0.0	0.0
1.0	1.0	0.0	0.0	0.0	0.0
1.0	0.0	0.0	0.0	0.0	0.0
0.0	1.0	0.0	0.0	0.0	0.0
0.0	72.0	1.0	19.0	0.0	0.0
0.0	11.0	1.0	19.0	0.0	0.0
0.0	6.0	1.0	19.0	0.0	0.0
0.0	6.0	1.0	2.0	0.0	0.0
0.0	6.0	0.0	1.0	0.0	0.0
0.0	1.0	0.0	1.0	0.0	0.0
0.0	5.0	0.0	0.0	0.0	0.0
0.0	0.0	1.0	1.0	0.0	0.0
0.0	0.0	0.0	1.0	0.0	0.0
0.0	0.0	1.0	0.0	0.0	0.0
0.0	0.0	0.0	17.0	0.0	0.0
0.0	5.0	0.0	0.0	0.0	0.0
0.0	61.0	0.0	0.0	0.0	0.0
20.0	52.0	0.0	0.0	0.0	0.0
19.0	1.0	0.0	0.0	0.0	0.0
0.0	1.0	0.0	0.0	0.0	0.0
19.0	0.0	0.0	0.0	0.0	0.0
1.0	51.0	0.0	0.0	0.0	0.0
1.0	5.0	0.0	0.0	0.0	0.0
0.0	46.0	0.0	0.0	0.0	0.0
6.0	5.0	0.0	7.0	4.0	0.0
0.0	0.0	0.0	7.0	0.0	0.0
6.0	5.0	0.0	0.0	4.0	0.0
6.0	4.0	0.0	0.0	0.0	0.0
4.0	0.0	0.0	0.0	0.0	0.0
2.0	4.0	0.0	0.0	0.0	0.0
2.0	0.0	0.0	0.0	0.0	0.0
0.0	4.0	0.0	0.0	0.0	0.0
0.0	1.0	0.0	0.0	4.0	0.0
0.0	0.0	0.0	0.0	4.0	0.0
0.0	1.0	0.0	0.0	0.0	0.0
64.0	3.0	0.0	0.0	0.0	0.0
0.0	1.0	0.0	0.0	0.0	0.0
64.0	2.0	0.0	0.0	0.0	0.0
58.0	0.0	0.0	0.0	0.0	0.0
6.0	2.0	0.0	0.0	0.0	0.0
0.0	2.0	0.0	0.0	0.0	0.0
6.0	0.0	0.0	0.0	0.0	0.0
