# Sizes (NFeatures, Nclasses, NodeCount, MaxDepth)
10	6	261	17
# Classes
0.0	1.0	2.0	3.0	4.0	5.0
# Feature Names
Nrows	Ncols	Nnnz	AvgNnnz	Density	MaxRowNnnz	MinRowNnnz	StdRowNnnz	NDiags	NTrueDiags
# Left
1	2	3	4	5	6	7	-1	-1	10	11	12	13	-1	-1	16	-1	18	-1	-1	21	-1	-1	24	25	-1	27	28	29	-1	-1	-1	-1	34	-1	-1	37	38	39	-1	-1	42	43	44	-1	-1	47	-1	-1	-1	-1	52	53	54	55	-1	-1	-1	-1	60	-1	62	63	64	-1	-1	67	-1	69	-1	-1	-1	73	74	-1	-1	77	-1	-1	80	81	82	-1	84	85	86	87	88	89	-1	-1	-1	93	-1	-1	96	97	-1	-1	100	101	102	103	104	-1	-1	107	-1	109	110	111	-1	-1	-1	-1	-1	-1	-1	-1	-1	121	122	123	124	-1	126	-1	-1	129	-1	-1	-1	-1	134	135	136	137	-1	139	140	141	-1	143	-1	-1	146	-1	-1	149	150	-1	-1	-1	-1	155	-1	157	-1	-1	160	161	162	163	164	-1	-1	-1	-1	169	170	-1	-1	-1	174	175	-1	-1	-1	179	180	181	182	183	-1	-1	186	187	188	189	-1	-1	192	193	-1	195	-1	-1	198	199	200	-1	-1	203	204	205	-1	-1	-1	-1	210	-1	212	213	-1	-1	216	217	-1	-1	-1	221	-1	-1	224	225	226	-1	228	-1	230	-1	-1	-1	-1	235	-1	-1	238	239	-1	241	-1	-1	244	-1	246	-1	248	-1	-1	251	-1	253	254	-1	256	-1	-1	259	-1	-1
# Right
178	79	72	51	36	9	8	-1	-1	23	20	15	14	-1	-1	17	-1	19	-1	-1	22	-1	-1	33	26	-1	32	31	30	-1	-1	-1	-1	35	-1	-1	50	41	40	-1	-1	49	46	45	-1	-1	48	-1	-1	-1	-1	59	58	57	56	-1	-1	-1	-1	61	-1	71	66	65	-1	-1	68	-1	70	-1	-1	-1	76	75	-1	-1	78	-1	-1	133	120	83	-1	119	118	95	92	91	90	-1	-1	-1	94	-1	-1	99	98	-1	-1	117	116	115	106	105	-1	-1	108	-1	114	113	112	-1	-1	-1	-1	-1	-1	-1	-1	-1	132	131	128	125	-1	127	-1	-1	130	-1	-1	-1	-1	159	154	153	138	-1	148	145	142	-1	144	-1	-1	147	-1	-1	152	151	-1	-1	-1	-1	156	-1	158	-1	-1	173	168	167	166	165	-1	-1	-1	-1	172	171	-1	-1	-1	177	176	-1	-1	-1	250	237	234	185	184	-1	-1	223	220	191	190	-1	-1	197	194	-1	196	-1	-1	209	202	201	-1	-1	208	207	206	-1	-1	-1	-1	211	-1	215	214	-1	-1	219	218	-1	-1	-1	222	-1	-1	233	232	227	-1	229	-1	231	-1	-1	-1	-1	236	-1	-1	243	240	-1	242	-1	-1	245	-1	247	-1	249	-1	-1	252	-1	258	255	-1	257	-1	-1	260	-1	-1
# Threshold
31.5	53.0	0.0746254026889801	20.0	20330.5	3003.5	135.0	-2.0	-2.0	4.5	0.001999500091187656	3.0	9286.5	-2.0	-2.0	0.0011659989831969142	-2.0	4.5	-2.0	-2.0	0.003499999991618097	-2.0	-2.0	8.0	5.344574928283691	-2.0	1952.0	0.007349109975621104	0.3951124995946884	-2.0	-2.0	-2.0	-2.0	0.6030795276165009	-2.0	-2.0	250599.5	7.5	0.34845900535583496	-2.0	-2.0	91039.0	34000.0	4935.0	-2.0	-2.0	8.0	-2.0	-2.0	-2.0	-2.0	7.5	5.5	33.5	28.5	-2.0	-2.0	-2.0	-2.0	2.157895028591156	-2.0	6.604804992675781	0.0007920179923530668	980742.0	-2.0	-2.0	7.0	-2.0	18.5	-2.0	-2.0	-2.0	10.0	13.5	-2.0	-2.0	47.5	-2.0	-2.0	23559.0	799.5	0.15071499347686768	-2.0	23.5	0.09116629883646965	97.5	5.812279939651489	54.5	0.03675059974193573	-2.0	-2.0	-2.0	3.5	-2.0	-2.0	8.5	467.0	-2.0	-2.0	362.5	320.0	5.0	1.5	109.0	-2.0	-2.0	232.0	-2.0	8.815070152282715	3.5	1781.0	-2.0	-2.0	-2.0	-2.0	-2.0	-2.0	-2.0	-2.0	-2.0	11.5	3640.5	1392.5	3.5	-2.0	4.0	-2.0	-2.0	7558.5	-2.0	-2.0	-2.0	-2.0	9.469194889068604	85896.0	76981.5	0.06413300335407257	-2.0	4.5	70582.0	5.990599870681763	-2.0	11.5	-2.0	-2.0	8531.5	-2.0	-2.0	7.5	6.711595058441162	-2.0	-2.0	-2.0	-2.0	2.792340040206909	-2.0	5.0	-2.0	-2.0	0.0007934024906717241	26.5	24.5	6.137485115687014e-06	5.0	-2.0	-2.0	-2.0	-2.0	11.796549797058105	0.00012207649706397206	-2.0	-2.0	-2.0	43386.0	1727.5	-2.0	-2.0	-2.0	14701.0	387298.5	4897.0	103.0	11167.5	-2.0	-2.0	3478985.0	227.4199981689453	2.2141600847244263	305.0	-2.0	-2.0	34.5	2866.5	-2.0	13.993000030517578	-2.0	-2.0	26.319050788879395	2.744444966316223	2.568245053291321	-2.0	-2.0	36.5	4.013415098190308	2.5	-2.0	-2.0	-2.0	-2.0	26.33970069885254	-2.0	125.0	109.5	-2.0	-2.0	12912.5	11244.0	-2.0	-2.0	-2.0	289.0235061645508	-2.0	-2.0	4498165.0	4285380.0	3618290.0	-2.0	66.0	-2.0	46441.5	-2.0	-2.0	-2.0	-2.0	7.7076499462127686	-2.0	-2.0	76.5	7054280.0	-2.0	0.7873265147209167	-2.0	-2.0	3.3180149330291897e-06	-2.0	438694.5	-2.0	261804000.0	-2.0	-2.0	44133.0	-2.0	154427700.0	0.0003063354961341247	-2.0	169180.0	-2.0	-2.0	1485.9754638671875	-2.0	-2.0
# Feature
5	8	4	8	2	2	2	-2	-2	5	4	8	2	-2	-2	4	-2	9	-2	-2	4	-2	-2	8	3	-2	1	4	7	-2	-2	-2	-2	7	-2	-2	2	8	7	-2	-2	2	2	1	-2	-2	9	-2	-2	-2	-2	5	9	8	8	-2	-2	-2	-2	3	-2	7	4	2	-2	-2	6	-2	5	-2	-2	-2	8	1	-2	-2	8	-2	-2	2	0	7	-2	5	4	8	3	8	4	-2	-2	-2	6	-2	-2	5	1	-2	-2	8	8	6	9	0	-2	-2	8	-2	3	6	2	-2	-2	-2	-2	-2	-2	-2	-2	-2	9	8	8	6	-2	9	-2	-2	2	-2	-2	-2	-2	3	2	2	7	-2	9	2	3	-2	5	-2	-2	8	-2	-2	9	3	-2	-2	-2	-2	7	-2	9	-2	-2	4	5	5	4	6	-2	-2	-2	-2	3	4	-2	-2	-2	2	8	-2	-2	-2	5	0	5	8	1	-2	-2	2	7	3	8	-2	-2	5	2	-2	7	-2	-2	7	3	3	-2	-2	5	7	6	-2	-2	-2	-2	7	-2	5	5	-2	-2	2	2	-2	-2	-2	3	-2	-2	2	2	2	-2	9	-2	0	-2	-2	-2	-2	3	-2	-2	5	2	-2	7	-2	-2	4	-2	1	-2	2	-2	-2	8	-2	2	4	-2	1	-2	-2	7	-2	-2
# Values
71.0	1242.0	76.0	278.0	12.0	2.0
1.0	360.0	71.0	226.0	12.0	2.0
1.0	65.0	67.0	69.0	6.0	0.0
0.0	29.0	65.0	67.0	6.0	0.0
0.0	20.0	29.0	65.0	6.0	0.0
0.0	6.0	9.0	59.0	6.0	0.0
0.0	2.0	0.0	35.0	0.0	0.0
0.0	2.0	0.0	0.0	0.0	0.0
0.0	0.0	0.0	35.0	0.0	0.0
0.0	4.0	9.0	24.0	6.0	0.0
0.0	1.0	5.0	4.0	6.0	0.0
0.0	1.0	5.0	2.0	1.0	0.0
0.0	1.0	0.0	0.0	1.0	0.0
0.0	0.0	0.0	0.0	1.0	0.0
0.0	1.0	0.0	0.0	0.0	0.0
0.0	0.0	5.0	2.0	0.0	0.0
0.0	0.0	3.0	0.0	0.0	0.0
0.0	0.0	2.0	2.0	0.0	0.0
0.0	0.0	1.0	2.0	0.0	0.0
0.0	0.0	1.0	0.0	0.0	0.0
0.0	0.0	0.0	2.0	5.0	0.0
0.0	0.0	0.0	0.0	1.0	0.0
0.0	0.0	0.0	2.0	4.0	0.0
0.0	3.0	4.0	20.0	0.0	0.0
0.0	0.0	4.0	19.0	0.0	0.0
0.0	0.0	0.0	13.0	0.0	0.0
0.0	0.0	4.0	6.0	0.0	0.0
0.0	0.0	4.0	2.0	0.0	0.0
0.0	0.0	4.0	1.0	0.0	0.0
0.0	0.0	1.0	1.0	0.0	0.0
0.0	0.0	3.0	0.0	0.0	0.0
0.0	0.0	0.0	1.0	0.0	0.0
0.0	0.0	0.0	4.0	0.0	0.0
0.0	3.0	0.0	1.0	0.0	0.0
0.0	0.0	0.0	1.0	0.0	0.0
0.0	3.0	0.0	0.0	0.0	0.0
0.0	14.0	20.0	6.0	0.0	0.0
0.0	14.0	8.0	6.0	0.0	0.0
0.0	8.0	2.0	0.0	0.0	0.0
0.0	7.0	0.0	0.0	0.0	0.0
0.0	1.0	2.0	0.0	0.0	0.0
0.0	6.0	6.0	6.0	0.0	0.0
0.0	2.0	6.0	6.0	0.0	0.0
0.0	2.0	4.0	0.0	0.0	0.0
0.0	2.0	0.0	0.0	0.0	0.0
0.0	0.0	4.0	0.0	0.0	0.0
0.0	0.0	2.0	6.0	0.0	0.0
0.0	0.0	0.0	4.0	0.0	0.0
0.0	0.0	2.0	2.0	0.0	0.0
0.0	4.0	0.0	0.0	0.0	0.0
0.0	0.0	12.0	0.0	0.0	0.0
0.0	9.0	36.0	2.0	0.0	0.0
0.0	6.0	3.0	1.0	0.0	0.0
0.0	2.0	3.0	1.0	0.0	0.0
0.0	2.0	0.0	1.0	0.0	0.0
0.0	2.0	0.0	0.0	0.0	0.0
0.0	0.0	0.0	1.0	0.0	0.0
0.0	0.0	3.0	0.0	0.0	0.0
0.0	4.0	0.0	0.0	0.0	0.0
0.0	3.0	33.0	1.0	0.0	0.0
0.0	1.0	0.0	0.0	0.0	0.0
0.0	2.0	33.0	1.0	0.0	0.0
0.0	1.0	33.0	1.0	0.0	0.0
0.0	1.0	1.0	0.0	0.0	0.0
0.0	1.0	0.0	0.0	0.0	0.0
0.0	0.0	1.0	0.0	0.0	0.0
0.0	0.0	32.0	1.0	0.0	0.0
0.0	0.0	28.0	0.0	0.0	0.0
0.0	0.0	4.0	1.0	0.0	0.0
0.0	0.0	0.0	1.0	0.0	0.0
0.0	0.0	4.0	0.0	0.0	0.0
0.0	1.0	0.0	0.0	0.0	0.0
1.0	36.0	2.0	2.0	0.0	0.0
1.0	0.0	0.0	2.0	0.0	0.0
1.0	0.0	0.0	0.0	0.0	0.0
0.0	0.0	0.0	2.0	0.0	0.0
0.0	36.0	2.0	0.0	0.0	0.0
0.0	36.0	0.0	0.0	0.0	0.0
0.0	0.0	2.0	0.0	0.0	0.0
0.0	295.0	4.0	157.0	6.0	2.0
0.0	114.0	4.0	111.0	4.0	0.0
0.0	108.0	4.0	39.0	4.0	0.0
0.0	0.0	0.0	0.0	4.0	0.0
0.0	108.0	4.0	39.0	0.0	0.0
0.0	85.0	4.0	39.0	0.0	0.0
0.0	85.0	4.0	35.0	0.0	0.0
0.0	21.0	4.0	0.0	0.0	0.0
0.0	18.0	1.0	0.0	0.0	0.0
0.0	2.0	1.0	0.0	0.0	0.0
0.0	0.0	1.0	0.0	0.0	0.0
0.0	2.0	0.0	0.0	0.0	0.0
0.0	16.0	0.0	0.0	0.0	0.0
0.0	3.0	3.0	0.0	0.0	0.0
0.0	0.0	3.0	0.0	0.0	0.0
0.0	3.0	0.0	0.0	0.0	0.0
0.0	64.0	0.0	35.0	0.0	0.0
0.0	2.0	0.0	8.0	0.0	0.0
0.0	0.0	0.0	7.0	0.0	0.0
0.0	2.0	0.0	1.0	0.0	0.0
0.0	62.0	0.0	27.0	0.0	0.0
0.0	48.0	0.0	27.0	0.0	0.0
0.0	48.0	0.0	23.0	0.0	0.0
0.0	48.0	0.0	21.0	0.0	0.0
0.0	1.0	0.0	3.0	0.0	0.0
0.0	1.0	0.0	0.0	0.0	0.0
0.0	0.0	0.0	3.0	0.0	0.0
0.0	47.0	0.0	18.0	0.0	0.0
0.0	14.0	0.0	0.0	0.0	0.0
0.0	33.0	0.0	18.0	0.0	0.0
0.0	33.0	0.0	17.0	0.0	0.0
0.0	31.0	0.0	17.0	0.0	0.0
0.0	29.0	0.0	15.0	0.0	0.0
0.0	2.0	0.0	2.0	0.0	0.0
0.0	2.0	0.0	0.0	0.0	0.0
0.0	0.0	0.0	1.0	0.0	0.0
0.0	0.0	0.0	2.0	0.0	0.0
0.0	0.0	0.0	4.0	0.0	0.0
0.0	14.0	0.0	0.0	0.0	0.0
0.0	0.0	0.0	4.0	0.0	0.0
0.0	23.0	0.0	0.0	0.0	0.0
0.0	6.0	0.0	72.0	0.0	0.0
0.0	4.0	0.0	72.0	0.0	0.0
0.0	3.0	0.0	72.0	0.0	0.0
0.0	1.0	0.0	65.0	0.0	0.0
0.0	0.0	0.0	48.0	0.0	0.0
0.0	1.0	0.0	17.0	0.0	0.0
0.0	1.0	0.0	0.0	0.0	0.0
0.0	0.0	0.0	17.0	0.0	0.0
0.0	2.0	0.0	7.0	0.0	0.0
0.0	2.0	0.0	0.0	0.0	0.0
0.0	0.0	0.0	7.0	0.0	0.0
0.0	1.0	0.0	0.0	0.0	0.0
0.0	2.0	0.0	0.0	0.0	0.0
0.0	181.0	0.0	46.0	2.0	2.0
0.0	153.0	0.0	14.0	2.0	0.0
0.0	40.0	0.0	13.0	2.0	0.0
0.0	40.0	0.0	6.0	2.0	0.0
0.0	0.0	0.0	0.0	2.0	0.0
0.0	40.0	0.0	6.0	0.0	0.0
0.0	35.0	0.0	2.0	0.0	0.0
0.0	34.0	0.0	1.0	0.0	0.0
0.0	31.0	0.0	0.0	0.0	0.0
0.0	3.0	0.0	1.0	0.0	0.0
0.0	3.0	0.0	0.0	0.0	0.0
0.0	0.0	0.0	1.0	0.0	0.0
0.0	1.0	0.0	1.0	0.0	0.0
0.0	0.0	0.0	1.0	0.0	0.0
0.0	1.0	0.0	0.0	0.0	0.0
0.0	5.0	0.0	4.0	0.0	0.0
0.0	1.0	0.0	4.0	0.0	0.0
0.0	0.0	0.0	2.0	0.0	0.0
0.0	1.0	0.0	2.0	0.0	0.0
0.0	4.0	0.0	0.0	0.0	0.0
0.0	0.0	0.0	7.0	0.0	0.0
0.0	113.0	0.0	1.0	0.0	0.0
0.0	108.0	0.0	0.0	0.0	0.0
0.0	5.0	0.0	1.0	0.0	0.0
0.0	5.0	0.0	0.0	0.0	0.0
0.0	0.0	0.0	1.0	0.0	0.0
0.0	28.0	0.0	32.0	0.0	2.0
0.0	10.0	0.0	31.0	0.0	2.0
0.0	9.0	0.0	11.0	0.0	2.0
0.0	3.0	0.0	11.0	0.0	2.0
0.0	3.0	0.0	0.0	0.0	2.0
0.0	3.0	0.0	0.0	0.0	0.0
0.0	0.0	0.0	0.0	0.0	2.0
0.0	0.0	0.0	11.0	0.0	0.0
0.0	6.0	0.0	0.0	0.0	0.0
0.0	1.0	0.0	20.0	0.0	0.0
0.0	1.0	0.0	2.0	0.0	0.0
0.0	1.0	0.0	0.0	0.0	0.0
0.0	0.0	0.0	2.0	0.0	0.0
0.0	0.0	0.0	18.0	0.0	0.0
0.0	18.0	0.0	1.0	0.0	0.0
0.0	1.0	0.0	1.0	0.0	0.0
0.0	1.0	0.0	0.0	0.0	0.0
0.0	0.0	0.0	1.0	0.0	0.0
0.0	17.0	0.0	0.0	0.0	0.0
70.0	882.0	5.0	52.0	0.0	0.0
18.0	877.0	5.0	52.0	0.0	0.0
12.0	844.0	5.0	18.0	0.0	0.0
2.0	796.0	5.0	18.0	0.0	0.0
0.0	17.0	5.0	0.0	0.0	0.0
0.0	17.0	0.0	0.0	0.0	0.0
0.0	0.0	5.0	0.0	0.0	0.0
2.0	779.0	0.0	18.0	0.0	0.0
2.0	727.0	0.0	11.0	0.0	0.0
1.0	726.0	0.0	11.0	0.0	0.0
0.0	7.0	0.0	2.0	0.0	0.0
0.0	0.0	0.0	2.0	0.0	0.0
0.0	7.0	0.0	0.0	0.0	0.0
1.0	719.0	0.0	9.0	0.0	0.0
0.0	17.0	0.0	2.0	0.0	0.0
0.0	0.0	0.0	1.0	0.0	0.0
0.0	17.0	0.0	1.0	0.0	0.0
0.0	17.0	0.0	0.0	0.0	0.0
0.0	0.0	0.0	1.0	0.0	0.0
1.0	702.0	0.0	7.0	0.0	0.0
0.0	514.0	0.0	2.0	0.0	0.0
0.0	10.0	0.0	1.0	0.0	0.0
0.0	10.0	0.0	0.0	0.0	0.0
0.0	0.0	0.0	1.0	0.0	0.0
0.0	504.0	0.0	1.0	0.0	0.0
0.0	51.0	0.0	1.0	0.0	0.0
0.0	40.0	0.0	1.0	0.0	0.0
0.0	36.0	0.0	1.0	0.0	0.0
0.0	4.0	0.0	0.0	0.0	0.0
0.0	11.0	0.0	0.0	0.0	0.0
0.0	453.0	0.0	0.0	0.0	0.0
1.0	188.0	0.0	5.0	0.0	0.0
0.0	0.0	0.0	3.0	0.0	0.0
1.0	188.0	0.0	2.0	0.0	0.0
0.0	6.0	0.0	2.0	0.0	0.0
0.0	6.0	0.0	0.0	0.0	0.0
0.0	0.0	0.0	2.0	0.0	0.0
1.0	182.0	0.0	0.0	0.0	0.0
1.0	53.0	0.0	0.0	0.0	0.0
0.0	12.0	0.0	0.0	0.0	0.0
1.0	41.0	0.0	0.0	0.0	0.0
0.0	129.0	0.0	0.0	0.0	0.0
1.0	1.0	0.0	0.0	0.0	0.0
1.0	0.0	0.0	0.0	0.0	0.0
0.0	1.0	0.0	0.0	0.0	0.0
0.0	52.0	0.0	7.0	0.0	0.0
0.0	12.0	0.0	7.0	0.0	0.0
0.0	12.0	0.0	3.0	0.0	0.0
0.0	0.0	0.0	2.0	0.0	0.0
0.0	12.0	0.0	1.0	0.0	0.0
0.0	10.0	0.0	0.0	0.0	0.0
0.0	2.0	0.0	1.0	0.0	0.0
0.0	2.0	0.0	0.0	0.0	0.0
0.0	0.0	0.0	1.0	0.0	0.0
0.0	0.0	0.0	4.0	0.0	0.0
0.0	40.0	0.0	0.0	0.0	0.0
10.0	48.0	0.0	0.0	0.0	0.0
10.0	0.0	0.0	0.0	0.0	0.0
0.0	48.0	0.0	0.0	0.0	0.0
6.0	33.0	0.0	34.0	0.0	0.0
1.0	3.0	0.0	30.0	0.0	0.0
0.0	3.0	0.0	0.0	0.0	0.0
1.0	0.0	0.0	30.0	0.0	0.0
1.0	0.0	0.0	0.0	0.0	0.0
0.0	0.0	0.0	30.0	0.0	0.0
5.0	30.0	0.0	4.0	0.0	0.0
5.0	0.0	0.0	0.0	0.0	0.0
0.0	30.0	0.0	4.0	0.0	0.0
0.0	0.0	0.0	2.0	0.0	0.0
0.0	30.0	0.0	2.0	0.0	0.0
0.0	30.0	0.0	0.0	0.0	0.0
0.0	0.0	0.0	2.0	0.0	0.0
52.0	5.0	0.0	0.0	0.0	0.0
0.0	3.0	0.0	0.0	0.0	0.0
52.0	2.0	0.0	0.0	0.0	0.0
51.0	1.0	0.0	0.0	0.0	0.0
46.0	0.0	0.0	0.0	0.0	0.0
5.0	1.0	0.0	0.0	0.0	0.0
5.0	0.0	0.0	0.0	0.0	0.0
0.0	1.0	0.0	0.0	0.0	0.0
1.0	1.0	0.0	0.0	0.0	0.0
0.0	1.0	0.0	0.0	0.0	0.0
1.0	0.0	0.0	0.0	0.0	0.0
