# Sizes (NFeatures, Nclasses, NodeCount, MaxDepth)
10	6	289	17
# Classes
0.0	1.0	2.0	3.0	4.0	5.0
# Feature Names
Nrows	Ncols	Nnnz	AvgNnnz	Density	MaxRowNnnz	MinRowNnnz	StdRowNnnz	NDiags	NTrueDiags
# Left
1	2	3	4	5	6	7	-1	9	-1	-1	-1	13	14	-1	16	-1	-1	-1	20	21	22	-1	24	25	-1	-1	28	-1	30	-1	-1	33	-1	35	36	37	38	39	-1	-1	42	-1	-1	45	-1	-1	48	49	-1	-1	52	-1	-1	55	56	57	-1	59	-1	-1	62	-1	64	-1	-1	-1	68	-1	70	71	72	73	-1	-1	-1	77	-1	79	-1	-1	82	-1	-1	85	86	87	88	89	90	-1	92	93	-1	-1	-1	-1	98	-1	100	101	-1	103	-1	105	-1	-1	-1	-1	110	111	112	113	114	-1	-1	117	-1	119	120	-1	-1	123	124	-1	-1	-1	128	129	-1	-1	132	-1	-1	135	-1	137	-1	139	140	141	-1	-1	144	-1	-1	-1	148	149	150	-1	152	153	-1	-1	-1	157	158	159	160	161	-1	-1	164	-1	-1	-1	168	-1	170	-1	172	173	174	175	-1	177	-1	-1	-1	-1	-1	183	184	185	-1	-1	188	189	190	-1	-1	-1	194	-1	-1	197	198	-1	-1	-1	202	-1	204	-1	206	-1	208	-1	-1	211	-1	213	-1	-1	216	217	218	219	220	221	-1	-1	224	225	226	-1	-1	229	-1	231	-1	-1	234	-1	236	237	-1	-1	240	241	-1	-1	-1	245	246	-1	-1	-1	-1	251	252	253	-1	-1	256	257	-1	-1	260	-1	262	-1	264	-1	-1	267	268	-1	-1	-1	272	-1	274	-1	276	277	-1	279	-1	-1	-1	283	284	-1	286	-1	-1	-1
# Right
282	215	84	19	12	11	8	-1	10	-1	-1	-1	18	15	-1	17	-1	-1	-1	67	32	23	-1	27	26	-1	-1	29	-1	31	-1	-1	34	-1	54	47	44	41	40	-1	-1	43	-1	-1	46	-1	-1	51	50	-1	-1	53	-1	-1	66	61	58	-1	60	-1	-1	63	-1	65	-1	-1	-1	69	-1	81	76	75	74	-1	-1	-1	78	-1	80	-1	-1	83	-1	-1	210	109	108	97	96	91	-1	95	94	-1	-1	-1	-1	99	-1	107	102	-1	104	-1	106	-1	-1	-1	-1	147	134	127	116	115	-1	-1	118	-1	122	121	-1	-1	126	125	-1	-1	-1	131	130	-1	-1	133	-1	-1	136	-1	138	-1	146	143	142	-1	-1	145	-1	-1	-1	201	156	151	-1	155	154	-1	-1	-1	182	167	166	163	162	-1	-1	165	-1	-1	-1	169	-1	171	-1	181	180	179	176	-1	178	-1	-1	-1	-1	-1	196	187	186	-1	-1	193	192	191	-1	-1	-1	195	-1	-1	200	199	-1	-1	-1	203	-1	205	-1	207	-1	209	-1	-1	212	-1	214	-1	-1	271	250	249	244	223	222	-1	-1	233	228	227	-1	-1	230	-1	232	-1	-1	235	-1	239	238	-1	-1	243	242	-1	-1	-1	248	247	-1	-1	-1	-1	266	255	254	-1	-1	259	258	-1	-1	261	-1	263	-1	265	-1	-1	270	269	-1	-1	-1	273	-1	275	-1	281	278	-1	280	-1	-1	-1	288	285	-1	287	-1	-1	-1
# Threshold
16358.5	41.5	53.0	298.5	12.5	152.5	10.5	-2.0	135.0	-2.0	-2.0	-2.0	49.0	60.5	-2.0	0.037363200448453426	-2.0	-2.0	-2.0	20.0	2857.0	98.0	-2.0	408.0	1.0597590208053589	-2.0	-2.0	2238.0	-2.0	0.009498595260083675	-2.0	-2.0	3475.0	-2.0	11553.0	0.6037164926528931	0.3951124995946884	0.001999500091187656	9000.0	-2.0	-2.0	4.5	-2.0	-2.0	8.5	-2.0	-2.0	0.0032020399812608957	5.409850120544434	-2.0	-2.0	6.227010011672974	-2.0	-2.0	264972.5	0.7889275252819061	0.28025099635124207	-2.0	0.00018954350525746122	-2.0	-2.0	5.5	-2.0	0.00034458514892321546	-2.0	-2.0	-2.0	0.5927070081233978	-2.0	49.5	18.5	254.0	4.073580026626587	-2.0	-2.0	-2.0	16.81470012664795	-2.0	11.5	-2.0	-2.0	0.01630274998024106	-2.0	-2.0	23.7743501663208	2.749459981918335	205435.0	0.0036036500241607428	163.0	0.0009146310039795935	-2.0	2.4732799530029297	126.0	-2.0	-2.0	-2.0	-2.0	0.3299899995326996	-2.0	2.6149749755859375	6.5	-2.0	138.5	-2.0	0.5	-2.0	-2.0	-2.0	-2.0	6.036035060882568	1299.0	3166.5	251.0	241.0	-2.0	-2.0	100.0	-2.0	1130.0	3.8650799989700317	-2.0	-2.0	1818.5	1.5116450190544128	-2.0	-2.0	-2.0	0.29114799946546555	555.5	-2.0	-2.0	4.359905004501343	-2.0	-2.0	0.0006370110204443336	-2.0	3.961885094642639	-2.0	41695.0	3.5	0.003946179989725351	-2.0	-2.0	1.3804450035095215	-2.0	-2.0	-2.0	2881795.0	7.5	518.0	-2.0	4.0	8231.0	-2.0	-2.0	-2.0	26410.5	0.010679200291633606	4.6945600509643555	11.5	80.5	-2.0	-2.0	28.5	-2.0	-2.0	-2.0	0.45361700654029846	-2.0	6.185664892196655	-2.0	0.18168099969625473	16.0	2.4316099882125854	4.5	-2.0	2.010954976081848	-2.0	-2.0	-2.0	-2.0	-2.0	727887.0	0.5	7988.0	-2.0	-2.0	9.5	3767.0	3.756505012512207	-2.0	-2.0	-2.0	0.0011904300190508366	-2.0	-2.0	105485.5	3.0	-2.0	-2.0	-2.0	9.048850059509277	-2.0	1725.0	-2.0	346191.5	-2.0	4.5	-2.0	-2.0	0.0004366080102045089	-2.0	776.5	-2.0	-2.0	4508.0	3543280.0	227.4199981689453	98.0	2.2141600847244263	0.0005201289895921946	-2.0	-2.0	26.294150352478027	2.922605037689209	2.568245053291321	-2.0	-2.0	47248.5	-2.0	48800.5	-2.0	-2.0	26.33970069885254	-2.0	111.5	109.5	-2.0	-2.0	12894.0	3126.5	-2.0	-2.0	-2.0	103.0	11.757609844207764	-2.0	-2.0	-2.0	-2.0	91.5	7.87124490737915	31.58245086669922	-2.0	-2.0	81252.5	60.61560249328613	-2.0	-2.0	52.5	-2.0	24.5	-2.0	22.0	-2.0	-2.0	109333500.0	7604490.0	-2.0	-2.0	-2.0	7.427849769592285	-2.0	10865.0	-2.0	5729720.0	176257.5	-2.0	1178916.0	-2.0	-2.0	-2.0	208226504.0	0.0003063354961341247	-2.0	196608.0	-2.0	-2.0	-2.0
# Feature
5	5	8	2	8	2	0	-2	0	-2	-2	-2	8	1	-2	4	-2	-2	-2	8	2	1	-2	2	7	-2	-2	2	-2	4	-2	-2	2	-2	0	7	7	4	0	-2	-2	9	-2	-2	5	-2	-2	4	3	-2	-2	3	-2	-2	2	7	7	-2	4	-2	-2	5	-2	4	-2	-2	-2	7	-2	8	5	0	3	-2	-2	-2	3	-2	6	-2	-2	4	-2	-2	3	3	2	4	8	4	-2	3	8	-2	-2	-2	-2	7	-2	3	5	-2	0	-2	6	-2	-2	-2	-2	3	8	2	2	2	-2	-2	8	-2	2	3	-2	-2	2	7	-2	-2	-2	7	8	-2	-2	3	-2	-2	4	-2	3	-2	2	9	4	-2	-2	7	-2	-2	-2	2	5	1	-2	9	2	-2	-2	-2	2	4	7	9	8	-2	-2	5	-2	-2	-2	7	-2	3	-2	4	5	7	6	-2	7	-2	-2	-2	-2	-2	2	6	8	-2	-2	9	1	7	-2	-2	-2	4	-2	-2	0	9	-2	-2	-2	3	-2	8	-2	8	-2	6	-2	-2	4	-2	8	-2	-2	5	2	7	9	3	4	-2	-2	7	3	3	-2	-2	8	-2	8	-2	-2	7	-2	5	5	-2	-2	2	8	-2	-2	-2	9	7	-2	-2	-2	-2	5	7	3	-2	-2	1	3	-2	-2	5	-2	6	-2	9	-2	-2	2	0	-2	-2	-2	3	-2	8	-2	8	1	-2	8	-2	-2	-2	2	4	-2	1	-2	-2	-2
# Values
80.0	1261.0	73.0	249.0	17.0	1.0
26.0	1259.0	73.0	249.0	17.0	1.0
1.0	487.0	69.0	222.0	15.0	1.0
1.0	61.0	64.0	48.0	8.0	0.0
1.0	35.0	2.0	5.0	0.0	0.0
1.0	6.0	0.0	5.0	0.0	0.0
1.0	6.0	0.0	1.0	0.0	0.0
1.0	0.0	0.0	0.0	0.0	0.0
0.0	6.0	0.0	1.0	0.0	0.0
0.0	6.0	0.0	0.0	0.0	0.0
0.0	0.0	0.0	1.0	0.0	0.0
0.0	0.0	0.0	4.0	0.0	0.0
0.0	29.0	2.0	0.0	0.0	0.0
0.0	29.0	1.0	0.0	0.0	0.0
0.0	27.0	0.0	0.0	0.0	0.0
0.0	2.0	1.0	0.0	0.0	0.0
0.0	2.0	0.0	0.0	0.0	0.0
0.0	0.0	1.0	0.0	0.0	0.0
0.0	0.0	1.0	0.0	0.0	0.0
0.0	26.0	62.0	43.0	8.0	0.0
0.0	17.0	27.0	43.0	8.0	0.0
0.0	3.0	0.0	29.0	0.0	0.0
0.0	1.0	0.0	0.0	0.0	0.0
0.0	2.0	0.0	29.0	0.0	0.0
0.0	1.0	0.0	2.0	0.0	0.0
0.0	0.0	0.0	2.0	0.0	0.0
0.0	1.0	0.0	0.0	0.0	0.0
0.0	1.0	0.0	27.0	0.0	0.0
0.0	0.0	0.0	22.0	0.0	0.0
0.0	1.0	0.0	5.0	0.0	0.0
0.0	1.0	0.0	1.0	0.0	0.0
0.0	0.0	0.0	4.0	0.0	0.0
0.0	14.0	27.0	14.0	8.0	0.0
0.0	0.0	0.0	0.0	5.0	0.0
0.0	14.0	27.0	14.0	3.0	0.0
0.0	4.0	23.0	12.0	3.0	0.0
0.0	2.0	18.0	5.0	3.0	0.0
0.0	0.0	6.0	4.0	3.0	0.0
0.0	0.0	6.0	0.0	1.0	0.0
0.0	0.0	6.0	0.0	0.0	0.0
0.0	0.0	0.0	0.0	1.0	0.0
0.0	0.0	0.0	4.0	2.0	0.0
0.0	0.0	0.0	1.0	2.0	0.0
0.0	0.0	0.0	3.0	0.0	0.0
0.0	2.0	12.0	1.0	0.0	0.0
0.0	0.0	6.0	0.0	0.0	0.0
0.0	2.0	6.0	1.0	0.0	0.0
0.0	2.0	5.0	7.0	0.0	0.0
0.0	2.0	0.0	6.0	0.0	0.0
0.0	0.0	0.0	6.0	0.0	0.0
0.0	2.0	0.0	0.0	0.0	0.0
0.0	0.0	5.0	1.0	0.0	0.0
0.0	0.0	5.0	0.0	0.0	0.0
0.0	0.0	0.0	1.0	0.0	0.0
0.0	10.0	4.0	2.0	0.0	0.0
0.0	10.0	2.0	2.0	0.0	0.0
0.0	9.0	1.0	0.0	0.0	0.0
0.0	7.0	0.0	0.0	0.0	0.0
0.0	2.0	1.0	0.0	0.0	0.0
0.0	0.0	1.0	0.0	0.0	0.0
0.0	2.0	0.0	0.0	0.0	0.0
0.0	1.0	1.0	2.0	0.0	0.0
0.0	0.0	0.0	2.0	0.0	0.0
0.0	1.0	1.0	0.0	0.0	0.0
0.0	0.0	1.0	0.0	0.0	0.0
0.0	1.0	0.0	0.0	0.0	0.0
0.0	0.0	2.0	0.0	0.0	0.0
0.0	9.0	35.0	0.0	0.0	0.0
0.0	2.0	0.0	0.0	0.0	0.0
0.0	7.0	35.0	0.0	0.0	0.0
0.0	5.0	34.0	0.0	0.0	0.0
0.0	1.0	28.0	0.0	0.0	0.0
0.0	1.0	4.0	0.0	0.0	0.0
0.0	1.0	0.0	0.0	0.0	0.0
0.0	0.0	4.0	0.0	0.0	0.0
0.0	0.0	24.0	0.0	0.0	0.0
0.0	4.0	6.0	0.0	0.0	0.0
0.0	3.0	0.0	0.0	0.0	0.0
0.0	1.0	6.0	0.0	0.0	0.0
0.0	0.0	6.0	0.0	0.0	0.0
0.0	1.0	0.0	0.0	0.0	0.0
0.0	2.0	1.0	0.0	0.0	0.0
0.0	2.0	0.0	0.0	0.0	0.0
0.0	0.0	1.0	0.0	0.0	0.0
0.0	426.0	5.0	174.0	7.0	1.0
0.0	421.0	5.0	150.0	7.0	1.0
0.0	23.0	0.0	33.0	4.0	0.0
0.0	13.0	0.0	33.0	4.0	0.0
0.0	3.0	0.0	30.0	0.0	0.0
0.0	3.0	0.0	8.0	0.0	0.0
0.0	0.0	0.0	3.0	0.0	0.0
0.0	3.0	0.0	5.0	0.0	0.0
0.0	3.0	0.0	4.0	0.0	0.0
0.0	2.0	0.0	2.0	0.0	0.0
0.0	1.0	0.0	2.0	0.0	0.0
0.0	0.0	0.0	1.0	0.0	0.0
0.0	0.0	0.0	22.0	0.0	0.0
0.0	10.0	0.0	3.0	4.0	0.0
0.0	0.0	0.0	0.0	4.0	0.0
0.0	10.0	0.0	3.0	0.0	0.0
0.0	10.0	0.0	2.0	0.0	0.0
0.0	4.0	0.0	0.0	0.0	0.0
0.0	6.0	0.0	2.0	0.0	0.0
0.0	0.0	0.0	1.0	0.0	0.0
0.0	6.0	0.0	1.0	0.0	0.0
0.0	4.0	0.0	1.0	0.0	0.0
0.0	2.0	0.0	0.0	0.0	0.0
0.0	0.0	0.0	1.0	0.0	0.0
0.0	10.0	0.0	0.0	0.0	0.0
0.0	398.0	5.0	117.0	3.0	1.0
0.0	221.0	1.0	32.0	0.0	0.0
0.0	85.0	1.0	26.0	0.0	0.0
0.0	76.0	1.0	16.0	0.0	0.0
0.0	0.0	1.0	1.0	0.0	0.0
0.0	0.0	1.0	0.0	0.0	0.0
0.0	0.0	0.0	1.0	0.0	0.0
0.0	76.0	0.0	15.0	0.0	0.0
0.0	19.0	0.0	0.0	0.0	0.0
0.0	57.0	0.0	15.0	0.0	0.0
0.0	2.0	0.0	5.0	0.0	0.0
0.0	0.0	0.0	5.0	0.0	0.0
0.0	2.0	0.0	0.0	0.0	0.0
0.0	55.0	0.0	10.0	0.0	0.0
0.0	55.0	0.0	9.0	0.0	0.0
0.0	48.0	0.0	9.0	0.0	0.0
0.0	7.0	0.0	0.0	0.0	0.0
0.0	0.0	0.0	1.0	0.0	0.0
0.0	9.0	0.0	10.0	0.0	0.0
0.0	7.0	0.0	1.0	0.0	0.0
0.0	0.0	0.0	1.0	0.0	0.0
0.0	7.0	0.0	0.0	0.0	0.0
0.0	2.0	0.0	9.0	0.0	0.0
0.0	0.0	0.0	9.0	0.0	0.0
0.0	2.0	0.0	0.0	0.0	0.0
0.0	136.0	0.0	6.0	0.0	0.0
0.0	84.0	0.0	0.0	0.0	0.0
0.0	52.0	0.0	6.0	0.0	0.0
0.0	0.0	0.0	3.0	0.0	0.0
0.0	52.0	0.0	3.0	0.0	0.0
0.0	52.0	0.0	2.0	0.0	0.0
0.0	50.0	0.0	1.0	0.0	0.0
0.0	13.0	0.0	0.0	0.0	0.0
0.0	37.0	0.0	1.0	0.0	0.0
0.0	2.0	0.0	1.0	0.0	0.0
0.0	2.0	0.0	0.0	0.0	0.0
0.0	0.0	0.0	1.0	0.0	0.0
0.0	0.0	0.0	1.0	0.0	0.0
0.0	177.0	4.0	85.0	3.0	1.0
0.0	173.0	4.0	64.0	3.0	0.0
0.0	4.0	0.0	17.0	0.0	0.0
0.0	2.0	0.0	0.0	0.0	0.0
0.0	2.0	0.0	17.0	0.0	0.0
0.0	2.0	0.0	2.0	0.0	0.0
0.0	0.0	0.0	2.0	0.0	0.0
0.0	2.0	0.0	0.0	0.0	0.0
0.0	0.0	0.0	15.0	0.0	0.0
0.0	169.0	4.0	47.0	3.0	0.0
0.0	70.0	4.0	33.0	3.0	0.0
0.0	8.0	3.0	26.0	0.0	0.0
0.0	2.0	3.0	26.0	0.0	0.0
0.0	1.0	0.0	26.0	0.0	0.0
0.0	1.0	0.0	0.0	0.0	0.0
0.0	0.0	0.0	26.0	0.0	0.0
0.0	1.0	3.0	0.0	0.0	0.0
0.0	0.0	3.0	0.0	0.0	0.0
0.0	1.0	0.0	0.0	0.0	0.0
0.0	6.0	0.0	0.0	0.0	0.0
0.0	62.0	1.0	7.0	3.0	0.0
0.0	0.0	0.0	0.0	3.0	0.0
0.0	62.0	1.0	7.0	0.0	0.0
0.0	0.0	1.0	0.0	0.0	0.0
0.0	62.0	0.0	7.0	0.0	0.0
0.0	62.0	0.0	6.0	0.0	0.0
0.0	21.0	0.0	6.0	0.0	0.0
0.0	21.0	0.0	1.0	0.0	0.0
0.0	20.0	0.0	0.0	0.0	0.0
0.0	1.0	0.0	1.0	0.0	0.0
0.0	1.0	0.0	0.0	0.0	0.0
0.0	0.0	0.0	1.0	0.0	0.0
0.0	0.0	0.0	5.0	0.0	0.0
0.0	41.0	0.0	0.0	0.0	0.0
0.0	0.0	0.0	1.0	0.0	0.0
0.0	99.0	0.0	14.0	0.0	0.0
0.0	88.0	0.0	5.0	0.0	0.0
0.0	4.0	0.0	2.0	0.0	0.0
0.0	0.0	0.0	2.0	0.0	0.0
0.0	4.0	0.0	0.0	0.0	0.0
0.0	84.0	0.0	3.0	0.0	0.0
0.0	68.0	0.0	1.0	0.0	0.0
0.0	10.0	0.0	1.0	0.0	0.0
0.0	0.0	0.0	1.0	0.0	0.0
0.0	10.0	0.0	0.0	0.0	0.0
0.0	58.0	0.0	0.0	0.0	0.0
0.0	16.0	0.0	2.0	0.0	0.0
0.0	0.0	0.0	2.0	0.0	0.0
0.0	16.0	0.0	0.0	0.0	0.0
0.0	11.0	0.0	9.0	0.0	0.0
0.0	1.0	0.0	9.0	0.0	0.0
0.0	1.0	0.0	0.0	0.0	0.0
0.0	0.0	0.0	9.0	0.0	0.0
0.0	10.0	0.0	0.0	0.0	0.0
0.0	4.0	0.0	21.0	0.0	1.0
0.0	3.0	0.0	0.0	0.0	0.0
0.0	1.0	0.0	21.0	0.0	1.0
0.0	0.0	0.0	0.0	0.0	1.0
0.0	1.0	0.0	21.0	0.0	0.0
0.0	0.0	0.0	19.0	0.0	0.0
0.0	1.0	0.0	2.0	0.0	0.0
0.0	1.0	0.0	0.0	0.0	0.0
0.0	0.0	0.0	2.0	0.0	0.0
0.0	5.0	0.0	24.0	0.0	0.0
0.0	0.0	0.0	23.0	0.0	0.0
0.0	5.0	0.0	1.0	0.0	0.0
0.0	0.0	0.0	1.0	0.0	0.0
0.0	5.0	0.0	0.0	0.0	0.0
25.0	772.0	4.0	27.0	2.0	0.0
5.0	721.0	4.0	27.0	2.0	0.0
4.0	644.0	2.0	9.0	0.0	0.0
3.0	644.0	2.0	9.0	0.0	0.0
3.0	620.0	0.0	7.0	0.0	0.0
0.0	4.0	0.0	1.0	0.0	0.0
0.0	4.0	0.0	0.0	0.0	0.0
0.0	0.0	0.0	1.0	0.0	0.0
3.0	616.0	0.0	6.0	0.0	0.0
0.0	441.0	0.0	2.0	0.0	0.0
0.0	15.0	0.0	1.0	0.0	0.0
0.0	15.0	0.0	0.0	0.0	0.0
0.0	0.0	0.0	1.0	0.0	0.0
0.0	426.0	0.0	1.0	0.0	0.0
0.0	384.0	0.0	0.0	0.0	0.0
0.0	42.0	0.0	1.0	0.0	0.0
0.0	0.0	0.0	1.0	0.0	0.0
0.0	42.0	0.0	0.0	0.0	0.0
3.0	175.0	0.0	4.0	0.0	0.0
0.0	0.0	0.0	3.0	0.0	0.0
3.0	175.0	0.0	1.0	0.0	0.0
0.0	7.0	0.0	1.0	0.0	0.0
0.0	7.0	0.0	0.0	0.0	0.0
0.0	0.0	0.0	1.0	0.0	0.0
3.0	168.0	0.0	0.0	0.0	0.0
3.0	58.0	0.0	0.0	0.0	0.0
0.0	6.0	0.0	0.0	0.0	0.0
3.0	52.0	0.0	0.0	0.0	0.0
0.0	110.0	0.0	0.0	0.0	0.0
0.0	24.0	2.0	2.0	0.0	0.0
0.0	0.0	2.0	2.0	0.0	0.0
0.0	0.0	0.0	2.0	0.0	0.0
0.0	0.0	2.0	0.0	0.0	0.0
0.0	24.0	0.0	0.0	0.0	0.0
1.0	0.0	0.0	0.0	0.0	0.0
1.0	77.0	2.0	18.0	2.0	0.0
0.0	10.0	2.0	18.0	1.0	0.0
0.0	0.0	0.0	10.0	1.0	0.0
0.0	0.0	0.0	0.0	1.0	0.0
0.0	0.0	0.0	10.0	0.0	0.0
0.0	10.0	2.0	8.0	0.0	0.0
0.0	0.0	2.0	5.0	0.0	0.0
0.0	0.0	0.0	5.0	0.0	0.0
0.0	0.0	2.0	0.0	0.0	0.0
0.0	10.0	0.0	3.0	0.0	0.0
0.0	0.0	0.0	2.0	0.0	0.0
0.0	10.0	0.0	1.0	0.0	0.0
0.0	9.0	0.0	0.0	0.0	0.0
0.0	1.0	0.0	1.0	0.0	0.0
0.0	0.0	0.0	1.0	0.0	0.0
0.0	1.0	0.0	0.0	0.0	0.0
1.0	67.0	0.0	0.0	1.0	0.0
1.0	67.0	0.0	0.0	0.0	0.0
0.0	67.0	0.0	0.0	0.0	0.0
1.0	0.0	0.0	0.0	0.0	0.0
0.0	0.0	0.0	0.0	1.0	0.0
20.0	51.0	0.0	0.0	0.0	0.0
16.0	0.0	0.0	0.0	0.0	0.0
4.0	51.0	0.0	0.0	0.0	0.0
2.0	0.0	0.0	0.0	0.0	0.0
2.0	51.0	0.0	0.0	0.0	0.0
1.0	51.0	0.0	0.0	0.0	0.0
0.0	49.0	0.0	0.0	0.0	0.0
1.0	2.0	0.0	0.0	0.0	0.0
1.0	0.0	0.0	0.0	0.0	0.0
0.0	2.0	0.0	0.0	0.0	0.0
1.0	0.0	0.0	0.0	0.0	0.0
54.0	2.0	0.0	0.0	0.0	0.0
54.0	1.0	0.0	0.0	0.0	0.0
46.0	0.0	0.0	0.0	0.0	0.0
8.0	1.0	0.0	0.0	0.0	0.0
8.0	0.0	0.0	0.0	0.0	0.0
0.0	1.0	0.0	0.0	0.0	0.0
0.0	1.0	0.0	0.0	0.0	0.0
