# Sizes (NFeatures, Nclasses, NodeCount, MaxDepth)
14	6	279	18
# Classes
0.0	1.0	2.0	3.0	4.0	5.0
# Feature Names
Nrows	Ncols	Nnnz	AvgNnnz	Density	MaxRowNnnz	MinRowNnnz	StdRowNnnz	NDiags	NTrueDiags	AvgNnnzDia	AvgNnnzELL	AvgNnnzHyb	AvgNnnzHdc
# Left
1	2	3	-1	5	-1	-1	-1	9	10	11	12	13	14	-1	-1	17	18	-1	20	21	-1	-1	-1	-1	26	27	-1	29	30	31	32	-1	-1	35	-1	37	-1	-1	-1	41	42	-1	-1	-1	46	47	48	-1	-1	-1	-1	53	54	55	-1	-1	58	-1	-1	61	-1	63	64	-1	66	-1	-1	69	-1	71	-1	-1	74	75	76	-1	78	-1	-1	-1	-1	83	84	85	86	87	-1	-1	90	91	-1	93	-1	-1	96	-1	-1	99	100	-1	-1	103	-1	105	-1	107	-1	-1	110	111	112	113	-1	115	116	117	-1	-1	120	121	122	123	-1	-1	126	127	128	-1	-1	-1	132	-1	-1	135	-1	-1	138	139	140	141	-1	-1	144	145	-1	147	-1	-1	-1	151	-1	153	154	155	156	-1	-1	-1	160	-1	-1	163	-1	-1	166	-1	-1	-1	170	-1	-1	173	-1	-1	176	-1	-1	179	180	181	-1	-1	184	185	-1	-1	188	189	190	191	192	193	-1	-1	-1	-1	198	-1	-1	-1	-1	203	204	205	206	207	208	209	210	-1	-1	-1	214	-1	-1	-1	218	219	-1	221	-1	-1	224	225	-1	227	-1	-1	230	231	232	-1	-1	235	-1	-1	-1	239	-1	-1	242	243	244	-1	-1	247	248	-1	-1	-1	252	-1	254	255	256	-1	-1	-1	-1	261	262	263	-1	-1	266	-1	268	-1	-1	271	272	-1	-1	275	-1	277	-1	-1
# Right
8	7	4	-1	6	-1	-1	-1	82	73	52	25	16	15	-1	-1	24	19	-1	23	22	-1	-1	-1	-1	45	28	-1	40	39	34	33	-1	-1	36	-1	38	-1	-1	-1	44	43	-1	-1	-1	51	50	49	-1	-1	-1	-1	60	57	56	-1	-1	59	-1	-1	62	-1	68	65	-1	67	-1	-1	70	-1	72	-1	-1	81	80	77	-1	79	-1	-1	-1	-1	178	109	98	89	88	-1	-1	95	92	-1	94	-1	-1	97	-1	-1	102	101	-1	-1	104	-1	106	-1	108	-1	-1	175	172	169	114	-1	168	119	118	-1	-1	137	134	125	124	-1	-1	131	130	129	-1	-1	-1	133	-1	-1	136	-1	-1	165	150	143	142	-1	-1	149	146	-1	148	-1	-1	-1	152	-1	162	159	158	157	-1	-1	-1	161	-1	-1	164	-1	-1	167	-1	-1	-1	171	-1	-1	174	-1	-1	177	-1	-1	202	183	182	-1	-1	187	186	-1	-1	201	200	197	196	195	194	-1	-1	-1	-1	199	-1	-1	-1	-1	260	241	238	217	216	213	212	211	-1	-1	-1	215	-1	-1	-1	223	220	-1	222	-1	-1	229	226	-1	228	-1	-1	237	234	233	-1	-1	236	-1	-1	-1	240	-1	-1	251	246	245	-1	-1	250	249	-1	-1	-1	253	-1	259	258	257	-1	-1	-1	-1	270	265	264	-1	-1	267	-1	269	-1	-1	274	273	-1	-1	276	-1	278	-1	-1
# Threshold
0.0012421900173649192	0.0004919069906463847	0.0008654889825265855	-2.0	0.4264110028743744	-2.0	-2.0	-2.0	69.0	0.07406184822320938	17.0	5156.5	135.0	89.0	-2.0	-2.0	2742.0	7.5	-2.0	0.009498595260083675	0.4701704978942871	-2.0	-2.0	-2.0	-2.0	9900.5	0.7285989820957184	-2.0	6.2651050090789795	0.8410715162754059	0.001999500091187656	8000.0	-2.0	-2.0	0.36299699544906616	-2.0	0.3951124995946884	-2.0	-2.0	-2.0	1.3403220474720001	0.0019063790095970035	-2.0	-2.0	-2.0	65694.5	11553.0	4.5	-2.0	-2.0	-2.0	-2.0	991.5	2.5	0.5832865238189697	-2.0	-2.0	4.5	-2.0	-2.0	22.5	-2.0	250050.5	20.33240032196045	-2.0	1083.0	-2.0	-2.0	39133.0	-2.0	22.5	-2.0	-2.0	3.0391299724578857	0.7391919791698456	8.166665077209473	-2.0	37.0	-2.0	-2.0	-2.0	-2.0	1.3617950081825256	21.5	1152.5	0.35505498945713043	1.5	-2.0	-2.0	1.1082950234413147	455.5	-2.0	0.5	-2.0	-2.0	0.07772789895534515	-2.0	-2.0	5.0	0.5	-2.0	-2.0	1907.5	-2.0	15.0	-2.0	0.3666149973869324	-2.0	-2.0	6053785.0	21398.0	0.6599830090999603	8.744690376261133e-07	-2.0	4712790.0	0.2510970011353493	63832.5	-2.0	-2.0	55.5	45202.0	2608.0	2090.5	-2.0	-2.0	0.5812669992446899	0.34142500162124634	0.34117700159549713	-2.0	-2.0	-2.0	0.5967295169830322	-2.0	-2.0	6.24991512298584	-2.0	-2.0	0.5310079753398895	960.5	180.0	2.922605037689209	-2.0	-2.0	64.5	57601.5	-2.0	0.12140849977731705	-2.0	-2.0	-2.0	982.0	-2.0	1.1753249764442444	186.4209976196289	12912.5	6.202704906463623	-2.0	-2.0	-2.0	1748620.0	-2.0	-2.0	1.218055009841919	-2.0	-2.0	59.16975021362305	-2.0	-2.0	-2.0	58466.5	-2.0	-2.0	0.0006639855055254884	-2.0	-2.0	2.4108234359943026e-06	-2.0	-2.0	16212.5	0.007554669864475727	92.5	-2.0	-2.0	922.5	85.5	-2.0	-2.0	18.5	8.815070152282715	5562.5	0.028710000216960907	2229.0	1.3180750012397766	-2.0	-2.0	-2.0	-2.0	175.0	-2.0	-2.0	-2.0	-2.0	0.6293675005435944	2991900.0	0.6963874995708466	23559.0	2.5706000328063965	22175.5	1.4358200430870056	10.0	-2.0	-2.0	-2.0	0.00654811505228281	-2.0	-2.0	-2.0	1.4540449976921082	0.3396404981613159	-2.0	1.4425700306892395	-2.0	-2.0	16.5	0.5033565014600754	-2.0	0.5084874927997589	-2.0	-2.0	0.9181145131587982	0.33273249864578247	1624245.5	-2.0	-2.0	41.56920051574707	-2.0	-2.0	-2.0	35.0	-2.0	-2.0	16.0	1.4461649656295776	1.3723999857902527	-2.0	-2.0	77069900.0	0.0017276699654757977	-2.0	-2.0	-2.0	0.0001904554956126958	-2.0	0.36440034955739975	0.4784319996833801	9.279025077819824	-2.0	-2.0	-2.0	-2.0	11.796549797058105	0.6766479909420013	29088.5	-2.0	-2.0	2.414170026779175	-2.0	0.9818749725818634	-2.0	-2.0	6.502079963684082	0.000991243519820273	-2.0	-2.0	4.412125053931959e-05	-2.0	13.621049880981445	-2.0	-2.0
# Feature
11	10	11	-2	13	-2	-2	-2	8	4	8	2	2	2	-2	-2	0	8	-2	4	10	-2	-2	-2	-2	0	11	-2	3	10	4	1	-2	-2	7	-2	7	-2	-2	-2	7	4	-2	-2	-2	1	1	8	-2	-2	-2	-2	0	9	13	-2	-2	6	-2	-2	8	-2	2	3	-2	0	-2	-2	1	-2	5	-2	-2	12	10	3	-2	8	-2	-2	-2	-2	12	5	8	13	6	-2	-2	12	0	-2	9	-2	-2	10	-2	-2	5	9	-2	-2	1	-2	9	-2	13	-2	-2	8	5	11	4	-2	8	13	8	-2	-2	5	8	2	2	-2	-2	13	13	13	-2	-2	-2	13	-2	-2	7	-2	-2	11	5	8	3	-2	-2	5	8	-2	11	-2	-2	-2	5	-2	12	3	2	3	-2	-2	-2	2	-2	-2	12	-2	-2	3	-2	-2	-2	1	-2	-2	10	-2	-2	10	-2	-2	2	4	8	-2	-2	2	1	-2	-2	5	3	2	10	2	7	-2	-2	-2	-2	8	-2	-2	-2	-2	13	2	10	2	12	2	12	9	-2	-2	-2	4	-2	-2	-2	12	13	-2	12	-2	-2	6	13	-2	13	-2	-2	11	11	2	-2	-2	3	-2	-2	-2	6	-2	-2	9	12	12	-2	-2	2	10	-2	-2	-2	4	-2	10	13	12	-2	-2	-2	-2	3	13	0	-2	-2	7	-2	13	-2	-2	7	4	-2	-2	4	-2	7	-2	-2
# Values
75.0	1248.0	74.0	265.0	17.0	2.0
63.0	3.0	0.0	0.0	0.0	0.0
63.0	2.0	0.0	0.0	0.0	0.0
57.0	0.0	0.0	0.0	0.0	0.0
6.0	2.0	0.0	0.0	0.0	0.0
6.0	0.0	0.0	0.0	0.0	0.0
0.0	2.0	0.0	0.0	0.0	0.0
0.0	1.0	0.0	0.0	0.0	0.0
12.0	1245.0	74.0	265.0	17.0	2.0
0.0	71.0	69.0	85.0	9.0	2.0
0.0	33.0	68.0	82.0	9.0	2.0
0.0	20.0	35.0	75.0	9.0	0.0
0.0	6.0	0.0	51.0	7.0	0.0
0.0	5.0	0.0	1.0	0.0	0.0
0.0	0.0	0.0	1.0	0.0	0.0
0.0	5.0	0.0	0.0	0.0	0.0
0.0	1.0	0.0	50.0	7.0	0.0
0.0	1.0	0.0	50.0	4.0	0.0
0.0	0.0	0.0	39.0	0.0	0.0
0.0	1.0	0.0	11.0	4.0	0.0
0.0	1.0	0.0	1.0	4.0	0.0
0.0	1.0	0.0	0.0	0.0	0.0
0.0	0.0	0.0	1.0	4.0	0.0
0.0	0.0	0.0	10.0	0.0	0.0
0.0	0.0	0.0	0.0	3.0	0.0
0.0	14.0	35.0	24.0	2.0	0.0
0.0	4.0	24.0	24.0	0.0	0.0
0.0	0.0	0.0	8.0	0.0	0.0
0.0	4.0	24.0	16.0	0.0	0.0
0.0	0.0	23.0	11.0	0.0	0.0
0.0	0.0	14.0	11.0	0.0	0.0
0.0	0.0	8.0	1.0	0.0	0.0
0.0	0.0	8.0	0.0	0.0	0.0
0.0	0.0	0.0	1.0	0.0	0.0
0.0	0.0	6.0	10.0	0.0	0.0
0.0	0.0	0.0	7.0	0.0	0.0
0.0	0.0	6.0	3.0	0.0	0.0
0.0	0.0	3.0	3.0	0.0	0.0
0.0	0.0	3.0	0.0	0.0	0.0
0.0	0.0	9.0	0.0	0.0	0.0
0.0	4.0	1.0	5.0	0.0	0.0
0.0	2.0	1.0	5.0	0.0	0.0
0.0	2.0	1.0	4.0	0.0	0.0
0.0	0.0	0.0	1.0	0.0	0.0
0.0	2.0	0.0	0.0	0.0	0.0
0.0	10.0	11.0	0.0	2.0	0.0
0.0	10.0	1.0	0.0	2.0	0.0
0.0	0.0	1.0	0.0	2.0	0.0
0.0	0.0	1.0	0.0	0.0	0.0
0.0	0.0	0.0	0.0	2.0	0.0
0.0	10.0	0.0	0.0	0.0	0.0
0.0	0.0	10.0	0.0	0.0	0.0
0.0	13.0	33.0	7.0	0.0	2.0
0.0	2.0	25.0	4.0	0.0	0.0
0.0	2.0	0.0	2.0	0.0	0.0
0.0	0.0	0.0	2.0	0.0	0.0
0.0	2.0	0.0	0.0	0.0	0.0
0.0	0.0	25.0	2.0	0.0	0.0
0.0	0.0	25.0	0.0	0.0	0.0
0.0	0.0	0.0	2.0	0.0	0.0
0.0	11.0	8.0	3.0	0.0	2.0
0.0	0.0	5.0	0.0	0.0	0.0
0.0	11.0	3.0	3.0	0.0	2.0
0.0	11.0	0.0	1.0	0.0	0.0
0.0	10.0	0.0	0.0	0.0	0.0
0.0	1.0	0.0	1.0	0.0	0.0
0.0	1.0	0.0	0.0	0.0	0.0
0.0	0.0	0.0	1.0	0.0	0.0
0.0	0.0	3.0	2.0	0.0	2.0
0.0	0.0	3.0	0.0	0.0	0.0
0.0	0.0	0.0	2.0	0.0	2.0
0.0	0.0	0.0	0.0	0.0	2.0
0.0	0.0	0.0	2.0	0.0	0.0
0.0	38.0	1.0	3.0	0.0	0.0
0.0	38.0	1.0	1.0	0.0	0.0
0.0	38.0	1.0	0.0	0.0	0.0
0.0	36.0	0.0	0.0	0.0	0.0
0.0	2.0	1.0	0.0	0.0	0.0
0.0	2.0	0.0	0.0	0.0	0.0
0.0	0.0	1.0	0.0	0.0	0.0
0.0	0.0	0.0	1.0	0.0	0.0
0.0	0.0	0.0	2.0	0.0	0.0
12.0	1174.0	5.0	180.0	8.0	0.0
12.0	817.0	0.0	37.0	7.0	0.0
0.0	41.0	0.0	21.0	3.0	0.0
0.0	15.0	0.0	18.0	1.0	0.0
0.0	8.0	0.0	1.0	0.0	0.0
0.0	0.0	0.0	1.0	0.0	0.0
0.0	8.0	0.0	0.0	0.0	0.0
0.0	7.0	0.0	17.0	1.0	0.0
0.0	6.0	0.0	1.0	1.0	0.0
0.0	6.0	0.0	0.0	0.0	0.0
0.0	0.0	0.0	1.0	1.0	0.0
0.0	0.0	0.0	0.0	1.0	0.0
0.0	0.0	0.0	1.0	0.0	0.0
0.0	1.0	0.0	16.0	0.0	0.0
0.0	0.0	0.0	16.0	0.0	0.0
0.0	1.0	0.0	0.0	0.0	0.0
0.0	26.0	0.0	3.0	2.0	0.0
0.0	0.0	0.0	1.0	2.0	0.0
0.0	0.0	0.0	1.0	0.0	0.0
0.0	0.0	0.0	0.0	2.0	0.0
0.0	26.0	0.0	2.0	0.0	0.0
0.0	0.0	0.0	1.0	0.0	0.0
0.0	26.0	0.0	1.0	0.0	0.0
0.0	23.0	0.0	0.0	0.0	0.0
0.0	3.0	0.0	1.0	0.0	0.0
0.0	0.0	0.0	1.0	0.0	0.0
0.0	3.0	0.0	0.0	0.0	0.0
12.0	776.0	0.0	16.0	4.0	0.0
11.0	776.0	0.0	16.0	0.0	0.0
7.0	774.0	0.0	16.0	0.0	0.0
7.0	772.0	0.0	13.0	0.0	0.0
1.0	0.0	0.0	0.0	0.0	0.0
6.0	772.0	0.0	13.0	0.0	0.0
5.0	772.0	0.0	13.0	0.0	0.0
0.0	2.0	0.0	1.0	0.0	0.0
0.0	2.0	0.0	0.0	0.0	0.0
0.0	0.0	0.0	1.0	0.0	0.0
5.0	770.0	0.0	12.0	0.0	0.0
0.0	166.0	0.0	7.0	0.0	0.0
0.0	162.0	0.0	4.0	0.0	0.0
0.0	13.0	0.0	2.0	0.0	0.0
0.0	13.0	0.0	0.0	0.0	0.0
0.0	0.0	0.0	2.0	0.0	0.0
0.0	149.0	0.0	2.0	0.0	0.0
0.0	131.0	0.0	1.0	0.0	0.0
0.0	61.0	0.0	1.0	0.0	0.0
0.0	21.0	0.0	0.0	0.0	0.0
0.0	40.0	0.0	1.0	0.0	0.0
0.0	70.0	0.0	0.0	0.0	0.0
0.0	18.0	0.0	1.0	0.0	0.0
0.0	0.0	0.0	1.0	0.0	0.0
0.0	18.0	0.0	0.0	0.0	0.0
0.0	4.0	0.0	3.0	0.0	0.0
0.0	4.0	0.0	0.0	0.0	0.0
0.0	0.0	0.0	3.0	0.0	0.0
5.0	604.0	0.0	5.0	0.0	0.0
5.0	600.0	0.0	4.0	0.0	0.0
0.0	406.0	0.0	2.0	0.0	0.0
0.0	10.0	0.0	1.0	0.0	0.0
0.0	0.0	0.0	1.0	0.0	0.0
0.0	10.0	0.0	0.0	0.0	0.0
0.0	396.0	0.0	1.0	0.0	0.0
0.0	54.0	0.0	1.0	0.0	0.0
0.0	51.0	0.0	0.0	0.0	0.0
0.0	3.0	0.0	1.0	0.0	0.0
0.0	3.0	0.0	0.0	0.0	0.0
0.0	0.0	0.0	1.0	0.0	0.0
0.0	342.0	0.0	0.0	0.0	0.0
5.0	194.0	0.0	2.0	0.0	0.0
0.0	0.0	0.0	2.0	0.0	0.0
5.0	194.0	0.0	0.0	0.0	0.0
3.0	188.0	0.0	0.0	0.0	0.0
2.0	182.0	0.0	0.0	0.0	0.0
2.0	44.0	0.0	0.0	0.0	0.0
0.0	9.0	0.0	0.0	0.0	0.0
2.0	35.0	0.0	0.0	0.0	0.0
0.0	138.0	0.0	0.0	0.0	0.0
1.0	6.0	0.0	0.0	0.0	0.0
1.0	0.0	0.0	0.0	0.0	0.0
0.0	6.0	0.0	0.0	0.0	0.0
2.0	6.0	0.0	0.0	0.0	0.0
2.0	3.0	0.0	0.0	0.0	0.0
0.0	3.0	0.0	0.0	0.0	0.0
0.0	4.0	0.0	1.0	0.0	0.0
0.0	4.0	0.0	0.0	0.0	0.0
0.0	0.0	0.0	1.0	0.0	0.0
1.0	0.0	0.0	0.0	0.0	0.0
0.0	2.0	0.0	3.0	0.0	0.0
0.0	2.0	0.0	0.0	0.0	0.0
0.0	0.0	0.0	3.0	0.0	0.0
4.0	2.0	0.0	0.0	0.0	0.0
0.0	2.0	0.0	0.0	0.0	0.0
4.0	0.0	0.0	0.0	0.0	0.0
1.0	0.0	0.0	0.0	4.0	0.0
1.0	0.0	0.0	0.0	0.0	0.0
0.0	0.0	0.0	0.0	4.0	0.0
0.0	357.0	5.0	143.0	1.0	0.0
0.0	72.0	0.0	70.0	0.0	0.0
0.0	2.0	0.0	43.0	0.0	0.0
0.0	2.0	0.0	0.0	0.0	0.0
0.0	0.0	0.0	43.0	0.0	0.0
0.0	70.0	0.0	27.0	0.0	0.0
0.0	5.0	0.0	8.0	0.0	0.0
0.0	5.0	0.0	0.0	0.0	0.0
0.0	0.0	0.0	8.0	0.0	0.0
0.0	65.0	0.0	19.0	0.0	0.0
0.0	48.0	0.0	19.0	0.0	0.0
0.0	48.0	0.0	14.0	0.0	0.0
0.0	47.0	0.0	11.0	0.0	0.0
0.0	33.0	0.0	11.0	0.0	0.0
0.0	29.0	0.0	11.0	0.0	0.0
0.0	1.0	0.0	1.0	0.0	0.0
0.0	28.0	0.0	10.0	0.0	0.0
0.0	4.0	0.0	0.0	0.0	0.0
0.0	14.0	0.0	0.0	0.0	0.0
0.0	1.0	0.0	3.0	0.0	0.0
0.0	0.0	0.0	3.0	0.0	0.0
0.0	1.0	0.0	0.0	0.0	0.0
0.0	0.0	0.0	5.0	0.0	0.0
0.0	17.0	0.0	0.0	0.0	0.0
0.0	285.0	5.0	73.0	1.0	0.0
0.0	255.0	5.0	32.0	1.0	0.0
0.0	205.0	3.0	13.0	0.0	0.0
0.0	204.0	0.0	13.0	0.0	0.0
0.0	18.0	0.0	6.0	0.0	0.0
0.0	18.0	0.0	2.0	0.0	0.0
0.0	17.0	0.0	1.0	0.0	0.0
0.0	2.0	0.0	1.0	0.0	0.0
0.0	0.0	0.0	1.0	0.0	0.0
0.0	2.0	0.0	0.0	0.0	0.0
0.0	15.0	0.0	0.0	0.0	0.0
0.0	1.0	0.0	1.0	0.0	0.0
0.0	1.0	0.0	0.0	0.0	0.0
0.0	0.0	0.0	1.0	0.0	0.0
0.0	0.0	0.0	4.0	0.0	0.0
0.0	186.0	0.0	7.0	0.0	0.0
0.0	18.0	0.0	3.0	0.0	0.0
0.0	0.0	0.0	2.0	0.0	0.0
0.0	18.0	0.0	1.0	0.0	0.0
0.0	18.0	0.0	0.0	0.0	0.0
0.0	0.0	0.0	1.0	0.0	0.0
0.0	168.0	0.0	4.0	0.0	0.0
0.0	136.0	0.0	1.0	0.0	0.0
0.0	109.0	0.0	0.0	0.0	0.0
0.0	27.0	0.0	1.0	0.0	0.0
0.0	0.0	0.0	1.0	0.0	0.0
0.0	27.0	0.0	0.0	0.0	0.0
0.0	32.0	0.0	3.0	0.0	0.0
0.0	32.0	0.0	2.0	0.0	0.0
0.0	1.0	0.0	1.0	0.0	0.0
0.0	0.0	0.0	1.0	0.0	0.0
0.0	1.0	0.0	0.0	0.0	0.0
0.0	31.0	0.0	1.0	0.0	0.0
0.0	5.0	0.0	1.0	0.0	0.0
0.0	26.0	0.0	0.0	0.0	0.0
0.0	0.0	0.0	1.0	0.0	0.0
0.0	1.0	3.0	0.0	0.0	0.0
0.0	0.0	3.0	0.0	0.0	0.0
0.0	1.0	0.0	0.0	0.0	0.0
0.0	50.0	2.0	19.0	1.0	0.0
0.0	39.0	0.0	3.0	1.0	0.0
0.0	1.0	0.0	2.0	0.0	0.0
0.0	1.0	0.0	0.0	0.0	0.0
0.0	0.0	0.0	2.0	0.0	0.0
0.0	38.0	0.0	1.0	1.0	0.0
0.0	38.0	0.0	1.0	0.0	0.0
0.0	38.0	0.0	0.0	0.0	0.0
0.0	0.0	0.0	1.0	0.0	0.0
0.0	0.0	0.0	0.0	1.0	0.0
0.0	11.0	2.0	16.0	0.0	0.0
0.0	0.0	0.0	13.0	0.0	0.0
0.0	11.0	2.0	3.0	0.0	0.0
0.0	11.0	0.0	3.0	0.0	0.0
0.0	11.0	0.0	1.0	0.0	0.0
0.0	7.0	0.0	0.0	0.0	0.0
0.0	4.0	0.0	1.0	0.0	0.0
0.0	0.0	0.0	2.0	0.0	0.0
0.0	0.0	2.0	0.0	0.0	0.0
0.0	30.0	0.0	41.0	0.0	0.0
0.0	22.0	0.0	5.0	0.0	0.0
0.0	1.0	0.0	3.0	0.0	0.0
0.0	0.0	0.0	3.0	0.0	0.0
0.0	1.0	0.0	0.0	0.0	0.0
0.0	21.0	0.0	2.0	0.0	0.0
0.0	18.0	0.0	0.0	0.0	0.0
0.0	3.0	0.0	2.0	0.0	0.0
0.0	0.0	0.0	2.0	0.0	0.0
0.0	3.0	0.0	0.0	0.0	0.0
0.0	8.0	0.0	36.0	0.0	0.0
0.0	1.0	0.0	34.0	0.0	0.0
0.0	0.0	0.0	34.0	0.0	0.0
0.0	1.0	0.0	0.0	0.0	0.0
0.0	7.0	0.0	2.0	0.0	0.0
0.0	6.0	0.0	0.0	0.0	0.0
0.0	1.0	0.0	2.0	0.0	0.0
0.0	0.0	0.0	2.0	0.0	0.0
0.0	1.0	0.0	0.0	0.0	0.0
