# Sizes (NFeatures, Nclasses, NodeCount, MaxDepth)
14	6	281	16
# Classes
0.0	1.0	2.0	3.0	4.0	5.0
# Feature Names
Nrows	Ncols	Nnnz	AvgNnnz	Density	MaxRowNnnz	MinRowNnnz	StdRowNnnz	NDiags	NTrueDiags	AvgNnnzDia	AvgNnnzELL	AvgNnnzHyb	AvgNnnzHdc
# Left
1	2	-1	4	5	-1	-1	-1	9	10	11	12	13	14	-1	16	17	-1	-1	20	21	22	23	24	-1	-1	27	-1	29	30	-1	32	-1	-1	-1	-1	-1	-1	-1	40	41	42	-1	44	45	46	47	48	-1	-1	-1	52	-1	-1	-1	-1	57	58	-1	60	61	-1	63	-1	-1	-1	67	-1	69	-1	-1	72	73	74	-1	-1	-1	-1	79	80	-1	82	-1	-1	85	-1	87	-1	89	-1	-1	92	93	94	95	96	97	98	-1	100	-1	-1	-1	-1	105	106	107	-1	-1	110	-1	112	-1	-1	115	116	-1	-1	119	120	-1	-1	123	-1	-1	126	127	128	129	-1	-1	132	133	134	135	-1	-1	-1	-1	-1	-1	-1	143	144	145	-1	147	-1	149	-1	-1	152	153	-1	155	156	157	-1	-1	-1	161	-1	-1	-1	165	166	-1	-1	-1	170	171	172	173	174	-1	-1	-1	-1	179	180	181	-1	183	-1	-1	-1	187	188	189	-1	191	-1	-1	194	195	-1	-1	198	-1	-1	-1	202	203	-1	205	-1	-1	208	209	-1	211	-1	-1	-1	215	216	217	-1	219	220	221	222	223	224	-1	-1	227	228	229	-1	-1	232	233	-1	-1	-1	237	-1	-1	240	-1	-1	243	-1	245	246	-1	-1	-1	250	251	-1	-1	254	-1	-1	257	-1	-1	260	261	262	263	-1	-1	-1	267	-1	-1	270	271	272	-1	-1	-1	276	-1	-1	279	-1	-1
# Right
8	3	-1	7	6	-1	-1	-1	214	91	78	39	38	15	-1	19	18	-1	-1	37	36	35	26	25	-1	-1	28	-1	34	31	-1	33	-1	-1	-1	-1	-1	-1	-1	71	56	43	-1	55	54	51	50	49	-1	-1	-1	53	-1	-1	-1	-1	66	59	-1	65	62	-1	64	-1	-1	-1	68	-1	70	-1	-1	77	76	75	-1	-1	-1	-1	84	81	-1	83	-1	-1	86	-1	88	-1	90	-1	-1	169	142	125	104	103	102	99	-1	101	-1	-1	-1	-1	114	109	108	-1	-1	111	-1	113	-1	-1	118	117	-1	-1	122	121	-1	-1	124	-1	-1	141	140	131	130	-1	-1	139	138	137	136	-1	-1	-1	-1	-1	-1	-1	164	151	146	-1	148	-1	150	-1	-1	163	154	-1	160	159	158	-1	-1	-1	162	-1	-1	-1	168	167	-1	-1	-1	201	178	177	176	175	-1	-1	-1	-1	186	185	182	-1	184	-1	-1	-1	200	193	190	-1	192	-1	-1	197	196	-1	-1	199	-1	-1	-1	207	204	-1	206	-1	-1	213	210	-1	212	-1	-1	-1	278	259	218	-1	256	249	242	239	226	225	-1	-1	236	231	230	-1	-1	235	234	-1	-1	-1	238	-1	-1	241	-1	-1	244	-1	248	247	-1	-1	-1	253	252	-1	-1	255	-1	-1	258	-1	-1	269	266	265	264	-1	-1	-1	268	-1	-1	275	274	273	-1	-1	-1	277	-1	-1	280	-1	-1
# Threshold
0.0012421900173649192	0.0009388524922542274	-2.0	0.6467700004577637	47.5361008644104	-2.0	-2.0	-2.0	41.5	0.3994709998369217	0.4242745041847229	4.5	0.11251150071620941	1.5	-2.0	1.0680599808692932	0.33700600266456604	-2.0	-2.0	7.5	12846.0	6550.0	5.5	546.0	-2.0	-2.0	0.34117700159549713	-2.0	0.3067665100097656	24.5	-2.0	3064.0	-2.0	-2.0	-2.0	-2.0	-2.0	-2.0	-2.0	18.5	10.5	3.1353650093078613	-2.0	0.3069410026073456	7.5	141.0	3.3797799348831177	36.0	-2.0	-2.0	-2.0	0.6441519856452942	-2.0	-2.0	-2.0	-2.0	3.5	2.798580050468445	-2.0	1963.0	4.969025135040283	-2.0	6346.5	-2.0	-2.0	-2.0	0.16626949608325958	-2.0	37.5	-2.0	-2.0	50.5	8.20656967163086	5.585780143737793	-2.0	-2.0	-2.0	-2.0	2195.0	3.5	-2.0	518.0	-2.0	-2.0	0.5128104835748672	-2.0	0.9173964858055115	-2.0	7.0	-2.0	-2.0	21171.0	1.2784199714660645	6.5	0.4660089910030365	105.0	0.012468999717384577	8090.0	-2.0	2879.5	-2.0	-2.0	-2.0	-2.0	1666.0	135.0	89.0	-2.0	-2.0	618.5	-2.0	945.5	-2.0	-2.0	4121.5	2496.5	-2.0	-2.0	14556.5	2.3282949924468994	-2.0	-2.0	0.4998999983072281	-2.0	-2.0	10.0	111.5	0.43111351132392883	0.6124639809131622	-2.0	-2.0	4.1378350257873535	4.8632800579071045	3028.0	7.5	-2.0	-2.0	-2.0	-2.0	-2.0	-2.0	-2.0	0.14776749908924103	325.5	0.08449270203709602	-2.0	450.0	-2.0	16.0	-2.0	-2.0	3.5	1.5267549753189087	-2.0	4.348299980163574	0.0028387249913066626	0.27755799889564514	-2.0	-2.0	-2.0	6.847229957580566	-2.0	-2.0	-2.0	0.43285949528217316	0.31317199766635895	-2.0	-2.0	-2.0	11.508349895477295	0.006895625032484531	1.0586699843406677	0.00027693954689311795	29534610.0	-2.0	-2.0	-2.0	-2.0	0.6395509839057922	0.01958610024303198	747.5	-2.0	37602.5	-2.0	-2.0	-2.0	152833.0	0.08242945186793804	0.49988751113414764	-2.0	28386.0	-2.0	-2.0	0.9531024992465973	0.9889034926891327	-2.0	-2.0	6.929650068283081	-2.0	-2.0	-2.0	26159.5	30.0	-2.0	12.211050033569336	-2.0	-2.0	0.6574884951114655	4.591704845428467	-2.0	2527095.0	-2.0	-2.0	-2.0	19814.5	0.6314449906349182	7.29366519180985e-07	-2.0	2.7000800371170044	1643835.0	5117.5	0.7379040122032166	2.2141600847244263	0.006664698477834463	-2.0	-2.0	0.5329569876194	6.009940147399902	5.97941517829895	-2.0	-2.0	0.45981650054454803	0.4596270024776459	-2.0	-2.0	-2.0	1.1904150247573853	-2.0	-2.0	0.7472130060195923	-2.0	-2.0	100650.5	-2.0	23.60700035095215	1.218055009841919	-2.0	-2.0	-2.0	0.35784749686717987	2947.5	-2.0	-2.0	2.0	-2.0	-2.0	0.006534320069476962	-2.0	-2.0	3438440.0	0.6963874995708466	84.0	0.7987059950828552	-2.0	-2.0	-2.0	970226.5	-2.0	-2.0	14.0	6.5	6.695380091667175	-2.0	-2.0	-2.0	0.36685650050640106	-2.0	-2.0	0.0023179600248113275	-2.0	-2.0
# Feature
11	11	-2	12	3	-2	-2	-2	5	13	10	9	10	9	-2	12	13	-2	-2	6	1	1	5	2	-2	-2	13	-2	11	5	-2	0	-2	-2	-2	-2	-2	-2	-2	5	5	3	-2	10	9	0	12	1	-2	-2	-2	11	-2	-2	-2	-2	6	7	-2	8	7	-2	2	-2	-2	-2	10	-2	0	-2	-2	9	3	7	-2	-2	-2	-2	2	5	-2	2	-2	-2	11	-2	11	-2	6	-2	-2	2	7	5	13	8	4	2	-2	0	-2	-2	-2	-2	2	2	1	-2	-2	1	-2	2	-2	-2	2	2	-2	-2	2	12	-2	-2	13	-2	-2	6	8	13	11	-2	-2	12	3	1	5	-2	-2	-2	-2	-2	-2	-2	10	1	10	-2	2	-2	5	-2	-2	6	7	-2	7	10	11	-2	-2	-2	7	-2	-2	-2	13	10	-2	-2	-2	3	10	12	4	1	-2	-2	-2	-2	11	10	8	-2	0	-2	-2	-2	0	7	13	-2	0	-2	-2	10	11	-2	-2	3	-2	-2	-2	0	8	-2	3	-2	-2	10	7	-2	2	-2	-2	-2	5	11	4	-2	12	0	5	13	3	10	-2	-2	11	7	7	-2	-2	12	12	-2	-2	-2	12	-2	-2	13	-2	-2	2	-2	7	12	-2	-2	-2	13	5	-2	-2	6	-2	-2	4	-2	-2	2	10	8	11	-2	-2	-2	2	-2	-2	6	6	12	-2	-2	-2	13	-2	-2	11	-2	-2
# Values
72.0	1263.0	66.0	265.0	15.0	0.0
56.0	3.0	0.0	0.0	0.0	0.0
52.0	0.0	0.0	0.0	0.0	0.0
4.0	3.0	0.0	0.0	0.0	0.0
1.0	3.0	0.0	0.0	0.0	0.0
0.0	3.0	0.0	0.0	0.0	0.0
1.0	0.0	0.0	0.0	0.0	0.0
3.0	0.0	0.0	0.0	0.0	0.0
16.0	1260.0	66.0	265.0	15.0	0.0
2.0	426.0	63.0	234.0	14.0	0.0
1.0	241.0	21.0	50.0	0.0	0.0
0.0	238.0	9.0	48.0	0.0	0.0
0.0	166.0	0.0	19.0	0.0	0.0
0.0	166.0	0.0	18.0	0.0	0.0
0.0	49.0	0.0	0.0	0.0	0.0
0.0	117.0	0.0	18.0	0.0	0.0
0.0	1.0	0.0	2.0	0.0	0.0
0.0	1.0	0.0	0.0	0.0	0.0
0.0	0.0	0.0	2.0	0.0	0.0
0.0	116.0	0.0	16.0	0.0	0.0
0.0	116.0	0.0	15.0	0.0	0.0
0.0	88.0	0.0	15.0	0.0	0.0
0.0	88.0	0.0	13.0	0.0	0.0
0.0	2.0	0.0	2.0	0.0	0.0
0.0	2.0	0.0	0.0	0.0	0.0
0.0	0.0	0.0	2.0	0.0	0.0
0.0	86.0	0.0	11.0	0.0	0.0
0.0	13.0	0.0	0.0	0.0	0.0
0.0	73.0	0.0	11.0	0.0	0.0
0.0	68.0	0.0	11.0	0.0	0.0
0.0	36.0	0.0	7.0	0.0	0.0
0.0	32.0	0.0	4.0	0.0	0.0
0.0	31.0	0.0	4.0	0.0	0.0
0.0	1.0	0.0	0.0	0.0	0.0
0.0	5.0	0.0	0.0	0.0	0.0
0.0	0.0	0.0	2.0	0.0	0.0
0.0	28.0	0.0	0.0	0.0	0.0
0.0	0.0	0.0	1.0	0.0	0.0
0.0	0.0	0.0	1.0	0.0	0.0
0.0	72.0	9.0	29.0	0.0	0.0
0.0	33.0	8.0	28.0	0.0	0.0
0.0	19.0	6.0	3.0	0.0	0.0
0.0	0.0	3.0	0.0	0.0	0.0
0.0	19.0	3.0	3.0	0.0	0.0
0.0	19.0	3.0	1.0	0.0	0.0
0.0	6.0	3.0	1.0	0.0	0.0
0.0	2.0	3.0	0.0	0.0	0.0
0.0	2.0	1.0	0.0	0.0	0.0
0.0	1.0	0.0	0.0	0.0	0.0
0.0	1.0	1.0	0.0	0.0	0.0
0.0	0.0	2.0	0.0	0.0	0.0
0.0	4.0	0.0	1.0	0.0	0.0
0.0	0.0	0.0	1.0	0.0	0.0
0.0	4.0	0.0	0.0	0.0	0.0
0.0	13.0	0.0	0.0	0.0	0.0
0.0	0.0	0.0	2.0	0.0	0.0
0.0	14.0	2.0	25.0	0.0	0.0
0.0	11.0	1.0	6.0	0.0	0.0
0.0	9.0	0.0	0.0	0.0	0.0
0.0	2.0	1.0	6.0	0.0	0.0
0.0	2.0	1.0	1.0	0.0	0.0
0.0	2.0	0.0	0.0	0.0	0.0
0.0	0.0	1.0	1.0	0.0	0.0
0.0	0.0	0.0	1.0	0.0	0.0
0.0	0.0	1.0	0.0	0.0	0.0
0.0	0.0	0.0	5.0	0.0	0.0
0.0	3.0	1.0	19.0	0.0	0.0
0.0	0.0	0.0	19.0	0.0	0.0
0.0	3.0	1.0	0.0	0.0	0.0
0.0	3.0	0.0	0.0	0.0	0.0
0.0	0.0	1.0	0.0	0.0	0.0
0.0	39.0	1.0	1.0	0.0	0.0
0.0	39.0	1.0	0.0	0.0	0.0
0.0	2.0	1.0	0.0	0.0	0.0
0.0	0.0	1.0	0.0	0.0	0.0
0.0	2.0	0.0	0.0	0.0	0.0
0.0	37.0	0.0	0.0	0.0	0.0
0.0	0.0	0.0	1.0	0.0	0.0
1.0	3.0	12.0	2.0	0.0	0.0
1.0	2.0	0.0	1.0	0.0	0.0
1.0	0.0	0.0	0.0	0.0	0.0
0.0	2.0	0.0	1.0	0.0	0.0
0.0	2.0	0.0	0.0	0.0	0.0
0.0	0.0	0.0	1.0	0.0	0.0
0.0	1.0	12.0	1.0	0.0	0.0
0.0	0.0	0.0	1.0	0.0	0.0
0.0	1.0	12.0	0.0	0.0	0.0
0.0	0.0	11.0	0.0	0.0	0.0
0.0	1.0	1.0	0.0	0.0	0.0
0.0	1.0	0.0	0.0	0.0	0.0
0.0	0.0	1.0	0.0	0.0	0.0
1.0	185.0	42.0	184.0	14.0	0.0
0.0	40.0	28.0	112.0	11.0	0.0
0.0	13.0	13.0	86.0	11.0	0.0
0.0	8.0	11.0	30.0	11.0	0.0
0.0	2.0	10.0	8.0	0.0	0.0
0.0	0.0	10.0	8.0	0.0	0.0
0.0	0.0	10.0	5.0	0.0	0.0
0.0	0.0	7.0	0.0	0.0	0.0
0.0	0.0	3.0	5.0	0.0	0.0
0.0	0.0	0.0	5.0	0.0	0.0
0.0	0.0	3.0	0.0	0.0	0.0
0.0	0.0	0.0	3.0	0.0	0.0
0.0	2.0	0.0	0.0	0.0	0.0
0.0	6.0	1.0	22.0	11.0	0.0
0.0	3.0	0.0	16.0	1.0	0.0
0.0	3.0	0.0	2.0	0.0	0.0
0.0	0.0	0.0	2.0	0.0	0.0
0.0	3.0	0.0	0.0	0.0	0.0
0.0	0.0	0.0	14.0	1.0	0.0
0.0	0.0	0.0	10.0	0.0	0.0
0.0	0.0	0.0	4.0	1.0	0.0
0.0	0.0	0.0	0.0	1.0	0.0
0.0	0.0	0.0	4.0	0.0	0.0
0.0	3.0	1.0	6.0	10.0	0.0
0.0	1.0	0.0	0.0	9.0	0.0
0.0	1.0	0.0	0.0	0.0	0.0
0.0	0.0	0.0	0.0	9.0	0.0
0.0	2.0	1.0	6.0	1.0	0.0
0.0	0.0	0.0	6.0	1.0	0.0
0.0	0.0	0.0	1.0	1.0	0.0
0.0	0.0	0.0	5.0	0.0	0.0
0.0	2.0	1.0	0.0	0.0	0.0
0.0	0.0	1.0	0.0	0.0	0.0
0.0	2.0	0.0	0.0	0.0	0.0
0.0	5.0	2.0	56.0	0.0	0.0
0.0	5.0	1.0	56.0	0.0	0.0
0.0	5.0	1.0	21.0	0.0	0.0
0.0	3.0	0.0	1.0	0.0	0.0
0.0	2.0	0.0	1.0	0.0	0.0
0.0	1.0	0.0	0.0	0.0	0.0
0.0	2.0	1.0	20.0	0.0	0.0
0.0	2.0	0.0	18.0	0.0	0.0
0.0	2.0	0.0	8.0	0.0	0.0
0.0	2.0	0.0	5.0	0.0	0.0
0.0	1.0	0.0	3.0	0.0	0.0
0.0	1.0	0.0	2.0	0.0	0.0
0.0	0.0	0.0	3.0	0.0	0.0
0.0	0.0	0.0	10.0	0.0	0.0
0.0	0.0	1.0	2.0	0.0	0.0
0.0	0.0	0.0	35.0	0.0	0.0
0.0	0.0	1.0	0.0	0.0	0.0
0.0	27.0	15.0	26.0	0.0	0.0
0.0	27.0	3.0	19.0	0.0	0.0
0.0	18.0	3.0	0.0	0.0	0.0
0.0	15.0	0.0	0.0	0.0	0.0
0.0	3.0	3.0	0.0	0.0	0.0
0.0	2.0	0.0	0.0	0.0	0.0
0.0	1.0	3.0	0.0	0.0	0.0
0.0	0.0	3.0	0.0	0.0	0.0
0.0	1.0	0.0	0.0	0.0	0.0
0.0	9.0	0.0	19.0	0.0	0.0
0.0	5.0	0.0	19.0	0.0	0.0
0.0	2.0	0.0	0.0	0.0	0.0
0.0	3.0	0.0	19.0	0.0	0.0
0.0	1.0	0.0	18.0	0.0	0.0
0.0	1.0	0.0	2.0	0.0	0.0
0.0	0.0	0.0	2.0	0.0	0.0
0.0	1.0	0.0	0.0	0.0	0.0
0.0	0.0	0.0	16.0	0.0	0.0
0.0	2.0	0.0	1.0	0.0	0.0
0.0	2.0	0.0	0.0	0.0	0.0
0.0	0.0	0.0	1.0	0.0	0.0
0.0	4.0	0.0	0.0	0.0	0.0
0.0	0.0	12.0	7.0	0.0	0.0
0.0	0.0	1.0	7.0	0.0	0.0
0.0	0.0	1.0	0.0	0.0	0.0
0.0	0.0	0.0	7.0	0.0	0.0
0.0	0.0	11.0	0.0	0.0	0.0
1.0	145.0	14.0	72.0	3.0	0.0
1.0	125.0	10.0	13.0	3.0	0.0
1.0	93.0	0.0	0.0	2.0	0.0
1.0	2.0	0.0	0.0	2.0	0.0
1.0	2.0	0.0	0.0	0.0	0.0
0.0	2.0	0.0	0.0	0.0	0.0
1.0	0.0	0.0	0.0	0.0	0.0
0.0	0.0	0.0	0.0	2.0	0.0
0.0	91.0	0.0	0.0	0.0	0.0
0.0	32.0	10.0	13.0	1.0	0.0
0.0	5.0	0.0	12.0	0.0	0.0
0.0	5.0	0.0	4.0	0.0	0.0
0.0	3.0	0.0	0.0	0.0	0.0
0.0	2.0	0.0	4.0	0.0	0.0
0.0	2.0	0.0	2.0	0.0	0.0
0.0	0.0	0.0	2.0	0.0	0.0
0.0	0.0	0.0	8.0	0.0	0.0
0.0	27.0	10.0	1.0	1.0	0.0
0.0	27.0	5.0	1.0	1.0	0.0
0.0	1.0	3.0	0.0	1.0	0.0
0.0	0.0	3.0	0.0	0.0	0.0
0.0	1.0	0.0	0.0	1.0	0.0
0.0	0.0	0.0	0.0	1.0	0.0
0.0	1.0	0.0	0.0	0.0	0.0
0.0	26.0	2.0	1.0	0.0	0.0
0.0	22.0	0.0	1.0	0.0	0.0
0.0	22.0	0.0	0.0	0.0	0.0
0.0	0.0	0.0	1.0	0.0	0.0
0.0	4.0	2.0	0.0	0.0	0.0
0.0	3.0	0.0	0.0	0.0	0.0
0.0	1.0	2.0	0.0	0.0	0.0
0.0	0.0	5.0	0.0	0.0	0.0
0.0	20.0	4.0	59.0	0.0	0.0
0.0	19.0	3.0	1.0	0.0	0.0
0.0	0.0	3.0	0.0	0.0	0.0
0.0	19.0	0.0	1.0	0.0	0.0
0.0	0.0	0.0	1.0	0.0	0.0
0.0	19.0	0.0	0.0	0.0	0.0
0.0	1.0	1.0	58.0	0.0	0.0
0.0	1.0	0.0	58.0	0.0	0.0
0.0	0.0	0.0	55.0	0.0	0.0
0.0	1.0	0.0	3.0	0.0	0.0
0.0	1.0	0.0	0.0	0.0	0.0
0.0	0.0	0.0	3.0	0.0	0.0
0.0	0.0	1.0	0.0	0.0	0.0
14.0	834.0	3.0	31.0	1.0	0.0
6.0	830.0	3.0	31.0	1.0	0.0
6.0	770.0	0.0	11.0	1.0	0.0
1.0	0.0	0.0	0.0	0.0	0.0
5.0	770.0	0.0	11.0	1.0	0.0
5.0	762.0	0.0	8.0	1.0	0.0
4.0	752.0	0.0	7.0	0.0	0.0
1.0	708.0	0.0	7.0	0.0	0.0
1.0	638.0	0.0	3.0	0.0	0.0
0.0	5.0	0.0	1.0	0.0	0.0
0.0	5.0	0.0	0.0	0.0	0.0
0.0	0.0	0.0	1.0	0.0	0.0
1.0	633.0	0.0	2.0	0.0	0.0
1.0	610.0	0.0	1.0	0.0	0.0
0.0	48.0	0.0	1.0	0.0	0.0
0.0	48.0	0.0	0.0	0.0	0.0
0.0	0.0	0.0	1.0	0.0	0.0
1.0	562.0	0.0	0.0	0.0	0.0
1.0	75.0	0.0	0.0	0.0	0.0
0.0	24.0	0.0	0.0	0.0	0.0
1.0	51.0	0.0	0.0	0.0	0.0
0.0	487.0	0.0	0.0	0.0	0.0
0.0	23.0	0.0	1.0	0.0	0.0
0.0	0.0	0.0	1.0	0.0	0.0
0.0	23.0	0.0	0.0	0.0	0.0
0.0	70.0	0.0	4.0	0.0	0.0
0.0	0.0	0.0	4.0	0.0	0.0
0.0	70.0	0.0	0.0	0.0	0.0
3.0	44.0	0.0	0.0	0.0	0.0
1.0	0.0	0.0	0.0	0.0	0.0
2.0	44.0	0.0	0.0	0.0	0.0
2.0	3.0	0.0	0.0	0.0	0.0
2.0	0.0	0.0	0.0	0.0	0.0
0.0	3.0	0.0	0.0	0.0	0.0
0.0	41.0	0.0	0.0	0.0	0.0
1.0	10.0	0.0	1.0	1.0	0.0
1.0	0.0	0.0	1.0	0.0	0.0
0.0	0.0	0.0	1.0	0.0	0.0
1.0	0.0	0.0	0.0	0.0	0.0
0.0	10.0	0.0	0.0	1.0	0.0
0.0	10.0	0.0	0.0	0.0	0.0
0.0	0.0	0.0	0.0	1.0	0.0
0.0	8.0	0.0	3.0	0.0	0.0
0.0	8.0	0.0	0.0	0.0	0.0
0.0	0.0	0.0	3.0	0.0	0.0
0.0	60.0	3.0	20.0	0.0	0.0
0.0	56.0	2.0	1.0	0.0	0.0
0.0	54.0	0.0	1.0	0.0	0.0
0.0	5.0	0.0	1.0	0.0	0.0
0.0	1.0	0.0	1.0	0.0	0.0
0.0	4.0	0.0	0.0	0.0	0.0
0.0	49.0	0.0	0.0	0.0	0.0
0.0	2.0	2.0	0.0	0.0	0.0
0.0	0.0	2.0	0.0	0.0	0.0
0.0	2.0	0.0	0.0	0.0	0.0
0.0	4.0	1.0	19.0	0.0	0.0
0.0	3.0	1.0	1.0	0.0	0.0
0.0	0.0	1.0	1.0	0.0	0.0
0.0	0.0	1.0	0.0	0.0	0.0
0.0	0.0	0.0	1.0	0.0	0.0
0.0	3.0	0.0	0.0	0.0	0.0
0.0	1.0	0.0	18.0	0.0	0.0
0.0	1.0	0.0	0.0	0.0	0.0
0.0	0.0	0.0	18.0	0.0	0.0
8.0	4.0	0.0	0.0	0.0	0.0
0.0	4.0	0.0	0.0	0.0	0.0
8.0	0.0	0.0	0.0	0.0	0.0
