# Sizes (NFeatures, Nclasses, NodeCount, MaxDepth)
14	6	251	16
# Classes
0.0	1.0	2.0	3.0	4.0	5.0
# Feature Names
Nrows	Ncols	Nnnz	AvgNnnz	Density	MaxRowNnnz	MinRowNnnz	StdRowNnnz	NDiags	NTrueDiags	AvgNnnzDia	AvgNnnzELL	AvgNnnzHyb	AvgNnnzHdc
# Left
1	2	-1	-1	5	6	7	8	9	-1	11	12	-1	-1	15	-1	17	18	-1	-1	21	-1	-1	24	-1	-1	27	28	29	30	31	32	-1	-1	-1	36	-1	38	-1	-1	41	42	-1	-1	45	-1	47	48	49	-1	-1	52	-1	-1	-1	56	57	-1	-1	-1	61	62	63	-1	65	66	-1	-1	-1	-1	71	-1	73	74	-1	-1	77	-1	79	-1	-1	82	83	84	85	86	-1	-1	89	-1	91	-1	-1	94	-1	-1	-1	98	99	100	101	102	-1	-1	105	-1	107	108	109	-1	111	112	-1	-1	115	-1	-1	118	-1	-1	-1	122	-1	-1	125	126	-1	-1	129	-1	-1	132	133	134	-1	136	-1	-1	139	140	-1	-1	-1	144	145	146	-1	-1	149	-1	151	152	-1	154	-1	-1	-1	-1	159	160	161	162	-1	-1	165	166	-1	-1	169	170	171	172	-1	174	-1	-1	177	-1	-1	180	-1	182	-1	-1	185	-1	187	188	-1	-1	191	192	193	194	-1	-1	197	198	199	-1	201	-1	-1	-1	-1	206	-1	-1	209	-1	211	212	-1	214	-1	-1	-1	218	219	220	-1	-1	223	224	-1	226	-1	-1	229	-1	-1	232	233	234	235	-1	-1	-1	239	-1	241	-1	-1	244	-1	-1	247	248	-1	-1	-1
# Right
4	3	-1	-1	158	81	26	23	10	-1	14	13	-1	-1	16	-1	20	19	-1	-1	22	-1	-1	25	-1	-1	60	55	40	35	34	33	-1	-1	-1	37	-1	39	-1	-1	44	43	-1	-1	46	-1	54	51	50	-1	-1	53	-1	-1	-1	59	58	-1	-1	-1	70	69	64	-1	68	67	-1	-1	-1	-1	72	-1	76	75	-1	-1	78	-1	80	-1	-1	97	96	93	88	87	-1	-1	90	-1	92	-1	-1	95	-1	-1	-1	131	124	121	104	103	-1	-1	106	-1	120	117	110	-1	114	113	-1	-1	116	-1	-1	119	-1	-1	-1	123	-1	-1	128	127	-1	-1	130	-1	-1	143	138	135	-1	137	-1	-1	142	141	-1	-1	-1	157	148	147	-1	-1	150	-1	156	153	-1	155	-1	-1	-1	-1	246	217	164	163	-1	-1	168	167	-1	-1	184	179	176	173	-1	175	-1	-1	178	-1	-1	181	-1	183	-1	-1	186	-1	190	189	-1	-1	208	205	196	195	-1	-1	204	203	200	-1	202	-1	-1	-1	-1	207	-1	-1	210	-1	216	213	-1	215	-1	-1	-1	231	222	221	-1	-1	228	225	-1	227	-1	-1	230	-1	-1	243	238	237	236	-1	-1	-1	240	-1	242	-1	-1	245	-1	-1	250	249	-1	-1	-1
# Threshold
0.0012619550107046962	0.0006099149904912338	-2.0	-2.0	20.5	54.5	316.0	49.0	0.22633849829435349	-2.0	9.5	1.3387600183486938	-2.0	-2.0	60.5	-2.0	142.5	69.5	-2.0	-2.0	0.8149584829807281	-2.0	-2.0	1.6021850109100342	-2.0	-2.0	21174.5	32.0	2613.0	0.7446449995040894	7.5	8.5	-2.0	-2.0	-2.0	633.5	-2.0	0.0010775444970931858	-2.0	-2.0	0.46942949295043945	0.12225554883480072	-2.0	-2.0	3475.0	-2.0	63.35499954223633	0.005539580015465617	3768.0	-2.0	-2.0	14699.0	-2.0	-2.0	-2.0	49.5	0.5927070081233978	-2.0	-2.0	-2.0	3.5	0.5022825002670288	0.00012338600208749995	-2.0	2.0	5.6915348172187805	-2.0	-2.0	-2.0	-2.0	0.351004496216774	-2.0	0.0006190234853420407	0.49988751113414764	-2.0	-2.0	0.85486900806427	-2.0	0.48358549177646637	-2.0	-2.0	0.0013384600169956684	10.110060214996338	0.9999994933605194	2.724334955215454	78173.0	-2.0	-2.0	2.798580050468445	-2.0	2.9857600927352905	-2.0	-2.0	74520.0	-2.0	-2.0	-2.0	720.0	0.07193164899945259	9.0	251.0	10.0	-2.0	-2.0	0.5	-2.0	827.0	3.451925039291382	162.5	-2.0	0.3967309892177582	0.32195450365543365	-2.0	-2.0	535.5	-2.0	-2.0	0.4733554869890213	-2.0	-2.0	-2.0	1.8042999505996704	-2.0	-2.0	11.5	0.10259974747896194	-2.0	-2.0	536.0	-2.0	-2.0	20837.0	0.025430050678551197	0.5505945086479187	-2.0	1361.5	-2.0	-2.0	0.6588385105133057	3777.0	-2.0	-2.0	-2.0	12.620949745178223	0.41475100815296173	22855.5	-2.0	-2.0	0.47639501094818115	-2.0	1.2329949736595154	0.491643488407135	-2.0	1.2257350087165833	-2.0	-2.0	-2.0	-2.0	5.932520151138306	3019230.0	2.916319966316223	0.9747214913368225	-2.0	-2.0	44.0	1.3950650095939636	-2.0	-2.0	32.5	409942.0	0.5815854966640472	19.220450401306152	-2.0	0.34367750585079193	-2.0	-2.0	0.014248200226575136	-2.0	-2.0	0.00014677449507871643	-2.0	0.0009029710199683905	-2.0	-2.0	56.0	-2.0	0.45981650054454803	0.4596270024776459	-2.0	-2.0	0.593219518661499	2.7197500467300415	0.00011334249938954599	0.00010545099939918146	-2.0	-2.0	9.62150526046753	9.590070247650146	0.13410750031471252	-2.0	0.13487249612808228	-2.0	-2.0	-2.0	-2.0	8.265444993972778	-2.0	-2.0	0.5972415208816528	-2.0	0.5320729911327362	0.31346549093723297	-2.0	21.735050201416016	-2.0	-2.0	-2.0	91.0	2.762879967689514	0.12949039787054062	-2.0	-2.0	60.61560249328613	889009.0	-2.0	1302441.5	-2.0	-2.0	72892.5	-2.0	-2.0	21207.0	2565085.0	0.005514980060979724	23.60700035095215	-2.0	-2.0	-2.0	2.2736199980499805e-06	-2.0	4.5	-2.0	-2.0	0.33599649369716644	-2.0	-2.0	297037.0	0.9875394999980927	-2.0	-2.0	-2.0
# Feature
11	10	-2	-2	5	8	2	8	13	-2	1	12	-2	-2	1	-2	2	0	-2	-2	7	-2	-2	7	-2	-2	2	8	2	11	5	8	-2	-2	-2	1	-2	4	-2	-2	10	10	-2	-2	2	-2	12	4	2	-2	-2	2	-2	-2	-2	8	7	-2	-2	-2	6	13	4	-2	6	12	-2	-2	-2	-2	10	-2	4	13	-2	-2	11	-2	13	-2	-2	10	3	11	3	1	-2	-2	7	-2	7	-2	-2	0	-2	-2	-2	0	4	6	2	5	-2	-2	6	-2	8	7	8	-2	13	11	-2	-2	1	-2	-2	11	-2	-2	-2	12	-2	-2	5	4	-2	-2	2	-2	-2	2	10	13	-2	0	-2	-2	11	2	-2	-2	-2	3	7	1	-2	-2	11	-2	12	13	-2	12	-2	-2	-2	-2	12	2	3	12	-2	-2	8	12	-2	-2	5	2	13	3	-2	13	-2	-2	10	-2	-2	4	-2	4	-2	-2	8	-2	12	12	-2	-2	13	12	4	4	-2	-2	3	3	11	-2	11	-2	-2	-2	-2	7	-2	-2	13	-2	11	11	-2	3	-2	-2	-2	5	7	11	-2	-2	3	8	-2	1	-2	-2	1	-2	-2	5	1	11	7	-2	-2	-2	10	-2	9	-2	-2	13	-2	-2	1	11	-2	-2	-2
# Values
73.0	1271.0	67.0	258.0	12.0	0.0
53.0	2.0	0.0	0.0	0.0	0.0
53.0	0.0	0.0	0.0	0.0	0.0
0.0	2.0	0.0	0.0	0.0	0.0
20.0	1269.0	67.0	258.0	12.0	0.0
1.0	288.0	63.0	181.0	11.0	0.0
1.0	53.0	58.0	68.0	7.0	0.0
1.0	34.0	7.0	6.0	1.0	0.0
1.0	33.0	1.0	6.0	1.0	0.0
0.0	0.0	0.0	2.0	0.0	0.0
1.0	33.0	1.0	4.0	1.0	0.0
1.0	0.0	0.0	0.0	1.0	0.0
1.0	0.0	0.0	0.0	0.0	0.0
0.0	0.0	0.0	0.0	1.0	0.0
0.0	33.0	1.0	4.0	0.0	0.0
0.0	25.0	0.0	0.0	0.0	0.0
0.0	8.0	1.0	4.0	0.0	0.0
0.0	8.0	0.0	1.0	0.0	0.0
0.0	0.0	0.0	1.0	0.0	0.0
0.0	8.0	0.0	0.0	0.0	0.0
0.0	0.0	1.0	3.0	0.0	0.0
0.0	0.0	0.0	3.0	0.0	0.0
0.0	0.0	1.0	0.0	0.0	0.0
0.0	1.0	6.0	0.0	0.0	0.0
0.0	1.0	0.0	0.0	0.0	0.0
0.0	0.0	6.0	0.0	0.0	0.0
0.0	19.0	51.0	62.0	6.0	0.0
0.0	6.0	24.0	57.0	4.0	0.0
0.0	4.0	12.0	57.0	4.0	0.0
0.0	3.0	0.0	32.0	1.0	0.0
0.0	3.0	0.0	6.0	0.0	0.0
0.0	3.0	0.0	1.0	0.0	0.0
0.0	1.0	0.0	0.0	0.0	0.0
0.0	2.0	0.0	1.0	0.0	0.0
0.0	0.0	0.0	5.0	0.0	0.0
0.0	0.0	0.0	26.0	1.0	0.0
0.0	0.0	0.0	22.0	0.0	0.0
0.0	0.0	0.0	4.0	1.0	0.0
0.0	0.0	0.0	4.0	0.0	0.0
0.0	0.0	0.0	0.0	1.0	0.0
0.0	1.0	12.0	25.0	3.0	0.0
0.0	1.0	5.0	0.0	0.0	0.0
0.0	1.0	0.0	0.0	0.0	0.0
0.0	0.0	5.0	0.0	0.0	0.0
0.0	0.0	7.0	25.0	3.0	0.0
0.0	0.0	0.0	1.0	3.0	0.0
0.0	0.0	7.0	24.0	0.0	0.0
0.0	0.0	5.0	24.0	0.0	0.0
0.0	0.0	2.0	23.0	0.0	0.0
0.0	0.0	2.0	3.0	0.0	0.0
0.0	0.0	0.0	20.0	0.0	0.0
0.0	0.0	3.0	1.0	0.0	0.0
0.0	0.0	3.0	0.0	0.0	0.0
0.0	0.0	0.0	1.0	0.0	0.0
0.0	0.0	2.0	0.0	0.0	0.0
0.0	2.0	12.0	0.0	0.0	0.0
0.0	1.0	12.0	0.0	0.0	0.0
0.0	1.0	0.0	0.0	0.0	0.0
0.0	0.0	12.0	0.0	0.0	0.0
0.0	1.0	0.0	0.0	0.0	0.0
0.0	13.0	27.0	5.0	2.0	0.0
0.0	9.0	4.0	2.0	0.0	0.0
0.0	9.0	4.0	0.0	0.0	0.0
0.0	4.0	0.0	0.0	0.0	0.0
0.0	5.0	4.0	0.0	0.0	0.0
0.0	3.0	4.0	0.0	0.0	0.0
0.0	0.0	1.0	0.0	0.0	0.0
0.0	3.0	3.0	0.0	0.0	0.0
0.0	2.0	0.0	0.0	0.0	0.0
0.0	0.0	0.0	2.0	0.0	0.0
0.0	4.0	23.0	3.0	2.0	0.0
0.0	2.0	0.0	0.0	0.0	0.0
0.0	2.0	23.0	3.0	2.0	0.0
0.0	0.0	18.0	0.0	2.0	0.0
0.0	0.0	18.0	0.0	0.0	0.0
0.0	0.0	0.0	0.0	2.0	0.0
0.0	2.0	5.0	3.0	0.0	0.0
0.0	0.0	4.0	0.0	0.0	0.0
0.0	2.0	1.0	3.0	0.0	0.0
0.0	2.0	0.0	0.0	0.0	0.0
0.0	0.0	1.0	3.0	0.0	0.0
0.0	235.0	5.0	113.0	4.0	0.0
0.0	95.0	0.0	13.0	2.0	0.0
0.0	95.0	0.0	5.0	2.0	0.0
0.0	93.0	0.0	5.0	0.0	0.0
0.0	5.0	0.0	3.0	0.0	0.0
0.0	0.0	0.0	3.0	0.0	0.0
0.0	5.0	0.0	0.0	0.0	0.0
0.0	88.0	0.0	2.0	0.0	0.0
0.0	81.0	0.0	0.0	0.0	0.0
0.0	7.0	0.0	2.0	0.0	0.0
0.0	0.0	0.0	2.0	0.0	0.0
0.0	7.0	0.0	0.0	0.0	0.0
0.0	2.0	0.0	0.0	2.0	0.0
0.0	0.0	0.0	0.0	2.0	0.0
0.0	2.0	0.0	0.0	0.0	0.0
0.0	0.0	0.0	8.0	0.0	0.0
0.0	140.0	5.0	100.0	2.0	0.0
0.0	98.0	5.0	28.0	2.0	0.0
0.0	95.0	0.0	26.0	2.0	0.0
0.0	95.0	0.0	23.0	1.0	0.0
0.0	1.0	0.0	4.0	0.0	0.0
0.0	0.0	0.0	4.0	0.0	0.0
0.0	1.0	0.0	0.0	0.0	0.0
0.0	94.0	0.0	19.0	1.0	0.0
0.0	0.0	0.0	2.0	0.0	0.0
0.0	94.0	0.0	17.0	1.0	0.0
0.0	94.0	0.0	17.0	0.0	0.0
0.0	93.0	0.0	15.0	0.0	0.0
0.0	33.0	0.0	0.0	0.0	0.0
0.0	60.0	0.0	15.0	0.0	0.0
0.0	55.0	0.0	9.0	0.0	0.0
0.0	40.0	0.0	9.0	0.0	0.0
0.0	15.0	0.0	0.0	0.0	0.0
0.0	5.0	0.0	6.0	0.0	0.0
0.0	0.0	0.0	6.0	0.0	0.0
0.0	5.0	0.0	0.0	0.0	0.0
0.0	1.0	0.0	2.0	0.0	0.0
0.0	0.0	0.0	2.0	0.0	0.0
0.0	1.0	0.0	0.0	0.0	0.0
0.0	0.0	0.0	0.0	1.0	0.0
0.0	0.0	0.0	3.0	1.0	0.0
0.0	0.0	0.0	0.0	1.0	0.0
0.0	0.0	0.0	3.0	0.0	0.0
0.0	3.0	5.0	2.0	0.0	0.0
0.0	1.0	5.0	0.0	0.0	0.0
0.0	0.0	2.0	0.0	0.0	0.0
0.0	1.0	3.0	0.0	0.0	0.0
0.0	2.0	0.0	2.0	0.0	0.0
0.0	2.0	0.0	0.0	0.0	0.0
0.0	0.0	0.0	2.0	0.0	0.0
0.0	42.0	0.0	72.0	0.0	0.0
0.0	4.0	0.0	57.0	0.0	0.0
0.0	1.0	0.0	46.0	0.0	0.0
0.0	0.0	0.0	41.0	0.0	0.0
0.0	1.0	0.0	5.0	0.0	0.0
0.0	1.0	0.0	0.0	0.0	0.0
0.0	0.0	0.0	5.0	0.0	0.0
0.0	3.0	0.0	11.0	0.0	0.0
0.0	3.0	0.0	1.0	0.0	0.0
0.0	0.0	0.0	1.0	0.0	0.0
0.0	3.0	0.0	0.0	0.0	0.0
0.0	0.0	0.0	10.0	0.0	0.0
0.0	38.0	0.0	15.0	0.0	0.0
0.0	38.0	0.0	7.0	0.0	0.0
0.0	6.0	0.0	5.0	0.0	0.0
0.0	0.0	0.0	5.0	0.0	0.0
0.0	6.0	0.0	0.0	0.0	0.0
0.0	32.0	0.0	2.0	0.0	0.0
0.0	0.0	0.0	1.0	0.0	0.0
0.0	32.0	0.0	1.0	0.0	0.0
0.0	3.0	0.0	1.0	0.0	0.0
0.0	2.0	0.0	0.0	0.0	0.0
0.0	1.0	0.0	1.0	0.0	0.0
0.0	1.0	0.0	0.0	0.0	0.0
0.0	0.0	0.0	1.0	0.0	0.0
0.0	29.0	0.0	0.0	0.0	0.0
0.0	0.0	0.0	8.0	0.0	0.0
19.0	981.0	4.0	77.0	1.0	0.0
19.0	979.0	4.0	53.0	1.0	0.0
5.0	870.0	3.0	27.0	0.0	0.0
0.0	15.0	0.0	8.0	0.0	0.0
0.0	15.0	0.0	0.0	0.0	0.0
0.0	0.0	0.0	8.0	0.0	0.0
5.0	855.0	3.0	19.0	0.0	0.0
0.0	1.0	2.0	0.0	0.0	0.0
0.0	1.0	0.0	0.0	0.0	0.0
0.0	0.0	2.0	0.0	0.0	0.0
5.0	854.0	1.0	19.0	0.0	0.0
0.0	62.0	0.0	9.0	0.0	0.0
0.0	55.0	0.0	2.0	0.0	0.0
0.0	54.0	0.0	1.0	0.0	0.0
0.0	53.0	0.0	0.0	0.0	0.0
0.0	1.0	0.0	1.0	0.0	0.0
0.0	1.0	0.0	0.0	0.0	0.0
0.0	0.0	0.0	1.0	0.0	0.0
0.0	1.0	0.0	1.0	0.0	0.0
0.0	0.0	0.0	1.0	0.0	0.0
0.0	1.0	0.0	0.0	0.0	0.0
0.0	7.0	0.0	7.0	0.0	0.0
0.0	5.0	0.0	0.0	0.0	0.0
0.0	2.0	0.0	7.0	0.0	0.0
0.0	0.0	0.0	7.0	0.0	0.0
0.0	2.0	0.0	0.0	0.0	0.0
5.0	792.0	1.0	10.0	0.0	0.0
0.0	0.0	1.0	0.0	0.0	0.0
5.0	792.0	0.0	10.0	0.0	0.0
5.0	72.0	0.0	0.0	0.0	0.0
0.0	36.0	0.0	0.0	0.0	0.0
5.0	36.0	0.0	0.0	0.0	0.0
0.0	720.0	0.0	10.0	0.0	0.0
0.0	606.0	0.0	4.0	0.0	0.0
0.0	593.0	0.0	3.0	0.0	0.0
0.0	23.0	0.0	1.0	0.0	0.0
0.0	23.0	0.0	0.0	0.0	0.0
0.0	0.0	0.0	1.0	0.0	0.0
0.0	570.0	0.0	2.0	0.0	0.0
0.0	186.0	0.0	2.0	0.0	0.0
0.0	186.0	0.0	1.0	0.0	0.0
0.0	137.0	0.0	0.0	0.0	0.0
0.0	49.0	0.0	1.0	0.0	0.0
0.0	27.0	0.0	1.0	0.0	0.0
0.0	22.0	0.0	0.0	0.0	0.0
0.0	0.0	0.0	1.0	0.0	0.0
0.0	384.0	0.0	0.0	0.0	0.0
0.0	13.0	0.0	1.0	0.0	0.0
0.0	13.0	0.0	0.0	0.0	0.0
0.0	0.0	0.0	1.0	0.0	0.0
0.0	114.0	0.0	6.0	0.0	0.0
0.0	0.0	0.0	3.0	0.0	0.0
0.0	114.0	0.0	3.0	0.0	0.0
0.0	114.0	0.0	2.0	0.0	0.0
0.0	108.0	0.0	0.0	0.0	0.0
0.0	6.0	0.0	2.0	0.0	0.0
0.0	0.0	0.0	2.0	0.0	0.0
0.0	6.0	0.0	0.0	0.0	0.0
0.0	0.0	0.0	1.0	0.0	0.0
14.0	109.0	1.0	26.0	1.0	0.0
2.0	15.0	1.0	26.0	0.0	0.0
2.0	10.0	0.0	0.0	0.0	0.0
2.0	0.0	0.0	0.0	0.0	0.0
0.0	10.0	0.0	0.0	0.0	0.0
0.0	5.0	1.0	26.0	0.0	0.0
0.0	2.0	0.0	26.0	0.0	0.0
0.0	0.0	0.0	25.0	0.0	0.0
0.0	2.0	0.0	1.0	0.0	0.0
0.0	2.0	0.0	0.0	0.0	0.0
0.0	0.0	0.0	1.0	0.0	0.0
0.0	3.0	1.0	0.0	0.0	0.0
0.0	0.0	1.0	0.0	0.0	0.0
0.0	3.0	0.0	0.0	0.0	0.0
12.0	94.0	0.0	0.0	1.0	0.0
5.0	92.0	0.0	0.0	1.0	0.0
2.0	89.0	0.0	0.0	0.0	0.0
2.0	14.0	0.0	0.0	0.0	0.0
2.0	1.0	0.0	0.0	0.0	0.0
0.0	13.0	0.0	0.0	0.0	0.0
0.0	75.0	0.0	0.0	0.0	0.0
3.0	3.0	0.0	0.0	1.0	0.0
0.0	3.0	0.0	0.0	0.0	0.0
3.0	0.0	0.0	0.0	1.0	0.0
3.0	0.0	0.0	0.0	0.0	0.0
0.0	0.0	0.0	0.0	1.0	0.0
7.0	2.0	0.0	0.0	0.0	0.0
7.0	0.0	0.0	0.0	0.0	0.0
0.0	2.0	0.0	0.0	0.0	0.0
0.0	2.0	0.0	24.0	0.0	0.0
0.0	2.0	0.0	1.0	0.0	0.0
0.0	1.0	0.0	0.0	0.0	0.0
0.0	1.0	0.0	1.0	0.0	0.0
0.0	0.0	0.0	23.0	0.0	0.0
