# Sizes (NFeatures, Nclasses, NodeCount, MaxDepth)
14	6	267	15
# Classes
0.0	1.0	2.0	3.0	4.0	5.0
# Feature Names
Nrows	Ncols	Nnnz	AvgNnnz	Density	MaxRowNnnz	MinRowNnnz	StdRowNnnz	NDiags	NTrueDiags	AvgNnnzDia	AvgNnnzELL	AvgNnnzHyb	AvgNnnzHdc
# Left
1	-1	3	4	5	6	7	8	-1	10	-1	12	13	14	-1	-1	17	-1	19	20	-1	22	-1	-1	-1	26	-1	-1	29	30	31	-1	33	34	-1	36	-1	38	39	-1	-1	-1	-1	-1	45	-1	47	-1	49	50	-1	52	-1	-1	-1	56	-1	58	-1	-1	61	62	63	64	65	66	67	-1	-1	-1	-1	-1	73	74	-1	76	-1	78	79	-1	81	-1	83	-1	-1	-1	87	88	89	-1	-1	92	93	-1	95	-1	-1	-1	-1	100	101	-1	-1	104	105	-1	107	108	109	-1	-1	-1	113	-1	-1	116	-1	-1	119	120	121	122	123	-1	-1	-1	127	128	129	-1	-1	132	133	134	-1	136	-1	-1	139	140	-1	142	-1	-1	145	-1	-1	148	-1	-1	-1	-1	-1	154	155	156	157	-1	159	160	-1	-1	-1	-1	165	166	167	-1	-1	170	-1	172	-1	-1	-1	176	177	178	-1	180	181	-1	-1	-1	185	-1	187	-1	189	-1	191	-1	-1	194	-1	196	-1	-1	199	200	201	202	203	204	205	-1	-1	208	209	-1	-1	212	213	214	-1	-1	-1	218	219	-1	-1	222	223	224	225	-1	-1	-1	229	-1	-1	232	-1	-1	235	236	237	-1	-1	240	-1	242	243	-1	245	-1	-1	-1	-1	-1	251	-1	-1	254	-1	256	257	258	-1	-1	-1	-1	263	-1	265	-1	-1
# Right
2	-1	198	153	60	55	28	9	-1	11	-1	25	16	15	-1	-1	18	-1	24	21	-1	23	-1	-1	-1	27	-1	-1	44	43	32	-1	42	35	-1	37	-1	41	40	-1	-1	-1	-1	-1	46	-1	48	-1	54	51	-1	53	-1	-1	-1	57	-1	59	-1	-1	118	99	72	71	70	69	68	-1	-1	-1	-1	-1	86	75	-1	77	-1	85	80	-1	82	-1	84	-1	-1	-1	98	91	90	-1	-1	97	94	-1	96	-1	-1	-1	-1	103	102	-1	-1	115	106	-1	112	111	110	-1	-1	-1	114	-1	-1	117	-1	-1	152	151	126	125	124	-1	-1	-1	150	131	130	-1	-1	147	138	135	-1	137	-1	-1	144	141	-1	143	-1	-1	146	-1	-1	149	-1	-1	-1	-1	-1	175	164	163	158	-1	162	161	-1	-1	-1	-1	174	169	168	-1	-1	171	-1	173	-1	-1	-1	193	184	179	-1	183	182	-1	-1	-1	186	-1	188	-1	190	-1	192	-1	-1	195	-1	197	-1	-1	262	253	250	249	234	207	206	-1	-1	211	210	-1	-1	217	216	215	-1	-1	-1	221	220	-1	-1	231	228	227	226	-1	-1	-1	230	-1	-1	233	-1	-1	248	239	238	-1	-1	241	-1	247	244	-1	246	-1	-1	-1	-1	-1	252	-1	-1	255	-1	261	260	259	-1	-1	-1	-1	264	-1	266	-1	-1
# Threshold
0.0009290955204050988	-2.0	35.5	0.44211649894714355	0.39354850351810455	0.2897945046424866	7.391365051269531	0.22633849829435349	-2.0	0.0022921499330550432	-2.0	546.0	4.5	0.8113425076007843	-2.0	-2.0	0.010694180149585009	-2.0	0.30417250096797943	0.289945513010025	-2.0	7.0	-2.0	-2.0	-2.0	1.0	-2.0	-2.0	19.5	2.798580050468445	0.5936160087585449	-2.0	11.887349605560303	246.5	-2.0	0.3480764925479889	-2.0	33812.0	326.0	-2.0	-2.0	-2.0	-2.0	-2.0	54.0	-2.0	8.20656967163086	-2.0	13.993000030517578	9.0	-2.0	3.4712650775909424	-2.0	-2.0	-2.0	3.0	-2.0	18.473950386047363	-2.0	-2.0	17951.5	0.0419038999825716	2.415910005569458	1.5	817.5	0.014732700306922197	0.5	-2.0	-2.0	-2.0	-2.0	-2.0	0.02244920004159212	0.9747315049171448	-2.0	0.4917194992303848	-2.0	3.5	0.5149820148944855	-2.0	2.3857150077819824	-2.0	0.3177400082349777	-2.0	-2.0	-2.0	326.0	0.3091599941253662	0.025430050678551197	-2.0	-2.0	2282.5	1.5	-2.0	0.43009650707244873	-2.0	-2.0	-2.0	-2.0	0.43318650126457214	56.0	-2.0	-2.0	7.0	10.0	-2.0	0.451789990067482	0.44252999126911163	5.5	-2.0	-2.0	-2.0	32.5	-2.0	-2.0	0.8785935044288635	-2.0	-2.0	21.774999618530273	6.5	3968.5	26.0	0.46595950424671173	-2.0	-2.0	-2.0	0.9415064752101898	62.5	1.3127094916853821e-05	-2.0	-2.0	0.9999994933605194	4.5	3.0152249932289124	-2.0	0.6510570049285889	-2.0	-2.0	13.609050273895264	8.43668007850647	-2.0	10.5	-2.0	-2.0	3.4834100008010864	-2.0	-2.0	4661.0	-2.0	-2.0	-2.0	-2.0	-2.0	5156.5	135.0	2.8680299520492554	9.5	-2.0	78.0	0.017992400098592043	-2.0	-2.0	-2.0	-2.0	2528.0	7.5	0.5681069791316986	-2.0	-2.0	2850.0	-2.0	550.0	-2.0	-2.0	-2.0	0.4998819977045059	5936.0	2024.0	-2.0	21174.5	11057.0	-2.0	-2.0	-2.0	0.7830134928226471	-2.0	6.0	-2.0	0.46339499950408936	-2.0	335397.5	-2.0	-2.0	9500.0	-2.0	4.5	-2.0	-2.0	4.503069877624512	14419.5	0.6279084980487823	0.9565154910087585	71338.0	2.744444966316223	2.562744975090027	-2.0	-2.0	0.0012421900173649192	1.5	-2.0	-2.0	4.01308012008667	1.9935550093650818	3.914520025253296	-2.0	-2.0	-2.0	0.45981650054454803	0.4596270024776459	-2.0	-2.0	58432.0	0.7399995028972626	0.01003713021054864	0.009892439935356379	-2.0	-2.0	-2.0	0.32725100219249725	-2.0	-2.0	59605.0	-2.0	-2.0	0.6651425063610077	43.5	1.5	-2.0	-2.0	76040.0	-2.0	8630295.0	6753.5	-2.0	23.60700035095215	-2.0	-2.0	-2.0	-2.0	-2.0	114.71020126342773	-2.0	-2.0	6014850.0	-2.0	5822975.0	0.5	0.00045168651558924466	-2.0	-2.0	-2.0	-2.0	71550.0	-2.0	860.0	-2.0	-2.0
# Feature
11	-2	5	10	13	10	3	13	-2	4	-2	1	5	11	-2	-2	4	-2	13	13	-2	5	-2	-2	-2	9	-2	-2	5	7	11	-2	3	0	-2	13	-2	8	8	-2	-2	-2	-2	-2	0	-2	3	-2	7	6	-2	7	-2	-2	-2	6	-2	3	-2	-2	2	10	3	6	0	10	9	-2	-2	-2	-2	-2	10	12	-2	13	-2	6	13	-2	7	-2	11	-2	-2	-2	8	11	10	-2	-2	2	9	-2	13	-2	-2	-2	-2	13	8	-2	-2	9	8	-2	13	13	5	-2	-2	-2	8	-2	-2	11	-2	-2	3	6	1	5	13	-2	-2	-2	13	8	4	-2	-2	11	5	12	-2	13	-2	-2	3	12	-2	5	-2	-2	7	-2	-2	8	-2	-2	-2	-2	-2	2	1	12	1	-2	2	4	-2	-2	-2	-2	0	8	11	-2	-2	2	-2	1	-2	-2	-2	13	1	0	-2	2	2	-2	-2	-2	10	-2	5	-2	13	-2	2	-2	-2	1	-2	8	-2	-2	12	5	10	13	1	3	3	-2	-2	11	6	-2	-2	7	12	7	-2	-2	-2	12	12	-2	-2	8	13	11	11	-2	-2	-2	11	-2	-2	8	-2	-2	11	5	9	-2	-2	1	-2	0	5	-2	7	-2	-2	-2	-2	-2	3	-2	-2	2	-2	8	6	4	-2	-2	-2	-2	1	-2	8	-2	-2
# Values
80.0	1252.0	73.0	258.0	17.0	1.0
62.0	0.0	0.0	0.0	0.0	0.0
18.0	1252.0	73.0	258.0	17.0	1.0
0.0	400.0	65.0	209.0	17.0	1.0
0.0	383.0	27.0	157.0	5.0	1.0
0.0	218.0	12.0	34.0	1.0	0.0
0.0	211.0	4.0	32.0	1.0	0.0
0.0	146.0	2.0	11.0	1.0	0.0
0.0	0.0	0.0	1.0	0.0	0.0
0.0	146.0	2.0	10.0	1.0	0.0
0.0	68.0	0.0	0.0	0.0	0.0
0.0	78.0	2.0	10.0	1.0	0.0
0.0	78.0	2.0	8.0	0.0	0.0
0.0	2.0	0.0	2.0	0.0	0.0
0.0	2.0	0.0	0.0	0.0	0.0
0.0	0.0	0.0	2.0	0.0	0.0
0.0	76.0	2.0	6.0	0.0	0.0
0.0	34.0	0.0	6.0	0.0	0.0
0.0	42.0	2.0	0.0	0.0	0.0
0.0	12.0	2.0	0.0	0.0	0.0
0.0	11.0	0.0	0.0	0.0	0.0
0.0	1.0	2.0	0.0	0.0	0.0
0.0	0.0	1.0	0.0	0.0	0.0
0.0	1.0	1.0	0.0	0.0	0.0
0.0	30.0	0.0	0.0	0.0	0.0
0.0	0.0	0.0	2.0	1.0	0.0
0.0	0.0	0.0	0.0	1.0	0.0
0.0	0.0	0.0	2.0	0.0	0.0
0.0	65.0	2.0	21.0	0.0	0.0
0.0	21.0	1.0	17.0	0.0	0.0
0.0	21.0	1.0	8.0	0.0	0.0
0.0	0.0	0.0	3.0	0.0	0.0
0.0	21.0	1.0	5.0	0.0	0.0
0.0	21.0	1.0	3.0	0.0	0.0
0.0	0.0	1.0	0.0	0.0	0.0
0.0	21.0	0.0	3.0	0.0	0.0
0.0	13.0	0.0	0.0	0.0	0.0
0.0	8.0	0.0	3.0	0.0	0.0
0.0	1.0	0.0	3.0	0.0	0.0
0.0	1.0	0.0	0.0	0.0	0.0
0.0	0.0	0.0	3.0	0.0	0.0
0.0	7.0	0.0	0.0	0.0	0.0
0.0	0.0	0.0	2.0	0.0	0.0
0.0	0.0	0.0	9.0	0.0	0.0
0.0	44.0	1.0	4.0	0.0	0.0
0.0	0.0	0.0	2.0	0.0	0.0
0.0	44.0	1.0	2.0	0.0	0.0
0.0	0.0	1.0	0.0	0.0	0.0
0.0	44.0	0.0	2.0	0.0	0.0
0.0	44.0	0.0	1.0	0.0	0.0
0.0	39.0	0.0	0.0	0.0	0.0
0.0	5.0	0.0	1.0	0.0	0.0
0.0	5.0	0.0	0.0	0.0	0.0
0.0	0.0	0.0	1.0	0.0	0.0
0.0	0.0	0.0	1.0	0.0	0.0
0.0	7.0	8.0	2.0	0.0	0.0
0.0	0.0	8.0	0.0	0.0	0.0
0.0	7.0	0.0	2.0	0.0	0.0
0.0	7.0	0.0	0.0	0.0	0.0
0.0	0.0	0.0	2.0	0.0	0.0
0.0	165.0	15.0	123.0	4.0	1.0
0.0	45.0	14.0	84.0	2.0	0.0
0.0	20.0	0.0	79.0	2.0	0.0
0.0	7.0	0.0	3.0	2.0	0.0
0.0	7.0	0.0	3.0	0.0	0.0
0.0	7.0	0.0	1.0	0.0	0.0
0.0	2.0	0.0	1.0	0.0	0.0
0.0	0.0	0.0	1.0	0.0	0.0
0.0	2.0	0.0	0.0	0.0	0.0
0.0	5.0	0.0	0.0	0.0	0.0
0.0	0.0	0.0	2.0	0.0	0.0
0.0	0.0	0.0	0.0	2.0	0.0
0.0	13.0	0.0	76.0	0.0	0.0
0.0	6.0	0.0	60.0	0.0	0.0
0.0	1.0	0.0	0.0	0.0	0.0
0.0	5.0	0.0	60.0	0.0	0.0
0.0	0.0	0.0	40.0	0.0	0.0
0.0	5.0	0.0	20.0	0.0	0.0
0.0	2.0	0.0	20.0	0.0	0.0
0.0	1.0	0.0	0.0	0.0	0.0
0.0	1.0	0.0	20.0	0.0	0.0
0.0	0.0	0.0	18.0	0.0	0.0
0.0	1.0	0.0	2.0	0.0	0.0
0.0	1.0	0.0	0.0	0.0	0.0
0.0	0.0	0.0	2.0	0.0	0.0
0.0	3.0	0.0	0.0	0.0	0.0
0.0	7.0	0.0	16.0	0.0	0.0
0.0	4.0	0.0	16.0	0.0	0.0
0.0	2.0	0.0	1.0	0.0	0.0
0.0	0.0	0.0	1.0	0.0	0.0
0.0	2.0	0.0	0.0	0.0	0.0
0.0	2.0	0.0	15.0	0.0	0.0
0.0	2.0	0.0	4.0	0.0	0.0
0.0	0.0	0.0	1.0	0.0	0.0
0.0	2.0	0.0	3.0	0.0	0.0
0.0	1.0	0.0	1.0	0.0	0.0
0.0	1.0	0.0	2.0	0.0	0.0
0.0	0.0	0.0	11.0	0.0	0.0
0.0	3.0	0.0	0.0	0.0	0.0
0.0	25.0	14.0	5.0	0.0	0.0
0.0	2.0	10.0	0.0	0.0	0.0
0.0	0.0	10.0	0.0	0.0	0.0
0.0	2.0	0.0	0.0	0.0	0.0
0.0	23.0	4.0	5.0	0.0	0.0
0.0	23.0	2.0	2.0	0.0	0.0
0.0	0.0	0.0	1.0	0.0	0.0
0.0	23.0	2.0	1.0	0.0	0.0
0.0	5.0	2.0	0.0	0.0	0.0
0.0	5.0	1.0	0.0	0.0	0.0
0.0	0.0	1.0	0.0	0.0	0.0
0.0	5.0	0.0	0.0	0.0	0.0
0.0	0.0	1.0	0.0	0.0	0.0
0.0	18.0	0.0	1.0	0.0	0.0
0.0	6.0	0.0	1.0	0.0	0.0
0.0	12.0	0.0	0.0	0.0	0.0
0.0	0.0	2.0	3.0	0.0	0.0
0.0	0.0	0.0	3.0	0.0	0.0
0.0	0.0	2.0	0.0	0.0	0.0
0.0	120.0	1.0	39.0	2.0	1.0
0.0	120.0	1.0	23.0	2.0	1.0
0.0	120.0	1.0	19.0	2.0	1.0
0.0	8.0	0.0	7.0	0.0	0.0
0.0	1.0	0.0	7.0	0.0	0.0
0.0	1.0	0.0	0.0	0.0	0.0
0.0	0.0	0.0	7.0	0.0	0.0
0.0	7.0	0.0	0.0	0.0	0.0
0.0	112.0	1.0	12.0	2.0	1.0
0.0	112.0	1.0	10.0	2.0	1.0
0.0	0.0	1.0	0.0	0.0	1.0
0.0	0.0	0.0	0.0	0.0	1.0
0.0	0.0	1.0	0.0	0.0	0.0
0.0	112.0	0.0	10.0	2.0	0.0
0.0	111.0	0.0	10.0	0.0	0.0
0.0	18.0	0.0	6.0	0.0	0.0
0.0	0.0	0.0	4.0	0.0	0.0
0.0	18.0	0.0	2.0	0.0	0.0
0.0	18.0	0.0	0.0	0.0	0.0
0.0	0.0	0.0	2.0	0.0	0.0
0.0	93.0	0.0	4.0	0.0	0.0
0.0	88.0	0.0	1.0	0.0	0.0
0.0	82.0	0.0	0.0	0.0	0.0
0.0	6.0	0.0	1.0	0.0	0.0
0.0	5.0	0.0	0.0	0.0	0.0
0.0	1.0	0.0	1.0	0.0	0.0
0.0	5.0	0.0	3.0	0.0	0.0
0.0	0.0	0.0	3.0	0.0	0.0
0.0	5.0	0.0	0.0	0.0	0.0
0.0	1.0	0.0	0.0	2.0	0.0
0.0	1.0	0.0	0.0	0.0	0.0
0.0	0.0	0.0	0.0	2.0	0.0
0.0	0.0	0.0	2.0	0.0	0.0
0.0	0.0	0.0	4.0	0.0	0.0
0.0	0.0	0.0	16.0	0.0	0.0
0.0	17.0	38.0	52.0	12.0	0.0
0.0	9.0	1.0	39.0	8.0	0.0
0.0	8.0	0.0	4.0	1.0	0.0
0.0	8.0	0.0	1.0	1.0	0.0
0.0	0.0	0.0	0.0	1.0	0.0
0.0	8.0	0.0	1.0	0.0	0.0
0.0	1.0	0.0	1.0	0.0	0.0
0.0	0.0	0.0	1.0	0.0	0.0
0.0	1.0	0.0	0.0	0.0	0.0
0.0	7.0	0.0	0.0	0.0	0.0
0.0	0.0	0.0	3.0	0.0	0.0
0.0	1.0	1.0	35.0	7.0	0.0
0.0	1.0	1.0	35.0	3.0	0.0
0.0	0.0	1.0	31.0	0.0	0.0
0.0	0.0	1.0	3.0	0.0	0.0
0.0	0.0	0.0	28.0	0.0	0.0
0.0	1.0	0.0	4.0	3.0	0.0
0.0	0.0	0.0	3.0	0.0	0.0
0.0	1.0	0.0	1.0	3.0	0.0
0.0	1.0	0.0	0.0	0.0	0.0
0.0	0.0	0.0	1.0	3.0	0.0
0.0	0.0	0.0	0.0	4.0	0.0
0.0	8.0	37.0	13.0	4.0	0.0
0.0	5.0	37.0	7.0	0.0	0.0
0.0	3.0	9.0	5.0	0.0	0.0
0.0	0.0	8.0	0.0	0.0	0.0
0.0	3.0	1.0	5.0	0.0	0.0
0.0	0.0	1.0	5.0	0.0	0.0
0.0	0.0	1.0	0.0	0.0	0.0
0.0	0.0	0.0	5.0	0.0	0.0
0.0	3.0	0.0	0.0	0.0	0.0
0.0	2.0	28.0	2.0	0.0	0.0
0.0	0.0	12.0	0.0	0.0	0.0
0.0	2.0	16.0	2.0	0.0	0.0
0.0	1.0	0.0	0.0	0.0	0.0
0.0	1.0	16.0	2.0	0.0	0.0
0.0	1.0	0.0	0.0	0.0	0.0
0.0	0.0	16.0	2.0	0.0	0.0
0.0	0.0	8.0	2.0	0.0	0.0
0.0	0.0	8.0	0.0	0.0	0.0
0.0	3.0	0.0	6.0	4.0	0.0
0.0	0.0	0.0	6.0	0.0	0.0
0.0	3.0	0.0	0.0	4.0	0.0
0.0	3.0	0.0	0.0	0.0	0.0
0.0	0.0	0.0	0.0	4.0	0.0
18.0	852.0	8.0	49.0	0.0	0.0
18.0	847.0	8.0	32.0	0.0	0.0
6.0	842.0	8.0	32.0	0.0	0.0
6.0	840.0	0.0	32.0	0.0	0.0
6.0	840.0	0.0	28.0	0.0	0.0
4.0	690.0	0.0	9.0	0.0	0.0
0.0	11.0	0.0	2.0	0.0	0.0
0.0	11.0	0.0	0.0	0.0	0.0
0.0	0.0	0.0	2.0	0.0	0.0
4.0	679.0	0.0	7.0	0.0	0.0
1.0	5.0	0.0	0.0	0.0	0.0
1.0	0.0	0.0	0.0	0.0	0.0
0.0	5.0	0.0	0.0	0.0	0.0
3.0	674.0	0.0	7.0	0.0	0.0
0.0	75.0	0.0	4.0	0.0	0.0
0.0	75.0	0.0	3.0	0.0	0.0
0.0	34.0	0.0	0.0	0.0	0.0
0.0	41.0	0.0	3.0	0.0	0.0
0.0	0.0	0.0	1.0	0.0	0.0
3.0	599.0	0.0	3.0	0.0	0.0
3.0	66.0	0.0	0.0	0.0	0.0
0.0	31.0	0.0	0.0	0.0	0.0
3.0	35.0	0.0	0.0	0.0	0.0
0.0	533.0	0.0	3.0	0.0	0.0
0.0	522.0	0.0	2.0	0.0	0.0
0.0	503.0	0.0	1.0	0.0	0.0
0.0	71.0	0.0	1.0	0.0	0.0
0.0	71.0	0.0	0.0	0.0	0.0
0.0	0.0	0.0	1.0	0.0	0.0
0.0	432.0	0.0	0.0	0.0	0.0
0.0	19.0	0.0	1.0	0.0	0.0
0.0	19.0	0.0	0.0	0.0	0.0
0.0	0.0	0.0	1.0	0.0	0.0
0.0	11.0	0.0	1.0	0.0	0.0
0.0	0.0	0.0	1.0	0.0	0.0
0.0	11.0	0.0	0.0	0.0	0.0
2.0	150.0	0.0	19.0	0.0	0.0
2.0	150.0	0.0	11.0	0.0	0.0
0.0	2.0	0.0	9.0	0.0	0.0
0.0	2.0	0.0	0.0	0.0	0.0
0.0	0.0	0.0	9.0	0.0	0.0
2.0	148.0	0.0	2.0	0.0	0.0
0.0	0.0	0.0	2.0	0.0	0.0
2.0	148.0	0.0	0.0	0.0	0.0
1.0	148.0	0.0	0.0	0.0	0.0
0.0	127.0	0.0	0.0	0.0	0.0
1.0	21.0	0.0	0.0	0.0	0.0
1.0	7.0	0.0	0.0	0.0	0.0
0.0	14.0	0.0	0.0	0.0	0.0
1.0	0.0	0.0	0.0	0.0	0.0
0.0	0.0	0.0	8.0	0.0	0.0
0.0	0.0	0.0	4.0	0.0	0.0
0.0	2.0	8.0	0.0	0.0	0.0
0.0	0.0	8.0	0.0	0.0	0.0
0.0	2.0	0.0	0.0	0.0	0.0
12.0	5.0	0.0	0.0	0.0	0.0
0.0	3.0	0.0	0.0	0.0	0.0
12.0	2.0	0.0	0.0	0.0	0.0
12.0	1.0	0.0	0.0	0.0	0.0
2.0	1.0	0.0	0.0	0.0	0.0
0.0	1.0	0.0	0.0	0.0	0.0
2.0	0.0	0.0	0.0	0.0	0.0
10.0	0.0	0.0	0.0	0.0	0.0
0.0	1.0	0.0	0.0	0.0	0.0
0.0	5.0	0.0	17.0	0.0	0.0
0.0	4.0	0.0	0.0	0.0	0.0
0.0	1.0	0.0	17.0	0.0	0.0
0.0	1.0	0.0	3.0	0.0	0.0
0.0	0.0	0.0	14.0	0.0	0.0
