# Sizes (NFeatures, Nclasses, NodeCount, MaxDepth)
14	6	247	16
# Classes
0.0	1.0	2.0	3.0	4.0	5.0
# Feature Names
Nrows	Ncols	Nnnz	AvgNnnz	Density	MaxRowNnnz	MinRowNnnz	StdRowNnnz	NDiags	NTrueDiags	AvgNnnzDia	AvgNnnzELL	AvgNnnzHyb	AvgNnnzHdc
# Left
1	2	-1	-1	5	6	7	8	9	10	11	12	13	-1	-1	-1	17	-1	-1	20	21	22	23	-1	-1	-1	-1	-1	29	-1	31	32	33	-1	35	-1	37	38	39	40	-1	-1	-1	44	45	-1	47	-1	-1	-1	-1	52	53	-1	-1	-1	-1	58	59	60	61	-1	63	64	-1	-1	67	-1	-1	-1	71	-1	-1	-1	75	76	77	78	-1	80	81	82	-1	-1	-1	86	87	-1	-1	-1	-1	92	-1	94	-1	-1	97	98	99	100	-1	-1	-1	104	-1	106	-1	-1	109	110	-1	-1	-1	114	115	116	117	-1	119	120	-1	122	123	-1	-1	-1	-1	-1	129	130	-1	-1	-1	134	135	-1	137	138	139	140	141	142	-1	144	145	-1	147	-1	-1	150	-1	-1	-1	-1	155	156	157	-1	-1	-1	-1	162	-1	-1	165	166	-1	168	-1	-1	171	-1	173	-1	-1	-1	177	178	179	180	181	-1	-1	184	-1	186	187	-1	-1	190	191	192	-1	194	-1	-1	197	198	-1	-1	201	202	203	204	205	-1	-1	-1	209	210	-1	-1	-1	214	-1	-1	217	-1	-1	220	221	-1	223	-1	225	-1	-1	-1	229	-1	-1	232	-1	-1	235	236	-1	238	239	-1	-1	-1	243	-1	245	-1	-1
# Right
4	3	-1	-1	176	113	74	57	28	19	16	15	14	-1	-1	-1	18	-1	-1	27	26	25	24	-1	-1	-1	-1	-1	30	-1	56	51	34	-1	36	-1	50	43	42	41	-1	-1	-1	49	46	-1	48	-1	-1	-1	-1	55	54	-1	-1	-1	-1	73	70	69	62	-1	66	65	-1	-1	68	-1	-1	-1	72	-1	-1	-1	96	91	90	79	-1	85	84	83	-1	-1	-1	89	88	-1	-1	-1	-1	93	-1	95	-1	-1	108	103	102	101	-1	-1	-1	105	-1	107	-1	-1	112	111	-1	-1	-1	133	128	127	118	-1	126	121	-1	125	124	-1	-1	-1	-1	-1	132	131	-1	-1	-1	175	136	-1	164	161	154	153	152	143	-1	149	146	-1	148	-1	-1	151	-1	-1	-1	-1	160	159	158	-1	-1	-1	-1	163	-1	-1	170	167	-1	169	-1	-1	172	-1	174	-1	-1	-1	234	231	228	183	182	-1	-1	185	-1	189	188	-1	-1	219	196	193	-1	195	-1	-1	200	199	-1	-1	216	213	208	207	206	-1	-1	-1	212	211	-1	-1	-1	215	-1	-1	218	-1	-1	227	222	-1	224	-1	226	-1	-1	-1	230	-1	-1	233	-1	-1	242	237	-1	241	240	-1	-1	-1	244	-1	246	-1	-1
# Threshold
0.0012419400154612958	0.2620920091867447	-2.0	-2.0	31.5	0.29590798914432526	23559.0	799.5	70.0	0.032929799519479275	1.8690600395202637	31.0	1.3214385211467743	-2.0	-2.0	-2.0	0.025685499422252178	-2.0	-2.0	66.0	7.5757551193237305	0.06725439801812172	2.2416650652885437	-2.0	-2.0	-2.0	-2.0	-2.0	0.15071499347686768	-2.0	23.5	0.0521052498370409	4.5	-2.0	0.38744600117206573	-2.0	0.03613525070250034	0.32687199115753174	0.01677989959716797	10.5	-2.0	-2.0	-2.0	362.5	100.0	-2.0	0.6131944954395294	-2.0	-2.0	-2.0	-2.0	7.609194993972778	76.0	-2.0	-2.0	-2.0	-2.0	11.5	15761.0	3640.5	0.55246901512146	-2.0	1121.0	2.5	-2.0	-2.0	1.1371999979019165	-2.0	-2.0	-2.0	27870.0	-2.0	-2.0	-2.0	9.469194889068604	85896.0	76981.5	0.06413300335407257	-2.0	0.00817276001907885	0.34567150473594666	0.4635719954967499	-2.0	-2.0	-2.0	0.024992000311613083	0.5095454901456833	-2.0	-2.0	-2.0	-2.0	2.792340040206909	-2.0	3.2303900718688965	-2.0	-2.0	0.0007934024906717241	0.447283998131752	1.93743497133255	1.1342299580574036	-2.0	-2.0	-2.0	0.9818749725818634	-2.0	0.0038529100129380822	-2.0	-2.0	43386.0	3192.5	-2.0	-2.0	-2.0	5156.5	0.07794100046157837	15.015249729156494	135.0	-2.0	0.005034320056438446	2528.0	-2.0	1.2191699743270874	2.5	-2.0	-2.0	-2.0	-2.0	-2.0	10.0	1.178629994392395	-2.0	-2.0	-2.0	0.9927974939346313	0.641009509563446	-2.0	13.0	146792.5	5.897500038146973	0.9092300236225128	5.857500076293945	0.45436500012874603	-2.0	4000.0	0.0016666650190018117	-2.0	7650.0	-2.0	-2.0	0.00047222201828844845	-2.0	-2.0	-2.0	-2.0	8.577929973602295	2537.5	0.8950150012969971	-2.0	-2.0	-2.0	-2.0	2.0	-2.0	-2.0	0.351004496216774	35396.0	-2.0	5.902885138988495	-2.0	-2.0	7.0	-2.0	17.478050231933594	-2.0	-2.0	-2.0	387298.5	22299.5	0.6963874995708466	0.2510970011353493	0.2402219995856285	-2.0	-2.0	56.0	-2.0	2.2141600847244263	0.008087534923106432	-2.0	-2.0	0.5950460135936737	34.5	2804.5	-2.0	13.993000030517578	-2.0	-2.0	2.744444966316223	0.9094445109367371	-2.0	-2.0	186.4209976196289	3819075.0	36.5	4.013415098190308	3.6708450317382812	-2.0	-2.0	-2.0	0.45981650054454803	0.45954450964927673	-2.0	-2.0	-2.0	0.29293251037597656	-2.0	-2.0	1748620.0	-2.0	-2.0	0.6651425063610077	0.5965525209903717	-2.0	0.31346549093723297	-2.0	26.319050788879395	-2.0	-2.0	-2.0	89.5	-2.0	-2.0	0.0014238705116440542	-2.0	-2.0	82.5	7054280.0	-2.0	11.583149909973145	35909800.0	-2.0	-2.0	-2.0	0.001544609956908971	-2.0	438694.5	-2.0	-2.0
# Feature
11	13	-2	-2	5	10	2	1	8	4	12	8	7	-2	-2	-2	4	-2	-2	8	3	10	3	-2	-2	-2	-2	-2	7	-2	5	4	5	-2	13	-2	10	11	10	5	-2	-2	-2	8	8	-2	11	-2	-2	-2	-2	3	0	-2	-2	-2	-2	9	1	8	13	-2	8	6	-2	-2	12	-2	-2	-2	0	-2	-2	-2	3	2	2	7	-2	10	13	11	-2	-2	-2	10	13	-2	-2	-2	-2	7	-2	7	-2	-2	4	13	12	12	-2	-2	-2	13	-2	10	-2	-2	2	1	-2	-2	-2	2	4	3	2	-2	4	2	-2	12	6	-2	-2	-2	-2	-2	8	12	-2	-2	-2	10	11	-2	8	2	3	7	3	13	-2	1	4	-2	2	-2	-2	4	-2	-2	-2	-2	3	0	11	-2	-2	-2	-2	6	-2	-2	10	1	-2	12	-2	-2	6	-2	3	-2	-2	-2	0	5	10	13	13	-2	-2	8	-2	3	10	-2	-2	13	5	2	-2	7	-2	-2	3	12	-2	-2	3	2	5	7	7	-2	-2	-2	12	12	-2	-2	-2	13	-2	-2	2	-2	-2	11	13	-2	11	-2	7	-2	-2	-2	5	-2	-2	10	-2	-2	5	2	-2	7	0	-2	-2	-2	11	-2	0	-2	-2
# Values
71.0	1242.0	76.0	278.0	12.0	2.0
59.0	2.0	0.0	0.0	0.0	0.0
0.0	2.0	0.0	0.0	0.0	0.0
59.0	0.0	0.0	0.0	0.0	0.0
12.0	1240.0	76.0	278.0	12.0	2.0
1.0	360.0	71.0	226.0	12.0	2.0
0.0	326.0	22.0	157.0	6.0	0.0
0.0	144.0	22.0	112.0	4.0	0.0
0.0	136.0	21.0	40.0	4.0	0.0
0.0	38.0	21.0	1.0	0.0	0.0
0.0	3.0	16.0	1.0	0.0	0.0
0.0	1.0	16.0	0.0	0.0	0.0
0.0	1.0	2.0	0.0	0.0	0.0
0.0	1.0	0.0	0.0	0.0	0.0
0.0	0.0	2.0	0.0	0.0	0.0
0.0	0.0	14.0	0.0	0.0	0.0
0.0	2.0	0.0	1.0	0.0	0.0
0.0	2.0	0.0	0.0	0.0	0.0
0.0	0.0	0.0	1.0	0.0	0.0
0.0	35.0	5.0	0.0	0.0	0.0
0.0	35.0	3.0	0.0	0.0	0.0
0.0	35.0	2.0	0.0	0.0	0.0
0.0	2.0	2.0	0.0	0.0	0.0
0.0	2.0	0.0	0.0	0.0	0.0
0.0	0.0	2.0	0.0	0.0	0.0
0.0	33.0	0.0	0.0	0.0	0.0
0.0	0.0	1.0	0.0	0.0	0.0
0.0	0.0	2.0	0.0	0.0	0.0
0.0	98.0	0.0	39.0	4.0	0.0
0.0	0.0	0.0	0.0	4.0	0.0
0.0	98.0	0.0	39.0	0.0	0.0
0.0	75.0	0.0	39.0	0.0	0.0
0.0	74.0	0.0	32.0	0.0	0.0
0.0	0.0	0.0	4.0	0.0	0.0
0.0	74.0	0.0	28.0	0.0	0.0
0.0	17.0	0.0	0.0	0.0	0.0
0.0	57.0	0.0	28.0	0.0	0.0
0.0	44.0	0.0	28.0	0.0	0.0
0.0	37.0	0.0	16.0	0.0	0.0
0.0	31.0	0.0	16.0	0.0	0.0
0.0	2.0	0.0	1.0	0.0	0.0
0.0	29.0	0.0	15.0	0.0	0.0
0.0	6.0	0.0	0.0	0.0	0.0
0.0	7.0	0.0	12.0	0.0	0.0
0.0	3.0	0.0	12.0	0.0	0.0
0.0	1.0	0.0	0.0	0.0	0.0
0.0	2.0	0.0	12.0	0.0	0.0
0.0	0.0	0.0	10.0	0.0	0.0
0.0	2.0	0.0	2.0	0.0	0.0
0.0	4.0	0.0	0.0	0.0	0.0
0.0	13.0	0.0	0.0	0.0	0.0
0.0	1.0	0.0	7.0	0.0	0.0
0.0	1.0	0.0	1.0	0.0	0.0
0.0	0.0	0.0	1.0	0.0	0.0
0.0	1.0	0.0	0.0	0.0	0.0
0.0	0.0	0.0	6.0	0.0	0.0
0.0	23.0	0.0	0.0	0.0	0.0
0.0	8.0	1.0	72.0	0.0	0.0
0.0	5.0	1.0	72.0	0.0	0.0
0.0	4.0	0.0	72.0	0.0	0.0
0.0	3.0	0.0	72.0	0.0	0.0
0.0	0.0	0.0	58.0	0.0	0.0
0.0	3.0	0.0	14.0	0.0	0.0
0.0	1.0	0.0	13.0	0.0	0.0
0.0	0.0	0.0	13.0	0.0	0.0
0.0	1.0	0.0	0.0	0.0	0.0
0.0	2.0	0.0	1.0	0.0	0.0
0.0	2.0	0.0	0.0	0.0	0.0
0.0	0.0	0.0	1.0	0.0	0.0
0.0	1.0	0.0	0.0	0.0	0.0
0.0	1.0	1.0	0.0	0.0	0.0
0.0	1.0	0.0	0.0	0.0	0.0
0.0	0.0	1.0	0.0	0.0	0.0
0.0	3.0	0.0	0.0	0.0	0.0
0.0	182.0	0.0	45.0	2.0	0.0
0.0	155.0	0.0	14.0	2.0	0.0
0.0	40.0	0.0	13.0	2.0	0.0
0.0	40.0	0.0	6.0	2.0	0.0
0.0	0.0	0.0	0.0	2.0	0.0
0.0	40.0	0.0	6.0	0.0	0.0
0.0	33.0	0.0	1.0	0.0	0.0
0.0	3.0	0.0	1.0	0.0	0.0
0.0	3.0	0.0	0.0	0.0	0.0
0.0	0.0	0.0	1.0	0.0	0.0
0.0	30.0	0.0	0.0	0.0	0.0
0.0	7.0	0.0	5.0	0.0	0.0
0.0	1.0	0.0	5.0	0.0	0.0
0.0	1.0	0.0	2.0	0.0	0.0
0.0	0.0	0.0	3.0	0.0	0.0
0.0	6.0	0.0	0.0	0.0	0.0
0.0	0.0	0.0	7.0	0.0	0.0
0.0	115.0	0.0	1.0	0.0	0.0
0.0	110.0	0.0	0.0	0.0	0.0
0.0	5.0	0.0	1.0	0.0	0.0
0.0	0.0	0.0	1.0	0.0	0.0
0.0	5.0	0.0	0.0	0.0	0.0
0.0	27.0	0.0	31.0	0.0	0.0
0.0	10.0	0.0	30.0	0.0	0.0
0.0	9.0	0.0	4.0	0.0	0.0
0.0	9.0	0.0	1.0	0.0	0.0
0.0	0.0	0.0	1.0	0.0	0.0
0.0	9.0	0.0	0.0	0.0	0.0
0.0	0.0	0.0	3.0	0.0	0.0
0.0	1.0	0.0	26.0	0.0	0.0
0.0	0.0	0.0	25.0	0.0	0.0
0.0	1.0	0.0	1.0	0.0	0.0
0.0	0.0	0.0	1.0	0.0	0.0
0.0	1.0	0.0	0.0	0.0	0.0
0.0	17.0	0.0	1.0	0.0	0.0
0.0	1.0	0.0	1.0	0.0	0.0
0.0	1.0	0.0	0.0	0.0	0.0
0.0	0.0	0.0	1.0	0.0	0.0
0.0	16.0	0.0	0.0	0.0	0.0
1.0	34.0	49.0	69.0	6.0	2.0
1.0	17.0	0.0	46.0	5.0	0.0
0.0	4.0	0.0	44.0	5.0	0.0
0.0	2.0	0.0	44.0	5.0	0.0
0.0	2.0	0.0	0.0	0.0	0.0
0.0	0.0	0.0	44.0	5.0	0.0
0.0	0.0	0.0	9.0	5.0	0.0
0.0	0.0	0.0	6.0	0.0	0.0
0.0	0.0	0.0	3.0	5.0	0.0
0.0	0.0	0.0	2.0	5.0	0.0
0.0	0.0	0.0	0.0	1.0	0.0
0.0	0.0	0.0	2.0	4.0	0.0
0.0	0.0	0.0	1.0	0.0	0.0
0.0	0.0	0.0	35.0	0.0	0.0
0.0	2.0	0.0	0.0	0.0	0.0
1.0	13.0	0.0	2.0	0.0	0.0
1.0	0.0	0.0	2.0	0.0	0.0
1.0	0.0	0.0	0.0	0.0	0.0
0.0	0.0	0.0	2.0	0.0	0.0
0.0	13.0	0.0	0.0	0.0	0.0
0.0	17.0	49.0	23.0	1.0	2.0
0.0	11.0	49.0	23.0	1.0	2.0
0.0	0.0	0.0	6.0	0.0	0.0
0.0	11.0	49.0	17.0	1.0	2.0
0.0	9.0	23.0	15.0	1.0	0.0
0.0	8.0	14.0	15.0	1.0	0.0
0.0	0.0	11.0	12.0	1.0	0.0
0.0	0.0	11.0	7.0	1.0	0.0
0.0	0.0	11.0	4.0	1.0	0.0
0.0	0.0	5.0	0.0	0.0	0.0
0.0	0.0	6.0	4.0	1.0	0.0
0.0	0.0	2.0	3.0	1.0	0.0
0.0	0.0	1.0	2.0	0.0	0.0
0.0	0.0	1.0	1.0	1.0	0.0
0.0	0.0	1.0	1.0	0.0	0.0
0.0	0.0	0.0	0.0	1.0	0.0
0.0	0.0	4.0	1.0	0.0	0.0
0.0	0.0	0.0	1.0	0.0	0.0
0.0	0.0	4.0	0.0	0.0	0.0
0.0	0.0	0.0	3.0	0.0	0.0
0.0	0.0	0.0	5.0	0.0	0.0
0.0	8.0	3.0	3.0	0.0	0.0
0.0	8.0	1.0	1.0	0.0	0.0
0.0	0.0	1.0	1.0	0.0	0.0
0.0	0.0	1.0	0.0	0.0	0.0
0.0	0.0	0.0	1.0	0.0	0.0
0.0	8.0	0.0	0.0	0.0	0.0
0.0	0.0	2.0	2.0	0.0	0.0
0.0	1.0	9.0	0.0	0.0	0.0
0.0	1.0	2.0	0.0	0.0	0.0
0.0	0.0	7.0	0.0	0.0	0.0
0.0	2.0	26.0	2.0	0.0	2.0
0.0	2.0	0.0	1.0	0.0	2.0
0.0	2.0	0.0	0.0	0.0	0.0
0.0	0.0	0.0	1.0	0.0	2.0
0.0	0.0	0.0	1.0	0.0	0.0
0.0	0.0	0.0	0.0	0.0	2.0
0.0	0.0	26.0	1.0	0.0	0.0
0.0	0.0	22.0	0.0	0.0	0.0
0.0	0.0	4.0	1.0	0.0	0.0
0.0	0.0	0.0	1.0	0.0	0.0
0.0	0.0	4.0	0.0	0.0	0.0
0.0	6.0	0.0	0.0	0.0	0.0
11.0	880.0	5.0	52.0	0.0	0.0
7.0	846.0	5.0	18.0	0.0	0.0
2.0	845.0	5.0	18.0	0.0	0.0
2.0	842.0	1.0	18.0	0.0	0.0
0.0	1.0	0.0	2.0	0.0	0.0
0.0	1.0	0.0	0.0	0.0	0.0
0.0	0.0	0.0	2.0	0.0	0.0
2.0	841.0	1.0	16.0	0.0	0.0
0.0	0.0	1.0	0.0	0.0	0.0
2.0	841.0	0.0	16.0	0.0	0.0
0.0	7.0	0.0	2.0	0.0	0.0
0.0	7.0	0.0	0.0	0.0	0.0
0.0	0.0	0.0	2.0	0.0	0.0
2.0	834.0	0.0	14.0	0.0	0.0
2.0	710.0	0.0	5.0	0.0	0.0
0.0	22.0	0.0	2.0	0.0	0.0
0.0	0.0	0.0	1.0	0.0	0.0
0.0	22.0	0.0	1.0	0.0	0.0
0.0	22.0	0.0	0.0	0.0	0.0
0.0	0.0	0.0	1.0	0.0	0.0
2.0	688.0	0.0	3.0	0.0	0.0
0.0	9.0	0.0	1.0	0.0	0.0
0.0	9.0	0.0	0.0	0.0	0.0
0.0	0.0	0.0	1.0	0.0	0.0
2.0	679.0	0.0	2.0	0.0	0.0
1.0	665.0	0.0	2.0	0.0	0.0
1.0	634.0	0.0	1.0	0.0	0.0
0.0	49.0	0.0	1.0	0.0	0.0
0.0	40.0	0.0	1.0	0.0	0.0
0.0	4.0	0.0	0.0	0.0	0.0
0.0	36.0	0.0	1.0	0.0	0.0
0.0	9.0	0.0	0.0	0.0	0.0
1.0	585.0	0.0	0.0	0.0	0.0
1.0	79.0	0.0	0.0	0.0	0.0
0.0	38.0	0.0	0.0	0.0	0.0
1.0	41.0	0.0	0.0	0.0	0.0
0.0	506.0	0.0	0.0	0.0	0.0
0.0	31.0	0.0	1.0	0.0	0.0
0.0	0.0	0.0	1.0	0.0	0.0
0.0	31.0	0.0	0.0	0.0	0.0
1.0	14.0	0.0	0.0	0.0	0.0
1.0	0.0	0.0	0.0	0.0	0.0
0.0	14.0	0.0	0.0	0.0	0.0
0.0	124.0	0.0	9.0	0.0	0.0
0.0	124.0	0.0	5.0	0.0	0.0
0.0	0.0	0.0	2.0	0.0	0.0
0.0	124.0	0.0	3.0	0.0	0.0
0.0	112.0	0.0	0.0	0.0	0.0
0.0	12.0	0.0	3.0	0.0	0.0
0.0	12.0	0.0	0.0	0.0	0.0
0.0	0.0	0.0	3.0	0.0	0.0
0.0	0.0	0.0	4.0	0.0	0.0
0.0	3.0	4.0	0.0	0.0	0.0
0.0	0.0	4.0	0.0	0.0	0.0
0.0	3.0	0.0	0.0	0.0	0.0
5.0	1.0	0.0	0.0	0.0	0.0
0.0	1.0	0.0	0.0	0.0	0.0
5.0	0.0	0.0	0.0	0.0	0.0
4.0	34.0	0.0	34.0	0.0	0.0
1.0	5.0	0.0	32.0	0.0	0.0
0.0	3.0	0.0	0.0	0.0	0.0
1.0	2.0	0.0	32.0	0.0	0.0
1.0	0.0	0.0	32.0	0.0	0.0
0.0	0.0	0.0	32.0	0.0	0.0
1.0	0.0	0.0	0.0	0.0	0.0
0.0	2.0	0.0	0.0	0.0	0.0
3.0	29.0	0.0	2.0	0.0	0.0
3.0	0.0	0.0	0.0	0.0	0.0
0.0	29.0	0.0	2.0	0.0	0.0
0.0	0.0	0.0	2.0	0.0	0.0
0.0	29.0	0.0	0.0	0.0	0.0
