# Sizes (NFeatures, Nclasses, NodeCount, MaxDepth)
14	6	273	16
# Classes
0.0	1.0	2.0	3.0	4.0	5.0
# Feature Names
Nrows	Ncols	Nnnz	AvgNnnz	Density	MaxRowNnnz	MinRowNnnz	StdRowNnnz	NDiags	NTrueDiags	AvgNnnzDia	AvgNnnzELL	AvgNnnzHyb	AvgNnnzHdc
# Left
1	2	3	-1	5	-1	-1	-1	9	10	11	12	-1	14	15	-1	17	18	-1	20	-1	-1	23	-1	25	-1	27	28	-1	30	-1	-1	33	34	-1	-1	-1	38	39	40	-1	42	43	44	45	46	-1	48	49	-1	-1	52	-1	-1	-1	-1	-1	58	59	-1	-1	62	-1	-1	65	66	-1	68	-1	-1	71	-1	73	-1	-1	-1	77	78	79	80	-1	82	-1	-1	85	-1	87	88	-1	-1	-1	92	-1	-1	95	-1	-1	98	99	100	101	102	-1	-1	105	106	107	108	-1	-1	111	112	-1	-1	-1	116	-1	-1	119	120	-1	-1	-1	-1	125	126	-1	-1	129	130	-1	-1	133	-1	-1	136	137	138	139	140	141	-1	-1	144	-1	-1	-1	148	149	-1	151	-1	-1	-1	155	156	-1	158	159	160	-1	162	-1	-1	-1	-1	-1	168	169	170	171	172	-1	-1	-1	-1	177	178	-1	-1	181	182	-1	-1	-1	186	187	-1	-1	190	-1	192	-1	-1	195	196	197	198	199	200	201	202	-1	-1	205	206	207	-1	209	-1	-1	-1	213	214	215	216	217	-1	-1	-1	221	-1	-1	-1	225	226	-1	228	-1	-1	231	-1	233	-1	235	-1	-1	238	239	240	241	242	-1	-1	-1	-1	247	-1	249	-1	-1	252	-1	-1	255	-1	-1	258	259	-1	261	-1	-1	-1	265	-1	-1	-1	269	270	-1	-1	-1
# Right
8	7	4	-1	6	-1	-1	-1	194	97	76	13	-1	37	16	-1	22	19	-1	21	-1	-1	24	-1	26	-1	32	29	-1	31	-1	-1	36	35	-1	-1	-1	75	64	41	-1	57	56	55	54	47	-1	51	50	-1	-1	53	-1	-1	-1	-1	-1	61	60	-1	-1	63	-1	-1	70	67	-1	69	-1	-1	72	-1	74	-1	-1	-1	94	91	84	81	-1	83	-1	-1	86	-1	90	89	-1	-1	-1	93	-1	-1	96	-1	-1	135	124	123	104	103	-1	-1	118	115	110	109	-1	-1	114	113	-1	-1	-1	117	-1	-1	122	121	-1	-1	-1	-1	128	127	-1	-1	132	131	-1	-1	134	-1	-1	167	154	147	146	143	142	-1	-1	145	-1	-1	-1	153	150	-1	152	-1	-1	-1	166	157	-1	165	164	161	-1	163	-1	-1	-1	-1	-1	185	176	175	174	173	-1	-1	-1	-1	180	179	-1	-1	184	183	-1	-1	-1	189	188	-1	-1	191	-1	193	-1	-1	268	267	264	257	254	237	204	203	-1	-1	212	211	208	-1	210	-1	-1	-1	224	223	220	219	218	-1	-1	-1	222	-1	-1	-1	230	227	-1	229	-1	-1	232	-1	234	-1	236	-1	-1	251	246	245	244	243	-1	-1	-1	-1	248	-1	250	-1	-1	253	-1	-1	256	-1	-1	263	260	-1	262	-1	-1	-1	266	-1	-1	-1	272	271	-1	-1	-1
# Threshold
0.0012419400154612958	0.000864036992425099	0.000254364000284113	-2.0	0.3685000091791153	-2.0	-2.0	-2.0	31.5	54.5	20.0	150.0	-2.0	4647.5	0.0006212209991645068	-2.0	101.0	0.4132620096206665	-2.0	7.950000047683716	-2.0	-2.0	0.35607750713825226	-2.0	506.0	-2.0	908.5	5.5	-2.0	0.6933335065841675	-2.0	-2.0	1037.0	26.05826985836029	-2.0	-2.0	-2.0	0.9927974939346313	0.6037164926528931	0.0003439269930822775	-2.0	6.358494997024536	6.163135051727295	5.059650182723999	0.4998819977045059	0.0009166649833787233	-2.0	2.878000020980835	2500.0	-2.0	-2.0	0.4448060095310211	-2.0	-2.0	-2.0	-2.0	-2.0	8.915355205535889	4100.0	-2.0	-2.0	5900.5	-2.0	-2.0	8.0	0.3779609948396683	-2.0	0.47506949305534363	-2.0	-2.0	25637.0	-2.0	1.7341349720954895	-2.0	-2.0	-2.0	0.06670695170760155	4.21576988697052	5.5	30.0	-2.0	0.10437694936990738	-2.0	-2.0	2.383170008659363	-2.0	16.69159984588623	45.0	-2.0	-2.0	-2.0	1.4570900201797485	-2.0	-2.0	1.2870000004768372	-2.0	-2.0	0.39830349385738373	4.5	0.999889999628067	0.2925094962120056	8.642079830169678	-2.0	-2.0	9585.5	708.0	2.5	1.9646545350551605	-2.0	-2.0	3.627179980278015	209.0	-2.0	-2.0	-2.0	8.213384628295898	-2.0	-2.0	1.1317149996757507	0.00017082324484363198	-2.0	-2.0	-2.0	-2.0	0.3374834954738617	0.13456399738788605	-2.0	-2.0	0.027404299937188625	0.4630190134048462	-2.0	-2.0	0.7855849862098694	-2.0	-2.0	23559.0	664.0	0.03613525070250034	438.0	0.6105169951915741	0.21794599294662476	-2.0	-2.0	0.42242349684238434	-2.0	-2.0	-2.0	0.07156625017523766	3.031409978866577	-2.0	21.0	-2.0	-2.0	-2.0	3532.0	82.5	-2.0	0.6747535169124603	0.6697930097579956	0.025430050678551197	-2.0	0.025497700087726116	-2.0	-2.0	-2.0	-2.0	-2.0	11.465650081634521	0.007184325018897653	4.5	0.3279210031032562	7977.0	-2.0	-2.0	-2.0	-2.0	0.013041550293564796	13826.0	-2.0	-2.0	0.020925000309944153	13.0	-2.0	-2.0	-2.0	367.5	0.8945419788360596	-2.0	-2.0	0.0008650245144963264	-2.0	275730.0	-2.0	-2.0	4.411789894104004	0.9565154910087585	24980.0	2423430.0	0.6109384894371033	0.6314449906349182	177.5	2.922605037689209	-2.0	-2.0	0.4811300039291382	0.47044700384140015	0.0034212350146844983	-2.0	2409.5	-2.0	-2.0	-2.0	64.5	26.294150352478027	63.5	6609.5	5890.0	-2.0	-2.0	-2.0	7.770169973373413	-2.0	-2.0	-2.0	2995.5	12476650.0	-2.0	13790450.0	-2.0	-2.0	11463.0	-2.0	243486.0	-2.0	44.2571496963501	-2.0	-2.0	318202.5	6190.0	84.0	1.6554999947547913	395157.0	-2.0	-2.0	-2.0	-2.0	11627.5	-2.0	1.2467600107192993	-2.0	-2.0	16.0	-2.0	-2.0	0.42615149915218353	-2.0	-2.0	4.506524874159368e-06	0.6951124966144562	-2.0	0.5	-2.0	-2.0	-2.0	229375.5	-2.0	-2.0	-2.0	360771.5	9.279025077819824	-2.0	-2.0	-2.0
# Feature
11	4	10	-2	13	-2	-2	-2	5	8	8	2	-2	2	4	-2	0	13	-2	3	-2	-2	10	-2	1	-2	0	5	-2	7	-2	-2	1	12	-2	-2	-2	10	7	4	-2	12	3	12	13	4	-2	12	0	-2	-2	7	-2	-2	-2	-2	-2	12	0	-2	-2	1	-2	-2	9	13	-2	13	-2	-2	2	-2	12	-2	-2	-2	4	7	5	8	-2	10	-2	-2	7	-2	3	8	-2	-2	-2	12	-2	-2	12	-2	-2	13	6	11	13	3	-2	-2	2	0	9	12	-2	-2	3	8	-2	-2	-2	3	-2	-2	12	4	-2	-2	-2	-2	13	10	-2	-2	4	11	-2	-2	7	-2	-2	2	1	10	8	11	11	-2	-2	13	-2	-2	-2	4	7	-2	5	-2	-2	-2	8	8	-2	7	7	10	-2	10	-2	-2	-2	-2	-2	3	10	5	7	0	-2	-2	-2	-2	10	1	-2	-2	10	5	-2	-2	-2	8	11	-2	-2	4	-2	2	-2	-2	12	13	5	8	10	11	8	3	-2	-2	12	12	4	-2	1	-2	-2	-2	5	7	5	2	2	-2	-2	-2	3	-2	-2	-2	5	2	-2	2	-2	-2	0	-2	8	-2	7	-2	-2	1	8	8	12	2	-2	-2	-2	-2	8	-2	12	-2	-2	9	-2	-2	13	-2	-2	10	12	-2	6	-2	-2	-2	0	-2	-2	-2	1	12	-2	-2	-2
# Values
83.0	1252.0	61.0	265.0	16.0	4.0
65.0	3.0	0.0	0.0	0.0	0.0
65.0	1.0	0.0	0.0	0.0	0.0
62.0	0.0	0.0	0.0	0.0	0.0
3.0	1.0	0.0	0.0	0.0	0.0
3.0	0.0	0.0	0.0	0.0	0.0
0.0	1.0	0.0	0.0	0.0	0.0
0.0	2.0	0.0	0.0	0.0	0.0
18.0	1249.0	61.0	265.0	16.0	4.0
0.0	344.0	57.0	208.0	12.0	4.0
0.0	56.0	56.0	58.0	6.0	0.0
0.0	36.0	26.0	56.0	6.0	0.0
0.0	11.0	0.0	0.0	0.0	0.0
0.0	25.0	26.0	56.0	6.0	0.0
0.0	5.0	2.0	39.0	5.0	0.0
0.0	0.0	0.0	0.0	2.0	0.0
0.0	5.0	2.0	39.0	3.0	0.0
0.0	3.0	0.0	3.0	0.0	0.0
0.0	2.0	0.0	0.0	0.0	0.0
0.0	1.0	0.0	3.0	0.0	0.0
0.0	0.0	0.0	3.0	0.0	0.0
0.0	1.0	0.0	0.0	0.0	0.0
0.0	2.0	2.0	36.0	3.0	0.0
0.0	0.0	1.0	0.0	0.0	0.0
0.0	2.0	1.0	36.0	3.0	0.0
0.0	0.0	0.0	24.0	0.0	0.0
0.0	2.0	1.0	12.0	3.0	0.0
0.0	2.0	0.0	4.0	3.0	0.0
0.0	0.0	0.0	0.0	3.0	0.0
0.0	2.0	0.0	4.0	0.0	0.0
0.0	2.0	0.0	1.0	0.0	0.0
0.0	0.0	0.0	3.0	0.0	0.0
0.0	0.0	1.0	8.0	0.0	0.0
0.0	0.0	1.0	2.0	0.0	0.0
0.0	0.0	1.0	1.0	0.0	0.0
0.0	0.0	0.0	1.0	0.0	0.0
0.0	0.0	0.0	6.0	0.0	0.0
0.0	20.0	24.0	17.0	1.0	0.0
0.0	13.0	24.0	17.0	1.0	0.0
0.0	3.0	23.0	9.0	1.0	0.0
0.0	0.0	11.0	0.0	0.0	0.0
0.0	3.0	12.0	9.0	1.0	0.0
0.0	1.0	5.0	7.0	1.0	0.0
0.0	0.0	5.0	7.0	1.0	0.0
0.0	0.0	5.0	5.0	1.0	0.0
0.0	0.0	5.0	4.0	1.0	0.0
0.0	0.0	2.0	0.0	0.0	0.0
0.0	0.0	3.0	4.0	1.0	0.0
0.0	0.0	0.0	2.0	1.0	0.0
0.0	0.0	0.0	1.0	1.0	0.0
0.0	0.0	0.0	1.0	0.0	0.0
0.0	0.0	3.0	2.0	0.0	0.0
0.0	0.0	2.0	2.0	0.0	0.0
0.0	0.0	1.0	0.0	0.0	0.0
0.0	0.0	0.0	1.0	0.0	0.0
0.0	0.0	0.0	2.0	0.0	0.0
0.0	1.0	0.0	0.0	0.0	0.0
0.0	2.0	7.0	2.0	0.0	0.0
0.0	2.0	1.0	0.0	0.0	0.0
0.0	0.0	1.0	0.0	0.0	0.0
0.0	2.0	0.0	0.0	0.0	0.0
0.0	0.0	6.0	2.0	0.0	0.0
0.0	0.0	2.0	0.0	0.0	0.0
0.0	0.0	4.0	2.0	0.0	0.0
0.0	10.0	1.0	8.0	0.0	0.0
0.0	3.0	0.0	8.0	0.0	0.0
0.0	0.0	0.0	5.0	0.0	0.0
0.0	3.0	0.0	3.0	0.0	0.0
0.0	3.0	0.0	0.0	0.0	0.0
0.0	0.0	0.0	3.0	0.0	0.0
0.0	7.0	1.0	0.0	0.0	0.0
0.0	6.0	0.0	0.0	0.0	0.0
0.0	1.0	1.0	0.0	0.0	0.0
0.0	0.0	1.0	0.0	0.0	0.0
0.0	1.0	0.0	0.0	0.0	0.0
0.0	7.0	0.0	0.0	0.0	0.0
0.0	20.0	30.0	2.0	0.0	0.0
0.0	9.0	29.0	2.0	0.0	0.0
0.0	3.0	26.0	2.0	0.0	0.0
0.0	2.0	1.0	1.0	0.0	0.0
0.0	2.0	0.0	0.0	0.0	0.0
0.0	0.0	1.0	1.0	0.0	0.0
0.0	0.0	1.0	0.0	0.0	0.0
0.0	0.0	0.0	1.0	0.0	0.0
0.0	1.0	25.0	1.0	0.0	0.0
0.0	0.0	19.0	0.0	0.0	0.0
0.0	1.0	6.0	1.0	0.0	0.0
0.0	1.0	6.0	0.0	0.0	0.0
0.0	0.0	6.0	0.0	0.0	0.0
0.0	1.0	0.0	0.0	0.0	0.0
0.0	0.0	0.0	1.0	0.0	0.0
0.0	6.0	3.0	0.0	0.0	0.0
0.0	6.0	0.0	0.0	0.0	0.0
0.0	0.0	3.0	0.0	0.0	0.0
0.0	11.0	1.0	0.0	0.0	0.0
0.0	0.0	1.0	0.0	0.0	0.0
0.0	11.0	0.0	0.0	0.0	0.0
0.0	288.0	1.0	150.0	6.0	4.0
0.0	164.0	0.0	35.0	5.0	0.0
0.0	147.0	0.0	17.0	4.0	0.0
0.0	147.0	0.0	17.0	0.0	0.0
0.0	5.0	0.0	4.0	0.0	0.0
0.0	5.0	0.0	0.0	0.0	0.0
0.0	0.0	0.0	4.0	0.0	0.0
0.0	142.0	0.0	13.0	0.0	0.0
0.0	68.0	0.0	12.0	0.0	0.0
0.0	65.0	0.0	6.0	0.0	0.0
0.0	1.0	0.0	1.0	0.0	0.0
0.0	1.0	0.0	0.0	0.0	0.0
0.0	0.0	0.0	1.0	0.0	0.0
0.0	64.0	0.0	5.0	0.0	0.0
0.0	42.0	0.0	5.0	0.0	0.0
0.0	1.0	0.0	0.0	0.0	0.0
0.0	41.0	0.0	5.0	0.0	0.0
0.0	22.0	0.0	0.0	0.0	0.0
0.0	3.0	0.0	6.0	0.0	0.0
0.0	0.0	0.0	6.0	0.0	0.0
0.0	3.0	0.0	0.0	0.0	0.0
0.0	74.0	0.0	1.0	0.0	0.0
0.0	4.0	0.0	1.0	0.0	0.0
0.0	0.0	0.0	1.0	0.0	0.0
0.0	4.0	0.0	0.0	0.0	0.0
0.0	70.0	0.0	0.0	0.0	0.0
0.0	0.0	0.0	0.0	4.0	0.0
0.0	17.0	0.0	18.0	1.0	0.0
0.0	1.0	0.0	12.0	0.0	0.0
0.0	0.0	0.0	12.0	0.0	0.0
0.0	1.0	0.0	0.0	0.0	0.0
0.0	16.0	0.0	6.0	1.0	0.0
0.0	16.0	0.0	2.0	0.0	0.0
0.0	0.0	0.0	2.0	0.0	0.0
0.0	16.0	0.0	0.0	0.0	0.0
0.0	0.0	0.0	4.0	1.0	0.0
0.0	0.0	0.0	0.0	1.0	0.0
0.0	0.0	0.0	4.0	0.0	0.0
0.0	124.0	1.0	115.0	1.0	4.0
0.0	34.0	1.0	74.0	0.0	0.0
0.0	26.0	1.0	12.0	0.0	0.0
0.0	8.0	0.0	11.0	0.0	0.0
0.0	4.0	0.0	11.0	0.0	0.0
0.0	1.0	0.0	9.0	0.0	0.0
0.0	1.0	0.0	0.0	0.0	0.0
0.0	0.0	0.0	9.0	0.0	0.0
0.0	3.0	0.0	2.0	0.0	0.0
0.0	2.0	0.0	0.0	0.0	0.0
0.0	1.0	0.0	2.0	0.0	0.0
0.0	4.0	0.0	0.0	0.0	0.0
0.0	18.0	1.0	1.0	0.0	0.0
0.0	18.0	0.0	1.0	0.0	0.0
0.0	15.0	0.0	0.0	0.0	0.0
0.0	3.0	0.0	1.0	0.0	0.0
0.0	0.0	0.0	1.0	0.0	0.0
0.0	3.0	0.0	0.0	0.0	0.0
0.0	0.0	1.0	0.0	0.0	0.0
0.0	8.0	0.0	62.0	0.0	0.0
0.0	6.0	0.0	62.0	0.0	0.0
0.0	1.0	0.0	0.0	0.0	0.0
0.0	5.0	0.0	62.0	0.0	0.0
0.0	5.0	0.0	20.0	0.0	0.0
0.0	2.0	0.0	20.0	0.0	0.0
0.0	0.0	0.0	16.0	0.0	0.0
0.0	2.0	0.0	4.0	0.0	0.0
0.0	2.0	0.0	1.0	0.0	0.0
0.0	0.0	0.0	3.0	0.0	0.0
0.0	3.0	0.0	0.0	0.0	0.0
0.0	0.0	0.0	42.0	0.0	0.0
0.0	2.0	0.0	0.0	0.0	0.0
0.0	90.0	0.0	41.0	1.0	4.0
0.0	86.0	0.0	13.0	1.0	0.0
0.0	71.0	0.0	3.0	1.0	0.0
0.0	15.0	0.0	3.0	1.0	0.0
0.0	15.0	0.0	0.0	1.0	0.0
0.0	0.0	0.0	0.0	1.0	0.0
0.0	15.0	0.0	0.0	0.0	0.0
0.0	0.0	0.0	3.0	0.0	0.0
0.0	56.0	0.0	0.0	0.0	0.0
0.0	15.0	0.0	10.0	0.0	0.0
0.0	2.0	0.0	9.0	0.0	0.0
0.0	2.0	0.0	3.0	0.0	0.0
0.0	0.0	0.0	6.0	0.0	0.0
0.0	13.0	0.0	1.0	0.0	0.0
0.0	2.0	0.0	1.0	0.0	0.0
0.0	0.0	0.0	1.0	0.0	0.0
0.0	2.0	0.0	0.0	0.0	0.0
0.0	11.0	0.0	0.0	0.0	0.0
0.0	4.0	0.0	28.0	0.0	4.0
0.0	2.0	0.0	0.0	0.0	4.0
0.0	2.0	0.0	0.0	0.0	0.0
0.0	0.0	0.0	0.0	0.0	4.0
0.0	2.0	0.0	28.0	0.0	0.0
0.0	0.0	0.0	27.0	0.0	0.0
0.0	2.0	0.0	1.0	0.0	0.0
0.0	0.0	0.0	1.0	0.0	0.0
0.0	2.0	0.0	0.0	0.0	0.0
18.0	905.0	4.0	57.0	4.0	0.0
18.0	900.0	4.0	26.0	4.0	0.0
18.0	900.0	4.0	20.0	4.0	0.0
12.0	897.0	4.0	20.0	4.0	0.0
9.0	895.0	4.0	20.0	0.0	0.0
9.0	892.0	0.0	20.0	0.0	0.0
9.0	817.0	0.0	11.0	0.0	0.0
0.0	13.0	0.0	3.0	0.0	0.0
0.0	0.0	0.0	3.0	0.0	0.0
0.0	13.0	0.0	0.0	0.0	0.0
9.0	804.0	0.0	8.0	0.0	0.0
7.0	88.0	0.0	0.0	0.0	0.0
5.0	88.0	0.0	0.0	0.0	0.0
0.0	50.0	0.0	0.0	0.0	0.0
5.0	38.0	0.0	0.0	0.0	0.0
5.0	36.0	0.0	0.0	0.0	0.0
0.0	2.0	0.0	0.0	0.0	0.0
2.0	0.0	0.0	0.0	0.0	0.0
2.0	716.0	0.0	8.0	0.0	0.0
0.0	214.0	0.0	7.0	0.0	0.0
0.0	214.0	0.0	4.0	0.0	0.0
0.0	208.0	0.0	2.0	0.0	0.0
0.0	59.0	0.0	2.0	0.0	0.0
0.0	26.0	0.0	0.0	0.0	0.0
0.0	33.0	0.0	2.0	0.0	0.0
0.0	149.0	0.0	0.0	0.0	0.0
0.0	6.0	0.0	2.0	0.0	0.0
0.0	6.0	0.0	0.0	0.0	0.0
0.0	0.0	0.0	2.0	0.0	0.0
0.0	0.0	0.0	3.0	0.0	0.0
2.0	502.0	0.0	1.0	0.0	0.0
0.0	449.0	0.0	1.0	0.0	0.0
0.0	426.0	0.0	0.0	0.0	0.0
0.0	23.0	0.0	1.0	0.0	0.0
0.0	0.0	0.0	1.0	0.0	0.0
0.0	23.0	0.0	0.0	0.0	0.0
2.0	53.0	0.0	0.0	0.0	0.0
1.0	0.0	0.0	0.0	0.0	0.0
1.0	53.0	0.0	0.0	0.0	0.0
0.0	45.0	0.0	0.0	0.0	0.0
1.0	8.0	0.0	0.0	0.0	0.0
1.0	6.0	0.0	0.0	0.0	0.0
0.0	2.0	0.0	0.0	0.0	0.0
0.0	75.0	0.0	9.0	0.0	0.0
0.0	74.0	0.0	5.0	0.0	0.0
0.0	64.0	0.0	1.0	0.0	0.0
0.0	9.0	0.0	1.0	0.0	0.0
0.0	5.0	0.0	1.0	0.0	0.0
0.0	4.0	0.0	1.0	0.0	0.0
0.0	1.0	0.0	0.0	0.0	0.0
0.0	4.0	0.0	0.0	0.0	0.0
0.0	55.0	0.0	0.0	0.0	0.0
0.0	10.0	0.0	4.0	0.0	0.0
0.0	0.0	0.0	3.0	0.0	0.0
0.0	10.0	0.0	1.0	0.0	0.0
0.0	0.0	0.0	1.0	0.0	0.0
0.0	10.0	0.0	0.0	0.0	0.0
0.0	1.0	0.0	4.0	0.0	0.0
0.0	1.0	0.0	0.0	0.0	0.0
0.0	0.0	0.0	4.0	0.0	0.0
0.0	3.0	4.0	0.0	0.0	0.0
0.0	0.0	4.0	0.0	0.0	0.0
0.0	3.0	0.0	0.0	0.0	0.0
3.0	2.0	0.0	0.0	4.0	0.0
3.0	2.0	0.0	0.0	0.0	0.0
2.0	0.0	0.0	0.0	0.0	0.0
1.0	2.0	0.0	0.0	0.0	0.0
0.0	2.0	0.0	0.0	0.0	0.0
1.0	0.0	0.0	0.0	0.0	0.0
0.0	0.0	0.0	0.0	4.0	0.0
6.0	3.0	0.0	0.0	0.0	0.0
6.0	0.0	0.0	0.0	0.0	0.0
0.0	3.0	0.0	0.0	0.0	0.0
0.0	0.0	0.0	6.0	0.0	0.0
0.0	5.0	0.0	31.0	0.0	0.0
0.0	5.0	0.0	1.0	0.0	0.0
0.0	5.0	0.0	0.0	0.0	0.0
0.0	0.0	0.0	1.0	0.0	0.0
0.0	0.0	0.0	30.0	0.0	0.0
