# Sizes (NFeatures, Nclasses, NodeCount, MaxDepth)
10	6	77	6
# Classes
0.0	1.0	2.0	3.0	4.0	5.0
# Feature Names
Nrows	Ncols	Nnnz	AvgNnnz	Density	MaxRowNnnz	MinRowNnnz	StdRowNnnz	NDiags	NTrueDiags
# Left
1	2	3	4	5	6	-1	-1	-1	10	11	-1	-1	14	-1	-1	17	-1	19	-1	21	-1	-1	-1	25	26	27	28	29	-1	-1	32	-1	-1	35	36	-1	-1	39	-1	-1	42	43	-1	45	-1	-1	48	-1	-1	51	52	53	54	-1	-1	57	-1	-1	60	-1	62	-1	-1	65	66	67	-1	-1	70	-1	-1	73	74	-1	-1	-1
# Right
24	23	16	9	8	7	-1	-1	-1	13	12	-1	-1	15	-1	-1	18	-1	20	-1	22	-1	-1	-1	50	41	34	31	30	-1	-1	33	-1	-1	38	37	-1	-1	40	-1	-1	47	44	-1	46	-1	-1	49	-1	-1	64	59	56	55	-1	-1	58	-1	-1	61	-1	63	-1	-1	72	69	68	-1	-1	71	-1	-1	76	75	-1	-1	-1
# Threshold
1575.5	15350600.0	24589.0	4.5	4.5	1017.5	-2.0	-2.0	-2.0	474.0	2192.5	-2.0	-2.0	68.5	-2.0	-2.0	26758.5	-2.0	2.8407599529600702e-05	-2.0	36458.5	-2.0	-2.0	-2.0	86560.0	668.5	4024.0	16.0	8512.0	-2.0	-2.0	59.696800231933594	-2.0	-2.0	46914.5	32343.0	-2.0	-2.0	49418.5	-2.0	-2.0	0.0003129279939457774	0.00016479050100315362	-2.0	15731.0	-2.0	-2.0	97165.5	-2.0	-2.0	2.5	41.366600036621094	263662.5	4.5	-2.0	-2.0	926568.0	-2.0	-2.0	1897010.0	-2.0	11.346399784088135	-2.0	-2.0	94.5	6.482635021209717	1.5711899777670624e-05	-2.0	-2.0	13.622300148010254	-2.0	-2.0	272.4675064086914	138.0	-2.0	-2.0	-2.0
# Feature
8	2	0	5	9	2	-2	-2	-2	8	0	-2	-2	9	-2	-2	0	-2	4	-2	1	-2	-2	-2	0	5	8	9	1	-2	-2	3	-2	-2	0	1	-2	-2	1	-2	-2	4	4	-2	5	-2	-2	8	-2	-2	6	7	0	9	-2	-2	0	-2	-2	2	-2	3	-2	-2	5	3	4	-2	-2	7	-2	-2	7	5	-2	-2	-2
# Values
32.0	902.0	227.0	468.0	9.0	39.0
1.0	284.0	227.0	213.0	7.0	6.0
1.0	284.0	226.0	213.0	7.0	0.0
1.0	263.0	219.0	182.0	7.0	0.0
1.0	27.0	10.0	12.0	7.0	0.0
1.0	26.0	10.0	8.0	7.0	0.0
1.0	10.0	5.0	1.0	0.0	0.0
0.0	16.0	5.0	7.0	7.0	0.0
0.0	1.0	0.0	4.0	0.0	0.0
0.0	236.0	209.0	170.0	0.0	0.0
0.0	168.0	141.0	145.0	0.0	0.0
0.0	136.0	92.0	116.0	0.0	0.0
0.0	32.0	49.0	29.0	0.0	0.0
0.0	68.0	68.0	25.0	0.0	0.0
0.0	68.0	61.0	21.0	0.0	0.0
0.0	0.0	7.0	4.0	0.0	0.0
0.0	21.0	7.0	31.0	0.0	0.0
0.0	0.0	0.0	7.0	0.0	0.0
0.0	21.0	7.0	24.0	0.0	0.0
0.0	3.0	3.0	0.0	0.0	0.0
0.0	18.0	4.0	24.0	0.0	0.0
0.0	4.0	3.0	1.0	0.0	0.0
0.0	14.0	1.0	23.0	0.0	0.0
0.0	0.0	1.0	0.0	0.0	6.0
31.0	618.0	0.0	255.0	2.0	33.0
3.0	432.0	0.0	202.0	0.0	3.0
0.0	219.0	0.0	202.0	0.0	0.0
0.0	98.0	0.0	60.0	0.0	0.0
0.0	95.0	0.0	51.0	0.0	0.0
0.0	86.0	0.0	34.0	0.0	0.0
0.0	9.0	0.0	17.0	0.0	0.0
0.0	3.0	0.0	9.0	0.0	0.0
0.0	0.0	0.0	8.0	0.0	0.0
0.0	3.0	0.0	1.0	0.0	0.0
0.0	121.0	0.0	142.0	0.0	0.0
0.0	105.0	0.0	106.0	0.0	0.0
0.0	82.0	0.0	95.0	0.0	0.0
0.0	23.0	0.0	11.0	0.0	0.0
0.0	16.0	0.0	36.0	0.0	0.0
0.0	0.0	0.0	4.0	0.0	0.0
0.0	16.0	0.0	32.0	0.0	0.0
3.0	213.0	0.0	0.0	0.0	3.0
3.0	36.0	0.0	0.0	0.0	2.0
0.0	22.0	0.0	0.0	0.0	0.0
3.0	14.0	0.0	0.0	0.0	2.0
0.0	13.0	0.0	0.0	0.0	1.0
3.0	1.0	0.0	0.0	0.0	1.0
0.0	177.0	0.0	0.0	0.0	1.0
0.0	174.0	0.0	0.0	0.0	0.0
0.0	3.0	0.0	0.0	0.0	1.0
28.0	186.0	0.0	53.0	2.0	30.0
27.0	102.0	0.0	20.0	0.0	29.0
0.0	93.0	0.0	20.0	0.0	13.0
0.0	31.0	0.0	19.0	0.0	0.0
0.0	29.0	0.0	13.0	0.0	0.0
0.0	2.0	0.0	6.0	0.0	0.0
0.0	62.0	0.0	1.0	0.0	13.0
0.0	28.0	0.0	0.0	0.0	0.0
0.0	34.0	0.0	1.0	0.0	13.0
27.0	9.0	0.0	0.0	0.0	16.0
19.0	0.0	0.0	0.0	0.0	0.0
8.0	9.0	0.0	0.0	0.0	16.0
8.0	1.0	0.0	0.0	0.0	7.0
0.0	8.0	0.0	0.0	0.0	9.0
1.0	84.0	0.0	33.0	2.0	1.0
0.0	34.0	0.0	32.0	2.0	0.0
0.0	12.0	0.0	0.0	2.0	0.0
0.0	10.0	0.0	0.0	0.0	0.0
0.0	2.0	0.0	0.0	2.0	0.0
0.0	22.0	0.0	32.0	0.0	0.0
0.0	18.0	0.0	32.0	0.0	0.0
0.0	4.0	0.0	0.0	0.0	0.0
1.0	50.0	0.0	1.0	0.0	1.0
0.0	48.0	0.0	1.0	0.0	0.0
0.0	10.0	0.0	1.0	0.0	0.0
0.0	38.0	0.0	0.0	0.0	0.0
1.0	2.0	0.0	0.0	0.0	1.0
