# Sizes (NFeatures, Nclasses, NodeCount, MaxDepth)
10	6	79	6
# Classes
0.0	1.0	2.0	3.0	4.0	5.0
# Feature Names
Nrows	Ncols	Nnnz	AvgNnnz	Density	MaxRowNnnz	MinRowNnnz	StdRowNnnz	NDiags	NTrueDiags
# Left
1	2	3	4	5	6	-1	-1	-1	10	11	-1	-1	14	-1	-1	17	18	19	-1	-1	-1	23	-1	-1	26	27	28	29	-1	-1	32	-1	-1	35	36	-1	-1	-1	40	41	42	-1	-1	-1	46	47	-1	-1	50	-1	-1	53	54	55	-1	57	-1	-1	60	61	-1	-1	64	65	-1	-1	-1	69	70	-1	-1	73	-1	75	76	-1	-1	-1
# Right
52	25	16	9	8	7	-1	-1	-1	13	12	-1	-1	15	-1	-1	22	21	20	-1	-1	-1	24	-1	-1	39	34	31	30	-1	-1	33	-1	-1	38	37	-1	-1	-1	45	44	43	-1	-1	-1	49	48	-1	-1	51	-1	-1	68	59	56	-1	58	-1	-1	63	62	-1	-1	67	66	-1	-1	-1	72	71	-1	-1	74	-1	78	77	-1	-1	-1
# Threshold
673.5	12572.0	1575.5	4.5	4.5	490.5	-2.0	-2.0	-2.0	519.0	2192.5	-2.0	-2.0	2.5633450746536255	-2.0	-2.0	10951.0	345482.0	10380.0	-2.0	-2.0	-2.0	131880.5	-2.0	-2.0	213406.5	1078.0	574765.5	0.0004123235121369362	-2.0	-2.0	14.109350204467773	-2.0	-2.0	5498225.0	140436.0	-2.0	-2.0	-2.0	12064200.0	8697595.0	1.7742500858730637e-05	-2.0	-2.0	-2.0	3.0781750410824316e-06	3560135.0	-2.0	-2.0	76.5	-2.0	-2.0	20173.5	5814.0	445364.0	-2.0	2.5	-2.0	-2.0	1.592149965290446e-05	4.2632648273865925e-06	-2.0	-2.0	8.729925155639648	4.882499933242798	-2.0	-2.0	-2.0	4943840.0	2130370.0	-2.0	-2.0	164749.5	-2.0	334325.5	3096720.0	-2.0	-2.0	-2.0
# Feature
5	0	8	5	9	0	-2	-2	-2	8	0	-2	-2	3	-2	-2	1	2	0	-2	-2	-2	2	-2	-2	1	8	2	4	-2	-2	7	-2	-2	2	0	-2	-2	-2	2	2	4	-2	-2	-2	4	8	-2	-2	5	-2	-2	5	5	1	-2	9	-2	-2	4	4	-2	-2	3	3	-2	-2	-2	2	2	-2	-2	8	-2	5	8	-2	-2	-2
# Values
32.0	902.0	227.0	468.0	9.0	39.0
1.0	637.0	227.0	468.0	9.0	13.0
1.0	381.0	210.0	259.0	7.0	0.0
1.0	251.0	210.0	173.0	7.0	0.0
1.0	24.0	9.0	11.0	7.0	0.0
1.0	24.0	9.0	7.0	7.0	0.0
1.0	10.0	4.0	1.0	0.0	0.0
0.0	14.0	5.0	6.0	7.0	0.0
0.0	0.0	0.0	4.0	0.0	0.0
0.0	227.0	201.0	162.0	0.0	0.0
0.0	173.0	142.0	145.0	0.0	0.0
0.0	141.0	95.0	119.0	0.0	0.0
0.0	32.0	47.0	26.0	0.0	0.0
0.0	54.0	59.0	17.0	0.0	0.0
0.0	4.0	0.0	0.0	0.0	0.0
0.0	50.0	59.0	17.0	0.0	0.0
0.0	130.0	0.0	86.0	0.0	0.0
0.0	128.0	0.0	76.0	0.0	0.0
0.0	127.0	0.0	71.0	0.0	0.0
0.0	119.0	0.0	71.0	0.0	0.0
0.0	8.0	0.0	0.0	0.0	0.0
0.0	1.0	0.0	5.0	0.0	0.0
0.0	2.0	0.0	10.0	0.0	0.0
0.0	0.0	0.0	7.0	0.0	0.0
0.0	2.0	0.0	3.0	0.0	0.0
0.0	256.0	17.0	209.0	2.0	13.0
0.0	160.0	14.0	182.0	2.0	0.0
0.0	18.0	14.0	35.0	0.0	0.0
0.0	15.0	13.0	15.0	0.0	0.0
0.0	15.0	7.0	13.0	0.0	0.0
0.0	0.0	6.0	2.0	0.0	0.0
0.0	3.0	1.0	20.0	0.0	0.0
0.0	3.0	0.0	12.0	0.0	0.0
0.0	0.0	1.0	8.0	0.0	0.0
0.0	142.0	0.0	147.0	2.0	0.0
0.0	121.0	0.0	147.0	2.0	0.0
0.0	111.0	0.0	132.0	0.0	0.0
0.0	10.0	0.0	15.0	2.0	0.0
0.0	21.0	0.0	0.0	0.0	0.0
0.0	96.0	3.0	27.0	0.0	13.0
0.0	52.0	2.0	3.0	0.0	0.0
0.0	49.0	0.0	3.0	0.0	0.0
0.0	31.0	0.0	0.0	0.0	0.0
0.0	18.0	0.0	3.0	0.0	0.0
0.0	3.0	2.0	0.0	0.0	0.0
0.0	44.0	1.0	24.0	0.0	13.0
0.0	22.0	0.0	1.0	0.0	5.0
0.0	7.0	0.0	1.0	0.0	5.0
0.0	15.0	0.0	0.0	0.0	0.0
0.0	22.0	1.0	23.0	0.0	8.0
0.0	3.0	1.0	20.0	0.0	8.0
0.0	19.0	0.0	3.0	0.0	0.0
31.0	265.0	0.0	0.0	0.0	26.0
1.0	260.0	0.0	0.0	0.0	10.0
0.0	208.0	0.0	0.0	0.0	2.0
0.0	200.0	0.0	0.0	0.0	0.0
0.0	8.0	0.0	0.0	0.0	2.0
0.0	2.0	0.0	0.0	0.0	2.0
0.0	6.0	0.0	0.0	0.0	0.0
1.0	52.0	0.0	0.0	0.0	8.0
0.0	2.0	0.0	0.0	0.0	6.0
0.0	1.0	0.0	0.0	0.0	3.0
0.0	1.0	0.0	0.0	0.0	3.0
1.0	50.0	0.0	0.0	0.0	2.0
1.0	9.0	0.0	0.0	0.0	2.0
1.0	5.0	0.0	0.0	0.0	0.0
0.0	4.0	0.0	0.0	0.0	2.0
0.0	41.0	0.0	0.0	0.0	0.0
30.0	5.0	0.0	0.0	0.0	16.0
27.0	0.0	0.0	0.0	0.0	2.0
22.0	0.0	0.0	0.0	0.0	0.0
5.0	0.0	0.0	0.0	0.0	2.0
3.0	5.0	0.0	0.0	0.0	14.0
0.0	4.0	0.0	0.0	0.0	1.0
3.0	1.0	0.0	0.0	0.0	13.0
0.0	1.0	0.0	0.0	0.0	10.0
0.0	0.0	0.0	0.0	0.0	7.0
0.0	1.0	0.0	0.0	0.0	3.0
3.0	0.0	0.0	0.0	0.0	3.0
