# Sizes (NFeatures, Nclasses, NodeCount, MaxDepth)
10	6	73	6
# Classes
0.0	1.0	2.0	3.0	4.0	5.0
# Feature Names
Nrows	Ncols	Nnnz	AvgNnnz	Density	MaxRowNnnz	MinRowNnnz	StdRowNnnz	NDiags	NTrueDiags
# Left
1	2	3	4	5	6	-1	-1	-1	10	11	-1	-1	14	-1	-1	-1	18	19	20	-1	-1	23	24	-1	-1	27	-1	-1	30	31	-1	33	-1	-1	36	37	-1	-1	40	-1	-1	43	44	-1	46	47	-1	-1	50	-1	-1	53	54	55	56	-1	-1	59	-1	-1	-1	63	64	65	-1	-1	-1	69	70	-1	-1	-1
# Right
42	17	16	9	8	7	-1	-1	-1	13	12	-1	-1	15	-1	-1	-1	29	22	21	-1	-1	26	25	-1	-1	28	-1	-1	35	32	-1	34	-1	-1	39	38	-1	-1	41	-1	-1	52	45	-1	49	48	-1	-1	51	-1	-1	62	61	58	57	-1	-1	60	-1	-1	-1	68	67	66	-1	-1	-1	72	71	-1	-1	-1
# Threshold
673.5	1575.5	15350600.0	4.5	4.5	0.019940449856221676	-2.0	-2.0	-2.0	24589.0	550.5	-2.0	-2.0	26758.5	-2.0	-2.0	-2.0	1.7742500858730637e-05	0.5	9648720.0	-2.0	-2.0	27.5	6.5	-2.0	-2.0	71.5	-2.0	-2.0	179.0	0.1350095048546791	-2.0	6423.0	-2.0	-2.0	55681.0	4044.0	-2.0	-2.0	590246.0	-2.0	-2.0	85665.0	9997.0	-2.0	0.0003641554940259084	30003.5	-2.0	-2.0	1011.79296875	-2.0	-2.0	19935.5	1.5	362560.5	193164.5	-2.0	-2.0	23570750.0	-2.0	-2.0	-2.0	4943840.0	2.0	4.2621850298019126e-05	-2.0	-2.0	-2.0	334325.5	2245765.0	-2.0	-2.0	-2.0
# Feature
5	8	2	5	9	4	-2	-2	-2	0	1	-2	-2	1	-2	-2	-2	4	9	2	-2	-2	5	9	-2	-2	5	-2	-2	5	7	-2	1	-2	-2	1	1	-2	-2	2	-2	-2	1	5	-2	4	1	-2	-2	7	-2	-2	5	9	0	0	-2	-2	2	-2	-2	-2	2	9	4	-2	-2	-2	5	1	-2	-2	-2
# Values
32.0	902.0	227.0	468.0	9.0	39.0
1.0	637.0	227.0	468.0	9.0	13.0
1.0	282.0	227.0	213.0	7.0	6.0
1.0	282.0	226.0	213.0	7.0	0.0
1.0	29.0	10.0	15.0	7.0	0.0
1.0	28.0	10.0	10.0	7.0	0.0
0.0	25.0	7.0	10.0	7.0	0.0
1.0	3.0	3.0	0.0	0.0	0.0
0.0	1.0	0.0	5.0	0.0	0.0
0.0	253.0	216.0	198.0	0.0	0.0
0.0	234.0	209.0	170.0	0.0	0.0
0.0	112.0	68.0	79.0	0.0	0.0
0.0	122.0	141.0	91.0	0.0	0.0
0.0	19.0	7.0	28.0	0.0	0.0
0.0	0.0	0.0	7.0	0.0	0.0
0.0	19.0	7.0	21.0	0.0	0.0
0.0	0.0	1.0	0.0	0.0	6.0
0.0	355.0	0.0	255.0	2.0	7.0
0.0	58.0	0.0	6.0	0.0	7.0
0.0	12.0	0.0	0.0	0.0	6.0
0.0	12.0	0.0	0.0	0.0	0.0
0.0	0.0	0.0	0.0	0.0	6.0
0.0	46.0	0.0	6.0	0.0	1.0
0.0	35.0	0.0	0.0	0.0	1.0
0.0	32.0	0.0	0.0	0.0	0.0
0.0	3.0	0.0	0.0	0.0	1.0
0.0	11.0	0.0	6.0	0.0	0.0
0.0	2.0	0.0	6.0	0.0	0.0
0.0	9.0	0.0	0.0	0.0	0.0
0.0	297.0	0.0	249.0	2.0	0.0
0.0	214.0	0.0	212.0	2.0	0.0
0.0	3.0	0.0	0.0	2.0	0.0
0.0	211.0	0.0	212.0	0.0	0.0
0.0	81.0	0.0	46.0	0.0	0.0
0.0	130.0	0.0	166.0	0.0	0.0
0.0	83.0	0.0	37.0	0.0	0.0
0.0	52.0	0.0	36.0	0.0	0.0
0.0	20.0	0.0	3.0	0.0	0.0
0.0	32.0	0.0	33.0	0.0	0.0
0.0	31.0	0.0	1.0	0.0	0.0
0.0	3.0	0.0	1.0	0.0	0.0
0.0	28.0	0.0	0.0	0.0	0.0
31.0	265.0	0.0	0.0	0.0	26.0
3.0	214.0	0.0	0.0	0.0	3.0
0.0	195.0	0.0	0.0	0.0	0.0
3.0	19.0	0.0	0.0	0.0	3.0
3.0	4.0	0.0	0.0	0.0	2.0
2.0	2.0	0.0	0.0	0.0	0.0
1.0	2.0	0.0	0.0	0.0	2.0
0.0	15.0	0.0	0.0	0.0	1.0
0.0	12.0	0.0	0.0	0.0	0.0
0.0	3.0	0.0	0.0	0.0	1.0
28.0	51.0	0.0	0.0	0.0	23.0
1.0	50.0	0.0	0.0	0.0	8.0
1.0	8.0	0.0	0.0	0.0	8.0
1.0	7.0	0.0	0.0	0.0	0.0
0.0	4.0	0.0	0.0	0.0	0.0
1.0	3.0	0.0	0.0	0.0	0.0
0.0	1.0	0.0	0.0	0.0	8.0
0.0	1.0	0.0	0.0	0.0	3.0
0.0	0.0	0.0	0.0	0.0	5.0
0.0	42.0	0.0	0.0	0.0	0.0
27.0	1.0	0.0	0.0	0.0	15.0
24.0	0.0	0.0	0.0	0.0	2.0
7.0	0.0	0.0	0.0	0.0	2.0
2.0	0.0	0.0	0.0	0.0	2.0
5.0	0.0	0.0	0.0	0.0	0.0
17.0	0.0	0.0	0.0	0.0	0.0
3.0	1.0	0.0	0.0	0.0	13.0
0.0	1.0	0.0	0.0	0.0	10.0
0.0	0.0	0.0	0.0	0.0	7.0
0.0	1.0	0.0	0.0	0.0	3.0
3.0	0.0	0.0	0.0	0.0	3.0
