# Sizes (NFeatures, Nclasses, NodeCount, MaxDepth)
10	6	91	6
# Classes
0.0	1.0	2.0	3.0	4.0	5.0
# Feature Names
Nrows	Ncols	Nnnz	AvgNnnz	Density	MaxRowNnnz	MinRowNnnz	StdRowNnnz	NDiags	NTrueDiags
# Left
1	2	3	4	5	6	-1	-1	9	-1	-1	12	-1	14	-1	-1	17	18	19	-1	-1	22	-1	-1	25	-1	-1	28	29	30	31	-1	-1	34	-1	-1	37	-1	-1	40	41	42	-1	-1	45	-1	-1	48	49	-1	-1	52	-1	-1	55	56	57	-1	59	60	-1	-1	-1	64	65	66	-1	-1	69	-1	-1	72	-1	74	-1	-1	77	78	79	80	-1	-1	83	-1	-1	-1	87	-1	89	-1	-1
# Right
54	27	16	11	8	7	-1	-1	10	-1	-1	13	-1	15	-1	-1	24	21	20	-1	-1	23	-1	-1	26	-1	-1	39	36	33	32	-1	-1	35	-1	-1	38	-1	-1	47	44	43	-1	-1	46	-1	-1	51	50	-1	-1	53	-1	-1	76	63	58	-1	62	61	-1	-1	-1	71	68	67	-1	-1	70	-1	-1	73	-1	75	-1	-1	86	85	82	81	-1	-1	84	-1	-1	-1	88	-1	90	-1	-1
# Threshold
0.00036057700344827026	262127.5	86560.0	15.09464979171753	1.4568849802017212	6144.5	-2.0	-2.0	1.3031749725341797	-2.0	-2.0	203.0	-2.0	57.74610137939453	-2.0	-2.0	57.49930000305176	85.0	245748.5	-2.0	-2.0	753500.0	-2.0	-2.0	1120530.0	-2.0	-2.0	8697595.0	684046.0	0.5	2756470.0	-2.0	-2.0	60.55564880371094	-2.0	-2.0	2474.5	-2.0	-2.0	11.440099716186523	27.5	1849630.0	-2.0	-2.0	16.909700393676758	-2.0	-2.0	4846.5	34.724050521850586	-2.0	-2.0	3.257154958191677e-06	-2.0	-2.0	1575.5	4.5	92.0	-2.0	4.5	3.807829976081848	-2.0	-2.0	-2.0	1423800.0	5979.0	522.0	-2.0	-2.0	547.0	-2.0	-2.0	15353.0	-2.0	0.0005810839938931167	-2.0	-2.0	671.0	5917370.0	6423.0	4271.5	-2.0	-2.0	19.0	-2.0	-2.0	-2.0	47240.5	-2.0	6.5	-2.0	-2.0
# Feature
4	0	1	7	3	1	-2	-2	7	-2	-2	5	-2	7	-2	-2	7	5	8	-2	-2	2	-2	-2	2	-2	-2	2	0	6	2	-2	-2	7	-2	-2	5	-2	-2	7	5	0	-2	-2	3	-2	-2	5	3	-2	-2	4	-2	-2	8	5	1	-2	9	3	-2	-2	-2	2	2	8	-2	-2	5	-2	-2	0	-2	4	-2	-2	5	2	1	8	-2	-2	6	-2	-2	-2	1	-2	9	-2	-2
# Values
32.0	902.0	227.0	468.0	9.0	39.0
31.0	277.0	10.0	126.0	4.0	36.0
18.0	174.0	7.0	102.0	4.0	2.0
3.0	103.0	7.0	70.0	2.0	2.0
0.0	57.0	7.0	66.0	2.0	0.0
0.0	2.0	3.0	4.0	2.0	0.0
0.0	2.0	0.0	1.0	1.0	0.0
0.0	0.0	3.0	3.0	1.0	0.0
0.0	55.0	4.0	62.0	0.0	0.0
0.0	15.0	4.0	17.0	0.0	0.0
0.0	40.0	0.0	45.0	0.0	0.0
3.0	46.0	0.0	4.0	0.0	2.0
0.0	1.0	0.0	4.0	0.0	0.0
3.0	45.0	0.0	0.0	0.0	2.0
0.0	40.0	0.0	0.0	0.0	0.0
3.0	5.0	0.0	0.0	0.0	2.0
15.0	71.0	0.0	32.0	2.0	0.0
0.0	69.0	0.0	32.0	2.0	0.0
0.0	19.0	0.0	30.0	2.0	0.0
0.0	16.0	0.0	29.0	0.0	0.0
0.0	3.0	0.0	1.0	2.0	0.0
0.0	50.0	0.0	2.0	0.0	0.0
0.0	7.0	0.0	2.0	0.0	0.0
0.0	43.0	0.0	0.0	0.0	0.0
15.0	2.0	0.0	0.0	0.0	0.0
13.0	0.0	0.0	0.0	0.0	0.0
2.0	2.0	0.0	0.0	0.0	0.0
13.0	103.0	3.0	24.0	0.0	34.0
11.0	46.0	0.0	1.0	0.0	4.0
11.0	29.0	0.0	1.0	0.0	1.0
0.0	7.0	0.0	0.0	0.0	1.0
0.0	3.0	0.0	0.0	0.0	1.0
0.0	4.0	0.0	0.0	0.0	0.0
11.0	22.0	0.0	1.0	0.0	0.0
0.0	22.0	0.0	1.0	0.0	0.0
11.0	0.0	0.0	0.0	0.0	0.0
0.0	17.0	0.0	0.0	0.0	3.0
0.0	16.0	0.0	0.0	0.0	0.0
0.0	1.0	0.0	0.0	0.0	3.0
2.0	57.0	3.0	23.0	0.0	30.0
0.0	32.0	3.0	23.0	0.0	14.0
0.0	22.0	3.0	0.0	0.0	5.0
0.0	1.0	3.0	0.0	0.0	1.0
0.0	21.0	0.0	0.0	0.0	4.0
0.0	10.0	0.0	23.0	0.0	9.0
0.0	5.0	0.0	0.0	0.0	4.0
0.0	5.0	0.0	23.0	0.0	5.0
2.0	25.0	0.0	0.0	0.0	16.0
0.0	19.0	0.0	0.0	0.0	1.0
0.0	7.0	0.0	0.0	0.0	1.0
0.0	12.0	0.0	0.0	0.0	0.0
2.0	6.0	0.0	0.0	0.0	15.0
2.0	0.0	0.0	0.0	0.0	4.0
0.0	6.0	0.0	0.0	0.0	11.0
1.0	625.0	217.0	342.0	5.0	3.0
1.0	259.0	217.0	190.0	5.0	0.0
1.0	21.0	9.0	10.0	5.0	0.0
1.0	3.0	1.0	0.0	0.0	0.0
0.0	18.0	8.0	10.0	5.0	0.0
0.0	18.0	8.0	6.0	5.0	0.0
0.0	9.0	8.0	4.0	1.0	0.0
0.0	9.0	0.0	2.0	4.0	0.0
0.0	0.0	0.0	4.0	0.0	0.0
0.0	238.0	208.0	180.0	0.0	0.0
0.0	232.0	208.0	169.0	0.0	0.0
0.0	132.0	83.0	92.0	0.0	0.0
0.0	111.0	67.0	90.0	0.0	0.0
0.0	21.0	16.0	2.0	0.0	0.0
0.0	100.0	125.0	77.0	0.0	0.0
0.0	95.0	125.0	75.0	0.0	0.0
0.0	5.0	0.0	2.0	0.0	0.0
0.0	6.0	0.0	11.0	0.0	0.0
0.0	3.0	0.0	1.0	0.0	0.0
0.0	3.0	0.0	10.0	0.0	0.0
0.0	0.0	0.0	5.0	0.0	0.0
0.0	3.0	0.0	5.0	0.0	0.0
0.0	366.0	0.0	152.0	0.0	3.0
0.0	191.0	0.0	152.0	0.0	0.0
0.0	177.0	0.0	152.0	0.0	0.0
0.0	105.0	0.0	54.0	0.0	0.0
0.0	89.0	0.0	37.0	0.0	0.0
0.0	16.0	0.0	17.0	0.0	0.0
0.0	72.0	0.0	98.0	0.0	0.0
0.0	69.0	0.0	82.0	0.0	0.0
0.0	3.0	0.0	16.0	0.0	0.0
0.0	14.0	0.0	0.0	0.0	0.0
0.0	175.0	0.0	0.0	0.0	3.0
0.0	159.0	0.0	0.0	0.0	0.0
0.0	16.0	0.0	0.0	0.0	3.0
0.0	1.0	0.0	0.0	0.0	3.0
0.0	15.0	0.0	0.0	0.0	0.0
