# Sizes (NFeatures, Nclasses, NodeCount, MaxDepth)
10	6	65	6
# Classes
0.0	1.0	2.0	3.0	4.0	5.0
# Feature Names
Nrows	Ncols	Nnnz	AvgNnnz	Density	MaxRowNnnz	MinRowNnnz	StdRowNnnz	NDiags	NTrueDiags
# Left
1	2	3	-1	5	6	7	-1	-1	-1	11	12	-1	-1	15	-1	-1	18	19	20	21	-1	-1	24	-1	-1	-1	28	29	30	-1	-1	33	-1	-1	36	37	-1	-1	40	-1	-1	43	44	-1	46	47	-1	-1	-1	51	52	-1	54	-1	-1	57	58	-1	-1	61	-1	63	-1	-1
# Right
42	17	4	-1	10	9	8	-1	-1	-1	14	13	-1	-1	16	-1	-1	27	26	23	22	-1	-1	25	-1	-1	-1	35	32	31	-1	-1	34	-1	-1	39	38	-1	-1	41	-1	-1	50	45	-1	49	48	-1	-1	-1	56	53	-1	55	-1	-1	60	59	-1	-1	62	-1	64	-1	-1
# Threshold
673.5	12572.0	10.5	-2.0	4.5	4.5	1017.5	-2.0	-2.0	-2.0	0.004340280080214143	1272.0	-2.0	-2.0	1841.5	-2.0	-2.0	213406.5	5498225.0	376.5	721239.0	-2.0	-2.0	470915.5	-2.0	-2.0	-2.0	1.2659000158309937	1.3532649973058142e-05	0.9072659909725189	-2.0	-2.0	12.784749984741211	-2.0	-2.0	11826.0	7428.0	-2.0	-2.0	1501900.0	-2.0	-2.0	85665.0	9997.0	-2.0	7.0	0.0003641554940259084	-2.0	-2.0	-2.0	40.093549728393555	1551475.0	-2.0	1.0	-2.0	-2.0	0.5	272023.5	-2.0	-2.0	13421.5	-2.0	1054950.0	-2.0	-2.0
# Feature
5	1	0	-2	5	9	2	-2	-2	-2	4	8	-2	-2	2	-2	-2	0	2	5	2	-2	-2	2	-2	-2	-2	7	4	7	-2	-2	3	-2	-2	8	8	-2	-2	0	-2	-2	0	5	-2	9	4	-2	-2	-2	7	0	-2	9	-2	-2	9	1	-2	-2	5	-2	8	-2	-2
# Values
32.0	902.0	227.0	468.0	9.0	39.0
1.0	637.0	227.0	468.0	9.0	13.0
1.0	381.0	210.0	259.0	7.0	0.0
1.0	3.0	0.0	0.0	0.0	0.0
0.0	378.0	210.0	259.0	7.0	0.0
0.0	26.0	9.0	11.0	7.0	0.0
0.0	26.0	9.0	7.0	7.0	0.0
0.0	10.0	5.0	1.0	0.0	0.0
0.0	16.0	4.0	6.0	7.0	0.0
0.0	0.0	0.0	4.0	0.0	0.0
0.0	352.0	201.0	248.0	0.0	0.0
0.0	117.0	42.0	94.0	0.0	0.0
0.0	33.0	42.0	25.0	0.0	0.0
0.0	84.0	0.0	69.0	0.0	0.0
0.0	235.0	159.0	154.0	0.0	0.0
0.0	60.0	45.0	58.0	0.0	0.0
0.0	175.0	114.0	96.0	0.0	0.0
0.0	256.0	17.0	209.0	2.0	13.0
0.0	160.0	14.0	182.0	2.0	0.0
0.0	139.0	14.0	182.0	2.0	0.0
0.0	120.0	14.0	180.0	2.0	0.0
0.0	85.0	13.0	88.0	0.0	0.0
0.0	35.0	1.0	92.0	2.0	0.0
0.0	19.0	0.0	2.0	0.0	0.0
0.0	4.0	0.0	2.0	0.0	0.0
0.0	15.0	0.0	0.0	0.0	0.0
0.0	21.0	0.0	0.0	0.0	0.0
0.0	96.0	3.0	27.0	0.0	13.0
0.0	32.0	3.0	2.0	0.0	10.0
0.0	30.0	3.0	0.0	0.0	4.0
0.0	27.0	2.0	0.0	0.0	0.0
0.0	3.0	1.0	0.0	0.0	4.0
0.0	2.0	0.0	2.0	0.0	6.0
0.0	2.0	0.0	2.0	0.0	0.0
0.0	0.0	0.0	0.0	0.0	6.0
0.0	64.0	0.0	25.0	0.0	3.0
0.0	2.0	0.0	11.0	0.0	1.0
0.0	2.0	0.0	2.0	0.0	0.0
0.0	0.0	0.0	9.0	0.0	1.0
0.0	62.0	0.0	14.0	0.0	2.0
0.0	53.0	0.0	4.0	0.0	0.0
0.0	9.0	0.0	10.0	0.0	2.0
31.0	265.0	0.0	0.0	0.0	26.0
3.0	214.0	0.0	0.0	0.0	3.0
0.0	195.0	0.0	0.0	0.0	0.0
3.0	19.0	0.0	0.0	0.0	3.0
3.0	6.0	0.0	0.0	0.0	3.0
3.0	2.0	0.0	0.0	0.0	2.0
0.0	4.0	0.0	0.0	0.0	1.0
0.0	13.0	0.0	0.0	0.0	0.0
28.0	51.0	0.0	0.0	0.0	23.0
0.0	37.0	0.0	0.0	0.0	6.0
0.0	33.0	0.0	0.0	0.0	0.0
0.0	4.0	0.0	0.0	0.0	6.0
0.0	0.0	0.0	0.0	0.0	6.0
0.0	4.0	0.0	0.0	0.0	0.0
28.0	14.0	0.0	0.0	0.0	17.0
0.0	1.0	0.0	0.0	0.0	17.0
0.0	1.0	0.0	0.0	0.0	3.0
0.0	0.0	0.0	0.0	0.0	14.0
28.0	13.0	0.0	0.0	0.0	0.0
0.0	12.0	0.0	0.0	0.0	0.0
28.0	1.0	0.0	0.0	0.0	0.0
25.0	0.0	0.0	0.0	0.0	0.0
3.0	1.0	0.0	0.0	0.0	0.0
