# Sizes (NFeatures, Nclasses, NodeCount, MaxDepth)
10	6	73	6
# Classes
0.0	1.0	2.0	3.0	4.0	5.0
# Feature Names
Nrows	Ncols	Nnnz	AvgNnnz	Density	MaxRowNnnz	MinRowNnnz	StdRowNnnz	NDiags	NTrueDiags
# Left
1	2	3	4	-1	6	7	-1	-1	10	-1	-1	13	14	15	-1	-1	18	-1	-1	21	22	-1	-1	25	-1	-1	-1	29	30	31	32	-1	34	-1	-1	37	-1	-1	40	41	-1	-1	44	45	-1	-1	48	-1	-1	51	52	53	-1	55	-1	-1	58	-1	-1	61	62	63	-1	-1	66	-1	-1	69	70	-1	-1	-1
# Right
28	27	12	5	-1	9	8	-1	-1	11	-1	-1	20	17	16	-1	-1	19	-1	-1	24	23	-1	-1	26	-1	-1	-1	50	39	36	33	-1	35	-1	-1	38	-1	-1	43	42	-1	-1	47	46	-1	-1	49	-1	-1	60	57	54	-1	56	-1	-1	59	-1	-1	68	65	64	-1	-1	67	-1	-1	72	71	-1	-1	-1
# Threshold
24528.5	673.5	0.500960499048233	33.0	-2.0	2807.0	119.0	-2.0	-2.0	3135.0	-2.0	-2.0	9839.0	0.004340280080214143	3.5	-2.0	-2.0	10.5	-2.0	-2.0	1.241349995136261	1672.5	-2.0	-2.0	1013.5	-2.0	-2.0	-2.0	43133.5	10243700.0	47.350900650024414	26293.0	-2.0	315.0	-2.0	-2.0	57.89165115356445	-2.0	-2.0	38.0	1.0845800261449767e-05	-2.0	-2.0	17.5	6.678940189885907e-05	-2.0	-2.0	24.0	-2.0	-2.0	0.5	981405.5	31.0	-2.0	0.00018065400217892602	-2.0	-2.0	1540080.0	-2.0	-2.0	13421.5	14.934400081634521	194555.5	-2.0	-2.0	0.0006597995234187692	-2.0	-2.0	15.0	39042.5	-2.0	-2.0	-2.0
# Feature
1	5	7	1	-2	1	8	-2	-2	1	-2	-2	0	4	9	-2	-2	9	-2	-2	7	8	-2	-2	8	-2	-2	-2	8	2	7	1	-2	5	-2	-2	7	-2	-2	5	4	-2	-2	6	4	-2	-2	9	-2	-2	9	0	5	-2	4	-2	-2	0	-2	-2	5	7	0	-2	-2	4	-2	-2	9	5	-2	-2	-2
# Values
32.0	902.0	227.0	468.0	9.0	39.0
1.0	584.0	219.0	316.0	7.0	0.0
1.0	431.0	219.0	316.0	7.0	0.0
1.0	46.0	18.0	21.0	7.0	0.0
1.0	3.0	0.0	0.0	0.0	0.0
0.0	43.0	18.0	21.0	7.0	0.0
0.0	24.0	15.0	13.0	2.0	0.0
0.0	17.0	10.0	13.0	1.0	0.0
0.0	7.0	5.0	0.0	1.0	0.0
0.0	19.0	3.0	8.0	5.0	0.0
0.0	0.0	0.0	3.0	2.0	0.0
0.0	19.0	3.0	5.0	3.0	0.0
0.0	385.0	201.0	295.0	0.0	0.0
0.0	323.0	189.0	224.0	0.0	0.0
0.0	94.0	35.0	75.0	0.0	0.0
0.0	81.0	15.0	61.0	0.0	0.0
0.0	13.0	20.0	14.0	0.0	0.0
0.0	229.0	154.0	149.0	0.0	0.0
0.0	153.0	82.0	82.0	0.0	0.0
0.0	76.0	72.0	67.0	0.0	0.0
0.0	62.0	12.0	71.0	0.0	0.0
0.0	2.0	5.0	3.0	0.0	0.0
0.0	1.0	5.0	0.0	0.0	0.0
0.0	1.0	0.0	3.0	0.0	0.0
0.0	60.0	7.0	68.0	0.0	0.0
0.0	6.0	7.0	8.0	0.0	0.0
0.0	54.0	0.0	60.0	0.0	0.0
0.0	153.0	0.0	0.0	0.0	0.0
31.0	318.0	8.0	152.0	2.0	39.0
0.0	116.0	8.0	107.0	0.0	10.0
0.0	107.0	6.0	94.0	0.0	1.0
0.0	87.0	6.0	94.0	0.0	0.0
0.0	0.0	0.0	10.0	0.0	0.0
0.0	87.0	6.0	84.0	0.0	0.0
0.0	70.0	6.0	84.0	0.0	0.0
0.0	17.0	0.0	0.0	0.0	0.0
0.0	20.0	0.0	0.0	0.0	1.0
0.0	3.0	0.0	0.0	0.0	1.0
0.0	17.0	0.0	0.0	0.0	0.0
0.0	9.0	2.0	13.0	0.0	9.0
0.0	2.0	2.0	0.0	0.0	8.0
0.0	2.0	2.0	0.0	0.0	1.0
0.0	0.0	0.0	0.0	0.0	7.0
0.0	7.0	0.0	13.0	0.0	1.0
0.0	6.0	0.0	2.0	0.0	1.0
0.0	2.0	0.0	1.0	0.0	1.0
0.0	4.0	0.0	1.0	0.0	0.0
0.0	1.0	0.0	11.0	0.0	0.0
0.0	0.0	0.0	8.0	0.0	0.0
0.0	1.0	0.0	3.0	0.0	0.0
31.0	202.0	0.0	45.0	2.0	29.0
0.0	40.0	0.0	3.0	2.0	29.0
0.0	39.0	0.0	3.0	2.0	8.0
0.0	0.0	0.0	3.0	2.0	0.0
0.0	39.0	0.0	0.0	0.0	8.0
0.0	33.0	0.0	0.0	0.0	3.0
0.0	6.0	0.0	0.0	0.0	5.0
0.0	1.0	0.0	0.0	0.0	21.0
0.0	1.0	0.0	0.0	0.0	3.0
0.0	0.0	0.0	0.0	0.0	18.0
31.0	162.0	0.0	42.0	0.0	0.0
0.0	156.0	0.0	42.0	0.0	0.0
0.0	75.0	0.0	38.0	0.0	0.0
0.0	14.0	0.0	24.0	0.0	0.0
0.0	61.0	0.0	14.0	0.0	0.0
0.0	81.0	0.0	4.0	0.0	0.0
0.0	69.0	0.0	0.0	0.0	0.0
0.0	12.0	0.0	4.0	0.0	0.0
31.0	6.0	0.0	0.0	0.0	0.0
31.0	2.0	0.0	0.0	0.0	0.0
8.0	2.0	0.0	0.0	0.0	0.0
23.0	0.0	0.0	0.0	0.0	0.0
0.0	4.0	0.0	0.0	0.0	0.0
