# Sizes (NFeatures, Nclasses, NodeCount, MaxDepth)
10	6	83	6
# Classes
0.0	1.0	2.0	3.0	4.0	5.0
# Feature Names
Nrows	Ncols	Nnnz	AvgNnnz	Density	MaxRowNnnz	MinRowNnnz	StdRowNnnz	NDiags	NTrueDiags
# Left
1	2	3	4	5	6	-1	-1	9	-1	-1	12	13	-1	-1	16	-1	-1	19	20	21	-1	-1	-1	25	-1	27	-1	-1	30	31	32	33	-1	-1	36	-1	-1	39	40	-1	-1	-1	44	45	46	-1	-1	49	-1	-1	52	-1	-1	55	56	57	58	-1	-1	61	-1	-1	64	65	-1	-1	-1	69	70	71	-1	-1	74	-1	-1	77	78	-1	-1	81	-1	-1
# Right
54	29	18	11	8	7	-1	-1	10	-1	-1	15	14	-1	-1	17	-1	-1	24	23	22	-1	-1	-1	26	-1	28	-1	-1	43	38	35	34	-1	-1	37	-1	-1	42	41	-1	-1	-1	51	48	47	-1	-1	50	-1	-1	53	-1	-1	68	63	60	59	-1	-1	62	-1	-1	67	66	-1	-1	-1	76	73	72	-1	-1	75	-1	-1	80	79	-1	-1	82	-1	-1
# Threshold
673.5	12572.0	1575.5	0.49339599907398224	4.5	542.5	-2.0	-2.0	2819.5	-2.0	-2.0	1.7007400393486023	0.6708424985408783	-2.0	-2.0	473.0	-2.0	-2.0	0.0008339839987456799	10939.5	0.0006654034950770438	-2.0	-2.0	-2.0	0.5	-2.0	4254.0	-2.0	-2.0	213406.5	1078.0	574765.5	9.924234867095947	-2.0	-2.0	14.109350204467773	-2.0	-2.0	5498225.0	376.5	-2.0	-2.0	-2.0	18.5	981.0	16.5	-2.0	-2.0	1.2405849929564283e-06	-2.0	-2.0	71.0	-2.0	-2.0	83.52214813232422	648568.5	193164.5	7810.5	-2.0	-2.0	1276578.0	-2.0	-2.0	4422765.0	1736330.0	-2.0	-2.0	-2.0	10.709549903869629	0.5	1573030.0	-2.0	-2.0	18299.0	-2.0	-2.0	96478.0	97165.5	-2.0	-2.0	0.5	-2.0	-2.0
# Feature
5	0	8	7	9	1	-2	-2	1	-2	-2	7	7	-2	-2	8	-2	-2	4	0	4	-2	-2	-2	6	-2	8	-2	-2	1	8	2	3	-2	-2	7	-2	-2	2	5	-2	-2	-2	6	8	5	-2	-2	4	-2	-2	5	-2	-2	7	8	0	5	-2	-2	2	-2	-2	1	8	-2	-2	-2	3	9	8	-2	-2	5	-2	-2	0	8	-2	-2	9	-2	-2
# Values
32.0	902.0	227.0	468.0	9.0	39.0
1.0	637.0	227.0	468.0	9.0	13.0
1.0	381.0	210.0	259.0	7.0	0.0
1.0	251.0	210.0	173.0	7.0	0.0
1.0	36.0	15.0	18.0	7.0	0.0
1.0	27.0	8.0	7.0	7.0	0.0
1.0	11.0	4.0	2.0	0.0	0.0
0.0	16.0	4.0	5.0	7.0	0.0
0.0	9.0	7.0	11.0	0.0	0.0
0.0	7.0	7.0	9.0	0.0	0.0
0.0	2.0	0.0	2.0	0.0	0.0
0.0	215.0	195.0	155.0	0.0	0.0
0.0	80.0	50.0	68.0	0.0	0.0
0.0	8.0	16.0	14.0	0.0	0.0
0.0	72.0	34.0	54.0	0.0	0.0
0.0	135.0	145.0	87.0	0.0	0.0
0.0	90.0	88.0	73.0	0.0	0.0
0.0	45.0	57.0	14.0	0.0	0.0
0.0	130.0	0.0	86.0	0.0	0.0
0.0	16.0	0.0	20.0	0.0	0.0
0.0	16.0	0.0	13.0	0.0	0.0
0.0	16.0	0.0	8.0	0.0	0.0
0.0	0.0	0.0	5.0	0.0	0.0
0.0	0.0	0.0	7.0	0.0	0.0
0.0	114.0	0.0	66.0	0.0	0.0
0.0	9.0	0.0	0.0	0.0	0.0
0.0	105.0	0.0	66.0	0.0	0.0
0.0	83.0	0.0	37.0	0.0	0.0
0.0	22.0	0.0	29.0	0.0	0.0
0.0	256.0	17.0	209.0	2.0	13.0
0.0	160.0	14.0	182.0	2.0	0.0
0.0	18.0	14.0	35.0	0.0	0.0
0.0	15.0	13.0	15.0	0.0	0.0
0.0	15.0	8.0	12.0	0.0	0.0
0.0	0.0	5.0	3.0	0.0	0.0
0.0	3.0	1.0	20.0	0.0	0.0
0.0	3.0	0.0	12.0	0.0	0.0
0.0	0.0	1.0	8.0	0.0	0.0
0.0	142.0	0.0	147.0	2.0	0.0
0.0	121.0	0.0	147.0	2.0	0.0
0.0	102.0	0.0	145.0	2.0	0.0
0.0	19.0	0.0	2.0	0.0	0.0
0.0	21.0	0.0	0.0	0.0	0.0
0.0	96.0	3.0	27.0	0.0	13.0
0.0	93.0	3.0	13.0	0.0	13.0
0.0	3.0	3.0	0.0	0.0	6.0
0.0	3.0	3.0	0.0	0.0	0.0
0.0	0.0	0.0	0.0	0.0	6.0
0.0	90.0	0.0	13.0	0.0	7.0
0.0	15.0	0.0	0.0	0.0	5.0
0.0	75.0	0.0	13.0	0.0	2.0
0.0	3.0	0.0	14.0	0.0	0.0
0.0	0.0	0.0	10.0	0.0	0.0
0.0	3.0	0.0	4.0	0.0	0.0
31.0	265.0	0.0	0.0	0.0	26.0
1.0	205.0	0.0	0.0	0.0	10.0
1.0	200.0	0.0	0.0	0.0	1.0
0.0	185.0	0.0	0.0	0.0	1.0
0.0	181.0	0.0	0.0	0.0	0.0
0.0	4.0	0.0	0.0	0.0	1.0
1.0	15.0	0.0	0.0	0.0	0.0
1.0	3.0	0.0	0.0	0.0	0.0
0.0	12.0	0.0	0.0	0.0	0.0
0.0	5.0	0.0	0.0	0.0	9.0
0.0	2.0	0.0	0.0	0.0	8.0
0.0	2.0	0.0	0.0	0.0	2.0
0.0	0.0	0.0	0.0	0.0	6.0
0.0	3.0	0.0	0.0	0.0	1.0
30.0	60.0	0.0	0.0	0.0	16.0
30.0	8.0	0.0	0.0	0.0	7.0
0.0	1.0	0.0	0.0	0.0	7.0
0.0	1.0	0.0	0.0	0.0	3.0
0.0	0.0	0.0	0.0	0.0	4.0
30.0	7.0	0.0	0.0	0.0	0.0
0.0	7.0	0.0	0.0	0.0	0.0
30.0	0.0	0.0	0.0	0.0	0.0
0.0	52.0	0.0	0.0	0.0	9.0
0.0	44.0	0.0	0.0	0.0	1.0
0.0	41.0	0.0	0.0	0.0	0.0
0.0	3.0	0.0	0.0	0.0	1.0
0.0	8.0	0.0	0.0	0.0	8.0
0.0	0.0	0.0	0.0	0.0	8.0
0.0	8.0	0.0	0.0	0.0	0.0
