# Sizes (NFeatures, Nclasses, NodeCount, MaxDepth)
10	6	73	6
# Classes
0.0	1.0	2.0	3.0	4.0	5.0
# Feature Names
Nrows	Ncols	Nnnz	AvgNnnz	Density	MaxRowNnnz	MinRowNnnz	StdRowNnnz	NDiags	NTrueDiags
# Left
1	2	3	4	5	6	-1	-1	9	-1	-1	12	13	-1	-1	16	-1	-1	-1	20	-1	22	23	24	-1	-1	27	-1	-1	-1	31	32	33	34	35	-1	-1	38	-1	-1	-1	42	43	44	-1	-1	47	-1	-1	50	51	-1	-1	-1	55	56	57	58	-1	-1	-1	-1	63	64	65	-1	-1	-1	69	70	-1	-1	-1
# Right
30	19	18	11	8	7	-1	-1	10	-1	-1	15	14	-1	-1	17	-1	-1	-1	21	-1	29	26	25	-1	-1	28	-1	-1	-1	54	41	40	37	36	-1	-1	39	-1	-1	-1	49	46	45	-1	-1	48	-1	-1	53	52	-1	-1	-1	62	61	60	59	-1	-1	-1	-1	68	67	66	-1	-1	-1	72	71	-1	-1	-1
# Threshold
24528.5	29.973750114440918	673.5	4.5	3.5	181.5	-2.0	-2.0	29840.0	-2.0	-2.0	529.0	1575.5	-2.0	-2.0	1.5	-2.0	-2.0	-2.0	14.340250015258789	-2.0	695.0	0.012243799865245819	32.82425117492676	-2.0	-2.0	1162.5	-2.0	-2.0	-2.0	312.0	214062.5	5498225.0	579.5	198.0	-2.0	-2.0	0.09494625357910991	-2.0	-2.0	-2.0	17.28605079650879	8697595.0	396492.0	-2.0	-2.0	0.5	-2.0	-2.0	11.440099716186523	981.0	-2.0	-2.0	-2.0	0.5	395744.5	21286.5	87.53329849243164	-2.0	-2.0	-2.0	-2.0	21410.5	5.023210048675537	51.97884941101074	-2.0	-2.0	-2.0	15.0	663428.0	-2.0	-2.0	-2.0
# Feature
0	7	5	5	6	2	-2	-2	2	-2	-2	5	8	-2	-2	9	-2	-2	-2	3	-2	5	4	7	-2	-2	8	-2	-2	-2	5	1	2	8	8	-2	-2	7	-2	-2	-2	3	2	1	-2	-2	9	-2	-2	7	8	-2	-2	-2	9	1	5	7	-2	-2	-2	-2	5	3	7	-2	-2	-2	9	0	-2	-2	-2
# Values
32.0	902.0	227.0	468.0	9.0	39.0
1.0	584.0	219.0	316.0	7.0	0.0
1.0	442.0	217.0	295.0	7.0	0.0
1.0	412.0	217.0	295.0	7.0	0.0
1.0	30.0	10.0	14.0	7.0	0.0
1.0	22.0	10.0	12.0	3.0	0.0
1.0	5.0	1.0	0.0	0.0	0.0
0.0	17.0	9.0	12.0	3.0	0.0
0.0	8.0	0.0	2.0	4.0	0.0
0.0	4.0	0.0	2.0	4.0	0.0
0.0	4.0	0.0	0.0	0.0	0.0
0.0	382.0	207.0	281.0	0.0	0.0
0.0	376.0	207.0	273.0	0.0	0.0
0.0	228.0	207.0	164.0	0.0	0.0
0.0	148.0	0.0	109.0	0.0	0.0
0.0	6.0	0.0	8.0	0.0	0.0
0.0	0.0	0.0	4.0	0.0	0.0
0.0	6.0	0.0	4.0	0.0	0.0
0.0	30.0	0.0	0.0	0.0	0.0
0.0	142.0	2.0	21.0	0.0	0.0
0.0	99.0	0.0	0.0	0.0	0.0
0.0	43.0	2.0	21.0	0.0	0.0
0.0	19.0	2.0	21.0	0.0	0.0
0.0	9.0	0.0	17.0	0.0	0.0
0.0	0.0	0.0	8.0	0.0	0.0
0.0	9.0	0.0	9.0	0.0	0.0
0.0	10.0	2.0	4.0	0.0	0.0
0.0	0.0	2.0	2.0	0.0	0.0
0.0	10.0	0.0	2.0	0.0	0.0
0.0	24.0	0.0	0.0	0.0	0.0
31.0	318.0	8.0	152.0	2.0	39.0
0.0	172.0	8.0	152.0	2.0	13.0
0.0	87.0	5.0	125.0	2.0	0.0
0.0	74.0	5.0	125.0	2.0	0.0
0.0	7.0	5.0	16.0	0.0	0.0
0.0	7.0	2.0	14.0	0.0	0.0
0.0	0.0	3.0	2.0	0.0	0.0
0.0	67.0	0.0	109.0	2.0	0.0
0.0	1.0	0.0	1.0	2.0	0.0
0.0	66.0	0.0	108.0	0.0	0.0
0.0	13.0	0.0	0.0	0.0	0.0
0.0	85.0	3.0	27.0	0.0	13.0
0.0	70.0	3.0	3.0	0.0	7.0
0.0	44.0	0.0	3.0	0.0	0.0
0.0	17.0	0.0	3.0	0.0	0.0
0.0	27.0	0.0	0.0	0.0	0.0
0.0	26.0	3.0	0.0	0.0	7.0
0.0	0.0	0.0	0.0	0.0	6.0
0.0	26.0	3.0	0.0	0.0	1.0
0.0	15.0	0.0	24.0	0.0	6.0
0.0	3.0	0.0	24.0	0.0	6.0
0.0	0.0	0.0	0.0	0.0	6.0
0.0	3.0	0.0	24.0	0.0	0.0
0.0	12.0	0.0	0.0	0.0	0.0
31.0	146.0	0.0	0.0	0.0	26.0
0.0	26.0	0.0	0.0	0.0	25.0
0.0	26.0	0.0	0.0	0.0	6.0
0.0	26.0	0.0	0.0	0.0	1.0
0.0	23.0	0.0	0.0	0.0	0.0
0.0	3.0	0.0	0.0	0.0	1.0
0.0	0.0	0.0	0.0	0.0	5.0
0.0	0.0	0.0	0.0	0.0	19.0
31.0	120.0	0.0	0.0	0.0	1.0
1.0	115.0	0.0	0.0	0.0	1.0
1.0	11.0	0.0	0.0	0.0	1.0
0.0	9.0	0.0	0.0	0.0	0.0
1.0	2.0	0.0	0.0	0.0	1.0
0.0	104.0	0.0	0.0	0.0	0.0
30.0	5.0	0.0	0.0	0.0	0.0
30.0	1.0	0.0	0.0	0.0	0.0
27.0	0.0	0.0	0.0	0.0	0.0
3.0	1.0	0.0	0.0	0.0	0.0
0.0	4.0	0.0	0.0	0.0	0.0
