# Sizes (NFeatures, Nclasses, NodeCount, MaxDepth)
10	6	79	6
# Classes
0.0	1.0	2.0	3.0	4.0	5.0
# Feature Names
Nrows	Ncols	Nnnz	AvgNnnz	Density	MaxRowNnnz	MinRowNnnz	StdRowNnnz	NDiags	NTrueDiags
# Left
1	2	3	4	5	6	-1	-1	9	-1	-1	-1	13	14	15	-1	-1	18	-1	-1	21	22	-1	-1	25	-1	-1	28	29	30	31	-1	-1	-1	35	36	-1	-1	-1	40	41	42	-1	-1	45	-1	-1	48	49	-1	-1	52	-1	-1	55	56	57	-1	-1	-1	61	62	-1	64	65	-1	-1	68	-1	-1	71	72	-1	-1	75	76	-1	-1	-1
# Right
54	27	12	11	8	7	-1	-1	10	-1	-1	-1	20	17	16	-1	-1	19	-1	-1	24	23	-1	-1	26	-1	-1	39	34	33	32	-1	-1	-1	38	37	-1	-1	-1	47	44	43	-1	-1	46	-1	-1	51	50	-1	-1	53	-1	-1	60	59	58	-1	-1	-1	70	63	-1	67	66	-1	-1	69	-1	-1	74	73	-1	-1	78	77	-1	-1	-1
# Threshold
673.5	12572.0	4.5	4.5	0.024968750774860382	950.0	-2.0	-2.0	1.5	-2.0	-2.0	-2.0	1575.5	519.0	2192.5	-2.0	-2.0	902.5	-2.0	-2.0	0.0008339839987456799	4.711119890213013	-2.0	-2.0	0.5	-2.0	-2.0	213406.5	1078.0	0.0024327400606125593	8.0	-2.0	-2.0	-2.0	264020.5	5498225.0	-2.0	-2.0	-2.0	17.28605079650879	928365.0	1.7742500858730637e-05	-2.0	-2.0	16964.5	-2.0	-2.0	35.55765151977539	1.2659000158309937	-2.0	-2.0	100093000.0	-2.0	-2.0	70379.5	0.00030876448727212846	30691.5	-2.0	-2.0	-2.0	4889370.0	76416.0	-2.0	29092.0	2.8031599867972545e-05	-2.0	-2.0	2.0	-2.0	-2.0	1034625.0	0.5	-2.0	-2.0	334325.5	0.5	-2.0	-2.0	-2.0
# Feature
5	1	5	9	7	1	-2	-2	6	-2	-2	-2	8	8	0	-2	-2	8	-2	-2	4	3	-2	-2	6	-2	-2	1	8	4	9	-2	-2	-2	8	2	-2	-2	-2	3	1	4	-2	-2	8	-2	-2	3	7	-2	-2	2	-2	-2	8	4	0	-2	-2	-2	2	8	-2	5	4	-2	-2	9	-2	-2	8	9	-2	-2	5	9	-2	-2	-2
# Values
32.0	902.0	227.0	468.0	9.0	39.0
1.0	637.0	227.0	468.0	9.0	13.0
1.0	381.0	210.0	259.0	7.0	0.0
1.0	26.0	9.0	11.0	7.0	0.0
1.0	26.0	9.0	7.0	7.0	0.0
0.0	15.0	4.0	5.0	6.0	0.0
0.0	6.0	4.0	2.0	1.0	0.0
0.0	9.0	0.0	3.0	5.0	0.0
1.0	11.0	5.0	2.0	1.0	0.0
0.0	3.0	0.0	2.0	1.0	0.0
1.0	8.0	5.0	0.0	0.0	0.0
0.0	0.0	0.0	4.0	0.0	0.0
0.0	355.0	201.0	248.0	0.0	0.0
0.0	227.0	201.0	162.0	0.0	0.0
0.0	173.0	142.0	145.0	0.0	0.0
0.0	141.0	95.0	119.0	0.0	0.0
0.0	32.0	47.0	26.0	0.0	0.0
0.0	54.0	59.0	17.0	0.0	0.0
0.0	31.0	37.0	3.0	0.0	0.0
0.0	23.0	22.0	14.0	0.0	0.0
0.0	128.0	0.0	86.0	0.0	0.0
0.0	15.0	0.0	20.0	0.0	0.0
0.0	12.0	0.0	7.0	0.0	0.0
0.0	3.0	0.0	13.0	0.0	0.0
0.0	113.0	0.0	66.0	0.0	0.0
0.0	9.0	0.0	0.0	0.0	0.0
0.0	104.0	0.0	66.0	0.0	0.0
0.0	256.0	17.0	209.0	2.0	13.0
0.0	160.0	14.0	182.0	2.0	0.0
0.0	18.0	14.0	35.0	0.0	0.0
0.0	18.0	14.0	29.0	0.0	0.0
0.0	15.0	8.0	12.0	0.0	0.0
0.0	3.0	6.0	17.0	0.0	0.0
0.0	0.0	0.0	6.0	0.0	0.0
0.0	142.0	0.0	147.0	2.0	0.0
0.0	141.0	0.0	146.0	0.0	0.0
0.0	120.0	0.0	146.0	0.0	0.0
0.0	21.0	0.0	0.0	0.0	0.0
0.0	1.0	0.0	1.0	2.0	0.0
0.0	96.0	3.0	27.0	0.0	13.0
0.0	75.0	3.0	3.0	0.0	7.0
0.0	39.0	0.0	3.0	0.0	0.0
0.0	21.0	0.0	0.0	0.0	0.0
0.0	18.0	0.0	3.0	0.0	0.0
0.0	36.0	3.0	0.0	0.0	7.0
0.0	1.0	3.0	0.0	0.0	2.0
0.0	35.0	0.0	0.0	0.0	5.0
0.0	21.0	0.0	24.0	0.0	6.0
0.0	4.0	0.0	16.0	0.0	6.0
0.0	0.0	0.0	0.0	0.0	6.0
0.0	4.0	0.0	16.0	0.0	0.0
0.0	17.0	0.0	8.0	0.0	0.0
0.0	17.0	0.0	3.0	0.0	0.0
0.0	0.0	0.0	5.0	0.0	0.0
31.0	265.0	0.0	0.0	0.0	26.0
2.0	214.0	0.0	0.0	0.0	1.0
2.0	36.0	0.0	0.0	0.0	1.0
2.0	4.0	0.0	0.0	0.0	1.0
0.0	32.0	0.0	0.0	0.0	0.0
0.0	178.0	0.0	0.0	0.0	0.0
29.0	51.0	0.0	0.0	0.0	25.0
26.0	23.0	0.0	0.0	0.0	3.0
5.0	0.0	0.0	0.0	0.0	1.0
21.0	23.0	0.0	0.0	0.0	2.0
1.0	23.0	0.0	0.0	0.0	0.0
1.0	5.0	0.0	0.0	0.0	0.0
0.0	18.0	0.0	0.0	0.0	0.0
20.0	0.0	0.0	0.0	0.0	2.0
7.0	0.0	0.0	0.0	0.0	2.0
13.0	0.0	0.0	0.0	0.0	0.0
3.0	28.0	0.0	0.0	0.0	22.0
0.0	22.0	0.0	0.0	0.0	6.0
0.0	1.0	0.0	0.0	0.0	6.0
0.0	21.0	0.0	0.0	0.0	0.0
3.0	6.0	0.0	0.0	0.0	16.0
0.0	6.0	0.0	0.0	0.0	13.0
0.0	0.0	0.0	0.0	0.0	13.0
0.0	6.0	0.0	0.0	0.0	0.0
3.0	0.0	0.0	0.0	0.0	3.0
