# Sizes (NFeatures, Nclasses, NodeCount, MaxDepth)
10	6	241	11
# Classes
0.0	1.0	2.0	3.0	4.0	5.0
# Feature Names
Nrows	Ncols	Nnnz	AvgNnnz	Density	MaxRowNnnz	MinRowNnnz	StdRowNnnz	NDiags	NTrueDiags
# Left
1	2	3	4	5	-1	7	-1	-1	-1	11	-1	-1	14	15	16	-1	-1	-1	20	21	-1	-1	24	-1	-1	27	28	29	30	31	-1	-1	34	35	36	37	-1	39	40	-1	-1	-1	-1	45	46	-1	48	-1	-1	-1	52	53	-1	-1	-1	57	58	-1	60	61	-1	-1	64	-1	-1	67	-1	-1	70	71	72	73	-1	75	-1	-1	78	79	80	-1	-1	83	-1	-1	86	87	-1	-1	-1	91	92	93	-1	95	-1	-1	-1	99	100	-1	-1	103	-1	-1	106	107	108	-1	-1	-1	112	113	-1	-1	116	117	118	-1	-1	121	-1	-1	-1	125	126	127	128	-1	-1	131	132	133	-1	-1	136	137	-1	-1	140	141	-1	-1	-1	145	146	147	-1	149	-1	151	-1	-1	154	-1	156	-1	-1	159	160	161	162	-1	-1	165	-1	-1	-1	169	-1	171	-1	173	-1	-1	176	177	178	-1	-1	181	182	183	184	185	-1	-1	-1	-1	190	-1	192	-1	-1	-1	196	197	-1	199	200	201	-1	-1	-1	205	-1	-1	208	209	-1	-1	-1	213	214	-1	216	217	-1	-1	220	-1	-1	223	224	-1	226	227	228	229	-1	231	-1	-1	-1	235	-1	-1	238	-1	-1	-1
# Right
26	13	10	9	6	-1	8	-1	-1	-1	12	-1	-1	19	18	17	-1	-1	-1	23	22	-1	-1	25	-1	-1	124	69	56	33	32	-1	-1	51	44	43	38	-1	42	41	-1	-1	-1	-1	50	47	-1	49	-1	-1	-1	55	54	-1	-1	-1	66	59	-1	63	62	-1	-1	65	-1	-1	68	-1	-1	105	90	77	74	-1	76	-1	-1	85	82	81	-1	-1	84	-1	-1	89	88	-1	-1	-1	98	97	94	-1	96	-1	-1	-1	102	101	-1	-1	104	-1	-1	111	110	109	-1	-1	-1	115	114	-1	-1	123	120	119	-1	-1	122	-1	-1	-1	212	175	130	129	-1	-1	144	135	134	-1	-1	139	138	-1	-1	143	142	-1	-1	-1	158	153	148	-1	150	-1	152	-1	-1	155	-1	157	-1	-1	168	167	164	163	-1	-1	166	-1	-1	-1	170	-1	172	-1	174	-1	-1	195	180	179	-1	-1	194	189	188	187	186	-1	-1	-1	-1	191	-1	193	-1	-1	-1	207	198	-1	204	203	202	-1	-1	-1	206	-1	-1	211	210	-1	-1	-1	222	215	-1	219	218	-1	-1	221	-1	-1	240	225	-1	237	234	233	230	-1	232	-1	-1	-1	236	-1	-1	239	-1	-1	-1
# Threshold
596.5	22.5	0.007779880193993449	33032.0	2.0	-2.0	2.5	-2.0	-2.0	-2.0	1.5	-2.0	-2.0	0.5	0.006660480052232742	804.0	-2.0	-2.0	-2.0	98.0	36.84870147705078	-2.0	-2.0	0.001949395053088665	-2.0	-2.0	18.376999855041504	10.810250282287598	9.434479943593033e-05	0.5	1.623075008392334	-2.0	-2.0	8061215.0	4.4322150642983615e-05	2.440269947052002	5.20730495168209e-07	-2.0	5.185370206832886	14933400.0	-2.0	-2.0	-2.0	-2.0	6.650179784628563e-05	3.5	-2.0	5.3041299906908534e-05	-2.0	-2.0	-2.0	8.0	42081000.0	-2.0	-2.0	-2.0	0.5	8.258874893188477	-2.0	67786.0	0.005770215066149831	-2.0	-2.0	7371.0	-2.0	-2.0	3950.5	-2.0	-2.0	0.0008348175033461303	43521.0	1045385.0	2.0	-2.0	1.9742000102996826	-2.0	-2.0	34.0	931020.5	17.717100143432617	-2.0	-2.0	13.5	-2.0	-2.0	53.47274971008301	3132880.0	-2.0	-2.0	-2.0	11028500.0	120108.5	12.500200271606445	-2.0	33.34359931945801	-2.0	-2.0	-2.0	12.775599956512451	4.5	-2.0	-2.0	10.0	-2.0	-2.0	2300.0	1.0	27.5	-2.0	-2.0	-2.0	62.5	0.5	-2.0	-2.0	0.0019637200166471303	16.616000175476074	20976.5	-2.0	-2.0	2517680.0	-2.0	-2.0	-2.0	7.5	0.000921673490665853	6.981450080871582	763.0	-2.0	-2.0	30.155850410461426	10.937650203704834	1.5	-2.0	-2.0	0.00019227699522161856	1.5	-2.0	-2.0	18.1252498626709	0.0002502799907233566	-2.0	-2.0	-2.0	0.0003063354961341247	154764.0	47954.5	-2.0	50852.0	-2.0	929815.5	-2.0	-2.0	21.76389980316162	-2.0	9226.5	-2.0	-2.0	0.000662693491904065	4.5	9.682859897613525	82.65314865112305	-2.0	-2.0	190071.5	-2.0	-2.0	-2.0	0.000664585008053109	-2.0	75746.0	-2.0	41.526248931884766	-2.0	-2.0	2277.0	12.7399001121521	5.413374900817871	-2.0	-2.0	92.27894973754883	0.5	93.0	30.45265007019043	4433.0	-2.0	-2.0	-2.0	-2.0	31660.5	-2.0	5.5	-2.0	-2.0	-2.0	63.616451263427734	0.001399884989950806	-2.0	0.004656834993511438	2.5	64099.0	-2.0	-2.0	-2.0	0.005156315164640546	-2.0	-2.0	111422.0	6457.0	-2.0	-2.0	-2.0	0.0004911374999210238	9479.5	-2.0	210856.0	11173500.0	-2.0	-2.0	352891.0	-2.0	-2.0	1043.0840148925781	100.5	-2.0	399.66551208496094	14.5	1044454.0	277.5	-2.0	22.0	-2.0	-2.0	-2.0	59.61549949645996	-2.0	-2.0	8967.5	-2.0	-2.0	-2.0
# Feature
8	8	4	1	5	-2	9	-2	-2	-2	6	-2	-2	9	4	1	-2	-2	-2	9	7	-2	-2	4	-2	-2	7	3	4	9	3	-2	-2	1	4	7	4	-2	3	2	-2	-2	-2	-2	4	9	-2	4	-2	-2	-2	5	2	-2	-2	-2	9	3	-2	2	4	-2	-2	8	-2	-2	2	-2	-2	4	8	2	6	-2	7	-2	-2	9	1	7	-2	-2	5	-2	-2	3	2	-2	-2	-2	2	8	3	-2	3	-2	-2	-2	7	6	-2	-2	9	-2	-2	1	9	5	-2	-2	-2	5	9	-2	-2	4	7	8	-2	-2	2	-2	-2	-2	6	4	3	5	-2	-2	7	3	6	-2	-2	4	9	-2	-2	3	4	-2	-2	-2	4	8	8	-2	8	-2	2	-2	-2	3	-2	5	-2	-2	4	6	3	7	-2	-2	2	-2	-2	-2	4	-2	2	-2	7	-2	-2	5	3	3	-2	-2	3	9	5	3	8	-2	-2	-2	-2	0	-2	6	-2	-2	-2	3	4	-2	4	9	2	-2	-2	-2	4	-2	-2	8	1	-2	-2	-2	4	8	-2	0	2	-2	-2	8	-2	-2	3	5	-2	7	6	2	5	-2	9	-2	-2	-2	3	-2	-2	5	-2	-2	-2
# Values
279.83333333333314	279.8333333333325	279.83333333333326	279.8333333333333	279.8333333333334	279.83333333333246
4.587431693989071	131.37715179968717	279.8333333333333	0.0	0.0	33.94699453551913
4.587431693989071	26.800938967136137	265.1052631578947	0.0	0.0	0.0
0.0	15.502503912363075	265.1052631578947	0.0	0.0	0.0
0.0	15.502503912363077	117.8245614035088	0.0	0.0	0.0
0.0	0.0	117.82456140350877	0.0	0.0	0.0
0.0	15.502503912363075	0.0	0.0	0.0	0.0
0.0	0.262754303599374	0.0	0.0	0.0	0.0
0.0	15.2397496087637	0.0	0.0	0.0	0.0
0.0	0.0	147.28070175438592	0.0	0.0	0.0
4.587431693989071	11.298435054773087	0.0	0.0	0.0	0.0
4.587431693989071	0.0	0.0	0.0	0.0	0.0
0.0	11.298435054773087	0.0	0.0	0.0	0.0
0.0	104.57621283255098	14.728070175438596	0.0	0.0	33.94699453551913
0.0	0.262754303599374	0.0	0.0	0.0	33.029508196721316
0.0	0.262754303599374	0.0	0.0	0.0	1.8349726775956283
0.0	0.262754303599374	0.0	0.0	0.0	0.0
0.0	0.0	0.0	0.0	0.0	1.8349726775956283
0.0	0.0	0.0	0.0	0.0	31.19453551912569
0.0	104.31345852895159	14.728070175438596	0.0	0.0	0.9174863387978142
0.0	98.79561815336464	0.0	0.0	0.0	0.9174863387978142
0.0	98.79561815336463	0.0	0.0	0.0	0.0
0.0	0.0	0.0	0.0	0.0	0.9174863387978142
0.0	5.5178403755868555	14.728070175438596	0.0	0.0	0.0
0.0	0.0	14.728070175438596	0.0	0.0	0.0
0.0	5.5178403755868555	0.0	0.0	0.0	0.0
275.245901639344	148.4561815336464	0.0	279.8333333333332	279.8333333333334	245.88633879781355
22.93715846994536	86.44616588419403	0.0	272.46929824561397	34.5	207.35191256830558
22.937158469945352	64.3748043818465	0.0	0.0	0.0	130.28306010928966
22.93715846994536	12.086697965571211	0.0	0.0	0.0	69.7289617486339
11.468579234972678	0.0	0.0	0.0	0.0	55.96666666666668
11.468579234972678	0.0	0.0	0.0	0.0	0.0
0.0	0.0	0.0	0.0	0.0	55.96666666666669
11.468579234972678	12.08669796557121	0.0	0.0	0.0	13.762295081967217
2.2937158469945356	10.772926447574337	0.0	0.0	0.0	13.762295081967213
0.0	4.204068857589984	0.0	0.0	0.0	13.762295081967215
0.0	2.102034428794992	0.0	0.0	0.0	13.762295081967215
0.0	1.051017214397496	0.0	0.0	0.0	0.0
0.0	1.051017214397496	0.0	0.0	0.0	13.762295081967215
0.0	1.051017214397496	0.0	0.0	0.0	1.8349726775956283
0.0	1.051017214397496	0.0	0.0	0.0	0.0
0.0	0.0	0.0	0.0	0.0	1.8349726775956283
0.0	0.0	0.0	0.0	0.0	11.927322404371585
0.0	2.102034428794992	0.0	0.0	0.0	0.0
2.2937158469945356	6.568857589984352	0.0	0.0	0.0	0.0
2.2937158469945356	0.788262910798122	0.0	0.0	0.0	0.0
2.2937158469945356	0.0	0.0	0.0	0.0	0.0
0.0	0.788262910798122	0.0	0.0	0.0	0.0
0.0	0.525508607198748	0.0	0.0	0.0	0.0
0.0	0.262754303599374	0.0	0.0	0.0	0.0
0.0	5.78059467918623	0.0	0.0	0.0	0.0
9.174863387978142	1.31377151799687	0.0	0.0	0.0	0.0
0.0	1.31377151799687	0.0	0.0	0.0	0.0
0.0	0.262754303599374	0.0	0.0	0.0	0.0
0.0	1.051017214397496	0.0	0.0	0.0	0.0
9.174863387978142	0.0	0.0	0.0	0.0	0.0
0.0	52.28810641627531	0.0	0.0	0.0	60.55409836065577
0.0	1.051017214397496	0.0	0.0	0.0	60.554098360655765
0.0	0.0	0.0	0.0	0.0	52.29672131147543
0.0	1.051017214397496	0.0	0.0	0.0	8.257377049180327
0.0	1.051017214397496	0.0	0.0	0.0	3.6699453551912566
0.0	1.051017214397496	0.0	0.0	0.0	0.0
0.0	0.0	0.0	0.0	0.0	3.6699453551912566
0.0	0.0	0.0	0.0	0.0	4.587431693989071
0.0	0.0	0.0	0.0	0.0	0.9174863387978142
0.0	0.0	0.0	0.0	0.0	3.6699453551912566
0.0	51.23708920187785	0.0	0.0	0.0	0.0
0.0	0.788262910798122	0.0	0.0	0.0	0.0
0.0	50.44882629107971	0.0	0.0	0.0	0.0
0.0	22.07136150234742	0.0	272.46929824561397	34.5	77.06885245901644
0.0	7.619874804381848	0.0	272.4692982456139	34.5	11.927322404371587
0.0	4.204068857589984	0.0	206.1929824561403	3.8333333333333335	9.174863387978142
0.0	3.94131455399061	0.0	0.0	0.0	3.6699453551912566
0.0	0.0	0.0	0.0	0.0	2.7524590163934426
0.0	3.94131455399061	0.0	0.0	0.0	0.9174863387978142
0.0	0.0	0.0	0.0	0.0	0.9174863387978142
0.0	3.9413145539906105	0.0	0.0	0.0	0.0
0.0	0.262754303599374	0.0	206.1929824561403	3.8333333333333335	5.504918032786885
0.0	0.262754303599374	0.0	184.1008771929824	0.0	1.8349726775956283
0.0	0.262754303599374	0.0	180.4188596491227	0.0	0.0
0.0	0.0	0.0	180.41885964912277	0.0	0.0
0.0	0.262754303599374	0.0	0.0	0.0	0.0
0.0	0.0	0.0	3.682017543859649	0.0	1.8349726775956283
0.0	0.0	0.0	3.682017543859649	0.0	0.0
0.0	0.0	0.0	0.0	0.0	1.8349726775956283
0.0	0.0	0.0	22.092105263157894	3.8333333333333335	3.6699453551912566
0.0	0.0	0.0	0.0	3.8333333333333335	3.6699453551912566
0.0	0.0	0.0	0.0	3.8333333333333335	0.0
0.0	0.0	0.0	0.0	0.0	3.6699453551912566
0.0	0.0	0.0	22.092105263157894	0.0	0.0
0.0	3.4158059467918624	0.0	66.27631578947368	30.666666666666668	2.7524590163934426
0.0	3.4158059467918624	0.0	33.13815789473684	0.0	2.7524590163934426
0.0	3.4158059467918624	0.0	0.0	0.0	2.7524590163934426
0.0	0.0	0.0	0.0	0.0	1.8349726775956283
0.0	3.4158059467918624	0.0	0.0	0.0	0.9174863387978142
0.0	3.4158059467918624	0.0	0.0	0.0	0.0
0.0	0.0	0.0	0.0	0.0	0.9174863387978142
0.0	0.0	0.0	33.13815789473684	0.0	0.0
0.0	0.0	0.0	33.13815789473684	30.666666666666668	0.0
0.0	0.0	0.0	33.138157894736835	11.5	0.0
0.0	0.0	0.0	0.0	11.5	0.0
0.0	0.0	0.0	33.13815789473684	0.0	0.0
0.0	0.0	0.0	0.0	19.166666666666668	0.0
0.0	0.0	0.0	0.0	3.8333333333333335	0.0
0.0	0.0	0.0	0.0	15.333333333333334	0.0
0.0	14.451486697965574	0.0	0.0	0.0	65.14153005464485
0.0	3.1530516431924887	0.0	0.0	0.0	51.379234972677615
0.0	0.0	0.0	0.0	0.0	51.37923497267762
0.0	0.0	0.0	0.0	0.0	1.8349726775956283
0.0	0.0	0.0	0.0	0.0	49.54426229508199
0.0	3.153051643192488	0.0	0.0	0.0	0.0
0.0	11.298435054773089	0.0	0.0	0.0	13.762295081967213
0.0	8.145383411580596	0.0	0.0	0.0	0.9174863387978142
0.0	0.0	0.0	0.0	0.0	0.9174863387978142
0.0	8.145383411580598	0.0	0.0	0.0	0.0
0.0	3.153051643192489	0.0	0.0	0.0	12.8448087431694
0.0	0.788262910798122	0.0	0.0	0.0	12.8448087431694
0.0	0.262754303599374	0.0	0.0	0.0	12.844808743169402
0.0	0.0	0.0	0.0	0.0	12.8448087431694
0.0	0.262754303599374	0.0	0.0	0.0	0.0
0.0	0.525508607198748	0.0	0.0	0.0	0.0
0.0	0.262754303599374	0.0	0.0	0.0	0.0
0.0	0.262754303599374	0.0	0.0	0.0	0.0
0.0	2.3647887323943664	0.0	0.0	0.0	0.0
252.3087431693988	62.010015649452114	0.0	7.364035087719298	245.33333333333334	38.53442622950821
252.30874316939875	52.55086071987471	0.0	0.0	111.16666666666666	33.94699453551914
215.60928961748618	8.408137715179972	0.0	0.0	107.33333333333334	14.679781420765028
66.51775956284155	0.0	0.0	0.0	0.0	1.8349726775956283
0.0	0.0	0.0	0.0	0.0	1.8349726775956283
66.51775956284153	0.0	0.0	0.0	0.0	0.0
149.0915300546448	8.408137715179972	0.0	0.0	107.33333333333334	12.844808743169398
9.174863387978142	4.729577464788733	0.0	0.0	23.0	11.00983606557377
9.174863387978142	0.0	0.0	0.0	0.0	5.504918032786885
0.0	0.0	0.0	0.0	0.0	5.504918032786885
9.174863387978142	0.0	0.0	0.0	0.0	0.0
0.0	4.729577464788733	0.0	0.0	23.0	5.504918032786885
0.0	0.0	0.0	0.0	23.0	1.8349726775956283
0.0	0.0	0.0	0.0	0.0	1.8349726775956283
0.0	0.0	0.0	0.0	23.0	0.0
0.0	4.729577464788734	0.0	0.0	0.0	3.6699453551912566
0.0	4.729577464788734	0.0	0.0	0.0	0.0
0.0	0.262754303599374	0.0	0.0	0.0	0.0
0.0	4.4668231611893585	0.0	0.0	0.0	0.0
0.0	0.0	0.0	0.0	0.0	3.6699453551912566
139.91666666666663	3.678560250391236	0.0	0.0	84.33333333333333	1.8349726775956283
71.10519125683061	1.31377151799687	0.0	0.0	72.83333333333334	1.8349726775956283
11.468579234972678	0.525508607198748	0.0	0.0	49.833333333333336	1.8349726775956283
6.881147540983607	0.0	0.0	0.0	0.0	0.0
4.587431693989071	0.525508607198748	0.0	0.0	49.833333333333336	1.8349726775956283
0.0	0.0	0.0	0.0	34.5	0.0
4.587431693989071	0.525508607198748	0.0	0.0	15.333333333333334	1.8349726775956283
4.587431693989071	0.525508607198748	0.0	0.0	0.0	1.8349726775956283
0.0	0.0	0.0	0.0	15.333333333333334	0.0
59.63661202185793	0.788262910798122	0.0	0.0	23.0	0.0
59.63661202185793	0.0	0.0	0.0	0.0	0.0
0.0	0.788262910798122	0.0	0.0	23.0	0.0
0.0	0.0	0.0	0.0	23.0	0.0
0.0	0.788262910798122	0.0	0.0	0.0	0.0
68.81147540983608	2.3647887323943664	0.0	0.0	11.5	0.0
36.69945355191257	2.102034428794992	0.0	0.0	0.0	0.0
36.69945355191257	0.262754303599374	0.0	0.0	0.0	0.0
4.587431693989071	0.262754303599374	0.0	0.0	0.0	0.0
0.0	0.262754303599374	0.0	0.0	0.0	0.0
4.587431693989071	0.0	0.0	0.0	0.0	0.0
32.112021857923494	0.0	0.0	0.0	0.0	0.0
4.587431693989071	0.0	0.0	0.0	0.0	0.0
27.524590163934427	0.0	0.0	0.0	0.0	0.0
0.0	1.8392801251956181	0.0	0.0	0.0	0.0
32.112021857923494	0.262754303599374	0.0	0.0	11.5	0.0
0.0	0.0	0.0	0.0	7.666666666666667	0.0
32.1120218579235	0.262754303599374	0.0	0.0	3.8333333333333335	0.0
0.0	0.0	0.0	0.0	3.8333333333333335	0.0
32.112021857923494	0.262754303599374	0.0	0.0	0.0	0.0
0.0	0.262754303599374	0.0	0.0	0.0	0.0
32.112021857923494	0.0	0.0	0.0	0.0	0.0
36.69945355191257	44.14272300469477	0.0	0.0	3.8333333333333335	19.267213114754103
4.587431693989071	38.62488262910792	0.0	0.0	0.0	19.267213114754103
4.587431693989071	22.85962441314553	0.0	0.0	0.0	0.0
4.587431693989071	0.0	0.0	0.0	0.0	0.0
0.0	22.85962441314554	0.0	0.0	0.0	0.0
0.0	15.76525821596245	0.0	0.0	0.0	19.267213114754103
0.0	12.349452269170584	0.0	0.0	0.0	19.267213114754103
0.0	0.788262910798122	0.0	0.0	0.0	18.349726775956288
0.0	0.788262910798122	0.0	0.0	0.0	4.587431693989071
0.0	0.525508607198748	0.0	0.0	0.0	4.587431693989071
0.0	0.0	0.0	0.0	0.0	1.8349726775956283
0.0	0.525508607198748	0.0	0.0	0.0	2.7524590163934426
0.0	0.262754303599374	0.0	0.0	0.0	0.0
0.0	0.0	0.0	0.0	0.0	13.762295081967215
0.0	11.561189358372461	0.0	0.0	0.0	0.9174863387978142
0.0	10.772926447574337	0.0	0.0	0.0	0.0
0.0	0.788262910798122	0.0	0.0	0.0	0.9174863387978142
0.0	0.788262910798122	0.0	0.0	0.0	0.0
0.0	0.0	0.0	0.0	0.0	0.9174863387978142
0.0	3.4158059467918624	0.0	0.0	0.0	0.0
32.1120218579235	5.517840375586855	0.0	0.0	3.8333333333333335	0.0
32.112021857923494	3.4158059467918624	0.0	0.0	0.0	0.0
0.0	2.102034428794992	0.0	0.0	0.0	0.0
32.112021857923494	1.31377151799687	0.0	0.0	0.0	0.0
32.112021857923494	0.262754303599374	0.0	0.0	0.0	0.0
6.881147540983607	0.262754303599374	0.0	0.0	0.0	0.0
6.881147540983607	0.0	0.0	0.0	0.0	0.0
0.0	0.262754303599374	0.0	0.0	0.0	0.0
25.23087431693989	0.0	0.0	0.0	0.0	0.0
0.0	1.051017214397496	0.0	0.0	0.0	0.0
0.0	0.788262910798122	0.0	0.0	0.0	0.0
0.0	0.262754303599374	0.0	0.0	0.0	0.0
0.0	2.102034428794992	0.0	0.0	3.8333333333333335	0.0
0.0	2.102034428794992	0.0	0.0	0.0	0.0
0.0	0.788262910798122	0.0	0.0	0.0	0.0
0.0	1.31377151799687	0.0	0.0	0.0	0.0
0.0	0.0	0.0	0.0	3.8333333333333335	0.0
0.0	9.459154929577469	0.0	7.364035087719298	134.16666666666669	4.587431693989071
0.0	0.262754303599374	0.0	3.682017543859649	130.33333333333334	0.9174863387978142
0.0	0.0	0.0	3.682017543859649	0.0	0.0
0.0	0.262754303599374	0.0	0.0	130.33333333333334	0.9174863387978142
0.0	0.262754303599374	0.0	0.0	118.83333333333333	0.0
0.0	0.0	0.0	0.0	118.83333333333333	0.0
0.0	0.262754303599374	0.0	0.0	0.0	0.0
0.0	0.0	0.0	0.0	11.5	0.9174863387978142
0.0	0.0	0.0	0.0	0.0	0.9174863387978142
0.0	0.0	0.0	0.0	11.5	0.0
0.0	9.196400625978095	0.0	3.682017543859649	3.8333333333333335	3.6699453551912566
0.0	9.196400625978095	0.0	3.682017543859649	0.0	3.6699453551912566
0.0	0.0	0.0	3.682017543859649	0.0	0.0
0.0	9.196400625978095	0.0	0.0	0.0	3.6699453551912566
0.0	8.93364632237872	0.0	0.0	0.0	1.8349726775956283
0.0	2.62754303599374	0.0	0.0	0.0	1.8349726775956283
0.0	0.788262910798122	0.0	0.0	0.0	1.8349726775956283
0.0	0.525508607198748	0.0	0.0	0.0	0.0
0.0	0.262754303599374	0.0	0.0	0.0	1.8349726775956283
0.0	0.0	0.0	0.0	0.0	1.8349726775956283
0.0	0.262754303599374	0.0	0.0	0.0	0.0
0.0	1.8392801251956181	0.0	0.0	0.0	0.0
0.0	6.306103286384978	0.0	0.0	0.0	0.0
0.0	0.262754303599374	0.0	0.0	0.0	0.0
0.0	6.043348982785604	0.0	0.0	0.0	0.0
0.0	0.262754303599374	0.0	0.0	0.0	1.8349726775956283
0.0	0.0	0.0	0.0	0.0	1.8349726775956283
0.0	0.262754303599374	0.0	0.0	0.0	0.0
0.0	0.0	0.0	0.0	3.8333333333333335	0.0
