# Sizes (NFeatures, Nclasses, NodeCount, MaxDepth)
10	6	133	14
# Classes
0.0	1.0	2.0	3.0	4.0	5.0
# Feature Names
Nrows	Ncols	Nnnz	AvgNnnz	Density	MaxRowNnnz	MinRowNnnz	StdRowNnnz	NDiags	NTrueDiags
# Left
1	2	3	4	5	6	7	8	9	-1	11	12	-1	-1	-1	-1	17	-1	19	20	-1	22	23	24	25	-1	-1	-1	-1	-1	-1	32	-1	-1	35	36	37	-1	-1	40	41	-1	-1	44	-1	46	-1	-1	49	50	-1	52	53	54	-1	-1	-1	-1	-1	60	61	62	-1	-1	65	-1	-1	68	-1	-1	71	72	-1	74	-1	-1	77	-1	-1	80	81	82	-1	84	85	-1	87	88	-1	-1	-1	-1	-1	94	95	-1	-1	-1	99	100	101	-1	103	-1	105	-1	107	-1	-1	-1	111	112	113	-1	-1	116	117	118	119	-1	121	-1	-1	-1	-1	-1	127	-1	129	130	-1	-1	-1
# Right
98	79	70	59	34	31	16	15	10	-1	14	13	-1	-1	-1	-1	18	-1	30	21	-1	29	28	27	26	-1	-1	-1	-1	-1	-1	33	-1	-1	48	39	38	-1	-1	43	42	-1	-1	45	-1	47	-1	-1	58	51	-1	57	56	55	-1	-1	-1	-1	-1	67	64	63	-1	-1	66	-1	-1	69	-1	-1	76	73	-1	75	-1	-1	78	-1	-1	93	92	83	-1	91	86	-1	90	89	-1	-1	-1	-1	-1	97	96	-1	-1	-1	110	109	102	-1	104	-1	106	-1	108	-1	-1	-1	126	115	114	-1	-1	125	124	123	120	-1	122	-1	-1	-1	-1	-1	128	-1	132	131	-1	-1	-1
# Threshold
32.85245132446289	0.06549149751663208	1360.0	9933335.0	48.0	2980.5	0.0045945600140839815	3.5	651.0	-2.0	2.263629972934723	1961.0	-2.0	-2.0	-2.0	-2.0	0.005564865190535784	-2.0	2.69725501537323	4.0	-2.0	5.0	5.8090901374816895	32.0	0.4525020122528076	-2.0	-2.0	-2.0	-2.0	-2.0	-2.0	3581.0	-2.0	-2.0	52345.0	150.0	4.5	-2.0	-2.0	1578.0	1522.0	-2.0	-2.0	25080.0	-2.0	568.0	-2.0	-2.0	13.966350078582764	1.9065750241279602	-2.0	6460295.0	9.166029930114746	3.3183200359344482	-2.0	-2.0	-2.0	-2.0	-2.0	18391550.0	8373.0	9.212490112986416e-06	-2.0	-2.0	1.0	-2.0	-2.0	2377.5	-2.0	-2.0	3.5	20604.0	-2.0	19.95444965362549	-2.0	-2.0	9.302510023117065	-2.0	-2.0	34.5	79.0	16.5	-2.0	16.22100019454956	0.9981370270252228	-2.0	24.5	1.070425033569336	-2.0	-2.0	-2.0	-2.0	-2.0	17.006549835205078	779.0	-2.0	-2.0	-2.0	0.0004328840004745871	32.20550060272217	5.072314977645874	-2.0	29636.0	-2.0	110.76409530639648	-2.0	0.5	-2.0	-2.0	-2.0	102.42399978637695	0.0010532400337979198	8.0	-2.0	-2.0	381.61900329589844	0.0023389849811792374	0.0022307049948722124	35.553049087524414	-2.0	8434.0	-2.0	-2.0	-2.0	-2.0	-2.0	3682.0	-2.0	392.65049743652344	107743.0	-2.0	-2.0	-2.0
# Feature
7	4	5	2	8	1	4	6	0	-2	7	0	-2	-2	-2	-2	4	-2	7	9	-2	6	3	8	7	-2	-2	-2	-2	-2	-2	2	-2	-2	8	0	6	-2	-2	2	2	-2	-2	8	-2	5	-2	-2	7	3	-2	2	7	3	-2	-2	-2	-2	-2	2	8	4	-2	-2	6	-2	-2	8	-2	-2	9	8	-2	7	-2	-2	3	-2	-2	5	8	8	-2	3	7	-2	5	7	-2	-2	-2	-2	-2	7	2	-2	-2	-2	4	3	3	-2	5	-2	7	-2	6	-2	-2	-2	7	4	9	-2	-2	3	4	4	7	-2	8	-2	-2	-2	-2	-2	5	-2	3	1	-2	-2	-2
# Values
153.0	1411.0	87.0	1.0	0.0	32.0
58.0	1313.0	87.0	1.0	0.0	26.0
58.0	1276.0	44.0	1.0	0.0	26.0
22.0	1250.0	44.0	1.0	0.0	26.0
20.0	1190.0	41.0	1.0	0.0	2.0
0.0	116.0	40.0	0.0	0.0	0.0
0.0	45.0	39.0	0.0	0.0	0.0
0.0	7.0	18.0	0.0	0.0	0.0
0.0	4.0	17.0	0.0	0.0	0.0
0.0	2.0	1.0	0.0	0.0	0.0
0.0	2.0	16.0	0.0	0.0	0.0
0.0	1.0	16.0	0.0	0.0	0.0
0.0	0.0	11.0	0.0	0.0	0.0
0.0	1.0	5.0	0.0	0.0	0.0
0.0	1.0	0.0	0.0	0.0	0.0
0.0	3.0	1.0	0.0	0.0	0.0
0.0	38.0	21.0	0.0	0.0	0.0
0.0	16.0	0.0	0.0	0.0	0.0
0.0	22.0	21.0	0.0	0.0	0.0
0.0	12.0	19.0	0.0	0.0	0.0
0.0	3.0	0.0	0.0	0.0	0.0
0.0	9.0	19.0	0.0	0.0	0.0
0.0	9.0	14.0	0.0	0.0	0.0
0.0	6.0	14.0	0.0	0.0	0.0
0.0	4.0	14.0	0.0	0.0	0.0
0.0	0.0	5.0	0.0	0.0	0.0
0.0	4.0	9.0	0.0	0.0	0.0
0.0	2.0	0.0	0.0	0.0	0.0
0.0	3.0	0.0	0.0	0.0	0.0
0.0	0.0	5.0	0.0	0.0	0.0
0.0	10.0	2.0	0.0	0.0	0.0
0.0	71.0	1.0	0.0	0.0	0.0
0.0	1.0	1.0	0.0	0.0	0.0
0.0	70.0	0.0	0.0	0.0	0.0
20.0	1074.0	1.0	1.0	0.0	2.0
1.0	1006.0	1.0	1.0	0.0	0.0
0.0	21.0	1.0	0.0	0.0	0.0
0.0	21.0	0.0	0.0	0.0	0.0
0.0	0.0	1.0	0.0	0.0	0.0
1.0	985.0	0.0	1.0	0.0	0.0
0.0	66.0	0.0	1.0	0.0	0.0
0.0	19.0	0.0	0.0	0.0	0.0
0.0	47.0	0.0	1.0	0.0	0.0
1.0	919.0	0.0	0.0	0.0	0.0
0.0	855.0	0.0	0.0	0.0	0.0
1.0	64.0	0.0	0.0	0.0	0.0
0.0	63.0	0.0	0.0	0.0	0.0
1.0	1.0	0.0	0.0	0.0	0.0
19.0	68.0	0.0	0.0	0.0	2.0
4.0	66.0	0.0	0.0	0.0	2.0
2.0	0.0	0.0	0.0	0.0	0.0
2.0	66.0	0.0	0.0	0.0	2.0
2.0	61.0	0.0	0.0	0.0	0.0
1.0	56.0	0.0	0.0	0.0	0.0
1.0	5.0	0.0	0.0	0.0	0.0
0.0	51.0	0.0	0.0	0.0	0.0
1.0	5.0	0.0	0.0	0.0	0.0
0.0	5.0	0.0	0.0	0.0	2.0
15.0	2.0	0.0	0.0	0.0	0.0
2.0	60.0	3.0	0.0	0.0	24.0
2.0	13.0	2.0	0.0	0.0	21.0
0.0	0.0	2.0	0.0	0.0	21.0
0.0	0.0	2.0	0.0	0.0	0.0
0.0	0.0	0.0	0.0	0.0	21.0
2.0	13.0	0.0	0.0	0.0	0.0
2.0	0.0	0.0	0.0	0.0	0.0
0.0	13.0	0.0	0.0	0.0	0.0
0.0	47.0	1.0	0.0	0.0	3.0
0.0	0.0	1.0	0.0	0.0	3.0
0.0	47.0	0.0	0.0	0.0	0.0
36.0	26.0	0.0	0.0	0.0	0.0
32.0	3.0	0.0	0.0	0.0	0.0
0.0	2.0	0.0	0.0	0.0	0.0
32.0	1.0	0.0	0.0	0.0	0.0
6.0	1.0	0.0	0.0	0.0	0.0
26.0	0.0	0.0	0.0	0.0	0.0
4.0	23.0	0.0	0.0	0.0	0.0
4.0	2.0	0.0	0.0	0.0	0.0
0.0	21.0	0.0	0.0	0.0	0.0
0.0	37.0	43.0	0.0	0.0	0.0
0.0	20.0	38.0	0.0	0.0	0.0
0.0	10.0	34.0	0.0	0.0	0.0
0.0	5.0	6.0	0.0	0.0	0.0
0.0	5.0	28.0	0.0	0.0	0.0
0.0	4.0	28.0	0.0	0.0	0.0
0.0	1.0	0.0	0.0	0.0	0.0
0.0	3.0	28.0	0.0	0.0	0.0
0.0	1.0	26.0	0.0	0.0	0.0
0.0	1.0	3.0	0.0	0.0	0.0
0.0	0.0	23.0	0.0	0.0	0.0
0.0	2.0	2.0	0.0	0.0	0.0
0.0	1.0	0.0	0.0	0.0	0.0
0.0	10.0	4.0	0.0	0.0	0.0
0.0	17.0	5.0	0.0	0.0	0.0
0.0	16.0	1.0	0.0	0.0	0.0
0.0	2.0	1.0	0.0	0.0	0.0
0.0	14.0	0.0	0.0	0.0	0.0
0.0	1.0	4.0	0.0	0.0	0.0
95.0	98.0	0.0	0.0	0.0	6.0
63.0	15.0	0.0	0.0	0.0	1.0
58.0	7.0	0.0	0.0	0.0	0.0
6.0	4.0	0.0	0.0	0.0	0.0
52.0	3.0	0.0	0.0	0.0	0.0
40.0	0.0	0.0	0.0	0.0	0.0
12.0	3.0	0.0	0.0	0.0	0.0
0.0	2.0	0.0	0.0	0.0	0.0
12.0	1.0	0.0	0.0	0.0	0.0
1.0	1.0	0.0	0.0	0.0	0.0
11.0	0.0	0.0	0.0	0.0	0.0
5.0	8.0	0.0	0.0	0.0	1.0
32.0	83.0	0.0	0.0	0.0	5.0
10.0	65.0	0.0	0.0	0.0	3.0
6.0	10.0	0.0	0.0	0.0	2.0
6.0	0.0	0.0	0.0	0.0	0.0
0.0	10.0	0.0	0.0	0.0	2.0
4.0	55.0	0.0	0.0	0.0	1.0
4.0	55.0	0.0	0.0	0.0	0.0
4.0	21.0	0.0	0.0	0.0	0.0
3.0	21.0	0.0	0.0	0.0	0.0
1.0	0.0	0.0	0.0	0.0	0.0
2.0	21.0	0.0	0.0	0.0	0.0
0.0	16.0	0.0	0.0	0.0	0.0
2.0	5.0	0.0	0.0	0.0	0.0
1.0	0.0	0.0	0.0	0.0	0.0
0.0	34.0	0.0	0.0	0.0	0.0
0.0	0.0	0.0	0.0	0.0	1.0
22.0	18.0	0.0	0.0	0.0	2.0
5.0	13.0	0.0	0.0	0.0	0.0
17.0	5.0	0.0	0.0	0.0	2.0
17.0	0.0	0.0	0.0	0.0	2.0
17.0	0.0	0.0	0.0	0.0	0.0
0.0	0.0	0.0	0.0	0.0	2.0
0.0	5.0	0.0	0.0	0.0	0.0
