# Sizes (NFeatures, Nclasses, NodeCount, MaxDepth)
10	6	133	15
# Classes
0.0	1.0	2.0	3.0	4.0	5.0
# Feature Names
Nrows	Ncols	Nnnz	AvgNnnz	Density	MaxRowNnnz	MinRowNnnz	StdRowNnnz	NDiags	NTrueDiags
# Left
1	2	3	-1	5	-1	-1	8	9	10	11	12	13	14	15	-1	17	-1	19	20	21	-1	-1	-1	25	26	27	-1	-1	-1	-1	-1	-1	-1	-1	-1	37	38	-1	-1	-1	42	43	44	45	46	47	48	-1	50	-1	52	-1	-1	-1	56	57	58	59	-1	-1	62	-1	64	-1	-1	67	-1	69	-1	-1	-1	-1	-1	75	76	-1	78	-1	-1	81	-1	83	-1	-1	86	87	88	-1	90	-1	-1	-1	94	-1	96	-1	-1	99	100	101	102	-1	104	-1	106	-1	-1	-1	110	111	-1	113	114	-1	-1	-1	-1	119	120	-1	122	123	-1	-1	-1	127	128	129	-1	-1	-1	-1
# Right
98	7	4	-1	6	-1	-1	41	36	35	34	33	32	31	16	-1	18	-1	24	23	22	-1	-1	-1	30	29	28	-1	-1	-1	-1	-1	-1	-1	-1	-1	40	39	-1	-1	-1	85	74	73	72	55	54	49	-1	51	-1	53	-1	-1	-1	71	66	61	60	-1	-1	63	-1	65	-1	-1	68	-1	70	-1	-1	-1	-1	-1	80	77	-1	79	-1	-1	82	-1	84	-1	-1	93	92	89	-1	91	-1	-1	-1	95	-1	97	-1	-1	118	109	108	103	-1	105	-1	107	-1	-1	-1	117	112	-1	116	115	-1	-1	-1	-1	126	121	-1	125	124	-1	-1	-1	132	131	130	-1	-1	-1	-1
# Threshold
1341.0	43.0	5.5	-2.0	7.818419933319092	-2.0	-2.0	61.5	2097.0	2.689324975013733	10.0	13.0	6.227010011672974	8.0	126.5	-2.0	300.0	-2.0	808.5	3227.5	0.002437349990941584	-2.0	-2.0	-2.0	0.0045945600140839815	2.0069000124931335	1928.0	-2.0	-2.0	-2.0	-2.0	-2.0	-2.0	-2.0	-2.0	-2.0	763215.0	2602.5	-2.0	-2.0	-2.0	8318270.0	45281.5	0.529482513666153	222.0780029296875	166.0	141.0	4.5	-2.0	4.71577000617981	-2.0	105.5	-2.0	-2.0	-2.0	102.42399978637695	568.0	1578.0	1430.5	-2.0	-2.0	227.0	-2.0	230.5	-2.0	-2.0	0.0005125004972796887	-2.0	33.85564994812012	-2.0	-2.0	-2.0	-2.0	-2.0	9.069799900054932	1.9065750241279602	-2.0	3.1192150115966797	-2.0	-2.0	0.00020196799596305937	-2.0	2.5	-2.0	-2.0	13.5	401.0	10873750.0	-2.0	0.5	-2.0	-2.0	-2.0	39.821401596069336	-2.0	56.287797927856445	-2.0	-2.0	93.85260009765625	0.00016479050100315362	15.200900554656982	34088.0	-2.0	2.089864938170649e-05	-2.0	4.5	-2.0	-2.0	-2.0	8.5	9028.0	-2.0	54.823551177978516	1575.5	-2.0	-2.0	-2.0	-2.0	6879380.0	146560.5	-2.0	14.0	0.5	-2.0	-2.0	-2.0	2349565.0	563.4055023193359	0.5	-2.0	-2.0	-2.0	-2.0
# Feature
5	0	5	-2	3	-2	-2	8	0	7	9	5	3	9	0	-2	0	-2	1	2	4	-2	-2	-2	4	7	1	-2	-2	-2	-2	-2	-2	-2	-2	-2	0	1	-2	-2	-2	2	8	4	7	1	1	9	-2	3	-2	1	-2	-2	-2	7	5	2	2	-2	-2	5	-2	5	-2	-2	4	-2	7	-2	-2	-2	-2	-2	7	3	-2	3	-2	-2	4	-2	9	-2	-2	6	5	2	-2	6	-2	-2	-2	3	-2	7	-2	-2	7	4	3	8	-2	4	-2	9	-2	-2	-2	9	0	-2	7	5	-2	-2	-2	-2	2	2	-2	6	6	-2	-2	-2	1	3	6	-2	-2	-2	-2
# Values
141.0	1443.0	71.0	2.0	0.0	27.0
32.0	1345.0	71.0	2.0	0.0	22.0
0.0	6.0	26.0	0.0	0.0	0.0
0.0	4.0	4.0	0.0	0.0	0.0
0.0	2.0	22.0	0.0	0.0	0.0
0.0	0.0	19.0	0.0	0.0	0.0
0.0	2.0	3.0	0.0	0.0	0.0
32.0	1339.0	45.0	2.0	0.0	22.0
0.0	117.0	38.0	0.0	0.0	1.0
0.0	59.0	36.0	0.0	0.0	0.0
0.0	49.0	36.0	0.0	0.0	0.0
0.0	46.0	25.0	0.0	0.0	0.0
0.0	46.0	22.0	0.0	0.0	0.0
0.0	34.0	22.0	0.0	0.0	0.0
0.0	34.0	18.0	0.0	0.0	0.0
0.0	10.0	0.0	0.0	0.0	0.0
0.0	24.0	18.0	0.0	0.0	0.0
0.0	0.0	5.0	0.0	0.0	0.0
0.0	24.0	13.0	0.0	0.0	0.0
0.0	15.0	3.0	0.0	0.0	0.0
0.0	15.0	2.0	0.0	0.0	0.0
0.0	2.0	1.0	0.0	0.0	0.0
0.0	13.0	1.0	0.0	0.0	0.0
0.0	0.0	1.0	0.0	0.0	0.0
0.0	9.0	10.0	0.0	0.0	0.0
0.0	5.0	10.0	0.0	0.0	0.0
0.0	3.0	10.0	0.0	0.0	0.0
0.0	0.0	8.0	0.0	0.0	0.0
0.0	3.0	2.0	0.0	0.0	0.0
0.0	2.0	0.0	0.0	0.0	0.0
0.0	4.0	0.0	0.0	0.0	0.0
0.0	0.0	4.0	0.0	0.0	0.0
0.0	12.0	0.0	0.0	0.0	0.0
0.0	0.0	3.0	0.0	0.0	0.0
0.0	3.0	11.0	0.0	0.0	0.0
0.0	10.0	0.0	0.0	0.0	0.0
0.0	58.0	2.0	0.0	0.0	1.0
0.0	58.0	1.0	0.0	0.0	0.0
0.0	4.0	1.0	0.0	0.0	0.0
0.0	54.0	0.0	0.0	0.0	0.0
0.0	0.0	1.0	0.0	0.0	1.0
32.0	1222.0	7.0	2.0	0.0	21.0
26.0	1153.0	7.0	2.0	0.0	0.0
8.0	1053.0	7.0	2.0	0.0	0.0
8.0	1053.0	5.0	2.0	0.0	0.0
7.0	1053.0	5.0	2.0	0.0	0.0
0.0	30.0	5.0	0.0	0.0	0.0
0.0	29.0	3.0	0.0	0.0	0.0
0.0	18.0	0.0	0.0	0.0	0.0
0.0	11.0	3.0	0.0	0.0	0.0
0.0	0.0	1.0	0.0	0.0	0.0
0.0	11.0	2.0	0.0	0.0	0.0
0.0	6.0	2.0	0.0	0.0	0.0
0.0	5.0	0.0	0.0	0.0	0.0
0.0	1.0	2.0	0.0	0.0	0.0
7.0	1023.0	0.0	2.0	0.0	0.0
5.0	1015.0	0.0	2.0	0.0	0.0
1.0	908.0	0.0	2.0	0.0	0.0
0.0	66.0	0.0	2.0	0.0	0.0
0.0	24.0	0.0	0.0	0.0	0.0
0.0	42.0	0.0	2.0	0.0	0.0
1.0	842.0	0.0	0.0	0.0	0.0
0.0	747.0	0.0	0.0	0.0	0.0
1.0	95.0	0.0	0.0	0.0	0.0
1.0	6.0	0.0	0.0	0.0	0.0
0.0	89.0	0.0	0.0	0.0	0.0
4.0	107.0	0.0	0.0	0.0	0.0
3.0	1.0	0.0	0.0	0.0	0.0
1.0	106.0	0.0	0.0	0.0	0.0
0.0	100.0	0.0	0.0	0.0	0.0
1.0	6.0	0.0	0.0	0.0	0.0
2.0	8.0	0.0	0.0	0.0	0.0
1.0	0.0	0.0	0.0	0.0	0.0
0.0	0.0	2.0	0.0	0.0	0.0
18.0	100.0	0.0	0.0	0.0	0.0
2.0	87.0	0.0	0.0	0.0	0.0
1.0	0.0	0.0	0.0	0.0	0.0
1.0	87.0	0.0	0.0	0.0	0.0
1.0	3.0	0.0	0.0	0.0	0.0
0.0	84.0	0.0	0.0	0.0	0.0
16.0	13.0	0.0	0.0	0.0	0.0
10.0	0.0	0.0	0.0	0.0	0.0
6.0	13.0	0.0	0.0	0.0	0.0
6.0	4.0	0.0	0.0	0.0	0.0
0.0	9.0	0.0	0.0	0.0	0.0
6.0	69.0	0.0	0.0	0.0	21.0
6.0	56.0	0.0	0.0	0.0	2.0
1.0	53.0	0.0	0.0	0.0	1.0
0.0	0.0	0.0	0.0	0.0	1.0
1.0	53.0	0.0	0.0	0.0	0.0
1.0	4.0	0.0	0.0	0.0	0.0
0.0	49.0	0.0	0.0	0.0	0.0
5.0	3.0	0.0	0.0	0.0	1.0
0.0	13.0	0.0	0.0	0.0	19.0
0.0	0.0	0.0	0.0	0.0	12.0
0.0	13.0	0.0	0.0	0.0	7.0
0.0	13.0	0.0	0.0	0.0	0.0
0.0	0.0	0.0	0.0	0.0	7.0
109.0	98.0	0.0	0.0	0.0	5.0
46.0	86.0	0.0	0.0	0.0	0.0
32.0	16.0	0.0	0.0	0.0	0.0
32.0	10.0	0.0	0.0	0.0	0.0
0.0	4.0	0.0	0.0	0.0	0.0
32.0	6.0	0.0	0.0	0.0	0.0
7.0	5.0	0.0	0.0	0.0	0.0
25.0	1.0	0.0	0.0	0.0	0.0
23.0	0.0	0.0	0.0	0.0	0.0
2.0	1.0	0.0	0.0	0.0	0.0
0.0	6.0	0.0	0.0	0.0	0.0
14.0	70.0	0.0	0.0	0.0	0.0
14.0	21.0	0.0	0.0	0.0	0.0
0.0	15.0	0.0	0.0	0.0	0.0
14.0	6.0	0.0	0.0	0.0	0.0
12.0	1.0	0.0	0.0	0.0	0.0
0.0	1.0	0.0	0.0	0.0	0.0
12.0	0.0	0.0	0.0	0.0	0.0
2.0	5.0	0.0	0.0	0.0	0.0
0.0	49.0	0.0	0.0	0.0	0.0
63.0	12.0	0.0	0.0	0.0	5.0
48.0	3.0	0.0	0.0	0.0	0.0
0.0	1.0	0.0	0.0	0.0	0.0
48.0	2.0	0.0	0.0	0.0	0.0
48.0	1.0	0.0	0.0	0.0	0.0
2.0	1.0	0.0	0.0	0.0	0.0
46.0	0.0	0.0	0.0	0.0	0.0
0.0	1.0	0.0	0.0	0.0	0.0
15.0	9.0	0.0	0.0	0.0	5.0
7.0	9.0	0.0	0.0	0.0	5.0
7.0	9.0	0.0	0.0	0.0	2.0
0.0	6.0	0.0	0.0	0.0	2.0
7.0	3.0	0.0	0.0	0.0	0.0
0.0	0.0	0.0	0.0	0.0	3.0
8.0	0.0	0.0	0.0	0.0	0.0
