# Sizes (NFeatures, Nclasses, NodeCount, MaxDepth)
10	6	125	12
# Classes
0.0	1.0	2.0	3.0	4.0	5.0
# Feature Names
Nrows	Ncols	Nnnz	AvgNnnz	Density	MaxRowNnnz	MinRowNnnz	StdRowNnnz	NDiags	NTrueDiags
# Left
1	2	3	4	5	6	-1	8	-1	10	-1	-1	13	14	-1	-1	-1	18	19	20	-1	22	23	-1	-1	-1	-1	28	29	-1	31	-1	33	-1	-1	-1	37	38	-1	-1	41	-1	-1	44	45	46	47	48	-1	50	51	52	-1	-1	55	-1	57	-1	59	-1	-1	62	-1	64	-1	-1	-1	68	69	-1	71	-1	73	74	-1	76	-1	78	-1	-1	-1	-1	83	-1	85	-1	87	-1	-1	-1	91	92	-1	94	95	96	97	-1	-1	100	-1	102	-1	-1	-1	-1	107	108	109	110	-1	-1	113	-1	115	-1	-1	118	119	-1	-1	-1	123	-1	-1
# Right
90	43	36	17	12	7	-1	9	-1	11	-1	-1	16	15	-1	-1	-1	27	26	21	-1	25	24	-1	-1	-1	-1	35	30	-1	32	-1	34	-1	-1	-1	40	39	-1	-1	42	-1	-1	89	82	67	66	49	-1	61	54	53	-1	-1	56	-1	58	-1	60	-1	-1	63	-1	65	-1	-1	-1	81	70	-1	72	-1	80	75	-1	77	-1	79	-1	-1	-1	-1	84	-1	86	-1	88	-1	-1	-1	106	93	-1	105	104	99	98	-1	-1	101	-1	103	-1	-1	-1	-1	122	117	112	111	-1	-1	114	-1	116	-1	-1	121	120	-1	-1	-1	124	-1	-1
# Threshold
1353.5	79.5	0.053083401173353195	7.5	959.0	106.0	-2.0	0.003505434957332909	-2.0	4.844444990158081	-2.0	-2.0	763215.0	0.0032020399812608957	-2.0	-2.0	-2.0	0.0161056499928236	43556562.0	2721.0	-2.0	2097.0	2024.0	-2.0	-2.0	-2.0	-2.0	7.0	0.603516012430191	-2.0	45.5	-2.0	32.0	-2.0	-2.0	-2.0	5.778510093688965	4.308165073394775	-2.0	-2.0	7.0	-2.0	-2.0	222.0780029296875	13663900.0	44861.5	0.515052005648613	54.5	-2.0	0.07792899757623672	568.0	9596750.0	-2.0	-2.0	575.5	-2.0	9057.0	-2.0	421297.5	-2.0	-2.0	0.08103394880890846	-2.0	243.0	-2.0	-2.0	-2.0	419.5	3.3183200359344482	-2.0	46727.5	-2.0	251.0	14.236649990081787	-2.0	3.532195114530623e-05	-2.0	2987440.0	-2.0	-2.0	-2.0	-2.0	11113.5	-2.0	111963.0	-2.0	17856550.0	-2.0	-2.0	-2.0	0.00022247550077736378	33183.5	-2.0	79.68490219116211	5.579820026468951e-05	1.5319350040954305e-05	2991420.0	-2.0	-2.0	2.0381299691507593e-05	-2.0	420088.5	-2.0	-2.0	-2.0	-2.0	11346.0	3.5	1.5	33692.0	-2.0	-2.0	8550.0	-2.0	18.676849842071533	-2.0	-2.0	195.21900177001953	1.5	-2.0	-2.0	-2.0	99596.5	-2.0	-2.0
# Feature
5	8	4	8	0	0	-2	4	-2	3	-2	-2	1	4	-2	-2	-2	4	2	2	-2	1	0	-2	-2	-2	-2	6	7	-2	1	-2	9	-2	-2	-2	3	3	-2	-2	6	-2	-2	7	2	8	4	0	-2	4	5	2	-2	-2	5	-2	0	-2	2	-2	-2	4	-2	8	-2	-2	-2	5	3	-2	8	-2	5	3	-2	4	-2	2	-2	-2	-2	-2	8	-2	1	-2	2	-2	-2	-2	4	8	-2	3	4	4	1	-2	-2	4	-2	2	-2	-2	-2	-2	5	9	6	0	-2	-2	0	-2	7	-2	-2	7	6	-2	-2	-2	0	-2	-2
# Values
154.0	1426.0	77.0	0.0	0.0	27.0
37.0	1337.0	77.0	0.0	0.0	22.0
0.0	145.0	69.0	0.0	0.0	1.0
0.0	137.0	43.0	0.0	0.0	1.0
0.0	35.0	32.0	0.0	0.0	0.0
0.0	8.0	21.0	0.0	0.0	0.0
0.0	2.0	0.0	0.0	0.0	0.0
0.0	6.0	21.0	0.0	0.0	0.0
0.0	3.0	1.0	0.0	0.0	0.0
0.0	3.0	20.0	0.0	0.0	0.0
0.0	0.0	17.0	0.0	0.0	0.0
0.0	3.0	3.0	0.0	0.0	0.0
0.0	27.0	11.0	0.0	0.0	0.0
0.0	27.0	6.0	0.0	0.0	0.0
0.0	18.0	0.0	0.0	0.0	0.0
0.0	9.0	6.0	0.0	0.0	0.0
0.0	0.0	5.0	0.0	0.0	0.0
0.0	102.0	11.0	0.0	0.0	1.0
0.0	83.0	3.0	0.0	0.0	1.0
0.0	83.0	3.0	0.0	0.0	0.0
0.0	6.0	2.0	0.0	0.0	0.0
0.0	77.0	1.0	0.0	0.0	0.0
0.0	25.0	1.0	0.0	0.0	0.0
0.0	22.0	0.0	0.0	0.0	0.0
0.0	3.0	1.0	0.0	0.0	0.0
0.0	52.0	0.0	0.0	0.0	0.0
0.0	0.0	0.0	0.0	0.0	1.0
0.0	19.0	8.0	0.0	0.0	0.0
0.0	17.0	3.0	0.0	0.0	0.0
0.0	0.0	1.0	0.0	0.0	0.0
0.0	17.0	2.0	0.0	0.0	0.0
0.0	0.0	1.0	0.0	0.0	0.0
0.0	17.0	1.0	0.0	0.0	0.0
0.0	15.0	0.0	0.0	0.0	0.0
0.0	2.0	1.0	0.0	0.0	0.0
0.0	2.0	5.0	0.0	0.0	0.0
0.0	8.0	26.0	0.0	0.0	0.0
0.0	7.0	12.0	0.0	0.0	0.0
0.0	0.0	8.0	0.0	0.0	0.0
0.0	7.0	4.0	0.0	0.0	0.0
0.0	1.0	14.0	0.0	0.0	0.0
0.0	0.0	13.0	0.0	0.0	0.0
0.0	1.0	1.0	0.0	0.0	0.0
37.0	1192.0	8.0	0.0	0.0	21.0
29.0	1192.0	8.0	0.0	0.0	21.0
24.0	1143.0	8.0	0.0	0.0	4.0
6.0	1036.0	8.0	0.0	0.0	1.0
6.0	1036.0	4.0	0.0	0.0	1.0
0.0	0.0	1.0	0.0	0.0	0.0
6.0	1036.0	3.0	0.0	0.0	1.0
6.0	1016.0	0.0	0.0	0.0	1.0
0.0	901.0	0.0	0.0	0.0	1.0
0.0	898.0	0.0	0.0	0.0	0.0
0.0	3.0	0.0	0.0	0.0	1.0
6.0	115.0	0.0	0.0	0.0	0.0
2.0	0.0	0.0	0.0	0.0	0.0
4.0	115.0	0.0	0.0	0.0	0.0
0.0	103.0	0.0	0.0	0.0	0.0
4.0	12.0	0.0	0.0	0.0	0.0
4.0	0.0	0.0	0.0	0.0	0.0
0.0	12.0	0.0	0.0	0.0	0.0
0.0	20.0	3.0	0.0	0.0	0.0
0.0	0.0	1.0	0.0	0.0	0.0
0.0	20.0	2.0	0.0	0.0	0.0
0.0	16.0	0.0	0.0	0.0	0.0
0.0	4.0	2.0	0.0	0.0	0.0
0.0	0.0	4.0	0.0	0.0	0.0
18.0	107.0	0.0	0.0	0.0	3.0
8.0	101.0	0.0	0.0	0.0	3.0
3.0	4.0	0.0	0.0	0.0	0.0
5.0	97.0	0.0	0.0	0.0	3.0
1.0	0.0	0.0	0.0	0.0	0.0
4.0	97.0	0.0	0.0	0.0	3.0
1.0	87.0	0.0	0.0	0.0	2.0
0.0	68.0	0.0	0.0	0.0	0.0
1.0	19.0	0.0	0.0	0.0	2.0
0.0	0.0	0.0	0.0	0.0	2.0
1.0	19.0	0.0	0.0	0.0	0.0
1.0	2.0	0.0	0.0	0.0	0.0
0.0	17.0	0.0	0.0	0.0	0.0
3.0	10.0	0.0	0.0	0.0	1.0
10.0	6.0	0.0	0.0	0.0	0.0
5.0	49.0	0.0	0.0	0.0	17.0
0.0	0.0	0.0	0.0	0.0	15.0
5.0	49.0	0.0	0.0	0.0	2.0
0.0	0.0	0.0	0.0	0.0	2.0
5.0	49.0	0.0	0.0	0.0	0.0
5.0	3.0	0.0	0.0	0.0	0.0
0.0	46.0	0.0	0.0	0.0	0.0
8.0	0.0	0.0	0.0	0.0	0.0
117.0	89.0	0.0	0.0	0.0	5.0
90.0	22.0	0.0	0.0	0.0	0.0
0.0	8.0	0.0	0.0	0.0	0.0
90.0	14.0	0.0	0.0	0.0	0.0
90.0	9.0	0.0	0.0	0.0	0.0
49.0	9.0	0.0	0.0	0.0	0.0
37.0	1.0	0.0	0.0	0.0	0.0
31.0	0.0	0.0	0.0	0.0	0.0
6.0	1.0	0.0	0.0	0.0	0.0
12.0	8.0	0.0	0.0	0.0	0.0
0.0	5.0	0.0	0.0	0.0	0.0
12.0	3.0	0.0	0.0	0.0	0.0
0.0	2.0	0.0	0.0	0.0	0.0
12.0	1.0	0.0	0.0	0.0	0.0
41.0	0.0	0.0	0.0	0.0	0.0
0.0	5.0	0.0	0.0	0.0	0.0
27.0	67.0	0.0	0.0	0.0	5.0
16.0	67.0	0.0	0.0	0.0	3.0
11.0	14.0	0.0	0.0	0.0	2.0
0.0	12.0	0.0	0.0	0.0	2.0
0.0	12.0	0.0	0.0	0.0	0.0
0.0	0.0	0.0	0.0	0.0	2.0
11.0	2.0	0.0	0.0	0.0	0.0
0.0	1.0	0.0	0.0	0.0	0.0
11.0	1.0	0.0	0.0	0.0	0.0
0.0	1.0	0.0	0.0	0.0	0.0
11.0	0.0	0.0	0.0	0.0	0.0
5.0	53.0	0.0	0.0	0.0	1.0
2.0	50.0	0.0	0.0	0.0	0.0
2.0	7.0	0.0	0.0	0.0	0.0
0.0	43.0	0.0	0.0	0.0	0.0
3.0	3.0	0.0	0.0	0.0	1.0
11.0	0.0	0.0	0.0	0.0	2.0
11.0	0.0	0.0	0.0	0.0	0.0
0.0	0.0	0.0	0.0	0.0	2.0
