# Sizes (NFeatures, Nclasses, NodeCount, MaxDepth)
10	3	121	12
# Classes
0.0	1.0	2.0
# Feature Names
Nrows	Ncols	Nnnz	AvgNnnz	Density	MaxRowNnnz	MinRowNnnz	StdRowNnnz	NDiags	NTrueDiags
# Left
1	2	3	4	-1	-1	-1	8	-1	10	-1	-1	13	14	15	16	-1	18	-1	-1	21	-1	23	-1	25	-1	27	-1	-1	30	31	-1	-1	-1	35	36	37	38	-1	40	-1	-1	43	-1	45	46	-1	48	-1	-1	51	-1	-1	54	55	56	57	58	-1	60	61	-1	63	-1	-1	-1	67	68	69	70	-1	-1	73	-1	-1	-1	-1	-1	79	80	-1	-1	83	84	-1	-1	-1	88	-1	-1	91	92	-1	-1	95	96	97	-1	99	100	101	-1	103	104	-1	-1	-1	108	-1	110	-1	-1	-1	114	-1	116	-1	118	-1	-1	-1
# Right
12	7	6	5	-1	-1	-1	9	-1	11	-1	-1	34	29	20	17	-1	19	-1	-1	22	-1	24	-1	26	-1	28	-1	-1	33	32	-1	-1	-1	90	53	42	39	-1	41	-1	-1	44	-1	50	47	-1	49	-1	-1	52	-1	-1	87	78	77	66	59	-1	65	62	-1	64	-1	-1	-1	76	75	72	71	-1	-1	74	-1	-1	-1	-1	-1	82	81	-1	-1	86	85	-1	-1	-1	89	-1	-1	94	93	-1	-1	120	113	98	-1	112	107	102	-1	106	105	-1	-1	-1	109	-1	111	-1	-1	-1	115	-1	117	-1	119	-1	-1	-1
# Threshold
4.5	3.40215003490448	1.5	22676.5	-2.0	-2.0	-2.0	1.5	-2.0	3.0	-2.0	-2.0	3.4195799827575684	44667.0	6.5	0.6591155230998993	-2.0	2.1195600032806396	-2.0	-2.0	0.9711239635944366	-2.0	387.5	-2.0	2.3201299905776978	-2.0	600.0	-2.0	-2.0	2815.0	39.0	-2.0	-2.0	-2.0	1.5	4.996520042419434	4.70100998878479	1.1871519982814789	-2.0	343432.5	-2.0	-2.0	2.2889649868011475	-2.0	3.296815037727356	2.0206749468343332e-05	-2.0	170683.0	-2.0	-2.0	35892.0	-2.0	-2.0	0.054804449900984764	41.49680137634277	0.005080210044980049	60903.0	5.895215034484863	-2.0	6591.0	6.190359830856323	-2.0	9.751659870147705	-2.0	-2.0	-2.0	3782435.0	0.004092314979061484	274966.0	9148.5	-2.0	-2.0	486164.5	-2.0	-2.0	-2.0	-2.0	-2.0	70.70244979858398	34.64684867858887	-2.0	-2.0	49157.0	9215.0	-2.0	-2.0	-2.0	1537.0	-2.0	-2.0	0.6817429959774017	4.366814851760864	-2.0	-2.0	10.5	8.5	1522.5	-2.0	1194.5	18.521050453186035	1590.0	-2.0	3465270.0	1603.0	-2.0	-2.0	-2.0	12.745999813079834	-2.0	652.5	-2.0	-2.0	-2.0	15.63415002822876	-2.0	19.151899337768555	-2.0	399.66551208496094	-2.0	-2.0	-2.0
# Feature
5	3	6	1	-2	-2	-2	9	-2	9	-2	-2	3	1	5	7	-2	3	-2	-2	3	-2	8	-2	3	-2	8	-2	-2	5	5	-2	-2	-2	9	3	3	7	-2	2	-2	-2	7	-2	7	4	-2	0	-2	-2	8	-2	-2	4	3	4	2	3	-2	1	7	-2	3	-2	-2	-2	1	4	8	1	-2	-2	8	-2	-2	-2	-2	-2	7	7	-2	-2	5	1	-2	-2	-2	8	-2	-2	7	3	-2	-2	6	6	8	-2	5	7	8	-2	0	8	-2	-2	-2	3	-2	5	-2	-2	-2	3	-2	3	-2	7	-2	-2	-2
# Values
87.0	1504.0	93.0
51.0	20.0	9.0
22.0	20.0	1.0
22.0	1.0	1.0
21.0	0.0	0.0
1.0	1.0	1.0
0.0	19.0	0.0
29.0	0.0	8.0
0.0	0.0	6.0
29.0	0.0	2.0
5.0	0.0	2.0
24.0	0.0	0.0
36.0	1484.0	84.0
32.0	67.0	1.0
12.0	58.0	0.0
7.0	6.0	0.0
0.0	2.0	0.0
7.0	4.0	0.0
6.0	0.0	0.0
1.0	4.0	0.0
5.0	52.0	0.0
2.0	0.0	0.0
3.0	52.0	0.0
0.0	35.0	0.0
3.0	17.0	0.0
2.0	2.0	0.0
1.0	15.0	0.0
1.0	1.0	0.0
0.0	14.0	0.0
20.0	9.0	1.0
20.0	1.0	1.0
16.0	0.0	0.0
4.0	1.0	1.0
0.0	8.0	0.0
4.0	1417.0	83.0
2.0	262.0	70.0
2.0	40.0	36.0
1.0	28.0	3.0
0.0	0.0	2.0
1.0	28.0	1.0
0.0	25.0	0.0
1.0	3.0	1.0
1.0	12.0	33.0
1.0	4.0	0.0
0.0	8.0	33.0
0.0	2.0	23.0
0.0	0.0	12.0
0.0	2.0	11.0
0.0	0.0	7.0
0.0	2.0	4.0
0.0	6.0	10.0
0.0	1.0	7.0
0.0	5.0	3.0
0.0	222.0	34.0
0.0	215.0	24.0
0.0	192.0	14.0
0.0	130.0	14.0
0.0	19.0	7.0
0.0	7.0	0.0
0.0	12.0	7.0
0.0	12.0	5.0
0.0	5.0	0.0
0.0	7.0	5.0
0.0	3.0	5.0
0.0	4.0	0.0
0.0	0.0	2.0
0.0	111.0	7.0
0.0	108.0	4.0
0.0	107.0	3.0
0.0	94.0	1.0
0.0	11.0	1.0
0.0	83.0	0.0
0.0	13.0	2.0
0.0	2.0	2.0
0.0	11.0	0.0
0.0	1.0	1.0
0.0	3.0	3.0
0.0	62.0	0.0
0.0	23.0	10.0
0.0	4.0	6.0
0.0	4.0	1.0
0.0	0.0	5.0
0.0	19.0	4.0
0.0	18.0	1.0
0.0	1.0	1.0
0.0	17.0	0.0
0.0	1.0	3.0
0.0	7.0	10.0
0.0	7.0	2.0
0.0	0.0	8.0
2.0	1155.0	13.0
2.0	84.0	0.0
2.0	1.0	0.0
0.0	83.0	0.0
0.0	1071.0	13.0
0.0	888.0	13.0
0.0	856.0	9.0
0.0	390.0	0.0
0.0	466.0	9.0
0.0	270.0	9.0
0.0	226.0	3.0
0.0	1.0	1.0
0.0	225.0	2.0
0.0	221.0	1.0
0.0	36.0	1.0
0.0	185.0	0.0
0.0	4.0	1.0
0.0	44.0	6.0
0.0	4.0	5.0
0.0	40.0	1.0
0.0	36.0	0.0
0.0	4.0	1.0
0.0	196.0	0.0
0.0	32.0	4.0
0.0	14.0	0.0
0.0	18.0	4.0
0.0	1.0	3.0
0.0	17.0	1.0
0.0	16.0	0.0
0.0	1.0	1.0
0.0	183.0	0.0
