# Sizes (NFeatures, Nclasses, NodeCount, MaxDepth)
10	3	119	12
# Classes
0.0	1.0	2.0
# Feature Names
Nrows	Ncols	Nnnz	AvgNnnz	Density	MaxRowNnnz	MinRowNnnz	StdRowNnnz	NDiags	NTrueDiags
# Left
1	2	3	4	5	-1	-1	-1	9	-1	11	-1	-1	14	15	16	-1	18	-1	-1	21	22	-1	24	-1	-1	-1	28	29	30	-1	-1	-1	34	-1	-1	37	38	39	40	-1	42	-1	-1	45	46	47	-1	-1	-1	-1	52	53	54	55	-1	57	-1	-1	-1	61	62	63	-1	-1	66	67	68	-1	-1	71	-1	73	-1	-1	76	77	-1	79	-1	-1	-1	83	-1	-1	86	-1	-1	89	90	91	-1	-1	94	95	-1	-1	98	99	100	101	102	-1	104	105	-1	-1	-1	109	-1	-1	-1	-1	114	115	-1	-1	-1	-1
# Right
36	13	8	7	6	-1	-1	-1	10	-1	12	-1	-1	27	20	17	-1	19	-1	-1	26	23	-1	25	-1	-1	-1	33	32	31	-1	-1	-1	35	-1	-1	88	51	44	41	-1	43	-1	-1	50	49	48	-1	-1	-1	-1	85	60	59	56	-1	58	-1	-1	-1	82	65	64	-1	-1	75	70	69	-1	-1	72	-1	74	-1	-1	81	78	-1	80	-1	-1	-1	84	-1	-1	87	-1	-1	118	93	92	-1	-1	97	96	-1	-1	113	112	111	108	103	-1	107	106	-1	-1	-1	110	-1	-1	-1	-1	117	116	-1	-1	-1	-1
# Threshold
4.001450061798096	4.5	3.40215003490448	1.5	22676.5	-2.0	-2.0	-2.0	1.5	-2.0	3.0	-2.0	-2.0	46509.0	2.3052650690078735	1.1950550079345703	-2.0	702.5	-2.0	-2.0	1.1846050024032593	1.5	-2.0	402.0	-2.0	-2.0	-2.0	2.864775061607361	4.092175006866455	155040496.0	-2.0	-2.0	-2.0	14.909904718399048	-2.0	-2.0	1.5	5.437535037344787e-05	4.960909843444824	31721.0	-2.0	3.2229150533676147	-2.0	-2.0	334.64149475097656	3782435.0	194417.5	-2.0	-2.0	-2.0	-2.0	16.5	4518.5	1.5	9.655290126800537	-2.0	131.5	-2.0	-2.0	-2.0	59176.0	4.996520042419434	17803.5	-2.0	-2.0	0.00219413498416543	60903.0	5561.5	-2.0	-2.0	0.0014946699957363307	-2.0	32.920350074768066	-2.0	-2.0	26174.5	42429.0	-2.0	219.20249938964844	-2.0	-2.0	-2.0	388321.0	-2.0	-2.0	32.5	-2.0	-2.0	19.5	0.0005244634812697768	4758865.0	-2.0	-2.0	0.0006544094940181822	17144.0	-2.0	-2.0	14.744999885559082	1.5	19.39900016784668	303.5	1600.5	-2.0	6637.0	0.003957269946113229	-2.0	-2.0	-2.0	8.0	-2.0	-2.0	-2.0	-2.0	18.17799949645996	116.0	-2.0	-2.0	-2.0	-2.0
# Feature
3	5	3	6	1	-2	-2	-2	9	-2	9	-2	-2	1	3	7	-2	1	-2	-2	7	9	-2	8	-2	-2	-2	3	7	1	-2	-2	-2	7	-2	-2	9	4	3	8	-2	7	-2	-2	7	1	0	-2	-2	-2	-2	6	8	6	7	-2	5	-2	-2	-2	8	3	1	-2	-2	4	2	0	-2	-2	4	-2	7	-2	-2	8	2	-2	7	-2	-2	-2	8	-2	-2	6	-2	-2	9	4	8	-2	-2	4	0	-2	-2	3	6	7	5	8	-2	2	4	-2	-2	-2	9	-2	-2	-2	-2	3	8	-2	-2	-2	-2
# Values
87.0	1504.0	93.0
85.0	197.0	12.0
51.0	20.0	9.0
22.0	20.0	1.0
22.0	1.0	1.0
21.0	0.0	0.0
1.0	1.0	1.0
0.0	19.0	0.0
29.0	0.0	8.0
0.0	0.0	6.0
29.0	0.0	2.0
5.0	0.0	2.0
24.0	0.0	0.0
34.0	177.0	3.0
13.0	162.0	2.0
10.0	8.0	0.0
6.0	0.0	0.0
4.0	8.0	0.0
0.0	6.0	0.0
4.0	2.0	0.0
3.0	154.0	2.0
3.0	21.0	2.0
1.0	1.0	2.0
2.0	20.0	0.0
0.0	19.0	0.0
2.0	1.0	0.0
0.0	133.0	0.0
21.0	15.0	1.0
18.0	5.0	1.0
17.0	0.0	1.0
16.0	0.0	0.0
1.0	0.0	1.0
1.0	5.0	0.0
3.0	10.0	0.0
3.0	1.0	0.0
0.0	9.0	0.0
2.0	1307.0	81.0
2.0	243.0	68.0
2.0	32.0	32.0
2.0	5.0	26.0
2.0	1.0	2.0
0.0	4.0	24.0
0.0	0.0	19.0
0.0	4.0	5.0
0.0	27.0	6.0
0.0	26.0	3.0
0.0	23.0	1.0
0.0	2.0	1.0
0.0	21.0	0.0
0.0	3.0	2.0
0.0	1.0	3.0
0.0	211.0	36.0
0.0	209.0	26.0
0.0	94.0	3.0
0.0	41.0	3.0
0.0	20.0	0.0
0.0	21.0	3.0
0.0	6.0	3.0
0.0	15.0	0.0
0.0	53.0	0.0
0.0	115.0	23.0
0.0	79.0	22.0
0.0	4.0	8.0
0.0	4.0	1.0
0.0	0.0	7.0
0.0	75.0	14.0
0.0	56.0	5.0
0.0	9.0	3.0
0.0	7.0	0.0
0.0	2.0	3.0
0.0	47.0	2.0
0.0	34.0	0.0
0.0	13.0	2.0
0.0	10.0	0.0
0.0	3.0	2.0
0.0	19.0	9.0
0.0	17.0	4.0
0.0	1.0	3.0
0.0	16.0	1.0
0.0	15.0	0.0
0.0	1.0	1.0
0.0	2.0	5.0
0.0	36.0	1.0
0.0	34.0	0.0
0.0	2.0	1.0
0.0	2.0	10.0
0.0	0.0	9.0
0.0	2.0	1.0
0.0	1064.0	13.0
0.0	760.0	13.0
0.0	268.0	1.0
0.0	265.0	0.0
0.0	3.0	1.0
0.0	492.0	12.0
0.0	12.0	6.0
0.0	10.0	0.0
0.0	2.0	6.0
0.0	480.0	6.0
0.0	422.0	3.0
0.0	182.0	3.0
0.0	106.0	3.0
0.0	92.0	1.0
0.0	55.0	0.0
0.0	37.0	1.0
0.0	32.0	1.0
0.0	2.0	0.0
0.0	30.0	1.0
0.0	5.0	0.0
0.0	14.0	2.0
0.0	0.0	2.0
0.0	14.0	0.0
0.0	76.0	0.0
0.0	240.0	0.0
0.0	58.0	3.0
0.0	9.0	3.0
0.0	1.0	2.0
0.0	8.0	1.0
0.0	49.0	0.0
0.0	304.0	0.0
