# Sizes (NFeatures, Nclasses, NodeCount, MaxDepth)
10	3	119	12
# Classes
0.0	1.0	2.0
# Feature Names
Nrows	Ncols	Nnnz	AvgNnnz	Density	MaxRowNnnz	MinRowNnnz	StdRowNnnz	NDiags	NTrueDiags
# Left
1	2	3	4	5	6	-1	8	-1	-1	11	-1	13	-1	-1	16	-1	18	-1	20	-1	-1	23	-1	25	-1	-1	28	-1	-1	31	32	33	-1	35	-1	37	-1	39	-1	-1	42	43	44	-1	46	47	48	-1	-1	-1	-1	53	54	55	-1	-1	-1	-1	60	61	-1	-1	64	65	66	-1	-1	69	70	71	72	73	-1	-1	-1	-1	-1	79	-1	81	-1	83	-1	-1	86	-1	-1	89	90	-1	-1	93	94	-1	96	-1	-1	99	100	101	-1	103	-1	105	106	107	108	-1	-1	-1	-1	-1	114	115	-1	-1	-1	-1
# Right
30	27	22	15	10	7	-1	9	-1	-1	12	-1	14	-1	-1	17	-1	19	-1	21	-1	-1	24	-1	26	-1	-1	29	-1	-1	88	41	34	-1	36	-1	38	-1	40	-1	-1	59	52	45	-1	51	50	49	-1	-1	-1	-1	58	57	56	-1	-1	-1	-1	63	62	-1	-1	85	68	67	-1	-1	78	77	76	75	74	-1	-1	-1	-1	-1	80	-1	82	-1	84	-1	-1	87	-1	-1	92	91	-1	-1	98	95	-1	97	-1	-1	118	113	102	-1	104	-1	112	111	110	109	-1	-1	-1	-1	-1	117	116	-1	-1	-1	-1
# Threshold
1.1743950247764587	4.5	4.262860059738159	3.3603650331497192	2.290405035018921	27.5	-2.0	155040496.0	-2.0	-2.0	1.5	-2.0	0.8457440137863159	-2.0	-2.0	29.0	-2.0	1.5	-2.0	0.22104649990797043	-2.0	-2.0	9.5	-2.0	0.8506574928760529	-2.0	-2.0	4.5	-2.0	-2.0	1.5	4.70100998878479	1.6865450143814087	-2.0	14243.5	-2.0	6.9230852127075195	-2.0	14.628949880599976	-2.0	-2.0	4.3216399717493914e-05	4.960909843444824	2.3360400199890137	-2.0	4.891810178756714	72930.0	4.845749855041504	-2.0	-2.0	-2.0	-2.0	707.7239990234375	3782435.0	2.508214947738452e-05	-2.0	-2.0	-2.0	-2.0	1543.0	156.5	-2.0	-2.0	16.5	4.996520042419434	36.0	-2.0	-2.0	60.609397888183594	105712.5	3.5	41.40625	5.895215034484863	-2.0	-2.0	-2.0	-2.0	-2.0	70.70244979858398	-2.0	18161.0	-2.0	0.00045168651558924466	-2.0	-2.0	20.80359411239624	-2.0	-2.0	0.0005174870020709932	3.480334997177124	-2.0	-2.0	0.0006527985096909106	2.5	-2.0	16.0	-2.0	-2.0	16.989999771118164	14.744999885559082	1460.0	-2.0	1188.5	-2.0	19.533300399780273	17.695850372314453	6637.0	5890.0	-2.0	-2.0	-2.0	-2.0	-2.0	19.5	116.0	-2.0	-2.0	-2.0	-2.0
# Feature
7	9	3	3	3	1	-2	1	-2	-2	9	-2	7	-2	-2	8	-2	9	-2	7	-2	-2	5	-2	7	-2	-2	5	-2	-2	9	3	3	-2	1	-2	7	-2	7	-2	-2	4	3	7	-2	3	8	3	-2	-2	-2	-2	7	1	4	-2	-2	-2	-2	8	0	-2	-2	6	3	5	-2	-2	3	2	6	7	3	-2	-2	-2	-2	-2	7	-2	0	-2	4	-2	-2	7	-2	-2	4	3	-2	-2	4	9	-2	9	-2	-2	3	3	8	-2	0	-2	7	7	2	2	-2	-2	-2	-2	-2	9	8	-2	-2	-2	-2
# Values
87.0	1504.0	93.0
76.0	199.0	14.0
70.0	68.0	14.0
70.0	37.0	12.0
44.0	37.0	2.0
35.0	2.0	1.0
0.0	2.0	0.0
35.0	0.0	1.0
34.0	0.0	0.0
1.0	0.0	1.0
9.0	35.0	1.0
5.0	2.0	1.0
4.0	33.0	0.0
0.0	30.0	0.0
4.0	3.0	0.0
26.0	0.0	10.0
12.0	0.0	0.0
14.0	0.0	10.0
0.0	0.0	8.0
14.0	0.0	2.0
3.0	0.0	2.0
11.0	0.0	0.0
0.0	31.0	2.0
0.0	19.0	0.0
0.0	12.0	2.0
0.0	5.0	2.0
0.0	7.0	0.0
6.0	131.0	0.0
6.0	1.0	0.0
0.0	130.0	0.0
11.0	1305.0	79.0
10.0	287.0	67.0
9.0	64.0	1.0
6.0	3.0	0.0
3.0	61.0	1.0
0.0	44.0	0.0
3.0	17.0	1.0
3.0	6.0	0.0
0.0	11.0	1.0
0.0	1.0	1.0
0.0	10.0	0.0
1.0	223.0	66.0
1.0	26.0	31.0
1.0	4.0	25.0
1.0	0.0	1.0
0.0	4.0	24.0
0.0	4.0	16.0
0.0	2.0	15.0
0.0	0.0	10.0
0.0	2.0	5.0
0.0	2.0	1.0
0.0	0.0	8.0
0.0	22.0	6.0
0.0	22.0	4.0
0.0	19.0	2.0
0.0	14.0	0.0
0.0	5.0	2.0
0.0	3.0	2.0
0.0	0.0	2.0
0.0	197.0	35.0
0.0	46.0	1.0
0.0	2.0	1.0
0.0	44.0	0.0
0.0	151.0	34.0
0.0	150.0	25.0
0.0	2.0	8.0
0.0	2.0	0.0
0.0	0.0	8.0
0.0	148.0	17.0
0.0	130.0	9.0
0.0	60.0	9.0
0.0	29.0	9.0
0.0	21.0	9.0
0.0	7.0	0.0
0.0	14.0	9.0
0.0	8.0	0.0
0.0	31.0	0.0
0.0	70.0	0.0
0.0	18.0	8.0
0.0	1.0	5.0
0.0	17.0	3.0
0.0	2.0	2.0
0.0	15.0	1.0
0.0	1.0	1.0
0.0	14.0	0.0
0.0	1.0	9.0
0.0	0.0	8.0
0.0	1.0	1.0
1.0	1018.0	12.0
1.0	285.0	0.0
1.0	3.0	0.0
0.0	282.0	0.0
0.0	733.0	12.0
0.0	10.0	6.0
0.0	0.0	4.0
0.0	10.0	2.0
0.0	3.0	2.0
0.0	7.0	0.0
0.0	723.0	6.0
0.0	454.0	6.0
0.0	431.0	3.0
0.0	239.0	0.0
0.0	192.0	3.0
0.0	1.0	1.0
0.0	191.0	2.0
0.0	91.0	2.0
0.0	90.0	1.0
0.0	36.0	1.0
0.0	6.0	0.0
0.0	30.0	1.0
0.0	54.0	0.0
0.0	1.0	1.0
0.0	100.0	0.0
0.0	23.0	3.0
0.0	8.0	3.0
0.0	0.0	2.0
0.0	8.0	1.0
0.0	15.0	0.0
0.0	269.0	0.0
