# Sizes (NFeatures, Nclasses, NodeCount, MaxDepth)
10	4	279	15
# Classes
0.0	1.0	2.0	3.0
# Feature Names
Nrows	Ncols	Nnnz	AvgNnnz	Density	MaxRowNnnz	MinRowNnnz	StdRowNnnz	NDiags	NTrueDiags
# Left
1	2	3	-1	5	-1	7	8	-1	-1	-1	12	13	14	-1	16	-1	18	-1	-1	21	22	23	-1	25	-1	27	-1	-1	-1	31	32	-1	-1	-1	36	37	38	39	40	-1	42	-1	-1	-1	46	-1	-1	-1	50	51	52	53	-1	-1	-1	57	58	-1	-1	-1	-1	63	64	65	66	-1	68	69	-1	71	-1	-1	74	75	76	-1	78	-1	-1	81	82	-1	-1	85	86	-1	88	-1	-1	-1	92	93	-1	-1	-1	97	-1	-1	100	101	102	103	104	105	-1	107	108	-1	110	111	112	-1	-1	-1	-1	-1	118	119	-1	121	-1	-1	124	125	126	-1	-1	-1	130	131	132	-1	-1	135	136	-1	-1	139	140	-1	-1	-1	144	-1	-1	147	-1	-1	150	151	-1	-1	154	155	-1	157	-1	-1	160	-1	162	-1	-1	165	166	-1	168	169	-1	171	172	173	-1	-1	-1	-1	-1	179	-1	181	182	183	184	-1	186	187	188	-1	-1	-1	-1	-1	194	195	-1	-1	-1	199	200	-1	-1	-1	204	-1	206	207	-1	209	-1	211	-1	-1	214	-1	216	217	218	219	-1	-1	-1	223	-1	-1	226	227	228	229	-1	-1	-1	-1	234	-1	236	-1	-1	239	240	241	242	243	244	-1	-1	247	-1	249	250	-1	252	-1	254	-1	-1	-1	-1	-1	-1	261	262	263	-1	-1	-1	267	268	269	270	-1	-1	273	274	-1	-1	-1	-1	-1
# Right
62	11	4	-1	6	-1	10	9	-1	-1	-1	35	20	15	-1	17	-1	19	-1	-1	30	29	24	-1	26	-1	28	-1	-1	-1	34	33	-1	-1	-1	49	48	45	44	41	-1	43	-1	-1	-1	47	-1	-1	-1	61	56	55	54	-1	-1	-1	60	59	-1	-1	-1	-1	238	99	96	67	-1	73	70	-1	72	-1	-1	91	80	77	-1	79	-1	-1	84	83	-1	-1	90	87	-1	89	-1	-1	-1	95	94	-1	-1	-1	98	-1	-1	203	164	149	146	117	106	-1	116	109	-1	115	114	113	-1	-1	-1	-1	-1	123	120	-1	122	-1	-1	129	128	127	-1	-1	-1	143	134	133	-1	-1	138	137	-1	-1	142	141	-1	-1	-1	145	-1	-1	148	-1	-1	153	152	-1	-1	159	156	-1	158	-1	-1	161	-1	163	-1	-1	178	167	-1	177	170	-1	176	175	174	-1	-1	-1	-1	-1	180	-1	198	193	192	185	-1	191	190	189	-1	-1	-1	-1	-1	197	196	-1	-1	-1	202	201	-1	-1	-1	205	-1	213	208	-1	210	-1	212	-1	-1	215	-1	225	222	221	220	-1	-1	-1	224	-1	-1	233	232	231	230	-1	-1	-1	-1	235	-1	237	-1	-1	260	259	258	257	246	245	-1	-1	248	-1	256	251	-1	253	-1	255	-1	-1	-1	-1	-1	-1	266	265	264	-1	-1	-1	278	277	272	271	-1	-1	276	275	-1	-1	-1	-1	-1
# Threshold
5.886250019073486	7.5	4.0	-2.0	6.5	-2.0	3.5	538239.5	-2.0	-2.0	-2.0	5.021554946899414	9.92519998550415	0.00909474492073059	-2.0	0.009498595260083675	-2.0	0.011525720357894897	-2.0	-2.0	0.0042096651159226894	0.5	9093.0	-2.0	50311.5	-2.0	0.5	-2.0	-2.0	-2.0	13.255099773406982	11.337949752807617	-2.0	-2.0	-2.0	360.5	34633.0	5.757390022277832	2.5	2.9760050773620605	-2.0	279.0	-2.0	-2.0	-2.0	283.5	-2.0	-2.0	-2.0	2.5	5.699335098266602	0.5	5.53725004196167	-2.0	-2.0	-2.0	426.0	121313.5	-2.0	-2.0	-2.0	-2.0	9.5	6.811089992523193	9.274789810180664	14.0	-2.0	1.734149992465973	2799465.0	-2.0	37653800.0	-2.0	-2.0	148938.5	1.5	6.172600030899048	-2.0	3151.5	-2.0	-2.0	40.0	2.367585003376007	-2.0	-2.0	227.0	40791.0	-2.0	1963.5	-2.0	-2.0	-2.0	5.7965099811553955	98125.0	-2.0	-2.0	-2.0	1.5	-2.0	-2.0	73753.0	4.5	21.766950607299805	105456.5	8.117700099945068	2739.0	-2.0	13021.5	8.5	-2.0	31.1222505569458	3058.0	4925.0	-2.0	-2.0	-2.0	-2.0	-2.0	29.0	3.5	-2.0	0.4417699873447418	-2.0	-2.0	0.5	0.0004235554952174425	53242.5	-2.0	-2.0	-2.0	5120.5	0.00027753050380852073	45031.0	-2.0	-2.0	552.5	320.5	-2.0	-2.0	9.07040023803711	7.842515230178833	-2.0	-2.0	-2.0	30519.0	-2.0	-2.0	2.958999991416931	-2.0	-2.0	0.0017986749880947173	75203.5	-2.0	-2.0	6.665215015411377	6.582430124282837	-2.0	69.5	-2.0	-2.0	13757.0	-2.0	43.776649475097656	-2.0	-2.0	599.5	0.013961349613964558	-2.0	353.5	1.2533199787139893	-2.0	276.5	146.0	8.199999809265137	-2.0	-2.0	-2.0	-2.0	-2.0	40.5	-2.0	32.729549407958984	6963.0	4099.5	11723.5	-2.0	14.293699741363525	1129.0	8.0	-2.0	-2.0	-2.0	-2.0	-2.0	7.651479959487915	48540.0	-2.0	-2.0	-2.0	50147.0	262.5	-2.0	-2.0	-2.0	10.5	-2.0	3.0039150714874268	0.5	-2.0	4216931.5	-2.0	27.550899505615234	-2.0	-2.0	5.326849986886373e-06	-2.0	9.110399723052979	7.879779815673828	406708.0	1.5	-2.0	-2.0	-2.0	6.610709897358902e-05	-2.0	-2.0	12.108399868011475	752162.0	882511.0	3376.0	-2.0	-2.0	-2.0	-2.0	993876.5	-2.0	518819.5	-2.0	-2.0	13.5	64.71649932861328	29.81029987335205	0.41404951363801956	1.4572749733924866	0.0032821596832945943	-2.0	-2.0	12.5	-2.0	168372.0	1.7603199481964111	-2.0	6461.5	-2.0	16.932290077209473	-2.0	-2.0	-2.0	-2.0	-2.0	-2.0	29.0	22.36520004272461	23.0	-2.0	-2.0	-2.0	44072.5	3483380.0	32.5	31.5	-2.0	-2.0	628.0	594.0	-2.0	-2.0	-2.0	-2.0	-2.0
# Feature
3	8	5	-2	8	-2	6	1	-2	-2	-2	3	7	4	-2	4	-2	4	-2	-2	4	6	8	-2	1	-2	9	-2	-2	-2	7	7	-2	-2	-2	8	2	3	6	7	-2	0	-2	-2	-2	8	-2	-2	-2	6	3	9	3	-2	-2	-2	5	0	-2	-2	-2	-2	9	3	7	8	-2	7	1	-2	2	-2	-2	2	9	3	-2	1	-2	-2	8	7	-2	-2	5	2	-2	8	-2	-2	-2	7	8	-2	-2	-2	6	-2	-2	8	9	3	0	3	1	-2	5	5	-2	7	8	1	-2	-2	-2	-2	-2	5	6	-2	7	-2	-2	6	4	8	-2	-2	-2	5	4	0	-2	-2	8	8	-2	-2	3	7	-2	-2	-2	8	-2	-2	7	-2	-2	4	1	-2	-2	7	7	-2	5	-2	-2	0	-2	7	-2	-2	1	4	-2	0	7	-2	0	1	3	-2	-2	-2	-2	-2	8	-2	3	1	0	2	-2	3	8	9	-2	-2	-2	-2	-2	3	0	-2	-2	-2	8	5	-2	-2	-2	5	-2	7	9	-2	0	-2	3	-2	-2	4	-2	3	3	1	6	-2	-2	-2	4	-2	-2	3	1	2	5	-2	-2	-2	-2	8	-2	0	-2	-2	9	3	7	4	7	4	-2	-2	9	-2	1	7	-2	1	-2	7	-2	-2	-2	-2	-2	-2	8	3	8	-2	-2	-2	5	0	8	8	-2	-2	0	1	-2	-2	-2	-2	-2
# Values
465.0	760.0	42.0	248.0
421.0	21.0	22.0	10.0
27.0	0.0	22.0	1.0
20.0	0.0	0.0	0.0
7.0	0.0	22.0	1.0
0.0	0.0	17.0	0.0
7.0	0.0	5.0	1.0
7.0	0.0	0.0	1.0
7.0	0.0	0.0	0.0
0.0	0.0	0.0	1.0
0.0	0.0	5.0	0.0
394.0	21.0	0.0	9.0
362.0	7.0	0.0	4.0
336.0	0.0	0.0	4.0
294.0	0.0	0.0	0.0
42.0	0.0	0.0	4.0
0.0	0.0	0.0	3.0
42.0	0.0	0.0	1.0
3.0	0.0	0.0	1.0
39.0	0.0	0.0	0.0
26.0	7.0	0.0	0.0
25.0	3.0	0.0	0.0
4.0	3.0	0.0	0.0
0.0	2.0	0.0	0.0
4.0	1.0	0.0	0.0
3.0	0.0	0.0	0.0
1.0	1.0	0.0	0.0
0.0	1.0	0.0	0.0
1.0	0.0	0.0	0.0
21.0	0.0	0.0	0.0
1.0	4.0	0.0	0.0
1.0	1.0	0.0	0.0
0.0	1.0	0.0	0.0
1.0	0.0	0.0	0.0
0.0	3.0	0.0	0.0
32.0	14.0	0.0	5.0
5.0	10.0	0.0	4.0
5.0	10.0	0.0	1.0
2.0	9.0	0.0	0.0
1.0	9.0	0.0	0.0
0.0	7.0	0.0	0.0
1.0	2.0	0.0	0.0
0.0	2.0	0.0	0.0
1.0	0.0	0.0	0.0
1.0	0.0	0.0	0.0
3.0	1.0	0.0	1.0
3.0	0.0	0.0	0.0
0.0	1.0	0.0	1.0
0.0	0.0	0.0	3.0
27.0	4.0	0.0	1.0
27.0	3.0	0.0	1.0
16.0	0.0	0.0	1.0
3.0	0.0	0.0	1.0
3.0	0.0	0.0	0.0
0.0	0.0	0.0	1.0
13.0	0.0	0.0	0.0
11.0	3.0	0.0	0.0
11.0	1.0	0.0	0.0
11.0	0.0	0.0	0.0
0.0	1.0	0.0	0.0
0.0	2.0	0.0	0.0
0.0	1.0	0.0	0.0
44.0	739.0	20.0	238.0
39.0	325.0	13.0	216.0
25.0	139.0	7.0	10.0
25.0	53.0	7.0	9.0
0.0	0.0	7.0	0.0
25.0	53.0	0.0	9.0
6.0	35.0	0.0	0.0
0.0	33.0	0.0	0.0
6.0	2.0	0.0	0.0
6.0	0.0	0.0	0.0
0.0	2.0	0.0	0.0
19.0	18.0	0.0	9.0
17.0	5.0	0.0	8.0
0.0	2.0	0.0	6.0
0.0	0.0	0.0	5.0
0.0	2.0	0.0	1.0
0.0	2.0	0.0	0.0
0.0	0.0	0.0	1.0
17.0	3.0	0.0	2.0
0.0	1.0	0.0	1.0
0.0	1.0	0.0	0.0
0.0	0.0	0.0	1.0
17.0	2.0	0.0	1.0
17.0	2.0	0.0	0.0
13.0	0.0	0.0	0.0
4.0	2.0	0.0	0.0
0.0	2.0	0.0	0.0
4.0	0.0	0.0	0.0
0.0	0.0	0.0	1.0
2.0	13.0	0.0	1.0
0.0	13.0	0.0	1.0
0.0	13.0	0.0	0.0
0.0	0.0	0.0	1.0
2.0	0.0	0.0	0.0
0.0	86.0	0.0	1.0
0.0	86.0	0.0	0.0
0.0	0.0	0.0	1.0
14.0	186.0	6.0	206.0
3.0	138.0	6.0	197.0
1.0	80.0	0.0	161.0
1.0	49.0	0.0	146.0
1.0	40.0	0.0	145.0
0.0	20.0	0.0	21.0
0.0	11.0	0.0	0.0
0.0	9.0	0.0	21.0
0.0	4.0	0.0	21.0
0.0	2.0	0.0	0.0
0.0	2.0	0.0	21.0
0.0	1.0	0.0	21.0
0.0	1.0	0.0	1.0
0.0	1.0	0.0	0.0
0.0	0.0	0.0	1.0
0.0	0.0	0.0	20.0
0.0	1.0	0.0	0.0
0.0	5.0	0.0	0.0
1.0	20.0	0.0	124.0
0.0	8.0	0.0	9.0
0.0	7.0	0.0	0.0
0.0	1.0	0.0	9.0
0.0	1.0	0.0	0.0
0.0	0.0	0.0	9.0
1.0	12.0	0.0	115.0
1.0	4.0	0.0	1.0
1.0	0.0	0.0	1.0
0.0	0.0	0.0	1.0
1.0	0.0	0.0	0.0
0.0	4.0	0.0	0.0
0.0	8.0	0.0	114.0
0.0	6.0	0.0	113.0
0.0	3.0	0.0	6.0
0.0	3.0	0.0	0.0
0.0	0.0	0.0	6.0
0.0	3.0	0.0	107.0
0.0	2.0	0.0	6.0
0.0	0.0	0.0	6.0
0.0	2.0	0.0	0.0
0.0	1.0	0.0	101.0
0.0	1.0	0.0	15.0
0.0	1.0	0.0	0.0
0.0	0.0	0.0	15.0
0.0	0.0	0.0	86.0
0.0	2.0	0.0	1.0
0.0	2.0	0.0	0.0
0.0	0.0	0.0	1.0
0.0	9.0	0.0	1.0
0.0	0.0	0.0	1.0
0.0	9.0	0.0	0.0
0.0	31.0	0.0	15.0
0.0	1.0	0.0	7.0
0.0	0.0	0.0	7.0
0.0	1.0	0.0	0.0
0.0	30.0	0.0	8.0
0.0	6.0	0.0	5.0
0.0	4.0	0.0	0.0
0.0	2.0	0.0	5.0
0.0	2.0	0.0	2.0
0.0	0.0	0.0	3.0
0.0	24.0	0.0	3.0
0.0	22.0	0.0	0.0
0.0	2.0	0.0	3.0
0.0	0.0	0.0	3.0
0.0	2.0	0.0	0.0
2.0	58.0	6.0	36.0
2.0	7.0	0.0	18.0
2.0	0.0	0.0	0.0
0.0	7.0	0.0	18.0
0.0	7.0	0.0	8.0
0.0	3.0	0.0	0.0
0.0	4.0	0.0	8.0
0.0	1.0	0.0	8.0
0.0	1.0	0.0	1.0
0.0	0.0	0.0	1.0
0.0	1.0	0.0	0.0
0.0	0.0	0.0	7.0
0.0	3.0	0.0	0.0
0.0	0.0	0.0	10.0
0.0	51.0	6.0	18.0
0.0	0.0	6.0	0.0
0.0	51.0	0.0	18.0
0.0	48.0	0.0	9.0
0.0	20.0	0.0	8.0
0.0	20.0	0.0	4.0
0.0	13.0	0.0	0.0
0.0	7.0	0.0	4.0
0.0	2.0	0.0	4.0
0.0	2.0	0.0	1.0
0.0	2.0	0.0	0.0
0.0	0.0	0.0	1.0
0.0	0.0	0.0	3.0
0.0	5.0	0.0	0.0
0.0	0.0	0.0	4.0
0.0	28.0	0.0	1.0
0.0	7.0	0.0	1.0
0.0	7.0	0.0	0.0
0.0	0.0	0.0	1.0
0.0	21.0	0.0	0.0
0.0	3.0	0.0	9.0
0.0	3.0	0.0	1.0
0.0	3.0	0.0	0.0
0.0	0.0	0.0	1.0
0.0	0.0	0.0	8.0
11.0	48.0	0.0	9.0
7.0	0.0	0.0	0.0
4.0	48.0	0.0	9.0
0.0	2.0	0.0	4.0
0.0	0.0	0.0	3.0
0.0	2.0	0.0	1.0
0.0	1.0	0.0	0.0
0.0	1.0	0.0	1.0
0.0	0.0	0.0	1.0
0.0	1.0	0.0	0.0
4.0	46.0	0.0	5.0
1.0	0.0	0.0	0.0
3.0	46.0	0.0	5.0
3.0	6.0	0.0	2.0
0.0	6.0	0.0	1.0
0.0	2.0	0.0	1.0
0.0	2.0	0.0	0.0
0.0	0.0	0.0	1.0
0.0	4.0	0.0	0.0
3.0	0.0	0.0	1.0
3.0	0.0	0.0	0.0
0.0	0.0	0.0	1.0
0.0	40.0	0.0	3.0
0.0	8.0	0.0	2.0
0.0	8.0	0.0	1.0
0.0	1.0	0.0	1.0
0.0	1.0	0.0	0.0
0.0	0.0	0.0	1.0
0.0	7.0	0.0	0.0
0.0	0.0	0.0	1.0
0.0	32.0	0.0	1.0
0.0	26.0	0.0	0.0
0.0	6.0	0.0	1.0
0.0	0.0	0.0	1.0
0.0	6.0	0.0	0.0
5.0	414.0	7.0	22.0
5.0	73.0	0.0	18.0
5.0	73.0	0.0	11.0
5.0	73.0	0.0	2.0
3.0	73.0	0.0	2.0
2.0	5.0	0.0	0.0
2.0	0.0	0.0	0.0
0.0	5.0	0.0	0.0
1.0	68.0	0.0	2.0
0.0	55.0	0.0	0.0
1.0	13.0	0.0	2.0
1.0	13.0	0.0	1.0
1.0	0.0	0.0	0.0
0.0	13.0	0.0	1.0
0.0	10.0	0.0	0.0
0.0	3.0	0.0	1.0
0.0	0.0	0.0	1.0
0.0	3.0	0.0	0.0
0.0	0.0	0.0	1.0
2.0	0.0	0.0	0.0
0.0	0.0	0.0	9.0
0.0	0.0	0.0	7.0
0.0	341.0	7.0	4.0
0.0	8.0	7.0	0.0
0.0	8.0	1.0	0.0
0.0	0.0	1.0	0.0
0.0	8.0	0.0	0.0
0.0	0.0	6.0	0.0
0.0	333.0	0.0	4.0
0.0	333.0	0.0	3.0
0.0	333.0	0.0	2.0
0.0	4.0	0.0	1.0
0.0	4.0	0.0	0.0
0.0	0.0	0.0	1.0
0.0	329.0	0.0	1.0
0.0	30.0	0.0	1.0
0.0	30.0	0.0	0.0
0.0	0.0	0.0	1.0
0.0	299.0	0.0	0.0
0.0	0.0	0.0	1.0
0.0	0.0	0.0	1.0
