# Sizes (NFeatures, Nclasses, NodeCount, MaxDepth)
10	6	259	14
# Classes
0.0	1.0	2.0	3.0	4.0	5.0
# Feature Names
Nrows	Ncols	Nnnz	AvgNnnz	Density	MaxRowNnnz	MinRowNnnz	StdRowNnnz	NDiags	NTrueDiags
# Left
1	2	3	4	5	-1	7	8	-1	-1	11	-1	-1	14	15	16	17	18	-1	20	-1	22	-1	24	-1	-1	-1	28	29	-1	-1	-1	33	34	35	36	-1	-1	-1	40	-1	42	-1	-1	45	-1	-1	48	49	-1	51	52	53	54	55	-1	-1	-1	-1	-1	61	-1	-1	-1	65	66	67	68	-1	70	71	72	-1	74	75	-1	77	-1	-1	-1	-1	82	83	84	85	-1	87	-1	89	-1	-1	-1	-1	-1	-1	96	97	98	99	-1	101	102	103	-1	-1	-1	107	-1	109	110	-1	-1	-1	-1	-1	116	-1	-1	119	-1	121	-1	123	124	125	126	-1	128	129	130	-1	132	-1	-1	-1	-1	-1	-1	-1	140	141	142	-1	-1	-1	146	147	148	-1	-1	151	152	153	-1	155	-1	-1	158	159	160	161	-1	-1	-1	-1	-1	167	168	-1	170	171	-1	-1	-1	-1	176	177	178	-1	-1	-1	182	-1	-1	185	186	187	188	189	-1	-1	192	-1	-1	195	196	197	-1	-1	200	201	202	203	204	-1	206	207	-1	-1	-1	-1	-1	213	-1	-1	216	-1	218	-1	220	221	-1	-1	-1	-1	226	227	228	-1	230	-1	232	-1	-1	235	236	-1	-1	-1	240	-1	-1	243	244	245	-1	247	-1	249	-1	-1	-1	253	254	-1	-1	257	-1	-1
# Right
184	139	64	13	6	-1	10	9	-1	-1	12	-1	-1	47	32	27	26	19	-1	21	-1	23	-1	25	-1	-1	-1	31	30	-1	-1	-1	44	39	38	37	-1	-1	-1	41	-1	43	-1	-1	46	-1	-1	63	50	-1	60	59	58	57	56	-1	-1	-1	-1	-1	62	-1	-1	-1	118	95	94	69	-1	81	80	73	-1	79	76	-1	78	-1	-1	-1	-1	93	92	91	86	-1	88	-1	90	-1	-1	-1	-1	-1	-1	115	114	113	100	-1	106	105	104	-1	-1	-1	108	-1	112	111	-1	-1	-1	-1	-1	117	-1	-1	120	-1	122	-1	138	137	136	127	-1	135	134	131	-1	133	-1	-1	-1	-1	-1	-1	-1	145	144	143	-1	-1	-1	175	150	149	-1	-1	166	157	154	-1	156	-1	-1	165	164	163	162	-1	-1	-1	-1	-1	174	169	-1	173	172	-1	-1	-1	-1	181	180	179	-1	-1	-1	183	-1	-1	242	225	194	191	190	-1	-1	193	-1	-1	224	199	198	-1	-1	215	212	211	210	205	-1	209	208	-1	-1	-1	-1	-1	214	-1	-1	217	-1	219	-1	223	222	-1	-1	-1	-1	239	234	229	-1	231	-1	233	-1	-1	238	237	-1	-1	-1	241	-1	-1	252	251	246	-1	248	-1	250	-1	-1	-1	256	255	-1	-1	258	-1	-1
# Threshold
25184.0	28.5	71.5	60.5	12.0	-2.0	34.5	15.0	-2.0	-2.0	47.5	-2.0	-2.0	20.0	5156.5	764.5	2.0136749744415283	135.0	-2.0	0.6423010230064392	-2.0	125.0	-2.0	2260.0	-2.0	-2.0	-2.0	4.5	2528.0	-2.0	-2.0	-2.0	8.0	0.3252740055322647	0.001999500091187656	0.00042222200136166066	-2.0	-2.0	-2.0	1928.0	-2.0	11073.0	-2.0	-2.0	1.9628700017929077	-2.0	-2.0	0.07406184822320938	2.5	-2.0	16294.0	511.5	2851.0	8.0	3.7858450412750244	-2.0	-2.0	-2.0	-2.0	-2.0	4.95584511756897	-2.0	-2.0	-2.0	23559.0	664.0	637.0	0.227510005235672	-2.0	1350.5	23.5	83.0	-2.0	4.0	0.855804979801178	-2.0	144.0	-2.0	-2.0	-2.0	-2.0	18.5	8.846105098724365	3.5	290.0	-2.0	414.0	-2.0	11.5	-2.0	-2.0	-2.0	-2.0	-2.0	-2.0	18193.0	4067.5	0.011152499821037054	0.0012007799814455211	-2.0	193.0	1.5790749788284302	2.4732799530029297	-2.0	-2.0	-2.0	1309.5	-2.0	9302.5	12.5	-2.0	-2.0	-2.0	-2.0	-2.0	2539.0	-2.0	-2.0	0.5	-2.0	0.1362595036625862	-2.0	3.810444951057434	11.465650081634521	85918.0	1.5	-2.0	13.0	2.4989550709724426	8113.0	-2.0	2330.0	-2.0	-2.0	-2.0	-2.0	-2.0	-2.0	-2.0	103.0	11167.5	0.004372989991679788	-2.0	-2.0	-2.0	1298.0	2.744444966316223	2.0	-2.0	-2.0	283726.0	4.01308012008667	3.7742151021957397	-2.0	1914.5	-2.0	-2.0	9.62150526046753	9.467480182647705	2497.0	2270.5	-2.0	-2.0	-2.0	-2.0	-2.0	59.36670112609863	6932.5	-2.0	111.5	9.5	-2.0	-2.0	-2.0	-2.0	2947.5	30.77715015411377	0.003420324996113777	-2.0	-2.0	-2.0	10130.5	-2.0	-2.0	3829.0	12064200.0	137.0	264972.5	4.960099935531616	-2.0	-2.0	43.5	-2.0	-2.0	92.0	7.651479959487915	2.727959990501404	-2.0	-2.0	2822990.0	1319315.0	8.5	14.010250091552734	1.0675249993801117	-2.0	71255.5	2.5	-2.0	-2.0	-2.0	-2.0	-2.0	20.0	-2.0	-2.0	3211.5	-2.0	14.468349933624268	-2.0	5219760.0	9.0	-2.0	-2.0	-2.0	-2.0	94.5	819395.0	23.0	-2.0	37.79615020751953	-2.0	17.5	-2.0	-2.0	81390000.0	14.0	-2.0	-2.0	-2.0	110442000.0	-2.0	-2.0	14377.0	12.0	7.4575347900390625	-2.0	154575.0	-2.0	6958.0	-2.0	-2.0	-2.0	0.0003063354961341247	162749008.0	-2.0	-2.0	44683.5	-2.0	-2.0
# Feature
1	5	8	0	8	-2	0	9	-2	-2	8	-2	-2	8	2	1	7	2	-2	7	-2	1	-2	2	-2	-2	-2	9	2	-2	-2	-2	9	7	4	4	-2	-2	-2	1	-2	2	-2	-2	7	-2	-2	4	9	-2	2	0	2	9	3	-2	-2	-2	-2	-2	7	-2	-2	-2	2	1	8	7	-2	2	5	8	-2	6	7	-2	0	-2	-2	-2	-2	5	3	6	1	-2	0	-2	5	-2	-2	-2	-2	-2	-2	2	8	4	4	-2	8	7	3	-2	-2	-2	0	-2	2	5	-2	-2	-2	-2	-2	8	-2	-2	9	-2	7	-2	7	3	2	9	-2	5	7	1	-2	8	-2	-2	-2	-2	-2	-2	-2	8	1	4	-2	-2	-2	5	3	9	-2	-2	2	7	7	-2	8	-2	-2	3	3	2	2	-2	-2	-2	-2	-2	3	1	-2	5	9	-2	-2	-2	-2	5	7	4	-2	-2	-2	1	-2	-2	5	2	8	2	3	-2	-2	8	-2	-2	5	3	3	-2	-2	2	2	6	3	7	-2	0	6	-2	-2	-2	-2	-2	9	-2	-2	8	-2	3	-2	2	9	-2	-2	-2	-2	5	8	5	-2	3	-2	6	-2	-2	2	9	-2	-2	-2	2	-2	-2	5	9	3	-2	1	-2	5	-2	-2	-2	4	2	-2	-2	0	-2	-2
# Values
74.0	1272.0	67.0	252.0	15.0	1.0
7.0	882.0	54.0	178.0	13.0	0.0
1.0	243.0	50.0	166.0	13.0	0.0
1.0	63.0	50.0	61.0	9.0	0.0
1.0	29.0	3.0	3.0	1.0	0.0
1.0	3.0	0.0	2.0	1.0	0.0
0.0	26.0	3.0	1.0	0.0	0.0
0.0	17.0	0.0	1.0	0.0	0.0
0.0	16.0	0.0	0.0	0.0	0.0
0.0	1.0	0.0	1.0	0.0	0.0
0.0	9.0	3.0	0.0	0.0	0.0
0.0	6.0	0.0	0.0	0.0	0.0
0.0	3.0	3.0	0.0	0.0	0.0
0.0	34.0	47.0	58.0	8.0	0.0
0.0	14.0	18.0	55.0	8.0	0.0
0.0	6.0	2.0	40.0	6.0	0.0
0.0	6.0	1.0	27.0	0.0	0.0
0.0	6.0	0.0	26.0	0.0	0.0
0.0	2.0	0.0	1.0	0.0	0.0
0.0	4.0	0.0	25.0	0.0	0.0
0.0	0.0	0.0	15.0	0.0	0.0
0.0	4.0	0.0	10.0	0.0	0.0
0.0	2.0	0.0	1.0	0.0	0.0
0.0	2.0	0.0	9.0	0.0	0.0
0.0	0.0	0.0	4.0	0.0	0.0
0.0	2.0	0.0	5.0	0.0	0.0
0.0	0.0	1.0	1.0	0.0	0.0
0.0	0.0	1.0	13.0	6.0	0.0
0.0	0.0	0.0	5.0	6.0	0.0
0.0	0.0	0.0	4.0	1.0	0.0
0.0	0.0	0.0	1.0	5.0	0.0
0.0	0.0	1.0	8.0	0.0	0.0
0.0	8.0	16.0	15.0	2.0	0.0
0.0	3.0	12.0	14.0	2.0	0.0
0.0	2.0	7.0	3.0	2.0	0.0
0.0	2.0	7.0	2.0	1.0	0.0
0.0	1.0	1.0	0.0	1.0	0.0
0.0	1.0	6.0	2.0	0.0	0.0
0.0	0.0	0.0	1.0	1.0	0.0
0.0	1.0	5.0	11.0	0.0	0.0
0.0	0.0	3.0	1.0	0.0	0.0
0.0	1.0	2.0	10.0	0.0	0.0
0.0	0.0	2.0	2.0	0.0	0.0
0.0	1.0	0.0	8.0	0.0	0.0
0.0	5.0	4.0	1.0	0.0	0.0
0.0	3.0	4.0	1.0	0.0	0.0
0.0	2.0	0.0	0.0	0.0	0.0
0.0	20.0	29.0	3.0	0.0	0.0
0.0	15.0	29.0	3.0	0.0	0.0
0.0	3.0	0.0	1.0	0.0	0.0
0.0	12.0	29.0	2.0	0.0	0.0
0.0	6.0	23.0	0.0	0.0	0.0
0.0	6.0	14.0	0.0	0.0	0.0
0.0	6.0	9.0	0.0	0.0	0.0
0.0	3.0	9.0	0.0	0.0	0.0
0.0	0.0	3.0	0.0	0.0	0.0
0.0	3.0	6.0	0.0	0.0	0.0
0.0	3.0	0.0	0.0	0.0	0.0
0.0	0.0	5.0	0.0	0.0	0.0
0.0	0.0	9.0	0.0	0.0	0.0
0.0	6.0	6.0	2.0	0.0	0.0
0.0	1.0	6.0	1.0	0.0	0.0
0.0	5.0	0.0	1.0	0.0	0.0
0.0	5.0	0.0	0.0	0.0	0.0
0.0	180.0	0.0	105.0	4.0	0.0
0.0	112.0	0.0	96.0	3.0	0.0
0.0	96.0	0.0	28.0	3.0	0.0
0.0	95.0	0.0	28.0	1.0	0.0
0.0	1.0	0.0	0.0	1.0	0.0
0.0	94.0	0.0	28.0	0.0	0.0
0.0	20.0	0.0	13.0	0.0	0.0
0.0	16.0	0.0	13.0	0.0	0.0
0.0	4.0	0.0	0.0	0.0	0.0
0.0	12.0	0.0	13.0	0.0	0.0
0.0	12.0	0.0	9.0	0.0	0.0
0.0	1.0	0.0	4.0	0.0	0.0
0.0	11.0	0.0	5.0	0.0	0.0
0.0	3.0	0.0	5.0	0.0	0.0
0.0	8.0	0.0	0.0	0.0	0.0
0.0	0.0	0.0	4.0	0.0	0.0
0.0	4.0	0.0	0.0	0.0	0.0
0.0	74.0	0.0	15.0	0.0	0.0
0.0	60.0	0.0	15.0	0.0	0.0
0.0	60.0	0.0	13.0	0.0	0.0
0.0	48.0	0.0	13.0	0.0	0.0
0.0	4.0	0.0	0.0	0.0	0.0
0.0	44.0	0.0	13.0	0.0	0.0
0.0	1.0	0.0	2.0	0.0	0.0
0.0	43.0	0.0	11.0	0.0	0.0
0.0	7.0	0.0	0.0	0.0	0.0
0.0	36.0	0.0	11.0	0.0	0.0
0.0	12.0	0.0	0.0	0.0	0.0
0.0	0.0	0.0	2.0	0.0	0.0
0.0	14.0	0.0	0.0	0.0	0.0
0.0	1.0	0.0	0.0	2.0	0.0
0.0	16.0	0.0	68.0	0.0	0.0
0.0	10.0	0.0	64.0	0.0	0.0
0.0	8.0	0.0	64.0	0.0	0.0
0.0	6.0	0.0	64.0	0.0	0.0
0.0	0.0	0.0	14.0	0.0	0.0
0.0	6.0	0.0	50.0	0.0	0.0
0.0	4.0	0.0	11.0	0.0	0.0
0.0	2.0	0.0	11.0	0.0	0.0
0.0	2.0	0.0	4.0	0.0	0.0
0.0	0.0	0.0	7.0	0.0	0.0
0.0	2.0	0.0	0.0	0.0	0.0
0.0	2.0	0.0	39.0	0.0	0.0
0.0	0.0	0.0	23.0	0.0	0.0
0.0	2.0	0.0	16.0	0.0	0.0
0.0	2.0	0.0	8.0	0.0	0.0
0.0	2.0	0.0	4.0	0.0	0.0
0.0	0.0	0.0	4.0	0.0	0.0
0.0	0.0	0.0	8.0	0.0	0.0
0.0	2.0	0.0	0.0	0.0	0.0
0.0	2.0	0.0	0.0	0.0	0.0
0.0	6.0	0.0	4.0	0.0	0.0
0.0	2.0	0.0	4.0	0.0	0.0
0.0	4.0	0.0	0.0	0.0	0.0
0.0	68.0	0.0	9.0	1.0	0.0
0.0	14.0	0.0	0.0	0.0	0.0
0.0	54.0	0.0	9.0	1.0	0.0
0.0	1.0	0.0	0.0	1.0	0.0
0.0	53.0	0.0	9.0	0.0	0.0
0.0	40.0	0.0	9.0	0.0	0.0
0.0	40.0	0.0	6.0	0.0	0.0
0.0	27.0	0.0	6.0	0.0	0.0
0.0	7.0	0.0	0.0	0.0	0.0
0.0	20.0	0.0	6.0	0.0	0.0
0.0	14.0	0.0	6.0	0.0	0.0
0.0	14.0	0.0	4.0	0.0	0.0
0.0	5.0	0.0	0.0	0.0	0.0
0.0	9.0	0.0	4.0	0.0	0.0
0.0	2.0	0.0	3.0	0.0	0.0
0.0	7.0	0.0	1.0	0.0	0.0
0.0	0.0	0.0	2.0	0.0	0.0
0.0	6.0	0.0	0.0	0.0	0.0
0.0	13.0	0.0	0.0	0.0	0.0
0.0	0.0	0.0	3.0	0.0	0.0
0.0	13.0	0.0	0.0	0.0	0.0
6.0	639.0	4.0	12.0	0.0	0.0
0.0	22.0	4.0	1.0	0.0	0.0
0.0	22.0	0.0	1.0	0.0	0.0
0.0	8.0	0.0	1.0	0.0	0.0
0.0	14.0	0.0	0.0	0.0	0.0
0.0	0.0	4.0	0.0	0.0	0.0
6.0	617.0	0.0	11.0	0.0	0.0
0.0	498.0	0.0	11.0	0.0	0.0
0.0	11.0	0.0	2.0	0.0	0.0
0.0	11.0	0.0	0.0	0.0	0.0
0.0	0.0	0.0	2.0	0.0	0.0
0.0	487.0	0.0	9.0	0.0	0.0
0.0	410.0	0.0	5.0	0.0	0.0
0.0	77.0	0.0	3.0	0.0	0.0
0.0	38.0	0.0	0.0	0.0	0.0
0.0	39.0	0.0	3.0	0.0	0.0
0.0	38.0	0.0	2.0	0.0	0.0
0.0	1.0	0.0	1.0	0.0	0.0
0.0	333.0	0.0	2.0	0.0	0.0
0.0	106.0	0.0	2.0	0.0	0.0
0.0	105.0	0.0	1.0	0.0	0.0
0.0	9.0	0.0	1.0	0.0	0.0
0.0	8.0	0.0	0.0	0.0	0.0
0.0	1.0	0.0	1.0	0.0	0.0
0.0	96.0	0.0	0.0	0.0	0.0
0.0	1.0	0.0	1.0	0.0	0.0
0.0	227.0	0.0	0.0	0.0	0.0
0.0	77.0	0.0	4.0	0.0	0.0
0.0	40.0	0.0	4.0	0.0	0.0
0.0	1.0	0.0	2.0	0.0	0.0
0.0	39.0	0.0	2.0	0.0	0.0
0.0	15.0	0.0	2.0	0.0	0.0
0.0	4.0	0.0	2.0	0.0	0.0
0.0	11.0	0.0	0.0	0.0	0.0
0.0	24.0	0.0	0.0	0.0	0.0
0.0	37.0	0.0	0.0	0.0	0.0
6.0	119.0	0.0	0.0	0.0	0.0
2.0	99.0	0.0	0.0	0.0	0.0
2.0	53.0	0.0	0.0	0.0	0.0
0.0	10.0	0.0	0.0	0.0	0.0
2.0	43.0	0.0	0.0	0.0	0.0
0.0	46.0	0.0	0.0	0.0	0.0
4.0	20.0	0.0	0.0	0.0	0.0
4.0	2.0	0.0	0.0	0.0	0.0
0.0	18.0	0.0	0.0	0.0	0.0
67.0	390.0	13.0	74.0	2.0	1.0
1.0	345.0	13.0	74.0	2.0	1.0
0.0	291.0	12.0	37.0	0.0	0.0
0.0	9.0	12.0	1.0	0.0	0.0
0.0	9.0	2.0	0.0	0.0	0.0
0.0	4.0	2.0	0.0	0.0	0.0
0.0	5.0	0.0	0.0	0.0	0.0
0.0	0.0	10.0	1.0	0.0	0.0
0.0	0.0	9.0	0.0	0.0	0.0
0.0	0.0	1.0	1.0	0.0	0.0
0.0	282.0	0.0	36.0	0.0	0.0
0.0	142.0	0.0	36.0	0.0	0.0
0.0	97.0	0.0	2.0	0.0	0.0
0.0	7.0	0.0	2.0	0.0	0.0
0.0	90.0	0.0	0.0	0.0	0.0
0.0	45.0	0.0	34.0	0.0	0.0
0.0	35.0	0.0	15.0	0.0	0.0
0.0	17.0	0.0	14.0	0.0	0.0
0.0	14.0	0.0	14.0	0.0	0.0
0.0	12.0	0.0	7.0	0.0	0.0
0.0	3.0	0.0	0.0	0.0	0.0
0.0	9.0	0.0	7.0	0.0	0.0
0.0	8.0	0.0	3.0	0.0	0.0
0.0	3.0	0.0	3.0	0.0	0.0
0.0	5.0	0.0	0.0	0.0	0.0
0.0	1.0	0.0	4.0	0.0	0.0
0.0	2.0	0.0	7.0	0.0	0.0
0.0	3.0	0.0	0.0	0.0	0.0
0.0	18.0	0.0	1.0	0.0	0.0
0.0	15.0	0.0	0.0	0.0	0.0
0.0	3.0	0.0	1.0	0.0	0.0
0.0	10.0	0.0	19.0	0.0	0.0
0.0	5.0	0.0	2.0	0.0	0.0
0.0	5.0	0.0	17.0	0.0	0.0
0.0	0.0	0.0	5.0	0.0	0.0
0.0	5.0	0.0	12.0	0.0	0.0
0.0	2.0	0.0	10.0	0.0	0.0
0.0	2.0	0.0	2.0	0.0	0.0
0.0	0.0	0.0	8.0	0.0	0.0
0.0	3.0	0.0	2.0	0.0	0.0
0.0	140.0	0.0	0.0	0.0	0.0
1.0	54.0	1.0	37.0	2.0	1.0
1.0	29.0	1.0	37.0	1.0	1.0
0.0	3.0	1.0	36.0	0.0	1.0
0.0	1.0	1.0	3.0	0.0	1.0
0.0	2.0	0.0	33.0	0.0	0.0
0.0	0.0	0.0	24.0	0.0	0.0
0.0	2.0	0.0	9.0	0.0	0.0
0.0	2.0	0.0	3.0	0.0	0.0
0.0	0.0	0.0	6.0	0.0	0.0
1.0	26.0	0.0	1.0	1.0	0.0
0.0	24.0	0.0	1.0	0.0	0.0
0.0	23.0	0.0	0.0	0.0	0.0
0.0	1.0	0.0	1.0	0.0	0.0
1.0	2.0	0.0	0.0	1.0	0.0
0.0	25.0	0.0	0.0	1.0	0.0
0.0	24.0	0.0	0.0	0.0	0.0
0.0	1.0	0.0	0.0	1.0	0.0
66.0	45.0	0.0	0.0	0.0	0.0
13.0	41.0	0.0	0.0	0.0	0.0
13.0	30.0	0.0	0.0	0.0	0.0
11.0	0.0	0.0	0.0	0.0	0.0
2.0	30.0	0.0	0.0	0.0	0.0
0.0	19.0	0.0	0.0	0.0	0.0
2.0	11.0	0.0	0.0	0.0	0.0
2.0	6.0	0.0	0.0	0.0	0.0
0.0	5.0	0.0	0.0	0.0	0.0
0.0	11.0	0.0	0.0	0.0	0.0
53.0	4.0	0.0	0.0	0.0	0.0
45.0	1.0	0.0	0.0	0.0	0.0
44.0	0.0	0.0	0.0	0.0	0.0
1.0	1.0	0.0	0.0	0.0	0.0
8.0	3.0	0.0	0.0	0.0	0.0
0.0	2.0	0.0	0.0	0.0	0.0
8.0	1.0	0.0	0.0	0.0	0.0
