# Sizes (NFeatures, Nclasses, NodeCount, MaxDepth)
10	6	255	13
# Classes
0.0	1.0	2.0	3.0	4.0	5.0
# Feature Names
Nrows	Ncols	Nnnz	AvgNnnz	Density	MaxRowNnnz	MinRowNnnz	StdRowNnnz	NDiags	NTrueDiags
# Left
1	2	3	4	5	6	-1	8	9	-1	11	-1	-1	-1	15	16	-1	18	19	-1	-1	22	23	-1	25	-1	-1	-1	-1	30	31	32	33	-1	-1	-1	37	38	39	-1	-1	42	-1	-1	-1	46	47	-1	-1	50	-1	-1	53	54	55	56	57	-1	59	-1	61	-1	-1	-1	65	66	67	-1	-1	70	-1	72	73	74	-1	-1	-1	-1	-1	80	81	-1	83	84	-1	86	87	-1	-1	-1	-1	-1	93	94	95	-1	-1	98	-1	100	101	102	103	-1	-1	-1	-1	-1	-1	110	111	112	113	114	-1	-1	117	118	119	120	-1	-1	123	-1	125	-1	-1	-1	-1	130	-1	132	133	-1	-1	-1	137	-1	-1	140	141	142	143	144	-1	146	147	148	149	-1	151	-1	-1	-1	-1	156	-1	158	-1	-1	161	-1	-1	164	165	-1	-1	168	169	170	-1	-1	-1	-1	175	-1	177	178	-1	180	-1	182	-1	-1	-1	186	187	188	-1	190	-1	192	-1	194	-1	-1	197	-1	199	200	-1	-1	-1	204	205	-1	-1	208	-1	-1	211	212	213	214	-1	216	-1	218	-1	220	221	-1	-1	-1	225	226	227	228	-1	-1	-1	-1	-1	234	235	-1	-1	238	-1	240	-1	242	-1	-1	245	246	-1	248	-1	-1	251	-1	253	-1	-1
# Right
210	109	52	29	14	7	-1	13	10	-1	12	-1	-1	-1	28	17	-1	21	20	-1	-1	27	24	-1	26	-1	-1	-1	-1	45	36	35	34	-1	-1	-1	44	41	40	-1	-1	43	-1	-1	-1	49	48	-1	-1	51	-1	-1	92	79	64	63	58	-1	60	-1	62	-1	-1	-1	78	69	68	-1	-1	71	-1	77	76	75	-1	-1	-1	-1	-1	91	82	-1	90	85	-1	89	88	-1	-1	-1	-1	-1	108	97	96	-1	-1	99	-1	107	106	105	104	-1	-1	-1	-1	-1	-1	139	136	129	116	115	-1	-1	128	127	122	121	-1	-1	124	-1	126	-1	-1	-1	-1	131	-1	135	134	-1	-1	-1	138	-1	-1	185	174	163	160	145	-1	155	154	153	150	-1	152	-1	-1	-1	-1	157	-1	159	-1	-1	162	-1	-1	167	166	-1	-1	173	172	171	-1	-1	-1	-1	176	-1	184	179	-1	181	-1	183	-1	-1	-1	203	196	189	-1	191	-1	193	-1	195	-1	-1	198	-1	202	201	-1	-1	-1	207	206	-1	-1	209	-1	-1	244	233	224	215	-1	217	-1	219	-1	223	222	-1	-1	-1	232	231	230	229	-1	-1	-1	-1	-1	237	236	-1	-1	239	-1	241	-1	243	-1	-1	250	247	-1	249	-1	-1	252	-1	254	-1	-1
# Threshold
93.5	16916.0	71.5	12.0	764.5	14.0	-2.0	0.8396604955196381	0.05588750168681145	-2.0	481.0	-2.0	-2.0	-2.0	3068.0	858.5	-2.0	5156.5	6.0	-2.0	-2.0	12016.0	1.5	-2.0	0.022338299080729485	-2.0	-2.0	-2.0	-2.0	326.5	38.5	86.5	37.5	-2.0	-2.0	-2.0	3.641624927520752	0.07406184822320938	4.945980072021484	-2.0	-2.0	47.5	-2.0	-2.0	-2.0	511.5	46.5	-2.0	-2.0	22.0	-2.0	-2.0	3.024245023727417	664.0	2.5	3.9937349557876587	97.0	-2.0	2.556920051574707	-2.0	9.5	-2.0	-2.0	-2.0	2.763695001602173	303.5	4.5	-2.0	-2.0	406.5	-2.0	1.573074996471405	486.5	2161.5	-2.0	-2.0	-2.0	-2.0	-2.0	21.0	0.5	-2.0	482.0	2090.0	-2.0	6.71939492225647	128.0	-2.0	-2.0	-2.0	-2.0	-2.0	1263.0	3.4760199785232544	0.01741534937173128	-2.0	-2.0	998.0	-2.0	7.3117451667785645	6.282670021057129	5.198655128479004	4.01308012008667	-2.0	-2.0	-2.0	-2.0	-2.0	-2.0	104.0	519164.0	56.0	4.593194961547852	38504.5	-2.0	-2.0	23.0	1.9628700017929077	10900.0	6596.0	-2.0	-2.0	0.08242945186793804	-2.0	0.00012400250125210732	-2.0	-2.0	-2.0	-2.0	22593.0	-2.0	41.53270149230957	11.5	-2.0	-2.0	-2.0	5.5	-2.0	-2.0	2881795.0	32.5	9.559165000915527	85896.0	0.00010166275023948401	-2.0	3772.0	69291.5	2.7082550525665283	0.0006260640220716596	-2.0	778.5	-2.0	-2.0	-2.0	-2.0	4.5	-2.0	3.5	-2.0	-2.0	8.346524715423584	-2.0	-2.0	18105.5	4321.0	-2.0	-2.0	105485.5	9.5	20221.0	-2.0	-2.0	-2.0	-2.0	295333.0	-2.0	26.319050788879395	1.5	-2.0	12.126949787139893	-2.0	384767.0	-2.0	-2.0	-2.0	310284.5	7097245.0	9.398250102996826	-2.0	24.673799514770508	-2.0	82005.0	-2.0	3.5	-2.0	-2.0	962804.0	-2.0	2961460.0	9.5	-2.0	-2.0	-2.0	9.825564861297607	37429650.0	-2.0	-2.0	1.883410004666075e-05	-2.0	-2.0	9733.5	49180.0	1298.0	0.0014620099682360888	-2.0	5451.0	-2.0	6574.0	-2.0	59.306949615478516	116.5	-2.0	-2.0	-2.0	7619.5	9545.0	12912.5	6.202704906463623	-2.0	-2.0	-2.0	-2.0	-2.0	3669.5	4078510.0	-2.0	-2.0	7.11105489730835	-2.0	5371295.0	-2.0	6958.0	-2.0	-2.0	20158.5	9.592289924621582	-2.0	6.841445247118827e-05	-2.0	-2.0	51.122151374816895	-2.0	81.91495132446289	-2.0	-2.0
# Feature
5	2	8	8	0	1	-2	7	7	-2	0	-2	-2	-2	1	1	-2	2	8	-2	-2	2	6	-2	7	-2	-2	-2	-2	1	8	0	8	-2	-2	-2	7	4	3	-2	-2	8	-2	-2	-2	1	8	-2	-2	9	-2	-2	7	1	9	3	8	-2	3	-2	5	-2	-2	-2	7	1	6	-2	-2	1	-2	7	0	2	-2	-2	-2	-2	-2	5	9	-2	8	2	-2	3	8	-2	-2	-2	-2	-2	0	7	4	-2	-2	2	-2	3	3	3	7	-2	-2	-2	-2	-2	-2	8	2	8	3	0	-2	-2	9	7	1	0	-2	-2	7	-2	4	-2	-2	-2	-2	2	-2	3	6	-2	-2	-2	6	-2	-2	2	5	3	2	4	-2	8	2	7	4	-2	8	-2	-2	-2	-2	5	-2	9	-2	-2	3	-2	-2	1	0	-2	-2	1	9	0	-2	-2	-2	-2	2	-2	7	6	-2	3	-2	2	-2	-2	-2	8	2	3	-2	3	-2	0	-2	6	-2	-2	1	-2	0	9	-2	-2	-2	3	0	-2	-2	4	-2	-2	5	8	5	4	-2	1	-2	1	-2	3	5	-2	-2	-2	1	8	2	3	-2	-2	-2	-2	-2	5	0	-2	-2	3	-2	2	-2	5	-2	-2	5	3	-2	4	-2	-2	3	-2	3	-2	-2
# Values
74.0	1272.0	67.0	252.0	15.0	1.0
2.0	726.0	67.0	249.0	14.0	1.0
1.0	251.0	36.0	150.0	11.0	0.0
1.0	53.0	36.0	53.0	8.0	0.0
1.0	10.0	9.0	45.0	8.0	0.0
1.0	8.0	0.0	24.0	1.0	0.0
1.0	0.0	0.0	0.0	1.0	0.0
0.0	8.0	0.0	24.0	0.0	0.0
0.0	4.0	0.0	21.0	0.0	0.0
0.0	3.0	0.0	5.0	0.0	0.0
0.0	1.0	0.0	16.0	0.0	0.0
0.0	0.0	0.0	12.0	0.0	0.0
0.0	1.0	0.0	4.0	0.0	0.0
0.0	4.0	0.0	3.0	0.0	0.0
0.0	2.0	9.0	21.0	7.0	0.0
0.0	0.0	8.0	21.0	4.0	0.0
0.0	0.0	0.0	1.0	3.0	0.0
0.0	0.0	8.0	20.0	1.0	0.0
0.0	0.0	1.0	12.0	0.0	0.0
0.0	0.0	0.0	10.0	0.0	0.0
0.0	0.0	1.0	2.0	0.0	0.0
0.0	0.0	7.0	8.0	1.0	0.0
0.0	0.0	7.0	5.0	1.0	0.0
0.0	0.0	2.0	0.0	0.0	0.0
0.0	0.0	5.0	5.0	1.0	0.0
0.0	0.0	1.0	2.0	1.0	0.0
0.0	0.0	4.0	3.0	0.0	0.0
0.0	0.0	0.0	3.0	0.0	0.0
0.0	2.0	1.0	0.0	3.0	0.0
0.0	43.0	27.0	8.0	0.0	0.0
0.0	40.0	11.0	7.0	0.0	0.0
0.0	22.0	1.0	7.0	0.0	0.0
0.0	20.0	0.0	1.0	0.0	0.0
0.0	19.0	0.0	0.0	0.0	0.0
0.0	1.0	0.0	1.0	0.0	0.0
0.0	2.0	1.0	6.0	0.0	0.0
0.0	18.0	10.0	0.0	0.0	0.0
0.0	11.0	10.0	0.0	0.0	0.0
0.0	4.0	7.0	0.0	0.0	0.0
0.0	0.0	5.0	0.0	0.0	0.0
0.0	4.0	2.0	0.0	0.0	0.0
0.0	7.0	3.0	0.0	0.0	0.0
0.0	4.0	0.0	0.0	0.0	0.0
0.0	3.0	3.0	0.0	0.0	0.0
0.0	7.0	0.0	0.0	0.0	0.0
0.0	3.0	16.0	1.0	0.0	0.0
0.0	3.0	7.0	0.0	0.0	0.0
0.0	0.0	7.0	0.0	0.0	0.0
0.0	3.0	0.0	0.0	0.0	0.0
0.0	0.0	9.0	1.0	0.0	0.0
0.0	0.0	8.0	0.0	0.0	0.0
0.0	0.0	1.0	1.0	0.0	0.0
0.0	198.0	0.0	97.0	3.0	0.0
0.0	86.0	0.0	85.0	3.0	0.0
0.0	77.0	0.0	25.0	3.0	0.0
0.0	10.0	0.0	9.0	3.0	0.0
0.0	9.0	0.0	8.0	1.0	0.0
0.0	3.0	0.0	0.0	0.0	0.0
0.0	6.0	0.0	8.0	1.0	0.0
0.0	3.0	0.0	1.0	1.0	0.0
0.0	3.0	0.0	7.0	0.0	0.0
0.0	1.0	0.0	6.0	0.0	0.0
0.0	2.0	0.0	1.0	0.0	0.0
0.0	1.0	0.0	1.0	2.0	0.0
0.0	67.0	0.0	16.0	0.0	0.0
0.0	67.0	0.0	14.0	0.0	0.0
0.0	16.0	0.0	1.0	0.0	0.0
0.0	14.0	0.0	0.0	0.0	0.0
0.0	2.0	0.0	1.0	0.0	0.0
0.0	51.0	0.0	13.0	0.0	0.0
0.0	2.0	0.0	2.0	0.0	0.0
0.0	49.0	0.0	11.0	0.0	0.0
0.0	40.0	0.0	11.0	0.0	0.0
0.0	38.0	0.0	9.0	0.0	0.0
0.0	36.0	0.0	9.0	0.0	0.0
0.0	2.0	0.0	0.0	0.0	0.0
0.0	2.0	0.0	2.0	0.0	0.0
0.0	9.0	0.0	0.0	0.0	0.0
0.0	0.0	0.0	2.0	0.0	0.0
0.0	9.0	0.0	60.0	0.0	0.0
0.0	7.0	0.0	60.0	0.0	0.0
0.0	3.0	0.0	6.0	0.0	0.0
0.0	4.0	0.0	54.0	0.0	0.0
0.0	4.0	0.0	34.0	0.0	0.0
0.0	1.0	0.0	1.0	0.0	0.0
0.0	3.0	0.0	33.0	0.0	0.0
0.0	1.0	0.0	26.0	0.0	0.0
0.0	1.0	0.0	5.0	0.0	0.0
0.0	0.0	0.0	21.0	0.0	0.0
0.0	2.0	0.0	7.0	0.0	0.0
0.0	0.0	0.0	20.0	0.0	0.0
0.0	2.0	0.0	0.0	0.0	0.0
0.0	112.0	0.0	12.0	0.0	0.0
0.0	107.0	0.0	8.0	0.0	0.0
0.0	9.0	0.0	3.0	0.0	0.0
0.0	3.0	0.0	3.0	0.0	0.0
0.0	6.0	0.0	0.0	0.0	0.0
0.0	98.0	0.0	5.0	0.0	0.0
0.0	6.0	0.0	2.0	0.0	0.0
0.0	92.0	0.0	3.0	0.0	0.0
0.0	58.0	0.0	3.0	0.0	0.0
0.0	57.0	0.0	2.0	0.0	0.0
0.0	46.0	0.0	2.0	0.0	0.0
0.0	38.0	0.0	2.0	0.0	0.0
0.0	8.0	0.0	0.0	0.0	0.0
0.0	11.0	0.0	0.0	0.0	0.0
0.0	1.0	0.0	1.0	0.0	0.0
0.0	34.0	0.0	0.0	0.0	0.0
0.0	5.0	0.0	4.0	0.0	0.0
1.0	475.0	31.0	99.0	3.0	1.0
0.0	41.0	31.0	10.0	1.0	1.0
0.0	41.0	18.0	9.0	1.0	0.0
0.0	18.0	18.0	7.0	1.0	0.0
0.0	2.0	4.0	4.0	1.0	0.0
0.0	0.0	4.0	4.0	1.0	0.0
0.0	2.0	0.0	0.0	0.0	0.0
0.0	16.0	14.0	3.0	0.0	0.0
0.0	15.0	9.0	3.0	0.0	0.0
0.0	11.0	9.0	3.0	0.0	0.0
0.0	3.0	5.0	3.0	0.0	0.0
0.0	2.0	3.0	0.0	0.0	0.0
0.0	1.0	2.0	3.0	0.0	0.0
0.0	8.0	4.0	0.0	0.0	0.0
0.0	0.0	2.0	0.0	0.0	0.0
0.0	8.0	2.0	0.0	0.0	0.0
0.0	3.0	2.0	0.0	0.0	0.0
0.0	5.0	0.0	0.0	0.0	0.0
0.0	4.0	0.0	0.0	0.0	0.0
0.0	1.0	5.0	0.0	0.0	0.0
0.0	23.0	0.0	2.0	0.0	0.0
0.0	2.0	0.0	1.0	0.0	0.0
0.0	21.0	0.0	1.0	0.0	0.0
0.0	12.0	0.0	1.0	0.0	0.0
0.0	8.0	0.0	0.0	0.0	0.0
0.0	4.0	0.0	1.0	0.0	0.0
0.0	9.0	0.0	0.0	0.0	0.0
0.0	0.0	13.0	1.0	0.0	1.0
0.0	0.0	8.0	0.0	0.0	0.0
0.0	0.0	5.0	1.0	0.0	1.0
1.0	434.0	0.0	89.0	2.0	0.0
0.0	380.0	0.0	33.0	1.0	0.0
0.0	135.0	0.0	26.0	1.0	0.0
0.0	108.0	0.0	12.0	1.0	0.0
0.0	53.0	0.0	11.0	1.0	0.0
0.0	0.0	0.0	2.0	0.0	0.0
0.0	53.0	0.0	9.0	1.0	0.0
0.0	20.0	0.0	8.0	0.0	0.0
0.0	20.0	0.0	6.0	0.0	0.0
0.0	20.0	0.0	3.0	0.0	0.0
0.0	9.0	0.0	0.0	0.0	0.0
0.0	11.0	0.0	3.0	0.0	0.0
0.0	6.0	0.0	0.0	0.0	0.0
0.0	5.0	0.0	3.0	0.0	0.0
0.0	0.0	0.0	3.0	0.0	0.0
0.0	0.0	0.0	2.0	0.0	0.0
0.0	33.0	0.0	1.0	1.0	0.0
0.0	2.0	0.0	0.0	1.0	0.0
0.0	31.0	0.0	1.0	0.0	0.0
0.0	29.0	0.0	0.0	0.0	0.0
0.0	2.0	0.0	1.0	0.0	0.0
0.0	55.0	0.0	1.0	0.0	0.0
0.0	48.0	0.0	0.0	0.0	0.0
0.0	7.0	0.0	1.0	0.0	0.0
0.0	27.0	0.0	14.0	0.0	0.0
0.0	17.0	0.0	3.0	0.0	0.0
0.0	4.0	0.0	3.0	0.0	0.0
0.0	13.0	0.0	0.0	0.0	0.0
0.0	10.0	0.0	11.0	0.0	0.0
0.0	6.0	0.0	11.0	0.0	0.0
0.0	6.0	0.0	5.0	0.0	0.0
0.0	0.0	0.0	2.0	0.0	0.0
0.0	6.0	0.0	3.0	0.0	0.0
0.0	0.0	0.0	6.0	0.0	0.0
0.0	4.0	0.0	0.0	0.0	0.0
0.0	245.0	0.0	7.0	0.0	0.0
0.0	178.0	0.0	0.0	0.0	0.0
0.0	67.0	0.0	7.0	0.0	0.0
0.0	64.0	0.0	4.0	0.0	0.0
0.0	32.0	0.0	0.0	0.0	0.0
0.0	32.0	0.0	4.0	0.0	0.0
0.0	6.0	0.0	3.0	0.0	0.0
0.0	26.0	0.0	1.0	0.0	0.0
0.0	1.0	0.0	1.0	0.0	0.0
0.0	25.0	0.0	0.0	0.0	0.0
0.0	3.0	0.0	3.0	0.0	0.0
1.0	54.0	0.0	56.0	1.0	0.0
0.0	15.0	0.0	51.0	0.0	0.0
0.0	12.0	0.0	16.0	0.0	0.0
0.0	5.0	0.0	0.0	0.0	0.0
0.0	7.0	0.0	16.0	0.0	0.0
0.0	0.0	0.0	8.0	0.0	0.0
0.0	7.0	0.0	8.0	0.0	0.0
0.0	0.0	0.0	5.0	0.0	0.0
0.0	7.0	0.0	3.0	0.0	0.0
0.0	3.0	0.0	0.0	0.0	0.0
0.0	4.0	0.0	3.0	0.0	0.0
0.0	3.0	0.0	35.0	0.0	0.0
0.0	0.0	0.0	20.0	0.0	0.0
0.0	3.0	0.0	15.0	0.0	0.0
0.0	3.0	0.0	10.0	0.0	0.0
0.0	0.0	0.0	4.0	0.0	0.0
0.0	3.0	0.0	6.0	0.0	0.0
0.0	0.0	0.0	5.0	0.0	0.0
1.0	39.0	0.0	5.0	1.0	0.0
1.0	34.0	0.0	0.0	0.0	0.0
0.0	33.0	0.0	0.0	0.0	0.0
1.0	1.0	0.0	0.0	0.0	0.0
0.0	5.0	0.0	5.0	1.0	0.0
0.0	0.0	0.0	3.0	1.0	0.0
0.0	5.0	0.0	2.0	0.0	0.0
72.0	546.0	0.0	3.0	1.0	0.0
14.0	534.0	0.0	3.0	1.0	0.0
5.0	422.0	0.0	3.0	0.0	0.0
0.0	281.0	0.0	3.0	0.0	0.0
0.0	95.0	0.0	0.0	0.0	0.0
0.0	186.0	0.0	3.0	0.0	0.0
0.0	119.0	0.0	0.0	0.0	0.0
0.0	67.0	0.0	3.0	0.0	0.0
0.0	2.0	0.0	2.0	0.0	0.0
0.0	65.0	0.0	1.0	0.0	0.0
0.0	27.0	0.0	1.0	0.0	0.0
0.0	2.0	0.0	1.0	0.0	0.0
0.0	25.0	0.0	0.0	0.0	0.0
0.0	38.0	0.0	0.0	0.0	0.0
5.0	141.0	0.0	0.0	0.0	0.0
5.0	79.0	0.0	0.0	0.0	0.0
2.0	79.0	0.0	0.0	0.0	0.0
2.0	53.0	0.0	0.0	0.0	0.0
0.0	10.0	0.0	0.0	0.0	0.0
2.0	43.0	0.0	0.0	0.0	0.0
0.0	26.0	0.0	0.0	0.0	0.0
3.0	0.0	0.0	0.0	0.0	0.0
0.0	62.0	0.0	0.0	0.0	0.0
9.0	112.0	0.0	0.0	1.0	0.0
0.0	84.0	0.0	0.0	1.0	0.0
0.0	82.0	0.0	0.0	0.0	0.0
0.0	2.0	0.0	0.0	1.0	0.0
9.0	28.0	0.0	0.0	0.0	0.0
7.0	0.0	0.0	0.0	0.0	0.0
2.0	28.0	0.0	0.0	0.0	0.0
0.0	16.0	0.0	0.0	0.0	0.0
2.0	12.0	0.0	0.0	0.0	0.0
2.0	7.0	0.0	0.0	0.0	0.0
0.0	5.0	0.0	0.0	0.0	0.0
58.0	12.0	0.0	0.0	0.0	0.0
10.0	10.0	0.0	0.0	0.0	0.0
8.0	0.0	0.0	0.0	0.0	0.0
2.0	10.0	0.0	0.0	0.0	0.0
2.0	1.0	0.0	0.0	0.0	0.0
0.0	9.0	0.0	0.0	0.0	0.0
48.0	2.0	0.0	0.0	0.0	0.0
38.0	0.0	0.0	0.0	0.0	0.0
10.0	2.0	0.0	0.0	0.0	0.0
1.0	2.0	0.0	0.0	0.0	0.0
9.0	0.0	0.0	0.0	0.0	0.0
