# Sizes (NFeatures, Nclasses, NodeCount, MaxDepth)
10	6	257	14
# Classes
0.0	1.0	2.0	3.0	4.0	5.0
# Feature Names
Nrows	Ncols	Nnnz	AvgNnnz	Density	MaxRowNnnz	MinRowNnnz	StdRowNnnz	NDiags	NTrueDiags
# Left
1	2	3	4	-1	6	7	8	-1	-1	-1	12	13	14	15	-1	-1	-1	19	20	21	22	-1	-1	-1	-1	-1	28	29	30	-1	32	-1	-1	-1	36	-1	-1	39	40	41	42	43	-1	45	-1	47	-1	-1	50	-1	52	-1	-1	55	56	57	58	-1	60	61	62	-1	-1	-1	-1	-1	68	69	70	-1	-1	-1	74	-1	-1	77	-1	79	-1	-1	82	83	84	-1	-1	-1	-1	89	90	-1	-1	-1	94	95	96	97	-1	-1	100	-1	-1	103	-1	-1	106	107	108	109	110	-1	112	113	114	-1	-1	117	118	119	-1	121	-1	-1	-1	-1	-1	127	128	129	130	-1	132	-1	-1	135	-1	-1	-1	139	-1	-1	142	143	144	145	146	-1	148	-1	150	-1	152	-1	-1	-1	-1	157	-1	159	-1	161	-1	-1	164	-1	166	167	168	-1	-1	-1	-1	173	174	175	176	-1	178	179	-1	-1	182	-1	-1	-1	-1	187	-1	189	190	191	192	-1	-1	-1	196	-1	-1	199	-1	-1	202	-1	204	205	-1	207	-1	209	-1	-1	-1	213	214	215	216	217	-1	219	-1	-1	-1	-1	224	225	226	227	228	229	-1	-1	-1	-1	-1	-1	236	-1	-1	239	240	-1	242	243	244	-1	-1	247	-1	-1	250	-1	-1	253	-1	255	-1	-1
# Right
212	93	38	5	-1	11	10	9	-1	-1	-1	27	18	17	16	-1	-1	-1	26	25	24	23	-1	-1	-1	-1	-1	35	34	31	-1	33	-1	-1	-1	37	-1	-1	88	81	54	49	44	-1	46	-1	48	-1	-1	51	-1	53	-1	-1	76	67	66	59	-1	65	64	63	-1	-1	-1	-1	-1	73	72	71	-1	-1	-1	75	-1	-1	78	-1	80	-1	-1	87	86	85	-1	-1	-1	-1	92	91	-1	-1	-1	105	102	99	98	-1	-1	101	-1	-1	104	-1	-1	201	172	141	126	111	-1	125	116	115	-1	-1	124	123	120	-1	122	-1	-1	-1	-1	-1	138	137	134	131	-1	133	-1	-1	136	-1	-1	-1	140	-1	-1	163	156	155	154	147	-1	149	-1	151	-1	153	-1	-1	-1	-1	158	-1	160	-1	162	-1	-1	165	-1	171	170	169	-1	-1	-1	-1	186	185	184	177	-1	181	180	-1	-1	183	-1	-1	-1	-1	188	-1	198	195	194	193	-1	-1	-1	197	-1	-1	200	-1	-1	203	-1	211	206	-1	208	-1	210	-1	-1	-1	238	223	222	221	218	-1	220	-1	-1	-1	-1	235	234	233	232	231	230	-1	-1	-1	-1	-1	-1	237	-1	-1	252	241	-1	249	246	245	-1	-1	248	-1	-1	251	-1	-1	254	-1	256	-1	-1
# Threshold
93.5	100.0	6.5	64.5	-2.0	0.0001622675044927746	54576.0	40200.5	-2.0	-2.0	-2.0	0.005034320056438446	5648.0	2528.0	908.5	-2.0	-2.0	-2.0	5.887500047683716	5.5	10.0	4.5	-2.0	-2.0	-2.0	-2.0	-2.0	0.6257440149784088	26.5	3.0	-2.0	4530.5	-2.0	-2.0	-2.0	4.119615077972412	-2.0	-2.0	519164.0	28.5	390.0	0.23421550542116165	34.5	-2.0	1.1444200277328491	-2.0	36.5	-2.0	-2.0	0.2740889936685562	-2.0	19.5	-2.0	-2.0	67.5	20.0	10900.0	358.0	-2.0	8.5	12746.5	0.006218850030563772	-2.0	-2.0	-2.0	-2.0	-2.0	976.0	2851.0	1.5	-2.0	-2.0	-2.0	2199.0	-2.0	-2.0	83.5	-2.0	6.936644792556763	-2.0	-2.0	10055.5	41.53270149230957	248530.0	-2.0	-2.0	-2.0	-2.0	16910250.0	5.0	-2.0	-2.0	-2.0	2.767645001411438	33441.0	2.1286399960517883	0.002786490018479526	-2.0	-2.0	2.0	-2.0	-2.0	6769500.0	-2.0	-2.0	392582.5	3.9939650297164917	3968.5	664.0	0.10647950321435928	-2.0	10.5	1340.0	826.0	-2.0	-2.0	19.5	2.6681699752807617	297.5	-2.0	576.0	-2.0	-2.0	-2.0	-2.0	-2.0	8.866290092468262	3816.5	4.5	0.002182569936849177	-2.0	8.0	-2.0	-2.0	207.0	-2.0	-2.0	-2.0	2460.5	-2.0	-2.0	4.5	7.410215139389038	85896.0	1.3551900386810303	0.1362595036625862	-2.0	328.5	-2.0	0.46227601170539856	-2.0	8996.0	-2.0	-2.0	-2.0	-2.0	0.5	-2.0	8.616300106048584	-2.0	19.831899642944336	-2.0	-2.0	0.5	-2.0	3.864650011062622	8.5	16.0	-2.0	-2.0	-2.0	-2.0	4825.0	1171680.0	36.5	102.0	-2.0	431.5	0.02223024982959032	-2.0	-2.0	4.01308012008667	-2.0	-2.0	-2.0	-2.0	353782.0	-2.0	2822990.0	8.0	21.735050201416016	3.5	-2.0	-2.0	-2.0	41.0	-2.0	-2.0	82005.0	-2.0	-2.0	9.038565158843994	-2.0	819395.0	16196.5	-2.0	15.164199829101562	-2.0	12.831900119781494	-2.0	-2.0	-2.0	47500.0	8.69436502456665	50.529951095581055	1813.5	3126.5	-2.0	11245.5	-2.0	-2.0	-2.0	-2.0	186.4209976196289	16493.0	0.009353620000183582	15940.5	6574.0	5451.0	-2.0	-2.0	-2.0	-2.0	-2.0	-2.0	1748620.0	-2.0	-2.0	13508.5	20.16219997406006	-2.0	7.212235141196288e-05	6.093780040740967	3643.0	-2.0	-2.0	4273090.0	-2.0	-2.0	22.462050437927246	-2.0	-2.0	17150900.0	-2.0	497.322998046875	-2.0	-2.0
# Feature
5	8	5	0	-2	4	1	1	-2	-2	-2	4	2	1	0	-2	-2	-2	3	5	8	9	-2	-2	-2	-2	-2	7	8	8	-2	2	-2	-2	-2	3	-2	-2	2	5	2	4	0	-2	7	-2	1	-2	-2	4	-2	0	-2	-2	8	8	1	1	-2	5	2	4	-2	-2	-2	-2	-2	0	2	6	-2	-2	-2	0	-2	-2	8	-2	3	-2	-2	0	3	2	-2	-2	-2	-2	2	6	-2	-2	-2	3	1	7	4	-2	-2	9	-2	-2	8	-2	-2	1	7	0	1	7	-2	9	2	2	-2	-2	5	7	1	-2	1	-2	-2	-2	-2	-2	3	8	9	4	-2	5	-2	-2	8	-2	-2	-2	8	-2	-2	6	3	2	7	7	-2	8	-2	7	-2	1	-2	-2	-2	-2	9	-2	3	-2	3	-2	-2	9	-2	7	6	5	-2	-2	-2	-2	8	2	5	1	-2	8	4	-2	-2	7	-2	-2	-2	-2	2	-2	2	9	3	6	-2	-2	-2	5	-2	-2	0	-2	-2	3	-2	8	8	-2	3	-2	7	-2	-2	-2	8	3	7	0	8	-2	2	-2	-2	-2	-2	3	0	4	1	0	1	-2	-2	-2	-2	-2	-2	2	-2	-2	5	7	-2	4	3	5	-2	-2	8	-2	-2	7	-2	-2	2	-2	7	-2	-2
# Values
74.0	1272.0	67.0	252.0	15.0	1.0
2.0	726.0	67.0	249.0	14.0	1.0
1.0	108.0	67.0	74.0	9.0	1.0
1.0	25.0	20.0	41.0	9.0	0.0
1.0	7.0	0.0	0.0	1.0	0.0
0.0	18.0	20.0	41.0	8.0	0.0
0.0	8.0	6.0	0.0	0.0	0.0
0.0	8.0	3.0	0.0	0.0	0.0
0.0	4.0	3.0	0.0	0.0	0.0
0.0	4.0	0.0	0.0	0.0	0.0
0.0	0.0	3.0	0.0	0.0	0.0
0.0	10.0	14.0	41.0	8.0	0.0
0.0	1.0	9.0	18.0	8.0	0.0
0.0	0.0	0.0	8.0	6.0	0.0
0.0	0.0	0.0	8.0	3.0	0.0
0.0	0.0	0.0	3.0	3.0	0.0
0.0	0.0	0.0	5.0	0.0	0.0
0.0	0.0	0.0	0.0	3.0	0.0
0.0	1.0	9.0	10.0	2.0	0.0
0.0	0.0	8.0	10.0	2.0	0.0
0.0	0.0	7.0	5.0	2.0	0.0
0.0	0.0	7.0	3.0	2.0	0.0
0.0	0.0	4.0	3.0	2.0	0.0
0.0	0.0	3.0	0.0	0.0	0.0
0.0	0.0	0.0	2.0	0.0	0.0
0.0	0.0	1.0	5.0	0.0	0.0
0.0	1.0	1.0	0.0	0.0	0.0
0.0	9.0	5.0	23.0	0.0	0.0
0.0	5.0	1.0	19.0	0.0	0.0
0.0	2.0	1.0	19.0	0.0	0.0
0.0	2.0	0.0	3.0	0.0	0.0
0.0	0.0	1.0	16.0	0.0	0.0
0.0	0.0	0.0	12.0	0.0	0.0
0.0	0.0	1.0	4.0	0.0	0.0
0.0	3.0	0.0	0.0	0.0	0.0
0.0	4.0	4.0	4.0	0.0	0.0
0.0	4.0	1.0	3.0	0.0	0.0
0.0	0.0	3.0	1.0	0.0	0.0
0.0	83.0	47.0	33.0	0.0	1.0
0.0	83.0	35.0	32.0	0.0	0.0
0.0	61.0	34.0	31.0	0.0	0.0
0.0	27.0	3.0	3.0	0.0	0.0
0.0	18.0	3.0	0.0	0.0	0.0
0.0	6.0	0.0	0.0	0.0	0.0
0.0	12.0	3.0	0.0	0.0	0.0
0.0	2.0	2.0	0.0	0.0	0.0
0.0	10.0	1.0	0.0	0.0	0.0
0.0	1.0	1.0	0.0	0.0	0.0
0.0	9.0	0.0	0.0	0.0	0.0
0.0	9.0	0.0	3.0	0.0	0.0
0.0	0.0	0.0	2.0	0.0	0.0
0.0	9.0	0.0	1.0	0.0	0.0
0.0	7.0	0.0	0.0	0.0	0.0
0.0	2.0	0.0	1.0	0.0	0.0
0.0	34.0	31.0	28.0	0.0	0.0
0.0	23.0	31.0	19.0	0.0	0.0
0.0	10.0	7.0	17.0	0.0	0.0
0.0	7.0	7.0	17.0	0.0	0.0
0.0	2.0	0.0	5.0	0.0	0.0
0.0	5.0	7.0	12.0	0.0	0.0
0.0	2.0	3.0	11.0	0.0	0.0
0.0	1.0	3.0	7.0	0.0	0.0
0.0	0.0	3.0	3.0	0.0	0.0
0.0	1.0	0.0	4.0	0.0	0.0
0.0	1.0	0.0	4.0	0.0	0.0
0.0	3.0	4.0	1.0	0.0	0.0
0.0	3.0	0.0	0.0	0.0	0.0
0.0	13.0	24.0	2.0	0.0	0.0
0.0	7.0	19.0	0.0	0.0	0.0
0.0	7.0	9.0	0.0	0.0	0.0
0.0	1.0	6.0	0.0	0.0	0.0
0.0	6.0	3.0	0.0	0.0	0.0
0.0	0.0	10.0	0.0	0.0	0.0
0.0	6.0	5.0	2.0	0.0	0.0
0.0	1.0	1.0	2.0	0.0	0.0
0.0	5.0	4.0	0.0	0.0	0.0
0.0	11.0	0.0	9.0	0.0	0.0
0.0	7.0	0.0	0.0	0.0	0.0
0.0	4.0	0.0	9.0	0.0	0.0
0.0	4.0	0.0	5.0	0.0	0.0
0.0	0.0	0.0	4.0	0.0	0.0
0.0	22.0	1.0	1.0	0.0	0.0
0.0	20.0	0.0	1.0	0.0	0.0
0.0	11.0	0.0	1.0	0.0	0.0
0.0	7.0	0.0	0.0	0.0	0.0
0.0	4.0	0.0	1.0	0.0	0.0
0.0	9.0	0.0	0.0	0.0	0.0
0.0	2.0	1.0	0.0	0.0	0.0
0.0	0.0	12.0	1.0	0.0	1.0
0.0	0.0	11.0	1.0	0.0	0.0
0.0	0.0	6.0	0.0	0.0	0.0
0.0	0.0	5.0	1.0	0.0	0.0
0.0	0.0	1.0	0.0	0.0	1.0
1.0	618.0	0.0	175.0	5.0	0.0
1.0	23.0	0.0	21.0	1.0	0.0
0.0	11.0	0.0	21.0	1.0	0.0
0.0	3.0	0.0	19.0	1.0	0.0
0.0	0.0	0.0	15.0	0.0	0.0
0.0	3.0	0.0	4.0	1.0	0.0
0.0	8.0	0.0	2.0	0.0	0.0
0.0	8.0	0.0	0.0	0.0	0.0
0.0	0.0	0.0	2.0	0.0	0.0
1.0	12.0	0.0	0.0	0.0	0.0
0.0	11.0	0.0	0.0	0.0	0.0
1.0	1.0	0.0	0.0	0.0	0.0
0.0	595.0	0.0	154.0	4.0	0.0
0.0	555.0	0.0	113.0	3.0	0.0
0.0	265.0	0.0	87.0	3.0	0.0
0.0	95.0	0.0	66.0	2.0	0.0
0.0	78.0	0.0	20.0	2.0	0.0
0.0	1.0	0.0	0.0	2.0	0.0
0.0	77.0	0.0	20.0	0.0	0.0
0.0	69.0	0.0	20.0	0.0	0.0
0.0	6.0	0.0	5.0	0.0	0.0
0.0	6.0	0.0	1.0	0.0	0.0
0.0	0.0	0.0	4.0	0.0	0.0
0.0	63.0	0.0	15.0	0.0	0.0
0.0	54.0	0.0	15.0	0.0	0.0
0.0	53.0	0.0	12.0	0.0	0.0
0.0	7.0	0.0	0.0	0.0	0.0
0.0	46.0	0.0	12.0	0.0	0.0
0.0	43.0	0.0	12.0	0.0	0.0
0.0	3.0	0.0	0.0	0.0	0.0
0.0	1.0	0.0	3.0	0.0	0.0
0.0	9.0	0.0	0.0	0.0	0.0
0.0	8.0	0.0	0.0	0.0	0.0
0.0	17.0	0.0	46.0	0.0	0.0
0.0	8.0	0.0	43.0	0.0	0.0
0.0	5.0	0.0	43.0	0.0	0.0
0.0	4.0	0.0	19.0	0.0	0.0
0.0	3.0	0.0	2.0	0.0	0.0
0.0	1.0	0.0	17.0	0.0	0.0
0.0	1.0	0.0	1.0	0.0	0.0
0.0	0.0	0.0	16.0	0.0	0.0
0.0	1.0	0.0	24.0	0.0	0.0
0.0	1.0	0.0	2.0	0.0	0.0
0.0	0.0	0.0	22.0	0.0	0.0
0.0	3.0	0.0	0.0	0.0	0.0
0.0	9.0	0.0	3.0	0.0	0.0
0.0	6.0	0.0	3.0	0.0	0.0
0.0	3.0	0.0	0.0	0.0	0.0
0.0	170.0	0.0	21.0	1.0	0.0
0.0	147.0	0.0	12.0	1.0	0.0
0.0	129.0	0.0	6.0	1.0	0.0
0.0	57.0	0.0	6.0	1.0	0.0
0.0	20.0	0.0	6.0	1.0	0.0
0.0	1.0	0.0	0.0	1.0	0.0
0.0	19.0	0.0	6.0	0.0	0.0
0.0	4.0	0.0	0.0	0.0	0.0
0.0	15.0	0.0	6.0	0.0	0.0
0.0	4.0	0.0	4.0	0.0	0.0
0.0	11.0	0.0	2.0	0.0	0.0
0.0	2.0	0.0	2.0	0.0	0.0
0.0	9.0	0.0	0.0	0.0	0.0
0.0	37.0	0.0	0.0	0.0	0.0
0.0	72.0	0.0	0.0	0.0	0.0
0.0	18.0	0.0	6.0	0.0	0.0
0.0	2.0	0.0	3.0	0.0	0.0
0.0	16.0	0.0	3.0	0.0	0.0
0.0	1.0	0.0	2.0	0.0	0.0
0.0	15.0	0.0	1.0	0.0	0.0
0.0	14.0	0.0	0.0	0.0	0.0
0.0	1.0	0.0	1.0	0.0	0.0
0.0	23.0	0.0	9.0	0.0	0.0
0.0	5.0	0.0	0.0	0.0	0.0
0.0	18.0	0.0	9.0	0.0	0.0
0.0	12.0	0.0	9.0	0.0	0.0
0.0	5.0	0.0	8.0	0.0	0.0
0.0	4.0	0.0	0.0	0.0	0.0
0.0	1.0	0.0	8.0	0.0	0.0
0.0	7.0	0.0	1.0	0.0	0.0
0.0	6.0	0.0	0.0	0.0	0.0
0.0	290.0	0.0	26.0	0.0	0.0
0.0	242.0	0.0	9.0	0.0	0.0
0.0	238.0	0.0	6.0	0.0	0.0
0.0	78.0	0.0	6.0	0.0	0.0
0.0	1.0	0.0	1.0	0.0	0.0
0.0	77.0	0.0	5.0	0.0	0.0
0.0	11.0	0.0	3.0	0.0	0.0
0.0	4.0	0.0	3.0	0.0	0.0
0.0	7.0	0.0	0.0	0.0	0.0
0.0	66.0	0.0	2.0	0.0	0.0
0.0	37.0	0.0	2.0	0.0	0.0
0.0	29.0	0.0	0.0	0.0	0.0
0.0	160.0	0.0	0.0	0.0	0.0
0.0	4.0	0.0	3.0	0.0	0.0
0.0	48.0	0.0	17.0	0.0	0.0
0.0	25.0	0.0	0.0	0.0	0.0
0.0	23.0	0.0	17.0	0.0	0.0
0.0	20.0	0.0	8.0	0.0	0.0
0.0	7.0	0.0	7.0	0.0	0.0
0.0	4.0	0.0	7.0	0.0	0.0
0.0	2.0	0.0	7.0	0.0	0.0
0.0	2.0	0.0	0.0	0.0	0.0
0.0	3.0	0.0	0.0	0.0	0.0
0.0	13.0	0.0	1.0	0.0	0.0
0.0	1.0	0.0	1.0	0.0	0.0
0.0	12.0	0.0	0.0	0.0	0.0
0.0	3.0	0.0	9.0	0.0	0.0
0.0	0.0	0.0	5.0	0.0	0.0
0.0	3.0	0.0	4.0	0.0	0.0
0.0	40.0	0.0	41.0	1.0	0.0
0.0	34.0	0.0	0.0	0.0	0.0
0.0	6.0	0.0	41.0	1.0	0.0
0.0	4.0	0.0	40.0	0.0	0.0
0.0	0.0	0.0	20.0	0.0	0.0
0.0	4.0	0.0	20.0	0.0	0.0
0.0	2.0	0.0	3.0	0.0	0.0
0.0	2.0	0.0	17.0	0.0	0.0
0.0	0.0	0.0	17.0	0.0	0.0
0.0	2.0	0.0	0.0	0.0	0.0
0.0	2.0	0.0	1.0	1.0	0.0
72.0	546.0	0.0	3.0	1.0	0.0
9.0	428.0	0.0	3.0	0.0	0.0
8.0	140.0	0.0	0.0	0.0	0.0
2.0	139.0	0.0	0.0	0.0	0.0
2.0	69.0	0.0	0.0	0.0	0.0
0.0	22.0	0.0	0.0	0.0	0.0
2.0	47.0	0.0	0.0	0.0	0.0
0.0	4.0	0.0	0.0	0.0	0.0
2.0	43.0	0.0	0.0	0.0	0.0
0.0	70.0	0.0	0.0	0.0	0.0
6.0	1.0	0.0	0.0	0.0	0.0
1.0	288.0	0.0	3.0	0.0	0.0
0.0	277.0	0.0	3.0	0.0	0.0
0.0	165.0	0.0	3.0	0.0	0.0
0.0	95.0	0.0	3.0	0.0	0.0
0.0	94.0	0.0	2.0	0.0	0.0
0.0	43.0	0.0	2.0	0.0	0.0
0.0	40.0	0.0	0.0	0.0	0.0
0.0	3.0	0.0	2.0	0.0	0.0
0.0	51.0	0.0	0.0	0.0	0.0
0.0	1.0	0.0	1.0	0.0	0.0
0.0	70.0	0.0	0.0	0.0	0.0
0.0	112.0	0.0	0.0	0.0	0.0
1.0	11.0	0.0	0.0	0.0	0.0
1.0	2.0	0.0	0.0	0.0	0.0
0.0	9.0	0.0	0.0	0.0	0.0
63.0	118.0	0.0	0.0	1.0	0.0
10.0	116.0	0.0	0.0	1.0	0.0
0.0	46.0	0.0	0.0	0.0	0.0
10.0	70.0	0.0	0.0	1.0	0.0
9.0	16.0	0.0	0.0	1.0	0.0
8.0	2.0	0.0	0.0	0.0	0.0
0.0	2.0	0.0	0.0	0.0	0.0
8.0	0.0	0.0	0.0	0.0	0.0
1.0	14.0	0.0	0.0	1.0	0.0
0.0	11.0	0.0	0.0	0.0	0.0
1.0	3.0	0.0	0.0	1.0	0.0
1.0	54.0	0.0	0.0	0.0	0.0
1.0	7.0	0.0	0.0	0.0	0.0
0.0	47.0	0.0	0.0	0.0	0.0
53.0	2.0	0.0	0.0	0.0	0.0
38.0	0.0	0.0	0.0	0.0	0.0
15.0	2.0	0.0	0.0	0.0	0.0
5.0	2.0	0.0	0.0	0.0	0.0
10.0	0.0	0.0	0.0	0.0	0.0
