# Sizes (NFeatures, Nclasses, NodeCount, MaxDepth)
10	4	115	11
# Classes
0.0	1.0	2.0	3.0
# Feature Names
Nrows	Ncols	Nnnz	AvgNnnz	Density	MaxRowNnnz	MinRowNnnz	StdRowNnnz	NDiags	NTrueDiags
# Left
1	2	3	4	5	-1	-1	8	9	-1	11	12	13	14	-1	-1	17	18	-1	-1	-1	22	-1	-1	-1	26	-1	-1	29	30	-1	32	33	-1	-1	-1	-1	38	39	40	41	-1	43	-1	-1	-1	47	48	-1	-1	-1	52	-1	54	55	56	-1	58	-1	-1	61	62	-1	64	65	-1	-1	-1	-1	70	71	72	73	-1	-1	-1	-1	-1	79	80	81	-1	-1	84	-1	86	-1	88	-1	-1	91	92	93	-1	95	96	-1	98	-1	100	-1	-1	-1	-1	105	-1	107	108	109	-1	111	-1	-1	-1	-1
# Right
78	37	28	7	6	-1	-1	25	10	-1	24	21	16	15	-1	-1	20	19	-1	-1	-1	23	-1	-1	-1	27	-1	-1	36	31	-1	35	34	-1	-1	-1	-1	51	46	45	42	-1	44	-1	-1	-1	50	49	-1	-1	-1	53	-1	69	60	57	-1	59	-1	-1	68	63	-1	67	66	-1	-1	-1	-1	77	76	75	74	-1	-1	-1	-1	-1	90	83	82	-1	-1	85	-1	87	-1	89	-1	-1	104	103	94	-1	102	97	-1	99	-1	101	-1	-1	-1	-1	106	-1	114	113	110	-1	112	-1	-1	-1	-1
# Threshold
1.5	5.0373148918151855	4.713404893875122	1.607729971408844	262.5	-2.0	-2.0	0.000684065482346341	7.0	-2.0	3664.0	62.0	2.939705014228821	0.929124504327774	-2.0	-2.0	3.958720088005066	1.5542349815368652	-2.0	-2.0	-2.0	49720.0	-2.0	-2.0	-2.0	157.5	-2.0	-2.0	0.5	7.08404004399199e-05	-2.0	4.931050062179565	3.621085047721863	-2.0	-2.0	-2.0	-2.0	1796.5	1136.5	8.979050159454346	288.5	-2.0	404.0	-2.0	-2.0	-2.0	0.02233080007135868	1311.5	-2.0	-2.0	-2.0	11.192899703979492	-2.0	4607.0	11.794899940490723	23563.0	-2.0	11.670700073242188	-2.0	-2.0	18815.5	0.00127374503063038	-2.0	4.4596898555755615	3381.0	-2.0	-2.0	-2.0	-2.0	31174900.0	177711.5	53582.5	23429.0	-2.0	-2.0	-2.0	-2.0	-2.0	2.8201199769973755	2.0931899547576904	1.8343650698661804	-2.0	-2.0	0.5662640035152435	-2.0	2.5	-2.0	1605.0	-2.0	-2.0	3085155.0	1.7110900282859802	407.5	-2.0	6.288125038146973	6080.0	-2.0	5.988159894943237	-2.0	82094.0	-2.0	-2.0	-2.0	-2.0	3221410.0	-2.0	6.0	926452.5	824172.5	-2.0	1459525.0	-2.0	-2.0	-2.0	-2.0
# Feature
9	3	3	3	1	-2	-2	4	5	-2	5	5	3	7	-2	-2	3	7	-2	-2	-2	8	-2	-2	-2	2	-2	-2	9	4	-2	3	7	-2	-2	-2	-2	1	8	7	1	-2	8	-2	-2	-2	4	0	-2	-2	-2	3	-2	5	3	2	-2	3	-2	-2	0	4	-2	7	8	-2	-2	-2	-2	2	0	1	0	-2	-2	-2	-2	-2	3	3	3	-2	-2	7	-2	9	-2	1	-2	-2	2	7	8	-2	3	2	-2	3	-2	8	-2	-2	-2	-2	2	-2	9	8	1	-2	1	-2	-2	-2	-2
# Values
109.0	1533.0	1.0	41.0
92.0	281.0	0.0	37.0
92.0	66.0	0.0	6.0
44.0	59.0	0.0	6.0
19.0	1.0	0.0	0.0
1.0	1.0	0.0	0.0
18.0	0.0	0.0	0.0
25.0	58.0	0.0	6.0
24.0	27.0	0.0	6.0
0.0	15.0	0.0	0.0
24.0	12.0	0.0	6.0
24.0	7.0	0.0	6.0
8.0	7.0	0.0	5.0
2.0	3.0	0.0	5.0
2.0	0.0	0.0	2.0
0.0	3.0	0.0	3.0
6.0	4.0	0.0	0.0
6.0	2.0	0.0	0.0
1.0	2.0	0.0	0.0
5.0	0.0	0.0	0.0
0.0	2.0	0.0	0.0
16.0	0.0	0.0	1.0
15.0	0.0	0.0	0.0
1.0	0.0	0.0	1.0
0.0	5.0	0.0	0.0
1.0	31.0	0.0	0.0
1.0	1.0	0.0	0.0
0.0	30.0	0.0	0.0
48.0	7.0	0.0	0.0
48.0	2.0	0.0	0.0
41.0	0.0	0.0	0.0
7.0	2.0	0.0	0.0
4.0	2.0	0.0	0.0
4.0	0.0	0.0	0.0
0.0	2.0	0.0	0.0
3.0	0.0	0.0	0.0
0.0	5.0	0.0	0.0
0.0	215.0	0.0	31.0
0.0	31.0	0.0	19.0
0.0	24.0	0.0	5.0
0.0	9.0	0.0	5.0
0.0	0.0	0.0	3.0
0.0	9.0	0.0	2.0
0.0	1.0	0.0	2.0
0.0	8.0	0.0	0.0
0.0	15.0	0.0	0.0
0.0	7.0	0.0	14.0
0.0	1.0	0.0	14.0
0.0	0.0	0.0	13.0
0.0	1.0	0.0	1.0
0.0	6.0	0.0	0.0
0.0	184.0	0.0	12.0
0.0	84.0	0.0	0.0
0.0	100.0	0.0	12.0
0.0	87.0	0.0	5.0
0.0	10.0	0.0	3.0
0.0	7.0	0.0	0.0
0.0	3.0	0.0	3.0
0.0	1.0	0.0	2.0
0.0	2.0	0.0	1.0
0.0	77.0	0.0	2.0
0.0	36.0	0.0	2.0
0.0	2.0	0.0	1.0
0.0	34.0	0.0	1.0
0.0	5.0	0.0	1.0
0.0	4.0	0.0	0.0
0.0	1.0	0.0	1.0
0.0	29.0	0.0	0.0
0.0	41.0	0.0	0.0
0.0	13.0	0.0	7.0
0.0	9.0	0.0	7.0
0.0	9.0	0.0	4.0
0.0	4.0	0.0	4.0
0.0	3.0	0.0	1.0
0.0	1.0	0.0	3.0
0.0	5.0	0.0	0.0
0.0	0.0	0.0	3.0
0.0	4.0	0.0	0.0
17.0	1252.0	1.0	4.0
11.0	18.0	1.0	0.0
4.0	0.0	1.0	0.0
1.0	0.0	1.0	0.0
3.0	0.0	0.0	0.0
7.0	18.0	0.0	0.0
0.0	11.0	0.0	0.0
7.0	7.0	0.0	0.0
3.0	0.0	0.0	0.0
4.0	7.0	0.0	0.0
4.0	1.0	0.0	0.0
0.0	6.0	0.0	0.0
6.0	1234.0	0.0	4.0
6.0	1054.0	0.0	0.0
6.0	278.0	0.0	0.0
0.0	225.0	0.0	0.0
6.0	53.0	0.0	0.0
6.0	26.0	0.0	0.0
3.0	1.0	0.0	0.0
3.0	25.0	0.0	0.0
0.0	24.0	0.0	0.0
3.0	1.0	0.0	0.0
1.0	1.0	0.0	0.0
2.0	0.0	0.0	0.0
0.0	27.0	0.0	0.0
0.0	776.0	0.0	0.0
0.0	180.0	0.0	4.0
0.0	2.0	0.0	2.0
0.0	178.0	0.0	2.0
0.0	51.0	0.0	2.0
0.0	16.0	0.0	2.0
0.0	13.0	0.0	0.0
0.0	3.0	0.0	2.0
0.0	0.0	0.0	2.0
0.0	3.0	0.0	0.0
0.0	35.0	0.0	0.0
0.0	127.0	0.0	0.0
