# Sizes (NFeatures, Nclasses, NodeCount, MaxDepth)
10	4	127	12
# Classes
0.0	1.0	2.0	3.0
# Feature Names
Nrows	Ncols	Nnnz	AvgNnnz	Density	MaxRowNnnz	MinRowNnnz	StdRowNnnz	NDiags	NTrueDiags
# Left
1	2	3	4	5	6	-1	-1	9	10	11	-1	13	-1	15	-1	17	-1	-1	20	-1	22	23	-1	-1	26	27	-1	29	-1	-1	-1	33	-1	-1	36	-1	-1	39	40	-1	42	-1	-1	-1	46	47	48	-1	-1	51	-1	53	-1	55	-1	57	-1	-1	60	61	-1	63	-1	-1	66	67	68	-1	70	71	-1	-1	74	-1	-1	-1	78	-1	80	81	-1	-1	84	85	86	-1	-1	-1	-1	91	92	93	94	95	96	-1	-1	-1	100	101	102	-1	-1	-1	106	107	-1	109	-1	-1	-1	113	-1	-1	-1	117	118	-1	-1	121	-1	123	-1	125	-1	-1
# Right
90	45	38	35	8	7	-1	-1	32	19	12	-1	14	-1	16	-1	18	-1	-1	21	-1	25	24	-1	-1	31	28	-1	30	-1	-1	-1	34	-1	-1	37	-1	-1	44	41	-1	43	-1	-1	-1	59	50	49	-1	-1	52	-1	54	-1	56	-1	58	-1	-1	65	62	-1	64	-1	-1	77	76	69	-1	73	72	-1	-1	75	-1	-1	-1	79	-1	83	82	-1	-1	89	88	87	-1	-1	-1	-1	116	115	112	99	98	97	-1	-1	-1	105	104	103	-1	-1	-1	111	108	-1	110	-1	-1	-1	114	-1	-1	-1	120	119	-1	-1	122	-1	124	-1	126	-1	-1
# Threshold
1.5	5.0578649044036865	1.5	4.684309959411621	1.607729971408844	18.5	-2.0	-2.0	0.0006916069833096117	27763.0	35.0	-2.0	5.896314859390259	-2.0	2.9113199710845947	-2.0	3.7520549297332764	-2.0	-2.0	0.6188770234584808	-2.0	2.408874988555908	1215531.0	-2.0	-2.0	3.8564300537109375	30789.5	-2.0	1.3311899806467409e-05	-2.0	-2.0	-2.0	6.5	-2.0	-2.0	8.457604963041376e-06	-2.0	-2.0	24733.5	0.0006454190006479621	-2.0	3.5	-2.0	-2.0	-2.0	24249.5	733.0	13.380250453948975	-2.0	-2.0	1053.5	-2.0	6.358550071716309	-2.0	9.830619812011719	-2.0	23563.0	-2.0	-2.0	11.192899703979492	2106575.0	-2.0	2312895.0	-2.0	-2.0	575.5	21.733699798583984	19.863849639892578	-2.0	3812.0	2.5	-2.0	-2.0	12617.0	-2.0	-2.0	-2.0	135497.5	-2.0	7145.0	11.623800277709961	-2.0	-2.0	27274200.0	2.0	196608.0	-2.0	-2.0	-2.0	-2.0	1.8097150325775146	4.5	0.0048492299392819405	6080.0	466.0	3093.5	-2.0	-2.0	-2.0	11.0	1.5	0.37292349338531494	-2.0	-2.0	-2.0	1354997.0	2885.5	-2.0	18.5	-2.0	-2.0	-2.0	3.5	-2.0	-2.0	-2.0	3.8013800382614136	0.5	-2.0	-2.0	73.24015045166016	-2.0	39673.5	-2.0	73.5855484008789	-2.0	-2.0
# Feature
9	3	6	3	3	5	-2	-2	4	1	5	-2	7	-2	3	-2	3	-2	-2	7	-2	3	1	-2	-2	3	0	-2	4	-2	-2	-2	5	-2	-2	4	-2	-2	0	4	-2	5	-2	-2	-2	2	1	3	-2	-2	0	-2	3	-2	3	-2	2	-2	-2	3	2	-2	2	-2	-2	5	3	3	-2	8	6	-2	-2	1	-2	-2	-2	2	-2	5	3	-2	-2	2	6	1	-2	-2	-2	-2	7	9	4	2	8	2	-2	-2	-2	5	6	7	-2	-2	-2	8	8	-2	5	-2	-2	-2	5	-2	-2	-2	3	6	-2	-2	3	-2	1	-2	3	-2	-2
# Values
130.0	1500.0	1.0	53.0
107.0	291.0	0.0	50.0
107.0	85.0	0.0	6.0
103.0	56.0	0.0	6.0
56.0	55.0	0.0	6.0
23.0	0.0	0.0	3.0
22.0	0.0	0.0	0.0
1.0	0.0	0.0	3.0
33.0	55.0	0.0	3.0
29.0	24.0	0.0	3.0
23.0	5.0	0.0	1.0
1.0	4.0	0.0	0.0
22.0	1.0	0.0	1.0
18.0	0.0	0.0	0.0
4.0	1.0	0.0	1.0
1.0	0.0	0.0	1.0
3.0	1.0	0.0	0.0
2.0	0.0	0.0	0.0
1.0	1.0	0.0	0.0
6.0	19.0	0.0	2.0
2.0	0.0	0.0	1.0
4.0	19.0	0.0	1.0
0.0	8.0	0.0	1.0
0.0	1.0	0.0	1.0
0.0	7.0	0.0	0.0
4.0	11.0	0.0	0.0
4.0	5.0	0.0	0.0
0.0	4.0	0.0	0.0
4.0	1.0	0.0	0.0
1.0	1.0	0.0	0.0
3.0	0.0	0.0	0.0
0.0	6.0	0.0	0.0
4.0	31.0	0.0	0.0
4.0	2.0	0.0	0.0
0.0	29.0	0.0	0.0
47.0	1.0	0.0	0.0
1.0	1.0	0.0	0.0
46.0	0.0	0.0	0.0
4.0	29.0	0.0	0.0
4.0	17.0	0.0	0.0
3.0	1.0	0.0	0.0
1.0	16.0	0.0	0.0
1.0	2.0	0.0	0.0
0.0	14.0	0.0	0.0
0.0	12.0	0.0	0.0
0.0	206.0	0.0	44.0
0.0	27.0	0.0	25.0
0.0	17.0	0.0	1.0
0.0	16.0	0.0	0.0
0.0	1.0	0.0	1.0
0.0	10.0	0.0	24.0
0.0	0.0	0.0	18.0
0.0	10.0	0.0	6.0
0.0	5.0	0.0	0.0
0.0	5.0	0.0	6.0
0.0	0.0	0.0	4.0
0.0	5.0	0.0	2.0
0.0	5.0	0.0	0.0
0.0	0.0	0.0	2.0
0.0	179.0	0.0	19.0
0.0	71.0	0.0	1.0
0.0	66.0	0.0	0.0
0.0	5.0	0.0	1.0
0.0	1.0	0.0	1.0
0.0	4.0	0.0	0.0
0.0	108.0	0.0	18.0
0.0	78.0	0.0	6.0
0.0	44.0	0.0	6.0
0.0	28.0	0.0	0.0
0.0	16.0	0.0	6.0
0.0	13.0	0.0	1.0
0.0	1.0	0.0	1.0
0.0	12.0	0.0	0.0
0.0	3.0	0.0	5.0
0.0	2.0	0.0	3.0
0.0	1.0	0.0	2.0
0.0	34.0	0.0	0.0
0.0	30.0	0.0	12.0
0.0	0.0	0.0	5.0
0.0	30.0	0.0	7.0
0.0	17.0	0.0	1.0
0.0	2.0	0.0	1.0
0.0	15.0	0.0	0.0
0.0	13.0	0.0	6.0
0.0	6.0	0.0	6.0
0.0	1.0	0.0	6.0
0.0	1.0	0.0	2.0
0.0	0.0	0.0	4.0
0.0	5.0	0.0	0.0
0.0	7.0	0.0	0.0
23.0	1209.0	1.0	3.0
22.0	338.0	1.0	2.0
22.0	137.0	1.0	2.0
22.0	69.0	0.0	2.0
13.0	2.0	0.0	0.0
7.0	2.0	0.0	0.0
6.0	0.0	0.0	0.0
1.0	2.0	0.0	0.0
6.0	0.0	0.0	0.0
9.0	67.0	0.0	2.0
0.0	55.0	0.0	2.0
0.0	8.0	0.0	2.0
0.0	1.0	0.0	2.0
0.0	7.0	0.0	0.0
0.0	47.0	0.0	0.0
9.0	12.0	0.0	0.0
9.0	6.0	0.0	0.0
0.0	5.0	0.0	0.0
9.0	1.0	0.0	0.0
8.0	0.0	0.0	0.0
1.0	1.0	0.0	0.0
0.0	6.0	0.0	0.0
0.0	68.0	1.0	0.0
0.0	1.0	1.0	0.0
0.0	67.0	0.0	0.0
0.0	201.0	0.0	0.0
1.0	871.0	0.0	1.0
1.0	14.0	0.0	0.0
1.0	1.0	0.0	0.0
0.0	13.0	0.0	0.0
0.0	857.0	0.0	1.0
0.0	783.0	0.0	0.0
0.0	74.0	0.0	1.0
0.0	56.0	0.0	0.0
0.0	18.0	0.0	1.0
0.0	2.0	0.0	1.0
0.0	16.0	0.0	0.0
