# Sizes (NFeatures, Nclasses, NodeCount, MaxDepth)
10	5	151	11
# Classes
0.0	1.0	2.0	3.0	4.0
# Feature Names
Nrows	Ncols	Nnnz	AvgNnnz	Density	MaxRowNnnz	MinRowNnnz	StdRowNnnz	NDiags	NTrueDiags
# Left
1	2	3	4	-1	6	7	-1	-1	-1	11	-1	13	-1	-1	16	17	18	-1	20	21	22	23	-1	25	-1	27	-1	-1	-1	31	-1	-1	-1	35	36	-1	38	-1	-1	-1	42	43	44	45	46	47	-1	-1	-1	-1	52	53	-1	-1	56	-1	58	-1	-1	61	-1	63	64	-1	-1	-1	-1	69	70	71	72	-1	74	75	-1	77	-1	79	-1	81	-1	-1	-1	85	-1	87	88	-1	-1	91	-1	93	-1	95	-1	97	-1	99	-1	-1	102	103	104	105	106	107	108	109	-1	-1	-1	-1	114	115	116	-1	-1	-1	-1	121	122	-1	-1	-1	126	-1	128	-1	-1	131	132	-1	-1	135	136	-1	-1	139	-1	-1	-1	143	144	-1	146	-1	-1	149	-1	-1
# Right
68	15	10	5	-1	9	8	-1	-1	-1	12	-1	14	-1	-1	41	34	19	-1	33	30	29	24	-1	26	-1	28	-1	-1	-1	32	-1	-1	-1	40	37	-1	39	-1	-1	-1	67	60	51	50	49	48	-1	-1	-1	-1	55	54	-1	-1	57	-1	59	-1	-1	62	-1	66	65	-1	-1	-1	-1	142	101	84	73	-1	83	76	-1	78	-1	80	-1	82	-1	-1	-1	86	-1	90	89	-1	-1	92	-1	94	-1	96	-1	98	-1	100	-1	-1	141	130	125	120	113	112	111	110	-1	-1	-1	-1	119	118	117	-1	-1	-1	-1	124	123	-1	-1	-1	127	-1	129	-1	-1	134	133	-1	-1	138	137	-1	-1	140	-1	-1	-1	148	145	-1	147	-1	-1	150	-1	-1
# Threshold
30215.0	29.5	16.5	1.5	-2.0	8.0	6.5	-2.0	-2.0	-2.0	72.5	-2.0	16.5	-2.0	-2.0	21.5	0.01854589954018593	608.0	-2.0	1102463.0	0.00954861519858241	5.5	4126.5	-2.0	4469.0	-2.0	12520.5	-2.0	-2.0	-2.0	0.011150594800710678	-2.0	-2.0	-2.0	199.5	1.3260749578475952	-2.0	8.5	-2.0	-2.0	-2.0	4498150.0	73.39690017700195	4.076349978276994e-05	23478.5	0.5	1.5189540363280685e-05	-2.0	-2.0	-2.0	-2.0	37.5	0.13326174765825272	-2.0	-2.0	6684275.0	-2.0	0.000404293488827534	-2.0	-2.0	73.74819946289062	-2.0	13872.0	10420.5	-2.0	-2.0	-2.0	-2.0	86968.0	1596745.0	120028.5	615.5	-2.0	77344.0	330807.0	-2.0	0.000308283997583203	-2.0	35.90834999084473	-2.0	0.0005176590057089925	-2.0	-2.0	-2.0	1.859635055065155	-2.0	4.648920059204102	1791.5	-2.0	-2.0	4.885710000991821	-2.0	169505.0	-2.0	39778.0	-2.0	8.622040152549744	-2.0	185555.0	-2.0	-2.0	79.0	9815.0	10715000.0	5742595.0	4.857135057449341	1417340.0	2717360.0	4.10250985622406	-2.0	-2.0	-2.0	-2.0	1.5	40120.0	2509630.0	-2.0	-2.0	-2.0	-2.0	20.0	557696.5	-2.0	-2.0	-2.0	4879.5	-2.0	33945850.0	-2.0	-2.0	87305.5	0.0007496619800804183	-2.0	-2.0	15293.0	980389.0	-2.0	-2.0	3960005.0	-2.0	-2.0	-2.0	2.0	7.374274730682373	-2.0	336260.0	-2.0	-2.0	674702.0	-2.0	-2.0
# Feature
8	0	8	3	-2	0	8	-2	-2	-2	2	-2	0	-2	-2	8	4	2	-2	1	4	8	2	-2	2	-2	2	-2	-2	-2	4	-2	-2	-2	1	7	-2	8	-2	-2	-2	1	7	4	8	6	4	-2	-2	-2	-2	1	4	-2	-2	2	-2	4	-2	-2	7	-2	1	0	-2	-2	-2	-2	5	2	1	5	-2	1	2	-2	4	-2	7	-2	4	-2	-2	-2	7	-2	3	5	-2	-2	3	-2	0	-2	8	-2	7	-2	0	-2	-2	6	5	2	2	3	1	2	3	-2	-2	-2	-2	9	0	2	-2	-2	-2	-2	9	8	-2	-2	-2	5	-2	2	-2	-2	8	4	-2	-2	5	0	-2	-2	1	-2	-2	-2	9	3	-2	8	-2	-2	8	-2	-2
# Values
94.0	1523.0	41.0	3.0	21.0
9.0	1254.0	41.0	0.0	4.0
0.0	6.0	17.0	0.0	0.0
0.0	2.0	13.0	0.0	0.0
0.0	1.0	0.0	0.0	0.0
0.0	1.0	13.0	0.0	0.0
0.0	1.0	4.0	0.0	0.0
0.0	0.0	4.0	0.0	0.0
0.0	1.0	0.0	0.0	0.0
0.0	0.0	9.0	0.0	0.0
0.0	4.0	4.0	0.0	0.0
0.0	3.0	0.0	0.0	0.0
0.0	1.0	4.0	0.0	0.0
0.0	1.0	0.0	0.0	0.0
0.0	0.0	4.0	0.0	0.0
9.0	1248.0	24.0	0.0	4.0
0.0	87.0	23.0	0.0	0.0
0.0	81.0	9.0	0.0	0.0
0.0	0.0	3.0	0.0	0.0
0.0	81.0	6.0	0.0	0.0
0.0	81.0	5.0	0.0	0.0
0.0	72.0	2.0	0.0	0.0
0.0	11.0	2.0	0.0	0.0
0.0	7.0	0.0	0.0	0.0
0.0	4.0	2.0	0.0	0.0
0.0	0.0	1.0	0.0	0.0
0.0	4.0	1.0	0.0	0.0
0.0	3.0	1.0	0.0	0.0
0.0	1.0	0.0	0.0	0.0
0.0	61.0	0.0	0.0	0.0
0.0	9.0	3.0	0.0	0.0
0.0	0.0	3.0	0.0	0.0
0.0	9.0	0.0	0.0	0.0
0.0	0.0	1.0	0.0	0.0
0.0	6.0	14.0	0.0	0.0
0.0	6.0	4.0	0.0	0.0
0.0	5.0	0.0	0.0	0.0
0.0	1.0	4.0	0.0	0.0
0.0	1.0	0.0	0.0	0.0
0.0	0.0	4.0	0.0	0.0
0.0	0.0	10.0	0.0	0.0
9.0	1161.0	1.0	0.0	4.0
9.0	1161.0	1.0	0.0	2.0
3.0	1127.0	1.0	0.0	2.0
3.0	16.0	0.0	0.0	1.0
0.0	16.0	0.0	0.0	1.0
0.0	4.0	0.0	0.0	1.0
0.0	4.0	0.0	0.0	0.0
0.0	0.0	0.0	0.0	1.0
0.0	12.0	0.0	0.0	0.0
3.0	0.0	0.0	0.0	0.0
0.0	1111.0	1.0	0.0	1.0
0.0	3.0	1.0	0.0	0.0
0.0	3.0	0.0	0.0	0.0
0.0	0.0	1.0	0.0	0.0
0.0	1108.0	0.0	0.0	1.0
0.0	1091.0	0.0	0.0	0.0
0.0	17.0	0.0	0.0	1.0
0.0	17.0	0.0	0.0	0.0
0.0	0.0	0.0	0.0	1.0
6.0	34.0	0.0	0.0	0.0
2.0	0.0	0.0	0.0	0.0
4.0	34.0	0.0	0.0	0.0
4.0	10.0	0.0	0.0	0.0
0.0	10.0	0.0	0.0	0.0
4.0	0.0	0.0	0.0	0.0
0.0	24.0	0.0	0.0	0.0
0.0	0.0	0.0	0.0	2.0
85.0	269.0	0.0	3.0	17.0
67.0	266.0	0.0	3.0	17.0
51.0	94.0	0.0	1.0	0.0
19.0	78.0	0.0	1.0	0.0
0.0	55.0	0.0	0.0	0.0
19.0	23.0	0.0	1.0	0.0
19.0	11.0	0.0	1.0	0.0
0.0	8.0	0.0	0.0	0.0
19.0	3.0	0.0	1.0	0.0
15.0	0.0	0.0	0.0	0.0
4.0	3.0	0.0	1.0	0.0
0.0	3.0	0.0	0.0	0.0
4.0	0.0	0.0	1.0	0.0
4.0	0.0	0.0	0.0	0.0
0.0	0.0	0.0	1.0	0.0
0.0	12.0	0.0	0.0	0.0
32.0	16.0	0.0	0.0	0.0
0.0	7.0	0.0	0.0	0.0
32.0	9.0	0.0	0.0	0.0
1.0	3.0	0.0	0.0	0.0
1.0	0.0	0.0	0.0	0.0
0.0	3.0	0.0	0.0	0.0
31.0	6.0	0.0	0.0	0.0
18.0	0.0	0.0	0.0	0.0
13.0	6.0	0.0	0.0	0.0
10.0	0.0	0.0	0.0	0.0
3.0	6.0	0.0	0.0	0.0
0.0	4.0	0.0	0.0	0.0
3.0	2.0	0.0	0.0	0.0
2.0	0.0	0.0	0.0	0.0
1.0	2.0	0.0	0.0	0.0
1.0	0.0	0.0	0.0	0.0
0.0	2.0	0.0	0.0	0.0
16.0	172.0	0.0	2.0	17.0
16.0	172.0	0.0	2.0	13.0
7.0	157.0	0.0	0.0	13.0
6.0	77.0	0.0	0.0	13.0
6.0	69.0	0.0	0.0	2.0
6.0	9.0	0.0	0.0	0.0
6.0	1.0	0.0	0.0	0.0
2.0	1.0	0.0	0.0	0.0
0.0	1.0	0.0	0.0	0.0
2.0	0.0	0.0	0.0	0.0
4.0	0.0	0.0	0.0	0.0
0.0	8.0	0.0	0.0	0.0
0.0	60.0	0.0	0.0	2.0
0.0	7.0	0.0	0.0	2.0
0.0	1.0	0.0	0.0	2.0
0.0	1.0	0.0	0.0	0.0
0.0	0.0	0.0	0.0	2.0
0.0	6.0	0.0	0.0	0.0
0.0	53.0	0.0	0.0	0.0
0.0	8.0	0.0	0.0	11.0
0.0	4.0	0.0	0.0	11.0
0.0	0.0	0.0	0.0	11.0
0.0	4.0	0.0	0.0	0.0
0.0	4.0	0.0	0.0	0.0
1.0	80.0	0.0	0.0	0.0
0.0	74.0	0.0	0.0	0.0
1.0	6.0	0.0	0.0	0.0
0.0	6.0	0.0	0.0	0.0
1.0	0.0	0.0	0.0	0.0
9.0	15.0	0.0	2.0	0.0
4.0	0.0	0.0	2.0	0.0
0.0	0.0	0.0	2.0	0.0
4.0	0.0	0.0	0.0	0.0
5.0	15.0	0.0	0.0	0.0
4.0	1.0	0.0	0.0	0.0
4.0	0.0	0.0	0.0	0.0
0.0	1.0	0.0	0.0	0.0
1.0	14.0	0.0	0.0	0.0
0.0	14.0	0.0	0.0	0.0
1.0	0.0	0.0	0.0	0.0
0.0	0.0	0.0	0.0	4.0
18.0	3.0	0.0	0.0	0.0
16.0	1.0	0.0	0.0	0.0
12.0	0.0	0.0	0.0	0.0
4.0	1.0	0.0	0.0	0.0
4.0	0.0	0.0	0.0	0.0
0.0	1.0	0.0	0.0	0.0
2.0	2.0	0.0	0.0	0.0
0.0	2.0	0.0	0.0	0.0
2.0	0.0	0.0	0.0	0.0
