# Sizes (NFeatures, Nclasses, NodeCount, MaxDepth)
10	5	149	11
# Classes
0.0	1.0	2.0	3.0	4.0
# Feature Names
Nrows	Ncols	Nnnz	AvgNnnz	Density	MaxRowNnnz	MinRowNnnz	StdRowNnnz	NDiags	NTrueDiags
# Left
1	2	3	-1	5	-1	-1	8	9	10	-1	12	-1	14	-1	16	-1	-1	-1	20	21	22	-1	24	25	-1	-1	28	29	-1	-1	-1	-1	34	35	36	37	38	-1	40	-1	-1	-1	44	-1	-1	-1	48	49	50	-1	-1	53	-1	55	-1	-1	58	-1	60	-1	62	-1	-1	65	66	67	68	69	-1	71	-1	73	-1	-1	76	77	78	-1	-1	-1	82	-1	-1	85	-1	87	-1	-1	90	91	92	-1	94	95	96	97	-1	-1	-1	-1	-1	103	104	-1	-1	107	108	109	-1	111	112	-1	-1	-1	116	-1	118	119	-1	-1	-1	123	-1	125	-1	-1	-1	129	130	131	132	-1	-1	135	136	-1	-1	-1	-1	141	-1	143	144	-1	146	-1	-1	-1
# Right
64	7	4	-1	6	-1	-1	19	18	11	-1	13	-1	15	-1	17	-1	-1	-1	33	32	23	-1	27	26	-1	-1	31	30	-1	-1	-1	-1	47	46	43	42	39	-1	41	-1	-1	-1	45	-1	-1	-1	57	52	51	-1	-1	54	-1	56	-1	-1	59	-1	61	-1	63	-1	-1	128	89	84	75	70	-1	72	-1	74	-1	-1	81	80	79	-1	-1	-1	83	-1	-1	86	-1	88	-1	-1	127	102	93	-1	101	100	99	98	-1	-1	-1	-1	-1	106	105	-1	-1	122	115	110	-1	114	113	-1	-1	-1	117	-1	121	120	-1	-1	-1	124	-1	126	-1	-1	-1	140	139	134	133	-1	-1	138	137	-1	-1	-1	-1	142	-1	148	145	-1	147	-1	-1	-1
# Threshold
26966.5	28.0	0.4036010056734085	-2.0	5.5	-2.0	-2.0	5.5	0.005238025216385722	618.5	-2.0	4126.5	-2.0	4469.0	-2.0	6338.5	-2.0	-2.0	-2.0	4.1942799725802615e-05	15.01515007019043	0.2689500004053116	-2.0	141935.5	1.621771514415741	-2.0	-2.0	619732.0	390144.0	-2.0	-2.0	-2.0	-2.0	20.0	14.443599700927734	2.08870005607605	5.5	4.161439895629883	-2.0	5478.5	-2.0	-2.0	-2.0	1.5	-2.0	-2.0	-2.0	1665.0	187.0	158.0	-2.0	-2.0	6684275.0	-2.0	6738125.0	-2.0	-2.0	12.79384994506836	-2.0	12165.5	-2.0	279.5500030517578	-2.0	-2.0	145.49949645996094	0.5	3.306305006844923e-05	286982.0	2.505335032765288e-05	-2.0	2.8344950675964355	-2.0	941911.0	-2.0	-2.0	32.64929962158203	128019100.0	3.101340007560793e-05	-2.0	-2.0	-2.0	0.5	-2.0	-2.0	59511.0	-2.0	636.5	-2.0	-2.0	308.3314971923828	506039.5	15.358500003814697	-2.0	5993.5	4.0	39513.0	31507.5	-2.0	-2.0	-2.0	-2.0	-2.0	2.912819981575012	2093985.0	-2.0	-2.0	87.40900039672852	7409505.0	3.258584976196289	-2.0	667764.0	610481.0	-2.0	-2.0	-2.0	7752535.0	-2.0	10715000.0	356.0	-2.0	-2.0	-2.0	95.20795059204102	-2.0	0.5	-2.0	-2.0	-2.0	40.17190170288086	21.0	0.5	3848386.5	-2.0	-2.0	187.51399993896484	1613755.0	-2.0	-2.0	-2.0	-2.0	40242.5	-2.0	10290600.0	75.67720031738281	-2.0	78.49020004272461	-2.0	-2.0	-2.0
# Feature
8	1	4	-2	6	-2	-2	8	4	2	-2	2	-2	2	-2	2	-2	-2	-2	4	3	7	-2	0	3	-2	-2	0	0	-2	-2	-2	-2	8	3	7	5	3	-2	1	-2	-2	-2	6	-2	-2	-2	5	2	2	-2	-2	2	-2	2	-2	-2	3	-2	8	-2	7	-2	-2	7	9	4	8	4	-2	7	-2	2	-2	-2	7	8	4	-2	-2	-2	6	-2	-2	8	-2	5	-2	-2	3	2	7	-2	5	9	8	0	-2	-2	-2	-2	-2	3	0	-2	-2	7	2	3	-2	2	2	-2	-2	-2	2	-2	2	5	-2	-2	-2	7	-2	6	-2	-2	-2	3	9	6	0	-2	-2	7	2	-2	-2	-2	-2	8	-2	2	3	-2	3	-2	-2	-2
# Values
101.0	1514.0	40.0	3.0	24.0
10.0	1232.0	40.0	0.0	7.0
0.0	2.0	16.0	0.0	0.0
0.0	0.0	15.0	0.0	0.0
0.0	2.0	1.0	0.0	0.0
0.0	0.0	1.0	0.0	0.0
0.0	2.0	0.0	0.0	0.0
10.0	1230.0	24.0	0.0	7.0
0.0	16.0	12.0	0.0	0.0
0.0	16.0	3.0	0.0	0.0
0.0	0.0	1.0	0.0	0.0
0.0	16.0	2.0	0.0	0.0
0.0	7.0	0.0	0.0	0.0
0.0	9.0	2.0	0.0	0.0
0.0	0.0	1.0	0.0	0.0
0.0	9.0	1.0	0.0	0.0
0.0	3.0	1.0	0.0	0.0
0.0	6.0	0.0	0.0	0.0
0.0	0.0	9.0	0.0	0.0
10.0	1214.0	12.0	0.0	7.0
4.0	21.0	2.0	0.0	4.0
4.0	21.0	2.0	0.0	1.0
0.0	0.0	2.0	0.0	0.0
4.0	21.0	0.0	0.0	1.0
4.0	3.0	0.0	0.0	0.0
0.0	3.0	0.0	0.0	0.0
4.0	0.0	0.0	0.0	0.0
0.0	18.0	0.0	0.0	1.0
0.0	5.0	0.0	0.0	1.0
0.0	5.0	0.0	0.0	0.0
0.0	0.0	0.0	0.0	1.0
0.0	13.0	0.0	0.0	0.0
0.0	0.0	0.0	0.0	3.0
6.0	1193.0	10.0	0.0	3.0
0.0	72.0	9.0	0.0	0.0
0.0	72.0	4.0	0.0	0.0
0.0	70.0	2.0	0.0	0.0
0.0	16.0	2.0	0.0	0.0
0.0	14.0	0.0	0.0	0.0
0.0	2.0	2.0	0.0	0.0
0.0	0.0	2.0	0.0	0.0
0.0	2.0	0.0	0.0	0.0
0.0	54.0	0.0	0.0	0.0
0.0	2.0	2.0	0.0	0.0
0.0	2.0	0.0	0.0	0.0
0.0	0.0	2.0	0.0	0.0
0.0	0.0	5.0	0.0	0.0
6.0	1121.0	1.0	0.0	3.0
0.0	1074.0	1.0	0.0	1.0
0.0	16.0	1.0	0.0	0.0
0.0	16.0	0.0	0.0	0.0
0.0	0.0	1.0	0.0	0.0
0.0	1058.0	0.0	0.0	1.0
0.0	1036.0	0.0	0.0	0.0
0.0	22.0	0.0	0.0	1.0
0.0	0.0	0.0	0.0	1.0
0.0	22.0	0.0	0.0	0.0
6.0	47.0	0.0	0.0	2.0
0.0	40.0	0.0	0.0	0.0
6.0	7.0	0.0	0.0	2.0
0.0	7.0	0.0	0.0	0.0
6.0	0.0	0.0	0.0	2.0
6.0	0.0	0.0	0.0	0.0
0.0	0.0	0.0	0.0	2.0
91.0	282.0	0.0	3.0	17.0
59.0	266.0	0.0	0.0	14.0
37.0	48.0	0.0	0.0	2.0
33.0	23.0	0.0	0.0	2.0
29.0	3.0	0.0	0.0	0.0
26.0	0.0	0.0	0.0	0.0
3.0	3.0	0.0	0.0	0.0
0.0	2.0	0.0	0.0	0.0
3.0	1.0	0.0	0.0	0.0
3.0	0.0	0.0	0.0	0.0
0.0	1.0	0.0	0.0	0.0
4.0	20.0	0.0	0.0	2.0
0.0	18.0	0.0	0.0	2.0
0.0	18.0	0.0	0.0	1.0
0.0	18.0	0.0	0.0	0.0
0.0	0.0	0.0	0.0	1.0
0.0	0.0	0.0	0.0	1.0
4.0	2.0	0.0	0.0	0.0
4.0	0.0	0.0	0.0	0.0
0.0	2.0	0.0	0.0	0.0
4.0	25.0	0.0	0.0	0.0
0.0	20.0	0.0	0.0	0.0
4.0	5.0	0.0	0.0	0.0
0.0	5.0	0.0	0.0	0.0
4.0	0.0	0.0	0.0	0.0
22.0	218.0	0.0	0.0	12.0
22.0	218.0	0.0	0.0	9.0
15.0	33.0	0.0	0.0	0.0
0.0	22.0	0.0	0.0	0.0
15.0	11.0	0.0	0.0	0.0
15.0	5.0	0.0	0.0	0.0
15.0	1.0	0.0	0.0	0.0
2.0	1.0	0.0	0.0	0.0
2.0	0.0	0.0	0.0	0.0
0.0	1.0	0.0	0.0	0.0
13.0	0.0	0.0	0.0	0.0
0.0	4.0	0.0	0.0	0.0
0.0	6.0	0.0	0.0	0.0
7.0	185.0	0.0	0.0	9.0
4.0	3.0	0.0	0.0	0.0
4.0	0.0	0.0	0.0	0.0
0.0	3.0	0.0	0.0	0.0
3.0	182.0	0.0	0.0	9.0
2.0	176.0	0.0	0.0	6.0
2.0	107.0	0.0	0.0	0.0
1.0	0.0	0.0	0.0	0.0
1.0	107.0	0.0	0.0	0.0
1.0	10.0	0.0	0.0	0.0
0.0	10.0	0.0	0.0	0.0
1.0	0.0	0.0	0.0	0.0
0.0	97.0	0.0	0.0	0.0
0.0	69.0	0.0	0.0	6.0
0.0	0.0	0.0	0.0	5.0
0.0	69.0	0.0	0.0	1.0
0.0	5.0	0.0	0.0	1.0
0.0	5.0	0.0	0.0	0.0
0.0	0.0	0.0	0.0	1.0
0.0	64.0	0.0	0.0	0.0
1.0	6.0	0.0	0.0	3.0
0.0	0.0	0.0	0.0	3.0
1.0	6.0	0.0	0.0	0.0
1.0	0.0	0.0	0.0	0.0
0.0	6.0	0.0	0.0	0.0
0.0	0.0	0.0	0.0	3.0
32.0	16.0	0.0	3.0	3.0
31.0	3.0	0.0	3.0	0.0
31.0	3.0	0.0	0.0	0.0
2.0	2.0	0.0	0.0	0.0
0.0	2.0	0.0	0.0	0.0
2.0	0.0	0.0	0.0	0.0
29.0	1.0	0.0	0.0	0.0
8.0	1.0	0.0	0.0	0.0
8.0	0.0	0.0	0.0	0.0
0.0	1.0	0.0	0.0	0.0
21.0	0.0	0.0	0.0	0.0
0.0	0.0	0.0	3.0	0.0
1.0	13.0	0.0	0.0	3.0
0.0	0.0	0.0	0.0	2.0
1.0	13.0	0.0	0.0	1.0
1.0	2.0	0.0	0.0	1.0
0.0	2.0	0.0	0.0	0.0
1.0	0.0	0.0	0.0	1.0
0.0	0.0	0.0	0.0	1.0
1.0	0.0	0.0	0.0	0.0
0.0	11.0	0.0	0.0	0.0
