# Sizes (NFeatures, Nclasses, NodeCount, MaxDepth)
10	5	135	11
# Classes
0.0	1.0	2.0	3.0	4.0
# Feature Names
Nrows	Ncols	Nnnz	AvgNnnz	Density	MaxRowNnnz	MinRowNnnz	StdRowNnnz	NDiags	NTrueDiags
# Left
1	2	3	4	-1	6	7	8	9	-1	-1	-1	-1	-1	15	-1	-1	18	19	20	-1	-1	23	24	-1	26	-1	-1	29	30	-1	-1	-1	34	-1	36	37	-1	-1	40	-1	-1	43	44	45	46	-1	48	49	-1	51	-1	-1	-1	55	56	57	-1	-1	60	61	62	-1	-1	-1	66	-1	-1	-1	70	71	-1	73	-1	-1	-1	77	78	79	80	-1	-1	83	84	-1	-1	-1	88	89	90	-1	-1	93	94	-1	-1	97	98	-1	-1	-1	-1	103	104	105	106	107	-1	-1	-1	111	-1	113	-1	-1	116	-1	118	119	-1	121	122	-1	124	-1	-1	127	-1	-1	130	-1	-1	133	-1	-1
# Right
42	17	14	5	-1	13	12	11	10	-1	-1	-1	-1	-1	16	-1	-1	33	22	21	-1	-1	28	25	-1	27	-1	-1	32	31	-1	-1	-1	35	-1	39	38	-1	-1	41	-1	-1	76	69	54	47	-1	53	50	-1	52	-1	-1	-1	68	59	58	-1	-1	65	64	63	-1	-1	-1	67	-1	-1	-1	75	72	-1	74	-1	-1	-1	102	87	82	81	-1	-1	86	85	-1	-1	-1	101	92	91	-1	-1	96	95	-1	-1	100	99	-1	-1	-1	-1	132	115	110	109	108	-1	-1	-1	112	-1	114	-1	-1	117	-1	129	120	-1	126	123	-1	125	-1	-1	128	-1	-1	131	-1	-1	134	-1	-1
# Threshold
4.515020009421278e-05	47.5	2.3338900064118207e-05	9.0	-2.0	112885200.0	5.5	4462140.0	750578.0	-2.0	-2.0	-2.0	-2.0	-2.0	1.7559449672698975	-2.0	-2.0	4.977089881896973	147544.5	25439.0	-2.0	-2.0	0.5	295471.5	-2.0	415.5	-2.0	-2.0	61.0	59.0	-2.0	-2.0	-2.0	32.5080509185791	-2.0	153.13750457763672	2.6543249305177596e-06	-2.0	-2.0	334213.0	-2.0	-2.0	40.0	958.5	4.253274917602539	34.5	-2.0	5.5	100.5	-2.0	806.5	-2.0	-2.0	-2.0	22.0	19.5	14.5	-2.0	-2.0	1.9786099791526794	2881.5	1092.5	-2.0	-2.0	-2.0	299.0	-2.0	-2.0	-2.0	3.0	3928.5	-2.0	0.00014983899745857343	-2.0	-2.0	-2.0	66.27569961547852	1359.0	180.0	0.04153455188497901	-2.0	-2.0	5.689160025212914e-05	5.539230005524587e-05	-2.0	-2.0	-2.0	3.5	9.145870208740234	79114.5	-2.0	-2.0	1.5	8704.0	-2.0	-2.0	35.20764923095703	11.974050045013428	-2.0	-2.0	-2.0	-2.0	474.5970001220703	2.5	314.3655090332031	18.136799335479736	12.72950029373169	-2.0	-2.0	-2.0	51.991750717163086	-2.0	79.38885116577148	-2.0	-2.0	25522.0	-2.0	114571.5	61.588348388671875	-2.0	64757.0	20.0	-2.0	2374.5	-2.0	-2.0	67919.0	-2.0	-2.0	0.00016695569865987636	-2.0	-2.0	16996515.0	-2.0	-2.0
# Feature
4	5	4	8	-2	1	6	2	1	-2	-2	-2	-2	-2	7	-2	-2	3	0	8	-2	-2	6	1	-2	5	-2	-2	5	5	-2	-2	-2	7	-2	7	4	-2	-2	5	-2	-2	8	0	3	1	-2	8	0	-2	2	-2	-2	-2	9	0	0	-2	-2	7	2	2	-2	-2	-2	0	-2	-2	-2	8	1	-2	4	-2	-2	-2	7	5	2	4	-2	-2	4	4	-2	-2	-2	9	3	8	-2	-2	9	5	-2	-2	7	3	-2	-2	-2	-2	7	6	7	3	3	-2	-2	-2	3	-2	3	-2	-2	1	-2	0	3	-2	8	9	-2	5	-2	-2	1	-2	-2	4	-2	-2	2	-2	-2
# Values
97.0	1502.0	53.0	3.0	27.0
67.0	130.0	2.0	0.0	11.0
2.0	82.0	2.0	0.0	11.0
2.0	70.0	2.0	0.0	2.0
0.0	0.0	2.0	0.0	0.0
2.0	70.0	0.0	0.0	2.0
2.0	70.0	0.0	0.0	1.0
2.0	70.0	0.0	0.0	0.0
2.0	10.0	0.0	0.0	0.0
0.0	10.0	0.0	0.0	0.0
2.0	0.0	0.0	0.0	0.0
0.0	60.0	0.0	0.0	0.0
0.0	0.0	0.0	0.0	1.0
0.0	0.0	0.0	0.0	1.0
0.0	12.0	0.0	0.0	9.0
0.0	12.0	0.0	0.0	0.0
0.0	0.0	0.0	0.0	9.0
65.0	48.0	0.0	0.0	0.0
51.0	12.0	0.0	0.0	0.0
2.0	5.0	0.0	0.0	0.0
2.0	0.0	0.0	0.0	0.0
0.0	5.0	0.0	0.0	0.0
49.0	7.0	0.0	0.0	0.0
7.0	5.0	0.0	0.0	0.0
6.0	0.0	0.0	0.0	0.0
1.0	5.0	0.0	0.0	0.0
1.0	0.0	0.0	0.0	0.0
0.0	5.0	0.0	0.0	0.0
42.0	2.0	0.0	0.0	0.0
7.0	2.0	0.0	0.0	0.0
7.0	0.0	0.0	0.0	0.0
0.0	2.0	0.0	0.0	0.0
35.0	0.0	0.0	0.0	0.0
14.0	36.0	0.0	0.0	0.0
0.0	26.0	0.0	0.0	0.0
14.0	10.0	0.0	0.0	0.0
13.0	3.0	0.0	0.0	0.0
0.0	3.0	0.0	0.0	0.0
13.0	0.0	0.0	0.0	0.0
1.0	7.0	0.0	0.0	0.0
0.0	7.0	0.0	0.0	0.0
1.0	0.0	0.0	0.0	0.0
30.0	1372.0	51.0	3.0	16.0
0.0	104.0	50.0	0.0	0.0
0.0	35.0	48.0	0.0	0.0
0.0	23.0	9.0	0.0	0.0
0.0	0.0	4.0	0.0	0.0
0.0	23.0	5.0	0.0	0.0
0.0	4.0	5.0	0.0	0.0
0.0	2.0	0.0	0.0	0.0
0.0	2.0	5.0	0.0	0.0
0.0	0.0	5.0	0.0	0.0
0.0	2.0	0.0	0.0	0.0
0.0	19.0	0.0	0.0	0.0
0.0	12.0	39.0	0.0	0.0
0.0	10.0	39.0	0.0	0.0
0.0	3.0	1.0	0.0	0.0
0.0	0.0	1.0	0.0	0.0
0.0	3.0	0.0	0.0	0.0
0.0	7.0	38.0	0.0	0.0
0.0	3.0	34.0	0.0	0.0
0.0	3.0	16.0	0.0	0.0
0.0	0.0	16.0	0.0	0.0
0.0	3.0	0.0	0.0	0.0
0.0	0.0	18.0	0.0	0.0
0.0	4.0	4.0	0.0	0.0
0.0	0.0	4.0	0.0	0.0
0.0	4.0	0.0	0.0	0.0
0.0	2.0	0.0	0.0	0.0
0.0	69.0	2.0	0.0	0.0
0.0	5.0	2.0	0.0	0.0
0.0	3.0	0.0	0.0	0.0
0.0	2.0	2.0	0.0	0.0
0.0	2.0	0.0	0.0	0.0
0.0	0.0	2.0	0.0	0.0
0.0	64.0	0.0	0.0	0.0
30.0	1268.0	1.0	3.0	16.0
15.0	1204.0	1.0	0.0	0.0
1.0	1129.0	1.0	0.0	0.0
0.0	1.0	1.0	0.0	0.0
0.0	1.0	0.0	0.0	0.0
0.0	0.0	1.0	0.0	0.0
1.0	1128.0	0.0	0.0	0.0
1.0	13.0	0.0	0.0	0.0
0.0	13.0	0.0	0.0	0.0
1.0	0.0	0.0	0.0	0.0
0.0	1115.0	0.0	0.0	0.0
14.0	75.0	0.0	0.0	0.0
14.0	25.0	0.0	0.0	0.0
1.0	19.0	0.0	0.0	0.0
0.0	19.0	0.0	0.0	0.0
1.0	0.0	0.0	0.0	0.0
13.0	6.0	0.0	0.0	0.0
1.0	4.0	0.0	0.0	0.0
0.0	4.0	0.0	0.0	0.0
1.0	0.0	0.0	0.0	0.0
12.0	2.0	0.0	0.0	0.0
4.0	2.0	0.0	0.0	0.0
4.0	0.0	0.0	0.0	0.0
0.0	2.0	0.0	0.0	0.0
8.0	0.0	0.0	0.0	0.0
0.0	50.0	0.0	0.0	0.0
15.0	64.0	0.0	3.0	16.0
7.0	61.0	0.0	3.0	16.0
5.0	41.0	0.0	3.0	1.0
5.0	39.0	0.0	0.0	0.0
5.0	15.0	0.0	0.0	0.0
0.0	15.0	0.0	0.0	0.0
5.0	0.0	0.0	0.0	0.0
0.0	24.0	0.0	0.0	0.0
0.0	2.0	0.0	3.0	1.0
0.0	0.0	0.0	3.0	0.0
0.0	2.0	0.0	0.0	1.0
0.0	0.0	0.0	0.0	1.0
0.0	2.0	0.0	0.0	0.0
2.0	20.0	0.0	0.0	15.0
0.0	10.0	0.0	0.0	0.0
2.0	10.0	0.0	0.0	15.0
0.0	6.0	0.0	0.0	15.0
0.0	3.0	0.0	0.0	0.0
0.0	3.0	0.0	0.0	15.0
0.0	1.0	0.0	0.0	14.0
0.0	0.0	0.0	0.0	13.0
0.0	1.0	0.0	0.0	1.0
0.0	0.0	0.0	0.0	1.0
0.0	1.0	0.0	0.0	0.0
0.0	2.0	0.0	0.0	1.0
0.0	2.0	0.0	0.0	0.0
0.0	0.0	0.0	0.0	1.0
2.0	4.0	0.0	0.0	0.0
2.0	0.0	0.0	0.0	0.0
0.0	4.0	0.0	0.0	0.0
8.0	3.0	0.0	0.0	0.0
8.0	0.0	0.0	0.0	0.0
0.0	3.0	0.0	0.0	0.0
