# Sizes (NFeatures, Nclasses, NodeCount, MaxDepth)
10	5	161	14
# Classes
0.0	1.0	2.0	3.0	4.0
# Feature Names
Nrows	Ncols	Nnnz	AvgNnnz	Density	MaxRowNnnz	MinRowNnnz	StdRowNnnz	NDiags	NTrueDiags
# Left
1	2	3	4	-1	6	-1	8	-1	10	-1	12	-1	-1	-1	16	17	18	19	-1	21	-1	23	-1	-1	-1	27	28	29	-1	31	-1	-1	-1	-1	36	37	38	-1	-1	-1	42	43	-1	45	-1	47	-1	49	-1	-1	52	53	54	-1	-1	57	-1	59	-1	-1	62	63	-1	-1	66	67	-1	-1	-1	71	72	73	74	-1	-1	77	-1	79	-1	-1	82	83	84	85	86	-1	-1	-1	-1	-1	92	-1	94	95	96	-1	98	99	-1	-1	102	-1	104	105	-1	-1	-1	109	110	111	112	113	114	115	-1	-1	-1	119	-1	-1	-1	-1	124	125	-1	-1	-1	129	130	-1	-1	133	-1	135	-1	-1	138	-1	-1	141	142	143	144	145	-1	-1	-1	149	-1	151	152	-1	-1	155	156	-1	-1	-1	-1	-1
# Right
70	15	14	5	-1	7	-1	9	-1	11	-1	13	-1	-1	-1	35	26	25	20	-1	22	-1	24	-1	-1	-1	34	33	30	-1	32	-1	-1	-1	-1	41	40	39	-1	-1	-1	51	44	-1	46	-1	48	-1	50	-1	-1	61	56	55	-1	-1	58	-1	60	-1	-1	65	64	-1	-1	69	68	-1	-1	-1	140	81	76	75	-1	-1	78	-1	80	-1	-1	91	90	89	88	87	-1	-1	-1	-1	-1	93	-1	137	108	97	-1	101	100	-1	-1	103	-1	107	106	-1	-1	-1	128	123	122	121	118	117	116	-1	-1	-1	120	-1	-1	-1	-1	127	126	-1	-1	-1	132	131	-1	-1	134	-1	136	-1	-1	139	-1	-1	160	159	148	147	146	-1	-1	-1	150	-1	154	153	-1	-1	158	157	-1	-1	-1	-1	-1
# Threshold
29149.0	29.5	19.0	4.0	-2.0	2.099210023880005	-2.0	1.0197224617004395	-2.0	8.5	-2.0	2.165885031223297	-2.0	-2.0	-2.0	7.5	964.5	0.02037355024367571	4.868819952011108	-2.0	3610.0	-2.0	0.3858470022678375	-2.0	-2.0	-2.0	1244874.5	2.5	3928.5	-2.0	12308.5	-2.0	-2.0	-2.0	-2.0	3.8802751078037545e-05	0.5	4.881414890289307	-2.0	-2.0	-2.0	21.5	0.021508149802684784	-2.0	4.511664986610413	-2.0	0.07239935174584389	-2.0	147.5	-2.0	-2.0	72.07444763183594	180.0	158.0	-2.0	-2.0	6684275.0	-2.0	7264275.0	-2.0	-2.0	73.74819946289062	206446.5	-2.0	-2.0	86.85359954833984	80.37115097045898	-2.0	-2.0	-2.0	2.5	46.0	0.5	3.3963950872421265	-2.0	-2.0	4.5	-2.0	8.5	-2.0	-2.0	3.807279944419861	667888.0	3.2251149605144747e-05	32972.0	192797.5	-2.0	-2.0	-2.0	-2.0	-2.0	653.0	-2.0	91238.5	59120.0	326937.5	-2.0	555950.0	128.18450164794922	-2.0	-2.0	93.8941535949707	-2.0	40757.0	34715.0	-2.0	-2.0	-2.0	1.5	146.3155059814453	3670840.0	0.00011441764945629984	0.5	194229.0	5.1233000249339966e-05	-2.0	-2.0	-2.0	165998.0	-2.0	-2.0	-2.0	-2.0	31624.5	98304.0	-2.0	-2.0	-2.0	124.58099746704102	76644.0	-2.0	-2.0	9.107954978942871	-2.0	0.00019684250582940876	-2.0	-2.0	48.21445894241333	-2.0	-2.0	79.0	0.0234594508074224	309.5	0.5	324447.5	-2.0	-2.0	-2.0	398.0	-2.0	39412.0	32029.0	-2.0	-2.0	831624.5	67258.0	-2.0	-2.0	-2.0	-2.0	-2.0
# Feature
8	0	1	8	-2	3	-2	7	-2	9	-2	7	-2	-2	-2	8	0	4	3	-2	2	-2	7	-2	-2	-2	1	5	2	-2	1	-2	-2	-2	-2	4	9	3	-2	-2	-2	8	4	-2	3	-2	4	-2	1	-2	-2	7	2	2	-2	-2	2	-2	2	-2	-2	7	2	-2	-2	7	7	-2	-2	-2	6	5	6	3	-2	-2	9	-2	5	-2	-2	7	0	4	8	1	-2	-2	-2	-2	-2	5	-2	5	1	2	-2	2	7	-2	-2	7	-2	8	1	-2	-2	-2	9	7	1	4	6	8	4	-2	-2	-2	0	-2	-2	-2	-2	5	1	-2	-2	-2	7	1	-2	-2	3	-2	4	-2	-2	3	-2	-2	6	4	5	9	0	-2	-2	-2	5	-2	8	8	-2	-2	8	5	-2	-2	-2	-2	-2
# Values
108.0	1511.0	41.0	3.0	19.0
9.0	1241.0	41.0	0.0	1.0
0.0	6.0	15.0	0.0	0.0
0.0	6.0	5.0	0.0	0.0
0.0	2.0	0.0	0.0	0.0
0.0	4.0	5.0	0.0	0.0
0.0	0.0	3.0	0.0	0.0
0.0	4.0	2.0	0.0	0.0
0.0	3.0	0.0	0.0	0.0
0.0	1.0	2.0	0.0	0.0
0.0	0.0	1.0	0.0	0.0
0.0	1.0	1.0	0.0	0.0
0.0	1.0	0.0	0.0	0.0
0.0	0.0	1.0	0.0	0.0
0.0	0.0	10.0	0.0	0.0
9.0	1235.0	26.0	0.0	1.0
0.0	38.0	19.0	0.0	0.0
0.0	8.0	16.0	0.0	0.0
0.0	3.0	16.0	0.0	0.0
0.0	0.0	13.0	0.0	0.0
0.0	3.0	3.0	0.0	0.0
0.0	1.0	0.0	0.0	0.0
0.0	2.0	3.0	0.0	0.0
0.0	2.0	2.0	0.0	0.0
0.0	0.0	1.0	0.0	0.0
0.0	5.0	0.0	0.0	0.0
0.0	30.0	3.0	0.0	0.0
0.0	30.0	1.0	0.0	0.0
0.0	3.0	1.0	0.0	0.0
0.0	2.0	0.0	0.0	0.0
0.0	1.0	1.0	0.0	0.0
0.0	0.0	1.0	0.0	0.0
0.0	1.0	0.0	0.0	0.0
0.0	27.0	0.0	0.0	0.0
0.0	0.0	2.0	0.0	0.0
9.0	1197.0	7.0	0.0	1.0
4.0	14.0	0.0	0.0	0.0
4.0	2.0	0.0	0.0	0.0
4.0	0.0	0.0	0.0	0.0
0.0	2.0	0.0	0.0	0.0
0.0	12.0	0.0	0.0	0.0
5.0	1183.0	7.0	0.0	1.0
0.0	37.0	6.0	0.0	0.0
0.0	35.0	0.0	0.0	0.0
0.0	2.0	6.0	0.0	0.0
0.0	1.0	0.0	0.0	0.0
0.0	1.0	6.0	0.0	0.0
0.0	0.0	5.0	0.0	0.0
0.0	1.0	1.0	0.0	0.0
0.0	0.0	1.0	0.0	0.0
0.0	1.0	0.0	0.0	0.0
5.0	1146.0	1.0	0.0	1.0
0.0	1107.0	1.0	0.0	1.0
0.0	8.0	1.0	0.0	0.0
0.0	8.0	0.0	0.0	0.0
0.0	0.0	1.0	0.0	0.0
0.0	1099.0	0.0	0.0	1.0
0.0	1080.0	0.0	0.0	0.0
0.0	19.0	0.0	0.0	1.0
0.0	0.0	0.0	0.0	1.0
0.0	19.0	0.0	0.0	0.0
5.0	39.0	0.0	0.0	0.0
4.0	1.0	0.0	0.0	0.0
4.0	0.0	0.0	0.0	0.0
0.0	1.0	0.0	0.0	0.0
1.0	38.0	0.0	0.0	0.0
1.0	4.0	0.0	0.0	0.0
0.0	4.0	0.0	0.0	0.0
1.0	0.0	0.0	0.0	0.0
0.0	34.0	0.0	0.0	0.0
99.0	270.0	0.0	3.0	18.0
95.0	150.0	0.0	3.0	5.0
3.0	58.0	0.0	0.0	1.0
3.0	12.0	0.0	0.0	0.0
3.0	0.0	0.0	0.0	0.0
0.0	12.0	0.0	0.0	0.0
0.0	46.0	0.0	0.0	1.0
0.0	36.0	0.0	0.0	0.0
0.0	10.0	0.0	0.0	1.0
0.0	0.0	0.0	0.0	1.0
0.0	10.0	0.0	0.0	0.0
92.0	92.0	0.0	3.0	4.0
32.0	5.0	0.0	0.0	0.0
32.0	3.0	0.0	0.0	0.0
32.0	1.0	0.0	0.0	0.0
2.0	1.0	0.0	0.0	0.0
0.0	1.0	0.0	0.0	0.0
2.0	0.0	0.0	0.0	0.0
30.0	0.0	0.0	0.0	0.0
0.0	2.0	0.0	0.0	0.0
0.0	2.0	0.0	0.0	0.0
60.0	87.0	0.0	3.0	4.0
0.0	31.0	0.0	0.0	0.0
60.0	56.0	0.0	3.0	4.0
46.0	55.0	0.0	3.0	4.0
22.0	6.0	0.0	2.0	0.0
0.0	2.0	0.0	0.0	0.0
22.0	4.0	0.0	2.0	0.0
18.0	1.0	0.0	0.0	0.0
18.0	0.0	0.0	0.0	0.0
0.0	1.0	0.0	0.0	0.0
4.0	3.0	0.0	2.0	0.0
0.0	3.0	0.0	0.0	0.0
4.0	0.0	0.0	2.0	0.0
1.0	0.0	0.0	2.0	0.0
1.0	0.0	0.0	0.0	0.0
0.0	0.0	0.0	2.0	0.0
3.0	0.0	0.0	0.0	0.0
24.0	49.0	0.0	1.0	4.0
19.0	14.0	0.0	0.0	4.0
19.0	7.0	0.0	0.0	0.0
19.0	5.0	0.0	0.0	0.0
19.0	3.0	0.0	0.0	0.0
17.0	1.0	0.0	0.0	0.0
2.0	1.0	0.0	0.0	0.0
0.0	1.0	0.0	0.0	0.0
2.0	0.0	0.0	0.0	0.0
15.0	0.0	0.0	0.0	0.0
2.0	2.0	0.0	0.0	0.0
2.0	0.0	0.0	0.0	0.0
0.0	2.0	0.0	0.0	0.0
0.0	2.0	0.0	0.0	0.0
0.0	2.0	0.0	0.0	0.0
0.0	7.0	0.0	0.0	4.0
0.0	2.0	0.0	0.0	4.0
0.0	2.0	0.0	0.0	0.0
0.0	0.0	0.0	0.0	4.0
0.0	5.0	0.0	0.0	0.0
5.0	35.0	0.0	1.0	0.0
1.0	31.0	0.0	0.0	0.0
1.0	0.0	0.0	0.0	0.0
0.0	31.0	0.0	0.0	0.0
4.0	4.0	0.0	1.0	0.0
4.0	0.0	0.0	0.0	0.0
0.0	4.0	0.0	1.0	0.0
0.0	4.0	0.0	0.0	0.0
0.0	0.0	0.0	1.0	0.0
14.0	1.0	0.0	0.0	0.0
14.0	0.0	0.0	0.0	0.0
0.0	1.0	0.0	0.0	0.0
4.0	120.0	0.0	0.0	13.0
4.0	120.0	0.0	0.0	10.0
2.0	120.0	0.0	0.0	10.0
0.0	90.0	0.0	0.0	2.0
0.0	3.0	0.0	0.0	2.0
0.0	3.0	0.0	0.0	0.0
0.0	0.0	0.0	0.0	2.0
0.0	87.0	0.0	0.0	0.0
2.0	30.0	0.0	0.0	8.0
0.0	0.0	0.0	0.0	5.0
2.0	30.0	0.0	0.0	3.0
0.0	1.0	0.0	0.0	3.0
0.0	1.0	0.0	0.0	0.0
0.0	0.0	0.0	0.0	3.0
2.0	29.0	0.0	0.0	0.0
1.0	29.0	0.0	0.0	0.0
0.0	29.0	0.0	0.0	0.0
1.0	0.0	0.0	0.0	0.0
1.0	0.0	0.0	0.0	0.0
2.0	0.0	0.0	0.0	0.0
0.0	0.0	0.0	0.0	3.0
