# Sizes (NFeatures, Nclasses, NodeCount, MaxDepth)
10	5	135	12
# Classes
0.0	1.0	2.0	3.0	4.0
# Feature Names
Nrows	Ncols	Nnnz	AvgNnnz	Density	MaxRowNnnz	MinRowNnnz	StdRowNnnz	NDiags	NTrueDiags
# Left
1	2	3	4	5	6	7	-1	9	-1	-1	12	-1	14	15	-1	-1	-1	19	-1	-1	-1	23	24	-1	-1	-1	28	29	30	-1	-1	33	34	35	36	-1	38	-1	-1	41	42	-1	-1	45	-1	47	-1	-1	50	-1	-1	-1	54	55	56	-1	58	-1	60	-1	-1	63	64	-1	66	-1	68	69	-1	71	-1	-1	74	-1	-1	77	-1	79	-1	-1	82	83	84	-1	-1	87	-1	89	-1	-1	92	93	94	-1	-1	-1	98	99	100	-1	102	-1	-1	105	106	-1	108	109	-1	-1	-1	113	-1	-1	116	117	-1	119	120	-1	-1	-1	124	-1	-1	127	-1	129	-1	131	132	-1	-1	-1
# Right
126	27	22	21	18	11	8	-1	10	-1	-1	13	-1	17	16	-1	-1	-1	20	-1	-1	-1	26	25	-1	-1	-1	53	32	31	-1	-1	52	49	40	37	-1	39	-1	-1	44	43	-1	-1	46	-1	48	-1	-1	51	-1	-1	-1	81	62	57	-1	59	-1	61	-1	-1	76	65	-1	67	-1	73	70	-1	72	-1	-1	75	-1	-1	78	-1	80	-1	-1	91	86	85	-1	-1	88	-1	90	-1	-1	97	96	95	-1	-1	-1	115	104	101	-1	103	-1	-1	112	107	-1	111	110	-1	-1	-1	114	-1	-1	123	118	-1	122	121	-1	-1	-1	125	-1	-1	128	-1	130	-1	134	133	-1	-1	-1
# Threshold
36801.5	21.5	964.5	3227.5	9.5	5.5	57.0	-2.0	618.5	-2.0	-2.0	5.657145023345947	-2.0	0.4011010080575943	9.0	-2.0	-2.0	-2.0	307.0	-2.0	-2.0	-2.0	872875.0	2536.5	-2.0	-2.0	-2.0	25745.5	27.5	3.0	-2.0	-2.0	335.3890075683594	195.9134979248047	2.802170092763845e-05	1.9028099814022426e-05	-2.0	326726.0	-2.0	-2.0	187.0	2.0	-2.0	-2.0	2121.5	-2.0	2199.0	-2.0	-2.0	17514.0	-2.0	-2.0	-2.0	0.5	123617.0	636.5	-2.0	63761.0	-2.0	126950.5	-2.0	-2.0	14795155.0	4.891810178756714	-2.0	169098.5	-2.0	2.79239002338727e-05	4.977089881896973	-2.0	508749.5	-2.0	-2.0	4470860.0	-2.0	-2.0	6110595.0	-2.0	0.5	-2.0	-2.0	360.5	2.912819981575012	1.1261439993859312e-06	-2.0	-2.0	309.5	-2.0	323.0	-2.0	-2.0	578.5	72.9390983581543	0.00020579650299623609	-2.0	-2.0	-2.0	73833.5	0.0002999754942720756	6.974679946899414	-2.0	9938.0	-2.0	-2.0	140.0	1634.0	-2.0	397571.5	2.5	-2.0	-2.0	-2.0	24228.0	-2.0	-2.0	4181305.0	3.470275044441223	-2.0	2.0	8.251649887824897e-05	-2.0	-2.0	-2.0	246111488.0	-2.0	-2.0	92.29109954833984	-2.0	64066.5	-2.0	187.51399993896484	174.37950134277344	-2.0	-2.0	-2.0
# Feature
5	8	1	2	5	8	2	-2	0	-2	-2	3	-2	4	8	-2	-2	-2	1	-2	-2	-2	0	2	-2	-2	-2	8	0	9	-2	-2	7	7	4	4	-2	0	-2	-2	2	9	-2	-2	5	-2	5	-2	-2	8	-2	-2	-2	9	1	5	-2	8	-2	8	-2	-2	2	3	-2	0	-2	4	3	-2	0	-2	-2	2	-2	-2	8	-2	6	-2	-2	5	3	4	-2	-2	5	-2	5	-2	-2	5	7	4	-2	-2	-2	1	4	3	-2	5	-2	-2	9	5	-2	2	9	-2	-2	-2	0	-2	-2	1	3	-2	9	4	-2	-2	-2	2	-2	-2	7	-2	0	-2	7	7	-2	-2	-2
# Values
99.0	1525.0	45.0	0.0	13.0
68.0	1520.0	45.0	0.0	13.0
0.0	80.0	40.0	0.0	0.0
0.0	28.0	37.0	0.0	0.0
0.0	28.0	18.0	0.0	0.0
0.0	27.0	13.0	0.0	0.0
0.0	6.0	9.0	0.0	0.0
0.0	5.0	0.0	0.0	0.0
0.0	1.0	9.0	0.0	0.0
0.0	0.0	9.0	0.0	0.0
0.0	1.0	0.0	0.0	0.0
0.0	21.0	4.0	0.0	0.0
0.0	17.0	0.0	0.0	0.0
0.0	4.0	4.0	0.0	0.0
0.0	1.0	4.0	0.0	0.0
0.0	1.0	0.0	0.0	0.0
0.0	0.0	4.0	0.0	0.0
0.0	3.0	0.0	0.0	0.0
0.0	1.0	5.0	0.0	0.0
0.0	0.0	5.0	0.0	0.0
0.0	1.0	0.0	0.0	0.0
0.0	0.0	19.0	0.0	0.0
0.0	52.0	3.0	0.0	0.0
0.0	52.0	1.0	0.0	0.0
0.0	0.0	1.0	0.0	0.0
0.0	52.0	0.0	0.0	0.0
0.0	0.0	2.0	0.0	0.0
68.0	1440.0	5.0	0.0	13.0
4.0	1157.0	5.0	0.0	2.0
0.0	1.0	3.0	0.0	0.0
0.0	1.0	0.0	0.0	0.0
0.0	0.0	3.0	0.0	0.0
4.0	1156.0	2.0	0.0	2.0
4.0	1156.0	2.0	0.0	1.0
3.0	1155.0	2.0	0.0	1.0
2.0	12.0	0.0	0.0	1.0
0.0	12.0	0.0	0.0	0.0
2.0	0.0	0.0	0.0	1.0
2.0	0.0	0.0	0.0	0.0
0.0	0.0	0.0	0.0	1.0
1.0	1143.0	2.0	0.0	0.0
0.0	8.0	2.0	0.0	0.0
0.0	8.0	0.0	0.0	0.0
0.0	0.0	2.0	0.0	0.0
1.0	1135.0	0.0	0.0	0.0
0.0	1091.0	0.0	0.0	0.0
1.0	44.0	0.0	0.0	0.0
1.0	0.0	0.0	0.0	0.0
0.0	44.0	0.0	0.0	0.0
1.0	1.0	0.0	0.0	0.0
0.0	1.0	0.0	0.0	0.0
1.0	0.0	0.0	0.0	0.0
0.0	0.0	0.0	0.0	1.0
64.0	283.0	0.0	0.0	11.0
43.0	52.0	0.0	0.0	1.0
6.0	30.0	0.0	0.0	0.0
0.0	24.0	0.0	0.0	0.0
6.0	6.0	0.0	0.0	0.0
0.0	4.0	0.0	0.0	0.0
6.0	2.0	0.0	0.0	0.0
6.0	0.0	0.0	0.0	0.0
0.0	2.0	0.0	0.0	0.0
37.0	22.0	0.0	0.0	1.0
36.0	7.0	0.0	0.0	1.0
24.0	0.0	0.0	0.0	0.0
12.0	7.0	0.0	0.0	1.0
7.0	0.0	0.0	0.0	0.0
5.0	7.0	0.0	0.0	1.0
5.0	2.0	0.0	0.0	0.0
4.0	0.0	0.0	0.0	0.0
1.0	2.0	0.0	0.0	0.0
0.0	2.0	0.0	0.0	0.0
1.0	0.0	0.0	0.0	0.0
0.0	5.0	0.0	0.0	1.0
0.0	5.0	0.0	0.0	0.0
0.0	0.0	0.0	0.0	1.0
1.0	15.0	0.0	0.0	0.0
0.0	14.0	0.0	0.0	0.0
1.0	1.0	0.0	0.0	0.0
1.0	0.0	0.0	0.0	0.0
0.0	1.0	0.0	0.0	0.0
21.0	231.0	0.0	0.0	10.0
2.0	145.0	0.0	0.0	1.0
2.0	2.0	0.0	0.0	0.0
0.0	2.0	0.0	0.0	0.0
2.0	0.0	0.0	0.0	0.0
0.0	143.0	0.0	0.0	1.0
0.0	127.0	0.0	0.0	0.0
0.0	16.0	0.0	0.0	1.0
0.0	0.0	0.0	0.0	1.0
0.0	16.0	0.0	0.0	0.0
19.0	86.0	0.0	0.0	9.0
0.0	10.0	0.0	0.0	8.0
0.0	10.0	0.0	0.0	2.0
0.0	0.0	0.0	0.0	2.0
0.0	10.0	0.0	0.0	0.0
0.0	0.0	0.0	0.0	6.0
19.0	76.0	0.0	0.0	1.0
14.0	25.0	0.0	0.0	1.0
11.0	4.0	0.0	0.0	0.0
0.0	3.0	0.0	0.0	0.0
11.0	1.0	0.0	0.0	0.0
11.0	0.0	0.0	0.0	0.0
0.0	1.0	0.0	0.0	0.0
3.0	21.0	0.0	0.0	1.0
1.0	20.0	0.0	0.0	1.0
0.0	0.0	0.0	0.0	1.0
1.0	20.0	0.0	0.0	0.0
1.0	2.0	0.0	0.0	0.0
0.0	2.0	0.0	0.0	0.0
1.0	0.0	0.0	0.0	0.0
0.0	18.0	0.0	0.0	0.0
2.0	1.0	0.0	0.0	0.0
0.0	1.0	0.0	0.0	0.0
2.0	0.0	0.0	0.0	0.0
5.0	51.0	0.0	0.0	0.0
2.0	50.0	0.0	0.0	0.0
1.0	0.0	0.0	0.0	0.0
1.0	50.0	0.0	0.0	0.0
1.0	2.0	0.0	0.0	0.0
1.0	0.0	0.0	0.0	0.0
0.0	2.0	0.0	0.0	0.0
0.0	48.0	0.0	0.0	0.0
3.0	1.0	0.0	0.0	0.0
3.0	0.0	0.0	0.0	0.0
0.0	1.0	0.0	0.0	0.0
31.0	5.0	0.0	0.0	0.0
0.0	3.0	0.0	0.0	0.0
31.0	2.0	0.0	0.0	0.0
0.0	1.0	0.0	0.0	0.0
31.0	1.0	0.0	0.0	0.0
8.0	1.0	0.0	0.0	0.0
8.0	0.0	0.0	0.0	0.0
0.0	1.0	0.0	0.0	0.0
23.0	0.0	0.0	0.0	0.0
