# Sizes (NFeatures, Nclasses, NodeCount, MaxDepth)
10	5	135	11
# Classes
0.0	1.0	2.0	3.0	4.0
# Feature Names
Nrows	Ncols	Nnnz	AvgNnnz	Density	MaxRowNnnz	MinRowNnnz	StdRowNnnz	NDiags	NTrueDiags
# Left
1	2	3	4	-1	6	7	-1	9	10	11	-1	-1	-1	-1	-1	17	18	-1	-1	21	22	-1	-1	25	26	-1	-1	29	30	-1	-1	-1	34	35	36	-1	-1	39	40	41	-1	-1	44	-1	46	-1	-1	49	-1	51	-1	-1	54	-1	56	-1	-1	59	60	61	62	63	64	65	-1	67	68	-1	-1	-1	-1	73	74	-1	-1	-1	-1	79	-1	-1	-1	83	84	85	-1	-1	88	89	-1	91	-1	93	-1	95	-1	-1	98	-1	-1	101	-1	103	104	-1	106	-1	108	109	-1	-1	112	-1	114	115	-1	-1	118	-1	-1	121	122	123	-1	-1	126	-1	128	129	-1	-1	-1	133	-1	-1
# Right
58	33	16	5	-1	15	8	-1	14	13	12	-1	-1	-1	-1	-1	20	19	-1	-1	24	23	-1	-1	28	27	-1	-1	32	31	-1	-1	-1	53	38	37	-1	-1	48	43	42	-1	-1	45	-1	47	-1	-1	50	-1	52	-1	-1	55	-1	57	-1	-1	82	81	78	77	72	71	66	-1	70	69	-1	-1	-1	-1	76	75	-1	-1	-1	-1	80	-1	-1	-1	100	87	86	-1	-1	97	90	-1	92	-1	94	-1	96	-1	-1	99	-1	-1	102	-1	120	105	-1	107	-1	111	110	-1	-1	113	-1	117	116	-1	-1	119	-1	-1	132	125	124	-1	-1	127	-1	131	130	-1	-1	-1	134	-1	-1
# Threshold
5.689160025212914e-05	1.5	2238480.0	116120.5	-2.0	40339.0	4.809250116348267	-2.0	129.5	3.183600068092346	181401.5	-2.0	-2.0	-2.0	-2.0	-2.0	2.258520007133484	50.2398239672184	-2.0	-2.0	7773.0	3.496000051498413	-2.0	-2.0	4303.5	3.101340007560793e-05	-2.0	-2.0	6.3705851971462835e-06	15.79099988937378	-2.0	-2.0	-2.0	115.92609786987305	669.0	1244874.5	-2.0	-2.0	3.863350116262154e-06	340140.5	1338200.0	-2.0	-2.0	32.2657995223999	-2.0	4181305.0	-2.0	-2.0	3.6973700844100676e-05	-2.0	3.9573800677317195e-05	-2.0	-2.0	165.80500030517578	-2.0	529.3795013427734	-2.0	-2.0	21.5	964.5	3227.5	1164.5	0.18454449623823166	3.0	0.0018588700331747532	-2.0	90.0	26.5	-2.0	-2.0	-2.0	-2.0	2.5	11.0	-2.0	-2.0	-2.0	-2.0	0.35009849071502686	-2.0	-2.0	-2.0	1372.5	27.5	75.5	-2.0	-2.0	381.61900329589844	52645.0	-2.0	54589.5	-2.0	0.0018099049921147525	-2.0	32893.5	-2.0	-2.0	411.5225067138672	-2.0	-2.0	16726.5	-2.0	74172.0	6.974679946899414	-2.0	0.000300022991723381	-2.0	17646.5	13720.5	-2.0	-2.0	28715.0	-2.0	2.5	0.0003814884985331446	-2.0	-2.0	0.0014758050092495978	-2.0	-2.0	25.0	7.827985245967284e-05	7.439640103257261e-05	-2.0	-2.0	29520.5	-2.0	647.1894836425781	34973.5	-2.0	-2.0	-2.0	449.46400451660156	-2.0	-2.0
# Feature
4	9	2	1	-2	8	3	-2	5	7	0	-2	-2	-2	-2	-2	3	7	-2	-2	8	7	-2	-2	5	4	-2	-2	4	3	-2	-2	-2	7	8	1	-2	-2	4	8	1	-2	-2	7	-2	0	-2	-2	4	-2	4	-2	-2	7	-2	7	-2	-2	8	0	2	2	7	5	4	-2	2	0	-2	-2	-2	-2	6	8	-2	-2	-2	-2	7	-2	-2	-2	5	0	2	-2	-2	3	8	-2	8	-2	4	-2	0	-2	-2	3	-2	-2	8	-2	8	3	-2	4	-2	0	1	-2	-2	0	-2	6	4	-2	-2	4	-2	-2	9	4	4	-2	-2	5	-2	7	5	-2	-2	-2	7	-2	-2
# Values
88.0	1542.0	32.0	3.0	17.0
59.0	145.0	4.0	0.0	10.0
49.0	45.0	0.0	0.0	6.0
39.0	16.0	0.0	0.0	0.0
0.0	8.0	0.0	0.0	0.0
39.0	8.0	0.0	0.0	0.0
13.0	8.0	0.0	0.0	0.0
9.0	0.0	0.0	0.0	0.0
4.0	8.0	0.0	0.0	0.0
1.0	8.0	0.0	0.0	0.0
1.0	1.0	0.0	0.0	0.0
0.0	1.0	0.0	0.0	0.0
1.0	0.0	0.0	0.0	0.0
0.0	7.0	0.0	0.0	0.0
3.0	0.0	0.0	0.0	0.0
26.0	0.0	0.0	0.0	0.0
10.0	29.0	0.0	0.0	6.0
6.0	0.0	0.0	0.0	3.0
0.0	0.0	0.0	0.0	3.0
6.0	0.0	0.0	0.0	0.0
4.0	29.0	0.0	0.0	3.0
0.0	2.0	0.0	0.0	2.0
0.0	2.0	0.0	0.0	0.0
0.0	0.0	0.0	0.0	2.0
4.0	27.0	0.0	0.0	1.0
0.0	18.0	0.0	0.0	1.0
0.0	18.0	0.0	0.0	0.0
0.0	0.0	0.0	0.0	1.0
4.0	9.0	0.0	0.0	0.0
4.0	1.0	0.0	0.0	0.0
4.0	0.0	0.0	0.0	0.0
0.0	1.0	0.0	0.0	0.0
0.0	8.0	0.0	0.0	0.0
10.0	100.0	4.0	0.0	4.0
2.0	92.0	4.0	0.0	4.0
0.0	1.0	4.0	0.0	0.0
0.0	1.0	0.0	0.0	0.0
0.0	0.0	4.0	0.0	0.0
2.0	91.0	0.0	0.0	4.0
2.0	24.0	0.0	0.0	2.0
1.0	0.0	0.0	0.0	2.0
1.0	0.0	0.0	0.0	0.0
0.0	0.0	0.0	0.0	2.0
1.0	24.0	0.0	0.0	0.0
0.0	23.0	0.0	0.0	0.0
1.0	1.0	0.0	0.0	0.0
0.0	1.0	0.0	0.0	0.0
1.0	0.0	0.0	0.0	0.0
0.0	67.0	0.0	0.0	2.0
0.0	52.0	0.0	0.0	0.0
0.0	15.0	0.0	0.0	2.0
0.0	0.0	0.0	0.0	2.0
0.0	15.0	0.0	0.0	0.0
8.0	8.0	0.0	0.0	0.0
5.0	0.0	0.0	0.0	0.0
3.0	8.0	0.0	0.0	0.0
0.0	8.0	0.0	0.0	0.0
3.0	0.0	0.0	0.0	0.0
29.0	1397.0	28.0	3.0	7.0
0.0	79.0	27.0	0.0	0.0
0.0	21.0	27.0	0.0	0.0
0.0	20.0	15.0	0.0	0.0
0.0	7.0	15.0	0.0	0.0
0.0	4.0	3.0	0.0	0.0
0.0	2.0	3.0	0.0	0.0
0.0	1.0	0.0	0.0	0.0
0.0	1.0	3.0	0.0	0.0
0.0	1.0	1.0	0.0	0.0
0.0	0.0	1.0	0.0	0.0
0.0	1.0	0.0	0.0	0.0
0.0	0.0	2.0	0.0	0.0
0.0	2.0	0.0	0.0	0.0
0.0	3.0	12.0	0.0	0.0
0.0	3.0	4.0	0.0	0.0
0.0	3.0	0.0	0.0	0.0
0.0	0.0	4.0	0.0	0.0
0.0	0.0	8.0	0.0	0.0
0.0	13.0	0.0	0.0	0.0
0.0	1.0	12.0	0.0	0.0
0.0	1.0	1.0	0.0	0.0
0.0	0.0	11.0	0.0	0.0
0.0	58.0	0.0	0.0	0.0
29.0	1318.0	1.0	3.0	7.0
0.0	1185.0	1.0	0.0	3.0
0.0	1.0	1.0	0.0	0.0
0.0	1.0	0.0	0.0	0.0
0.0	0.0	1.0	0.0	0.0
0.0	1184.0	0.0	0.0	3.0
0.0	1183.0	0.0	0.0	2.0
0.0	1121.0	0.0	0.0	0.0
0.0	62.0	0.0	0.0	2.0
0.0	0.0	0.0	0.0	1.0
0.0	62.0	0.0	0.0	1.0
0.0	60.0	0.0	0.0	0.0
0.0	2.0	0.0	0.0	1.0
0.0	2.0	0.0	0.0	0.0
0.0	0.0	0.0	0.0	1.0
0.0	1.0	0.0	0.0	1.0
0.0	0.0	0.0	0.0	1.0
0.0	1.0	0.0	0.0	0.0
29.0	133.0	0.0	3.0	4.0
0.0	61.0	0.0	0.0	0.0
29.0	72.0	0.0	3.0	4.0
26.0	26.0	0.0	0.0	3.0
0.0	7.0	0.0	0.0	0.0
26.0	19.0	0.0	0.0	3.0
13.0	0.0	0.0	0.0	0.0
13.0	19.0	0.0	0.0	3.0
6.0	1.0	0.0	0.0	0.0
0.0	1.0	0.0	0.0	0.0
6.0	0.0	0.0	0.0	0.0
7.0	18.0	0.0	0.0	3.0
0.0	10.0	0.0	0.0	0.0
7.0	8.0	0.0	0.0	3.0
7.0	3.0	0.0	0.0	0.0
0.0	3.0	0.0	0.0	0.0
7.0	0.0	0.0	0.0	0.0
0.0	5.0	0.0	0.0	3.0
0.0	5.0	0.0	0.0	0.0
0.0	0.0	0.0	0.0	3.0
3.0	46.0	0.0	3.0	1.0
3.0	42.0	0.0	0.0	1.0
2.0	5.0	0.0	0.0	0.0
0.0	5.0	0.0	0.0	0.0
2.0	0.0	0.0	0.0	0.0
1.0	37.0	0.0	0.0	1.0
0.0	26.0	0.0	0.0	0.0
1.0	11.0	0.0	0.0	1.0
0.0	11.0	0.0	0.0	1.0
0.0	0.0	0.0	0.0	1.0
0.0	11.0	0.0	0.0	0.0
1.0	0.0	0.0	0.0	0.0
0.0	4.0	0.0	3.0	0.0
0.0	4.0	0.0	0.0	0.0
0.0	0.0	0.0	3.0	0.0
