# Sizes (NFeatures, Nclasses, NodeCount, MaxDepth)
10	3	141	10
# Classes
0.0	1.0	2.0
# Feature Names
Nrows	Ncols	Nnnz	AvgNnnz	Density	MaxRowNnnz	MinRowNnnz	StdRowNnnz	NDiags	NTrueDiags
# Left
1	2	3	4	5	6	7	8	-1	-1	-1	12	-1	-1	15	16	-1	18	-1	20	21	-1	-1	-1	25	26	-1	-1	-1	30	31	32	-1	34	-1	-1	-1	-1	39	-1	41	42	-1	-1	45	-1	47	-1	-1	50	51	-1	-1	54	55	56	-1	-1	-1	-1	61	62	63	64	65	-1	-1	68	69	70	-1	-1	-1	74	-1	-1	77	-1	79	-1	-1	82	83	84	85	86	-1	-1	89	-1	91	-1	-1	94	95	-1	-1	-1	99	-1	-1	-1	103	104	-1	106	-1	-1	109	110	111	112	113	114	115	-1	-1	118	-1	-1	-1	122	-1	-1	125	-1	127	-1	-1	-1	131	132	-1	134	135	-1	-1	138	-1	-1	-1
# Right
60	49	38	29	14	11	10	9	-1	-1	-1	13	-1	-1	24	17	-1	19	-1	23	22	-1	-1	-1	28	27	-1	-1	-1	37	36	33	-1	35	-1	-1	-1	-1	40	-1	44	43	-1	-1	46	-1	48	-1	-1	53	52	-1	-1	59	58	57	-1	-1	-1	-1	102	81	76	67	66	-1	-1	73	72	71	-1	-1	-1	75	-1	-1	78	-1	80	-1	-1	101	98	93	88	87	-1	-1	90	-1	92	-1	-1	97	96	-1	-1	-1	100	-1	-1	-1	108	105	-1	107	-1	-1	130	129	124	121	120	117	116	-1	-1	119	-1	-1	-1	123	-1	-1	126	-1	128	-1	-1	-1	140	133	-1	137	136	-1	-1	139	-1	-1	-1
# Threshold
5.999934911727905	0.0010210350155830383	1.5	5.755635023117065	7.849204848753288e-05	38.0	2.5	3.3963950872421265	-2.0	-2.0	-2.0	4.037325024604797	-2.0	-2.0	1.5	1.5214550495147705	-2.0	7420.0	-2.0	18389.0	8556.5	-2.0	-2.0	-2.0	32077.5	258.5	-2.0	-2.0	-2.0	3014.5	4.146284818649292	320.0	-2.0	13533.5	-2.0	-2.0	-2.0	-2.0	1.154323011636734	-2.0	2.5	1.7728599905967712	-2.0	-2.0	5.708334922790527	-2.0	1.341925024986267	-2.0	-2.0	1.5	99.0	-2.0	-2.0	0.5	1.7165899872779846	1.33502995967865	-2.0	-2.0	-2.0	-2.0	1.5	4.5	22559.0	4444.5	0.02478304971009493	-2.0	-2.0	0.0024749250151216984	6873.5	44460.5	-2.0	-2.0	-2.0	0.004737089853733778	-2.0	-2.0	2.5	-2.0	2370705.0	-2.0	-2.0	228198.0	27.5	26967.0	783.5	637.0	-2.0	-2.0	3807.0	-2.0	70408.0	-2.0	-2.0	2114025.0	80000.0	-2.0	-2.0	-2.0	69.5	-2.0	-2.0	-2.0	80.5	0.03784255124628544	-2.0	594.0	-2.0	-2.0	3139540.0	16.0	21.57100009918213	155.5	148.5	17773.5	8166.5	-2.0	-2.0	5.131189942359924	-2.0	-2.0	-2.0	18.97800064086914	-2.0	-2.0	14.736649990081787	-2.0	0.0015941550373099744	-2.0	-2.0	-2.0	14.0	35.513601303100586	-2.0	15.721250057220459	14786150.0	-2.0	-2.0	44540.5	-2.0	-2.0	-2.0
# Feature
3	4	6	7	4	5	9	3	-2	-2	-2	7	-2	-2	9	3	-2	8	-2	8	8	-2	-2	-2	2	8	-2	-2	-2	5	3	5	-2	1	-2	-2	-2	-2	7	-2	6	7	-2	-2	3	-2	7	-2	-2	5	1	-2	-2	6	3	7	-2	-2	-2	-2	9	6	0	8	4	-2	-2	4	0	2	-2	-2	-2	4	-2	-2	6	-2	2	-2	-2	0	6	8	0	8	-2	-2	8	-2	2	-2	-2	2	0	-2	-2	-2	5	-2	-2	-2	5	4	-2	0	-2	-2	2	9	7	5	5	2	2	-2	-2	7	-2	-2	-2	7	-2	-2	3	-2	4	-2	-2	-2	9	3	-2	7	2	-2	-2	8	-2	-2	-2
# Values
105.0	1477.0	55.0
105.0	433.0	1.0
95.0	161.0	0.0
86.0	89.0	0.0
80.0	49.0	0.0
55.0	9.0	0.0
16.0	7.0	0.0
16.0	3.0	0.0
16.0	0.0	0.0
0.0	3.0	0.0
0.0	4.0	0.0
39.0	2.0	0.0
37.0	0.0	0.0
2.0	2.0	0.0
25.0	40.0	0.0
22.0	7.0	0.0
8.0	0.0	0.0
14.0	7.0	0.0
2.0	3.0	0.0
12.0	4.0	0.0
10.0	1.0	0.0
2.0	1.0	0.0
8.0	0.0	0.0
2.0	3.0	0.0
3.0	33.0	0.0
3.0	7.0	0.0
0.0	6.0	0.0
3.0	1.0	0.0
0.0	26.0	0.0
6.0	40.0	0.0
6.0	18.0	0.0
6.0	7.0	0.0
0.0	5.0	0.0
6.0	2.0	0.0
3.0	0.0	0.0
3.0	2.0	0.0
0.0	11.0	0.0
0.0	22.0	0.0
9.0	72.0	0.0
0.0	54.0	0.0
9.0	18.0	0.0
2.0	13.0	0.0
2.0	3.0	0.0
0.0	10.0	0.0
7.0	5.0	0.0
0.0	4.0	0.0
7.0	1.0	0.0
2.0	1.0	0.0
5.0	0.0	0.0
10.0	272.0	1.0
8.0	0.0	1.0
2.0	0.0	1.0
6.0	0.0	0.0
2.0	272.0	0.0
2.0	28.0	0.0
2.0	6.0	0.0
2.0	1.0	0.0
0.0	5.0	0.0
0.0	22.0	0.0
0.0	244.0	0.0
0.0	1044.0	54.0
0.0	177.0	31.0
0.0	122.0	14.0
0.0	54.0	13.0
0.0	31.0	2.0
0.0	30.0	0.0
0.0	1.0	2.0
0.0	23.0	11.0
0.0	20.0	2.0
0.0	4.0	2.0
0.0	2.0	1.0
0.0	2.0	1.0
0.0	16.0	0.0
0.0	3.0	9.0
0.0	0.0	8.0
0.0	3.0	1.0
0.0	68.0	1.0
0.0	59.0	0.0
0.0	9.0	1.0
0.0	7.0	0.0
0.0	2.0	1.0
0.0	55.0	17.0
0.0	55.0	12.0
0.0	51.0	8.0
0.0	45.0	4.0
0.0	5.0	3.0
0.0	3.0	1.0
0.0	2.0	2.0
0.0	40.0	1.0
0.0	33.0	0.0
0.0	7.0	1.0
0.0	2.0	1.0
0.0	5.0	0.0
0.0	6.0	4.0
0.0	2.0	4.0
0.0	0.0	3.0
0.0	2.0	1.0
0.0	4.0	0.0
0.0	4.0	4.0
0.0	3.0	1.0
0.0	1.0	3.0
0.0	0.0	5.0
0.0	867.0	23.0
0.0	441.0	1.0
0.0	386.0	0.0
0.0	55.0	1.0
0.0	53.0	0.0
0.0	2.0	1.0
0.0	426.0	22.0
0.0	338.0	8.0
0.0	220.0	8.0
0.0	77.0	7.0
0.0	23.0	6.0
0.0	22.0	3.0
0.0	4.0	2.0
0.0	3.0	0.0
0.0	1.0	2.0
0.0	18.0	1.0
0.0	2.0	1.0
0.0	16.0	0.0
0.0	1.0	3.0
0.0	54.0	1.0
0.0	50.0	0.0
0.0	4.0	1.0
0.0	143.0	1.0
0.0	126.0	0.0
0.0	17.0	1.0
0.0	3.0	1.0
0.0	14.0	0.0
0.0	118.0	0.0
0.0	88.0	14.0
0.0	34.0	14.0
0.0	27.0	0.0
0.0	7.0	14.0
0.0	5.0	1.0
0.0	3.0	0.0
0.0	2.0	1.0
0.0	2.0	13.0
0.0	0.0	10.0
0.0	2.0	3.0
0.0	54.0	0.0
