# Sizes (NFeatures, Nclasses, NodeCount, MaxDepth)
10	3	147	10
# Classes
0.0	1.0	2.0
# Feature Names
Nrows	Ncols	Nnnz	AvgNnnz	Density	MaxRowNnnz	MinRowNnnz	StdRowNnnz	NDiags	NTrueDiags
# Left
1	2	3	4	5	-1	7	8	9	10	11	-1	-1	-1	-1	16	-1	-1	19	20	21	-1	-1	24	-1	-1	-1	28	-1	30	-1	-1	33	34	-1	-1	-1	38	39	40	41	-1	43	44	45	-1	-1	48	-1	-1	51	-1	53	-1	-1	-1	-1	58	-1	60	61	62	63	-1	-1	66	-1	-1	69	70	-1	-1	-1	74	-1	76	-1	-1	79	80	81	-1	83	84	-1	-1	-1	88	-1	90	-1	92	-1	94	95	-1	-1	-1	99	100	101	102	103	-1	-1	-1	107	108	-1	110	-1	112	-1	-1	115	116	117	-1	-1	120	121	-1	-1	-1	-1	126	-1	128	129	-1	131	-1	-1	-1	135	-1	137	138	-1	140	-1	-1	143	144	-1	-1	-1
# Right
78	37	32	27	6	-1	18	15	14	13	12	-1	-1	-1	-1	17	-1	-1	26	23	22	-1	-1	25	-1	-1	-1	29	-1	31	-1	-1	36	35	-1	-1	-1	57	56	55	42	-1	50	47	46	-1	-1	49	-1	-1	52	-1	54	-1	-1	-1	-1	59	-1	73	68	65	64	-1	-1	67	-1	-1	72	71	-1	-1	-1	75	-1	77	-1	-1	98	87	82	-1	86	85	-1	-1	-1	89	-1	91	-1	93	-1	97	96	-1	-1	-1	134	125	106	105	104	-1	-1	-1	114	109	-1	111	-1	113	-1	-1	124	119	118	-1	-1	123	122	-1	-1	-1	-1	127	-1	133	130	-1	132	-1	-1	-1	136	-1	142	139	-1	141	-1	-1	146	145	-1	-1	-1
# Threshold
1.5	5.0373148918151855	4.646615028381348	0.0025256050284951925	266.5	-2.0	2.7745500802993774	0.0001340020025963895	50476.0	84164.0	24602.5	-2.0	-2.0	-2.0	-2.0	2.6808650493621826	-2.0	-2.0	33461.0	0.5	9136.0	-2.0	-2.0	7488.5	-2.0	-2.0	-2.0	16.0	-2.0	124.0	-2.0	-2.0	0.5	38.0	-2.0	-2.0	-2.0	24.452850341796875	1027.0	0.03508614934980869	3807.0	-2.0	56609.0	0.004468359984457493	7.361189842224121	-2.0	-2.0	11.782000064849854	-2.0	-2.0	4.5	-2.0	28.5	-2.0	-2.0	-2.0	-2.0	32.0	-2.0	22559.0	6295.5	1562.0	623.5	-2.0	-2.0	27.5	-2.0	-2.0	2147580.0	4.5	-2.0	-2.0	-2.0	49575.5	-2.0	141330.5	-2.0	-2.0	1.5371699929237366	8499.5	1.8065850138664246	-2.0	2.5630149841308594	2412.0	-2.0	-2.0	-2.0	2.905025005340576	-2.0	5.184315114092897e-06	-2.0	11.5	-2.0	6.5	5.99978494644165	-2.0	-2.0	-2.0	0.0017174149979837239	52.35435104370117	82.5	0.5	23.0	-2.0	-2.0	-2.0	0.000508857483509928	3.5	-2.0	35.513601303100586	-2.0	0.0001273259986191988	-2.0	-2.0	9636.0	10.217555046081543	1193.5	-2.0	-2.0	521034.0	20700.0	-2.0	-2.0	-2.0	-2.0	15.609950065612793	-2.0	14.0	0.0006247164856176823	-2.0	31.007949829101562	-2.0	-2.0	-2.0	1.5	-2.0	3.5	12.819499969482422	-2.0	178.0	-2.0	-2.0	603.5	581.5	-2.0	-2.0	-2.0
# Feature
9	3	3	4	8	-2	3	4	5	2	1	-2	-2	-2	-2	7	-2	-2	0	6	8	-2	-2	8	-2	-2	-2	8	-2	2	-2	-2	9	5	-2	-2	-2	3	5	4	8	-2	2	4	3	-2	-2	3	-2	-2	6	-2	5	-2	-2	-2	-2	5	-2	1	0	8	0	-2	-2	6	-2	-2	2	6	-2	-2	-2	0	-2	8	-2	-2	7	8	3	-2	3	0	-2	-2	-2	3	-2	4	-2	5	-2	9	3	-2	-2	-2	4	3	5	6	5	-2	-2	-2	4	6	-2	3	-2	4	-2	-2	8	3	5	-2	-2	2	1	-2	-2	-2	-2	7	-2	9	4	-2	7	-2	-2	-2	6	-2	9	7	-2	5	-2	-2	1	1	-2	-2	-2
# Values
105.0	1477.0	55.0
85.0	279.0	31.0
85.0	78.0	0.0
43.0	72.0	0.0
38.0	38.0	0.0
17.0	0.0	0.0
21.0	38.0	0.0
15.0	12.0	0.0
12.0	6.0	0.0
12.0	2.0	0.0
4.0	2.0	0.0
3.0	0.0	0.0
1.0	2.0	0.0
8.0	0.0	0.0
0.0	4.0	0.0
3.0	6.0	0.0
3.0	0.0	0.0
0.0	6.0	0.0
6.0	26.0	0.0
6.0	15.0	0.0
5.0	3.0	0.0
0.0	3.0	0.0
5.0	0.0	0.0
1.0	12.0	0.0
0.0	8.0	0.0
1.0	4.0	0.0
0.0	11.0	0.0
5.0	34.0	0.0
4.0	0.0	0.0
1.0	34.0	0.0
1.0	4.0	0.0
0.0	30.0	0.0
42.0	6.0	0.0
42.0	1.0	0.0
4.0	1.0	0.0
38.0	0.0	0.0
0.0	5.0	0.0
0.0	201.0	31.0
0.0	170.0	13.0
0.0	131.0	13.0
0.0	129.0	10.0
0.0	78.0	0.0
0.0	51.0	10.0
0.0	8.0	7.0
0.0	3.0	6.0
0.0	3.0	1.0
0.0	0.0	5.0
0.0	5.0	1.0
0.0	3.0	0.0
0.0	2.0	1.0
0.0	43.0	3.0
0.0	38.0	0.0
0.0	5.0	3.0
0.0	3.0	0.0
0.0	2.0	3.0
0.0	2.0	3.0
0.0	39.0	0.0
0.0	31.0	18.0
0.0	0.0	4.0
0.0	31.0	14.0
0.0	15.0	12.0
0.0	11.0	5.0
0.0	3.0	4.0
0.0	2.0	1.0
0.0	1.0	3.0
0.0	8.0	1.0
0.0	6.0	0.0
0.0	2.0	1.0
0.0	4.0	7.0
0.0	1.0	6.0
0.0	0.0	4.0
0.0	1.0	2.0
0.0	3.0	1.0
0.0	16.0	2.0
0.0	11.0	0.0
0.0	5.0	2.0
0.0	1.0	2.0
0.0	4.0	0.0
20.0	1198.0	24.0
19.0	304.0	1.0
2.0	270.0	1.0
1.0	1.0	1.0
1.0	269.0	0.0
1.0	15.0	0.0
0.0	11.0	0.0
1.0	4.0	0.0
0.0	254.0	0.0
17.0	34.0	0.0
9.0	0.0	0.0
8.0	34.0	0.0
0.0	14.0	0.0
8.0	20.0	0.0
0.0	15.0	0.0
8.0	5.0	0.0
8.0	2.0	0.0
7.0	0.0	0.0
1.0	2.0	0.0
0.0	3.0	0.0
1.0	894.0	23.0
1.0	364.0	20.0
1.0	322.0	8.0
1.0	138.0	0.0
1.0	6.0	0.0
0.0	4.0	0.0
1.0	2.0	0.0
0.0	132.0	0.0
0.0	184.0	8.0
0.0	124.0	2.0
0.0	95.0	0.0
0.0	29.0	2.0
0.0	25.0	0.0
0.0	4.0	2.0
0.0	2.0	1.0
0.0	2.0	1.0
0.0	60.0	6.0
0.0	24.0	6.0
0.0	17.0	1.0
0.0	13.0	0.0
0.0	4.0	1.0
0.0	7.0	5.0
0.0	3.0	5.0
0.0	3.0	2.0
0.0	0.0	3.0
0.0	4.0	0.0
0.0	36.0	0.0
0.0	42.0	12.0
0.0	19.0	0.0
0.0	23.0	12.0
0.0	4.0	12.0
0.0	0.0	8.0
0.0	4.0	4.0
0.0	3.0	0.0
0.0	1.0	4.0
0.0	19.0	0.0
0.0	530.0	3.0
0.0	236.0	0.0
0.0	294.0	3.0
0.0	30.0	2.0
0.0	23.0	0.0
0.0	7.0	2.0
0.0	1.0	2.0
0.0	6.0	0.0
0.0	264.0	1.0
0.0	67.0	1.0
0.0	64.0	0.0
0.0	3.0	1.0
0.0	197.0	0.0
