# Sizes (NFeatures, Nclasses, NodeCount, MaxDepth)
10	3	163	13
# Classes
0.0	1.0	2.0
# Feature Names
Nrows	Ncols	Nnnz	AvgNnnz	Density	MaxRowNnnz	MinRowNnnz	StdRowNnnz	NDiags	NTrueDiags
# Left
1	2	3	4	5	6	-1	8	9	-1	-1	-1	13	-1	-1	16	17	18	-1	-1	-1	-1	23	24	-1	26	27	28	29	30	-1	-1	-1	-1	-1	36	37	38	39	40	-1	-1	43	-1	-1	-1	47	-1	-1	-1	51	52	-1	54	55	-1	-1	-1	59	60	-1	-1	63	-1	-1	66	67	-1	69	-1	-1	72	73	74	-1	76	77	-1	-1	-1	-1	82	-1	84	-1	-1	87	88	89	90	91	-1	93	94	-1	-1	-1	-1	99	100	101	102	-1	-1	105	106	107	108	109	-1	111	-1	-1	-1	-1	-1	-1	118	-1	-1	121	-1	123	-1	125	126	-1	128	129	130	-1	-1	-1	-1	135	136	-1	-1	-1	140	141	142	-1	-1	-1	146	147	148	149	150	-1	-1	-1	154	-1	156	-1	-1	159	-1	-1	-1	-1
# Right
86	65	22	15	12	7	-1	11	10	-1	-1	-1	14	-1	-1	21	20	19	-1	-1	-1	-1	50	25	-1	35	34	33	32	31	-1	-1	-1	-1	-1	49	46	45	42	41	-1	-1	44	-1	-1	-1	48	-1	-1	-1	58	53	-1	57	56	-1	-1	-1	62	61	-1	-1	64	-1	-1	71	68	-1	70	-1	-1	81	80	75	-1	79	78	-1	-1	-1	-1	83	-1	85	-1	-1	162	139	98	97	92	-1	96	95	-1	-1	-1	-1	120	117	104	103	-1	-1	116	115	114	113	110	-1	112	-1	-1	-1	-1	-1	-1	119	-1	-1	122	-1	124	-1	134	127	-1	133	132	131	-1	-1	-1	-1	138	137	-1	-1	-1	145	144	143	-1	-1	-1	161	158	153	152	151	-1	-1	-1	155	-1	157	-1	-1	160	-1	-1	-1	-1
# Threshold
6.285510063171387	2.5	6.659834980382584e-05	4018810.0	46.0	45121.0	-2.0	750578.0	367826.0	-2.0	-2.0	-2.0	4.037325024604797	-2.0	-2.0	4.0	1.5	3.4310150146484375	-2.0	-2.0	-2.0	-2.0	1.5	1.0088499784469604	-2.0	7929.0	2.7023650407791138	2.1316349506378174	626.0	108.0	-2.0	-2.0	-2.0	-2.0	-2.0	30113.0	1.5	31390.0	3.4112199544906616	62.5	-2.0	-2.0	4.980530023574829	-2.0	-2.0	-2.0	2.7110650539398193	-2.0	-2.0	-2.0	5.5	1.6050249934196472	-2.0	32565.5	4.139595150947571	-2.0	-2.0	-2.0	3807.0	1.096100002527237	-2.0	-2.0	0.0020063399570062757	-2.0	-2.0	8096.0	0.037384551018476486	-2.0	315.0	-2.0	-2.0	5.999934911727905	4.5	10.5	-2.0	1.585034966468811	229081.0	-2.0	-2.0	-2.0	-2.0	86.0	-2.0	7.0	-2.0	-2.0	14.0	5.5	4.146284818649292	33.49334907531738	3229.0	-2.0	0.5	21435.5	-2.0	-2.0	-2.0	-2.0	154.5	34.63615036010742	72.5	7032.0	-2.0	-2.0	2.5	12.898650169372559	5373.5	4363.0	0.0007750725199002773	-2.0	122.0	-2.0	-2.0	-2.0	-2.0	-2.0	-2.0	30.559800148010254	-2.0	-2.0	6307.5	-2.0	6008.5	-2.0	144.70099639892578	9.99101972579956	-2.0	1132.5	17.247299671173096	636.0	-2.0	-2.0	-2.0	-2.0	8943.5	22559.0	-2.0	-2.0	-2.0	41.90245056152344	2.0	2354.5	-2.0	-2.0	-2.0	2454.5	92686.5	228.0	78.0	69.5	-2.0	-2.0	-2.0	11.5	-2.0	32161.0	-2.0	-2.0	14242.0	-2.0	-2.0	-2.0	-2.0
# Feature
7	9	4	2	5	0	-2	1	2	-2	-2	-2	7	-2	-2	6	6	7	-2	-2	-2	-2	6	3	-2	8	3	7	0	1	-2	-2	-2	-2	-2	8	9	0	3	5	-2	-2	3	-2	-2	-2	7	-2	-2	-2	6	7	-2	2	3	-2	-2	-2	8	7	-2	-2	4	-2	-2	0	4	-2	0	-2	-2	3	9	5	-2	7	8	-2	-2	-2	-2	5	-2	6	-2	-2	9	6	3	7	8	-2	9	1	-2	-2	-2	-2	5	3	5	8	-2	-2	6	3	8	8	4	-2	5	-2	-2	-2	-2	-2	-2	7	-2	-2	8	-2	0	-2	7	3	-2	5	3	5	-2	-2	-2	-2	5	0	-2	-2	-2	3	9	1	-2	-2	-2	5	1	5	5	5	-2	-2	-2	6	-2	8	-2	-2	8	-2	-2	-2	-2
# Values
105.0	1477.0	55.0
100.0	739.0	11.0
92.0	181.0	9.0
53.0	27.0	5.0
44.0	14.0	0.0
9.0	12.0	0.0
5.0	0.0	0.0
4.0	12.0	0.0
1.0	12.0	0.0
1.0	2.0	0.0
0.0	10.0	0.0
3.0	0.0	0.0
35.0	2.0	0.0
33.0	0.0	0.0
2.0	2.0	0.0
9.0	13.0	5.0
9.0	13.0	0.0
9.0	3.0	0.0
9.0	0.0	0.0
0.0	3.0	0.0
0.0	10.0	0.0
0.0	0.0	5.0
39.0	154.0	4.0
38.0	67.0	1.0
16.0	0.0	1.0
22.0	67.0	0.0
6.0	53.0	0.0
6.0	13.0	0.0
6.0	5.0	0.0
1.0	5.0	0.0
1.0	2.0	0.0
0.0	3.0	0.0
5.0	0.0	0.0
0.0	8.0	0.0
0.0	40.0	0.0
16.0	14.0	0.0
16.0	10.0	0.0
15.0	5.0	0.0
10.0	5.0	0.0
3.0	4.0	0.0
0.0	4.0	0.0
3.0	0.0	0.0
7.0	1.0	0.0
5.0	0.0	0.0
2.0	1.0	0.0
5.0	0.0	0.0
1.0	5.0	0.0
0.0	3.0	0.0
1.0	2.0	0.0
0.0	4.0	0.0
1.0	87.0	3.0
1.0	59.0	0.0
0.0	41.0	0.0
1.0	18.0	0.0
1.0	6.0	0.0
1.0	2.0	0.0
0.0	4.0	0.0
0.0	12.0	0.0
0.0	28.0	3.0
0.0	24.0	1.0
0.0	2.0	1.0
0.0	22.0	0.0
0.0	4.0	2.0
0.0	2.0	1.0
0.0	2.0	1.0
8.0	558.0	2.0
0.0	367.0	1.0
0.0	308.0	0.0
0.0	59.0	1.0
0.0	57.0	0.0
0.0	2.0	1.0
8.0	191.0	1.0
8.0	41.0	0.0
8.0	18.0	0.0
0.0	10.0	0.0
8.0	8.0	0.0
8.0	1.0	0.0
6.0	0.0	0.0
2.0	1.0	0.0
0.0	7.0	0.0
0.0	23.0	0.0
0.0	150.0	1.0
0.0	144.0	0.0
0.0	6.0	1.0
0.0	4.0	0.0
0.0	2.0	1.0
5.0	738.0	44.0
5.0	442.0	44.0
5.0	387.0	23.0
5.0	22.0	0.0
5.0	12.0	0.0
0.0	6.0	0.0
5.0	6.0	0.0
5.0	1.0	0.0
3.0	0.0	0.0
2.0	1.0	0.0
0.0	5.0	0.0
0.0	10.0	0.0
0.0	365.0	23.0
0.0	82.0	16.0
0.0	81.0	11.0
0.0	42.0	1.0
0.0	39.0	0.0
0.0	3.0	1.0
0.0	39.0	10.0
0.0	24.0	10.0
0.0	9.0	10.0
0.0	5.0	10.0
0.0	5.0	6.0
0.0	1.0	3.0
0.0	4.0	3.0
0.0	4.0	0.0
0.0	0.0	3.0
0.0	0.0	4.0
0.0	4.0	0.0
0.0	15.0	0.0
0.0	15.0	0.0
0.0	1.0	5.0
0.0	0.0	3.0
0.0	1.0	2.0
0.0	283.0	7.0
0.0	123.0	0.0
0.0	160.0	7.0
0.0	1.0	2.0
0.0	159.0	5.0
0.0	134.0	2.0
0.0	78.0	0.0
0.0	56.0	2.0
0.0	23.0	2.0
0.0	12.0	2.0
0.0	10.0	0.0
0.0	2.0	2.0
0.0	11.0	0.0
0.0	33.0	0.0
0.0	25.0	3.0
0.0	5.0	3.0
0.0	1.0	2.0
0.0	4.0	1.0
0.0	20.0	0.0
0.0	55.0	21.0
0.0	29.0	2.0
0.0	5.0	2.0
0.0	2.0	1.0
0.0	3.0	1.0
0.0	24.0	0.0
0.0	26.0	19.0
0.0	21.0	19.0
0.0	20.0	9.0
0.0	15.0	3.0
0.0	5.0	3.0
0.0	4.0	1.0
0.0	1.0	2.0
0.0	10.0	0.0
0.0	5.0	6.0
0.0	4.0	1.0
0.0	1.0	5.0
0.0	0.0	3.0
0.0	1.0	2.0
0.0	1.0	10.0
0.0	1.0	2.0
0.0	0.0	8.0
0.0	5.0	0.0
0.0	296.0	0.0
