# Sizes (NFeatures, Nclasses, NodeCount, MaxDepth)
14	6	87	9
# Classes
0.0	1.0	2.0	3.0	4.0	5.0
# Feature Names
Nrows	Ncols	Nnnz	AvgNnnz	Density	MaxRowNnnz	MinRowNnnz	StdRowNnnz	NDiags	NTrueDiags	AvgNnnzDia	AvgNnnzELL	AvgNnnzHyb	AvgNnnzHdc
# Left
1	2	3	4	5	-1	-1	8	9	10	-1	-1	-1	14	15	-1	-1	-1	19	20	21	-1	23	24	25	-1	-1	28	-1	-1	31	32	-1	-1	35	-1	-1	38	39	40	-1	-1	-1	-1	45	-1	-1	48	49	-1	-1	52	-1	-1	55	56	57	58	59	60	-1	-1	63	-1	-1	-1	67	68	-1	-1	-1	72	73	74	-1	-1	-1	-1	79	-1	81	-1	83	84	-1	-1	-1
# Right
54	47	18	7	6	-1	-1	13	12	11	-1	-1	-1	17	16	-1	-1	-1	44	37	22	-1	30	27	26	-1	-1	29	-1	-1	34	33	-1	-1	36	-1	-1	43	42	41	-1	-1	-1	-1	46	-1	-1	51	50	-1	-1	53	-1	-1	78	71	66	65	62	61	-1	-1	64	-1	-1	-1	70	69	-1	-1	-1	77	76	75	-1	-1	-1	-1	80	-1	82	-1	86	85	-1	-1	-1
# Threshold
40149.0	74.46829986572266	161.5	0.603516012430191	0.10875200107693672	-2.0	-2.0	0.08954250067472458	3.088605046272278	0.06399669870734215	-2.0	-2.0	-2.0	53.5	21.5	-2.0	-2.0	-2.0	17.537750244140625	1366.0	1.599945017005666e-05	-2.0	2.0699501037597656	0.3995030075311661	0.2765890061855316	-2.0	-2.0	34.496999740600586	-2.0	-2.0	5.664134979248047	0.9351644814014435	-2.0	-2.0	29.0	-2.0	-2.0	7.5	0.4746999889612198	2199.0	-2.0	-2.0	-2.0	-2.0	13.0	-2.0	-2.0	17629.5	10420.5	-2.0	-2.0	0.5940819978713989	-2.0	-2.0	1.011936515569687	0.00011956550224567764	0.005321729928255081	0.0010170004970859736	7.6194748878479	54.5757999420166	-2.0	-2.0	1372500.0	-2.0	-2.0	-2.0	1146295.0	0.8860249817371368	-2.0	-2.0	-2.0	10.5	75.33150100708008	2854.0	-2.0	-2.0	-2.0	-2.0	29938.5	-2.0	133.0	-2.0	0.5270060151815414	0.18619400262832642	-2.0	-2.0	-2.0
# Feature
8	7	1	7	4	-2	-2	10	7	4	-2	-2	-2	0	1	-2	-2	-2	12	5	4	-2	12	13	11	-2	-2	7	-2	-2	3	11	-2	-2	8	-2	-2	9	13	5	-2	-2	-2	-2	9	-2	-2	0	1	-2	-2	13	-2	-2	12	4	11	11	3	7	-2	-2	0	-2	-2	-2	8	12	-2	-2	-2	6	3	5	-2	-2	-2	-2	1	-2	5	-2	13	11	-2	-2	-2
# Values
171.0	1424.0	64.0	0.0	1.0	24.0
52.0	1213.0	64.0	0.0	0.0	17.0
21.0	1199.0	64.0	0.0	0.0	16.0
0.0	35.0	40.0	0.0	0.0	0.0
0.0	5.0	14.0	0.0	0.0	0.0
0.0	5.0	5.0	0.0	0.0	0.0
0.0	0.0	9.0	0.0	0.0	0.0
0.0	30.0	26.0	0.0	0.0	0.0
0.0	24.0	6.0	0.0	0.0	0.0
0.0	10.0	6.0	0.0	0.0	0.0
0.0	6.0	1.0	0.0	0.0	0.0
0.0	4.0	5.0	0.0	0.0	0.0
0.0	14.0	0.0	0.0	0.0	0.0
0.0	6.0	20.0	0.0	0.0	0.0
0.0	2.0	13.0	0.0	0.0	0.0
0.0	2.0	4.0	0.0	0.0	0.0
0.0	0.0	9.0	0.0	0.0	0.0
0.0	4.0	7.0	0.0	0.0	0.0
21.0	1164.0	24.0	0.0	0.0	16.0
21.0	1154.0	23.0	0.0	0.0	3.0
7.0	1114.0	23.0	0.0	0.0	3.0
0.0	7.0	2.0	0.0	0.0	2.0
7.0	1107.0	21.0	0.0	0.0	1.0
7.0	937.0	10.0	0.0	0.0	1.0
1.0	478.0	3.0	0.0	0.0	0.0
1.0	270.0	0.0	0.0	0.0	0.0
0.0	208.0	3.0	0.0	0.0	0.0
6.0	459.0	7.0	0.0	0.0	1.0
2.0	443.0	7.0	0.0	0.0	1.0
4.0	16.0	0.0	0.0	0.0	0.0
0.0	170.0	11.0	0.0	0.0	0.0
0.0	26.0	9.0	0.0	0.0	0.0
0.0	6.0	8.0	0.0	0.0	0.0
0.0	20.0	1.0	0.0	0.0	0.0
0.0	144.0	2.0	0.0	0.0	0.0
0.0	25.0	2.0	0.0	0.0	0.0
0.0	119.0	0.0	0.0	0.0	0.0
14.0	40.0	0.0	0.0	0.0	0.0
14.0	21.0	0.0	0.0	0.0	0.0
14.0	9.0	0.0	0.0	0.0	0.0
11.0	2.0	0.0	0.0	0.0	0.0
3.0	7.0	0.0	0.0	0.0	0.0
0.0	12.0	0.0	0.0	0.0	0.0
0.0	19.0	0.0	0.0	0.0	0.0
0.0	10.0	1.0	0.0	0.0	13.0
0.0	10.0	1.0	0.0	0.0	0.0
0.0	0.0	0.0	0.0	0.0	13.0
31.0	14.0	0.0	0.0	0.0	1.0
24.0	7.0	0.0	0.0	0.0	0.0
9.0	6.0	0.0	0.0	0.0	0.0
15.0	1.0	0.0	0.0	0.0	0.0
7.0	7.0	0.0	0.0	0.0	1.0
7.0	1.0	0.0	0.0	0.0	0.0
0.0	6.0	0.0	0.0	0.0	1.0
119.0	211.0	0.0	0.0	1.0	7.0
117.0	35.0	0.0	0.0	1.0	5.0
70.0	31.0	0.0	0.0	0.0	0.0
56.0	11.0	0.0	0.0	0.0	0.0
36.0	11.0	0.0	0.0	0.0	0.0
26.0	3.0	0.0	0.0	0.0	0.0
4.0	3.0	0.0	0.0	0.0	0.0
22.0	0.0	0.0	0.0	0.0	0.0
10.0	8.0	0.0	0.0	0.0	0.0
3.0	5.0	0.0	0.0	0.0	0.0
7.0	3.0	0.0	0.0	0.0	0.0
20.0	0.0	0.0	0.0	0.0	0.0
14.0	20.0	0.0	0.0	0.0	0.0
6.0	18.0	0.0	0.0	0.0	0.0
6.0	4.0	0.0	0.0	0.0	0.0
0.0	14.0	0.0	0.0	0.0	0.0
8.0	2.0	0.0	0.0	0.0	0.0
47.0	4.0	0.0	0.0	1.0	5.0
45.0	3.0	0.0	0.0	0.0	2.0
38.0	2.0	0.0	0.0	0.0	0.0
10.0	2.0	0.0	0.0	0.0	0.0
28.0	0.0	0.0	0.0	0.0	0.0
7.0	1.0	0.0	0.0	0.0	2.0
2.0	1.0	0.0	0.0	1.0	3.0
2.0	176.0	0.0	0.0	0.0	2.0
1.0	6.0	0.0	0.0	0.0	0.0
1.0	170.0	0.0	0.0	0.0	2.0
0.0	132.0	0.0	0.0	0.0	0.0
1.0	38.0	0.0	0.0	0.0	2.0
1.0	32.0	0.0	0.0	0.0	0.0
0.0	23.0	0.0	0.0	0.0	0.0
1.0	9.0	0.0	0.0	0.0	0.0
0.0	6.0	0.0	0.0	0.0	2.0
