# Sizes (NFeatures, Nclasses, NodeCount, MaxDepth)
14	6	85	9
# Classes
0.0	1.0	2.0	3.0	4.0	5.0
# Feature Names
Nrows	Ncols	Nnnz	AvgNnnz	Density	MaxRowNnnz	MinRowNnnz	StdRowNnnz	NDiags	NTrueDiags	AvgNnnzDia	AvgNnnzELL	AvgNnnzHyb	AvgNnnzHdc
# Left
1	2	3	-1	-1	6	7	-1	9	-1	-1	12	-1	14	15	16	-1	-1	19	-1	-1	-1	23	24	25	-1	27	28	29	-1	-1	32	33	34	-1	-1	-1	-1	39	-1	-1	42	43	-1	-1	46	47	48	-1	50	-1	52	-1	-1	55	-1	57	-1	59	-1	-1	62	-1	64	65	-1	67	-1	-1	70	-1	-1	73	-1	75	76	-1	-1	79	80	-1	-1	83	-1	-1
# Right
22	5	4	-1	-1	11	8	-1	10	-1	-1	13	-1	21	18	17	-1	-1	20	-1	-1	-1	72	41	26	-1	38	31	30	-1	-1	37	36	35	-1	-1	-1	-1	40	-1	-1	45	44	-1	-1	61	54	49	-1	51	-1	53	-1	-1	56	-1	58	-1	60	-1	-1	63	-1	69	66	-1	68	-1	-1	71	-1	-1	74	-1	78	77	-1	-1	82	81	-1	-1	84	-1	-1
# Threshold
0.004671740112826228	0.20119599997997284	640596.0	-2.0	-2.0	0.34828950464725494	21822.5	-2.0	1.5	-2.0	-2.0	9984.0	-2.0	8.423379898071289	5.652244908560533e-05	40.462900161743164	-2.0	-2.0	295839.0	-2.0	-2.0	-2.0	1353.5	203.5	1.3674200177192688	-2.0	1094.5	0.06350839883089066	175.0	-2.0	-2.0	1.805079996585846	79.0	65.0	-2.0	-2.0	-2.0	-2.0	9.830450057983398	-2.0	-2.0	1.1505699753761292	2528.0	-2.0	-2.0	494053.0	66.5843505859375	1254.5	-2.0	2.1267249584198	-2.0	0.0015941550373099744	-2.0	-2.0	29828.0	-2.0	50934.0	-2.0	342.0	-2.0	-2.0	514571.5	-2.0	0.0013328450149856508	1.015529990196228	-2.0	1076530.0	-2.0	-2.0	0.002605284913443029	-2.0	-2.0	0.33208049833774567	-2.0	0.00035256850242149085	204626.0	-2.0	-2.0	1992260.5	1761.0	-2.0	-2.0	0.0070270400028675795	-2.0	-2.0
# Feature
11	12	2	-2	-2	13	1	-2	9	-2	-2	1	-2	3	4	7	-2	-2	2	-2	-2	-2	5	1	3	-2	2	4	1	-2	-2	12	8	2	-2	-2	-2	-2	3	-2	-2	3	0	-2	-2	1	3	2	-2	3	-2	4	-2	-2	0	-2	1	-2	5	-2	-2	0	-2	10	7	-2	0	-2	-2	10	-2	-2	13	-2	4	8	-2	-2	2	5	-2	-2	10	-2	-2
# Values
141.0	1432.0	77.0	0.0	0.0	34.0
83.0	43.0	0.0	0.0	0.0	2.0
28.0	2.0	0.0	0.0	0.0	0.0
7.0	2.0	0.0	0.0	0.0	0.0
21.0	0.0	0.0	0.0	0.0	0.0
55.0	41.0	0.0	0.0	0.0	2.0
5.0	20.0	0.0	0.0	0.0	2.0
0.0	14.0	0.0	0.0	0.0	0.0
5.0	6.0	0.0	0.0	0.0	2.0
1.0	2.0	0.0	0.0	0.0	2.0
4.0	4.0	0.0	0.0	0.0	0.0
50.0	21.0	0.0	0.0	0.0	0.0
1.0	8.0	0.0	0.0	0.0	0.0
49.0	13.0	0.0	0.0	0.0	0.0
21.0	13.0	0.0	0.0	0.0	0.0
8.0	10.0	0.0	0.0	0.0	0.0
3.0	7.0	0.0	0.0	0.0	0.0
5.0	3.0	0.0	0.0	0.0	0.0
13.0	3.0	0.0	0.0	0.0	0.0
4.0	3.0	0.0	0.0	0.0	0.0
9.0	0.0	0.0	0.0	0.0	0.0
28.0	0.0	0.0	0.0	0.0	0.0
58.0	1389.0	77.0	0.0	0.0	32.0
34.0	1345.0	77.0	0.0	0.0	31.0
0.0	71.0	45.0	0.0	0.0	0.0
0.0	1.0	8.0	0.0	0.0	0.0
0.0	70.0	37.0	0.0	0.0	0.0
0.0	60.0	25.0	0.0	0.0	0.0
0.0	31.0	2.0	0.0	0.0	0.0
0.0	25.0	0.0	0.0	0.0	0.0
0.0	6.0	2.0	0.0	0.0	0.0
0.0	29.0	23.0	0.0	0.0	0.0
0.0	17.0	22.0	0.0	0.0	0.0
0.0	8.0	20.0	0.0	0.0	0.0
0.0	6.0	3.0	0.0	0.0	0.0
0.0	2.0	17.0	0.0	0.0	0.0
0.0	9.0	2.0	0.0	0.0	0.0
0.0	12.0	1.0	0.0	0.0	0.0
0.0	10.0	12.0	0.0	0.0	0.0
0.0	1.0	6.0	0.0	0.0	0.0
0.0	9.0	6.0	0.0	0.0	0.0
34.0	1274.0	32.0	0.0	0.0	31.0
0.0	9.0	8.0	0.0	0.0	0.0
0.0	4.0	5.0	0.0	0.0	0.0
0.0	5.0	3.0	0.0	0.0	0.0
34.0	1265.0	24.0	0.0	0.0	31.0
27.0	1197.0	22.0	0.0	0.0	8.0
18.0	1154.0	22.0	0.0	0.0	1.0
0.0	4.0	4.0	0.0	0.0	0.0
18.0	1150.0	18.0	0.0	0.0	1.0
2.0	5.0	0.0	0.0	0.0	0.0
16.0	1145.0	18.0	0.0	0.0	1.0
16.0	450.0	0.0	0.0	0.0	1.0
0.0	695.0	18.0	0.0	0.0	0.0
9.0	43.0	0.0	0.0	0.0	7.0
0.0	26.0	0.0	0.0	0.0	0.0
9.0	17.0	0.0	0.0	0.0	7.0
9.0	4.0	0.0	0.0	0.0	2.0
0.0	13.0	0.0	0.0	0.0	5.0
0.0	9.0	0.0	0.0	0.0	0.0
0.0	4.0	0.0	0.0	0.0	5.0
7.0	68.0	2.0	0.0	0.0	23.0
0.0	0.0	0.0	0.0	0.0	15.0
7.0	68.0	2.0	0.0	0.0	8.0
7.0	62.0	0.0	0.0	0.0	0.0
0.0	30.0	0.0	0.0	0.0	0.0
7.0	32.0	0.0	0.0	0.0	0.0
0.0	10.0	0.0	0.0	0.0	0.0
7.0	22.0	0.0	0.0	0.0	0.0
0.0	6.0	2.0	0.0	0.0	8.0
0.0	3.0	0.0	0.0	0.0	6.0
0.0	3.0	2.0	0.0	0.0	2.0
24.0	44.0	0.0	0.0	0.0	1.0
1.0	14.0	0.0	0.0	0.0	0.0
23.0	30.0	0.0	0.0	0.0	1.0
6.0	18.0	0.0	0.0	0.0	0.0
1.0	9.0	0.0	0.0	0.0	0.0
5.0	9.0	0.0	0.0	0.0	0.0
17.0	12.0	0.0	0.0	0.0	1.0
15.0	2.0	0.0	0.0	0.0	0.0
8.0	0.0	0.0	0.0	0.0	0.0
7.0	2.0	0.0	0.0	0.0	0.0
2.0	10.0	0.0	0.0	0.0	1.0
1.0	5.0	0.0	0.0	0.0	0.0
1.0	5.0	0.0	0.0	0.0	1.0
