# Sizes (NFeatures, Nclasses, NodeCount, MaxDepth)
14	6	115	9
# Classes
0.0	1.0	2.0	3.0	4.0	5.0
# Feature Names
Nrows	Ncols	Nnnz	AvgNnnz	Density	MaxRowNnnz	MinRowNnnz	StdRowNnnz	NDiags	NTrueDiags	AvgNnnzDia	AvgNnnzELL	AvgNnnzHyb	AvgNnnzHdc
# Left
1	2	3	4	5	-1	-1	8	9	-1	-1	12	-1	14	-1	-1	17	18	19	-1	21	22	-1	24	-1	-1	27	28	-1	-1	-1	-1	33	-1	-1	36	37	-1	39	-1	41	-1	-1	44	45	-1	47	-1	-1	-1	51	52	53	54	-1	-1	-1	58	-1	60	61	62	63	64	-1	-1	-1	-1	-1	-1	71	72	73	74	-1	-1	77	-1	-1	80	81	82	-1	-1	85	-1	87	-1	-1	90	91	92	-1	-1	-1	96	97	-1	-1	-1	101	102	103	104	-1	106	-1	108	-1	-1	111	-1	-1	-1	-1
# Right
50	35	16	7	6	-1	-1	11	10	-1	-1	13	-1	15	-1	-1	32	31	20	-1	26	23	-1	25	-1	-1	30	29	-1	-1	-1	-1	34	-1	-1	43	38	-1	40	-1	42	-1	-1	49	46	-1	48	-1	-1	-1	70	57	56	55	-1	-1	-1	59	-1	69	68	67	66	65	-1	-1	-1	-1	-1	-1	100	79	76	75	-1	-1	78	-1	-1	89	84	83	-1	-1	86	-1	88	-1	-1	95	94	93	-1	-1	-1	99	98	-1	-1	-1	114	113	110	105	-1	107	-1	109	-1	-1	112	-1	-1	-1	-1
# Threshold
0.00039240049954969436	2.5	339.5	2854065.0	0.036783850751817226	-2.0	-2.0	0.29296649992465973	2.5217549932676775e-06	-2.0	-2.0	0.48702800273895264	-2.0	0.6563365161418915	-2.0	-2.0	1.5	0.00019305699970573187	0.00011497950254124589	-2.0	5.53797999600647e-05	0.0006539599853567779	-2.0	0.7892870008945465	-2.0	-2.0	200801.5	0.3813820034265518	-2.0	-2.0	-2.0	-2.0	35187.5	-2.0	-2.0	474470.0	8.623679968877696e-05	-2.0	0.000305105495499447	-2.0	21.778800010681152	-2.0	-2.0	0.6690529882907867	509103.0	-2.0	25008300.0	-2.0	-2.0	-2.0	207.0	0.04778729937970638	1.676764965057373	1.5132650136947632	-2.0	-2.0	-2.0	0.289945513010025	-2.0	6.5	91.0	9.5	286.5	0.21734700351953506	-2.0	-2.0	-2.0	-2.0	-2.0	-2.0	70.87424850463867	6.5	1018.0	4.84659481048584	-2.0	-2.0	7.5	-2.0	-2.0	0.0010255250381305814	105667.5	159.0	-2.0	-2.0	16.08300018310547	-2.0	0.45373499393463135	-2.0	-2.0	0.44211649894714355	0.0014660999877378345	44.98375129699707	-2.0	-2.0	-2.0	0.0161056499928236	0.46390500664711	-2.0	-2.0	-2.0	0.9916884899139404	0.5940819978713989	10703.0	0.003217934863641858	-2.0	85.5573501586914	-2.0	13313.5	-2.0	-2.0	21.0	-2.0	-2.0	-2.0	-2.0
# Feature
4	6	5	2	10	-2	-2	11	4	-2	-2	13	-2	13	-2	-2	6	10	11	-2	10	11	-2	12	-2	-2	0	13	-2	-2	-2	-2	0	-2	-2	0	10	-2	4	-2	3	-2	-2	13	0	-2	2	-2	-2	-2	1	4	12	3	-2	-2	-2	13	-2	6	8	5	2	4	-2	-2	-2	-2	-2	-2	7	5	1	3	-2	-2	8	-2	-2	4	2	5	-2	-2	7	-2	13	-2	-2	10	10	7	-2	-2	-2	4	13	-2	-2	-2	12	13	5	11	-2	7	-2	0	-2	-2	9	-2	-2	-2	-2
# Values
173.0	1409.0	77.0	0.0	1.0	24.0
127.0	383.0	6.0	0.0	0.0	15.0
117.0	262.0	2.0	0.0	0.0	4.0
3.0	218.0	2.0	0.0	0.0	4.0
0.0	174.0	2.0	0.0	0.0	0.0
0.0	167.0	0.0	0.0	0.0	0.0
0.0	7.0	2.0	0.0	0.0	0.0
3.0	44.0	0.0	0.0	0.0	4.0
1.0	22.0	0.0	0.0	0.0	0.0
0.0	17.0	0.0	0.0	0.0	0.0
1.0	5.0	0.0	0.0	0.0	0.0
2.0	22.0	0.0	0.0	0.0	4.0
0.0	12.0	0.0	0.0	0.0	0.0
2.0	10.0	0.0	0.0	0.0	4.0
2.0	3.0	0.0	0.0	0.0	2.0
0.0	7.0	0.0	0.0	0.0	2.0
114.0	44.0	0.0	0.0	0.0	0.0
81.0	43.0	0.0	0.0	0.0	0.0
80.0	31.0	0.0	0.0	0.0	0.0
16.0	0.0	0.0	0.0	0.0	0.0
64.0	31.0	0.0	0.0	0.0	0.0
29.0	22.0	0.0	0.0	0.0	0.0
3.0	10.0	0.0	0.0	0.0	0.0
26.0	12.0	0.0	0.0	0.0	0.0
18.0	0.0	0.0	0.0	0.0	0.0
8.0	12.0	0.0	0.0	0.0	0.0
35.0	9.0	0.0	0.0	0.0	0.0
33.0	2.0	0.0	0.0	0.0	0.0
9.0	2.0	0.0	0.0	0.0	0.0
24.0	0.0	0.0	0.0	0.0	0.0
2.0	7.0	0.0	0.0	0.0	0.0
1.0	12.0	0.0	0.0	0.0	0.0
33.0	1.0	0.0	0.0	0.0	0.0
8.0	1.0	0.0	0.0	0.0	0.0
25.0	0.0	0.0	0.0	0.0	0.0
10.0	121.0	4.0	0.0	0.0	11.0
8.0	97.0	0.0	0.0	0.0	1.0
6.0	7.0	0.0	0.0	0.0	0.0
2.0	90.0	0.0	0.0	0.0	1.0
0.0	75.0	0.0	0.0	0.0	0.0
2.0	15.0	0.0	0.0	0.0	1.0
0.0	9.0	0.0	0.0	0.0	0.0
2.0	6.0	0.0	0.0	0.0	1.0
2.0	24.0	4.0	0.0	0.0	10.0
2.0	14.0	4.0	0.0	0.0	10.0
0.0	1.0	0.0	0.0	0.0	9.0
2.0	13.0	4.0	0.0	0.0	1.0
2.0	5.0	4.0	0.0	0.0	0.0
0.0	8.0	0.0	0.0	0.0	1.0
0.0	10.0	0.0	0.0	0.0	0.0
46.0	1026.0	71.0	0.0	1.0	9.0
0.0	67.0	52.0	0.0	0.0	0.0
0.0	27.0	9.0	0.0	0.0	0.0
0.0	22.0	4.0	0.0	0.0	0.0
0.0	1.0	4.0	0.0	0.0	0.0
0.0	21.0	0.0	0.0	0.0	0.0
0.0	5.0	5.0	0.0	0.0	0.0
0.0	40.0	43.0	0.0	0.0	0.0
0.0	15.0	3.0	0.0	0.0	0.0
0.0	25.0	40.0	0.0	0.0	0.0
0.0	19.0	39.0	0.0	0.0	0.0
0.0	12.0	33.0	0.0	0.0	0.0
0.0	12.0	19.0	0.0	0.0	0.0
0.0	10.0	10.0	0.0	0.0	0.0
0.0	5.0	7.0	0.0	0.0	0.0
0.0	5.0	3.0	0.0	0.0	0.0
0.0	2.0	9.0	0.0	0.0	0.0
0.0	0.0	14.0	0.0	0.0	0.0
0.0	7.0	6.0	0.0	0.0	0.0
0.0	6.0	1.0	0.0	0.0	0.0
46.0	959.0	19.0	0.0	1.0	9.0
12.0	931.0	19.0	0.0	0.0	0.0
0.0	46.0	12.0	0.0	0.0	0.0
0.0	10.0	10.0	0.0	0.0	0.0
0.0	3.0	7.0	0.0	0.0	0.0
0.0	7.0	3.0	0.0	0.0	0.0
0.0	36.0	2.0	0.0	0.0	0.0
0.0	11.0	2.0	0.0	0.0	0.0
0.0	25.0	0.0	0.0	0.0	0.0
12.0	885.0	7.0	0.0	0.0	0.0
10.0	128.0	0.0	0.0	0.0	0.0
1.0	71.0	0.0	0.0	0.0	0.0
0.0	66.0	0.0	0.0	0.0	0.0
1.0	5.0	0.0	0.0	0.0	0.0
9.0	57.0	0.0	0.0	0.0	0.0
0.0	41.0	0.0	0.0	0.0	0.0
9.0	16.0	0.0	0.0	0.0	0.0
9.0	5.0	0.0	0.0	0.0	0.0
0.0	11.0	0.0	0.0	0.0	0.0
2.0	757.0	7.0	0.0	0.0	0.0
2.0	701.0	0.0	0.0	0.0	0.0
2.0	52.0	0.0	0.0	0.0	0.0
0.0	46.0	0.0	0.0	0.0	0.0
2.0	6.0	0.0	0.0	0.0	0.0
0.0	649.0	0.0	0.0	0.0	0.0
0.0	56.0	7.0	0.0	0.0	0.0
0.0	49.0	2.0	0.0	0.0	0.0
0.0	38.0	0.0	0.0	0.0	0.0
0.0	11.0	2.0	0.0	0.0	0.0
0.0	7.0	5.0	0.0	0.0	0.0
34.0	28.0	0.0	0.0	1.0	9.0
34.0	19.0	0.0	0.0	1.0	5.0
34.0	13.0	0.0	0.0	1.0	3.0
19.0	13.0	0.0	0.0	0.0	0.0
1.0	7.0	0.0	0.0	0.0	0.0
18.0	6.0	0.0	0.0	0.0	0.0
11.0	0.0	0.0	0.0	0.0	0.0
7.0	6.0	0.0	0.0	0.0	0.0
4.0	2.0	0.0	0.0	0.0	0.0
3.0	4.0	0.0	0.0	0.0	0.0
15.0	0.0	0.0	0.0	1.0	3.0
5.0	0.0	0.0	0.0	1.0	3.0
10.0	0.0	0.0	0.0	0.0	0.0
0.0	6.0	0.0	0.0	0.0	2.0
0.0	9.0	0.0	0.0	0.0	4.0
