# Sizes (NFeatures, Nclasses, NodeCount, MaxDepth)
14	6	123	9
# Classes
0.0	1.0	2.0	3.0	4.0	5.0
# Feature Names
Nrows	Ncols	Nnnz	AvgNnnz	Density	MaxRowNnnz	MinRowNnnz	StdRowNnnz	NDiags	NTrueDiags	AvgNnnzDia	AvgNnnzELL	AvgNnnzHyb	AvgNnnzHdc
# Left
1	2	3	-1	-1	6	-1	8	9	-1	-1	12	13	-1	15	-1	-1	-1	19	20	21	22	23	24	-1	26	-1	-1	-1	30	31	-1	33	-1	-1	36	-1	-1	39	40	-1	-1	43	44	-1	46	-1	48	-1	-1	51	-1	-1	54	55	56	57	-1	-1	60	61	-1	63	-1	-1	66	-1	68	-1	-1	71	-1	-1	74	75	-1	77	78	-1	-1	81	-1	83	-1	-1	86	-1	-1	89	90	91	-1	-1	94	95	96	-1	-1	-1	100	101	-1	103	-1	-1	106	107	108	-1	-1	111	-1	-1	114	115	-1	-1	-1	119	-1	121	-1	-1
# Right
18	5	4	-1	-1	7	-1	11	10	-1	-1	17	14	-1	16	-1	-1	-1	88	53	38	29	28	25	-1	27	-1	-1	-1	35	32	-1	34	-1	-1	37	-1	-1	42	41	-1	-1	50	45	-1	47	-1	49	-1	-1	52	-1	-1	73	70	59	58	-1	-1	65	62	-1	64	-1	-1	67	-1	69	-1	-1	72	-1	-1	85	76	-1	80	79	-1	-1	82	-1	84	-1	-1	87	-1	-1	118	93	92	-1	-1	99	98	97	-1	-1	-1	105	102	-1	104	-1	-1	113	110	109	-1	-1	112	-1	-1	117	116	-1	-1	-1	120	-1	122	-1	-1
# Threshold
0.004123949911445379	133986.0	38.13650131225586	-2.0	-2.0	14475.0	-2.0	3.012269917235244e-05	2709020.0	-2.0	-2.0	198348.0	5.095895051956177	-2.0	25.0	-2.0	-2.0	-2.0	0.06475779786705971	0.9873194992542267	34.17514991760254	0.00014884700067341328	648.5	555072.5	-2.0	492609.5	-2.0	-2.0	-2.0	2.5	31035.0	-2.0	0.09223794937133789	-2.0	-2.0	14205.0	-2.0	-2.0	8188.0	55297.0	-2.0	-2.0	5.0	46.64589881896973	-2.0	0.719290018081665	-2.0	67.14085006713867	-2.0	-2.0	0.9060634970664978	-2.0	-2.0	219518.5	56.50975036621094	166.0	93.5	-2.0	-2.0	85595.0	0.011477999854832888	-2.0	1.5	-2.0	-2.0	0.34027449786663055	-2.0	10.0	-2.0	-2.0	0.3351535052061081	-2.0	-2.0	13.5	10277.5	-2.0	2.912890076637268	1.0	-2.0	-2.0	3.0822250664641615e-05	-2.0	0.41498300433158875	-2.0	-2.0	22639450.0	-2.0	-2.0	6.5	0.08380939811468124	85.0	-2.0	-2.0	53.5	0.3823004961013794	3.5	-2.0	-2.0	-2.0	1.333335041999817	2.0	-2.0	30.146349906921387	-2.0	-2.0	3010.5	8.5	0.9681819975376129	-2.0	-2.0	174.0	-2.0	-2.0	8.0	5.239350080490112	-2.0	-2.0	-2.0	2.499435007572174	-2.0	0.08309599757194519	-2.0	-2.0
# Feature
11	2	7	-2	-2	8	-2	10	2	-2	-2	8	3	-2	9	-2	-2	-2	10	12	7	4	5	2	-2	1	-2	-2	-2	9	1	-2	11	-2	-2	8	-2	-2	0	2	-2	-2	6	7	-2	12	-2	3	-2	-2	12	-2	-2	1	7	1	0	-2	-2	0	10	-2	6	-2	-2	13	-2	6	-2	-2	13	-2	-2	6	8	-2	3	9	-2	-2	4	-2	11	-2	-2	2	-2	-2	6	10	8	-2	-2	0	13	6	-2	-2	-2	12	9	-2	3	-2	-2	0	5	11	-2	-2	1	-2	-2	5	3	-2	-2	-2	7	-2	4	-2	-2
# Values
169.0	1418.0	72.0	1.0	0.0	24.0
99.0	47.0	0.0	0.0	0.0	1.0
2.0	18.0	0.0	0.0	0.0	0.0
1.0	7.0	0.0	0.0	0.0	0.0
1.0	11.0	0.0	0.0	0.0	0.0
97.0	29.0	0.0	0.0	0.0	1.0
0.0	9.0	0.0	0.0	0.0	0.0
97.0	20.0	0.0	0.0	0.0	1.0
40.0	1.0	0.0	0.0	0.0	0.0
15.0	1.0	0.0	0.0	0.0	0.0
25.0	0.0	0.0	0.0	0.0	0.0
57.0	19.0	0.0	0.0	0.0	1.0
55.0	10.0	0.0	0.0	0.0	0.0
2.0	8.0	0.0	0.0	0.0	0.0
53.0	2.0	0.0	0.0	0.0	0.0
48.0	0.0	0.0	0.0	0.0	0.0
5.0	2.0	0.0	0.0	0.0	0.0
2.0	9.0	0.0	0.0	0.0	1.0
70.0	1371.0	72.0	1.0	0.0	23.0
69.0	1110.0	2.0	1.0	0.0	23.0
63.0	288.0	0.0	0.0	0.0	1.0
26.0	242.0	0.0	0.0	0.0	0.0
17.0	13.0	0.0	0.0	0.0	0.0
8.0	12.0	0.0	0.0	0.0	0.0
4.0	3.0	0.0	0.0	0.0	0.0
4.0	9.0	0.0	0.0	0.0	0.0
1.0	5.0	0.0	0.0	0.0	0.0
3.0	4.0	0.0	0.0	0.0	0.0
9.0	1.0	0.0	0.0	0.0	0.0
9.0	229.0	0.0	0.0	0.0	0.0
2.0	164.0	0.0	0.0	0.0	0.0
0.0	147.0	0.0	0.0	0.0	0.0
2.0	17.0	0.0	0.0	0.0	0.0
2.0	7.0	0.0	0.0	0.0	0.0
0.0	10.0	0.0	0.0	0.0	0.0
7.0	65.0	0.0	0.0	0.0	0.0
0.0	59.0	0.0	0.0	0.0	0.0
7.0	6.0	0.0	0.0	0.0	0.0
37.0	46.0	0.0	0.0	0.0	1.0
2.0	22.0	0.0	0.0	0.0	0.0
0.0	11.0	0.0	0.0	0.0	0.0
2.0	11.0	0.0	0.0	0.0	0.0
35.0	24.0	0.0	0.0	0.0	1.0
31.0	14.0	0.0	0.0	0.0	1.0
12.0	0.0	0.0	0.0	0.0	0.0
19.0	14.0	0.0	0.0	0.0	1.0
7.0	0.0	0.0	0.0	0.0	0.0
12.0	14.0	0.0	0.0	0.0	1.0
0.0	10.0	0.0	0.0	0.0	0.0
12.0	4.0	0.0	0.0	0.0	1.0
4.0	10.0	0.0	0.0	0.0	0.0
4.0	4.0	0.0	0.0	0.0	0.0
0.0	6.0	0.0	0.0	0.0	0.0
6.0	822.0	2.0	1.0	0.0	22.0
5.0	703.0	2.0	1.0	0.0	3.0
2.0	690.0	2.0	1.0	0.0	1.0
0.0	17.0	2.0	0.0	0.0	0.0
0.0	8.0	0.0	0.0	0.0	0.0
0.0	9.0	2.0	0.0	0.0	0.0
2.0	673.0	0.0	1.0	0.0	1.0
0.0	585.0	0.0	1.0	0.0	0.0
0.0	356.0	0.0	0.0	0.0	0.0
0.0	229.0	0.0	1.0	0.0	0.0
0.0	126.0	0.0	1.0	0.0	0.0
0.0	103.0	0.0	0.0	0.0	0.0
2.0	88.0	0.0	0.0	0.0	1.0
2.0	12.0	0.0	0.0	0.0	0.0
0.0	76.0	0.0	0.0	0.0	1.0
0.0	64.0	0.0	0.0	0.0	0.0
0.0	12.0	0.0	0.0	0.0	1.0
3.0	13.0	0.0	0.0	0.0	2.0
0.0	10.0	0.0	0.0	0.0	0.0
3.0	3.0	0.0	0.0	0.0	2.0
1.0	119.0	0.0	0.0	0.0	19.0
1.0	108.0	0.0	0.0	0.0	2.0
0.0	7.0	0.0	0.0	0.0	1.0
1.0	101.0	0.0	0.0	0.0	1.0
1.0	16.0	0.0	0.0	0.0	0.0
0.0	9.0	0.0	0.0	0.0	0.0
1.0	7.0	0.0	0.0	0.0	0.0
0.0	85.0	0.0	0.0	0.0	1.0
0.0	72.0	0.0	0.0	0.0	0.0
0.0	13.0	0.0	0.0	0.0	1.0
0.0	5.0	0.0	0.0	0.0	1.0
0.0	8.0	0.0	0.0	0.0	0.0
0.0	11.0	0.0	0.0	0.0	17.0
0.0	0.0	0.0	0.0	0.0	17.0
0.0	11.0	0.0	0.0	0.0	0.0
1.0	261.0	70.0	0.0	0.0	0.0
1.0	174.0	64.0	0.0	0.0	0.0
0.0	7.0	12.0	0.0	0.0	0.0
0.0	2.0	10.0	0.0	0.0	0.0
0.0	5.0	2.0	0.0	0.0	0.0
1.0	167.0	52.0	0.0	0.0	0.0
0.0	9.0	17.0	0.0	0.0	0.0
0.0	3.0	13.0	0.0	0.0	0.0
0.0	2.0	5.0	0.0	0.0	0.0
0.0	1.0	8.0	0.0	0.0	0.0
0.0	6.0	4.0	0.0	0.0	0.0
1.0	158.0	35.0	0.0	0.0	0.0
1.0	69.0	4.0	0.0	0.0	0.0
0.0	9.0	4.0	0.0	0.0	0.0
1.0	60.0	0.0	0.0	0.0	0.0
0.0	53.0	0.0	0.0	0.0	0.0
1.0	7.0	0.0	0.0	0.0	0.0
0.0	89.0	31.0	0.0	0.0	0.0
0.0	53.0	28.0	0.0	0.0	0.0
0.0	19.0	21.0	0.0	0.0	0.0
0.0	9.0	16.0	0.0	0.0	0.0
0.0	10.0	5.0	0.0	0.0	0.0
0.0	34.0	7.0	0.0	0.0	0.0
0.0	5.0	4.0	0.0	0.0	0.0
0.0	29.0	3.0	0.0	0.0	0.0
0.0	36.0	3.0	0.0	0.0	0.0
0.0	15.0	3.0	0.0	0.0	0.0
0.0	9.0	0.0	0.0	0.0	0.0
0.0	6.0	3.0	0.0	0.0	0.0
0.0	21.0	0.0	0.0	0.0	0.0
0.0	87.0	6.0	0.0	0.0	0.0
0.0	4.0	5.0	0.0	0.0	0.0
0.0	83.0	1.0	0.0	0.0	0.0
0.0	76.0	0.0	0.0	0.0	0.0
0.0	7.0	1.0	0.0	0.0	0.0
