# Sizes (NFeatures, Nclasses, NodeCount, MaxDepth)
14	6	93	9
# Classes
0.0	1.0	2.0	3.0	4.0	5.0
# Feature Names
Nrows	Ncols	Nnnz	AvgNnnz	Density	MaxRowNnnz	MinRowNnnz	StdRowNnnz	NDiags	NTrueDiags	AvgNnnzDia	AvgNnnzELL	AvgNnnzHyb	AvgNnnzHdc
# Left
1	2	3	-1	5	6	7	8	-1	10	-1	-1	13	-1	-1	-1	17	-1	-1	20	21	22	-1	-1	-1	26	-1	28	-1	30	-1	-1	33	34	35	36	37	-1	39	40	-1	-1	43	-1	-1	46	47	48	49	-1	-1	52	-1	-1	55	56	-1	-1	-1	60	61	-1	63	-1	-1	-1	67	-1	-1	70	71	-1	73	-1	-1	76	77	-1	-1	-1	81	82	83	-1	-1	86	87	-1	-1	-1	91	-1	-1
# Right
32	19	4	-1	16	15	12	9	-1	11	-1	-1	14	-1	-1	-1	18	-1	-1	25	24	23	-1	-1	-1	27	-1	29	-1	31	-1	-1	80	69	66	45	38	-1	42	41	-1	-1	44	-1	-1	59	54	51	50	-1	-1	53	-1	-1	58	57	-1	-1	-1	65	62	-1	64	-1	-1	-1	68	-1	-1	75	72	-1	74	-1	-1	79	78	-1	-1	-1	90	85	84	-1	-1	89	88	-1	-1	-1	92	-1	-1
# Threshold
0.000350449001416564	0.021032500080764294	24724.5	-2.0	29.914450645446777	5.579820026468951e-05	2703830.0	181621.0	-2.0	0.5	-2.0	-2.0	44.124149322509766	-2.0	-2.0	-2.0	2.5	-2.0	-2.0	1.0908100008964539	887945.0	13.72350025177002	-2.0	-2.0	-2.0	435120.0	-2.0	12.956599712371826	-2.0	24.18380069732666	-2.0	-2.0	74.74435043334961	0.0951426513493061	17.537750244140625	7.5	2288.0	-2.0	1.6265050172805786	3563.0	-2.0	-2.0	0.9371230006217957	-2.0	-2.0	944.5	1.526354968547821	0.032872799783945084	4.5	-2.0	-2.0	0.07105155289173126	-2.0	-2.0	57.59079933166504	61.5	-2.0	-2.0	-2.0	0.008914405014365911	98234.0	-2.0	11.720300197601318	-2.0	-2.0	-2.0	13.0	-2.0	-2.0	0.5873610079288483	6.437540054321289	-2.0	26.204500198364258	-2.0	-2.0	0.5019085109233856	292.5	-2.0	-2.0	-2.0	42394.0	1322.5	9426.0	-2.0	-2.0	152.2884979248047	9.0	-2.0	-2.0	-2.0	19.0	-2.0	-2.0
# Feature
10	11	8	-2	3	4	2	0	-2	9	-2	-2	7	-2	-2	-2	6	-2	-2	12	0	7	-2	-2	-2	1	-2	3	-2	3	-2	-2	7	4	12	8	2	-2	12	0	-2	-2	10	-2	-2	5	7	4	6	-2	-2	4	-2	-2	7	8	-2	-2	-2	11	2	-2	3	-2	-2	-2	9	-2	-2	11	3	-2	3	-2	-2	10	2	-2	-2	-2	8	5	8	-2	-2	3	9	-2	-2	-2	9	-2	-2
# Values
149.0	1429.0	68.0	1.0	2.0	35.0
96.0	232.0	0.0	0.0	0.0	6.0
90.0	40.0	0.0	0.0	0.0	4.0
0.0	8.0	0.0	0.0	0.0	0.0
90.0	32.0	0.0	0.0	0.0	4.0
87.0	16.0	0.0	0.0	0.0	0.0
36.0	16.0	0.0	0.0	0.0	0.0
12.0	14.0	0.0	0.0	0.0	0.0
2.0	7.0	0.0	0.0	0.0	0.0
10.0	7.0	0.0	0.0	0.0	0.0
3.0	5.0	0.0	0.0	0.0	0.0
7.0	2.0	0.0	0.0	0.0	0.0
24.0	2.0	0.0	0.0	0.0	0.0
10.0	2.0	0.0	0.0	0.0	0.0
14.0	0.0	0.0	0.0	0.0	0.0
51.0	0.0	0.0	0.0	0.0	0.0
3.0	16.0	0.0	0.0	0.0	4.0
3.0	4.0	0.0	0.0	0.0	4.0
0.0	12.0	0.0	0.0	0.0	0.0
6.0	192.0	0.0	0.0	0.0	2.0
6.0	34.0	0.0	0.0	0.0	0.0
1.0	29.0	0.0	0.0	0.0	0.0
0.0	19.0	0.0	0.0	0.0	0.0
1.0	10.0	0.0	0.0	0.0	0.0
5.0	5.0	0.0	0.0	0.0	0.0
0.0	158.0	0.0	0.0	0.0	2.0
0.0	107.0	0.0	0.0	0.0	0.0
0.0	51.0	0.0	0.0	0.0	2.0
0.0	34.0	0.0	0.0	0.0	0.0
0.0	17.0	0.0	0.0	0.0	2.0
0.0	7.0	0.0	0.0	0.0	2.0
0.0	10.0	0.0	0.0	0.0	0.0
53.0	1197.0	68.0	1.0	2.0	29.0
18.0	1174.0	68.0	1.0	0.0	20.0
18.0	1153.0	45.0	1.0	0.0	20.0
18.0	1147.0	43.0	1.0	0.0	2.0
0.0	26.0	26.0	0.0	0.0	0.0
0.0	1.0	12.0	0.0	0.0	0.0
0.0	25.0	14.0	0.0	0.0	0.0
0.0	12.0	2.0	0.0	0.0	0.0
0.0	6.0	2.0	0.0	0.0	0.0
0.0	6.0	0.0	0.0	0.0	0.0
0.0	13.0	12.0	0.0	0.0	0.0
0.0	5.0	9.0	0.0	0.0	0.0
0.0	8.0	3.0	0.0	0.0	0.0
18.0	1121.0	17.0	1.0	0.0	2.0
2.0	968.0	17.0	1.0	0.0	2.0
0.0	219.0	14.0	1.0	0.0	1.0
0.0	206.0	5.0	1.0	0.0	1.0
0.0	191.0	1.0	1.0	0.0	1.0
0.0	15.0	4.0	0.0	0.0	0.0
0.0	13.0	9.0	0.0	0.0	0.0
0.0	5.0	8.0	0.0	0.0	0.0
0.0	8.0	1.0	0.0	0.0	0.0
2.0	749.0	3.0	0.0	0.0	1.0
1.0	745.0	3.0	0.0	0.0	1.0
0.0	37.0	2.0	0.0	0.0	0.0
1.0	708.0	1.0	0.0	0.0	1.0
1.0	4.0	0.0	0.0	0.0	0.0
16.0	153.0	0.0	0.0	0.0	0.0
7.0	149.0	0.0	0.0	0.0	0.0
0.0	134.0	0.0	0.0	0.0	0.0
7.0	15.0	0.0	0.0	0.0	0.0
6.0	0.0	0.0	0.0	0.0	0.0
1.0	15.0	0.0	0.0	0.0	0.0
9.0	4.0	0.0	0.0	0.0	0.0
0.0	6.0	2.0	0.0	0.0	18.0
0.0	6.0	2.0	0.0	0.0	0.0
0.0	0.0	0.0	0.0	0.0	18.0
0.0	21.0	23.0	0.0	0.0	0.0
0.0	17.0	4.0	0.0	0.0	0.0
0.0	2.0	3.0	0.0	0.0	0.0
0.0	15.0	1.0	0.0	0.0	0.0
0.0	10.0	0.0	0.0	0.0	0.0
0.0	5.0	1.0	0.0	0.0	0.0
0.0	4.0	19.0	0.0	0.0	0.0
0.0	2.0	15.0	0.0	0.0	0.0
0.0	0.0	9.0	0.0	0.0	0.0
0.0	2.0	6.0	0.0	0.0	0.0
0.0	2.0	4.0	0.0	0.0	0.0
35.0	23.0	0.0	0.0	2.0	9.0
32.0	18.0	0.0	0.0	0.0	1.0
9.0	14.0	0.0	0.0	0.0	1.0
0.0	9.0	0.0	0.0	0.0	0.0
9.0	5.0	0.0	0.0	0.0	1.0
23.0	4.0	0.0	0.0	0.0	0.0
20.0	1.0	0.0	0.0	0.0	0.0
14.0	0.0	0.0	0.0	0.0	0.0
6.0	1.0	0.0	0.0	0.0	0.0
3.0	3.0	0.0	0.0	0.0	0.0
3.0	5.0	0.0	0.0	2.0	8.0
2.0	0.0	0.0	0.0	2.0	6.0
1.0	5.0	0.0	0.0	0.0	2.0
