# Sizes (NFeatures, Nclasses, NodeCount, MaxDepth)
14	6	117	9
# Classes
0.0	1.0	2.0	3.0	4.0	5.0
# Feature Names
Nrows	Ncols	Nnnz	AvgNnnz	Density	MaxRowNnnz	MinRowNnnz	StdRowNnnz	NDiags	NTrueDiags	AvgNnnzDia	AvgNnnzELL	AvgNnnzHyb	AvgNnnzHdc
# Left
1	2	3	4	5	-1	7	8	-1	-1	11	12	-1	-1	15	-1	17	-1	-1	20	21	-1	-1	-1	25	26	27	-1	-1	-1	-1	32	33	34	35	36	37	-1	-1	-1	41	-1	-1	-1	45	-1	-1	-1	49	50	51	52	53	54	-1	-1	57	58	59	-1	-1	-1	-1	64	65	66	67	-1	-1	70	-1	-1	73	-1	75	-1	-1	-1	79	80	81	82	-1	-1	85	-1	-1	-1	89	-1	91	92	-1	94	-1	-1	97	98	-1	-1	-1	102	103	104	-1	106	107	-1	-1	-1	111	-1	-1	-1	115	-1	-1
# Right
48	31	24	19	6	-1	10	9	-1	-1	14	13	-1	-1	16	-1	18	-1	-1	23	22	-1	-1	-1	30	29	28	-1	-1	-1	-1	47	44	43	40	39	38	-1	-1	-1	42	-1	-1	-1	46	-1	-1	-1	114	101	78	63	56	55	-1	-1	62	61	60	-1	-1	-1	-1	77	72	69	68	-1	-1	71	-1	-1	74	-1	76	-1	-1	-1	88	87	84	83	-1	-1	86	-1	-1	-1	90	-1	96	93	-1	95	-1	-1	100	99	-1	-1	-1	113	110	105	-1	109	108	-1	-1	-1	112	-1	-1	-1	116	-1	-1
# Threshold
0.00034068200329784304	886.5	10.5	9.375879764556885	8289.0	-2.0	8.0	0.4971884936094284	-2.0	-2.0	13183000.0	0.8214495182037354	-2.0	-2.0	2080320.0	-2.0	22476750.0	-2.0	-2.0	280094.0	64807.0	-2.0	-2.0	-2.0	8464.0	2.1351450085639954	16.22255039215088	-2.0	-2.0	-2.0	-2.0	3.5	0.47381749749183655	0.8082984983921051	44587.0	4.5	0.36879000067710876	-2.0	-2.0	-2.0	7.872649669647217	-2.0	-2.0	-2.0	4.436590075492859	-2.0	-2.0	-2.0	188.0	0.06549149751663208	9927.5	425.0	0.5935510098934174	95.5	-2.0	-2.0	14.0	27.0	1.5636150240898132	-2.0	-2.0	-2.0	-2.0	66.95259857177734	29.0	0.9699999988079071	3.0492149591445923	-2.0	-2.0	0.0018312650499865413	-2.0	-2.0	34.17514991760254	-2.0	1.5	-2.0	-2.0	-2.0	3.5	1903520.0	35.90999984741211	191.0	-2.0	-2.0	18.065749645233154	-2.0	-2.0	-2.0	0.000716832495527342	-2.0	453.5	0.0024743550457060337	-2.0	27024.0	-2.0	-2.0	8171800.0	0.5893704891204834	-2.0	-2.0	-2.0	208.0	904.5	12.0	-2.0	1.7380749583244324	0.4772060066461563	-2.0	-2.0	-2.0	0.23572450876235962	-2.0	-2.0	-2.0	0.02613534964621067	-2.0	-2.0
# Feature
4	5	9	7	1	-2	8	13	-2	-2	2	12	-2	-2	0	-2	2	-2	-2	8	1	-2	-2	-2	8	7	3	-2	-2	-2	-2	6	13	12	5	9	13	-2	-2	-2	3	-2	-2	-2	3	-2	-2	-2	9	4	0	1	11	0	-2	-2	5	8	12	-2	-2	-2	-2	7	8	11	12	-2	-2	4	-2	-2	7	-2	6	-2	-2	-2	9	2	7	5	-2	-2	3	-2	-2	-2	10	-2	5	4	-2	1	-2	-2	2	12	-2	-2	-2	0	2	8	-2	12	11	-2	-2	-2	10	-2	-2	-2	10	-2	-2
# Values
146.0	1432.0	74.0	0.0	1.0	31.0
105.0	363.0	8.0	0.0	0.0	24.0
10.0	326.0	8.0	0.0	0.0	23.0
10.0	282.0	7.0	0.0	0.0	2.0
3.0	270.0	7.0	0.0	0.0	2.0
0.0	4.0	2.0	0.0	0.0	0.0
3.0	266.0	5.0	0.0	0.0	2.0
0.0	12.0	5.0	0.0	0.0	0.0
0.0	7.0	0.0	0.0	0.0	0.0
0.0	5.0	5.0	0.0	0.0	0.0
3.0	254.0	0.0	0.0	0.0	2.0
1.0	214.0	0.0	0.0	0.0	0.0
1.0	6.0	0.0	0.0	0.0	0.0
0.0	208.0	0.0	0.0	0.0	0.0
2.0	40.0	0.0	0.0	0.0	2.0
1.0	3.0	0.0	0.0	0.0	2.0
1.0	37.0	0.0	0.0	0.0	0.0
1.0	8.0	0.0	0.0	0.0	0.0
0.0	29.0	0.0	0.0	0.0	0.0
7.0	12.0	0.0	0.0	0.0	0.0
2.0	11.0	0.0	0.0	0.0	0.0
0.0	5.0	0.0	0.0	0.0	0.0
2.0	6.0	0.0	0.0	0.0	0.0
5.0	1.0	0.0	0.0	0.0	0.0
0.0	44.0	1.0	0.0	0.0	21.0
0.0	21.0	1.0	0.0	0.0	21.0
0.0	8.0	1.0	0.0	0.0	19.0
0.0	8.0	1.0	0.0	0.0	2.0
0.0	0.0	0.0	0.0	0.0	17.0
0.0	13.0	0.0	0.0	0.0	2.0
0.0	23.0	0.0	0.0	0.0	0.0
95.0	37.0	0.0	0.0	0.0	1.0
95.0	20.0	0.0	0.0	0.0	1.0
84.0	9.0	0.0	0.0	0.0	1.0
82.0	5.0	0.0	0.0	0.0	1.0
65.0	3.0	0.0	0.0	0.0	0.0
59.0	1.0	0.0	0.0	0.0	0.0
13.0	1.0	0.0	0.0	0.0	0.0
46.0	0.0	0.0	0.0	0.0	0.0
6.0	2.0	0.0	0.0	0.0	0.0
17.0	2.0	0.0	0.0	0.0	1.0
13.0	0.0	0.0	0.0	0.0	0.0
4.0	2.0	0.0	0.0	0.0	1.0
2.0	4.0	0.0	0.0	0.0	0.0
11.0	11.0	0.0	0.0	0.0	0.0
8.0	2.0	0.0	0.0	0.0	0.0
3.0	9.0	0.0	0.0	0.0	0.0
0.0	17.0	0.0	0.0	0.0	0.0
41.0	1069.0	66.0	0.0	1.0	7.0
32.0	1062.0	65.0	0.0	1.0	7.0
32.0	1009.0	28.0	0.0	1.0	7.0
9.0	765.0	28.0	0.0	0.0	0.0
0.0	84.0	14.0	0.0	0.0	0.0
0.0	46.0	1.0	0.0	0.0	0.0
0.0	5.0	1.0	0.0	0.0	0.0
0.0	41.0	0.0	0.0	0.0	0.0
0.0	38.0	13.0	0.0	0.0	0.0
0.0	35.0	8.0	0.0	0.0	0.0
0.0	8.0	8.0	0.0	0.0	0.0
0.0	2.0	4.0	0.0	0.0	0.0
0.0	6.0	4.0	0.0	0.0	0.0
0.0	27.0	0.0	0.0	0.0	0.0
0.0	3.0	5.0	0.0	0.0	0.0
9.0	681.0	14.0	0.0	0.0	0.0
2.0	675.0	14.0	0.0	0.0	0.0
0.0	45.0	14.0	0.0	0.0	0.0
0.0	27.0	12.0	0.0	0.0	0.0
0.0	26.0	5.0	0.0	0.0	0.0
0.0	1.0	7.0	0.0	0.0	0.0
0.0	18.0	2.0	0.0	0.0	0.0
0.0	9.0	2.0	0.0	0.0	0.0
0.0	9.0	0.0	0.0	0.0	0.0
2.0	630.0	0.0	0.0	0.0	0.0
0.0	602.0	0.0	0.0	0.0	0.0
2.0	28.0	0.0	0.0	0.0	0.0
0.0	18.0	0.0	0.0	0.0	0.0
2.0	10.0	0.0	0.0	0.0	0.0
7.0	6.0	0.0	0.0	0.0	0.0
23.0	244.0	0.0	0.0	1.0	7.0
18.0	74.0	0.0	0.0	1.0	1.0
11.0	73.0	0.0	0.0	0.0	0.0
3.0	61.0	0.0	0.0	0.0	0.0
0.0	52.0	0.0	0.0	0.0	0.0
3.0	9.0	0.0	0.0	0.0	0.0
8.0	12.0	0.0	0.0	0.0	0.0
8.0	2.0	0.0	0.0	0.0	0.0
0.0	10.0	0.0	0.0	0.0	0.0
7.0	1.0	0.0	0.0	1.0	1.0
5.0	170.0	0.0	0.0	0.0	6.0
2.0	5.0	0.0	0.0	0.0	0.0
3.0	165.0	0.0	0.0	0.0	6.0
1.0	129.0	0.0	0.0	0.0	0.0
0.0	100.0	0.0	0.0	0.0	0.0
1.0	29.0	0.0	0.0	0.0	0.0
0.0	22.0	0.0	0.0	0.0	0.0
1.0	7.0	0.0	0.0	0.0	0.0
2.0	36.0	0.0	0.0	0.0	6.0
2.0	35.0	0.0	0.0	0.0	0.0
2.0	12.0	0.0	0.0	0.0	0.0
0.0	23.0	0.0	0.0	0.0	0.0
0.0	1.0	0.0	0.0	0.0	6.0
0.0	53.0	37.0	0.0	0.0	0.0
0.0	29.0	37.0	0.0	0.0	0.0
0.0	15.0	27.0	0.0	0.0	0.0
0.0	7.0	5.0	0.0	0.0	0.0
0.0	8.0	22.0	0.0	0.0	0.0
0.0	5.0	19.0	0.0	0.0	0.0
0.0	5.0	7.0	0.0	0.0	0.0
0.0	0.0	12.0	0.0	0.0	0.0
0.0	3.0	3.0	0.0	0.0	0.0
0.0	14.0	10.0	0.0	0.0	0.0
0.0	11.0	0.0	0.0	0.0	0.0
0.0	3.0	10.0	0.0	0.0	0.0
0.0	24.0	0.0	0.0	0.0	0.0
9.0	7.0	1.0	0.0	0.0	0.0
9.0	2.0	0.0	0.0	0.0	0.0
0.0	5.0	1.0	0.0	0.0	0.0
