# Sizes (NFeatures, Nclasses, NodeCount, MaxDepth)
14	6	95	9
# Classes
0.0	1.0	2.0	3.0	4.0	5.0
# Feature Names
Nrows	Ncols	Nnnz	AvgNnnz	Density	MaxRowNnnz	MinRowNnnz	StdRowNnnz	NDiags	NTrueDiags	AvgNnnzDia	AvgNnnzELL	AvgNnnzHyb	AvgNnnzHdc
# Left
1	2	3	4	-1	-1	7	-1	9	10	11	-1	-1	-1	15	16	-1	-1	-1	20	21	-1	23	-1	-1	26	27	-1	29	-1	-1	32	33	-1	-1	-1	37	38	39	40	41	-1	43	-1	-1	46	47	48	49	-1	-1	52	-1	-1	55	-1	-1	58	59	-1	-1	-1	-1	64	65	66	-1	68	-1	70	-1	-1	73	-1	-1	-1	77	78	79	-1	-1	-1	83	84	-1	86	87	-1	-1	90	-1	-1	93	-1	-1
# Right
36	19	6	5	-1	-1	8	-1	14	13	12	-1	-1	-1	18	17	-1	-1	-1	25	22	-1	24	-1	-1	31	28	-1	30	-1	-1	35	34	-1	-1	-1	76	63	62	45	42	-1	44	-1	-1	57	54	51	50	-1	-1	53	-1	-1	56	-1	-1	61	60	-1	-1	-1	-1	75	72	67	-1	69	-1	71	-1	-1	74	-1	-1	-1	82	81	80	-1	-1	-1	92	85	-1	89	88	-1	-1	91	-1	-1	94	-1	-1
# Threshold
0.00021301199740264565	0.7892870008945465	2751.5	0.5	-2.0	-2.0	50372.0	-2.0	319845.5	164369.0	0.0001194219985336531	-2.0	-2.0	-2.0	0.5194304883480072	37030.5	-2.0	-2.0	-2.0	6.4295549392700195	2619770.0	-2.0	11.5	-2.0	-2.0	2499640.0	82732.0	-2.0	205025.0	-2.0	-2.0	30.301050186157227	2.941225051879883	-2.0	-2.0	-2.0	0.044526198878884315	14.5	177.5	0.0029364849906414747	0.2878064960241318	-2.0	0.3946949988603592	-2.0	-2.0	1497.0	930268.5	6.5	0.5181159973144531	-2.0	-2.0	0.8713645040988922	-2.0	-2.0	8725.0	-2.0	-2.0	70.18519973754883	39.31399917602539	-2.0	-2.0	-2.0	-2.0	15.253750324249268	124021.0	0.0733874998986721	-2.0	4.1995251178741455	-2.0	51.646650314331055	-2.0	-2.0	0.6960535049438477	-2.0	-2.0	-2.0	1.0479649901390076	1135.0	0.10029229894280434	-2.0	-2.0	-2.0	34.5	1.0317299962043762	-2.0	0.10169870033860207	16.0	-2.0	-2.0	55.5	-2.0	-2.0	0.3697125017642975	-2.0	-2.0
# Feature
10	12	5	6	-2	-2	8	-2	8	0	4	-2	-2	-2	13	5	-2	-2	-2	3	8	-2	5	-2	-2	2	1	-2	1	-2	-2	7	7	-2	-2	-2	4	6	9	11	13	-2	12	-2	-2	5	1	5	13	-2	-2	12	-2	-2	8	-2	-2	7	7	-2	-2	-2	-2	12	0	11	-2	7	-2	7	-2	-2	13	-2	-2	-2	12	5	4	-2	-2	-2	5	7	-2	10	5	-2	-2	0	-2	-2	11	-2	-2
# Values
153.0	1421.0	75.0	1.0	0.0	34.0
100.0	193.0	0.0	0.0	0.0	3.0
87.0	18.0	0.0	0.0	0.0	1.0
22.0	1.0	0.0	0.0	0.0	0.0
12.0	0.0	0.0	0.0	0.0	0.0
10.0	1.0	0.0	0.0	0.0	0.0
65.0	17.0	0.0	0.0	0.0	1.0
4.0	8.0	0.0	0.0	0.0	0.0
61.0	9.0	0.0	0.0	0.0	1.0
31.0	2.0	0.0	0.0	0.0	0.0
26.0	1.0	0.0	0.0	0.0	0.0
19.0	0.0	0.0	0.0	0.0	0.0
7.0	1.0	0.0	0.0	0.0	0.0
5.0	1.0	0.0	0.0	0.0	0.0
30.0	7.0	0.0	0.0	0.0	1.0
25.0	3.0	0.0	0.0	0.0	1.0
15.0	0.0	0.0	0.0	0.0	0.0
10.0	3.0	0.0	0.0	0.0	1.0
5.0	4.0	0.0	0.0	0.0	0.0
13.0	175.0	0.0	0.0	0.0	2.0
1.0	105.0	0.0	0.0	0.0	0.0
0.0	91.0	0.0	0.0	0.0	0.0
1.0	14.0	0.0	0.0	0.0	0.0
0.0	8.0	0.0	0.0	0.0	0.0
1.0	6.0	0.0	0.0	0.0	0.0
12.0	70.0	0.0	0.0	0.0	2.0
8.0	23.0	0.0	0.0	0.0	0.0
1.0	14.0	0.0	0.0	0.0	0.0
7.0	9.0	0.0	0.0	0.0	0.0
2.0	4.0	0.0	0.0	0.0	0.0
5.0	5.0	0.0	0.0	0.0	0.0
4.0	47.0	0.0	0.0	0.0	2.0
0.0	40.0	0.0	0.0	0.0	2.0
0.0	7.0	0.0	0.0	0.0	2.0
0.0	33.0	0.0	0.0	0.0	0.0
4.0	7.0	0.0	0.0	0.0	0.0
53.0	1228.0	75.0	1.0	0.0	31.0
50.0	1151.0	30.0	1.0	0.0	31.0
47.0	1055.0	29.0	1.0	0.0	9.0
39.0	1054.0	29.0	1.0	0.0	9.0
15.0	18.0	0.0	0.0	0.0	0.0
2.0	7.0	0.0	0.0	0.0	0.0
13.0	11.0	0.0	0.0	0.0	0.0
8.0	1.0	0.0	0.0	0.0	0.0
5.0	10.0	0.0	0.0	0.0	0.0
24.0	1036.0	29.0	1.0	0.0	9.0
10.0	1010.0	29.0	1.0	0.0	9.0
10.0	1004.0	24.0	1.0	0.0	5.0
0.0	101.0	20.0	0.0	0.0	0.0
0.0	76.0	20.0	0.0	0.0	0.0
0.0	25.0	0.0	0.0	0.0	0.0
10.0	903.0	4.0	1.0	0.0	5.0
8.0	150.0	0.0	0.0	0.0	0.0
2.0	753.0	4.0	1.0	0.0	5.0
0.0	6.0	5.0	0.0	0.0	4.0
0.0	0.0	5.0	0.0	0.0	4.0
0.0	6.0	0.0	0.0	0.0	0.0
14.0	26.0	0.0	0.0	0.0	0.0
6.0	24.0	0.0	0.0	0.0	0.0
6.0	8.0	0.0	0.0	0.0	0.0
0.0	16.0	0.0	0.0	0.0	0.0
8.0	2.0	0.0	0.0	0.0	0.0
8.0	1.0	0.0	0.0	0.0	0.0
3.0	96.0	1.0	0.0	0.0	22.0
3.0	96.0	1.0	0.0	0.0	6.0
3.0	85.0	1.0	0.0	0.0	1.0
3.0	7.0	0.0	0.0	0.0	0.0
0.0	78.0	1.0	0.0	0.0	1.0
0.0	6.0	1.0	0.0	0.0	0.0
0.0	72.0	0.0	0.0	0.0	1.0
0.0	65.0	0.0	0.0	0.0	0.0
0.0	7.0	0.0	0.0	0.0	1.0
0.0	11.0	0.0	0.0	0.0	5.0
0.0	4.0	0.0	0.0	0.0	5.0
0.0	7.0	0.0	0.0	0.0	0.0
0.0	0.0	0.0	0.0	0.0	16.0
3.0	77.0	45.0	0.0	0.0	0.0
3.0	24.0	1.0	0.0	0.0	0.0
0.0	17.0	1.0	0.0	0.0	0.0
0.0	12.0	0.0	0.0	0.0	0.0
0.0	5.0	1.0	0.0	0.0	0.0
3.0	7.0	0.0	0.0	0.0	0.0
0.0	53.0	44.0	0.0	0.0	0.0
0.0	24.0	42.0	0.0	0.0	0.0
0.0	9.0	5.0	0.0	0.0	0.0
0.0	15.0	37.0	0.0	0.0	0.0
0.0	10.0	10.0	0.0	0.0	0.0
0.0	3.0	9.0	0.0	0.0	0.0
0.0	7.0	1.0	0.0	0.0	0.0
0.0	5.0	27.0	0.0	0.0	0.0
0.0	1.0	14.0	0.0	0.0	0.0
0.0	4.0	13.0	0.0	0.0	0.0
0.0	29.0	2.0	0.0	0.0	0.0
0.0	7.0	2.0	0.0	0.0	0.0
0.0	22.0	0.0	0.0	0.0	0.0
