# Sizes (NFeatures, Nclasses, NodeCount, MaxDepth)
10	4	149	12
# Classes
0.0	1.0	2.0	3.0
# Feature Names
Nrows	Ncols	Nnnz	AvgNnnz	Density	MaxRowNnnz	MinRowNnnz	StdRowNnnz	NDiags	NTrueDiags
# Left
1	2	3	4	5	6	-1	-1	9	10	11	-1	-1	14	-1	16	-1	-1	-1	20	-1	-1	23	-1	25	26	-1	-1	-1	30	31	32	33	34	-1	-1	37	38	-1	-1	41	42	-1	-1	-1	46	47	48	-1	50	-1	52	-1	54	-1	-1	57	58	59	-1	-1	62	63	64	-1	-1	-1	68	-1	70	-1	-1	73	-1	75	76	-1	-1	-1	80	-1	82	83	84	85	-1	-1	-1	89	-1	-1	-1	93	94	-1	-1	-1	98	99	-1	101	-1	-1	104	105	-1	-1	108	-1	110	-1	-1	113	114	115	116	-1	118	-1	120	-1	122	-1	-1	-1	126	127	128	129	-1	-1	132	-1	-1	-1	136	137	-1	139	140	-1	-1	-1	-1	145	146	-1	-1	-1
# Right
112	29	22	19	8	7	-1	-1	18	13	12	-1	-1	15	-1	17	-1	-1	-1	21	-1	-1	24	-1	28	27	-1	-1	-1	97	92	45	36	35	-1	-1	40	39	-1	-1	44	43	-1	-1	-1	79	56	49	-1	51	-1	53	-1	55	-1	-1	72	61	60	-1	-1	67	66	65	-1	-1	-1	69	-1	71	-1	-1	74	-1	78	77	-1	-1	-1	81	-1	91	88	87	86	-1	-1	-1	90	-1	-1	-1	96	95	-1	-1	-1	103	100	-1	102	-1	-1	107	106	-1	-1	109	-1	111	-1	-1	144	125	124	117	-1	119	-1	121	-1	123	-1	-1	-1	135	134	131	130	-1	-1	133	-1	-1	-1	143	138	-1	142	141	-1	-1	-1	-1	148	147	-1	-1	-1
# Threshold
1366.0	904.5	5.868230104446411	6.5	16.0	1.1923349499702454	-2.0	-2.0	71.5	0.04692224971950054	101.0	-2.0	-2.0	4.456740140914917	-2.0	4.54049015045166	-2.0	-2.0	-2.0	35.0	-2.0	-2.0	10.0	-2.0	5.5	4.5	-2.0	-2.0	-2.0	7570085.0	136012.5	7.5	0.004870320204645395	1273.5	-2.0	-2.0	5.5	4.84659481048584	-2.0	-2.0	475.0	325.0	-2.0	-2.0	-2.0	32.76104927062988	215.0	0.5	-2.0	22.0	-2.0	244.5	-2.0	9.5	-2.0	-2.0	56348.0	20.0	18.0	-2.0	-2.0	667.5	366.5	0.018419199623167515	-2.0	-2.0	-2.0	0.0005125004972796887	-2.0	729.5	-2.0	-2.0	57607.5	-2.0	0.5	323.5	-2.0	-2.0	-2.0	32.81464958190918	-2.0	0.0025338350096717477	62.508649826049805	10054.0	2.0	-2.0	-2.0	-2.0	277.0	-2.0	-2.0	-2.0	14.252399921417236	739.5	-2.0	-2.0	-2.0	8410.5	460212.5	-2.0	37.5	-2.0	-2.0	36.77939987182617	7749920.0	-2.0	-2.0	22662800.0	-2.0	1017177.5	-2.0	-2.0	8.0	6.105875015258789	8693.5	80112.5	-2.0	3.915665030479431	-2.0	95753.0	-2.0	1.0	-2.0	-2.0	-2.0	267.7990036010742	1.5	337952.0	1898.0	-2.0	-2.0	8.313819885253906	-2.0	-2.0	-2.0	663720.0	0.5	-2.0	16303.5	59195.0	-2.0	-2.0	-2.0	-2.0	217.71200561523438	10.91855001449585	-2.0	-2.0	-2.0
# Feature
5	2	3	5	0	7	-2	-2	8	4	1	-2	-2	3	-2	3	-2	-2	-2	0	-2	-2	8	-2	9	9	-2	-2	-2	2	8	8	4	2	-2	-2	5	3	-2	-2	0	0	-2	-2	-2	7	0	9	-2	8	-2	8	-2	9	-2	-2	8	8	9	-2	-2	5	0	4	-2	-2	-2	4	-2	5	-2	-2	8	-2	6	5	-2	-2	-2	7	-2	4	3	8	9	-2	-2	-2	5	-2	-2	-2	7	5	-2	-2	-2	8	0	-2	8	-2	-2	7	2	-2	-2	2	-2	0	-2	-2	9	3	5	0	-2	3	-2	1	-2	9	-2	-2	-2	7	9	2	5	-2	-2	3	-2	-2	-2	1	6	-2	5	8	-2	-2	-2	-2	7	3	-2	-2	-2
# Values
128.0	1461.0	58.0	36.0
24.0	1371.0	58.0	31.0
0.0	58.0	39.0	0.0
0.0	54.0	21.0	0.0
0.0	18.0	19.0	0.0
0.0	8.0	1.0	0.0
0.0	8.0	0.0	0.0
0.0	0.0	1.0	0.0
0.0	10.0	18.0	0.0
0.0	5.0	18.0	0.0
0.0	4.0	6.0	0.0
0.0	4.0	0.0	0.0
0.0	0.0	6.0	0.0
0.0	1.0	12.0	0.0
0.0	0.0	8.0	0.0
0.0	1.0	4.0	0.0
0.0	1.0	0.0	0.0
0.0	0.0	4.0	0.0
0.0	5.0	0.0	0.0
0.0	36.0	2.0	0.0
0.0	0.0	2.0	0.0
0.0	36.0	0.0	0.0
0.0	4.0	18.0	0.0
0.0	3.0	0.0	0.0
0.0	1.0	18.0	0.0
0.0	1.0	3.0	0.0
0.0	0.0	3.0	0.0
0.0	1.0	0.0	0.0
0.0	0.0	15.0	0.0
24.0	1313.0	19.0	31.0
21.0	1226.0	15.0	1.0
10.0	1192.0	15.0	1.0
0.0	40.0	10.0	0.0
0.0	32.0	1.0	0.0
0.0	0.0	1.0	0.0
0.0	32.0	0.0	0.0
0.0	8.0	9.0	0.0
0.0	7.0	2.0	0.0
0.0	4.0	0.0	0.0
0.0	3.0	2.0	0.0
0.0	1.0	7.0	0.0
0.0	1.0	1.0	0.0
0.0	0.0	1.0	0.0
0.0	1.0	0.0	0.0
0.0	0.0	6.0	0.0
10.0	1152.0	5.0	1.0
5.0	1093.0	5.0	1.0
0.0	25.0	3.0	0.0
0.0	0.0	1.0	0.0
0.0	25.0	2.0	0.0
0.0	0.0	1.0	0.0
0.0	25.0	1.0	0.0
0.0	23.0	0.0	0.0
0.0	2.0	1.0	0.0
0.0	2.0	0.0	0.0
0.0	0.0	1.0	0.0
5.0	1068.0	2.0	1.0
2.0	1022.0	2.0	1.0
0.0	48.0	2.0	0.0
0.0	48.0	0.0	0.0
0.0	0.0	2.0	0.0
2.0	974.0	0.0	1.0
0.0	880.0	0.0	1.0
0.0	42.0	0.0	1.0
0.0	0.0	0.0	1.0
0.0	42.0	0.0	0.0
0.0	838.0	0.0	0.0
2.0	94.0	0.0	0.0
1.0	0.0	0.0	0.0
1.0	94.0	0.0	0.0
1.0	0.0	0.0	0.0
0.0	94.0	0.0	0.0
3.0	46.0	0.0	0.0
2.0	0.0	0.0	0.0
1.0	46.0	0.0	0.0
1.0	1.0	0.0	0.0
0.0	1.0	0.0	0.0
1.0	0.0	0.0	0.0
0.0	45.0	0.0	0.0
5.0	59.0	0.0	0.0
1.0	0.0	0.0	0.0
4.0	59.0	0.0	0.0
4.0	17.0	0.0	0.0
2.0	16.0	0.0	0.0
2.0	1.0	0.0	0.0
0.0	1.0	0.0	0.0
2.0	0.0	0.0	0.0
0.0	15.0	0.0	0.0
2.0	1.0	0.0	0.0
2.0	0.0	0.0	0.0
0.0	1.0	0.0	0.0
0.0	42.0	0.0	0.0
11.0	34.0	0.0	0.0
1.0	34.0	0.0	0.0
0.0	34.0	0.0	0.0
1.0	0.0	0.0	0.0
10.0	0.0	0.0	0.0
3.0	87.0	4.0	30.0
0.0	7.0	4.0	24.0
0.0	7.0	0.0	0.0
0.0	0.0	4.0	24.0
0.0	0.0	4.0	0.0
0.0	0.0	0.0	24.0
3.0	80.0	0.0	6.0
0.0	78.0	0.0	1.0
0.0	0.0	0.0	1.0
0.0	78.0	0.0	0.0
3.0	2.0	0.0	5.0
0.0	0.0	0.0	5.0
3.0	2.0	0.0	0.0
0.0	2.0	0.0	0.0
3.0	0.0	0.0	0.0
104.0	90.0	0.0	5.0
86.0	32.0	0.0	5.0
16.0	18.0	0.0	0.0
5.0	18.0	0.0	0.0
0.0	12.0	0.0	0.0
5.0	6.0	0.0	0.0
3.0	0.0	0.0	0.0
2.0	6.0	0.0	0.0
1.0	0.0	0.0	0.0
1.0	6.0	0.0	0.0
1.0	0.0	0.0	0.0
0.0	6.0	0.0	0.0
11.0	0.0	0.0	0.0
70.0	14.0	0.0	5.0
63.0	8.0	0.0	0.0
22.0	8.0	0.0	0.0
2.0	7.0	0.0	0.0
2.0	0.0	0.0	0.0
0.0	7.0	0.0	0.0
20.0	1.0	0.0	0.0
0.0	1.0	0.0	0.0
20.0	0.0	0.0	0.0
41.0	0.0	0.0	0.0
7.0	6.0	0.0	5.0
7.0	2.0	0.0	5.0
0.0	0.0	0.0	3.0
7.0	2.0	0.0	2.0
0.0	2.0	0.0	2.0
0.0	0.0	0.0	2.0
0.0	2.0	0.0	0.0
7.0	0.0	0.0	0.0
0.0	4.0	0.0	0.0
18.0	58.0	0.0	0.0
2.0	58.0	0.0	0.0
2.0	0.0	0.0	0.0
0.0	58.0	0.0	0.0
16.0	0.0	0.0	0.0
