# Sizes (NFeatures, Nclasses, NodeCount, MaxDepth)
10	4	173	15
# Classes
0.0	1.0	2.0	3.0
# Feature Names
Nrows	Ncols	Nnnz	AvgNnnz	Density	MaxRowNnnz	MinRowNnnz	StdRowNnnz	NDiags	NTrueDiags
# Left
1	2	3	4	5	-1	7	-1	9	-1	11	-1	13	-1	-1	16	17	-1	-1	-1	21	-1	-1	24	25	26	27	28	-1	30	-1	-1	33	34	-1	-1	-1	-1	39	40	41	42	43	44	45	46	-1	48	-1	-1	-1	52	53	-1	-1	-1	57	-1	59	60	-1	62	-1	-1	-1	66	67	-1	-1	-1	71	-1	73	74	75	76	77	-1	-1	80	81	-1	83	-1	-1	-1	-1	-1	-1	-1	91	92	-1	94	95	-1	-1	98	-1	100	-1	-1	103	-1	-1	106	107	108	-1	110	-1	112	-1	-1	115	-1	-1	118	-1	120	-1	122	-1	-1	125	126	127	128	129	-1	131	-1	-1	134	135	-1	-1	-1	-1	140	141	142	-1	144	-1	146	-1	-1	149	150	151	-1	-1	-1	155	-1	-1	158	-1	160	-1	-1	163	164	165	-1	-1	-1	169	-1	171	-1	-1
# Right
124	23	20	15	6	-1	8	-1	10	-1	12	-1	14	-1	-1	19	18	-1	-1	-1	22	-1	-1	105	38	37	32	29	-1	31	-1	-1	36	35	-1	-1	-1	-1	90	89	70	65	56	51	50	47	-1	49	-1	-1	-1	55	54	-1	-1	-1	58	-1	64	61	-1	63	-1	-1	-1	69	68	-1	-1	-1	72	-1	88	87	86	79	78	-1	-1	85	82	-1	84	-1	-1	-1	-1	-1	-1	-1	102	93	-1	97	96	-1	-1	99	-1	101	-1	-1	104	-1	-1	117	114	109	-1	111	-1	113	-1	-1	116	-1	-1	119	-1	121	-1	123	-1	-1	162	139	138	133	130	-1	132	-1	-1	137	136	-1	-1	-1	-1	157	148	143	-1	145	-1	147	-1	-1	154	153	152	-1	-1	-1	156	-1	-1	159	-1	161	-1	-1	168	167	166	-1	-1	-1	170	-1	172	-1	-1
# Threshold
1475.5	112.5	3.5	10.5	16.0	-2.0	42.5	-2.0	62.5	-2.0	69.5	-2.0	427.5	-2.0	-2.0	0.08136314898729324	0.07113789767026901	-2.0	-2.0	-2.0	0.5429594963788986	-2.0	-2.0	6623025.0	6.5	3928.5	0.024968750774860382	1273.5	-2.0	2528.0	-2.0	-2.0	0.007745125098153949	2941.0	-2.0	-2.0	-2.0	-2.0	65674.0	191.65349578857422	32.099748611450195	0.0635748989880085	13219.5	20.5	14.944599628448486	0.007915865164250135	-2.0	0.009074075147509575	-2.0	-2.0	-2.0	366.5	364.5	-2.0	-2.0	-2.0	13317.0	-2.0	769.5	492.5	-2.0	1.5	-2.0	-2.0	-2.0	14.604699611663818	140.0	-2.0	-2.0	-2.0	0.00038681850128341466	-2.0	57734.0	56.5	0.0025349200004711747	11.514800071716309	2.0	-2.0	-2.0	0.0024743550457060337	0.0022471450502052903	-2.0	3.0	-2.0	-2.0	-2.0	-2.0	-2.0	-2.0	-2.0	13.966350078582764	66539.5	-2.0	2.8971199981242535e-06	0.8092959821224213	-2.0	-2.0	287.0	-2.0	6.034014940261841	-2.0	-2.0	0.0005293840076774359	-2.0	-2.0	18391550.0	14923900.0	1.5	-2.0	536.0	-2.0	92.34550094604492	-2.0	-2.0	19.4199001789093	-2.0	-2.0	2355.0	-2.0	38.16460037231445	-2.0	65.01640033721924	-2.0	-2.0	7.0	165747.0	10.868550300598145	1.5	31656.5	-2.0	41308.0	-2.0	-2.0	14862.0	3077.0	-2.0	-2.0	-2.0	-2.0	77.1588020324707	28.8193998336792	2780.5	-2.0	4.770169973373413	-2.0	4078.5	-2.0	-2.0	0.0013330349465832114	1.969525055756094e-05	1.5843650544411503e-05	-2.0	-2.0	-2.0	45.130248069763184	-2.0	-2.0	660.72900390625	-2.0	0.05084219900891185	-2.0	-2.0	234.22150421142578	10.826849937438965	0.00042079199192812666	-2.0	-2.0	-2.0	96187.0	-2.0	3006.0	-2.0	-2.0
# Feature
5	1	6	5	1	-2	0	-2	0	-2	1	-2	2	-2	-2	4	4	-2	-2	-2	7	-2	-2	2	8	1	7	2	-2	1	-2	-2	4	2	-2	-2	-2	-2	8	7	7	4	8	8	3	4	-2	4	-2	-2	-2	0	1	-2	-2	-2	8	-2	5	5	-2	9	-2	-2	-2	3	1	-2	-2	-2	4	-2	8	6	4	3	9	-2	-2	4	4	-2	9	-2	-2	-2	-2	-2	-2	-2	7	8	-2	4	7	-2	-2	5	-2	3	-2	-2	4	-2	-2	2	2	9	-2	8	-2	7	-2	-2	3	-2	-2	8	-2	7	-2	3	-2	-2	9	2	3	6	8	-2	8	-2	-2	8	0	-2	-2	-2	-2	3	7	5	-2	3	-2	5	-2	-2	4	4	4	-2	-2	-2	3	-2	-2	3	-2	4	-2	-2	7	3	4	-2	-2	-2	0	-2	5	-2	-2
# Values
157.0	1420.0	72.0	34.0
35.0	1331.0	72.0	29.0
0.0	45.0	49.0	0.0
0.0	43.0	26.0	0.0
0.0	22.0	23.0	0.0
0.0	10.0	0.0	0.0
0.0	12.0	23.0	0.0
0.0	0.0	15.0	0.0
0.0	12.0	8.0	0.0
0.0	7.0	0.0	0.0
0.0	5.0	8.0	0.0
0.0	0.0	7.0	0.0
0.0	5.0	1.0	0.0
0.0	5.0	0.0	0.0
0.0	0.0	1.0	0.0
0.0	21.0	3.0	0.0
0.0	2.0	3.0	0.0
0.0	2.0	0.0	0.0
0.0	0.0	3.0	0.0
0.0	19.0	0.0	0.0
0.0	2.0	23.0	0.0
0.0	2.0	0.0	0.0
0.0	0.0	23.0	0.0
35.0	1286.0	23.0	29.0
34.0	1211.0	17.0	2.0
0.0	17.0	12.0	0.0
0.0	7.0	12.0	0.0
0.0	2.0	8.0	0.0
0.0	0.0	5.0	0.0
0.0	2.0	3.0	0.0
0.0	2.0	0.0	0.0
0.0	0.0	3.0	0.0
0.0	5.0	4.0	0.0
0.0	5.0	2.0	0.0
0.0	2.0	0.0	0.0
0.0	3.0	2.0	0.0
0.0	0.0	2.0	0.0
0.0	10.0	0.0	0.0
34.0	1194.0	5.0	2.0
15.0	1134.0	5.0	2.0
12.0	1134.0	5.0	2.0
4.0	1078.0	5.0	2.0
4.0	1054.0	2.0	2.0
0.0	934.0	2.0	2.0
0.0	59.0	2.0	0.0
0.0	59.0	1.0	0.0
0.0	51.0	0.0	0.0
0.0	8.0	1.0	0.0
0.0	0.0	1.0	0.0
0.0	8.0	0.0	0.0
0.0	0.0	1.0	0.0
0.0	875.0	0.0	2.0
0.0	58.0	0.0	2.0
0.0	58.0	0.0	0.0
0.0	0.0	0.0	2.0
0.0	817.0	0.0	0.0
4.0	120.0	0.0	0.0
2.0	0.0	0.0	0.0
2.0	120.0	0.0	0.0
1.0	120.0	0.0	0.0
0.0	117.0	0.0	0.0
1.0	3.0	0.0	0.0
0.0	3.0	0.0	0.0
1.0	0.0	0.0	0.0
1.0	0.0	0.0	0.0
0.0	24.0	3.0	0.0
0.0	1.0	3.0	0.0
0.0	1.0	0.0	0.0
0.0	0.0	3.0	0.0
0.0	23.0	0.0	0.0
8.0	56.0	0.0	0.0
2.0	0.0	0.0	0.0
6.0	56.0	0.0	0.0
5.0	56.0	0.0	0.0
4.0	56.0	0.0	0.0
4.0	18.0	0.0	0.0
2.0	1.0	0.0	0.0
0.0	1.0	0.0	0.0
2.0	0.0	0.0	0.0
2.0	17.0	0.0	0.0
1.0	17.0	0.0	0.0
0.0	15.0	0.0	0.0
1.0	2.0	0.0	0.0
1.0	0.0	0.0	0.0
0.0	2.0	0.0	0.0
1.0	0.0	0.0	0.0
0.0	38.0	0.0	0.0
1.0	0.0	0.0	0.0
1.0	0.0	0.0	0.0
3.0	0.0	0.0	0.0
19.0	60.0	0.0	0.0
5.0	58.0	0.0	0.0
2.0	0.0	0.0	0.0
3.0	58.0	0.0	0.0
2.0	4.0	0.0	0.0
0.0	4.0	0.0	0.0
2.0	0.0	0.0	0.0
1.0	54.0	0.0	0.0
0.0	52.0	0.0	0.0
1.0	2.0	0.0	0.0
0.0	2.0	0.0	0.0
1.0	0.0	0.0	0.0
14.0	2.0	0.0	0.0
14.0	0.0	0.0	0.0
0.0	2.0	0.0	0.0
1.0	75.0	6.0	27.0
0.0	20.0	4.0	27.0
0.0	19.0	4.0	8.0
0.0	0.0	0.0	6.0
0.0	19.0	4.0	2.0
0.0	0.0	4.0	0.0
0.0	19.0	0.0	2.0
0.0	19.0	0.0	0.0
0.0	0.0	0.0	2.0
0.0	1.0	0.0	19.0
0.0	1.0	0.0	0.0
0.0	0.0	0.0	19.0
1.0	55.0	2.0	0.0
0.0	0.0	2.0	0.0
1.0	55.0	0.0	0.0
0.0	54.0	0.0	0.0
1.0	1.0	0.0	0.0
1.0	0.0	0.0	0.0
0.0	1.0	0.0	0.0
122.0	89.0	0.0	5.0
103.0	32.0	0.0	3.0
8.0	17.0	0.0	0.0
4.0	17.0	0.0	0.0
1.0	14.0	0.0	0.0
0.0	12.0	0.0	0.0
1.0	2.0	0.0	0.0
1.0	0.0	0.0	0.0
0.0	2.0	0.0	0.0
3.0	3.0	0.0	0.0
3.0	1.0	0.0	0.0
0.0	1.0	0.0	0.0
3.0	0.0	0.0	0.0
0.0	2.0	0.0	0.0
4.0	0.0	0.0	0.0
95.0	15.0	0.0	3.0
91.0	10.0	0.0	0.0
12.0	6.0	0.0	0.0
8.0	0.0	0.0	0.0
4.0	6.0	0.0	0.0
3.0	0.0	0.0	0.0
1.0	6.0	0.0	0.0
0.0	6.0	0.0	0.0
1.0	0.0	0.0	0.0
79.0	4.0	0.0	0.0
78.0	3.0	0.0	0.0
30.0	3.0	0.0	0.0
30.0	0.0	0.0	0.0
0.0	3.0	0.0	0.0
48.0	0.0	0.0	0.0
1.0	1.0	0.0	0.0
0.0	1.0	0.0	0.0
1.0	0.0	0.0	0.0
4.0	5.0	0.0	3.0
0.0	5.0	0.0	0.0
4.0	0.0	0.0	3.0
4.0	0.0	0.0	0.0
0.0	0.0	0.0	3.0
19.0	57.0	0.0	2.0
2.0	56.0	0.0	0.0
2.0	2.0	0.0	0.0
0.0	2.0	0.0	0.0
2.0	0.0	0.0	0.0
0.0	54.0	0.0	0.0
17.0	1.0	0.0	2.0
17.0	0.0	0.0	0.0
0.0	1.0	0.0	2.0
0.0	0.0	0.0	2.0
0.0	1.0	0.0	0.0
