# Sizes (NFeatures, Nclasses, NodeCount, MaxDepth)
10	4	153	12
# Classes
0.0	1.0	2.0	3.0
# Feature Names
Nrows	Ncols	Nnnz	AvgNnnz	Density	MaxRowNnnz	MinRowNnnz	StdRowNnnz	NDiags	NTrueDiags
# Left
1	2	3	4	5	-1	7	-1	-1	10	-1	12	13	-1	-1	-1	17	-1	19	-1	21	-1	-1	24	25	26	27	28	29	30	-1	32	-1	-1	-1	-1	-1	38	39	40	41	-1	43	-1	45	-1	-1	48	49	-1	-1	52	53	-1	-1	56	-1	58	-1	-1	61	62	-1	64	65	-1	67	-1	-1	70	-1	-1	-1	-1	75	76	-1	78	79	80	-1	-1	-1	-1	-1	86	87	88	89	-1	-1	-1	93	-1	95	96	-1	-1	99	-1	101	-1	-1	104	105	106	-1	-1	-1	110	111	-1	113	114	-1	-1	-1	-1	119	120	121	-1	123	-1	-1	126	127	128	-1	-1	131	-1	133	-1	-1	136	137	138	-1	140	-1	-1	-1	-1	145	146	-1	-1	149	-1	151	-1	-1
# Right
118	23	16	9	6	-1	8	-1	-1	11	-1	15	14	-1	-1	-1	18	-1	20	-1	22	-1	-1	85	74	37	36	35	34	31	-1	33	-1	-1	-1	-1	-1	73	60	47	42	-1	44	-1	46	-1	-1	51	50	-1	-1	55	54	-1	-1	57	-1	59	-1	-1	72	63	-1	69	66	-1	68	-1	-1	71	-1	-1	-1	-1	84	77	-1	83	82	81	-1	-1	-1	-1	-1	103	92	91	90	-1	-1	-1	94	-1	98	97	-1	-1	100	-1	102	-1	-1	109	108	107	-1	-1	-1	117	112	-1	116	115	-1	-1	-1	-1	144	125	122	-1	124	-1	-1	135	130	129	-1	-1	132	-1	134	-1	-1	143	142	139	-1	141	-1	-1	-1	-1	148	147	-1	-1	150	-1	152	-1	-1
# Threshold
1365.5	642.5	5.665655136108398	15.0	351.0	-2.0	442.5	-2.0	-2.0	0.061102598905563354	-2.0	1.658935010433197	2.5	-2.0	-2.0	-2.0	10.0	-2.0	18.0	-2.0	8.194605112075806	-2.0	-2.0	55158.5	8145205.0	6.5	3928.5	4.0	3.5	3348.0	-2.0	3581.0	-2.0	-2.0	-2.0	-2.0	-2.0	199.6074981689453	18148.5	18.0	218.0	-2.0	0.005505259847268462	-2.0	630.5	-2.0	-2.0	105.5	102.5	-2.0	-2.0	381.0	365.0	-2.0	-2.0	673.5	-2.0	718.5	-2.0	-2.0	95.80794906616211	10288.0	-2.0	544.0	52.66869926452637	-2.0	59.47665023803711	-2.0	-2.0	177078.5	-2.0	-2.0	-2.0	-2.0	25595350.0	25.0	-2.0	40075.0	374749.5	64.14285087585449	-2.0	-2.0	-2.0	-2.0	-2.0	9.530590057373047	0.5	4.338639974594116	1.015529990196228	-2.0	-2.0	-2.0	6071730.0	-2.0	8120570.0	3.9209998846054077	-2.0	-2.0	90.0	-2.0	2.0	-2.0	-2.0	4.5	447579.0	366356.0	-2.0	-2.0	-2.0	72.81424713134766	56744.0	-2.0	35.07925033569336	32.616050720214844	-2.0	-2.0	-2.0	-2.0	3.5	165747.0	1.5	-2.0	18022.5	-2.0	-2.0	20.481249809265137	5.18887996673584	3.8715749979019165	-2.0	-2.0	159.90250396728516	-2.0	94372.0	-2.0	-2.0	1.5	4989105.0	327680.0	-2.0	106089.5	-2.0	-2.0	-2.0	-2.0	105.38750076293945	3.9022200107574463	-2.0	-2.0	3.5	-2.0	626.5404739379883	-2.0	-2.0
# Feature
5	2	3	8	2	-2	1	-2	-2	4	-2	7	6	-2	-2	-2	8	-2	5	-2	3	-2	-2	8	2	8	2	9	8	2	-2	0	-2	-2	-2	-2	-2	7	8	8	1	-2	4	-2	0	-2	-2	1	1	-2	-2	0	1	-2	-2	5	-2	5	-2	-2	7	1	-2	5	7	-2	7	-2	-2	2	-2	-2	-2	-2	2	5	-2	8	0	3	-2	-2	-2	-2	-2	7	6	3	7	-2	-2	-2	2	-2	2	7	-2	-2	5	-2	9	-2	-2	9	8	2	-2	-2	-2	7	8	-2	3	3	-2	-2	-2	-2	9	2	6	-2	1	-2	-2	3	3	3	-2	-2	7	-2	5	-2	-2	6	8	1	-2	5	-2	-2	-2	-2	7	3	-2	-2	6	-2	7	-2	-2
# Values
172.0	1439.0	47.0	25.0
40.0	1355.0	47.0	23.0
0.0	44.0	34.0	0.0
0.0	40.0	12.0	0.0
0.0	4.0	10.0	0.0
0.0	0.0	9.0	0.0
0.0	4.0	1.0	0.0
0.0	4.0	0.0	0.0
0.0	0.0	1.0	0.0
0.0	36.0	2.0	0.0
0.0	27.0	0.0	0.0
0.0	9.0	2.0	0.0
0.0	1.0	2.0	0.0
0.0	0.0	2.0	0.0
0.0	1.0	0.0	0.0
0.0	8.0	0.0	0.0
0.0	4.0	22.0	0.0
0.0	2.0	0.0	0.0
0.0	2.0	22.0	0.0
0.0	0.0	19.0	0.0
0.0	2.0	3.0	0.0
0.0	2.0	0.0	0.0
0.0	0.0	3.0	0.0
40.0	1311.0	13.0	23.0
10.0	1155.0	13.0	17.0
10.0	1136.0	11.0	1.0
0.0	13.0	5.0	0.0
0.0	2.0	5.0	0.0
0.0	2.0	3.0	0.0
0.0	1.0	3.0	0.0
0.0	0.0	2.0	0.0
0.0	1.0	1.0	0.0
0.0	1.0	0.0	0.0
0.0	0.0	1.0	0.0
0.0	1.0	0.0	0.0
0.0	0.0	2.0	0.0
0.0	11.0	0.0	0.0
10.0	1123.0	6.0	1.0
9.0	1123.0	6.0	1.0
1.0	1026.0	6.0	1.0
0.0	58.0	5.0	0.0
0.0	0.0	2.0	0.0
0.0	58.0	3.0	0.0
0.0	50.0	0.0	0.0
0.0	8.0	3.0	0.0
0.0	8.0	0.0	0.0
0.0	0.0	3.0	0.0
1.0	968.0	1.0	1.0
0.0	6.0	1.0	0.0
0.0	6.0	0.0	0.0
0.0	0.0	1.0	0.0
1.0	962.0	0.0	1.0
0.0	76.0	0.0	1.0
0.0	76.0	0.0	0.0
0.0	0.0	0.0	1.0
1.0	886.0	0.0	0.0
0.0	775.0	0.0	0.0
1.0	111.0	0.0	0.0
1.0	0.0	0.0	0.0
0.0	111.0	0.0	0.0
8.0	97.0	0.0	0.0
6.0	97.0	0.0	0.0
2.0	0.0	0.0	0.0
4.0	97.0	0.0	0.0
1.0	93.0	0.0	0.0
0.0	88.0	0.0	0.0
1.0	5.0	0.0	0.0
1.0	0.0	0.0	0.0
0.0	5.0	0.0	0.0
3.0	4.0	0.0	0.0
3.0	0.0	0.0	0.0
0.0	4.0	0.0	0.0
2.0	0.0	0.0	0.0
1.0	0.0	0.0	0.0
0.0	19.0	2.0	16.0
0.0	3.0	2.0	16.0
0.0	0.0	2.0	0.0
0.0	3.0	0.0	16.0
0.0	1.0	0.0	16.0
0.0	1.0	0.0	2.0
0.0	1.0	0.0	0.0
0.0	0.0	0.0	2.0
0.0	0.0	0.0	14.0
0.0	2.0	0.0	0.0
0.0	16.0	0.0	0.0
30.0	156.0	0.0	6.0
4.0	120.0	0.0	3.0
4.0	10.0	0.0	0.0
4.0	1.0	0.0	0.0
0.0	1.0	0.0	0.0
4.0	0.0	0.0	0.0
0.0	9.0	0.0	0.0
0.0	110.0	0.0	3.0
0.0	62.0	0.0	0.0
0.0	48.0	0.0	3.0
0.0	1.0	0.0	2.0
0.0	0.0	0.0	2.0
0.0	1.0	0.0	0.0
0.0	47.0	0.0	1.0
0.0	45.0	0.0	0.0
0.0	2.0	0.0	1.0
0.0	0.0	0.0	1.0
0.0	2.0	0.0	0.0
26.0	36.0	0.0	3.0
25.0	5.0	0.0	0.0
25.0	1.0	0.0	0.0
0.0	1.0	0.0	0.0
25.0	0.0	0.0	0.0
0.0	4.0	0.0	0.0
1.0	31.0	0.0	3.0
1.0	31.0	0.0	1.0
0.0	0.0	0.0	1.0
1.0	31.0	0.0	0.0
1.0	5.0	0.0	0.0
0.0	5.0	0.0	0.0
1.0	0.0	0.0	0.0
0.0	26.0	0.0	0.0
0.0	0.0	0.0	2.0
132.0	84.0	0.0	2.0
106.0	25.0	0.0	2.0
6.0	11.0	0.0	0.0
0.0	10.0	0.0	0.0
6.0	1.0	0.0	0.0
6.0	0.0	0.0	0.0
0.0	1.0	0.0	0.0
100.0	14.0	0.0	2.0
94.0	5.0	0.0	0.0
16.0	3.0	0.0	0.0
16.0	0.0	0.0	0.0
0.0	3.0	0.0	0.0
78.0	2.0	0.0	0.0
67.0	0.0	0.0	0.0
11.0	2.0	0.0	0.0
0.0	2.0	0.0	0.0
11.0	0.0	0.0	0.0
6.0	9.0	0.0	2.0
1.0	9.0	0.0	2.0
0.0	9.0	0.0	2.0
0.0	6.0	0.0	0.0
0.0	3.0	0.0	2.0
0.0	0.0	0.0	2.0
0.0	3.0	0.0	0.0
1.0	0.0	0.0	0.0
5.0	0.0	0.0	0.0
26.0	59.0	0.0	0.0
1.0	55.0	0.0	0.0
1.0	0.0	0.0	0.0
0.0	55.0	0.0	0.0
25.0	4.0	0.0	0.0
23.0	0.0	0.0	0.0
2.0	4.0	0.0	0.0
0.0	4.0	0.0	0.0
2.0	0.0	0.0	0.0
