# Sizes (NFeatures, Nclasses, NodeCount, MaxDepth)
10	4	153	13
# Classes
0.0	1.0	2.0	3.0
# Feature Names
Nrows	Ncols	Nnnz	AvgNnnz	Density	MaxRowNnnz	MinRowNnnz	StdRowNnnz	NDiags	NTrueDiags
# Left
1	2	3	4	5	-1	7	-1	-1	10	11	12	13	-1	-1	16	17	-1	-1	-1	21	-1	-1	-1	25	26	-1	-1	29	30	-1	-1	-1	34	35	36	37	38	-1	-1	-1	42	43	-1	-1	-1	47	48	49	50	51	52	-1	54	-1	-1	57	58	-1	60	-1	62	-1	-1	-1	66	-1	-1	69	70	-1	-1	73	-1	75	76	77	-1	79	-1	-1	-1	-1	84	-1	-1	87	88	89	90	91	-1	-1	-1	95	96	-1	-1	99	100	-1	-1	103	-1	105	-1	107	-1	-1	110	-1	112	-1	-1	115	-1	117	-1	-1	-1	121	122	123	-1	-1	126	127	128	129	-1	-1	-1	133	-1	-1	136	-1	138	-1	-1	141	142	143	-1	-1	-1	147	-1	149	150	-1	-1	-1
# Right
120	33	24	9	6	-1	8	-1	-1	23	20	15	14	-1	-1	19	18	-1	-1	-1	22	-1	-1	-1	28	27	-1	-1	32	31	-1	-1	-1	119	46	41	40	39	-1	-1	-1	45	44	-1	-1	-1	86	83	68	65	56	53	-1	55	-1	-1	64	59	-1	61	-1	63	-1	-1	-1	67	-1	-1	72	71	-1	-1	74	-1	82	81	78	-1	80	-1	-1	-1	-1	85	-1	-1	114	109	94	93	92	-1	-1	-1	98	97	-1	-1	102	101	-1	-1	104	-1	106	-1	108	-1	-1	111	-1	113	-1	-1	116	-1	118	-1	-1	-1	140	125	124	-1	-1	135	132	131	130	-1	-1	-1	134	-1	-1	137	-1	139	-1	-1	146	145	144	-1	-1	-1	148	-1	152	151	-1	-1	-1
# Threshold
1365.5	112.5	75.0	53.5	3.6818149089813232	-2.0	0.3677684962749481	-2.0	-2.0	8.666665077209473	5.5515899658203125	1.5	3.091284990310669	-2.0	-2.0	21.5	5.5	-2.0	-2.0	-2.0	10.0	-2.0	-2.0	-2.0	76.5	61.5	-2.0	-2.0	6.9467151165008545	1.0	-2.0	-2.0	-2.0	392.5895080566406	6.5	1273.5	0.02046849951148033	0.5	-2.0	-2.0	-2.0	3928.5	2536.5	-2.0	-2.0	-2.0	132705.5	96769.5	32.76104927062988	0.06886979937553406	13307.5	7184.5	-2.0	7226.0	-2.0	-2.0	769.5	13317.0	-2.0	55324.0	-2.0	57607.5	-2.0	-2.0	-2.0	14.61109972000122	-2.0	-2.0	15.641950130462646	1.5	-2.0	-2.0	32.81464958190918	-2.0	57734.0	211.031005859375	102.3479995727539	-2.0	32060.0	-2.0	-2.0	-2.0	-2.0	14.669049739837646	-2.0	-2.0	13.5	338.0	0.5	4.338639974594116	665733.5	-2.0	-2.0	-2.0	144409.0	19.244910955429077	-2.0	-2.0	349.0	10.784300088882446	-2.0	-2.0	7.0366051197052	-2.0	8.032825231552124	-2.0	0.5	-2.0	-2.0	118285.5	-2.0	1194.5	-2.0	-2.0	44.387399673461914	-2.0	10296470.0	-2.0	-2.0	-2.0	3.5	159800.5	1.5	-2.0	-2.0	41472750.0	159.90250396728516	5.280849933624268	128362.5	-2.0	-2.0	-2.0	0.5	-2.0	-2.0	1310719.0	-2.0	4989105.0	-2.0	-2.0	102.59650039672852	0.00014412850578082725	92942.5	-2.0	-2.0	-2.0	3.5	-2.0	16.0	35270.5	-2.0	-2.0	-2.0
# Feature
5	0	8	2	3	-2	4	-2	-2	3	3	6	7	-2	-2	8	8	-2	-2	-2	8	-2	-2	-2	1	0	-2	-2	7	9	-2	-2	-2	3	8	0	4	6	-2	-2	-2	2	1	-2	-2	-2	0	8	7	4	8	8	-2	8	-2	-2	5	8	-2	8	-2	8	-2	-2	-2	3	-2	-2	3	6	-2	-2	7	-2	8	7	7	-2	1	-2	-2	-2	-2	7	-2	-2	6	5	6	3	1	-2	-2	-2	1	3	-2	-2	8	3	-2	-2	3	-2	3	-2	9	-2	-2	8	-2	5	-2	-2	3	-2	2	-2	-2	-2	9	2	6	-2	-2	2	7	3	8	-2	-2	-2	6	-2	-2	0	-2	8	-2	-2	7	4	1	-2	-2	-2	6	-2	6	5	-2	-2	-2
# Values
162.0	1449.0	49.0	23.0
32.0	1345.0	49.0	20.0
0.0	38.0	34.0	0.0
0.0	22.0	30.0	0.0
0.0	9.0	1.0	0.0
0.0	7.0	0.0	0.0
0.0	2.0	1.0	0.0
0.0	0.0	1.0	0.0
0.0	2.0	0.0	0.0
0.0	13.0	29.0	0.0
0.0	9.0	29.0	0.0
0.0	7.0	9.0	0.0
0.0	1.0	7.0	0.0
0.0	0.0	7.0	0.0
0.0	1.0	0.0	0.0
0.0	6.0	2.0	0.0
0.0	1.0	2.0	0.0
0.0	1.0	0.0	0.0
0.0	0.0	2.0	0.0
0.0	5.0	0.0	0.0
0.0	2.0	20.0	0.0
0.0	2.0	0.0	0.0
0.0	0.0	20.0	0.0
0.0	4.0	0.0	0.0
0.0	16.0	4.0	0.0
0.0	13.0	1.0	0.0
0.0	0.0	1.0	0.0
0.0	13.0	0.0	0.0
0.0	3.0	3.0	0.0
0.0	1.0	3.0	0.0
0.0	1.0	0.0	0.0
0.0	0.0	3.0	0.0
0.0	2.0	0.0	0.0
32.0	1307.0	15.0	20.0
32.0	1307.0	15.0	15.0
0.0	18.0	11.0	0.0
0.0	5.0	9.0	0.0
0.0	2.0	9.0	0.0
0.0	2.0	0.0	0.0
0.0	0.0	9.0	0.0
0.0	3.0	0.0	0.0
0.0	13.0	2.0	0.0
0.0	3.0	2.0	0.0
0.0	3.0	0.0	0.0
0.0	0.0	2.0	0.0
0.0	10.0	0.0	0.0
32.0	1289.0	4.0	15.0
19.0	1134.0	3.0	0.0
15.0	1127.0	3.0	0.0
5.0	1065.0	3.0	0.0
5.0	1048.0	0.0	0.0
1.0	939.0	0.0	0.0
0.0	865.0	0.0	0.0
1.0	74.0	0.0	0.0
1.0	0.0	0.0	0.0
0.0	74.0	0.0	0.0
4.0	109.0	0.0	0.0
2.0	109.0	0.0	0.0
1.0	0.0	0.0	0.0
1.0	109.0	0.0	0.0
0.0	91.0	0.0	0.0
1.0	18.0	0.0	0.0
1.0	0.0	0.0	0.0
0.0	18.0	0.0	0.0
2.0	0.0	0.0	0.0
0.0	17.0	3.0	0.0
0.0	0.0	3.0	0.0
0.0	17.0	0.0	0.0
10.0	62.0	0.0	0.0
6.0	4.0	0.0	0.0
0.0	4.0	0.0	0.0
6.0	0.0	0.0	0.0
4.0	58.0	0.0	0.0
1.0	0.0	0.0	0.0
3.0	58.0	0.0	0.0
2.0	58.0	0.0	0.0
1.0	58.0	0.0	0.0
0.0	53.0	0.0	0.0
1.0	5.0	0.0	0.0
0.0	5.0	0.0	0.0
1.0	0.0	0.0	0.0
1.0	0.0	0.0	0.0
1.0	0.0	0.0	0.0
4.0	7.0	0.0	0.0
0.0	7.0	0.0	0.0
4.0	0.0	0.0	0.0
13.0	155.0	1.0	15.0
13.0	130.0	1.0	2.0
8.0	127.0	1.0	2.0
7.0	14.0	0.0	0.0
7.0	2.0	0.0	0.0
0.0	2.0	0.0	0.0
7.0	0.0	0.0	0.0
0.0	12.0	0.0	0.0
1.0	113.0	1.0	2.0
1.0	1.0	0.0	0.0
0.0	1.0	0.0	0.0
1.0	0.0	0.0	0.0
0.0	112.0	1.0	2.0
0.0	2.0	1.0	0.0
0.0	2.0	0.0	0.0
0.0	0.0	1.0	0.0
0.0	110.0	0.0	2.0
0.0	75.0	0.0	0.0
0.0	35.0	0.0	2.0
0.0	0.0	0.0	1.0
0.0	35.0	0.0	1.0
0.0	0.0	0.0	1.0
0.0	35.0	0.0	0.0
5.0	3.0	0.0	0.0
0.0	2.0	0.0	0.0
5.0	1.0	0.0	0.0
5.0	0.0	0.0	0.0
0.0	1.0	0.0	0.0
0.0	25.0	0.0	13.0
0.0	0.0	0.0	10.0
0.0	25.0	0.0	3.0
0.0	0.0	0.0	3.0
0.0	25.0	0.0	0.0
0.0	0.0	0.0	5.0
130.0	104.0	0.0	3.0
100.0	30.0	0.0	3.0
5.0	18.0	0.0	0.0
0.0	18.0	0.0	0.0
5.0	0.0	0.0	0.0
95.0	12.0	0.0	3.0
92.0	6.0	0.0	0.0
81.0	2.0	0.0	0.0
5.0	2.0	0.0	0.0
0.0	2.0	0.0	0.0
5.0	0.0	0.0	0.0
76.0	0.0	0.0	0.0
11.0	4.0	0.0	0.0
0.0	4.0	0.0	0.0
11.0	0.0	0.0	0.0
3.0	6.0	0.0	3.0
0.0	0.0	0.0	3.0
3.0	6.0	0.0	0.0
0.0	6.0	0.0	0.0
3.0	0.0	0.0	0.0
30.0	74.0	0.0	0.0
4.0	63.0	0.0	0.0
4.0	4.0	0.0	0.0
4.0	0.0	0.0	0.0
0.0	4.0	0.0	0.0
0.0	59.0	0.0	0.0
26.0	11.0	0.0	0.0
23.0	0.0	0.0	0.0
3.0	11.0	0.0	0.0
1.0	11.0	0.0	0.0
0.0	11.0	0.0	0.0
1.0	0.0	0.0	0.0
2.0	0.0	0.0	0.0
