# Sizes (NFeatures, Nclasses, NodeCount, MaxDepth)
10	4	157	16
# Classes
0.0	1.0	2.0	3.0
# Feature Names
Nrows	Ncols	Nnnz	AvgNnnz	Density	MaxRowNnnz	MinRowNnnz	StdRowNnnz	NDiags	NTrueDiags
# Left
1	2	3	4	5	-1	7	-1	-1	10	11	-1	13	-1	-1	16	-1	-1	19	-1	21	22	23	-1	-1	26	27	28	-1	-1	-1	-1	-1	34	35	36	37	-1	39	40	41	-1	-1	-1	-1	46	-1	-1	49	50	-1	52	53	54	55	56	-1	58	-1	-1	61	62	63	-1	-1	-1	67	-1	69	70	71	-1	73	-1	-1	-1	-1	78	-1	-1	81	82	83	-1	-1	86	-1	88	-1	-1	-1	-1	93	94	-1	96	-1	-1	99	-1	101	-1	-1	104	105	-1	107	-1	-1	110	111	112	-1	-1	115	-1	-1	118	-1	120	-1	-1	123	124	125	126	-1	128	-1	-1	131	-1	133	134	-1	-1	-1	138	139	140	-1	-1	-1	144	-1	146	-1	-1	149	150	-1	-1	153	154	-1	-1	-1
# Right
122	33	18	9	6	-1	8	-1	-1	15	12	-1	14	-1	-1	17	-1	-1	20	-1	32	25	24	-1	-1	31	30	29	-1	-1	-1	-1	-1	103	48	45	38	-1	44	43	42	-1	-1	-1	-1	47	-1	-1	92	51	-1	91	80	77	60	57	-1	59	-1	-1	66	65	64	-1	-1	-1	68	-1	76	75	72	-1	74	-1	-1	-1	-1	79	-1	-1	90	85	84	-1	-1	87	-1	89	-1	-1	-1	-1	98	95	-1	97	-1	-1	100	-1	102	-1	-1	109	106	-1	108	-1	-1	117	114	113	-1	-1	116	-1	-1	119	-1	121	-1	-1	148	137	130	127	-1	129	-1	-1	132	-1	136	135	-1	-1	-1	143	142	141	-1	-1	-1	145	-1	147	-1	-1	152	151	-1	-1	156	155	-1	-1	-1
# Threshold
1487.0	112.5	33.0	57.5	12.5	-2.0	8.5	-2.0	-2.0	1.6325750350952148	351.0	-2.0	495.0	-2.0	-2.0	1.8884199857711792	-2.0	-2.0	3.891824960708618	-2.0	888.5	298.5	43.0	-2.0	-2.0	6.9467151165008545	7.5	62.5	-2.0	-2.0	-2.0	-2.0	-2.0	7570085.0	5.5	3798.0	0.9987500011920929	-2.0	0.020475399680435658	0.0008049930038396269	2536.5	-2.0	-2.0	-2.0	-2.0	980.5	-2.0	-2.0	96769.5	3.997974999947473e-06	-2.0	188.5605010986328	32.099748611450195	0.06886979937553406	7.5	5.775754928588867	-2.0	1109.0	-2.0	-2.0	568.0	373.5	364.5	-2.0	-2.0	-2.0	581.5	-2.0	0.0011843550018966198	27.879600524902344	14205.0	-2.0	0.0002694768409128301	-2.0	-2.0	-2.0	-2.0	15.527699947357178	-2.0	-2.0	0.002744595054537058	15.641950130462646	0.0018261700752191246	-2.0	-2.0	0.0022471450502052903	-2.0	29493.5	-2.0	-2.0	-2.0	-2.0	13.715400218963623	295.5	-2.0	348.0	-2.0	-2.0	3.2524649213883094e-05	-2.0	50.9505500793457	-2.0	-2.0	7686.0	37.5	-2.0	44.16670036315918	-2.0	-2.0	452.0	0.5	2411675.0	-2.0	-2.0	7749920.0	-2.0	-2.0	45.55759906768799	-2.0	57902300.0	-2.0	-2.0	9416.0	3.5	22910.0	1.5	-2.0	7.814975023269653	-2.0	-2.0	6902.5	-2.0	2.0	0.5	-2.0	-2.0	-2.0	97.77119827270508	0.00014412850578082725	117792.5	-2.0	-2.0	-2.0	6.0	-2.0	72.97994995117188	-2.0	-2.0	0.5	1.5416900168929715e-05	-2.0	-2.0	95.08224868774414	262051.0	-2.0	-2.0	-2.0
# Feature
5	1	8	2	8	-2	9	-2	-2	7	2	-2	2	-2	-2	7	-2	-2	3	-2	2	2	0	-2	-2	7	5	0	-2	-2	-2	-2	-2	2	8	2	3	-2	4	4	0	-2	-2	-2	-2	1	-2	-2	8	4	-2	7	7	4	8	3	-2	0	-2	-2	5	0	1	-2	-2	-2	5	-2	4	7	8	-2	4	-2	-2	-2	-2	3	-2	-2	4	3	4	-2	-2	4	-2	1	-2	-2	-2	-2	7	5	-2	5	-2	-2	4	-2	3	-2	-2	8	8	-2	3	-2	-2	5	6	0	-2	-2	2	-2	-2	3	-2	2	-2	-2	5	9	8	6	-2	3	-2	-2	5	-2	9	6	-2	-2	-2	7	4	1	-2	-2	-2	6	-2	3	-2	-2	6	4	-2	-2	7	8	-2	-2	-2
# Values
173.0	1411.0	67.0	32.0
34.0	1323.0	67.0	28.0
0.0	38.0	38.0	0.0
0.0	8.0	23.0	0.0
0.0	6.0	2.0	0.0
0.0	5.0	0.0	0.0
0.0	1.0	2.0	0.0
0.0	0.0	2.0	0.0
0.0	1.0	0.0	0.0
0.0	2.0	21.0	0.0
0.0	1.0	20.0	0.0
0.0	0.0	16.0	0.0
0.0	1.0	4.0	0.0
0.0	1.0	0.0	0.0
0.0	0.0	4.0	0.0
0.0	1.0	1.0	0.0
0.0	1.0	0.0	0.0
0.0	0.0	1.0	0.0
0.0	30.0	15.0	0.0
0.0	16.0	0.0	0.0
0.0	14.0	15.0	0.0
0.0	8.0	15.0	0.0
0.0	6.0	3.0	0.0
0.0	0.0	3.0	0.0
0.0	6.0	0.0	0.0
0.0	2.0	12.0	0.0
0.0	1.0	12.0	0.0
0.0	1.0	1.0	0.0
0.0	1.0	0.0	0.0
0.0	0.0	1.0	0.0
0.0	0.0	11.0	0.0
0.0	1.0	0.0	0.0
0.0	6.0	0.0	0.0
34.0	1285.0	29.0	28.0
28.0	1205.0	19.0	2.0
0.0	15.0	11.0	0.0
0.0	3.0	10.0	0.0
0.0	1.0	0.0	0.0
0.0	2.0	10.0	0.0
0.0	1.0	10.0	0.0
0.0	1.0	3.0	0.0
0.0	1.0	0.0	0.0
0.0	0.0	3.0	0.0
0.0	0.0	7.0	0.0
0.0	1.0	0.0	0.0
0.0	12.0	1.0	0.0
0.0	0.0	1.0	0.0
0.0	12.0	0.0	0.0
28.0	1190.0	8.0	2.0
15.0	1139.0	8.0	2.0
2.0	0.0	0.0	0.0
13.0	1139.0	8.0	2.0
11.0	1139.0	8.0	2.0
3.0	1090.0	8.0	2.0
3.0	1078.0	4.0	2.0
0.0	23.0	4.0	0.0
0.0	18.0	0.0	0.0
0.0	5.0	4.0	0.0
0.0	0.0	4.0	0.0
0.0	5.0	0.0	0.0
3.0	1055.0	0.0	2.0
0.0	944.0	0.0	2.0
0.0	66.0	0.0	2.0
0.0	66.0	0.0	0.0
0.0	0.0	0.0	2.0
0.0	878.0	0.0	0.0
3.0	111.0	0.0	0.0
1.0	0.0	0.0	0.0
2.0	111.0	0.0	0.0
2.0	13.0	0.0	0.0
1.0	13.0	0.0	0.0
0.0	9.0	0.0	0.0
1.0	4.0	0.0	0.0
0.0	4.0	0.0	0.0
1.0	0.0	0.0	0.0
1.0	0.0	0.0	0.0
0.0	98.0	0.0	0.0
0.0	12.0	4.0	0.0
0.0	0.0	4.0	0.0
0.0	12.0	0.0	0.0
8.0	49.0	0.0	0.0
8.0	12.0	0.0	0.0
6.0	1.0	0.0	0.0
6.0	0.0	0.0	0.0
0.0	1.0	0.0	0.0
2.0	11.0	0.0	0.0
0.0	10.0	0.0	0.0
2.0	1.0	0.0	0.0
0.0	1.0	0.0	0.0
2.0	0.0	0.0	0.0
0.0	37.0	0.0	0.0
2.0	0.0	0.0	0.0
13.0	51.0	0.0	0.0
2.0	49.0	0.0	0.0
0.0	45.0	0.0	0.0
2.0	4.0	0.0	0.0
2.0	0.0	0.0	0.0
0.0	4.0	0.0	0.0
11.0	2.0	0.0	0.0
0.0	1.0	0.0	0.0
11.0	1.0	0.0	0.0
11.0	0.0	0.0	0.0
0.0	1.0	0.0	0.0
6.0	80.0	10.0	26.0
0.0	8.0	10.0	19.0
0.0	0.0	10.0	0.0
0.0	8.0	0.0	19.0
0.0	0.0	0.0	19.0
0.0	8.0	0.0	0.0
6.0	72.0	0.0	7.0
2.0	71.0	0.0	3.0
2.0	0.0	0.0	1.0
0.0	0.0	0.0	1.0
2.0	0.0	0.0	0.0
0.0	71.0	0.0	2.0
0.0	0.0	0.0	2.0
0.0	71.0	0.0	0.0
4.0	1.0	0.0	4.0
4.0	0.0	0.0	0.0
0.0	1.0	0.0	4.0
0.0	0.0	0.0	4.0
0.0	1.0	0.0	0.0
139.0	88.0	0.0	4.0
58.0	82.0	0.0	4.0
46.0	19.0	0.0	1.0
7.0	17.0	0.0	0.0
0.0	16.0	0.0	0.0
7.0	1.0	0.0	0.0
0.0	1.0	0.0	0.0
7.0	0.0	0.0	0.0
39.0	2.0	0.0	1.0
38.0	0.0	0.0	0.0
1.0	2.0	0.0	1.0
1.0	0.0	0.0	1.0
1.0	0.0	0.0	0.0
0.0	0.0	0.0	1.0
0.0	2.0	0.0	0.0
12.0	63.0	0.0	3.0
4.0	56.0	0.0	0.0
4.0	3.0	0.0	0.0
4.0	0.0	0.0	0.0
0.0	3.0	0.0	0.0
0.0	53.0	0.0	0.0
8.0	7.0	0.0	3.0
8.0	0.0	0.0	0.0
0.0	7.0	0.0	3.0
0.0	0.0	0.0	3.0
0.0	7.0	0.0	0.0
81.0	6.0	0.0	0.0
10.0	5.0	0.0	0.0
10.0	0.0	0.0	0.0
0.0	5.0	0.0	0.0
71.0	1.0	0.0	0.0
1.0	1.0	0.0	0.0
0.0	1.0	0.0	0.0
1.0	0.0	0.0	0.0
70.0	0.0	0.0	0.0
