# Sizes (NFeatures, Nclasses, NodeCount, MaxDepth)
10	4	147	11
# Classes
0.0	1.0	2.0	3.0
# Feature Names
Nrows	Ncols	Nnnz	AvgNnnz	Density	MaxRowNnnz	MinRowNnnz	StdRowNnnz	NDiags	NTrueDiags
# Left
1	2	3	4	5	-1	-1	8	9	-1	-1	12	-1	-1	15	-1	17	18	19	-1	-1	-1	23	-1	25	-1	27	-1	-1	30	31	32	33	34	-1	36	-1	-1	-1	40	41	42	43	-1	-1	46	47	-1	49	-1	-1	52	53	-1	-1	-1	57	58	-1	60	-1	62	-1	-1	-1	66	67	68	-1	-1	-1	72	73	-1	-1	-1	-1	78	79	80	-1	-1	-1	84	85	86	-1	-1	89	90	91	92	-1	94	-1	-1	-1	-1	99	-1	-1	-1	103	104	105	106	107	-1	109	-1	-1	-1	-1	114	115	116	117	118	-1	-1	-1	122	-1	-1	125	-1	127	-1	-1	130	131	-1	133	134	-1	-1	-1	-1	139	-1	141	-1	143	144	-1	-1	-1
# Right
102	29	14	7	6	-1	-1	11	10	-1	-1	13	-1	-1	16	-1	22	21	20	-1	-1	-1	24	-1	26	-1	28	-1	-1	77	76	39	38	35	-1	37	-1	-1	-1	65	56	45	44	-1	-1	51	48	-1	50	-1	-1	55	54	-1	-1	-1	64	59	-1	61	-1	63	-1	-1	-1	71	70	69	-1	-1	-1	75	74	-1	-1	-1	-1	83	82	81	-1	-1	-1	101	88	87	-1	-1	98	97	96	93	-1	95	-1	-1	-1	-1	100	-1	-1	-1	138	113	112	111	108	-1	110	-1	-1	-1	-1	129	124	121	120	119	-1	-1	-1	123	-1	-1	126	-1	128	-1	-1	137	132	-1	136	135	-1	-1	-1	-1	140	-1	142	-1	146	145	-1	-1	-1
# Threshold
1379.0	202.5	32.5	16.0	1.9547899961471558	-2.0	-2.0	10.0	87.0	-2.0	-2.0	0.0433096494525671	-2.0	-2.0	0.061102598905563354	-2.0	10.5	0.07097095251083374	58.5	-2.0	-2.0	-2.0	0.07366689667105675	-2.0	4.0	-2.0	2354.5	-2.0	-2.0	6584375.0	188.5605010986328	2.0	3348.0	0.0004989840090274811	-2.0	0.0008049930038396269	-2.0	-2.0	-2.0	56348.0	568.0	241.5	0.4782015085220337	-2.0	-2.0	226.5	0.03372740000486374	-2.0	0.03406894952058792	-2.0	-2.0	230.5	28.104599952697754	-2.0	-2.0	-2.0	0.0014293550048023462	50064.5	-2.0	9.731904983520508	-2.0	1110.5	-2.0	-2.0	-2.0	13.624000072479248	3.0849599838256836	11.0	-2.0	-2.0	-2.0	2.0	1431246.0	-2.0	-2.0	-2.0	-2.0	8410.5	42.83300018310547	33.5	-2.0	-2.0	-2.0	96.66640090942383	7749920.0	33.35055065155029	-2.0	-2.0	523.0	15539650.0	14903650.0	347.0	-2.0	64.92100143432617	-2.0	-2.0	-2.0	-2.0	3.476055007922696e-05	-2.0	-2.0	-2.0	3.5	22262.0	0.0015044400352053344	10.868550300598145	1.5	-2.0	119271.5	-2.0	-2.0	-2.0	-2.0	20.481249809265137	6.093780040740967	1399795.0	192828.0	351847.5	-2.0	-2.0	-2.0	20.884300231933594	-2.0	-2.0	159.90250396728516	-2.0	0.5	-2.0	-2.0	1.5	327680.0	-2.0	9.993995081458706e-05	455.21099853515625	-2.0	-2.0	-2.0	-2.0	102.59650039672852	-2.0	2.0	-2.0	35965.0	3620.5	-2.0	-2.0	-2.0
# Feature
5	1	8	1	7	-2	-2	8	0	-2	-2	4	-2	-2	4	-2	5	4	8	-2	-2	-2	4	-2	6	-2	2	-2	-2	2	7	5	0	4	-2	4	-2	-2	-2	8	5	1	7	-2	-2	5	4	-2	4	-2	-2	5	7	-2	-2	-2	4	2	-2	3	-2	5	-2	-2	-2	7	3	5	-2	-2	-2	6	2	-2	-2	-2	-2	8	3	8	-2	-2	-2	7	2	3	-2	-2	5	2	2	5	-2	7	-2	-2	-2	-2	4	-2	-2	-2	9	8	4	3	6	-2	2	-2	-2	-2	-2	3	3	2	1	2	-2	-2	-2	7	-2	-2	7	-2	6	-2	-2	6	1	-2	4	7	-2	-2	-2	-2	7	-2	6	-2	1	1	-2	-2	-2
# Values
148.0	1444.0	61.0	30.0
33.0	1358.0	61.0	28.0
0.0	70.0	48.0	0.0
0.0	15.0	35.0	0.0
0.0	10.0	3.0	0.0
0.0	10.0	0.0	0.0
0.0	0.0	3.0	0.0
0.0	5.0	32.0	0.0
0.0	4.0	6.0	0.0
0.0	4.0	0.0	0.0
0.0	0.0	6.0	0.0
0.0	1.0	26.0	0.0
0.0	1.0	0.0	0.0
0.0	0.0	26.0	0.0
0.0	55.0	13.0	0.0
0.0	34.0	0.0	0.0
0.0	21.0	13.0	0.0
0.0	1.0	7.0	0.0
0.0	1.0	1.0	0.0
0.0	1.0	0.0	0.0
0.0	0.0	1.0	0.0
0.0	0.0	6.0	0.0
0.0	20.0	6.0	0.0
0.0	0.0	3.0	0.0
0.0	20.0	3.0	0.0
0.0	15.0	0.0	0.0
0.0	5.0	3.0	0.0
0.0	0.0	3.0	0.0
0.0	5.0	0.0	0.0
33.0	1288.0	13.0	28.0
30.0	1201.0	9.0	0.0
25.0	1201.0	9.0	0.0
0.0	5.0	6.0	0.0
0.0	2.0	6.0	0.0
0.0	0.0	3.0	0.0
0.0	2.0	3.0	0.0
0.0	2.0	0.0	0.0
0.0	0.0	3.0	0.0
0.0	3.0	0.0	0.0
25.0	1196.0	3.0	0.0
11.0	1124.0	3.0	0.0
2.0	1015.0	3.0	0.0
0.0	9.0	2.0	0.0
0.0	0.0	2.0	0.0
0.0	9.0	0.0	0.0
2.0	1006.0	1.0	0.0
0.0	946.0	1.0	0.0
0.0	899.0	0.0	0.0
0.0	47.0	1.0	0.0
0.0	0.0	1.0	0.0
0.0	47.0	0.0	0.0
2.0	60.0	0.0	0.0
2.0	1.0	0.0	0.0
2.0	0.0	0.0	0.0
0.0	1.0	0.0	0.0
0.0	59.0	0.0	0.0
9.0	109.0	0.0	0.0
9.0	11.0	0.0	0.0
0.0	8.0	0.0	0.0
9.0	3.0	0.0	0.0
8.0	0.0	0.0	0.0
1.0	3.0	0.0	0.0
0.0	3.0	0.0	0.0
1.0	0.0	0.0	0.0
0.0	98.0	0.0	0.0
14.0	72.0	0.0	0.0
2.0	69.0	0.0	0.0
2.0	1.0	0.0	0.0
0.0	1.0	0.0	0.0
2.0	0.0	0.0	0.0
0.0	68.0	0.0	0.0
12.0	3.0	0.0	0.0
4.0	3.0	0.0	0.0
4.0	0.0	0.0	0.0
0.0	3.0	0.0	0.0
8.0	0.0	0.0	0.0
5.0	0.0	0.0	0.0
3.0	87.0	4.0	28.0
0.0	10.0	4.0	22.0
0.0	0.0	4.0	22.0
0.0	0.0	4.0	0.0
0.0	0.0	0.0	22.0
0.0	10.0	0.0	0.0
3.0	77.0	0.0	6.0
3.0	77.0	0.0	4.0
0.0	4.0	0.0	3.0
0.0	0.0	0.0	3.0
0.0	4.0	0.0	0.0
3.0	73.0	0.0	1.0
1.0	71.0	0.0	1.0
1.0	12.0	0.0	1.0
0.0	12.0	0.0	1.0
0.0	10.0	0.0	0.0
0.0	2.0	0.0	1.0
0.0	0.0	0.0	1.0
0.0	2.0	0.0	0.0
1.0	0.0	0.0	0.0
0.0	59.0	0.0	0.0
2.0	2.0	0.0	0.0
2.0	0.0	0.0	0.0
0.0	2.0	0.0	0.0
0.0	0.0	0.0	2.0
115.0	86.0	0.0	2.0
90.0	31.0	0.0	2.0
10.0	17.0	0.0	0.0
3.0	17.0	0.0	0.0
1.0	17.0	0.0	0.0
0.0	15.0	0.0	0.0
1.0	2.0	0.0	0.0
1.0	0.0	0.0	0.0
0.0	2.0	0.0	0.0
2.0	0.0	0.0	0.0
7.0	0.0	0.0	0.0
80.0	14.0	0.0	2.0
77.0	8.0	0.0	0.0
13.0	6.0	0.0	0.0
1.0	5.0	0.0	0.0
1.0	1.0	0.0	0.0
0.0	1.0	0.0	0.0
1.0	0.0	0.0	0.0
0.0	4.0	0.0	0.0
12.0	1.0	0.0	0.0
0.0	1.0	0.0	0.0
12.0	0.0	0.0	0.0
64.0	2.0	0.0	0.0
60.0	0.0	0.0	0.0
4.0	2.0	0.0	0.0
0.0	2.0	0.0	0.0
4.0	0.0	0.0	0.0
3.0	6.0	0.0	2.0
1.0	6.0	0.0	2.0
0.0	5.0	0.0	0.0
1.0	1.0	0.0	2.0
1.0	1.0	0.0	0.0
1.0	0.0	0.0	0.0
0.0	1.0	0.0	0.0
0.0	0.0	0.0	2.0
2.0	0.0	0.0	0.0
25.0	55.0	0.0	0.0
0.0	50.0	0.0	0.0
25.0	5.0	0.0	0.0
20.0	0.0	0.0	0.0
5.0	5.0	0.0	0.0
5.0	2.0	0.0	0.0
0.0	2.0	0.0	0.0
5.0	0.0	0.0	0.0
0.0	3.0	0.0	0.0
