# Sizes (NFeatures, Nclasses, NodeCount, MaxDepth)
10	6	347	12
# Classes
0.0	1.0	2.0	3.0	4.0	5.0
# Feature Names
Nrows	Ncols	Nnnz	AvgNnnz	Density	MaxRowNnnz	MinRowNnnz	StdRowNnnz	NDiags	NTrueDiags
# Left
1	2	3	4	5	6	7	8	-1	10	-1	-1	-1	-1	15	16	-1	18	-1	20	-1	22	-1	-1	25	-1	-1	-1	29	30	-1	32	33	-1	-1	-1	-1	38	39	40	-1	42	-1	44	45	-1	-1	-1	49	50	-1	52	53	-1	55	-1	-1	58	59	60	61	-1	-1	-1	-1	-1	67	68	69	70	71	-1	73	-1	-1	-1	-1	78	79	-1	81	-1	-1	84	-1	-1	87	88	89	-1	-1	92	93	94	-1	96	-1	-1	99	-1	-1	-1	103	-1	105	106	-1	-1	-1	-1	111	112	113	114	115	116	117	-1	119	-1	121	122	123	-1	-1	-1	127	-1	129	-1	-1	132	-1	134	-1	-1	137	138	139	140	141	-1	-1	-1	-1	-1	-1	148	149	-1	151	-1	-1	-1	155	156	157	158	159	-1	161	-1	-1	-1	-1	-1	167	-1	169	-1	171	-1	-1	174	175	176	177	178	179	-1	-1	-1	183	-1	185	186	187	188	-1	-1	191	-1	-1	194	-1	-1	-1	198	199	200	-1	-1	203	-1	-1	-1	207	208	-1	-1	211	-1	213	-1	-1	-1	217	218	219	220	221	222	223	-1	225	-1	227	-1	-1	230	231	-1	233	234	-1	-1	-1	-1	-1	240	241	-1	-1	244	-1	-1	247	248	249	250	-1	-1	-1	254	-1	256	-1	-1	259	-1	261	-1	-1	264	265	266	-1	268	269	270	-1	-1	-1	274	-1	-1	277	-1	-1	280	-1	282	283	284	285	286	-1	-1	-1	-1	-1	-1	293	294	295	296	-1	298	299	300	-1	-1	-1	304	305	-1	307	-1	-1	-1	311	312	-1	-1	-1	316	-1	318	319	-1	321	322	-1	324	325	-1	-1	-1	329	-1	-1	-1	333	334	-1	336	-1	338	-1	340	341	-1	-1	-1	345	-1	-1
# Right
110	37	28	27	14	13	12	9	-1	11	-1	-1	-1	-1	24	17	-1	19	-1	21	-1	23	-1	-1	26	-1	-1	-1	36	31	-1	35	34	-1	-1	-1	-1	109	48	41	-1	43	-1	47	46	-1	-1	-1	66	51	-1	57	54	-1	56	-1	-1	65	64	63	62	-1	-1	-1	-1	-1	86	77	76	75	72	-1	74	-1	-1	-1	-1	83	80	-1	82	-1	-1	85	-1	-1	102	91	90	-1	-1	101	98	95	-1	97	-1	-1	100	-1	-1	-1	104	-1	108	107	-1	-1	-1	-1	216	173	154	147	136	131	118	-1	120	-1	126	125	124	-1	-1	-1	128	-1	130	-1	-1	133	-1	135	-1	-1	146	145	144	143	142	-1	-1	-1	-1	-1	-1	153	150	-1	152	-1	-1	-1	166	165	164	163	160	-1	162	-1	-1	-1	-1	-1	168	-1	170	-1	172	-1	-1	215	206	197	182	181	180	-1	-1	-1	184	-1	196	193	190	189	-1	-1	192	-1	-1	195	-1	-1	-1	205	202	201	-1	-1	204	-1	-1	-1	210	209	-1	-1	212	-1	214	-1	-1	-1	292	263	246	239	238	229	224	-1	226	-1	228	-1	-1	237	232	-1	236	235	-1	-1	-1	-1	-1	243	242	-1	-1	245	-1	-1	258	253	252	251	-1	-1	-1	255	-1	257	-1	-1	260	-1	262	-1	-1	279	276	267	-1	273	272	271	-1	-1	-1	275	-1	-1	278	-1	-1	281	-1	291	290	289	288	287	-1	-1	-1	-1	-1	-1	332	315	310	297	-1	303	302	301	-1	-1	-1	309	306	-1	308	-1	-1	-1	314	313	-1	-1	-1	317	-1	331	320	-1	328	323	-1	327	326	-1	-1	-1	330	-1	-1	-1	344	335	-1	337	-1	339	-1	343	342	-1	-1	-1	346	-1	-1
# Threshold
14667.5	1.031125009059906	38.5	14.5	1840.5	0.6253099739551544	1124.0	0.020366650074720383	-2.0	5.0	-2.0	-2.0	-2.0	-2.0	5.336464881896973	959.0	-2.0	4338.5	-2.0	1480.5	-2.0	12174.5	-2.0	-2.0	6.5	-2.0	-2.0	-2.0	4.5	2714.0	-2.0	3.5	10.0	-2.0	-2.0	-2.0	-2.0	1252.5	1055.0	0.5	-2.0	61.5	-2.0	61.5	5.5	-2.0	-2.0	-2.0	2.5	1188.5	-2.0	15.5	11.5	-2.0	0.013269740156829357	-2.0	-2.0	17.8393497467041	3173.5	0.5	7.6494300365448	-2.0	-2.0	-2.0	-2.0	-2.0	1.5	0.0039958900306373835	8539.5	1600.5	35.0	-2.0	5853.5	-2.0	-2.0	-2.0	-2.0	2.9760050773620605	3.740939974784851	-2.0	1.9804649949073792	-2.0	-2.0	1272.0	-2.0	-2.0	858.5	0.012280949857085943	4.5	-2.0	-2.0	21.9618501663208	7.5	16.87105083465576	-2.0	19.92685031890869	-2.0	-2.0	14.01859998703003	-2.0	-2.0	-2.0	12.5	-2.0	3.5	13.5	-2.0	-2.0	-2.0	-2.0	209.5	4.025130033493042	111591.0	82295.0	8974.5	0.002071320079267025	5.728539943695068	-2.0	1.5	-2.0	13.5	8.5	8.0	-2.0	-2.0	-2.0	4512.5	-2.0	13.0	-2.0	-2.0	14.0	-2.0	1.5	-2.0	-2.0	4.0	197489.0	22027.0	13520.5	13402.0	-2.0	-2.0	-2.0	-2.0	-2.0	-2.0	5.5	5.867900108569302e-05	-2.0	4.5	-2.0	-2.0	-2.0	46469.0	1.5	14.808150291442871	2.79239002338727e-05	0.5	-2.0	2.2408099539461546e-05	-2.0	-2.0	-2.0	-2.0	-2.0	1043880.0	-2.0	3.499614953994751	-2.0	1055490.0	-2.0	-2.0	30.0	11.0	10.5	774.0	6.0	15348.0	-2.0	-2.0	-2.0	60.5	-2.0	1.5	4.0	6579.5	55831.0	-2.0	-2.0	26.192099571228027	-2.0	-2.0	0.0009622179932193831	-2.0	-2.0	-2.0	17.28969955444336	20.0	6.711854934692383	-2.0	-2.0	1168.5	-2.0	-2.0	-2.0	6.429335117340088	25.5	-2.0	-2.0	13.199599742889404	-2.0	15283.0	-2.0	-2.0	-2.0	29099.0	15.93565034866333	3.5	10206.0	3.0	1.5	0.001348254969343543	-2.0	475.0	-2.0	4826.0	-2.0	-2.0	10.017935276031494	3814.0	-2.0	975.0	7868.0	-2.0	-2.0	-2.0	-2.0	-2.0	12.637850284576416	19497.0	-2.0	-2.0	0.5	-2.0	-2.0	14008.0	0.0040659799706190825	16.0	3914.5	-2.0	-2.0	-2.0	1054.0	-2.0	2483.5	-2.0	-2.0	14398.0	-2.0	0.0006629044946748763	-2.0	-2.0	5.5	61.84055137634277	1727.5	-2.0	16.0	76.37604904174805	28.14395046234131	-2.0	-2.0	-2.0	10230.0	-2.0	-2.0	13963.0	-2.0	-2.0	98867.0	-2.0	18621.0	0.0834290012717247	0.015869149938225746	496.5	0.0068448749370872974	-2.0	-2.0	-2.0	-2.0	-2.0	-2.0	6.5	107571.5	86373.0	9.306329727172852	-2.0	49482.0	6.771179914474487	0.5	-2.0	-2.0	-2.0	81056.5	38464.5	-2.0	9.58657474257052e-05	-2.0	-2.0	-2.0	215393.5	810896.5	-2.0	-2.0	-2.0	7.113219976425171	-2.0	1.5	1260295.0	-2.0	18.756549835205078	290485.0	-2.0	7.935734748840332	7.147505129978526e-06	-2.0	-2.0	-2.0	359385.0	-2.0	-2.0	-2.0	85554.5	30207.5	-2.0	1.5	-2.0	7.5	-2.0	58689.0	3590405.0	-2.0	-2.0	-2.0	44.5	-2.0	-2.0
# Feature
2	7	8	8	2	7	2	4	-2	5	-2	-2	-2	-2	3	0	-2	2	-2	1	-2	2	-2	-2	5	-2	-2	-2	9	2	-2	9	5	-2	-2	-2	-2	5	2	6	-2	1	-2	8	9	-2	-2	-2	9	2	-2	5	5	-2	4	-2	-2	7	2	9	7	-2	-2	-2	-2	-2	6	4	2	8	5	-2	2	-2	-2	-2	-2	7	3	-2	7	-2	-2	8	-2	-2	1	4	9	-2	-2	7	6	7	-2	7	-2	-2	3	-2	-2	-2	5	-2	6	5	-2	-2	-2	-2	5	7	1	0	8	4	3	-2	6	-2	5	5	9	-2	-2	-2	1	-2	9	-2	-2	5	-2	9	-2	-2	6	2	8	8	1	-2	-2	-2	-2	-2	-2	6	4	-2	6	-2	-2	-2	8	9	3	4	6	-2	4	-2	-2	-2	-2	-2	0	-2	3	-2	0	-2	-2	9	6	9	8	9	1	-2	-2	-2	5	-2	9	6	0	2	-2	-2	7	-2	-2	4	-2	-2	-2	3	9	7	-2	-2	1	-2	-2	-2	7	6	-2	-2	7	-2	8	-2	-2	-2	1	3	9	0	6	6	4	-2	5	-2	8	-2	-2	3	0	-2	5	8	-2	-2	-2	-2	-2	3	0	-2	-2	6	-2	-2	0	4	9	0	-2	-2	-2	5	-2	0	-2	-2	8	-2	4	-2	-2	6	3	1	-2	9	7	7	-2	-2	-2	8	-2	-2	8	-2	-2	2	-2	1	4	4	5	4	-2	-2	-2	-2	-2	-2	9	8	1	7	-2	8	3	6	-2	-2	-2	8	1	-2	4	-2	-2	-2	1	2	-2	-2	-2	7	-2	6	2	-2	3	0	-2	3	4	-2	-2	-2	0	-2	-2	-2	0	1	-2	6	-2	6	-2	8	2	-2	-2	-2	9	-2	-2
# Values
195.0	1348.0	22.0	2.0	5.0	111.0
19.0	465.0	22.0	2.0	4.0	38.0
4.0	90.0	18.0	0.0	0.0	5.0
0.0	46.0	18.0	0.0	0.0	5.0
0.0	44.0	11.0	0.0	0.0	5.0
0.0	13.0	6.0	0.0	0.0	0.0
0.0	13.0	4.0	0.0	0.0	0.0
0.0	13.0	2.0	0.0	0.0	0.0
0.0	7.0	0.0	0.0	0.0	0.0
0.0	6.0	2.0	0.0	0.0	0.0
0.0	3.0	2.0	0.0	0.0	0.0
0.0	3.0	0.0	0.0	0.0	0.0
0.0	0.0	2.0	0.0	0.0	0.0
0.0	0.0	2.0	0.0	0.0	0.0
0.0	31.0	5.0	0.0	0.0	5.0
0.0	26.0	5.0	0.0	0.0	2.0
0.0	10.0	0.0	0.0	0.0	0.0
0.0	16.0	5.0	0.0	0.0	2.0
0.0	5.0	2.0	0.0	0.0	2.0
0.0	11.0	3.0	0.0	0.0	0.0
0.0	3.0	2.0	0.0	0.0	0.0
0.0	8.0	1.0	0.0	0.0	0.0
0.0	7.0	0.0	0.0	0.0	0.0
0.0	1.0	1.0	0.0	0.0	0.0
0.0	5.0	0.0	0.0	0.0	3.0
0.0	4.0	0.0	0.0	0.0	2.0
0.0	1.0	0.0	0.0	0.0	1.0
0.0	2.0	7.0	0.0	0.0	0.0
4.0	44.0	0.0	0.0	0.0	0.0
4.0	20.0	0.0	0.0	0.0	0.0
0.0	12.0	0.0	0.0	0.0	0.0
4.0	8.0	0.0	0.0	0.0	0.0
2.0	7.0	0.0	0.0	0.0	0.0
0.0	4.0	0.0	0.0	0.0	0.0
2.0	3.0	0.0	0.0	0.0	0.0
2.0	1.0	0.0	0.0	0.0	0.0
0.0	24.0	0.0	0.0	0.0	0.0
15.0	375.0	4.0	2.0	4.0	33.0
15.0	305.0	4.0	2.0	4.0	33.0
0.0	52.0	3.0	0.0	0.0	0.0
0.0	17.0	0.0	0.0	0.0	0.0
0.0	35.0	3.0	0.0	0.0	0.0
0.0	8.0	0.0	0.0	0.0	0.0
0.0	27.0	3.0	0.0	0.0	0.0
0.0	6.0	3.0	0.0	0.0	0.0
0.0	3.0	3.0	0.0	0.0	0.0
0.0	3.0	0.0	0.0	0.0	0.0
0.0	21.0	0.0	0.0	0.0	0.0
15.0	253.0	1.0	2.0	4.0	33.0
4.0	68.0	0.0	2.0	0.0	1.0
3.0	0.0	0.0	0.0	0.0	0.0
1.0	68.0	0.0	2.0	0.0	1.0
0.0	14.0	0.0	2.0	0.0	0.0
0.0	9.0	0.0	0.0	0.0	0.0
0.0	5.0	0.0	2.0	0.0	0.0
0.0	4.0	0.0	0.0	0.0	0.0
0.0	1.0	0.0	2.0	0.0	0.0
1.0	54.0	0.0	0.0	0.0	1.0
1.0	52.0	0.0	0.0	0.0	0.0
1.0	10.0	0.0	0.0	0.0	0.0
1.0	8.0	0.0	0.0	0.0	0.0
0.0	7.0	0.0	0.0	0.0	0.0
1.0	1.0	0.0	0.0	0.0	0.0
0.0	2.0	0.0	0.0	0.0	0.0
0.0	42.0	0.0	0.0	0.0	0.0
0.0	2.0	0.0	0.0	0.0	1.0
11.0	185.0	1.0	0.0	4.0	32.0
6.0	102.0	0.0	0.0	4.0	22.0
1.0	45.0	0.0	0.0	4.0	7.0
0.0	40.0	0.0	0.0	4.0	7.0
0.0	9.0	0.0	0.0	0.0	2.0
0.0	2.0	0.0	0.0	0.0	0.0
0.0	7.0	0.0	0.0	0.0	2.0
0.0	2.0	0.0	0.0	0.0	1.0
0.0	5.0	0.0	0.0	0.0	1.0
0.0	31.0	0.0	0.0	4.0	5.0
1.0	5.0	0.0	0.0	0.0	0.0
5.0	57.0	0.0	0.0	0.0	15.0
5.0	37.0	0.0	0.0	0.0	13.0
2.0	33.0	0.0	0.0	0.0	9.0
3.0	4.0	0.0	0.0	0.0	4.0
3.0	4.0	0.0	0.0	0.0	0.0
0.0	0.0	0.0	0.0	0.0	4.0
0.0	20.0	0.0	0.0	0.0	2.0
0.0	20.0	0.0	0.0	0.0	0.0
0.0	0.0	0.0	0.0	0.0	2.0
5.0	83.0	1.0	0.0	0.0	10.0
1.0	64.0	1.0	0.0	0.0	10.0
0.0	5.0	1.0	0.0	0.0	4.0
0.0	3.0	0.0	0.0	0.0	0.0
0.0	2.0	1.0	0.0	0.0	4.0
1.0	59.0	0.0	0.0	0.0	6.0
0.0	58.0	0.0	0.0	0.0	6.0
0.0	51.0	0.0	0.0	0.0	3.0
0.0	43.0	0.0	0.0	0.0	0.0
0.0	8.0	0.0	0.0	0.0	3.0
0.0	2.0	0.0	0.0	0.0	3.0
0.0	6.0	0.0	0.0	0.0	0.0
0.0	7.0	0.0	0.0	0.0	3.0
0.0	5.0	0.0	0.0	0.0	0.0
0.0	2.0	0.0	0.0	0.0	3.0
1.0	1.0	0.0	0.0	0.0	0.0
4.0	19.0	0.0	0.0	0.0	0.0
0.0	7.0	0.0	0.0	0.0	0.0
4.0	12.0	0.0	0.0	0.0	0.0
3.0	7.0	0.0	0.0	0.0	0.0
1.0	5.0	0.0	0.0	0.0	0.0
2.0	2.0	0.0	0.0	0.0	0.0
1.0	5.0	0.0	0.0	0.0	0.0
0.0	70.0	0.0	0.0	0.0	0.0
176.0	883.0	0.0	0.0	1.0	73.0
13.0	667.0	0.0	0.0	0.0	36.0
7.0	289.0	0.0	0.0	0.0	23.0
7.0	165.0	0.0	0.0	0.0	14.0
3.0	154.0	0.0	0.0	0.0	14.0
3.0	110.0	0.0	0.0	0.0	5.0
1.0	95.0	0.0	0.0	0.0	5.0
0.0	49.0	0.0	0.0	0.0	0.0
1.0	46.0	0.0	0.0	0.0	5.0
0.0	1.0	0.0	0.0	0.0	3.0
1.0	45.0	0.0	0.0	0.0	2.0
1.0	26.0	0.0	0.0	0.0	0.0
1.0	8.0	0.0	0.0	0.0	0.0
0.0	7.0	0.0	0.0	0.0	0.0
1.0	1.0	0.0	0.0	0.0	0.0
0.0	18.0	0.0	0.0	0.0	0.0
0.0	19.0	0.0	0.0	0.0	2.0
0.0	1.0	0.0	0.0	0.0	1.0
0.0	18.0	0.0	0.0	0.0	1.0
0.0	9.0	0.0	0.0	0.0	0.0
0.0	9.0	0.0	0.0	0.0	1.0
2.0	15.0	0.0	0.0	0.0	0.0
1.0	1.0	0.0	0.0	0.0	0.0
1.0	14.0	0.0	0.0	0.0	0.0
1.0	4.0	0.0	0.0	0.0	0.0
0.0	10.0	0.0	0.0	0.0	0.0
0.0	44.0	0.0	0.0	0.0	9.0
0.0	32.0	0.0	0.0	0.0	9.0
0.0	14.0	0.0	0.0	0.0	9.0
0.0	13.0	0.0	0.0	0.0	5.0
0.0	3.0	0.0	0.0	0.0	5.0
0.0	0.0	0.0	0.0	0.0	3.0
0.0	3.0	0.0	0.0	0.0	2.0
0.0	10.0	0.0	0.0	0.0	0.0
0.0	1.0	0.0	0.0	0.0	4.0
0.0	18.0	0.0	0.0	0.0	0.0
0.0	12.0	0.0	0.0	0.0	0.0
4.0	11.0	0.0	0.0	0.0	0.0
4.0	7.0	0.0	0.0	0.0	0.0
2.0	1.0	0.0	0.0	0.0	0.0
2.0	6.0	0.0	0.0	0.0	0.0
0.0	4.0	0.0	0.0	0.0	0.0
2.0	2.0	0.0	0.0	0.0	0.0
0.0	4.0	0.0	0.0	0.0	0.0
0.0	124.0	0.0	0.0	0.0	9.0
0.0	56.0	0.0	0.0	0.0	8.0
0.0	27.0	0.0	0.0	0.0	8.0
0.0	27.0	0.0	0.0	0.0	5.0
0.0	16.0	0.0	0.0	0.0	5.0
0.0	9.0	0.0	0.0	0.0	0.0
0.0	7.0	0.0	0.0	0.0	5.0
0.0	3.0	0.0	0.0	0.0	4.0
0.0	4.0	0.0	0.0	0.0	1.0
0.0	11.0	0.0	0.0	0.0	0.0
0.0	0.0	0.0	0.0	0.0	3.0
0.0	29.0	0.0	0.0	0.0	0.0
0.0	68.0	0.0	0.0	0.0	1.0
0.0	37.0	0.0	0.0	0.0	0.0
0.0	31.0	0.0	0.0	0.0	1.0
0.0	17.0	0.0	0.0	0.0	0.0
0.0	14.0	0.0	0.0	0.0	1.0
0.0	1.0	0.0	0.0	0.0	1.0
0.0	13.0	0.0	0.0	0.0	0.0
6.0	378.0	0.0	0.0	0.0	13.0
6.0	234.0	0.0	0.0	0.0	13.0
6.0	202.0	0.0	0.0	0.0	8.0
3.0	147.0	0.0	0.0	0.0	8.0
0.0	13.0	0.0	0.0	0.0	4.0
0.0	12.0	0.0	0.0	0.0	3.0
0.0	5.0	0.0	0.0	0.0	3.0
0.0	7.0	0.0	0.0	0.0	0.0
0.0	1.0	0.0	0.0	0.0	1.0
3.0	134.0	0.0	0.0	0.0	4.0
0.0	52.0	0.0	0.0	0.0	0.0
3.0	82.0	0.0	0.0	0.0	4.0
3.0	34.0	0.0	0.0	0.0	4.0
1.0	28.0	0.0	0.0	0.0	3.0
1.0	6.0	0.0	0.0	0.0	2.0
1.0	5.0	0.0	0.0	0.0	0.0
0.0	1.0	0.0	0.0	0.0	2.0
0.0	22.0	0.0	0.0	0.0	1.0
0.0	10.0	0.0	0.0	0.0	1.0
0.0	12.0	0.0	0.0	0.0	0.0
2.0	6.0	0.0	0.0	0.0	1.0
2.0	2.0	0.0	0.0	0.0	0.0
0.0	4.0	0.0	0.0	0.0	1.0
0.0	48.0	0.0	0.0	0.0	0.0
3.0	55.0	0.0	0.0	0.0	0.0
3.0	16.0	0.0	0.0	0.0	0.0
1.0	9.0	0.0	0.0	0.0	0.0
0.0	4.0	0.0	0.0	0.0	0.0
1.0	5.0	0.0	0.0	0.0	0.0
2.0	7.0	0.0	0.0	0.0	0.0
0.0	5.0	0.0	0.0	0.0	0.0
2.0	2.0	0.0	0.0	0.0	0.0
0.0	39.0	0.0	0.0	0.0	0.0
0.0	32.0	0.0	0.0	0.0	5.0
0.0	5.0	0.0	0.0	0.0	3.0
0.0	2.0	0.0	0.0	0.0	3.0
0.0	3.0	0.0	0.0	0.0	0.0
0.0	27.0	0.0	0.0	0.0	2.0
0.0	16.0	0.0	0.0	0.0	0.0
0.0	11.0	0.0	0.0	0.0	2.0
0.0	8.0	0.0	0.0	0.0	0.0
0.0	3.0	0.0	0.0	0.0	2.0
0.0	144.0	0.0	0.0	0.0	0.0
163.0	216.0	0.0	0.0	1.0	37.0
65.0	117.0	0.0	0.0	1.0	26.0
55.0	64.0	0.0	0.0	0.0	8.0
47.0	25.0	0.0	0.0	0.0	5.0
24.0	23.0	0.0	0.0	0.0	0.0
15.0	23.0	0.0	0.0	0.0	0.0
6.0	16.0	0.0	0.0	0.0	0.0
0.0	6.0	0.0	0.0	0.0	0.0
6.0	10.0	0.0	0.0	0.0	0.0
0.0	3.0	0.0	0.0	0.0	0.0
6.0	7.0	0.0	0.0	0.0	0.0
0.0	3.0	0.0	0.0	0.0	0.0
6.0	4.0	0.0	0.0	0.0	0.0
9.0	7.0	0.0	0.0	0.0	0.0
5.0	7.0	0.0	0.0	0.0	0.0
0.0	3.0	0.0	0.0	0.0	0.0
5.0	4.0	0.0	0.0	0.0	0.0
3.0	4.0	0.0	0.0	0.0	0.0
3.0	2.0	0.0	0.0	0.0	0.0
0.0	2.0	0.0	0.0	0.0	0.0
2.0	0.0	0.0	0.0	0.0	0.0
4.0	0.0	0.0	0.0	0.0	0.0
9.0	0.0	0.0	0.0	0.0	0.0
23.0	2.0	0.0	0.0	0.0	5.0
16.0	0.0	0.0	0.0	0.0	5.0
13.0	0.0	0.0	0.0	0.0	0.0
3.0	0.0	0.0	0.0	0.0	5.0
7.0	2.0	0.0	0.0	0.0	0.0
0.0	2.0	0.0	0.0	0.0	0.0
7.0	0.0	0.0	0.0	0.0	0.0
8.0	39.0	0.0	0.0	0.0	3.0
3.0	33.0	0.0	0.0	0.0	3.0
0.0	26.0	0.0	0.0	0.0	3.0
0.0	17.0	0.0	0.0	0.0	3.0
0.0	3.0	0.0	0.0	0.0	3.0
0.0	14.0	0.0	0.0	0.0	0.0
0.0	9.0	0.0	0.0	0.0	0.0
3.0	7.0	0.0	0.0	0.0	0.0
0.0	4.0	0.0	0.0	0.0	0.0
3.0	3.0	0.0	0.0	0.0	0.0
3.0	1.0	0.0	0.0	0.0	0.0
0.0	2.0	0.0	0.0	0.0	0.0
5.0	6.0	0.0	0.0	0.0	0.0
0.0	5.0	0.0	0.0	0.0	0.0
5.0	1.0	0.0	0.0	0.0	0.0
3.0	0.0	0.0	0.0	0.0	0.0
2.0	1.0	0.0	0.0	0.0	0.0
10.0	53.0	0.0	0.0	1.0	18.0
2.0	37.0	0.0	0.0	1.0	10.0
2.0	16.0	0.0	0.0	1.0	9.0
2.0	0.0	0.0	0.0	0.0	1.0
0.0	16.0	0.0	0.0	1.0	8.0
0.0	8.0	0.0	0.0	0.0	8.0
0.0	8.0	0.0	0.0	0.0	4.0
0.0	2.0	0.0	0.0	0.0	4.0
0.0	6.0	0.0	0.0	0.0	0.0
0.0	0.0	0.0	0.0	0.0	4.0
0.0	8.0	0.0	0.0	1.0	0.0
0.0	7.0	0.0	0.0	0.0	0.0
0.0	1.0	0.0	0.0	1.0	0.0
0.0	21.0	0.0	0.0	0.0	1.0
0.0	16.0	0.0	0.0	0.0	0.0
0.0	5.0	0.0	0.0	0.0	1.0
8.0	16.0	0.0	0.0	0.0	8.0
4.0	1.0	0.0	0.0	0.0	0.0
4.0	15.0	0.0	0.0	0.0	8.0
3.0	9.0	0.0	0.0	0.0	8.0
3.0	5.0	0.0	0.0	0.0	8.0
1.0	5.0	0.0	0.0	0.0	3.0
1.0	2.0	0.0	0.0	0.0	3.0
0.0	2.0	0.0	0.0	0.0	2.0
1.0	0.0	0.0	0.0	0.0	1.0
0.0	3.0	0.0	0.0	0.0	0.0
2.0	0.0	0.0	0.0	0.0	5.0
0.0	4.0	0.0	0.0	0.0	0.0
1.0	6.0	0.0	0.0	0.0	0.0
98.0	99.0	0.0	0.0	0.0	11.0
84.0	38.0	0.0	0.0	0.0	9.0
32.0	26.0	0.0	0.0	0.0	7.0
32.0	10.0	0.0	0.0	0.0	6.0
0.0	2.0	0.0	0.0	0.0	3.0
32.0	8.0	0.0	0.0	0.0	3.0
22.0	0.0	0.0	0.0	0.0	1.0
8.0	0.0	0.0	0.0	0.0	1.0
3.0	0.0	0.0	0.0	0.0	0.0
5.0	0.0	0.0	0.0	0.0	1.0
14.0	0.0	0.0	0.0	0.0	0.0
10.0	8.0	0.0	0.0	0.0	2.0
10.0	6.0	0.0	0.0	0.0	0.0
1.0	5.0	0.0	0.0	0.0	0.0
9.0	1.0	0.0	0.0	0.0	0.0
1.0	1.0	0.0	0.0	0.0	0.0
8.0	0.0	0.0	0.0	0.0	0.0
0.0	2.0	0.0	0.0	0.0	2.0
0.0	16.0	0.0	0.0	0.0	1.0
0.0	7.0	0.0	0.0	0.0	1.0
0.0	6.0	0.0	0.0	0.0	0.0
0.0	1.0	0.0	0.0	0.0	1.0
0.0	9.0	0.0	0.0	0.0	0.0
52.0	12.0	0.0	0.0	0.0	2.0
0.0	4.0	0.0	0.0	0.0	0.0
52.0	8.0	0.0	0.0	0.0	2.0
42.0	8.0	0.0	0.0	0.0	2.0
12.0	0.0	0.0	0.0	0.0	0.0
30.0	8.0	0.0	0.0	0.0	2.0
30.0	4.0	0.0	0.0	0.0	0.0
2.0	2.0	0.0	0.0	0.0	0.0
28.0	2.0	0.0	0.0	0.0	0.0
10.0	2.0	0.0	0.0	0.0	0.0
4.0	2.0	0.0	0.0	0.0	0.0
6.0	0.0	0.0	0.0	0.0	0.0
18.0	0.0	0.0	0.0	0.0	0.0
0.0	4.0	0.0	0.0	0.0	2.0
0.0	1.0	0.0	0.0	0.0	1.0
0.0	3.0	0.0	0.0	0.0	1.0
10.0	0.0	0.0	0.0	0.0	0.0
14.0	61.0	0.0	0.0	0.0	2.0
13.0	20.0	0.0	0.0	0.0	2.0
5.0	0.0	0.0	0.0	0.0	0.0
8.0	20.0	0.0	0.0	0.0	2.0
7.0	0.0	0.0	0.0	0.0	0.0
1.0	20.0	0.0	0.0	0.0	2.0
0.0	13.0	0.0	0.0	0.0	0.0
1.0	7.0	0.0	0.0	0.0	2.0
0.0	3.0	0.0	0.0	0.0	2.0
0.0	2.0	0.0	0.0	0.0	0.0
0.0	1.0	0.0	0.0	0.0	2.0
1.0	4.0	0.0	0.0	0.0	0.0
1.0	41.0	0.0	0.0	0.0	0.0
0.0	38.0	0.0	0.0	0.0	0.0
1.0	3.0	0.0	0.0	0.0	0.0
