# Sizes (NFeatures, Nclasses, NodeCount, MaxDepth)
10	6	327	12
# Classes
0.0	1.0	2.0	3.0	4.0	5.0
# Feature Names
Nrows	Ncols	Nnnz	AvgNnnz	Density	MaxRowNnnz	MinRowNnnz	StdRowNnnz	NDiags	NTrueDiags
# Left
1	2	3	4	5	-1	-1	8	9	10	11	12	13	14	-1	-1	-1	-1	-1	20	21	-1	23	24	25	-1	-1	28	-1	-1	-1	32	-1	-1	35	-1	37	-1	-1	-1	41	42	43	44	45	46	47	48	-1	50	-1	-1	-1	54	55	-1	57	-1	-1	-1	-1	62	63	-1	65	-1	67	-1	-1	70	71	-1	-1	74	75	76	-1	-1	-1	80	81	-1	-1	84	-1	-1	87	88	89	90	91	92	-1	-1	-1	96	97	-1	-1	100	-1	-1	103	104	-1	-1	107	-1	-1	-1	111	112	113	114	-1	-1	-1	-1	119	120	121	-1	-1	-1	-1	126	127	128	-1	130	-1	-1	-1	134	-1	136	137	-1	-1	-1	141	-1	143	144	145	146	-1	-1	149	150	151	-1	-1	-1	-1	156	157	158	159	160	-1	-1	163	-1	-1	-1	-1	168	169	-1	171	-1	173	-1	-1	-1	-1	178	179	180	181	182	-1	184	-1	-1	-1	-1	189	-1	-1	192	193	194	195	196	-1	-1	199	200	-1	202	-1	-1	-1	206	207	-1	-1	210	-1	212	213	-1	-1	-1	217	218	219	220	221	-1	-1	224	225	-1	-1	-1	229	-1	-1	232	-1	234	235	-1	-1	-1	239	240	241	-1	-1	-1	-1	-1	247	248	249	-1	251	252	-1	-1	255	-1	-1	258	259	260	261	262	-1	-1	265	266	-1	-1	269	-1	-1	272	273	-1	-1	-1	277	-1	-1	280	281	-1	-1	284	285	-1	-1	-1	289	290	291	292	-1	294	-1	-1	-1	298	-1	300	-1	302	-1	304	-1	-1	307	308	309	-1	-1	-1	313	314	-1	-1	317	318	319	-1	321	-1	323	-1	-1	-1	-1
# Right
246	177	40	7	6	-1	-1	39	34	19	18	17	16	15	-1	-1	-1	-1	-1	31	22	-1	30	27	26	-1	-1	29	-1	-1	-1	33	-1	-1	36	-1	38	-1	-1	-1	140	125	86	61	60	53	52	49	-1	51	-1	-1	-1	59	56	-1	58	-1	-1	-1	-1	69	64	-1	66	-1	68	-1	-1	73	72	-1	-1	79	78	77	-1	-1	-1	83	82	-1	-1	85	-1	-1	110	109	102	95	94	93	-1	-1	-1	99	98	-1	-1	101	-1	-1	106	105	-1	-1	108	-1	-1	-1	118	117	116	115	-1	-1	-1	-1	124	123	122	-1	-1	-1	-1	133	132	129	-1	131	-1	-1	-1	135	-1	139	138	-1	-1	-1	142	-1	176	155	148	147	-1	-1	154	153	152	-1	-1	-1	-1	167	166	165	162	161	-1	-1	164	-1	-1	-1	-1	175	170	-1	172	-1	174	-1	-1	-1	-1	191	188	187	186	183	-1	185	-1	-1	-1	-1	190	-1	-1	245	216	205	198	197	-1	-1	204	201	-1	203	-1	-1	-1	209	208	-1	-1	211	-1	215	214	-1	-1	-1	238	231	228	223	222	-1	-1	227	226	-1	-1	-1	230	-1	-1	233	-1	237	236	-1	-1	-1	244	243	242	-1	-1	-1	-1	-1	288	257	250	-1	254	253	-1	-1	256	-1	-1	279	276	271	264	263	-1	-1	268	267	-1	-1	270	-1	-1	275	274	-1	-1	-1	278	-1	-1	283	282	-1	-1	287	286	-1	-1	-1	306	297	296	293	-1	295	-1	-1	-1	299	-1	301	-1	303	-1	305	-1	-1	312	311	310	-1	-1	-1	316	315	-1	-1	326	325	320	-1	322	-1	324	-1	-1	-1	-1
# Threshold
0.008557995315641165	5.5	12895.0	436.5	283.0	-2.0	-2.0	4.8856048583984375	0.005034320056438446	1.5	0.0011394849861972034	50.5	0.8794699907302856	2528.0	-2.0	-2.0	-2.0	-2.0	-2.0	13.5	2714.0	-2.0	1334.5	0.0033785998821258545	1548.0	-2.0	-2.0	3.9980000257492065	-2.0	-2.0	-2.0	1.5	-2.0	-2.0	1.0326534807682037	-2.0	2560.0	-2.0	-2.0	-2.0	1.5	1115535.0	475.0	4.886530160903931	5.849164962768555	0.00027496500115375966	239573.5	26010.5	-2.0	4.738724946975708	-2.0	-2.0	-2.0	13250.5	31670.5	-2.0	0.5	-2.0	-2.0	-2.0	-2.0	3.2932249307632446	4.9078099727630615	-2.0	161679.0	-2.0	0.00012289550068089738	-2.0	-2.0	70412.0	374.5	-2.0	-2.0	55626.0	70.5	397061.5	-2.0	-2.0	-2.0	1.0	0.5	-2.0	-2.0	8.085624933242798	-2.0	-2.0	2.5	98819.0	4313.0	0.5	29574.5	0.00039952700899448246	-2.0	-2.0	-2.0	0.0010555394692346454	152905.5	-2.0	-2.0	0.0015135299763642251	-2.0	-2.0	137.60900115966797	0.5	-2.0	-2.0	1.0	-2.0	-2.0	-2.0	68309.0	34.29384994506836	2546.0	9480.0	-2.0	-2.0	-2.0	-2.0	7.26044487953186	5.014784983359277e-05	23931.0	-2.0	-2.0	-2.0	-2.0	0.5	2.5	3379130.0	-2.0	6618090.0	-2.0	-2.0	-2.0	24.0	-2.0	61952848.0	5124165.0	-2.0	-2.0	-2.0	2111.0	-2.0	630550.5	4438.0	0.7891010046005249	2993.0	-2.0	-2.0	37195.5	4213.0	3440.0	-2.0	-2.0	-2.0	-2.0	556.0	2914190.0	7.0	18.5	3.5	-2.0	-2.0	1486535.0	-2.0	-2.0	-2.0	-2.0	4924.5	9062.5	-2.0	37751.0	-2.0	43564.0	-2.0	-2.0	-2.0	-2.0	0.0006713195180054754	522670.5	18.0	195460.5	17236.5	-2.0	9.804685115814209	-2.0	-2.0	-2.0	-2.0	32622550.0	-2.0	-2.0	173.5	0.0016474499716423452	39289.0	0.0008851494931150228	81.57014846801758	-2.0	-2.0	23.0	2.5	-2.0	86144.5	-2.0	-2.0	-2.0	10.5	22.379599571228027	-2.0	-2.0	11.527369976043701	-2.0	28.87755012512207	7186.0	-2.0	-2.0	-2.0	0.007577264914289117	76283.5	3351.0	7382.5	5749.0	-2.0	-2.0	1.5	32898.0	-2.0	-2.0	-2.0	16.0	-2.0	-2.0	44.39889907836914	-2.0	1000270.0	14.5	-2.0	-2.0	-2.0	310330.5	3.5	1.6940850019454956	-2.0	-2.0	-2.0	-2.0	-2.0	3483.5	214.0	0.5	-2.0	0.3347110003232956	2.5	-2.0	-2.0	17.5	-2.0	-2.0	4.5	3.5	17.5	1.5	3.5637649297714233	-2.0	-2.0	4.791625022888184	17.0	-2.0	-2.0	502.0	-2.0	-2.0	1.5	269.5	-2.0	-2.0	-2.0	0.019376499578356743	-2.0	-2.0	0.07792725041508675	11.718599796295166	-2.0	-2.0	125.5	14.0	-2.0	-2.0	-2.0	17.889650344848633	8.103020191192627	14.241600036621094	530.5	-2.0	5819.0	-2.0	-2.0	-2.0	489.0	-2.0	0.010971650015562773	-2.0	134.0	-2.0	572.0	-2.0	-2.0	852.5	266.5	46.0	-2.0	-2.0	-2.0	52.69599914550781	1244.5	-2.0	-2.0	22.0	12.5	101.46699905395508	-2.0	3.5	-2.0	12577.0	-2.0	-2.0	-2.0	-2.0
# Feature
4	9	2	1	8	-2	-2	3	4	9	4	5	7	2	-2	-2	-2	-2	-2	5	2	-2	8	4	1	-2	-2	3	-2	-2	-2	6	-2	-2	7	-2	2	-2	-2	-2	6	0	5	3	7	4	0	0	-2	3	-2	-2	-2	1	2	-2	6	-2	-2	-2	-2	7	3	-2	2	-2	4	-2	-2	2	8	-2	-2	0	5	2	-2	-2	-2	9	6	-2	-2	7	-2	-2	9	5	5	6	0	4	-2	-2	-2	4	0	-2	-2	4	-2	-2	7	9	-2	-2	9	-2	-2	-2	1	7	5	1	-2	-2	-2	-2	3	4	5	-2	-2	-2	-2	6	9	0	-2	1	-2	-2	-2	5	-2	1	0	-2	-2	-2	1	-2	1	8	7	1	-2	-2	2	1	8	-2	-2	-2	-2	5	2	6	5	9	-2	-2	2	-2	-2	-2	-2	5	8	-2	8	-2	8	-2	-2	-2	-2	4	0	9	0	8	-2	3	-2	-2	-2	-2	2	-2	-2	9	4	0	4	7	-2	-2	8	6	-2	2	-2	-2	-2	6	7	-2	-2	7	-2	7	8	-2	-2	-2	4	2	0	2	2	-2	-2	6	2	-2	-2	-2	9	-2	-2	3	-2	2	9	-2	-2	-2	2	6	7	-2	-2	-2	-2	-2	2	2	6	-2	4	6	-2	-2	8	-2	-2	6	6	5	6	3	-2	-2	3	8	-2	-2	1	-2	-2	9	8	-2	-2	-2	4	-2	-2	4	3	-2	-2	0	5	-2	-2	-2	3	7	3	8	-2	2	-2	-2	-2	8	-2	4	-2	5	-2	0	-2	-2	8	1	9	-2	-2	-2	3	1	-2	-2	6	6	3	-2	9	-2	8	-2	-2	-2	-2
# Values
205.0	1333.0	23.0	3.0	0.0	119.0
185.0	1000.0	6.0	0.0	0.0	105.0
167.0	648.0	5.0	0.0	0.0	83.0
17.0	235.0	4.0	0.0	0.0	26.0
9.0	32.0	0.0	0.0	0.0	12.0
0.0	7.0	0.0	0.0	0.0	0.0
9.0	25.0	0.0	0.0	0.0	12.0
8.0	203.0	4.0	0.0	0.0	14.0
8.0	124.0	4.0	0.0	0.0	14.0
6.0	115.0	1.0	0.0	0.0	14.0
0.0	33.0	1.0	0.0	0.0	2.0
0.0	9.0	1.0	0.0	0.0	2.0
0.0	7.0	1.0	0.0	0.0	0.0
0.0	4.0	1.0	0.0	0.0	0.0
0.0	3.0	0.0	0.0	0.0	0.0
0.0	1.0	1.0	0.0	0.0	0.0
0.0	3.0	0.0	0.0	0.0	0.0
0.0	2.0	0.0	0.0	0.0	2.0
0.0	24.0	0.0	0.0	0.0	0.0
6.0	82.0	0.0	0.0	0.0	12.0
6.0	32.0	0.0	0.0	0.0	3.0
0.0	11.0	0.0	0.0	0.0	0.0
6.0	21.0	0.0	0.0	0.0	3.0
6.0	20.0	0.0	0.0	0.0	1.0
6.0	12.0	0.0	0.0	0.0	0.0
4.0	1.0	0.0	0.0	0.0	0.0
2.0	11.0	0.0	0.0	0.0	0.0
0.0	8.0	0.0	0.0	0.0	1.0
0.0	3.0	0.0	0.0	0.0	1.0
0.0	5.0	0.0	0.0	0.0	0.0
0.0	1.0	0.0	0.0	0.0	2.0
0.0	50.0	0.0	0.0	0.0	9.0
0.0	47.0	0.0	0.0	0.0	9.0
0.0	3.0	0.0	0.0	0.0	0.0
2.0	9.0	3.0	0.0	0.0	0.0
0.0	1.0	3.0	0.0	0.0	0.0
2.0	8.0	0.0	0.0	0.0	0.0
0.0	5.0	0.0	0.0	0.0	0.0
2.0	3.0	0.0	0.0	0.0	0.0
0.0	79.0	0.0	0.0	0.0	0.0
150.0	413.0	1.0	0.0	0.0	57.0
70.0	222.0	0.0	0.0	0.0	44.0
51.0	209.0	0.0	0.0	0.0	42.0
5.0	151.0	0.0	0.0	0.0	29.0
4.0	76.0	0.0	0.0	0.0	7.0
2.0	76.0	0.0	0.0	0.0	6.0
0.0	55.0	0.0	0.0	0.0	3.0
0.0	35.0	0.0	0.0	0.0	3.0
0.0	18.0	0.0	0.0	0.0	0.0
0.0	17.0	0.0	0.0	0.0	3.0
0.0	5.0	0.0	0.0	0.0	3.0
0.0	12.0	0.0	0.0	0.0	0.0
0.0	20.0	0.0	0.0	0.0	0.0
2.0	21.0	0.0	0.0	0.0	3.0
2.0	19.0	0.0	0.0	0.0	0.0
0.0	14.0	0.0	0.0	0.0	0.0
2.0	5.0	0.0	0.0	0.0	0.0
1.0	1.0	0.0	0.0	0.0	0.0
1.0	4.0	0.0	0.0	0.0	0.0
0.0	2.0	0.0	0.0	0.0	3.0
2.0	0.0	0.0	0.0	0.0	1.0
1.0	75.0	0.0	0.0	0.0	22.0
0.0	15.0	0.0	0.0	0.0	11.0
0.0	1.0	0.0	0.0	0.0	4.0
0.0	14.0	0.0	0.0	0.0	7.0
0.0	0.0	0.0	0.0	0.0	6.0
0.0	14.0	0.0	0.0	0.0	1.0
0.0	13.0	0.0	0.0	0.0	0.0
0.0	1.0	0.0	0.0	0.0	1.0
1.0	60.0	0.0	0.0	0.0	11.0
0.0	19.0	0.0	0.0	0.0	1.0
0.0	1.0	0.0	0.0	0.0	1.0
0.0	18.0	0.0	0.0	0.0	0.0
1.0	41.0	0.0	0.0	0.0	10.0
0.0	22.0	0.0	0.0	0.0	9.0
0.0	13.0	0.0	0.0	0.0	9.0
0.0	13.0	0.0	0.0	0.0	4.0
0.0	0.0	0.0	0.0	0.0	5.0
0.0	9.0	0.0	0.0	0.0	0.0
1.0	19.0	0.0	0.0	0.0	1.0
1.0	14.0	0.0	0.0	0.0	0.0
1.0	5.0	0.0	0.0	0.0	0.0
0.0	9.0	0.0	0.0	0.0	0.0
0.0	5.0	0.0	0.0	0.0	1.0
0.0	3.0	0.0	0.0	0.0	0.0
0.0	2.0	0.0	0.0	0.0	1.0
46.0	58.0	0.0	0.0	0.0	13.0
34.0	31.0	0.0	0.0	0.0	11.0
28.0	31.0	0.0	0.0	0.0	11.0
22.0	25.0	0.0	0.0	0.0	4.0
13.0	12.0	0.0	0.0	0.0	0.0
7.0	12.0	0.0	0.0	0.0	0.0
3.0	0.0	0.0	0.0	0.0	0.0
4.0	12.0	0.0	0.0	0.0	0.0
6.0	0.0	0.0	0.0	0.0	0.0
9.0	13.0	0.0	0.0	0.0	4.0
9.0	5.0	0.0	0.0	0.0	3.0
9.0	2.0	0.0	0.0	0.0	0.0
0.0	3.0	0.0	0.0	0.0	3.0
0.0	8.0	0.0	0.0	0.0	1.0
0.0	7.0	0.0	0.0	0.0	0.0
0.0	1.0	0.0	0.0	0.0	1.0
6.0	6.0	0.0	0.0	0.0	7.0
5.0	0.0	0.0	0.0	0.0	2.0
2.0	0.0	0.0	0.0	0.0	0.0
3.0	0.0	0.0	0.0	0.0	2.0
1.0	6.0	0.0	0.0	0.0	5.0
0.0	4.0	0.0	0.0	0.0	2.0
1.0	2.0	0.0	0.0	0.0	3.0
6.0	0.0	0.0	0.0	0.0	0.0
12.0	27.0	0.0	0.0	0.0	2.0
7.0	6.0	0.0	0.0	0.0	2.0
1.0	6.0	0.0	0.0	0.0	1.0
0.0	5.0	0.0	0.0	0.0	1.0
0.0	3.0	0.0	0.0	0.0	0.0
0.0	2.0	0.0	0.0	0.0	1.0
1.0	1.0	0.0	0.0	0.0	0.0
6.0	0.0	0.0	0.0	0.0	1.0
5.0	21.0	0.0	0.0	0.0	0.0
2.0	19.0	0.0	0.0	0.0	0.0
2.0	9.0	0.0	0.0	0.0	0.0
2.0	3.0	0.0	0.0	0.0	0.0
0.0	6.0	0.0	0.0	0.0	0.0
0.0	10.0	0.0	0.0	0.0	0.0
3.0	2.0	0.0	0.0	0.0	0.0
19.0	13.0	0.0	0.0	0.0	2.0
10.0	3.0	0.0	0.0	0.0	2.0
8.0	3.0	0.0	0.0	0.0	2.0
7.0	0.0	0.0	0.0	0.0	0.0
1.0	3.0	0.0	0.0	0.0	2.0
1.0	2.0	0.0	0.0	0.0	0.0
0.0	1.0	0.0	0.0	0.0	2.0
2.0	0.0	0.0	0.0	0.0	0.0
9.0	10.0	0.0	0.0	0.0	0.0
0.0	7.0	0.0	0.0	0.0	0.0
9.0	3.0	0.0	0.0	0.0	0.0
8.0	2.0	0.0	0.0	0.0	0.0
4.0	2.0	0.0	0.0	0.0	0.0
4.0	0.0	0.0	0.0	0.0	0.0
1.0	1.0	0.0	0.0	0.0	0.0
80.0	191.0	1.0	0.0	0.0	13.0
15.0	0.0	0.0	0.0	0.0	0.0
65.0	191.0	1.0	0.0	0.0	13.0
65.0	163.0	1.0	0.0	0.0	13.0
3.0	93.0	1.0	0.0	0.0	0.0
0.0	32.0	1.0	0.0	0.0	0.0
0.0	1.0	1.0	0.0	0.0	0.0
0.0	31.0	0.0	0.0	0.0	0.0
3.0	61.0	0.0	0.0	0.0	0.0
3.0	11.0	0.0	0.0	0.0	0.0
3.0	6.0	0.0	0.0	0.0	0.0
0.0	6.0	0.0	0.0	0.0	0.0
3.0	0.0	0.0	0.0	0.0	0.0
0.0	5.0	0.0	0.0	0.0	0.0
0.0	50.0	0.0	0.0	0.0	0.0
62.0	70.0	0.0	0.0	0.0	13.0
7.0	66.0	0.0	0.0	0.0	11.0
7.0	63.0	0.0	0.0	0.0	8.0
7.0	49.0	0.0	0.0	0.0	8.0
1.0	17.0	0.0	0.0	0.0	7.0
1.0	12.0	0.0	0.0	0.0	6.0
0.0	5.0	0.0	0.0	0.0	1.0
6.0	32.0	0.0	0.0	0.0	1.0
6.0	21.0	0.0	0.0	0.0	1.0
0.0	11.0	0.0	0.0	0.0	0.0
0.0	14.0	0.0	0.0	0.0	0.0
0.0	3.0	0.0	0.0	0.0	3.0
55.0	4.0	0.0	0.0	0.0	2.0
32.0	4.0	0.0	0.0	0.0	2.0
4.0	3.0	0.0	0.0	0.0	1.0
28.0	1.0	0.0	0.0	0.0	1.0
23.0	0.0	0.0	0.0	0.0	0.0
5.0	1.0	0.0	0.0	0.0	1.0
1.0	1.0	0.0	0.0	0.0	0.0
4.0	0.0	0.0	0.0	0.0	1.0
23.0	0.0	0.0	0.0	0.0	0.0
0.0	28.0	0.0	0.0	0.0	0.0
18.0	352.0	1.0	0.0	0.0	22.0
6.0	147.0	0.0	0.0	0.0	0.0
3.0	120.0	0.0	0.0	0.0	0.0
3.0	66.0	0.0	0.0	0.0	0.0
2.0	64.0	0.0	0.0	0.0	0.0
0.0	37.0	0.0	0.0	0.0	0.0
2.0	27.0	0.0	0.0	0.0	0.0
2.0	6.0	0.0	0.0	0.0	0.0
0.0	21.0	0.0	0.0	0.0	0.0
1.0	2.0	0.0	0.0	0.0	0.0
0.0	54.0	0.0	0.0	0.0	0.0
3.0	27.0	0.0	0.0	0.0	0.0
3.0	4.0	0.0	0.0	0.0	0.0
0.0	23.0	0.0	0.0	0.0	0.0
12.0	205.0	1.0	0.0	0.0	22.0
8.0	204.0	1.0	0.0	0.0	22.0
4.0	61.0	1.0	0.0	0.0	13.0
3.0	45.0	1.0	0.0	0.0	1.0
3.0	8.0	0.0	0.0	0.0	0.0
0.0	8.0	0.0	0.0	0.0	0.0
3.0	0.0	0.0	0.0	0.0	0.0
0.0	37.0	1.0	0.0	0.0	1.0
0.0	7.0	1.0	0.0	0.0	1.0
0.0	3.0	0.0	0.0	0.0	1.0
0.0	4.0	1.0	0.0	0.0	0.0
0.0	1.0	1.0	0.0	0.0	0.0
0.0	3.0	0.0	0.0	0.0	0.0
0.0	30.0	0.0	0.0	0.0	0.0
1.0	16.0	0.0	0.0	0.0	12.0
1.0	8.0	0.0	0.0	0.0	3.0
0.0	6.0	0.0	0.0	0.0	3.0
1.0	2.0	0.0	0.0	0.0	0.0
0.0	8.0	0.0	0.0	0.0	9.0
0.0	2.0	0.0	0.0	0.0	0.0
0.0	6.0	0.0	0.0	0.0	9.0
0.0	2.0	0.0	0.0	0.0	7.0
0.0	2.0	0.0	0.0	0.0	1.0
0.0	0.0	0.0	0.0	0.0	6.0
0.0	4.0	0.0	0.0	0.0	2.0
4.0	143.0	0.0	0.0	0.0	9.0
2.0	135.0	0.0	0.0	0.0	7.0
2.0	40.0	0.0	0.0	0.0	5.0
2.0	36.0	0.0	0.0	0.0	2.0
1.0	7.0	0.0	0.0	0.0	2.0
0.0	6.0	0.0	0.0	0.0	0.0
1.0	1.0	0.0	0.0	0.0	2.0
1.0	29.0	0.0	0.0	0.0	0.0
1.0	11.0	0.0	0.0	0.0	0.0
0.0	9.0	0.0	0.0	0.0	0.0
1.0	2.0	0.0	0.0	0.0	0.0
0.0	18.0	0.0	0.0	0.0	0.0
0.0	4.0	0.0	0.0	0.0	3.0
0.0	2.0	0.0	0.0	0.0	3.0
0.0	2.0	0.0	0.0	0.0	0.0
0.0	95.0	0.0	0.0	0.0	2.0
0.0	58.0	0.0	0.0	0.0	0.0
0.0	37.0	0.0	0.0	0.0	2.0
0.0	15.0	0.0	0.0	0.0	2.0
0.0	0.0	0.0	0.0	0.0	2.0
0.0	15.0	0.0	0.0	0.0	0.0
0.0	22.0	0.0	0.0	0.0	0.0
2.0	8.0	0.0	0.0	0.0	2.0
2.0	6.0	0.0	0.0	0.0	0.0
2.0	4.0	0.0	0.0	0.0	0.0
1.0	1.0	0.0	0.0	0.0	0.0
1.0	3.0	0.0	0.0	0.0	0.0
0.0	2.0	0.0	0.0	0.0	0.0
0.0	2.0	0.0	0.0	0.0	2.0
4.0	1.0	0.0	0.0	0.0	0.0
20.0	333.0	17.0	3.0	0.0	14.0
3.0	131.0	17.0	3.0	0.0	6.0
0.0	14.0	9.0	1.0	0.0	0.0
0.0	7.0	0.0	0.0	0.0	0.0
0.0	7.0	9.0	1.0	0.0	0.0
0.0	1.0	9.0	0.0	0.0	0.0
0.0	1.0	3.0	0.0	0.0	0.0
0.0	0.0	6.0	0.0	0.0	0.0
0.0	6.0	0.0	1.0	0.0	0.0
0.0	5.0	0.0	0.0	0.0	0.0
0.0	1.0	0.0	1.0	0.0	0.0
3.0	117.0	8.0	2.0	0.0	6.0
2.0	98.0	5.0	0.0	0.0	5.0
2.0	86.0	5.0	0.0	0.0	3.0
0.0	54.0	5.0	0.0	0.0	3.0
0.0	8.0	1.0	0.0	0.0	2.0
0.0	6.0	0.0	0.0	0.0	0.0
0.0	2.0	1.0	0.0	0.0	2.0
0.0	46.0	4.0	0.0	0.0	1.0
0.0	16.0	3.0	0.0	0.0	1.0
0.0	2.0	2.0	0.0	0.0	1.0
0.0	14.0	1.0	0.0	0.0	0.0
0.0	30.0	1.0	0.0	0.0	0.0
0.0	27.0	0.0	0.0	0.0	0.0
0.0	3.0	1.0	0.0	0.0	0.0
2.0	32.0	0.0	0.0	0.0	0.0
2.0	13.0	0.0	0.0	0.0	0.0
0.0	4.0	0.0	0.0	0.0	0.0
2.0	9.0	0.0	0.0	0.0	0.0
0.0	19.0	0.0	0.0	0.0	0.0
0.0	12.0	0.0	0.0	0.0	2.0
0.0	1.0	0.0	0.0	0.0	2.0
0.0	11.0	0.0	0.0	0.0	0.0
1.0	19.0	3.0	2.0	0.0	1.0
0.0	3.0	2.0	2.0	0.0	1.0
0.0	3.0	0.0	2.0	0.0	0.0
0.0	0.0	2.0	0.0	0.0	1.0
1.0	16.0	1.0	0.0	0.0	0.0
1.0	6.0	1.0	0.0	0.0	0.0
0.0	1.0	1.0	0.0	0.0	0.0
1.0	5.0	0.0	0.0	0.0	0.0
0.0	10.0	0.0	0.0	0.0	0.0
17.0	202.0	0.0	0.0	0.0	8.0
9.0	60.0	0.0	0.0	0.0	4.0
2.0	38.0	0.0	0.0	0.0	0.0
2.0	29.0	0.0	0.0	0.0	0.0
0.0	15.0	0.0	0.0	0.0	0.0
2.0	14.0	0.0	0.0	0.0	0.0
2.0	2.0	0.0	0.0	0.0	0.0
0.0	12.0	0.0	0.0	0.0	0.0
0.0	9.0	0.0	0.0	0.0	0.0
7.0	22.0	0.0	0.0	0.0	4.0
3.0	0.0	0.0	0.0	0.0	2.0
4.0	22.0	0.0	0.0	0.0	2.0
1.0	1.0	0.0	0.0	0.0	2.0
3.0	21.0	0.0	0.0	0.0	0.0
2.0	1.0	0.0	0.0	0.0	0.0
1.0	20.0	0.0	0.0	0.0	0.0
1.0	2.0	0.0	0.0	0.0	0.0
0.0	18.0	0.0	0.0	0.0	0.0
8.0	142.0	0.0	0.0	0.0	4.0
0.0	75.0	0.0	0.0	0.0	1.0
0.0	6.0	0.0	0.0	0.0	1.0
0.0	2.0	0.0	0.0	0.0	1.0
0.0	4.0	0.0	0.0	0.0	0.0
0.0	69.0	0.0	0.0	0.0	0.0
8.0	67.0	0.0	0.0	0.0	3.0
3.0	35.0	0.0	0.0	0.0	0.0
3.0	14.0	0.0	0.0	0.0	0.0
0.0	21.0	0.0	0.0	0.0	0.0
5.0	32.0	0.0	0.0	0.0	3.0
5.0	20.0	0.0	0.0	0.0	3.0
3.0	20.0	0.0	0.0	0.0	3.0
2.0	1.0	0.0	0.0	0.0	2.0
1.0	19.0	0.0	0.0	0.0	1.0
1.0	3.0	0.0	0.0	0.0	0.0
0.0	16.0	0.0	0.0	0.0	1.0
0.0	10.0	0.0	0.0	0.0	0.0
0.0	6.0	0.0	0.0	0.0	1.0
2.0	0.0	0.0	0.0	0.0	0.0
0.0	12.0	0.0	0.0	0.0	0.0
