# Sizes (NFeatures, Nclasses, NodeCount, MaxDepth)
10	6	291	12
# Classes
0.0	1.0	2.0	3.0	4.0	5.0
# Feature Names
Nrows	Ncols	Nnnz	AvgNnnz	Density	MaxRowNnnz	MinRowNnnz	StdRowNnnz	NDiags	NTrueDiags
# Left
1	2	3	4	5	6	-1	-1	9	-1	-1	12	13	-1	-1	16	17	18	-1	-1	-1	-1	23	24	25	26	27	-1	29	-1	-1	32	33	34	-1	-1	-1	38	-1	-1	41	42	-1	44	-1	46	-1	48	-1	-1	-1	52	53	54	55	-1	-1	-1	59	60	61	62	-1	64	-1	-1	67	68	-1	-1	71	-1	-1	74	75	76	-1	-1	79	-1	-1	-1	83	84	85	86	-1	-1	-1	90	91	-1	-1	-1	95	-1	97	-1	99	-1	-1	102	103	104	105	-1	-1	108	-1	110	-1	-1	-1	114	115	-1	-1	118	119	-1	121	122	-1	-1	-1	126	-1	128	-1	130	-1	-1	133	134	135	136	137	-1	139	140	-1	-1	143	144	-1	-1	-1	-1	149	150	-1	152	153	-1	-1	156	-1	-1	-1	160	161	-1	163	-1	165	-1	-1	168	-1	170	-1	-1	173	174	175	-1	177	-1	179	-1	-1	-1	183	-1	-1	186	187	188	-1	190	-1	192	-1	-1	-1	196	-1	198	199	200	201	-1	-1	-1	-1	206	-1	208	209	210	211	-1	-1	214	-1	-1	-1	-1	219	220	221	-1	223	224	225	226	227	228	-1	-1	-1	232	233	234	-1	236	-1	-1	-1	-1	241	242	-1	-1	-1	-1	-1	248	249	-1	-1	252	253	254	255	-1	257	-1	-1	-1	261	-1	-1	264	265	-1	-1	268	269	-1	-1	272	273	274	-1	-1	277	-1	279	-1	-1	282	283	284	-1	-1	-1	-1	289	-1	-1
# Right
218	185	22	11	8	7	-1	-1	10	-1	-1	15	14	-1	-1	21	20	19	-1	-1	-1	-1	132	51	40	31	28	-1	30	-1	-1	37	36	35	-1	-1	-1	39	-1	-1	50	43	-1	45	-1	47	-1	49	-1	-1	-1	101	58	57	56	-1	-1	-1	82	73	66	63	-1	65	-1	-1	70	69	-1	-1	72	-1	-1	81	78	77	-1	-1	80	-1	-1	-1	94	89	88	87	-1	-1	-1	93	92	-1	-1	-1	96	-1	98	-1	100	-1	-1	113	112	107	106	-1	-1	109	-1	111	-1	-1	-1	117	116	-1	-1	125	120	-1	124	123	-1	-1	-1	127	-1	129	-1	131	-1	-1	172	159	148	147	138	-1	142	141	-1	-1	146	145	-1	-1	-1	-1	158	151	-1	155	154	-1	-1	157	-1	-1	-1	167	162	-1	164	-1	166	-1	-1	169	-1	171	-1	-1	182	181	176	-1	178	-1	180	-1	-1	-1	184	-1	-1	195	194	189	-1	191	-1	193	-1	-1	-1	197	-1	205	204	203	202	-1	-1	-1	-1	207	-1	217	216	213	212	-1	-1	215	-1	-1	-1	-1	288	247	222	-1	246	245	240	231	230	229	-1	-1	-1	239	238	235	-1	237	-1	-1	-1	-1	244	243	-1	-1	-1	-1	-1	251	250	-1	-1	263	260	259	256	-1	258	-1	-1	-1	262	-1	-1	267	266	-1	-1	271	270	-1	-1	281	276	275	-1	-1	278	-1	280	-1	-1	287	286	285	-1	-1	-1	-1	290	-1	-1
# Threshold
32.56040000915527	4.5	181.5	32.5	5.5	16.0	-2.0	-2.0	1.5814650058746338	-2.0	-2.0	37.0	59.5	-2.0	-2.0	0.5	2.1891050338745117	88.0	-2.0	-2.0	-2.0	-2.0	0.0050602201372385025	14151.5	0.0039132299134507775	7591.5	6080.0	-2.0	1.7252650260925293	-2.0	-2.0	4.775065183639526	1914.0	1.9736700057983398	-2.0	-2.0	-2.0	8.0	-2.0	-2.0	1600.5	3.908155083656311	-2.0	978.5	-2.0	4.797950029373169	-2.0	7491.0	-2.0	-2.0	-2.0	3.5	21020.0	6.622989892959595	13643.5	-2.0	-2.0	-2.0	16.10610008239746	44070.5	0.5	11.5	-2.0	91.5	-2.0	-2.0	17894.5	0.003642470110207796	-2.0	-2.0	21184.0	-2.0	-2.0	3.5	761197.0	11.15464973449707	-2.0	-2.0	1.5	-2.0	-2.0	-2.0	2.5	0.5	30.882750511169434	20111.0	-2.0	-2.0	-2.0	73816.0	0.5	-2.0	-2.0	-2.0	16.840200424194336	-2.0	637.0	-2.0	3322.5	-2.0	-2.0	1.5	2613.0	0.5	2119865.0	-2.0	-2.0	197603.0	-2.0	520930.0	-2.0	-2.0	-2.0	30800.0	27130.5	-2.0	-2.0	0.0009790064941626042	189710.5	-2.0	7649260.0	61230.0	-2.0	-2.0	-2.0	2547.0	-2.0	6026.5	-2.0	176.0	-2.0	-2.0	1044.5	2.5	1.5	0.0516082514077425	0.5	-2.0	347.5	300.5	-2.0	-2.0	932.5	436.0	-2.0	-2.0	-2.0	-2.0	21.585299491882324	20.0	-2.0	1252.0	199.5	-2.0	-2.0	0.027980400249361992	-2.0	-2.0	-2.0	843.0	0.5232124924659729	-2.0	7.811495065689087	-2.0	7.88540506362915	-2.0	-2.0	909.0	-2.0	5156.5	-2.0	-2.0	3.5	1441.5	465.0	-2.0	1178.0	-2.0	1305.0	-2.0	-2.0	-2.0	12.294399738311768	-2.0	-2.0	677.5	392.5	7.463374853134155	-2.0	5.0	-2.0	0.07792725041508675	-2.0	-2.0	-2.0	650.0	-2.0	13.502099990844727	98.0	0.0004769415099872276	11.44189977645874	-2.0	-2.0	-2.0	-2.0	0.0006778289971407503	-2.0	14.0	0.0022686249576509	82.5	0.000962161022471264	-2.0	-2.0	20976.5	-2.0	-2.0	-2.0	-2.0	1140025.0	14883.5	306.5	-2.0	8.0	217.71200561523438	15358.0	3286.0	10.0	8.511159896850586	-2.0	-2.0	-2.0	0.0021008950425311923	11023.0	6226.5	-2.0	7870.5	-2.0	-2.0	-2.0	-2.0	20121.0	71.64434814453125	-2.0	-2.0	-2.0	-2.0	-2.0	20303.0	48.918251514434814	-2.0	-2.0	1727.0	22.5	1242.0	71.73199844360352	-2.0	53747.0	-2.0	-2.0	-2.0	46.5	-2.0	-2.0	0.5	51.82944869995117	-2.0	-2.0	1.5	1036.6474914550781	-2.0	-2.0	18.03564977645874	73464.0	18283.0	-2.0	-2.0	1.6273200344585348e-05	-2.0	1120530.0	-2.0	-2.0	10.5	202.0	100917.5	-2.0	-2.0	-2.0	-2.0	20.456299781799316	-2.0	-2.0
# Feature
7	6	0	1	5	1	-2	-2	7	-2	-2	8	0	-2	-2	9	3	8	-2	-2	-2	-2	4	2	4	2	2	-2	7	-2	-2	3	8	7	-2	-2	-2	5	-2	-2	8	3	-2	0	-2	3	-2	2	-2	-2	-2	9	2	3	0	-2	-2	-2	7	8	9	5	-2	5	-2	-2	1	4	-2	-2	8	-2	-2	6	2	3	-2	-2	6	-2	-2	-2	9	6	7	0	-2	-2	-2	1	9	-2	-2	-2	7	-2	5	-2	5	-2	-2	6	5	6	2	-2	-2	1	-2	0	-2	-2	-2	2	2	-2	-2	4	1	-2	2	8	-2	-2	-2	8	-2	8	-2	5	-2	-2	0	6	6	4	6	-2	0	1	-2	-2	1	1	-2	-2	-2	-2	7	8	-2	2	1	-2	-2	4	-2	-2	-2	1	7	-2	3	-2	3	-2	-2	1	-2	2	-2	-2	6	0	8	-2	1	-2	1	-2	-2	-2	3	-2	-2	8	0	3	-2	9	-2	4	-2	-2	-2	1	-2	3	5	4	3	-2	-2	-2	-2	4	-2	9	4	5	4	-2	-2	8	-2	-2	-2	-2	1	8	5	-2	6	7	0	0	9	3	-2	-2	-2	4	8	1	-2	0	-2	-2	-2	-2	1	7	-2	-2	-2	-2	-2	8	3	-2	-2	5	6	5	7	-2	8	-2	-2	-2	6	-2	-2	6	7	-2	-2	9	7	-2	-2	3	1	5	-2	-2	4	-2	2	-2	-2	6	9	8	-2	-2	-2	-2	3	-2	-2
# Values
212.0	1336.0	13.0	2.0	2.0	118.0
107.0	1217.0	13.0	2.0	0.0	100.0
99.0	900.0	13.0	0.0	0.0	88.0
0.0	68.0	6.0	0.0	0.0	0.0
0.0	8.0	4.0	0.0	0.0	0.0
0.0	2.0	3.0	0.0	0.0	0.0
0.0	1.0	1.0	0.0	0.0	0.0
0.0	1.0	2.0	0.0	0.0	0.0
0.0	6.0	1.0	0.0	0.0	0.0
0.0	4.0	0.0	0.0	0.0	0.0
0.0	2.0	1.0	0.0	0.0	0.0
0.0	60.0	2.0	0.0	0.0	0.0
0.0	8.0	1.0	0.0	0.0	0.0
0.0	1.0	1.0	0.0	0.0	0.0
0.0	7.0	0.0	0.0	0.0	0.0
0.0	52.0	1.0	0.0	0.0	0.0
0.0	21.0	1.0	0.0	0.0	0.0
0.0	9.0	1.0	0.0	0.0	0.0
0.0	7.0	0.0	0.0	0.0	0.0
0.0	2.0	1.0	0.0	0.0	0.0
0.0	12.0	0.0	0.0	0.0	0.0
0.0	31.0	0.0	0.0	0.0	0.0
99.0	832.0	7.0	0.0	0.0	88.0
62.0	603.0	2.0	0.0	0.0	72.0
3.0	156.0	1.0	0.0	0.0	22.0
2.0	112.0	1.0	0.0	0.0	3.0
2.0	43.0	0.0	0.0	0.0	0.0
0.0	36.0	0.0	0.0	0.0	0.0
2.0	7.0	0.0	0.0	0.0	0.0
1.0	2.0	0.0	0.0	0.0	0.0
1.0	5.0	0.0	0.0	0.0	0.0
0.0	69.0	1.0	0.0	0.0	3.0
0.0	16.0	1.0	0.0	0.0	2.0
0.0	14.0	1.0	0.0	0.0	0.0
0.0	13.0	0.0	0.0	0.0	0.0
0.0	1.0	1.0	0.0	0.0	0.0
0.0	2.0	0.0	0.0	0.0	2.0
0.0	53.0	0.0	0.0	0.0	1.0
0.0	4.0	0.0	0.0	0.0	1.0
0.0	49.0	0.0	0.0	0.0	0.0
1.0	44.0	0.0	0.0	0.0	19.0
0.0	15.0	0.0	0.0	0.0	10.0
0.0	5.0	0.0	0.0	0.0	0.0
0.0	10.0	0.0	0.0	0.0	10.0
0.0	4.0	0.0	0.0	0.0	0.0
0.0	6.0	0.0	0.0	0.0	10.0
0.0	0.0	0.0	0.0	0.0	5.0
0.0	6.0	0.0	0.0	0.0	5.0
0.0	4.0	0.0	0.0	0.0	5.0
0.0	2.0	0.0	0.0	0.0	0.0
1.0	29.0	0.0	0.0	0.0	9.0
59.0	447.0	1.0	0.0	0.0	50.0
54.0	277.0	0.0	0.0	0.0	42.0
11.0	5.0	0.0	0.0	0.0	0.0
11.0	2.0	0.0	0.0	0.0	0.0
11.0	0.0	0.0	0.0	0.0	0.0
0.0	2.0	0.0	0.0	0.0	0.0
0.0	3.0	0.0	0.0	0.0	0.0
43.0	272.0	0.0	0.0	0.0	42.0
8.0	233.0	0.0	0.0	0.0	39.0
0.0	175.0	0.0	0.0	0.0	31.0
0.0	63.0	0.0	0.0	0.0	19.0
0.0	13.0	0.0	0.0	0.0	0.0
0.0	50.0	0.0	0.0	0.0	19.0
0.0	26.0	0.0	0.0	0.0	16.0
0.0	24.0	0.0	0.0	0.0	3.0
0.0	112.0	0.0	0.0	0.0	12.0
0.0	57.0	0.0	0.0	0.0	11.0
0.0	56.0	0.0	0.0	0.0	9.0
0.0	1.0	0.0	0.0	0.0	2.0
0.0	55.0	0.0	0.0	0.0	1.0
0.0	49.0	0.0	0.0	0.0	0.0
0.0	6.0	0.0	0.0	0.0	1.0
8.0	58.0	0.0	0.0	0.0	8.0
8.0	54.0	0.0	0.0	0.0	3.0
6.0	14.0	0.0	0.0	0.0	0.0
6.0	11.0	0.0	0.0	0.0	0.0
0.0	3.0	0.0	0.0	0.0	0.0
2.0	40.0	0.0	0.0	0.0	3.0
2.0	33.0	0.0	0.0	0.0	1.0
0.0	7.0	0.0	0.0	0.0	2.0
0.0	4.0	0.0	0.0	0.0	5.0
35.0	39.0	0.0	0.0	0.0	3.0
17.0	29.0	0.0	0.0	0.0	2.0
11.0	4.0	0.0	0.0	0.0	0.0
10.0	2.0	0.0	0.0	0.0	0.0
0.0	2.0	0.0	0.0	0.0	0.0
10.0	0.0	0.0	0.0	0.0	0.0
1.0	2.0	0.0	0.0	0.0	0.0
6.0	25.0	0.0	0.0	0.0	2.0
4.0	25.0	0.0	0.0	0.0	1.0
4.0	10.0	0.0	0.0	0.0	1.0
0.0	15.0	0.0	0.0	0.0	0.0
2.0	0.0	0.0	0.0	0.0	1.0
18.0	10.0	0.0	0.0	0.0	1.0
1.0	3.0	0.0	0.0	0.0	1.0
17.0	7.0	0.0	0.0	0.0	0.0
2.0	4.0	0.0	0.0	0.0	0.0
15.0	3.0	0.0	0.0	0.0	0.0
11.0	0.0	0.0	0.0	0.0	0.0
4.0	3.0	0.0	0.0	0.0	0.0
5.0	170.0	1.0	0.0	0.0	8.0
5.0	80.0	0.0	0.0	0.0	2.0
4.0	79.0	0.0	0.0	0.0	0.0
1.0	7.0	0.0	0.0	0.0	0.0
1.0	3.0	0.0	0.0	0.0	0.0
0.0	4.0	0.0	0.0	0.0	0.0
3.0	72.0	0.0	0.0	0.0	0.0
0.0	67.0	0.0	0.0	0.0	0.0
3.0	5.0	0.0	0.0	0.0	0.0
3.0	1.0	0.0	0.0	0.0	0.0
0.0	4.0	0.0	0.0	0.0	0.0
1.0	1.0	0.0	0.0	0.0	2.0
0.0	90.0	1.0	0.0	0.0	6.0
0.0	5.0	1.0	0.0	0.0	0.0
0.0	4.0	0.0	0.0	0.0	0.0
0.0	1.0	1.0	0.0	0.0	0.0
0.0	85.0	0.0	0.0	0.0	6.0
0.0	76.0	0.0	0.0	0.0	1.0
0.0	58.0	0.0	0.0	0.0	0.0
0.0	18.0	0.0	0.0	0.0	1.0
0.0	7.0	0.0	0.0	0.0	1.0
0.0	5.0	0.0	0.0	0.0	0.0
0.0	2.0	0.0	0.0	0.0	1.0
0.0	11.0	0.0	0.0	0.0	0.0
0.0	9.0	0.0	0.0	0.0	5.0
0.0	4.0	0.0	0.0	0.0	0.0
0.0	5.0	0.0	0.0	0.0	5.0
0.0	0.0	0.0	0.0	0.0	3.0
0.0	5.0	0.0	0.0	0.0	2.0
0.0	3.0	0.0	0.0	0.0	0.0
0.0	2.0	0.0	0.0	0.0	2.0
37.0	229.0	5.0	0.0	0.0	16.0
25.0	174.0	5.0	0.0	0.0	16.0
24.0	124.0	2.0	0.0	0.0	12.0
14.0	79.0	0.0	0.0	0.0	11.0
12.0	78.0	0.0	0.0	0.0	11.0
0.0	7.0	0.0	0.0	0.0	0.0
12.0	71.0	0.0	0.0	0.0	11.0
0.0	3.0	0.0	0.0	0.0	4.0
0.0	3.0	0.0	0.0	0.0	1.0
0.0	0.0	0.0	0.0	0.0	3.0
12.0	68.0	0.0	0.0	0.0	7.0
12.0	67.0	0.0	0.0	0.0	5.0
10.0	34.0	0.0	0.0	0.0	5.0
2.0	33.0	0.0	0.0	0.0	0.0
0.0	1.0	0.0	0.0	0.0	2.0
2.0	1.0	0.0	0.0	0.0	0.0
10.0	45.0	2.0	0.0	0.0	1.0
3.0	43.0	2.0	0.0	0.0	1.0
0.0	1.0	2.0	0.0	0.0	0.0
3.0	42.0	0.0	0.0	0.0	1.0
3.0	3.0	0.0	0.0	0.0	0.0
3.0	0.0	0.0	0.0	0.0	0.0
0.0	3.0	0.0	0.0	0.0	0.0
0.0	39.0	0.0	0.0	0.0	1.0
0.0	36.0	0.0	0.0	0.0	0.0
0.0	3.0	0.0	0.0	0.0	1.0
7.0	2.0	0.0	0.0	0.0	0.0
1.0	50.0	3.0	0.0	0.0	4.0
0.0	35.0	1.0	0.0	0.0	4.0
0.0	3.0	1.0	0.0	0.0	2.0
0.0	32.0	0.0	0.0	0.0	2.0
0.0	19.0	0.0	0.0	0.0	0.0
0.0	13.0	0.0	0.0	0.0	2.0
0.0	4.0	0.0	0.0	0.0	2.0
0.0	9.0	0.0	0.0	0.0	0.0
1.0	15.0	2.0	0.0	0.0	0.0
1.0	2.0	0.0	0.0	0.0	0.0
0.0	13.0	2.0	0.0	0.0	0.0
0.0	1.0	2.0	0.0	0.0	0.0
0.0	12.0	0.0	0.0	0.0	0.0
12.0	55.0	0.0	0.0	0.0	0.0
6.0	51.0	0.0	0.0	0.0	0.0
6.0	16.0	0.0	0.0	0.0	0.0
0.0	12.0	0.0	0.0	0.0	0.0
6.0	4.0	0.0	0.0	0.0	0.0
1.0	2.0	0.0	0.0	0.0	0.0
5.0	2.0	0.0	0.0	0.0	0.0
4.0	0.0	0.0	0.0	0.0	0.0
1.0	2.0	0.0	0.0	0.0	0.0
0.0	35.0	0.0	0.0	0.0	0.0
6.0	4.0	0.0	0.0	0.0	0.0
6.0	0.0	0.0	0.0	0.0	0.0
0.0	4.0	0.0	0.0	0.0	0.0
8.0	317.0	0.0	2.0	0.0	12.0
1.0	111.0	0.0	2.0	0.0	1.0
1.0	21.0	0.0	2.0	0.0	1.0
0.0	5.0	0.0	2.0	0.0	0.0
1.0	16.0	0.0	0.0	0.0	1.0
1.0	1.0	0.0	0.0	0.0	0.0
0.0	15.0	0.0	0.0	0.0	1.0
0.0	4.0	0.0	0.0	0.0	1.0
0.0	11.0	0.0	0.0	0.0	0.0
0.0	90.0	0.0	0.0	0.0	0.0
7.0	206.0	0.0	0.0	0.0	11.0
3.0	4.0	0.0	0.0	0.0	3.0
4.0	202.0	0.0	0.0	0.0	8.0
4.0	27.0	0.0	0.0	0.0	0.0
4.0	15.0	0.0	0.0	0.0	0.0
4.0	6.0	0.0	0.0	0.0	0.0
0.0	5.0	0.0	0.0	0.0	0.0
4.0	1.0	0.0	0.0	0.0	0.0
0.0	9.0	0.0	0.0	0.0	0.0
0.0	12.0	0.0	0.0	0.0	0.0
0.0	175.0	0.0	0.0	0.0	8.0
0.0	101.0	0.0	0.0	0.0	0.0
0.0	74.0	0.0	0.0	0.0	8.0
0.0	34.0	0.0	0.0	0.0	8.0
0.0	9.0	0.0	0.0	0.0	8.0
0.0	8.0	0.0	0.0	0.0	2.0
0.0	4.0	0.0	0.0	0.0	2.0
0.0	4.0	0.0	0.0	0.0	0.0
0.0	1.0	0.0	0.0	0.0	6.0
0.0	1.0	0.0	0.0	0.0	2.0
0.0	0.0	0.0	0.0	0.0	4.0
0.0	25.0	0.0	0.0	0.0	0.0
0.0	40.0	0.0	0.0	0.0	0.0
105.0	119.0	0.0	0.0	2.0	18.0
92.0	119.0	0.0	0.0	2.0	16.0
20.0	48.0	0.0	0.0	2.0	13.0
0.0	14.0	0.0	0.0	0.0	0.0
20.0	34.0	0.0	0.0	2.0	13.0
14.0	33.0	0.0	0.0	2.0	12.0
14.0	32.0	0.0	0.0	0.0	9.0
14.0	23.0	0.0	0.0	0.0	7.0
2.0	12.0	0.0	0.0	0.0	5.0
2.0	2.0	0.0	0.0	0.0	5.0
0.0	2.0	0.0	0.0	0.0	2.0
2.0	0.0	0.0	0.0	0.0	3.0
0.0	10.0	0.0	0.0	0.0	0.0
12.0	11.0	0.0	0.0	0.0	2.0
7.0	11.0	0.0	0.0	0.0	2.0
4.0	11.0	0.0	0.0	0.0	2.0
0.0	3.0	0.0	0.0	0.0	2.0
4.0	8.0	0.0	0.0	0.0	0.0
4.0	3.0	0.0	0.0	0.0	0.0
0.0	5.0	0.0	0.0	0.0	0.0
3.0	0.0	0.0	0.0	0.0	0.0
5.0	0.0	0.0	0.0	0.0	0.0
0.0	9.0	0.0	0.0	0.0	2.0
0.0	8.0	0.0	0.0	0.0	1.0
0.0	3.0	0.0	0.0	0.0	1.0
0.0	5.0	0.0	0.0	0.0	0.0
0.0	1.0	0.0	0.0	0.0	1.0
0.0	1.0	0.0	0.0	2.0	3.0
6.0	1.0	0.0	0.0	0.0	1.0
72.0	71.0	0.0	0.0	0.0	3.0
16.0	1.0	0.0	0.0	0.0	0.0
13.0	0.0	0.0	0.0	0.0	0.0
3.0	1.0	0.0	0.0	0.0	0.0
56.0	70.0	0.0	0.0	0.0	3.0
4.0	35.0	0.0	0.0	0.0	2.0
1.0	29.0	0.0	0.0	0.0	2.0
0.0	27.0	0.0	0.0	0.0	1.0
0.0	20.0	0.0	0.0	0.0	0.0
0.0	7.0	0.0	0.0	0.0	1.0
0.0	5.0	0.0	0.0	0.0	0.0
0.0	2.0	0.0	0.0	0.0	1.0
1.0	2.0	0.0	0.0	0.0	1.0
3.0	6.0	0.0	0.0	0.0	0.0
3.0	2.0	0.0	0.0	0.0	0.0
0.0	4.0	0.0	0.0	0.0	0.0
52.0	35.0	0.0	0.0	0.0	1.0
3.0	12.0	0.0	0.0	0.0	0.0
3.0	0.0	0.0	0.0	0.0	0.0
0.0	12.0	0.0	0.0	0.0	0.0
49.0	23.0	0.0	0.0	0.0	1.0
23.0	1.0	0.0	0.0	0.0	0.0
21.0	0.0	0.0	0.0	0.0	0.0
2.0	1.0	0.0	0.0	0.0	0.0
26.0	22.0	0.0	0.0	0.0	1.0
21.0	9.0	0.0	0.0	0.0	1.0
13.0	1.0	0.0	0.0	0.0	1.0
11.0	0.0	0.0	0.0	0.0	0.0
2.0	1.0	0.0	0.0	0.0	1.0
8.0	8.0	0.0	0.0	0.0	0.0
4.0	0.0	0.0	0.0	0.0	0.0
4.0	8.0	0.0	0.0	0.0	0.0
0.0	6.0	0.0	0.0	0.0	0.0
4.0	2.0	0.0	0.0	0.0	0.0
5.0	13.0	0.0	0.0	0.0	0.0
5.0	6.0	0.0	0.0	0.0	0.0
2.0	6.0	0.0	0.0	0.0	0.0
1.0	2.0	0.0	0.0	0.0	0.0
1.0	4.0	0.0	0.0	0.0	0.0
3.0	0.0	0.0	0.0	0.0	0.0
0.0	7.0	0.0	0.0	0.0	0.0
13.0	0.0	0.0	0.0	0.0	2.0
12.0	0.0	0.0	0.0	0.0	0.0
1.0	0.0	0.0	0.0	0.0	2.0
