# Sizes (NFeatures, Nclasses, NodeCount, MaxDepth)
10	6	297	12
# Classes
0.0	1.0	2.0	3.0	4.0	5.0
# Feature Names
Nrows	Ncols	Nnnz	AvgNnnz	Density	MaxRowNnnz	MinRowNnnz	StdRowNnnz	NDiags	NTrueDiags
# Left
1	2	3	4	5	6	7	8	9	10	11	12	-1	-1	-1	-1	17	-1	-1	-1	-1	22	-1	-1	25	26	27	-1	-1	-1	31	32	-1	-1	-1	-1	37	38	39	40	-1	-1	-1	44	-1	-1	47	48	49	-1	51	-1	53	-1	-1	-1	-1	58	59	60	61	62	63	64	65	-1	-1	-1	69	-1	71	-1	-1	74	75	76	-1	-1	-1	80	-1	-1	83	84	-1	86	-1	88	-1	90	-1	-1	-1	-1	-1	96	97	98	99	-1	101	-1	103	-1	-1	106	-1	108	109	110	111	112	-1	-1	115	-1	-1	118	-1	-1	121	-1	123	-1	-1	126	127	-1	129	-1	-1	-1	133	134	135	136	-1	138	139	-1	141	-1	-1	-1	-1	146	147	148	149	150	-1	-1	153	-1	-1	156	157	-1	-1	160	-1	-1	163	164	165	-1	-1	-1	-1	170	171	-1	173	-1	-1	-1	177	178	-1	180	181	182	-1	-1	-1	-1	187	-1	-1	190	191	192	-1	-1	195	-1	197	-1	199	200	201	-1	-1	204	205	-1	-1	-1	-1	210	-1	-1	213	214	215	216	217	-1	219	220	-1	222	-1	-1	225	-1	227	228	-1	230	-1	-1	-1	234	-1	-1	237	-1	239	240	-1	-1	-1	244	245	-1	247	248	-1	250	-1	-1	253	254	255	-1	257	-1	259	-1	-1	-1	263	264	265	266	-1	268	-1	-1	-1	272	-1	-1	-1	276	277	278	-1	280	-1	282	-1	284	-1	-1	287	288	-1	-1	-1	292	-1	-1	295	-1	-1
# Right
212	57	36	35	24	21	20	19	16	15	14	13	-1	-1	-1	-1	18	-1	-1	-1	-1	23	-1	-1	30	29	28	-1	-1	-1	34	33	-1	-1	-1	-1	46	43	42	41	-1	-1	-1	45	-1	-1	56	55	50	-1	52	-1	54	-1	-1	-1	-1	95	94	93	82	73	68	67	66	-1	-1	-1	70	-1	72	-1	-1	79	78	77	-1	-1	-1	81	-1	-1	92	85	-1	87	-1	89	-1	91	-1	-1	-1	-1	-1	189	132	105	100	-1	102	-1	104	-1	-1	107	-1	125	120	117	114	113	-1	-1	116	-1	-1	119	-1	-1	122	-1	124	-1	-1	131	128	-1	130	-1	-1	-1	176	145	144	137	-1	143	140	-1	142	-1	-1	-1	-1	169	162	155	152	151	-1	-1	154	-1	-1	159	158	-1	-1	161	-1	-1	168	167	166	-1	-1	-1	-1	175	172	-1	174	-1	-1	-1	186	179	-1	185	184	183	-1	-1	-1	-1	188	-1	-1	209	194	193	-1	-1	196	-1	198	-1	208	203	202	-1	-1	207	206	-1	-1	-1	-1	211	-1	-1	294	243	236	233	218	-1	224	221	-1	223	-1	-1	226	-1	232	229	-1	231	-1	-1	-1	235	-1	-1	238	-1	242	241	-1	-1	-1	275	246	-1	252	249	-1	251	-1	-1	262	261	256	-1	258	-1	260	-1	-1	-1	274	271	270	267	-1	269	-1	-1	-1	273	-1	-1	-1	291	286	279	-1	281	-1	283	-1	285	-1	-1	290	289	-1	-1	-1	293	-1	-1	296	-1	-1
# Threshold
30.927249908447266	405.0	63.5	0.3347110003232956	176.0	42.5	3.469449996948242	10.569230079650879	7.5	6.0	56.0	2.477090001106262	-2.0	-2.0	-2.0	-2.0	9.5	-2.0	-2.0	-2.0	-2.0	4.779425144195557	-2.0	-2.0	0.020475399680435658	17.0	4.0	-2.0	-2.0	-2.0	2881.5	212.5	-2.0	-2.0	-2.0	-2.0	1.5	0.5	2392.5	6.778519868850708	-2.0	-2.0	-2.0	6.213680028915405	-2.0	-2.0	0.0979047492146492	16.83215045928955	0.01600845018401742	-2.0	8.773370265960693	-2.0	322.5	-2.0	-2.0	-2.0	-2.0	307.0	5244.5	4937.5	3.5	2.5	3437.0	1.926355004310608	3.1743550300598145	-2.0	-2.0	-2.0	0.0005678535089828074	-2.0	3.879890024662018	-2.0	-2.0	0.005317285191267729	0.00490573002025485	6.0	-2.0	-2.0	-2.0	17.0	-2.0	-2.0	8.0	764.5	-2.0	0.36299699544906616	-2.0	0.4039655029773712	-2.0	2554.0	-2.0	-2.0	-2.0	-2.0	-2.0	1644425.0	0.00017480050155427307	259615.5	69642.5	-2.0	1.6341599822044373	-2.0	42829.0	-2.0	-2.0	44363.5	-2.0	389.5	2.5	1.5	0.5	6.107705116271973	-2.0	-2.0	17.0	-2.0	-2.0	75794.5	-2.0	-2.0	128894.5	-2.0	116615.0	-2.0	-2.0	3.5	0.5	-2.0	5.9770050048828125	-2.0	-2.0	-2.0	0.010890299919992685	1352.5	14539.0	2.0	-2.0	1436.5	436.5	-2.0	419.0	-2.0	-2.0	-2.0	-2.0	489190.0	3.5	13.071249961853027	2.6038249731063843	2.5169349908828735	-2.0	-2.0	0.8963950276374817	-2.0	-2.0	0.005703589878976345	17716.0	-2.0	-2.0	302.5	-2.0	-2.0	26.57100009918213	4.5	2.0	-2.0	-2.0	-2.0	-2.0	22302.0	43.07789993286133	-2.0	17440.5	-2.0	-2.0	-2.0	21.519399642944336	12.5	-2.0	559.5	26.0	26.5	-2.0	-2.0	-2.0	-2.0	27.092050075531006	-2.0	-2.0	8367105.0	0.5	1.2891699952888303e-05	-2.0	-2.0	10.0	-2.0	6451.0	-2.0	113341.0	0.0006229979917407036	2272640.0	-2.0	-2.0	31.0	53.269100189208984	-2.0	-2.0	-2.0	-2.0	4.402225017547607	-2.0	-2.0	1140025.0	11729.5	3.5	22.0	0.001339734997600317	-2.0	44.987600326538086	827.0	-2.0	1.5	-2.0	-2.0	1212.0	-2.0	60.19120216369629	0.0014332300052046776	-2.0	3351.0	-2.0	-2.0	-2.0	10701.5	-2.0	-2.0	2314.5	-2.0	75.0	5787.5	-2.0	-2.0	-2.0	12.0	22056.0	-2.0	45364.0	0.0010173279733862728	-2.0	12809.5	-2.0	-2.0	111.68099975585938	0.0007529245049227029	2.5	-2.0	60956.5	-2.0	6.593669891357422	-2.0	-2.0	-2.0	20687000.0	0.00029013749735895544	295.13099670410156	220373.0	-2.0	167.97899627685547	-2.0	-2.0	-2.0	17527.0	-2.0	-2.0	-2.0	7113.0	57808.0	17851.0	-2.0	0.0011318414763081819	-2.0	432.5	-2.0	22434.0	-2.0	-2.0	0.00024211250274674967	33653900.0	-2.0	-2.0	-2.0	3.0	-2.0	-2.0	5832150.0	-2.0	-2.0
# Feature
7	0	8	4	0	8	7	3	5	9	0	3	-2	-2	-2	-2	5	-2	-2	-2	-2	3	-2	-2	4	8	9	-2	-2	-2	2	0	-2	-2	-2	-2	9	9	2	3	-2	-2	-2	3	-2	-2	4	3	4	-2	3	-2	1	-2	-2	-2	-2	8	0	0	6	6	1	7	3	-2	-2	-2	4	-2	7	-2	-2	4	4	5	-2	-2	-2	5	-2	-2	5	0	-2	7	-2	7	-2	0	-2	-2	-2	-2	-2	2	4	2	2	-2	7	-2	0	-2	-2	1	-2	5	6	6	6	3	-2	-2	5	-2	-2	1	-2	-2	8	-2	1	-2	-2	9	6	-2	3	-2	-2	-2	4	1	2	9	-2	8	1	-2	8	-2	-2	-2	-2	2	9	7	3	3	-2	-2	7	-2	-2	4	2	-2	-2	5	-2	-2	7	9	6	-2	-2	-2	-2	1	3	-2	0	-2	-2	-2	7	9	-2	8	9	5	-2	-2	-2	-2	3	-2	-2	0	9	4	-2	-2	9	-2	8	-2	8	4	1	-2	-2	9	3	-2	-2	-2	-2	3	-2	-2	1	8	6	9	4	-2	7	5	-2	6	-2	-2	5	-2	7	4	-2	8	-2	-2	-2	0	-2	-2	0	-2	9	1	-2	-2	-2	9	8	-2	8	4	-2	0	-2	-2	7	4	9	-2	8	-2	3	-2	-2	-2	2	4	7	8	-2	7	-2	-2	-2	5	-2	-2	-2	5	8	1	-2	4	-2	5	-2	1	-2	-2	4	2	-2	-2	-2	6	-2	-2	8	-2	-2
# Values
197.0	1348.0	32.0	3.0	2.0	101.0
91.0	1214.0	32.0	3.0	1.0	78.0
6.0	131.0	26.0	3.0	0.0	6.0
0.0	61.0	26.0	1.0	0.0	3.0
0.0	55.0	26.0	0.0	0.0	3.0
0.0	41.0	17.0	0.0	0.0	0.0
0.0	26.0	15.0	0.0	0.0	0.0
0.0	22.0	15.0	0.0	0.0	0.0
0.0	18.0	15.0	0.0	0.0	0.0
0.0	16.0	8.0	0.0	0.0	0.0
0.0	14.0	5.0	0.0	0.0	0.0
0.0	4.0	5.0	0.0	0.0	0.0
0.0	3.0	3.0	0.0	0.0	0.0
0.0	1.0	2.0	0.0	0.0	0.0
0.0	10.0	0.0	0.0	0.0	0.0
0.0	2.0	3.0	0.0	0.0	0.0
0.0	2.0	7.0	0.0	0.0	0.0
0.0	1.0	2.0	0.0	0.0	0.0
0.0	1.0	5.0	0.0	0.0	0.0
0.0	4.0	0.0	0.0	0.0	0.0
0.0	4.0	0.0	0.0	0.0	0.0
0.0	15.0	2.0	0.0	0.0	0.0
0.0	7.0	2.0	0.0	0.0	0.0
0.0	8.0	0.0	0.0	0.0	0.0
0.0	14.0	9.0	0.0	0.0	3.0
0.0	8.0	8.0	0.0	0.0	0.0
0.0	5.0	8.0	0.0	0.0	0.0
0.0	2.0	3.0	0.0	0.0	0.0
0.0	3.0	5.0	0.0	0.0	0.0
0.0	3.0	0.0	0.0	0.0	0.0
0.0	6.0	1.0	0.0	0.0	3.0
0.0	3.0	0.0	0.0	0.0	3.0
0.0	2.0	0.0	0.0	0.0	2.0
0.0	1.0	0.0	0.0	0.0	1.0
0.0	3.0	1.0	0.0	0.0	0.0
0.0	6.0	0.0	1.0	0.0	0.0
6.0	70.0	0.0	2.0	0.0	3.0
5.0	20.0	0.0	2.0	0.0	0.0
3.0	16.0	0.0	2.0	0.0	0.0
2.0	13.0	0.0	0.0	0.0	0.0
0.0	11.0	0.0	0.0	0.0	0.0
2.0	2.0	0.0	0.0	0.0	0.0
1.0	3.0	0.0	2.0	0.0	0.0
2.0	4.0	0.0	0.0	0.0	0.0
2.0	2.0	0.0	0.0	0.0	0.0
0.0	2.0	0.0	0.0	0.0	0.0
1.0	50.0	0.0	0.0	0.0	3.0
1.0	34.0	0.0	0.0	0.0	3.0
0.0	33.0	0.0	0.0	0.0	2.0
0.0	2.0	0.0	0.0	0.0	1.0
0.0	31.0	0.0	0.0	0.0	1.0
0.0	22.0	0.0	0.0	0.0	0.0
0.0	9.0	0.0	0.0	0.0	1.0
0.0	3.0	0.0	0.0	0.0	1.0
0.0	6.0	0.0	0.0	0.0	0.0
1.0	1.0	0.0	0.0	0.0	1.0
0.0	16.0	0.0	0.0	0.0	0.0
85.0	1083.0	6.0	0.0	1.0	72.0
4.0	247.0	6.0	0.0	0.0	6.0
4.0	159.0	6.0	0.0	0.0	6.0
4.0	157.0	4.0	0.0	0.0	6.0
4.0	75.0	4.0	0.0	0.0	3.0
4.0	63.0	1.0	0.0	0.0	1.0
4.0	55.0	0.0	0.0	0.0	0.0
4.0	17.0	0.0	0.0	0.0	0.0
0.0	13.0	0.0	0.0	0.0	0.0
4.0	4.0	0.0	0.0	0.0	0.0
0.0	38.0	0.0	0.0	0.0	0.0
0.0	8.0	1.0	0.0	0.0	1.0
0.0	1.0	1.0	0.0	0.0	0.0
0.0	7.0	0.0	0.0	0.0	1.0
0.0	3.0	0.0	0.0	0.0	1.0
0.0	4.0	0.0	0.0	0.0	0.0
0.0	12.0	3.0	0.0	0.0	2.0
0.0	6.0	3.0	0.0	0.0	1.0
0.0	5.0	1.0	0.0	0.0	1.0
0.0	1.0	1.0	0.0	0.0	1.0
0.0	4.0	0.0	0.0	0.0	0.0
0.0	1.0	2.0	0.0	0.0	0.0
0.0	6.0	0.0	0.0	0.0	1.0
0.0	4.0	0.0	0.0	0.0	0.0
0.0	2.0	0.0	0.0	0.0	1.0
0.0	82.0	0.0	0.0	0.0	3.0
0.0	28.0	0.0	0.0	0.0	3.0
0.0	1.0	0.0	0.0	0.0	1.0
0.0	27.0	0.0	0.0	0.0	2.0
0.0	14.0	0.0	0.0	0.0	0.0
0.0	13.0	0.0	0.0	0.0	2.0
0.0	3.0	0.0	0.0	0.0	1.0
0.0	10.0	0.0	0.0	0.0	1.0
0.0	4.0	0.0	0.0	0.0	1.0
0.0	6.0	0.0	0.0	0.0	0.0
0.0	54.0	0.0	0.0	0.0	0.0
0.0	2.0	2.0	0.0	0.0	0.0
0.0	88.0	0.0	0.0	0.0	0.0
81.0	836.0	0.0	0.0	1.0	66.0
80.0	646.0	0.0	0.0	1.0	57.0
28.0	95.0	0.0	0.0	0.0	17.0
1.0	29.0	0.0	0.0	0.0	4.0
0.0	3.0	0.0	0.0	0.0	4.0
1.0	26.0	0.0	0.0	0.0	0.0
0.0	16.0	0.0	0.0	0.0	0.0
1.0	10.0	0.0	0.0	0.0	0.0
0.0	9.0	0.0	0.0	0.0	0.0
1.0	1.0	0.0	0.0	0.0	0.0
27.0	66.0	0.0	0.0	0.0	13.0
5.0	0.0	0.0	0.0	0.0	0.0
22.0	66.0	0.0	0.0	0.0	13.0
7.0	66.0	0.0	0.0	0.0	9.0
7.0	48.0	0.0	0.0	0.0	7.0
4.0	36.0	0.0	0.0	0.0	7.0
2.0	6.0	0.0	0.0	0.0	1.0
2.0	1.0	0.0	0.0	0.0	0.0
0.0	5.0	0.0	0.0	0.0	1.0
2.0	30.0	0.0	0.0	0.0	6.0
2.0	2.0	0.0	0.0	0.0	0.0
0.0	28.0	0.0	0.0	0.0	6.0
3.0	12.0	0.0	0.0	0.0	0.0
0.0	8.0	0.0	0.0	0.0	0.0
3.0	4.0	0.0	0.0	0.0	0.0
0.0	18.0	0.0	0.0	0.0	2.0
0.0	10.0	0.0	0.0	0.0	0.0
0.0	8.0	0.0	0.0	0.0	2.0
0.0	1.0	0.0	0.0	0.0	1.0
0.0	7.0	0.0	0.0	0.0	1.0
15.0	0.0	0.0	0.0	0.0	4.0
14.0	0.0	0.0	0.0	0.0	1.0
4.0	0.0	0.0	0.0	0.0	0.0
10.0	0.0	0.0	0.0	0.0	1.0
3.0	0.0	0.0	0.0	0.0	1.0
7.0	0.0	0.0	0.0	0.0	0.0
1.0	0.0	0.0	0.0	0.0	3.0
52.0	551.0	0.0	0.0	1.0	40.0
46.0	471.0	0.0	0.0	1.0	40.0
12.0	80.0	0.0	0.0	1.0	17.0
11.0	80.0	0.0	0.0	1.0	15.0
0.0	16.0	0.0	0.0	0.0	0.0
11.0	64.0	0.0	0.0	1.0	15.0
8.0	43.0	0.0	0.0	0.0	6.0
6.0	26.0	0.0	0.0	0.0	6.0
2.0	17.0	0.0	0.0	0.0	0.0
2.0	4.0	0.0	0.0	0.0	0.0
0.0	13.0	0.0	0.0	0.0	0.0
3.0	21.0	0.0	0.0	1.0	9.0
1.0	0.0	0.0	0.0	0.0	2.0
34.0	391.0	0.0	0.0	0.0	23.0
34.0	335.0	0.0	0.0	0.0	21.0
34.0	223.0	0.0	0.0	0.0	16.0
6.0	136.0	0.0	0.0	0.0	12.0
4.0	6.0	0.0	0.0	0.0	0.0
1.0	6.0	0.0	0.0	0.0	0.0
3.0	0.0	0.0	0.0	0.0	0.0
2.0	130.0	0.0	0.0	0.0	12.0
0.0	11.0	0.0	0.0	0.0	4.0
2.0	119.0	0.0	0.0	0.0	8.0
28.0	87.0	0.0	0.0	0.0	4.0
20.0	85.0	0.0	0.0	0.0	4.0
0.0	48.0	0.0	0.0	0.0	0.0
20.0	37.0	0.0	0.0	0.0	4.0
8.0	2.0	0.0	0.0	0.0	0.0
7.0	0.0	0.0	0.0	0.0	0.0
1.0	2.0	0.0	0.0	0.0	0.0
0.0	112.0	0.0	0.0	0.0	5.0
0.0	106.0	0.0	0.0	0.0	1.0
0.0	21.0	0.0	0.0	0.0	1.0
0.0	7.0	0.0	0.0	0.0	0.0
0.0	14.0	0.0	0.0	0.0	1.0
0.0	85.0	0.0	0.0	0.0	0.0
0.0	6.0	0.0	0.0	0.0	4.0
0.0	56.0	0.0	0.0	0.0	2.0
0.0	19.0	0.0	0.0	0.0	2.0
0.0	15.0	0.0	0.0	0.0	0.0
0.0	4.0	0.0	0.0	0.0	2.0
0.0	3.0	0.0	0.0	0.0	0.0
0.0	1.0	0.0	0.0	0.0	2.0
0.0	37.0	0.0	0.0	0.0	0.0
6.0	80.0	0.0	0.0	0.0	0.0
3.0	76.0	0.0	0.0	0.0	0.0
0.0	48.0	0.0	0.0	0.0	0.0
3.0	28.0	0.0	0.0	0.0	0.0
3.0	16.0	0.0	0.0	0.0	0.0
1.0	12.0	0.0	0.0	0.0	0.0
1.0	5.0	0.0	0.0	0.0	0.0
0.0	7.0	0.0	0.0	0.0	0.0
2.0	4.0	0.0	0.0	0.0	0.0
0.0	12.0	0.0	0.0	0.0	0.0
3.0	4.0	0.0	0.0	0.0	0.0
3.0	1.0	0.0	0.0	0.0	0.0
0.0	3.0	0.0	0.0	0.0	0.0
1.0	190.0	0.0	0.0	0.0	9.0
0.0	183.0	0.0	0.0	0.0	7.0
0.0	9.0	0.0	0.0	0.0	2.0
0.0	7.0	0.0	0.0	0.0	0.0
0.0	2.0	0.0	0.0	0.0	2.0
0.0	174.0	0.0	0.0	0.0	5.0
0.0	69.0	0.0	0.0	0.0	0.0
0.0	105.0	0.0	0.0	0.0	5.0
0.0	33.0	0.0	0.0	0.0	0.0
0.0	72.0	0.0	0.0	0.0	5.0
0.0	49.0	0.0	0.0	0.0	5.0
0.0	35.0	0.0	0.0	0.0	1.0
0.0	34.0	0.0	0.0	0.0	0.0
0.0	1.0	0.0	0.0	0.0	1.0
0.0	14.0	0.0	0.0	0.0	4.0
0.0	6.0	0.0	0.0	0.0	4.0
0.0	6.0	0.0	0.0	0.0	2.0
0.0	0.0	0.0	0.0	0.0	2.0
0.0	8.0	0.0	0.0	0.0	0.0
0.0	23.0	0.0	0.0	0.0	0.0
1.0	7.0	0.0	0.0	0.0	2.0
1.0	6.0	0.0	0.0	0.0	0.0
0.0	1.0	0.0	0.0	0.0	2.0
106.0	134.0	0.0	0.0	1.0	23.0
86.0	133.0	0.0	0.0	1.0	22.0
14.0	53.0	0.0	0.0	1.0	9.0
13.0	35.0	0.0	0.0	1.0	3.0
13.0	20.0	0.0	0.0	0.0	3.0
0.0	5.0	0.0	0.0	0.0	0.0
13.0	15.0	0.0	0.0	0.0	3.0
9.0	2.0	0.0	0.0	0.0	0.0
2.0	1.0	0.0	0.0	0.0	0.0
7.0	1.0	0.0	0.0	0.0	0.0
4.0	1.0	0.0	0.0	0.0	0.0
3.0	0.0	0.0	0.0	0.0	0.0
4.0	13.0	0.0	0.0	0.0	3.0
0.0	2.0	0.0	0.0	0.0	2.0
4.0	11.0	0.0	0.0	0.0	1.0
2.0	9.0	0.0	0.0	0.0	0.0
1.0	1.0	0.0	0.0	0.0	0.0
1.0	8.0	0.0	0.0	0.0	0.0
1.0	1.0	0.0	0.0	0.0	0.0
0.0	7.0	0.0	0.0	0.0	0.0
2.0	2.0	0.0	0.0	0.0	1.0
0.0	15.0	0.0	0.0	1.0	0.0
0.0	12.0	0.0	0.0	0.0	0.0
0.0	3.0	0.0	0.0	1.0	0.0
1.0	18.0	0.0	0.0	0.0	6.0
0.0	1.0	0.0	0.0	0.0	4.0
1.0	17.0	0.0	0.0	0.0	2.0
1.0	5.0	0.0	0.0	0.0	2.0
1.0	1.0	0.0	0.0	0.0	0.0
0.0	4.0	0.0	0.0	0.0	2.0
0.0	12.0	0.0	0.0	0.0	0.0
72.0	80.0	0.0	0.0	0.0	13.0
60.0	32.0	0.0	0.0	0.0	3.0
13.0	0.0	0.0	0.0	0.0	0.0
47.0	32.0	0.0	0.0	0.0	3.0
8.0	10.0	0.0	0.0	0.0	0.0
6.0	0.0	0.0	0.0	0.0	0.0
2.0	10.0	0.0	0.0	0.0	0.0
2.0	1.0	0.0	0.0	0.0	0.0
0.0	9.0	0.0	0.0	0.0	0.0
39.0	22.0	0.0	0.0	0.0	3.0
10.0	15.0	0.0	0.0	0.0	1.0
10.0	12.0	0.0	0.0	0.0	0.0
5.0	2.0	0.0	0.0	0.0	0.0
5.0	10.0	0.0	0.0	0.0	0.0
4.0	1.0	0.0	0.0	0.0	0.0
1.0	9.0	0.0	0.0	0.0	0.0
0.0	6.0	0.0	0.0	0.0	0.0
1.0	3.0	0.0	0.0	0.0	0.0
0.0	3.0	0.0	0.0	0.0	1.0
29.0	7.0	0.0	0.0	0.0	2.0
29.0	4.0	0.0	0.0	0.0	1.0
26.0	2.0	0.0	0.0	0.0	0.0
17.0	2.0	0.0	0.0	0.0	0.0
10.0	0.0	0.0	0.0	0.0	0.0
7.0	2.0	0.0	0.0	0.0	0.0
1.0	1.0	0.0	0.0	0.0	0.0
6.0	1.0	0.0	0.0	0.0	0.0
9.0	0.0	0.0	0.0	0.0	0.0
3.0	2.0	0.0	0.0	0.0	1.0
3.0	0.0	0.0	0.0	0.0	0.0
0.0	2.0	0.0	0.0	0.0	1.0
0.0	3.0	0.0	0.0	0.0	1.0
12.0	48.0	0.0	0.0	0.0	10.0
2.0	44.0	0.0	0.0	0.0	10.0
0.0	20.0	0.0	0.0	0.0	10.0
0.0	5.0	0.0	0.0	0.0	0.0
0.0	15.0	0.0	0.0	0.0	10.0
0.0	6.0	0.0	0.0	0.0	0.0
0.0	9.0	0.0	0.0	0.0	10.0
0.0	7.0	0.0	0.0	0.0	0.0
0.0	2.0	0.0	0.0	0.0	10.0
0.0	2.0	0.0	0.0	0.0	4.0
0.0	0.0	0.0	0.0	0.0	6.0
2.0	24.0	0.0	0.0	0.0	0.0
2.0	6.0	0.0	0.0	0.0	0.0
2.0	0.0	0.0	0.0	0.0	0.0
0.0	6.0	0.0	0.0	0.0	0.0
0.0	18.0	0.0	0.0	0.0	0.0
10.0	4.0	0.0	0.0	0.0	0.0
9.0	2.0	0.0	0.0	0.0	0.0
1.0	2.0	0.0	0.0	0.0	0.0
20.0	1.0	0.0	0.0	0.0	1.0
19.0	0.0	0.0	0.0	0.0	0.0
1.0	1.0	0.0	0.0	0.0	1.0
