# Sizes (NFeatures, Nclasses, NodeCount, MaxDepth)
10	6	335	12
# Classes
0.0	1.0	2.0	3.0	4.0	5.0
# Feature Names
Nrows	Ncols	Nnnz	AvgNnnz	Density	MaxRowNnnz	MinRowNnnz	StdRowNnnz	NDiags	NTrueDiags
# Left
1	2	3	4	5	-1	7	-1	-1	-1	11	12	-1	-1	15	16	-1	18	19	20	-1	-1	23	-1	-1	26	27	-1	-1	-1	31	-1	33	-1	35	-1	37	38	-1	-1	41	-1	43	-1	-1	46	47	48	49	50	-1	52	53	54	55	56	-1	-1	-1	60	-1	62	-1	-1	-1	66	-1	68	-1	-1	71	72	73	-1	75	-1	-1	-1	79	80	81	-1	-1	84	85	86	-1	-1	-1	-1	91	92	93	-1	95	-1	-1	-1	99	-1	101	-1	103	-1	-1	106	107	108	-1	-1	111	-1	-1	114	115	-1	117	-1	-1	120	121	-1	-1	-1	125	126	127	-1	-1	130	-1	-1	133	134	135	136	-1	-1	139	-1	141	-1	-1	144	145	146	147	148	-1	-1	-1	-1	-1	-1	-1	156	-1	158	159	-1	161	-1	-1	-1	165	166	167	168	169	170	-1	-1	-1	174	-1	-1	177	178	179	-1	181	182	-1	184	-1	-1	-1	188	189	190	191	-1	193	-1	195	-1	-1	-1	199	-1	-1	-1	203	-1	205	206	-1	208	209	210	-1	212	-1	-1	215	216	-1	-1	-1	220	-1	222	-1	-1	225	-1	-1	228	229	230	231	232	-1	-1	235	236	237	-1	-1	-1	-1	242	-1	-1	245	246	-1	248	-1	-1	251	-1	-1	254	255	256	257	-1	-1	-1	261	262	263	-1	-1	-1	-1	-1	269	270	271	-1	-1	-1	275	276	277	278	-1	280	-1	-1	283	284	285	286	-1	-1	289	-1	-1	-1	-1	294	295	296	-1	298	299	300	-1	-1	-1	304	-1	306	-1	-1	-1	-1	311	312	-1	-1	315	-1	317	318	319	-1	-1	322	323	-1	-1	326	-1	-1	329	330	-1	-1	333	-1	-1
# Right
164	45	10	9	6	-1	8	-1	-1	-1	14	13	-1	-1	30	17	-1	25	22	21	-1	-1	24	-1	-1	29	28	-1	-1	-1	32	-1	34	-1	36	-1	40	39	-1	-1	42	-1	44	-1	-1	155	124	105	70	51	-1	65	64	59	58	57	-1	-1	-1	61	-1	63	-1	-1	-1	67	-1	69	-1	-1	78	77	74	-1	76	-1	-1	-1	90	83	82	-1	-1	89	88	87	-1	-1	-1	-1	98	97	94	-1	96	-1	-1	-1	100	-1	102	-1	104	-1	-1	113	110	109	-1	-1	112	-1	-1	119	116	-1	118	-1	-1	123	122	-1	-1	-1	132	129	128	-1	-1	131	-1	-1	154	143	138	137	-1	-1	140	-1	142	-1	-1	153	152	151	150	149	-1	-1	-1	-1	-1	-1	-1	157	-1	163	160	-1	162	-1	-1	-1	268	227	176	173	172	171	-1	-1	-1	175	-1	-1	202	187	180	-1	186	183	-1	185	-1	-1	-1	201	198	197	192	-1	194	-1	196	-1	-1	-1	200	-1	-1	-1	204	-1	224	207	-1	219	214	211	-1	213	-1	-1	218	217	-1	-1	-1	221	-1	223	-1	-1	226	-1	-1	253	244	241	234	233	-1	-1	240	239	238	-1	-1	-1	-1	243	-1	-1	250	247	-1	249	-1	-1	252	-1	-1	267	260	259	258	-1	-1	-1	266	265	264	-1	-1	-1	-1	-1	274	273	272	-1	-1	-1	310	293	282	279	-1	281	-1	-1	292	291	288	287	-1	-1	290	-1	-1	-1	-1	309	308	297	-1	303	302	301	-1	-1	-1	305	-1	307	-1	-1	-1	-1	314	313	-1	-1	316	-1	328	321	320	-1	-1	325	324	-1	-1	327	-1	-1	332	331	-1	-1	334	-1	-1
# Threshold
7.91035008430481	0.5	2960.5	565.5	13.5	-2.0	10.309985160827637	-2.0	-2.0	-2.0	1.987375020980835	2.2898850440979004	-2.0	-2.0	113188.5	17763.5	-2.0	25098.5	7923.0	10696.0	-2.0	-2.0	3.637755036354065	-2.0	-2.0	0.00011316400195937604	51513.5	-2.0	-2.0	-2.0	835475.0	-2.0	188741.0	-2.0	1195030.0	-2.0	0.5	38618650.0	-2.0	-2.0	1.2415750006766757e-05	-2.0	1349170.0	-2.0	-2.0	10.074399948120117	6.5	4892.0	1.179390013217926	56.0	-2.0	0.4788355082273483	3349.0	3940.5	361.5	2.5	-2.0	-2.0	-2.0	6340.5	-2.0	2760.0	-2.0	-2.0	-2.0	0.8863690197467804	-2.0	6.004474878311157	-2.0	-2.0	243.0	595.5	60.5	-2.0	73.5	-2.0	-2.0	-2.0	4.710479974746704	10.5	724.0	-2.0	-2.0	30.0	1.5	1.595674991607666	-2.0	-2.0	-2.0	-2.0	6.01954984664917	1634.0	0.003957269946113229	-2.0	392.5	-2.0	-2.0	-2.0	2.5	-2.0	4827.0	-2.0	839.0	-2.0	-2.0	0.00023985450388863683	189362.5	6.629889965057373	-2.0	-2.0	368273.5	-2.0	-2.0	1.5	0.00028432799444999546	-2.0	7.451910018920898	-2.0	-2.0	0.0003999379987362772	122200.0	-2.0	-2.0	-2.0	1068.5	1.254604995250702	6.1875	-2.0	-2.0	30.5	-2.0	-2.0	0.01625775033608079	1.5	4765.5	4035.5	-2.0	-2.0	9.0	-2.0	10.5	-2.0	-2.0	202487.0	13.5	10.0	8.0	0.37177999317646027	-2.0	-2.0	-2.0	-2.0	-2.0	-2.0	-2.0	8.5	-2.0	25.0	9.5	-2.0	1543948.0	-2.0	-2.0	-2.0	6.0	1.5	6.35596489906311	0.5	10324.5	3874.5	-2.0	-2.0	-2.0	16.93975067138672	-2.0	-2.0	31811.5	226.5	4276.0	-2.0	68.0	18.982199668884277	-2.0	0.0039117899723351	-2.0	-2.0	-2.0	2.5	14337.5	2699.0	0.5	-2.0	4826.0	-2.0	95118.0	-2.0	-2.0	-2.0	806.0	-2.0	-2.0	-2.0	34621.0	-2.0	43884.5	342207.5	-2.0	919768.0	0.5	418.5	-2.0	106620.0	-2.0	-2.0	27210.5	196873.5	-2.0	-2.0	-2.0	2.7487249099067412e-06	-2.0	1743955.0	-2.0	-2.0	7.641645242983941e-05	-2.0	-2.0	15.965600490570068	12498.0	914.0	13.271699905395508	905.0	-2.0	-2.0	594.5	293.5	29628.5	-2.0	-2.0	-2.0	-2.0	4.5	-2.0	-2.0	51679.5	12.655099868774414	-2.0	33602.5	-2.0	-2.0	59661.0	-2.0	-2.0	117.05224990844727	7.5	0.002740205032750964	12.735849857330322	-2.0	-2.0	-2.0	394.0	30010.0	31335.0	-2.0	-2.0	-2.0	-2.0	-2.0	0.0006104304920881987	0.00036428750900086015	53.006099700927734	-2.0	-2.0	-2.0	10201.0	17.57284927368164	9.201029777526855	731.5	-2.0	1305.0	-2.0	-2.0	6.5	34605.0	164.5	14.40245008468628	-2.0	-2.0	13.556149959564209	-2.0	-2.0	-2.0	-2.0	56472.0	39459.0	482.5	-2.0	1.5	2810.5	2028.5	-2.0	-2.0	-2.0	16.0	-2.0	10.747900009155273	-2.0	-2.0	-2.0	-2.0	16195.5	15.942500114440918	-2.0	-2.0	0.0009419879934284836	-2.0	81.0	8.5	48469.0	-2.0	-2.0	77.41650009155273	7587.0	-2.0	-2.0	517.0	-2.0	-2.0	1.5	30466.0	-2.0	-2.0	30273.0	-2.0	-2.0
# Feature
7	9	1	1	5	-2	3	-2	-2	-2	7	3	-2	-2	1	2	-2	0	1	8	-2	-2	3	-2	-2	4	1	-2	-2	-2	2	-2	0	-2	2	-2	6	2	-2	-2	4	-2	2	-2	-2	3	9	1	7	1	-2	7	0	2	0	5	-2	-2	-2	2	-2	1	-2	-2	-2	7	-2	3	-2	-2	1	2	1	-2	0	-2	-2	-2	3	5	0	-2	-2	5	6	7	-2	-2	-2	-2	3	0	4	-2	1	-2	-2	-2	6	-2	2	-2	1	-2	-2	4	8	7	-2	-2	8	-2	-2	6	4	-2	3	-2	-2	4	2	-2	-2	-2	2	7	3	-2	-2	8	-2	-2	4	6	2	2	-2	-2	5	-2	5	-2	-2	2	5	9	8	7	-2	-2	-2	-2	-2	-2	-2	6	-2	9	6	-2	0	-2	-2	-2	9	6	3	9	1	0	-2	-2	-2	7	-2	-2	0	5	2	-2	5	3	-2	4	-2	-2	-2	9	8	5	6	-2	8	-2	2	-2	-2	-2	5	-2	-2	-2	8	-2	5	2	-2	0	6	5	-2	1	-2	-2	5	0	-2	-2	-2	4	-2	0	-2	-2	4	-2	-2	3	1	5	7	8	-2	-2	5	5	2	-2	-2	-2	-2	9	-2	-2	1	3	-2	1	-2	-2	0	-2	-2	7	6	4	7	-2	-2	-2	5	8	2	-2	-2	-2	-2	-2	4	4	7	-2	-2	-2	1	7	7	0	-2	1	-2	-2	6	2	5	7	-2	-2	7	-2	-2	-2	-2	2	2	1	-2	6	0	0	-2	-2	-2	9	-2	3	-2	-2	-2	-2	1	3	-2	-2	4	-2	9	6	0	-2	-2	3	8	-2	-2	5	-2	-2	6	8	-2	-2	1	-2	-2
# Values
209.0	1351.0	30.0	2.0	0.0	91.0
29.0	845.0	30.0	2.0	0.0	51.0
6.0	154.0	0.0	2.0	0.0	17.0
0.0	61.0	0.0	2.0	0.0	1.0
0.0	13.0	0.0	2.0	0.0	1.0
0.0	8.0	0.0	0.0	0.0	0.0
0.0	5.0	0.0	2.0	0.0	1.0
0.0	2.0	0.0	2.0	0.0	0.0
0.0	3.0	0.0	0.0	0.0	1.0
0.0	48.0	0.0	0.0	0.0	0.0
6.0	93.0	0.0	0.0	0.0	16.0
2.0	21.0	0.0	0.0	0.0	0.0
2.0	1.0	0.0	0.0	0.0	0.0
0.0	20.0	0.0	0.0	0.0	0.0
4.0	72.0	0.0	0.0	0.0	16.0
4.0	26.0	0.0	0.0	0.0	7.0
2.0	0.0	0.0	0.0	0.0	1.0
2.0	26.0	0.0	0.0	0.0	6.0
1.0	21.0	0.0	0.0	0.0	1.0
0.0	13.0	0.0	0.0	0.0	1.0
0.0	11.0	0.0	0.0	0.0	0.0
0.0	2.0	0.0	0.0	0.0	1.0
1.0	8.0	0.0	0.0	0.0	0.0
1.0	1.0	0.0	0.0	0.0	0.0
0.0	7.0	0.0	0.0	0.0	0.0
1.0	5.0	0.0	0.0	0.0	5.0
0.0	5.0	0.0	0.0	0.0	2.0
0.0	1.0	0.0	0.0	0.0	2.0
0.0	4.0	0.0	0.0	0.0	0.0
1.0	0.0	0.0	0.0	0.0	3.0
0.0	46.0	0.0	0.0	0.0	9.0
0.0	18.0	0.0	0.0	0.0	0.0
0.0	28.0	0.0	0.0	0.0	9.0
0.0	0.0	0.0	0.0	0.0	4.0
0.0	28.0	0.0	0.0	0.0	5.0
0.0	2.0	0.0	0.0	0.0	2.0
0.0	26.0	0.0	0.0	0.0	3.0
0.0	8.0	0.0	0.0	0.0	1.0
0.0	6.0	0.0	0.0	0.0	0.0
0.0	2.0	0.0	0.0	0.0	1.0
0.0	18.0	0.0	0.0	0.0	2.0
0.0	7.0	0.0	0.0	0.0	0.0
0.0	11.0	0.0	0.0	0.0	2.0
0.0	6.0	0.0	0.0	0.0	0.0
0.0	5.0	0.0	0.0	0.0	2.0
23.0	691.0	30.0	0.0	0.0	34.0
23.0	455.0	30.0	0.0	0.0	31.0
13.0	369.0	18.0	0.0	0.0	30.0
12.0	199.0	18.0	0.0	0.0	23.0
3.0	62.0	16.0	0.0	0.0	1.0
0.0	1.0	6.0	0.0	0.0	0.0
3.0	61.0	10.0	0.0	0.0	1.0
1.0	33.0	10.0	0.0	0.0	1.0
1.0	30.0	6.0	0.0	0.0	0.0
0.0	22.0	2.0	0.0	0.0	0.0
0.0	9.0	2.0	0.0	0.0	0.0
0.0	4.0	0.0	0.0	0.0	0.0
0.0	5.0	2.0	0.0	0.0	0.0
0.0	13.0	0.0	0.0	0.0	0.0
1.0	8.0	4.0	0.0	0.0	0.0
0.0	1.0	3.0	0.0	0.0	0.0
1.0	7.0	1.0	0.0	0.0	0.0
1.0	4.0	0.0	0.0	0.0	0.0
0.0	3.0	1.0	0.0	0.0	0.0
0.0	3.0	4.0	0.0	0.0	1.0
2.0	28.0	0.0	0.0	0.0	0.0
0.0	24.0	0.0	0.0	0.0	0.0
2.0	4.0	0.0	0.0	0.0	0.0
0.0	3.0	0.0	0.0	0.0	0.0
2.0	1.0	0.0	0.0	0.0	0.0
9.0	137.0	2.0	0.0	0.0	22.0
0.0	21.0	2.0	0.0	0.0	0.0
0.0	15.0	2.0	0.0	0.0	0.0
0.0	8.0	0.0	0.0	0.0	0.0
0.0	7.0	2.0	0.0	0.0	0.0
0.0	1.0	1.0	0.0	0.0	0.0
0.0	6.0	1.0	0.0	0.0	0.0
0.0	6.0	0.0	0.0	0.0	0.0
9.0	116.0	0.0	0.0	0.0	22.0
8.0	49.0	0.0	0.0	0.0	14.0
2.0	8.0	0.0	0.0	0.0	0.0
2.0	3.0	0.0	0.0	0.0	0.0
0.0	5.0	0.0	0.0	0.0	0.0
6.0	41.0	0.0	0.0	0.0	14.0
6.0	35.0	0.0	0.0	0.0	14.0
6.0	32.0	0.0	0.0	0.0	12.0
6.0	30.0	0.0	0.0	0.0	10.0
0.0	2.0	0.0	0.0	0.0	2.0
0.0	3.0	0.0	0.0	0.0	2.0
0.0	6.0	0.0	0.0	0.0	0.0
1.0	67.0	0.0	0.0	0.0	8.0
1.0	45.0	0.0	0.0	0.0	7.0
1.0	42.0	0.0	0.0	0.0	5.0
0.0	6.0	0.0	0.0	0.0	0.0
1.0	36.0	0.0	0.0	0.0	5.0
0.0	2.0	0.0	0.0	0.0	1.0
1.0	34.0	0.0	0.0	0.0	4.0
0.0	3.0	0.0	0.0	0.0	2.0
0.0	22.0	0.0	0.0	0.0	1.0
0.0	7.0	0.0	0.0	0.0	0.0
0.0	15.0	0.0	0.0	0.0	1.0
0.0	8.0	0.0	0.0	0.0	0.0
0.0	7.0	0.0	0.0	0.0	1.0
0.0	1.0	0.0	0.0	0.0	1.0
0.0	6.0	0.0	0.0	0.0	0.0
1.0	170.0	0.0	0.0	0.0	7.0
1.0	117.0	0.0	0.0	0.0	1.0
0.0	86.0	0.0	0.0	0.0	1.0
0.0	82.0	0.0	0.0	0.0	0.0
0.0	4.0	0.0	0.0	0.0	1.0
1.0	31.0	0.0	0.0	0.0	0.0
1.0	1.0	0.0	0.0	0.0	0.0
0.0	30.0	0.0	0.0	0.0	0.0
0.0	53.0	0.0	0.0	0.0	6.0
0.0	13.0	0.0	0.0	0.0	5.0
0.0	1.0	0.0	0.0	0.0	3.0
0.0	12.0	0.0	0.0	0.0	2.0
0.0	11.0	0.0	0.0	0.0	0.0
0.0	1.0	0.0	0.0	0.0	2.0
0.0	40.0	0.0	0.0	0.0	1.0
0.0	18.0	0.0	0.0	0.0	1.0
0.0	12.0	0.0	0.0	0.0	0.0
0.0	6.0	0.0	0.0	0.0	1.0
0.0	22.0	0.0	0.0	0.0	0.0
10.0	86.0	12.0	0.0	0.0	1.0
0.0	11.0	10.0	0.0	0.0	0.0
0.0	3.0	9.0	0.0	0.0	0.0
0.0	0.0	5.0	0.0	0.0	0.0
0.0	3.0	4.0	0.0	0.0	0.0
0.0	8.0	1.0	0.0	0.0	0.0
0.0	5.0	0.0	0.0	0.0	0.0
0.0	3.0	1.0	0.0	0.0	0.0
10.0	75.0	2.0	0.0	0.0	1.0
10.0	62.0	2.0	0.0	0.0	1.0
5.0	18.0	0.0	0.0	0.0	1.0
4.0	5.0	0.0	0.0	0.0	0.0
0.0	2.0	0.0	0.0	0.0	0.0
4.0	3.0	0.0	0.0	0.0	0.0
1.0	13.0	0.0	0.0	0.0	1.0
1.0	4.0	0.0	0.0	0.0	0.0
0.0	9.0	0.0	0.0	0.0	1.0
0.0	3.0	0.0	0.0	0.0	1.0
0.0	6.0	0.0	0.0	0.0	0.0
5.0	44.0	2.0	0.0	0.0	0.0
2.0	42.0	2.0	0.0	0.0	0.0
0.0	39.0	2.0	0.0	0.0	0.0
0.0	32.0	1.0	0.0	0.0	0.0
0.0	7.0	1.0	0.0	0.0	0.0
0.0	1.0	1.0	0.0	0.0	0.0
0.0	6.0	0.0	0.0	0.0	0.0
0.0	25.0	0.0	0.0	0.0	0.0
0.0	7.0	1.0	0.0	0.0	0.0
2.0	3.0	0.0	0.0	0.0	0.0
3.0	2.0	0.0	0.0	0.0	0.0
0.0	13.0	0.0	0.0	0.0	0.0
0.0	236.0	0.0	0.0	0.0	3.0
0.0	167.0	0.0	0.0	0.0	0.0
0.0	69.0	0.0	0.0	0.0	3.0
0.0	30.0	0.0	0.0	0.0	3.0
0.0	1.0	0.0	0.0	0.0	2.0
0.0	29.0	0.0	0.0	0.0	1.0
0.0	27.0	0.0	0.0	0.0	0.0
0.0	2.0	0.0	0.0	0.0	1.0
0.0	39.0	0.0	0.0	0.0	0.0
180.0	506.0	0.0	0.0	0.0	40.0
151.0	223.0	0.0	0.0	0.0	22.0
62.0	168.0	0.0	0.0	0.0	13.0
8.0	86.0	0.0	0.0	0.0	1.0
8.0	9.0	0.0	0.0	0.0	0.0
2.0	9.0	0.0	0.0	0.0	0.0
0.0	6.0	0.0	0.0	0.0	0.0
2.0	3.0	0.0	0.0	0.0	0.0
6.0	0.0	0.0	0.0	0.0	0.0
0.0	77.0	0.0	0.0	0.0	1.0
0.0	4.0	0.0	0.0	0.0	1.0
0.0	73.0	0.0	0.0	0.0	0.0
54.0	82.0	0.0	0.0	0.0	12.0
8.0	55.0	0.0	0.0	0.0	8.0
1.0	31.0	0.0	0.0	0.0	1.0
1.0	5.0	0.0	0.0	0.0	0.0
0.0	26.0	0.0	0.0	0.0	1.0
0.0	16.0	0.0	0.0	0.0	1.0
0.0	8.0	0.0	0.0	0.0	0.0
0.0	8.0	0.0	0.0	0.0	1.0
0.0	7.0	0.0	0.0	0.0	0.0
0.0	1.0	0.0	0.0	0.0	1.0
0.0	10.0	0.0	0.0	0.0	0.0
7.0	24.0	0.0	0.0	0.0	7.0
6.0	19.0	0.0	0.0	0.0	3.0
6.0	10.0	0.0	0.0	0.0	1.0
6.0	6.0	0.0	0.0	0.0	0.0
2.0	1.0	0.0	0.0	0.0	0.0
4.0	5.0	0.0	0.0	0.0	0.0
0.0	3.0	0.0	0.0	0.0	0.0
4.0	2.0	0.0	0.0	0.0	0.0
3.0	1.0	0.0	0.0	0.0	0.0
1.0	1.0	0.0	0.0	0.0	0.0
0.0	4.0	0.0	0.0	0.0	1.0
0.0	9.0	0.0	0.0	0.0	2.0
0.0	1.0	0.0	0.0	0.0	1.0
0.0	8.0	0.0	0.0	0.0	1.0
1.0	5.0	0.0	0.0	0.0	4.0
46.0	27.0	0.0	0.0	0.0	4.0
0.0	6.0	0.0	0.0	0.0	0.0
46.0	21.0	0.0	0.0	0.0	4.0
36.0	21.0	0.0	0.0	0.0	2.0
6.0	0.0	0.0	0.0	0.0	1.0
30.0	21.0	0.0	0.0	0.0	1.0
14.0	17.0	0.0	0.0	0.0	0.0
7.0	9.0	0.0	0.0	0.0	0.0
0.0	6.0	0.0	0.0	0.0	0.0
7.0	3.0	0.0	0.0	0.0	0.0
6.0	0.0	0.0	0.0	0.0	0.0
1.0	3.0	0.0	0.0	0.0	0.0
7.0	8.0	0.0	0.0	0.0	0.0
7.0	2.0	0.0	0.0	0.0	0.0
4.0	0.0	0.0	0.0	0.0	0.0
3.0	2.0	0.0	0.0	0.0	0.0
0.0	6.0	0.0	0.0	0.0	0.0
16.0	4.0	0.0	0.0	0.0	1.0
0.0	4.0	0.0	0.0	0.0	0.0
16.0	0.0	0.0	0.0	0.0	1.0
10.0	0.0	0.0	0.0	0.0	0.0
6.0	0.0	0.0	0.0	0.0	1.0
10.0	0.0	0.0	0.0	0.0	2.0
9.0	0.0	0.0	0.0	0.0	0.0
1.0	0.0	0.0	0.0	0.0	2.0
89.0	55.0	0.0	0.0	0.0	9.0
72.0	35.0	0.0	0.0	0.0	1.0
28.0	31.0	0.0	0.0	0.0	1.0
21.0	31.0	0.0	0.0	0.0	0.0
7.0	21.0	0.0	0.0	0.0	0.0
7.0	2.0	0.0	0.0	0.0	0.0
0.0	19.0	0.0	0.0	0.0	0.0
14.0	10.0	0.0	0.0	0.0	0.0
14.0	5.0	0.0	0.0	0.0	0.0
5.0	5.0	0.0	0.0	0.0	0.0
4.0	1.0	0.0	0.0	0.0	0.0
1.0	4.0	0.0	0.0	0.0	0.0
9.0	0.0	0.0	0.0	0.0	0.0
0.0	5.0	0.0	0.0	0.0	0.0
7.0	0.0	0.0	0.0	0.0	1.0
3.0	0.0	0.0	0.0	0.0	1.0
4.0	0.0	0.0	0.0	0.0	0.0
44.0	4.0	0.0	0.0	0.0	0.0
35.0	1.0	0.0	0.0	0.0	0.0
26.0	0.0	0.0	0.0	0.0	0.0
9.0	1.0	0.0	0.0	0.0	0.0
2.0	1.0	0.0	0.0	0.0	0.0
7.0	0.0	0.0	0.0	0.0	0.0
9.0	3.0	0.0	0.0	0.0	0.0
0.0	3.0	0.0	0.0	0.0	0.0
9.0	0.0	0.0	0.0	0.0	0.0
17.0	20.0	0.0	0.0	0.0	8.0
2.0	20.0	0.0	0.0	0.0	8.0
0.0	10.0	0.0	0.0	0.0	6.0
0.0	7.0	0.0	0.0	0.0	6.0
0.0	5.0	0.0	0.0	0.0	0.0
0.0	2.0	0.0	0.0	0.0	6.0
0.0	3.0	0.0	0.0	0.0	0.0
2.0	10.0	0.0	0.0	0.0	2.0
2.0	9.0	0.0	0.0	0.0	0.0
2.0	3.0	0.0	0.0	0.0	0.0
0.0	2.0	0.0	0.0	0.0	0.0
2.0	1.0	0.0	0.0	0.0	0.0
0.0	6.0	0.0	0.0	0.0	0.0
0.0	1.0	0.0	0.0	0.0	2.0
15.0	0.0	0.0	0.0	0.0	0.0
29.0	283.0	0.0	0.0	0.0	18.0
2.0	70.0	0.0	0.0	0.0	0.0
2.0	47.0	0.0	0.0	0.0	0.0
0.0	42.0	0.0	0.0	0.0	0.0
2.0	5.0	0.0	0.0	0.0	0.0
0.0	23.0	0.0	0.0	0.0	0.0
27.0	213.0	0.0	0.0	0.0	18.0
13.0	159.0	0.0	0.0	0.0	9.0
4.0	81.0	0.0	0.0	0.0	9.0
4.0	7.0	0.0	0.0	0.0	2.0
2.0	0.0	0.0	0.0	0.0	2.0
2.0	7.0	0.0	0.0	0.0	0.0
2.0	3.0	0.0	0.0	0.0	0.0
0.0	4.0	0.0	0.0	0.0	0.0
0.0	74.0	0.0	0.0	0.0	7.0
0.0	37.0	0.0	0.0	0.0	7.0
0.0	16.0	0.0	0.0	0.0	7.0
0.0	7.0	0.0	0.0	0.0	5.0
0.0	5.0	0.0	0.0	0.0	2.0
0.0	2.0	0.0	0.0	0.0	3.0
0.0	9.0	0.0	0.0	0.0	2.0
0.0	8.0	0.0	0.0	0.0	0.0
0.0	1.0	0.0	0.0	0.0	2.0
0.0	21.0	0.0	0.0	0.0	0.0
0.0	37.0	0.0	0.0	0.0	0.0
9.0	78.0	0.0	0.0	0.0	0.0
9.0	39.0	0.0	0.0	0.0	0.0
6.0	38.0	0.0	0.0	0.0	0.0
0.0	14.0	0.0	0.0	0.0	0.0
6.0	24.0	0.0	0.0	0.0	0.0
1.0	13.0	0.0	0.0	0.0	0.0
1.0	6.0	0.0	0.0	0.0	0.0
0.0	4.0	0.0	0.0	0.0	0.0
1.0	2.0	0.0	0.0	0.0	0.0
0.0	7.0	0.0	0.0	0.0	0.0
5.0	11.0	0.0	0.0	0.0	0.0
4.0	1.0	0.0	0.0	0.0	0.0
1.0	10.0	0.0	0.0	0.0	0.0
1.0	4.0	0.0	0.0	0.0	0.0
0.0	6.0	0.0	0.0	0.0	0.0
3.0	1.0	0.0	0.0	0.0	0.0
0.0	39.0	0.0	0.0	0.0	0.0
14.0	54.0	0.0	0.0	0.0	9.0
6.0	8.0	0.0	0.0	0.0	0.0
6.0	0.0	0.0	0.0	0.0	0.0
0.0	8.0	0.0	0.0	0.0	0.0
8.0	46.0	0.0	0.0	0.0	9.0
0.0	13.0	0.0	0.0	0.0	0.0
8.0	33.0	0.0	0.0	0.0	9.0
1.0	23.0	0.0	0.0	0.0	8.0
0.0	11.0	0.0	0.0	0.0	1.0
0.0	10.0	0.0	0.0	0.0	0.0
0.0	1.0	0.0	0.0	0.0	1.0
1.0	12.0	0.0	0.0	0.0	7.0
0.0	6.0	0.0	0.0	0.0	6.0
0.0	4.0	0.0	0.0	0.0	0.0
0.0	2.0	0.0	0.0	0.0	6.0
1.0	6.0	0.0	0.0	0.0	1.0
0.0	2.0	0.0	0.0	0.0	1.0
1.0	4.0	0.0	0.0	0.0	0.0
7.0	10.0	0.0	0.0	0.0	1.0
7.0	2.0	0.0	0.0	0.0	0.0
2.0	2.0	0.0	0.0	0.0	0.0
5.0	0.0	0.0	0.0	0.0	0.0
0.0	8.0	0.0	0.0	0.0	1.0
0.0	2.0	0.0	0.0	0.0	1.0
0.0	6.0	0.0	0.0	0.0	0.0
