# Sizes (NFeatures, Nclasses, NodeCount, MaxDepth)
10	6	323	12
# Classes
0.0	1.0	2.0	3.0	4.0	5.0
# Feature Names
Nrows	Ncols	Nnnz	AvgNnnz	Density	MaxRowNnnz	MinRowNnnz	StdRowNnnz	NDiags	NTrueDiags
# Left
1	2	3	4	5	6	-1	-1	9	-1	-1	12	13	14	15	-1	17	18	19	-1	-1	-1	-1	-1	25	-1	-1	-1	29	30	31	32	-1	-1	35	36	-1	-1	-1	40	41	42	-1	-1	-1	46	47	48	49	-1	51	-1	-1	-1	55	-1	57	-1	-1	60	-1	62	63	64	65	-1	-1	68	-1	-1	71	-1	-1	74	-1	76	-1	-1	79	80	-1	82	-1	-1	85	86	87	-1	-1	-1	91	-1	93	-1	-1	96	97	98	99	100	101	102	-1	104	105	-1	-1	-1	-1	110	111	112	-1	-1	-1	116	117	118	-1	120	-1	-1	123	124	-1	-1	127	-1	-1	-1	131	132	133	134	-1	-1	-1	-1	139	-1	141	-1	143	-1	-1	146	147	148	149	-1	-1	152	-1	-1	-1	-1	157	158	159	160	-1	-1	163	-1	-1	-1	-1	168	169	170	-1	172	-1	-1	175	176	-1	-1	-1	-1	181	182	183	184	185	186	-1	-1	189	190	-1	-1	-1	194	195	196	-1	198	-1	200	-1	-1	-1	204	-1	206	-1	-1	209	210	211	-1	-1	214	-1	216	-1	-1	219	-1	-1	222	223	-1	225	-1	227	-1	-1	-1	231	232	233	234	235	-1	237	238	-1	-1	-1	242	243	244	245	-1	-1	-1	-1	-1	251	-1	253	254	-1	-1	-1	258	259	260	261	-1	263	-1	265	-1	-1	-1	269	-1	271	-1	273	274	275	-1	-1	-1	279	-1	-1	282	283	284	285	286	-1	288	-1	-1	-1	292	293	-1	295	-1	-1	-1	-1	-1	301	302	-1	-1	305	306	307	308	-1	-1	-1	312	313	314	-1	-1	-1	-1	319	320	-1	-1	-1
# Right
180	95	28	11	8	7	-1	-1	10	-1	-1	27	24	23	16	-1	22	21	20	-1	-1	-1	-1	-1	26	-1	-1	-1	78	39	34	33	-1	-1	38	37	-1	-1	-1	45	44	43	-1	-1	-1	59	54	53	50	-1	52	-1	-1	-1	56	-1	58	-1	-1	61	-1	73	70	67	66	-1	-1	69	-1	-1	72	-1	-1	75	-1	77	-1	-1	84	81	-1	83	-1	-1	90	89	88	-1	-1	-1	92	-1	94	-1	-1	167	156	145	130	109	108	103	-1	107	106	-1	-1	-1	-1	115	114	113	-1	-1	-1	129	122	119	-1	121	-1	-1	126	125	-1	-1	128	-1	-1	-1	138	137	136	135	-1	-1	-1	-1	140	-1	142	-1	144	-1	-1	155	154	151	150	-1	-1	153	-1	-1	-1	-1	166	165	162	161	-1	-1	164	-1	-1	-1	-1	179	174	171	-1	173	-1	-1	178	177	-1	-1	-1	-1	230	221	208	193	188	187	-1	-1	192	191	-1	-1	-1	203	202	197	-1	199	-1	201	-1	-1	-1	205	-1	207	-1	-1	218	213	212	-1	-1	215	-1	217	-1	-1	220	-1	-1	229	224	-1	226	-1	228	-1	-1	-1	300	257	250	241	236	-1	240	239	-1	-1	-1	249	248	247	246	-1	-1	-1	-1	-1	252	-1	256	255	-1	-1	-1	281	268	267	262	-1	264	-1	266	-1	-1	-1	270	-1	272	-1	278	277	276	-1	-1	-1	280	-1	-1	299	298	291	290	287	-1	289	-1	-1	-1	297	294	-1	296	-1	-1	-1	-1	-1	304	303	-1	-1	318	311	310	309	-1	-1	-1	317	316	315	-1	-1	-1	-1	322	321	-1	-1	-1
# Threshold
0.0028523950604721904	13.95550012588501	3.188145092281047e-05	37.5	4.5	3.9989449977874756	-2.0	-2.0	230641.0	-2.0	-2.0	196160000.0	2206115.0	323.5	0.5	-2.0	4.9191648960113525	279052.5	72.5	-2.0	-2.0	-2.0	-2.0	-2.0	2697380.0	-2.0	-2.0	-2.0	3.5	0.5	4.7986249923706055	24602.5	-2.0	-2.0	0.0003909204970113933	10396.5	-2.0	-2.0	-2.0	0.6465964913368225	2.8876649141311646	11967.5	-2.0	-2.0	-2.0	0.0002453994966344908	1.5	422.0	21184.0	-2.0	23973.5	-2.0	-2.0	-2.0	2.5	-2.0	17.5	-2.0	-2.0	1548.0	-2.0	7.217065095901489	3.654484987258911	8770.0	1914.0	-2.0	-2.0	112019.0	-2.0	-2.0	6.951905012130737	-2.0	-2.0	1.5	-2.0	7645.5	-2.0	-2.0	0.0005780940118711442	128894.5	-2.0	10.447885036468506	-2.0	-2.0	337833.5	0.0012230750289745629	84068.5	-2.0	-2.0	-2.0	80.0	-2.0	136.0	-2.0	-2.0	295158.0	5.5	103.8479995727539	1.5	0.5	2327.0	8570.0	-2.0	1451.0	0.0004967425047652796	-2.0	-2.0	-2.0	-2.0	0.00012509799853432924	5.1871000323444605e-05	136594.5	-2.0	-2.0	-2.0	2854.0	10818.0	2462.0	-2.0	7099.0	-2.0	-2.0	35604.5	14189.5	-2.0	-2.0	60339.5	-2.0	-2.0	-2.0	13.811100006103516	9062.5	7222.0	4757.0	-2.0	-2.0	-2.0	-2.0	16495.0	-2.0	33.71539878845215	-2.0	2849200.0	-2.0	-2.0	1.5	4.0	864093.0	68478.5	-2.0	-2.0	345.3050079345703	-2.0	-2.0	-2.0	-2.0	92686.5	76.14410018920898	2326415.0	24.31184959411621	-2.0	-2.0	17.88474988937378	-2.0	-2.0	-2.0	-2.0	6.0	0.5	1094365.0	-2.0	1.7109129544223833e-06	-2.0	-2.0	14.498000144958496	2993180.0	-2.0	-2.0	-2.0	-2.0	170.0	566.0	208.0	63.0	23.5	0.8364919722080231	-2.0	-2.0	299.5	7.0	-2.0	-2.0	-2.0	16.5	660.5	4.5	-2.0	124.5	-2.0	2.607349991798401	-2.0	-2.0	-2.0	92.0	-2.0	23.0	-2.0	-2.0	6.552369832992554	322.0	14.0	-2.0	-2.0	0.5309284925460815	-2.0	4.513710021972656	-2.0	-2.0	25.0	-2.0	-2.0	7.88540506362915	5.5	-2.0	5804.0	-2.0	0.93122199177742	-2.0	-2.0	-2.0	54.38120079040527	5.994875192642212	10.0	0.008337520062923431	3.976970076560974	-2.0	1379.0	4.824589967727661	-2.0	-2.0	-2.0	569.0	5492.5	412.5	294.0	-2.0	-2.0	-2.0	-2.0	-2.0	387.0	-2.0	571.5	12.5	-2.0	-2.0	-2.0	152.5	9.332455158233643	19.514349937438965	41.0	-2.0	0.02350949915125966	-2.0	8.5	-2.0	-2.0	-2.0	428.0	-2.0	635.5	-2.0	0.012623250018805265	20.746350288391113	75136.5	-2.0	-2.0	-2.0	111.0	-2.0	-2.0	2111.0	38.33259963989258	14.652349948883057	2542.5	0.009483379777520895	-2.0	9.910029888153076	-2.0	-2.0	-2.0	1039.5	0.016098800115287304	-2.0	482.5	-2.0	-2.0	-2.0	-2.0	-2.0	165347.5	14.5	-2.0	-2.0	5770775.0	1.5	182.5	40.5	-2.0	-2.0	-2.0	14558.5	195.21900177001953	9617.0	-2.0	-2.0	-2.0	-2.0	118.0	58550.5	-2.0	-2.0	-2.0
# Feature
4	7	4	5	5	3	-2	-2	1	-2	-2	2	2	5	6	-2	3	1	5	-2	-2	-2	-2	-2	8	-2	-2	-2	6	6	7	0	-2	-2	4	0	-2	-2	-2	7	3	2	-2	-2	-2	4	6	5	8	-2	8	-2	-2	-2	9	-2	5	-2	-2	1	-2	7	7	8	8	-2	-2	2	-2	-2	7	-2	-2	6	-2	1	-2	-2	4	8	-2	3	-2	-2	2	4	2	-2	-2	-2	5	-2	5	-2	-2	0	6	7	6	6	5	0	-2	5	4	-2	-2	-2	-2	4	4	8	-2	-2	-2	5	0	5	-2	8	-2	-2	1	0	-2	-2	0	-2	-2	-2	3	8	1	8	-2	-2	-2	-2	0	-2	3	-2	2	-2	-2	6	9	2	5	-2	-2	7	-2	-2	-2	-2	0	3	2	7	-2	-2	7	-2	-2	-2	-2	9	6	0	-2	4	-2	-2	3	0	-2	-2	-2	-2	8	0	1	1	0	7	-2	-2	2	5	-2	-2	-2	9	2	5	-2	1	-2	7	-2	-2	-2	1	-2	9	-2	-2	3	1	5	-2	-2	7	-2	3	-2	-2	9	-2	-2	3	5	-2	2	-2	7	-2	-2	-2	3	7	9	4	7	-2	1	3	-2	-2	-2	1	2	8	8	-2	-2	-2	-2	-2	8	-2	8	9	-2	-2	-2	5	7	3	5	-2	4	-2	9	-2	-2	-2	8	-2	1	-2	4	3	2	-2	-2	-2	5	-2	-2	0	7	7	8	4	-2	7	-2	-2	-2	0	4	-2	1	-2	-2	-2	-2	-2	2	6	-2	-2	2	6	9	9	-2	-2	-2	0	7	1	-2	-2	-2	-2	6	1	-2	-2	-2
# Values
210.0	1336.0	25.0	2.0	2.0	108.0
159.0	686.0	1.0	0.0	0.0	78.0
25.0	522.0	1.0	0.0	0.0	44.0
11.0	103.0	0.0	0.0	0.0	15.0
1.0	60.0	0.0	0.0	0.0	1.0
0.0	9.0	0.0	0.0	0.0	1.0
0.0	8.0	0.0	0.0	0.0	0.0
0.0	1.0	0.0	0.0	0.0	1.0
1.0	51.0	0.0	0.0	0.0	0.0
1.0	2.0	0.0	0.0	0.0	0.0
0.0	49.0	0.0	0.0	0.0	0.0
10.0	43.0	0.0	0.0	0.0	14.0
10.0	42.0	0.0	0.0	0.0	10.0
7.0	20.0	0.0	0.0	0.0	10.0
4.0	20.0	0.0	0.0	0.0	5.0
4.0	3.0	0.0	0.0	0.0	0.0
0.0	17.0	0.0	0.0	0.0	5.0
0.0	13.0	0.0	0.0	0.0	5.0
0.0	11.0	0.0	0.0	0.0	2.0
0.0	1.0	0.0	0.0	0.0	2.0
0.0	10.0	0.0	0.0	0.0	0.0
0.0	2.0	0.0	0.0	0.0	3.0
0.0	4.0	0.0	0.0	0.0	0.0
3.0	0.0	0.0	0.0	0.0	5.0
3.0	22.0	0.0	0.0	0.0	0.0
0.0	21.0	0.0	0.0	0.0	0.0
3.0	1.0	0.0	0.0	0.0	0.0
0.0	1.0	0.0	0.0	0.0	4.0
14.0	419.0	1.0	0.0	0.0	29.0
14.0	255.0	0.0	0.0	0.0	24.0
6.0	34.0	0.0	0.0	0.0	5.0
0.0	23.0	0.0	0.0	0.0	4.0
0.0	22.0	0.0	0.0	0.0	0.0
0.0	1.0	0.0	0.0	0.0	4.0
6.0	11.0	0.0	0.0	0.0	1.0
1.0	9.0	0.0	0.0	0.0	0.0
1.0	2.0	0.0	0.0	0.0	0.0
0.0	7.0	0.0	0.0	0.0	0.0
5.0	2.0	0.0	0.0	0.0	1.0
8.0	221.0	0.0	0.0	0.0	19.0
0.0	58.0	0.0	0.0	0.0	1.0
0.0	14.0	0.0	0.0	0.0	1.0
0.0	11.0	0.0	0.0	0.0	0.0
0.0	3.0	0.0	0.0	0.0	1.0
0.0	44.0	0.0	0.0	0.0	0.0
8.0	163.0	0.0	0.0	0.0	18.0
3.0	78.0	0.0	0.0	0.0	1.0
2.0	44.0	0.0	0.0	0.0	1.0
0.0	43.0	0.0	0.0	0.0	1.0
0.0	23.0	0.0	0.0	0.0	0.0
0.0	20.0	0.0	0.0	0.0	1.0
0.0	1.0	0.0	0.0	0.0	1.0
0.0	19.0	0.0	0.0	0.0	0.0
2.0	1.0	0.0	0.0	0.0	0.0
1.0	34.0	0.0	0.0	0.0	0.0
0.0	11.0	0.0	0.0	0.0	0.0
1.0	23.0	0.0	0.0	0.0	0.0
1.0	5.0	0.0	0.0	0.0	0.0
0.0	18.0	0.0	0.0	0.0	0.0
5.0	85.0	0.0	0.0	0.0	17.0
2.0	1.0	0.0	0.0	0.0	0.0
3.0	84.0	0.0	0.0	0.0	17.0
2.0	57.0	0.0	0.0	0.0	17.0
2.0	33.0	0.0	0.0	0.0	14.0
2.0	31.0	0.0	0.0	0.0	7.0
0.0	18.0	0.0	0.0	0.0	2.0
2.0	13.0	0.0	0.0	0.0	5.0
0.0	2.0	0.0	0.0	0.0	7.0
0.0	2.0	0.0	0.0	0.0	4.0
0.0	0.0	0.0	0.0	0.0	3.0
0.0	24.0	0.0	0.0	0.0	3.0
0.0	23.0	0.0	0.0	0.0	0.0
0.0	1.0	0.0	0.0	0.0	3.0
1.0	27.0	0.0	0.0	0.0	0.0
0.0	22.0	0.0	0.0	0.0	0.0
1.0	5.0	0.0	0.0	0.0	0.0
0.0	4.0	0.0	0.0	0.0	0.0
1.0	1.0	0.0	0.0	0.0	0.0
0.0	164.0	1.0	0.0	0.0	5.0
0.0	103.0	0.0	0.0	0.0	1.0
0.0	90.0	0.0	0.0	0.0	0.0
0.0	13.0	0.0	0.0	0.0	1.0
0.0	1.0	0.0	0.0	0.0	1.0
0.0	12.0	0.0	0.0	0.0	0.0
0.0	61.0	1.0	0.0	0.0	4.0
0.0	40.0	1.0	0.0	0.0	0.0
0.0	13.0	1.0	0.0	0.0	0.0
0.0	3.0	1.0	0.0	0.0	0.0
0.0	10.0	0.0	0.0	0.0	0.0
0.0	27.0	0.0	0.0	0.0	0.0
0.0	21.0	0.0	0.0	0.0	4.0
0.0	13.0	0.0	0.0	0.0	0.0
0.0	8.0	0.0	0.0	0.0	4.0
0.0	1.0	0.0	0.0	0.0	4.0
0.0	7.0	0.0	0.0	0.0	0.0
134.0	164.0	0.0	0.0	0.0	34.0
101.0	142.0	0.0	0.0	0.0	33.0
99.0	100.0	0.0	0.0	0.0	22.0
79.0	94.0	0.0	0.0	0.0	17.0
20.0	66.0	0.0	0.0	0.0	10.0
9.0	9.0	0.0	0.0	0.0	1.0
3.0	9.0	0.0	0.0	0.0	1.0
2.0	1.0	0.0	0.0	0.0	0.0
1.0	8.0	0.0	0.0	0.0	1.0
0.0	7.0	0.0	0.0	0.0	1.0
0.0	3.0	0.0	0.0	0.0	1.0
0.0	4.0	0.0	0.0	0.0	0.0
1.0	1.0	0.0	0.0	0.0	0.0
6.0	0.0	0.0	0.0	0.0	0.0
11.0	57.0	0.0	0.0	0.0	9.0
1.0	20.0	0.0	0.0	0.0	1.0
1.0	7.0	0.0	0.0	0.0	1.0
0.0	5.0	0.0	0.0	0.0	0.0
1.0	2.0	0.0	0.0	0.0	1.0
0.0	13.0	0.0	0.0	0.0	0.0
10.0	37.0	0.0	0.0	0.0	8.0
7.0	37.0	0.0	0.0	0.0	5.0
2.0	20.0	0.0	0.0	0.0	0.0
0.0	13.0	0.0	0.0	0.0	0.0
2.0	7.0	0.0	0.0	0.0	0.0
2.0	1.0	0.0	0.0	0.0	0.0
0.0	6.0	0.0	0.0	0.0	0.0
5.0	17.0	0.0	0.0	0.0	5.0
4.0	6.0	0.0	0.0	0.0	5.0
1.0	0.0	0.0	0.0	0.0	2.0
3.0	6.0	0.0	0.0	0.0	3.0
1.0	11.0	0.0	0.0	0.0	0.0
1.0	3.0	0.0	0.0	0.0	0.0
0.0	8.0	0.0	0.0	0.0	0.0
3.0	0.0	0.0	0.0	0.0	3.0
59.0	28.0	0.0	0.0	0.0	7.0
57.0	9.0	0.0	0.0	0.0	1.0
11.0	9.0	0.0	0.0	0.0	1.0
11.0	0.0	0.0	0.0	0.0	1.0
3.0	0.0	0.0	0.0	0.0	1.0
8.0	0.0	0.0	0.0	0.0	0.0
0.0	9.0	0.0	0.0	0.0	0.0
46.0	0.0	0.0	0.0	0.0	0.0
2.0	19.0	0.0	0.0	0.0	6.0
2.0	1.0	0.0	0.0	0.0	0.0
0.0	18.0	0.0	0.0	0.0	6.0
0.0	12.0	0.0	0.0	0.0	0.0
0.0	6.0	0.0	0.0	0.0	6.0
0.0	6.0	0.0	0.0	0.0	0.0
0.0	0.0	0.0	0.0	0.0	6.0
20.0	6.0	0.0	0.0	0.0	5.0
11.0	6.0	0.0	0.0	0.0	5.0
5.0	6.0	0.0	0.0	0.0	5.0
5.0	2.0	0.0	0.0	0.0	2.0
2.0	2.0	0.0	0.0	0.0	2.0
3.0	0.0	0.0	0.0	0.0	0.0
0.0	4.0	0.0	0.0	0.0	3.0
0.0	3.0	0.0	0.0	0.0	1.0
0.0	1.0	0.0	0.0	0.0	2.0
6.0	0.0	0.0	0.0	0.0	0.0
9.0	0.0	0.0	0.0	0.0	0.0
2.0	42.0	0.0	0.0	0.0	11.0
2.0	13.0	0.0	0.0	0.0	11.0
0.0	13.0	0.0	0.0	0.0	10.0
0.0	11.0	0.0	0.0	0.0	3.0
0.0	0.0	0.0	0.0	0.0	3.0
0.0	11.0	0.0	0.0	0.0	0.0
0.0	2.0	0.0	0.0	0.0	7.0
0.0	2.0	0.0	0.0	0.0	2.0
0.0	0.0	0.0	0.0	0.0	5.0
2.0	0.0	0.0	0.0	0.0	1.0
0.0	29.0	0.0	0.0	0.0	0.0
33.0	22.0	0.0	0.0	0.0	1.0
33.0	9.0	0.0	0.0	0.0	1.0
14.0	7.0	0.0	0.0	0.0	0.0
3.0	4.0	0.0	0.0	0.0	0.0
11.0	3.0	0.0	0.0	0.0	0.0
1.0	3.0	0.0	0.0	0.0	0.0
10.0	0.0	0.0	0.0	0.0	0.0
19.0	2.0	0.0	0.0	0.0	1.0
18.0	2.0	0.0	0.0	0.0	0.0
16.0	0.0	0.0	0.0	0.0	0.0
2.0	2.0	0.0	0.0	0.0	0.0
1.0	0.0	0.0	0.0	0.0	1.0
0.0	13.0	0.0	0.0	0.0	0.0
51.0	650.0	24.0	2.0	2.0	30.0
0.0	193.0	24.0	1.0	0.0	14.0
0.0	109.0	24.0	1.0	0.0	10.0
0.0	74.0	17.0	1.0	0.0	0.0
0.0	15.0	10.0	1.0	0.0	0.0
0.0	10.0	1.0	1.0	0.0	0.0
0.0	2.0	1.0	1.0	0.0	0.0
0.0	8.0	0.0	0.0	0.0	0.0
0.0	5.0	9.0	0.0	0.0	0.0
0.0	2.0	9.0	0.0	0.0	0.0
0.0	0.0	2.0	0.0	0.0	0.0
0.0	2.0	7.0	0.0	0.0	0.0
0.0	3.0	0.0	0.0	0.0	0.0
0.0	59.0	7.0	0.0	0.0	0.0
0.0	49.0	2.0	0.0	0.0	0.0
0.0	28.0	2.0	0.0	0.0	0.0
0.0	2.0	1.0	0.0	0.0	0.0
0.0	26.0	1.0	0.0	0.0	0.0
0.0	18.0	0.0	0.0	0.0	0.0
0.0	8.0	1.0	0.0	0.0	0.0
0.0	4.0	0.0	0.0	0.0	0.0
0.0	4.0	1.0	0.0	0.0	0.0
0.0	21.0	0.0	0.0	0.0	0.0
0.0	10.0	5.0	0.0	0.0	0.0
0.0	5.0	0.0	0.0	0.0	0.0
0.0	5.0	5.0	0.0	0.0	0.0
0.0	0.0	5.0	0.0	0.0	0.0
0.0	5.0	0.0	0.0	0.0	0.0
0.0	35.0	7.0	0.0	0.0	10.0
0.0	11.0	7.0	0.0	0.0	6.0
0.0	2.0	1.0	0.0	0.0	5.0
0.0	2.0	1.0	0.0	0.0	1.0
0.0	0.0	0.0	0.0	0.0	4.0
0.0	9.0	6.0	0.0	0.0	1.0
0.0	1.0	2.0	0.0	0.0	1.0
0.0	8.0	4.0	0.0	0.0	0.0
0.0	6.0	0.0	0.0	0.0	0.0
0.0	2.0	4.0	0.0	0.0	0.0
0.0	24.0	0.0	0.0	0.0	4.0
0.0	20.0	0.0	0.0	0.0	0.0
0.0	4.0	0.0	0.0	0.0	4.0
0.0	84.0	0.0	0.0	0.0	4.0
0.0	35.0	0.0	0.0	0.0	4.0
0.0	8.0	0.0	0.0	0.0	0.0
0.0	27.0	0.0	0.0	0.0	4.0
0.0	15.0	0.0	0.0	0.0	0.0
0.0	12.0	0.0	0.0	0.0	4.0
0.0	3.0	0.0	0.0	0.0	2.0
0.0	9.0	0.0	0.0	0.0	2.0
0.0	49.0	0.0	0.0	0.0	0.0
51.0	457.0	0.0	1.0	2.0	16.0
35.0	403.0	0.0	1.0	1.0	9.0
9.0	175.0	0.0	1.0	1.0	7.0
5.0	158.0	0.0	1.0	1.0	7.0
0.0	78.0	0.0	0.0	1.0	2.0
0.0	39.0	0.0	0.0	0.0	0.0
0.0	39.0	0.0	0.0	1.0	2.0
0.0	34.0	0.0	0.0	1.0	2.0
0.0	2.0	0.0	0.0	0.0	1.0
0.0	32.0	0.0	0.0	1.0	1.0
0.0	5.0	0.0	0.0	0.0	0.0
5.0	80.0	0.0	1.0	0.0	5.0
5.0	52.0	0.0	1.0	0.0	5.0
4.0	51.0	0.0	1.0	0.0	4.0
4.0	50.0	0.0	0.0	0.0	4.0
0.0	8.0	0.0	0.0	0.0	0.0
4.0	42.0	0.0	0.0	0.0	4.0
0.0	1.0	0.0	1.0	0.0	0.0
1.0	1.0	0.0	0.0	0.0	1.0
0.0	28.0	0.0	0.0	0.0	0.0
4.0	17.0	0.0	0.0	0.0	0.0
0.0	7.0	0.0	0.0	0.0	0.0
4.0	10.0	0.0	0.0	0.0	0.0
4.0	4.0	0.0	0.0	0.0	0.0
1.0	1.0	0.0	0.0	0.0	0.0
3.0	3.0	0.0	0.0	0.0	0.0
0.0	6.0	0.0	0.0	0.0	0.0
26.0	228.0	0.0	0.0	0.0	2.0
6.0	108.0	0.0	0.0	0.0	2.0
5.0	31.0	0.0	0.0	0.0	0.0
5.0	12.0	0.0	0.0	0.0	0.0
0.0	6.0	0.0	0.0	0.0	0.0
5.0	6.0	0.0	0.0	0.0	0.0
0.0	3.0	0.0	0.0	0.0	0.0
5.0	3.0	0.0	0.0	0.0	0.0
2.0	3.0	0.0	0.0	0.0	0.0
3.0	0.0	0.0	0.0	0.0	0.0
0.0	19.0	0.0	0.0	0.0	0.0
1.0	77.0	0.0	0.0	0.0	2.0
0.0	38.0	0.0	0.0	0.0	0.0
1.0	39.0	0.0	0.0	0.0	2.0
0.0	1.0	0.0	0.0	0.0	1.0
1.0	38.0	0.0	0.0	0.0	1.0
0.0	27.0	0.0	0.0	0.0	1.0
0.0	11.0	0.0	0.0	0.0	1.0
0.0	7.0	0.0	0.0	0.0	0.0
0.0	4.0	0.0	0.0	0.0	1.0
0.0	16.0	0.0	0.0	0.0	0.0
1.0	11.0	0.0	0.0	0.0	0.0
1.0	4.0	0.0	0.0	0.0	0.0
0.0	7.0	0.0	0.0	0.0	0.0
20.0	120.0	0.0	0.0	0.0	0.0
20.0	98.0	0.0	0.0	0.0	0.0
16.0	98.0	0.0	0.0	0.0	0.0
11.0	18.0	0.0	0.0	0.0	0.0
5.0	18.0	0.0	0.0	0.0	0.0
0.0	12.0	0.0	0.0	0.0	0.0
5.0	6.0	0.0	0.0	0.0	0.0
5.0	1.0	0.0	0.0	0.0	0.0
0.0	5.0	0.0	0.0	0.0	0.0
6.0	0.0	0.0	0.0	0.0	0.0
5.0	80.0	0.0	0.0	0.0	0.0
5.0	11.0	0.0	0.0	0.0	0.0
0.0	4.0	0.0	0.0	0.0	0.0
5.0	7.0	0.0	0.0	0.0	0.0
0.0	7.0	0.0	0.0	0.0	0.0
5.0	0.0	0.0	0.0	0.0	0.0
0.0	69.0	0.0	0.0	0.0	0.0
4.0	0.0	0.0	0.0	0.0	0.0
0.0	22.0	0.0	0.0	0.0	0.0
16.0	54.0	0.0	0.0	1.0	7.0
4.0	4.0	0.0	0.0	0.0	4.0
4.0	0.0	0.0	0.0	0.0	4.0
0.0	4.0	0.0	0.0	0.0	0.0
12.0	50.0	0.0	0.0	1.0	3.0
11.0	44.0	0.0	0.0	1.0	0.0
4.0	6.0	0.0	0.0	1.0	0.0
0.0	6.0	0.0	0.0	1.0	0.0
0.0	4.0	0.0	0.0	0.0	0.0
0.0	2.0	0.0	0.0	1.0	0.0
4.0	0.0	0.0	0.0	0.0	0.0
7.0	38.0	0.0	0.0	0.0	0.0
7.0	21.0	0.0	0.0	0.0	0.0
3.0	21.0	0.0	0.0	0.0	0.0
0.0	20.0	0.0	0.0	0.0	0.0
3.0	1.0	0.0	0.0	0.0	0.0
4.0	0.0	0.0	0.0	0.0	0.0
0.0	17.0	0.0	0.0	0.0	0.0
1.0	6.0	0.0	0.0	0.0	3.0
1.0	5.0	0.0	0.0	0.0	0.0
0.0	3.0	0.0	0.0	0.0	0.0
1.0	2.0	0.0	0.0	0.0	0.0
0.0	1.0	0.0	0.0	0.0	3.0
