# Sizes (NFeatures, Nclasses, NodeCount, MaxDepth)
10	6	159	13
# Classes
0.0	1.0	2.0	3.0	4.0	5.0
# Feature Names
Nrows	Ncols	Nnnz	AvgNnnz	Density	MaxRowNnnz	MinRowNnnz	StdRowNnnz	NDiags	NTrueDiags
# Left
1	2	-1	4	-1	6	7	-1	9	10	-1	-1	-1	-1	15	16	17	18	-1	20	-1	-1	23	24	-1	26	-1	-1	29	-1	-1	32	33	34	-1	36	-1	-1	39	40	41	42	-1	-1	45	46	-1	-1	49	-1	-1	-1	53	54	55	-1	57	-1	-1	-1	61	62	-1	-1	-1	66	67	68	69	-1	71	-1	-1	-1	75	-1	77	-1	-1	80	81	82	83	-1	-1	-1	87	88	-1	-1	-1	-1	93	94	95	-1	97	98	-1	100	-1	102	-1	104	105	-1	107	108	-1	-1	-1	-1	-1	114	115	116	117	-1	-1	-1	121	122	-1	124	125	126	-1	-1	-1	130	-1	-1	133	-1	-1	136	137	138	-1	140	-1	142	-1	-1	-1	146	-1	148	149	-1	151	-1	-1	154	-1	-1	157	-1	-1
# Right
14	3	-1	5	-1	13	8	-1	12	11	-1	-1	-1	-1	92	31	22	19	-1	21	-1	-1	28	25	-1	27	-1	-1	30	-1	-1	65	38	35	-1	37	-1	-1	52	51	44	43	-1	-1	48	47	-1	-1	50	-1	-1	-1	60	59	56	-1	58	-1	-1	-1	64	63	-1	-1	-1	79	74	73	70	-1	72	-1	-1	-1	76	-1	78	-1	-1	91	86	85	84	-1	-1	-1	90	89	-1	-1	-1	-1	156	113	96	-1	112	99	-1	101	-1	103	-1	111	106	-1	110	109	-1	-1	-1	-1	-1	135	120	119	118	-1	-1	-1	132	123	-1	129	128	127	-1	-1	-1	131	-1	-1	134	-1	-1	145	144	139	-1	141	-1	143	-1	-1	-1	147	-1	153	150	-1	152	-1	-1	155	-1	-1	158	-1	-1
# Threshold
0.5	0.0019214149797335267	-2.0	4189.0	-2.0	102.0	2958.5	-2.0	68.0	26.27970027923584	-2.0	-2.0	-2.0	-2.0	109907.5	13.5	808.5	2.5	-2.0	3920.0	-2.0	-2.0	0.6572180092334747	10.0	-2.0	5120.0	-2.0	-2.0	3.8739999532699585	-2.0	-2.0	2760.0	554178.0	479776.0	-2.0	1.4144900441169739	-2.0	-2.0	105.0	1622110.0	89.0	878730.0	-2.0	-2.0	12.279150009155273	97973.5	-2.0	-2.0	14.224299907684326	-2.0	-2.0	-2.0	14.472449779510498	13.45419979095459	67.0	-2.0	75.51594924926758	-2.0	-2.0	-2.0	133.5	1561015.0	-2.0	-2.0	-2.0	17.28879976272583	47954.5	3.0	12.179200172424316	-2.0	12.191300392150879	-2.0	-2.0	-2.0	50512.0	-2.0	836002.0	-2.0	-2.0	34642.0	1049385.0	34600.0	254.10950469970703	-2.0	-2.0	-2.0	2419975.0	46123.0	-2.0	-2.0	-2.0	-2.0	17512.0	11.001049995422363	866.5	-2.0	3058.5	2.450165033340454	-2.0	5.21448016166687	-2.0	0.8266674876213074	-2.0	3.975544950662879e-05	5.564995050430298	-2.0	3180900.0	178.5	-2.0	-2.0	-2.0	-2.0	-2.0	145.5	981.0	5.5	19.612299919128418	-2.0	-2.0	-2.0	1243881.5	0.841572493314743	-2.0	122306000.0	2.5	35.5	-2.0	-2.0	-2.0	178362000.0	-2.0	-2.0	31.482251167297363	-2.0	-2.0	155353.5	21.0	3851315.0	-2.0	0.00022758400154998526	-2.0	356.8785095214844	-2.0	-2.0	-2.0	3.5	-2.0	65309.0	8.468369960784912	-2.0	170507.5	-2.0	-2.0	4557360.0	-2.0	-2.0	0.00013605675303551834	-2.0	-2.0
# Feature
9	4	-2	8	-2	5	0	-2	5	7	-2	-2	-2	-2	0	8	0	5	-2	2	-2	-2	7	8	-2	0	-2	-2	3	-2	-2	5	2	2	-2	7	-2	-2	5	2	8	2	-2	-2	7	8	-2	-2	7	-2	-2	-2	7	7	9	-2	3	-2	-2	-2	5	2	-2	-2	-2	3	8	6	3	-2	3	-2	-2	-2	0	-2	2	-2	-2	5	2	0	7	-2	-2	-2	2	0	-2	-2	-2	-2	5	3	8	-2	5	3	-2	3	-2	7	-2	4	3	-2	2	5	-2	-2	-2	-2	-2	5	8	6	3	-2	-2	-2	8	7	-2	2	9	5	-2	-2	-2	2	-2	-2	3	-2	-2	0	9	2	-2	4	-2	7	-2	-2	-2	9	-2	8	7	-2	0	-2	-2	2	-2	-2	4	-2	-2
# Values
77.0	1063.0	90.0	77.0	41.0	331.0
0.0	13.0	0.0	0.0	0.0	298.0
0.0	0.0	0.0	0.0	0.0	186.0
0.0	13.0	0.0	0.0	0.0	112.0
0.0	0.0	0.0	0.0	0.0	90.0
0.0	13.0	0.0	0.0	0.0	22.0
0.0	13.0	0.0	0.0	0.0	4.0
0.0	0.0	0.0	0.0	0.0	2.0
0.0	13.0	0.0	0.0	0.0	2.0
0.0	3.0	0.0	0.0	0.0	2.0
0.0	2.0	0.0	0.0	0.0	1.0
0.0	1.0	0.0	0.0	0.0	1.0
0.0	10.0	0.0	0.0	0.0	0.0
0.0	0.0	0.0	0.0	0.0	18.0
77.0	1050.0	90.0	77.0	41.0	33.0
41.0	998.0	81.0	16.0	14.0	13.0
0.0	34.0	75.0	0.0	0.0	0.0
0.0	24.0	7.0	0.0	0.0	0.0
0.0	0.0	6.0	0.0	0.0	0.0
0.0	24.0	1.0	0.0	0.0	0.0
0.0	24.0	0.0	0.0	0.0	0.0
0.0	0.0	1.0	0.0	0.0	0.0
0.0	10.0	68.0	0.0	0.0	0.0
0.0	1.0	63.0	0.0	0.0	0.0
0.0	0.0	58.0	0.0	0.0	0.0
0.0	1.0	5.0	0.0	0.0	0.0
0.0	1.0	0.0	0.0	0.0	0.0
0.0	0.0	5.0	0.0	0.0	0.0
0.0	9.0	5.0	0.0	0.0	0.0
0.0	9.0	0.0	0.0	0.0	0.0
0.0	0.0	5.0	0.0	0.0	0.0
41.0	964.0	6.0	16.0	14.0	13.0
0.0	936.0	6.0	16.0	0.0	13.0
0.0	812.0	1.0	0.0	0.0	0.0
0.0	793.0	0.0	0.0	0.0	0.0
0.0	19.0	1.0	0.0	0.0	0.0
0.0	0.0	1.0	0.0	0.0	0.0
0.0	19.0	0.0	0.0	0.0	0.0
0.0	124.0	5.0	16.0	0.0	13.0
0.0	22.0	5.0	16.0	0.0	8.0
0.0	22.0	5.0	2.0	0.0	8.0
0.0	0.0	5.0	2.0	0.0	0.0
0.0	0.0	5.0	0.0	0.0	0.0
0.0	0.0	0.0	2.0	0.0	0.0
0.0	22.0	0.0	0.0	0.0	8.0
0.0	19.0	0.0	0.0	0.0	2.0
0.0	19.0	0.0	0.0	0.0	0.0
0.0	0.0	0.0	0.0	0.0	2.0
0.0	3.0	0.0	0.0	0.0	6.0
0.0	0.0	0.0	0.0	0.0	6.0
0.0	3.0	0.0	0.0	0.0	0.0
0.0	0.0	0.0	14.0	0.0	0.0
0.0	102.0	0.0	0.0	0.0	5.0
0.0	14.0	0.0	0.0	0.0	4.0
0.0	14.0	0.0	0.0	0.0	2.0
0.0	13.0	0.0	0.0	0.0	0.0
0.0	1.0	0.0	0.0	0.0	2.0
0.0	0.0	0.0	0.0	0.0	2.0
0.0	1.0	0.0	0.0	0.0	0.0
0.0	0.0	0.0	0.0	0.0	2.0
0.0	88.0	0.0	0.0	0.0	1.0
0.0	2.0	0.0	0.0	0.0	1.0
0.0	2.0	0.0	0.0	0.0	0.0
0.0	0.0	0.0	0.0	0.0	1.0
0.0	86.0	0.0	0.0	0.0	0.0
41.0	28.0	0.0	0.0	14.0	0.0
39.0	0.0	0.0	0.0	9.0	0.0
27.0	0.0	0.0	0.0	2.0	0.0
27.0	0.0	0.0	0.0	1.0	0.0
22.0	0.0	0.0	0.0	0.0	0.0
5.0	0.0	0.0	0.0	1.0	0.0
0.0	0.0	0.0	0.0	1.0	0.0
5.0	0.0	0.0	0.0	0.0	0.0
0.0	0.0	0.0	0.0	1.0	0.0
12.0	0.0	0.0	0.0	7.0	0.0
0.0	0.0	0.0	0.0	6.0	0.0
12.0	0.0	0.0	0.0	1.0	0.0
12.0	0.0	0.0	0.0	0.0	0.0
0.0	0.0	0.0	0.0	1.0	0.0
2.0	28.0	0.0	0.0	5.0	0.0
2.0	28.0	0.0	0.0	2.0	0.0
1.0	2.0	0.0	0.0	2.0	0.0
1.0	2.0	0.0	0.0	0.0	0.0
0.0	2.0	0.0	0.0	0.0	0.0
1.0	0.0	0.0	0.0	0.0	0.0
0.0	0.0	0.0	0.0	2.0	0.0
1.0	26.0	0.0	0.0	0.0	0.0
1.0	5.0	0.0	0.0	0.0	0.0
1.0	0.0	0.0	0.0	0.0	0.0
0.0	5.0	0.0	0.0	0.0	0.0
0.0	21.0	0.0	0.0	0.0	0.0
0.0	0.0	0.0	0.0	3.0	0.0
36.0	52.0	9.0	61.0	27.0	20.0
8.0	52.0	9.0	61.0	25.0	20.0
5.0	34.0	8.0	1.0	0.0	6.0
0.0	0.0	8.0	0.0	0.0	0.0
5.0	34.0	0.0	1.0	0.0	6.0
2.0	34.0	0.0	1.0	0.0	6.0
2.0	0.0	0.0	0.0	0.0	0.0
0.0	34.0	0.0	1.0	0.0	6.0
0.0	20.0	0.0	0.0	0.0	0.0
0.0	14.0	0.0	1.0	0.0	6.0
0.0	0.0	0.0	0.0	0.0	4.0
0.0	14.0	0.0	1.0	0.0	2.0
0.0	14.0	0.0	0.0	0.0	2.0
0.0	0.0	0.0	0.0	0.0	1.0
0.0	14.0	0.0	0.0	0.0	1.0
0.0	2.0	0.0	0.0	0.0	1.0
0.0	0.0	0.0	0.0	0.0	1.0
0.0	2.0	0.0	0.0	0.0	0.0
0.0	12.0	0.0	0.0	0.0	0.0
0.0	0.0	0.0	1.0	0.0	0.0
3.0	0.0	0.0	0.0	0.0	0.0
3.0	18.0	1.0	60.0	25.0	14.0
0.0	1.0	1.0	60.0	6.0	7.0
0.0	0.0	1.0	1.0	0.0	6.0
0.0	0.0	1.0	1.0	0.0	0.0
0.0	0.0	1.0	0.0	0.0	0.0
0.0	0.0	0.0	1.0	0.0	0.0
0.0	0.0	0.0	0.0	0.0	6.0
0.0	1.0	0.0	59.0	6.0	1.0
0.0	1.0	0.0	58.0	3.0	1.0
0.0	0.0	0.0	0.0	0.0	1.0
0.0	1.0	0.0	58.0	3.0	0.0
0.0	1.0	0.0	51.0	0.0	0.0
0.0	1.0	0.0	2.0	0.0	0.0
0.0	0.0	0.0	2.0	0.0	0.0
0.0	1.0	0.0	0.0	0.0	0.0
0.0	0.0	0.0	49.0	0.0	0.0
0.0	0.0	0.0	7.0	3.0	0.0
0.0	0.0	0.0	0.0	3.0	0.0
0.0	0.0	0.0	7.0	0.0	0.0
0.0	0.0	0.0	1.0	3.0	0.0
0.0	0.0	0.0	1.0	0.0	0.0
0.0	0.0	0.0	0.0	3.0	0.0
3.0	17.0	0.0	0.0	19.0	7.0
0.0	16.0	0.0	0.0	3.0	4.0
0.0	16.0	0.0	0.0	0.0	4.0
0.0	0.0	0.0	0.0	0.0	2.0
0.0	16.0	0.0	0.0	0.0	2.0
0.0	0.0	0.0	0.0	0.0	1.0
0.0	16.0	0.0	0.0	0.0	1.0
0.0	16.0	0.0	0.0	0.0	0.0
0.0	0.0	0.0	0.0	0.0	1.0
0.0	0.0	0.0	0.0	3.0	0.0
3.0	1.0	0.0	0.0	16.0	3.0
3.0	0.0	0.0	0.0	0.0	0.0
0.0	1.0	0.0	0.0	16.0	3.0
0.0	1.0	0.0	0.0	1.0	2.0
0.0	0.0	0.0	0.0	0.0	2.0
0.0	1.0	0.0	0.0	1.0	0.0
0.0	0.0	0.0	0.0	1.0	0.0
0.0	1.0	0.0	0.0	0.0	0.0
0.0	0.0	0.0	0.0	15.0	1.0
0.0	0.0	0.0	0.0	0.0	1.0
0.0	0.0	0.0	0.0	15.0	0.0
28.0	0.0	0.0	0.0	2.0	0.0
28.0	0.0	0.0	0.0	0.0	0.0
0.0	0.0	0.0	0.0	2.0	0.0
