# Sizes (NFeatures, Nclasses, NodeCount, MaxDepth)
10	6	151	12
# Classes
0.0	1.0	2.0	3.0	4.0	5.0
# Feature Names
Nrows	Ncols	Nnnz	AvgNnnz	Density	MaxRowNnnz	MinRowNnnz	StdRowNnnz	NDiags	NTrueDiags
# Left
1	2	-1	4	5	6	-1	-1	-1	10	11	-1	13	-1	-1	-1	17	18	19	-1	21	22	-1	-1	25	-1	-1	28	29	30	31	32	-1	34	-1	-1	-1	38	39	-1	41	-1	-1	44	-1	-1	47	48	-1	50	51	-1	-1	-1	-1	56	57	58	59	60	-1	-1	63	64	-1	66	-1	-1	-1	-1	-1	-1	73	74	75	-1	77	78	79	80	-1	-1	83	-1	85	-1	-1	-1	89	90	91	-1	-1	-1	95	-1	-1	98	99	100	101	-1	-1	-1	105	-1	107	108	109	110	-1	112	-1	-1	-1	-1	117	-1	119	-1	-1	122	123	-1	125	126	-1	-1	-1	130	-1	132	-1	-1	135	-1	137	138	139	-1	-1	142	-1	144	-1	-1	147	148	-1	-1	-1
# Right
16	3	-1	9	8	7	-1	-1	-1	15	12	-1	14	-1	-1	-1	72	27	20	-1	24	23	-1	-1	26	-1	-1	55	46	37	36	33	-1	35	-1	-1	-1	43	40	-1	42	-1	-1	45	-1	-1	54	49	-1	53	52	-1	-1	-1	-1	71	70	69	62	61	-1	-1	68	65	-1	67	-1	-1	-1	-1	-1	-1	134	97	76	-1	88	87	82	81	-1	-1	84	-1	86	-1	-1	-1	94	93	92	-1	-1	-1	96	-1	-1	121	104	103	102	-1	-1	-1	106	-1	116	115	114	111	-1	113	-1	-1	-1	-1	118	-1	120	-1	-1	129	124	-1	128	127	-1	-1	-1	131	-1	133	-1	-1	136	-1	146	141	140	-1	-1	143	-1	145	-1	-1	150	149	-1	-1	-1
# Threshold
0.5	0.0019214149797335267	-2.0	2958.5	26.5	22.5	-2.0	-2.0	-2.0	78.0	24.575849533081055	-2.0	9004.5	-2.0	-2.0	-2.0	64449.5	8.5	0.003328404971398413	-2.0	5.5	25.0	-2.0	-2.0	4628.5	-2.0	-2.0	3959.0	1118965.0	34.0	330712.0	82615.0	-2.0	92848.0	-2.0	-2.0	-2.0	2808.5	726252.5	-2.0	742937.0	-2.0	-2.0	43677.5	-2.0	-2.0	49.191749572753906	0.0005622774770017713	-2.0	93.0	6.344884872436523	-2.0	-2.0	-2.0	-2.0	63.41769790649414	21410.5	3.5	0.00021753599867224693	0.00011872380127897486	-2.0	-2.0	0.00370599003508687	17539.0	-2.0	40507.0	-2.0	-2.0	-2.0	-2.0	-2.0	-2.0	2761.5	10.527550220489502	671.0	-2.0	6260505.0	9.0	14283.5	132093.5	-2.0	-2.0	546968.5	-2.0	665021.5	-2.0	-2.0	-2.0	3.0	2.57053005695343	19383200.0	-2.0	-2.0	-2.0	8.2344149632263e-07	-2.0	-2.0	144.5	1478.0	31.0	0.00026221000007353723	-2.0	-2.0	-2.0	0.841572493314743	-2.0	35946050.0	10.5	168254.0	27.5	-2.0	12.442149639129639	-2.0	-2.0	-2.0	-2.0	3.7821950912475586	-2.0	66.89595031738281	-2.0	-2.0	203379.0	13.718249797821045	-2.0	23.532849311828613	15.0	-2.0	-2.0	-2.0	292080.0	-2.0	3.5	-2.0	-2.0	4.0	-2.0	9.5	993876.5	3503.5	-2.0	-2.0	891947.0	-2.0	2098010.0	-2.0	-2.0	142099.0	114379.5	-2.0	-2.0	-2.0
# Feature
9	4	-2	0	5	5	-2	-2	-2	5	7	-2	1	-2	-2	-2	0	8	4	-2	8	1	-2	-2	2	-2	-2	5	2	8	2	2	-2	2	-2	-2	-2	5	2	-2	2	-2	-2	8	-2	-2	3	4	-2	5	7	-2	-2	-2	-2	3	5	6	4	4	-2	-2	4	5	-2	0	-2	-2	-2	-2	-2	-2	5	3	8	-2	2	9	8	0	-2	-2	8	-2	8	-2	-2	-2	9	3	2	-2	-2	-2	4	-2	-2	5	8	5	4	-2	-2	-2	7	-2	2	9	8	5	-2	3	-2	-2	-2	-2	7	-2	3	-2	-2	0	7	-2	7	6	-2	-2	-2	1	-2	9	-2	-2	9	-2	6	8	5	-2	-2	1	-2	8	-2	-2	8	1	-2	-2	-2
# Values
81.0	1045.0	81.0	76.0	47.0	349.0
0.0	6.0	0.0	0.0	0.0	301.0
0.0	0.0	0.0	0.0	0.0	171.0
0.0	6.0	0.0	0.0	0.0	130.0
0.0	1.0	0.0	0.0	0.0	113.0
0.0	1.0	0.0	0.0	0.0	28.0
0.0	0.0	0.0	0.0	0.0	28.0
0.0	1.0	0.0	0.0	0.0	0.0
0.0	0.0	0.0	0.0	0.0	85.0
0.0	5.0	0.0	0.0	0.0	17.0
0.0	5.0	0.0	0.0	0.0	2.0
0.0	3.0	0.0	0.0	0.0	0.0
0.0	2.0	0.0	0.0	0.0	2.0
0.0	1.0	0.0	0.0	0.0	1.0
0.0	1.0	0.0	0.0	0.0	1.0
0.0	0.0	0.0	0.0	0.0	15.0
81.0	1039.0	81.0	76.0	47.0	48.0
28.0	963.0	64.0	7.0	8.0	9.0
1.0	19.0	57.0	0.0	0.0	0.0
0.0	0.0	38.0	0.0	0.0	0.0
1.0	19.0	19.0	0.0	0.0	0.0
1.0	0.0	14.0	0.0	0.0	0.0
1.0	0.0	0.0	0.0	0.0	0.0
0.0	0.0	14.0	0.0	0.0	0.0
0.0	19.0	5.0	0.0	0.0	0.0
0.0	19.0	0.0	0.0	0.0	0.0
0.0	0.0	5.0	0.0	0.0	0.0
27.0	944.0	7.0	7.0	8.0	9.0
1.0	938.0	7.0	7.0	0.0	9.0
1.0	881.0	7.0	0.0	0.0	1.0
0.0	57.0	7.0	0.0	0.0	0.0
0.0	57.0	2.0	0.0	0.0	0.0
0.0	53.0	0.0	0.0	0.0	0.0
0.0	4.0	2.0	0.0	0.0	0.0
0.0	0.0	2.0	0.0	0.0	0.0
0.0	4.0	0.0	0.0	0.0	0.0
0.0	0.0	5.0	0.0	0.0	0.0
1.0	824.0	0.0	0.0	0.0	1.0
0.0	814.0	0.0	0.0	0.0	1.0
0.0	790.0	0.0	0.0	0.0	0.0
0.0	24.0	0.0	0.0	0.0	1.0
0.0	0.0	0.0	0.0	0.0	1.0
0.0	24.0	0.0	0.0	0.0	0.0
1.0	10.0	0.0	0.0	0.0	0.0
0.0	10.0	0.0	0.0	0.0	0.0
1.0	0.0	0.0	0.0	0.0	0.0
0.0	57.0	0.0	7.0	0.0	8.0
0.0	6.0	0.0	7.0	0.0	8.0
0.0	0.0	0.0	7.0	0.0	0.0
0.0	6.0	0.0	0.0	0.0	8.0
0.0	6.0	0.0	0.0	0.0	1.0
0.0	0.0	0.0	0.0	0.0	1.0
0.0	6.0	0.0	0.0	0.0	0.0
0.0	0.0	0.0	0.0	0.0	7.0
0.0	51.0	0.0	0.0	0.0	0.0
26.0	6.0	0.0	0.0	8.0	0.0
26.0	1.0	0.0	0.0	8.0	0.0
26.0	1.0	0.0	0.0	5.0	0.0
26.0	1.0	0.0	0.0	3.0	0.0
1.0	0.0	0.0	0.0	2.0	0.0
1.0	0.0	0.0	0.0	0.0	0.0
0.0	0.0	0.0	0.0	2.0	0.0
25.0	1.0	0.0	0.0	1.0	0.0
25.0	0.0	0.0	0.0	1.0	0.0
24.0	0.0	0.0	0.0	0.0	0.0
1.0	0.0	0.0	0.0	1.0	0.0
0.0	0.0	0.0	0.0	1.0	0.0
1.0	0.0	0.0	0.0	0.0	0.0
0.0	1.0	0.0	0.0	0.0	0.0
0.0	0.0	0.0	0.0	2.0	0.0
0.0	0.0	0.0	0.0	3.0	0.0
0.0	5.0	0.0	0.0	0.0	0.0
53.0	76.0	17.0	69.0	39.0	39.0
4.0	72.0	17.0	69.0	26.0	34.0
2.0	49.0	10.0	0.0	0.0	18.0
0.0	0.0	10.0	0.0	0.0	0.0
2.0	49.0	0.0	0.0	0.0	18.0
0.0	37.0	0.0	0.0	0.0	4.0
0.0	37.0	0.0	0.0	0.0	2.0
0.0	2.0	0.0	0.0	0.0	1.0
0.0	2.0	0.0	0.0	0.0	0.0
0.0	0.0	0.0	0.0	0.0	1.0
0.0	35.0	0.0	0.0	0.0	1.0
0.0	31.0	0.0	0.0	0.0	0.0
0.0	4.0	0.0	0.0	0.0	1.0
0.0	0.0	0.0	0.0	0.0	1.0
0.0	4.0	0.0	0.0	0.0	0.0
0.0	0.0	0.0	0.0	0.0	2.0
2.0	12.0	0.0	0.0	0.0	14.0
2.0	10.0	0.0	0.0	0.0	0.0
2.0	2.0	0.0	0.0	0.0	0.0
0.0	2.0	0.0	0.0	0.0	0.0
2.0	0.0	0.0	0.0	0.0	0.0
0.0	8.0	0.0	0.0	0.0	0.0
0.0	2.0	0.0	0.0	0.0	14.0
0.0	2.0	0.0	0.0	0.0	0.0
0.0	0.0	0.0	0.0	0.0	14.0
2.0	23.0	7.0	69.0	26.0	16.0
0.0	5.0	7.0	69.0	6.0	13.0
0.0	0.0	7.0	3.0	0.0	9.0
0.0	0.0	7.0	3.0	0.0	0.0
0.0	0.0	7.0	0.0	0.0	0.0
0.0	0.0	0.0	3.0	0.0	0.0
0.0	0.0	0.0	0.0	0.0	9.0
0.0	5.0	0.0	66.0	6.0	4.0
0.0	0.0	0.0	0.0	0.0	3.0
0.0	5.0	0.0	66.0	6.0	1.0
0.0	5.0	0.0	60.0	0.0	1.0
0.0	5.0	0.0	7.0	0.0	1.0
0.0	5.0	0.0	1.0	0.0	1.0
0.0	0.0	0.0	1.0	0.0	0.0
0.0	5.0	0.0	0.0	0.0	1.0
0.0	0.0	0.0	0.0	0.0	1.0
0.0	5.0	0.0	0.0	0.0	0.0
0.0	0.0	0.0	6.0	0.0	0.0
0.0	0.0	0.0	53.0	0.0	0.0
0.0	0.0	0.0	6.0	6.0	0.0
0.0	0.0	0.0	4.0	0.0	0.0
0.0	0.0	0.0	2.0	6.0	0.0
0.0	0.0	0.0	0.0	6.0	0.0
0.0	0.0	0.0	2.0	0.0	0.0
2.0	18.0	0.0	0.0	20.0	3.0
0.0	18.0	0.0	0.0	2.0	0.0
0.0	0.0	0.0	0.0	1.0	0.0
0.0	18.0	0.0	0.0	1.0	0.0
0.0	2.0	0.0	0.0	1.0	0.0
0.0	2.0	0.0	0.0	0.0	0.0
0.0	0.0	0.0	0.0	1.0	0.0
0.0	16.0	0.0	0.0	0.0	0.0
2.0	0.0	0.0	0.0	18.0	3.0
0.0	0.0	0.0	0.0	0.0	3.0
2.0	0.0	0.0	0.0	18.0	0.0
2.0	0.0	0.0	0.0	0.0	0.0
0.0	0.0	0.0	0.0	18.0	0.0
49.0	4.0	0.0	0.0	13.0	5.0
47.0	0.0	0.0	0.0	0.0	0.0
2.0	4.0	0.0	0.0	13.0	5.0
2.0	1.0	0.0	0.0	12.0	1.0
0.0	0.0	0.0	0.0	11.0	1.0
0.0	0.0	0.0	0.0	0.0	1.0
0.0	0.0	0.0	0.0	11.0	0.0
2.0	1.0	0.0	0.0	1.0	0.0
2.0	0.0	0.0	0.0	0.0	0.0
0.0	1.0	0.0	0.0	1.0	0.0
0.0	1.0	0.0	0.0	0.0	0.0
0.0	0.0	0.0	0.0	1.0	0.0
0.0	3.0	0.0	0.0	1.0	4.0
0.0	3.0	0.0	0.0	1.0	0.0
0.0	3.0	0.0	0.0	0.0	0.0
0.0	0.0	0.0	0.0	1.0	0.0
0.0	0.0	0.0	0.0	0.0	4.0
