# Sizes (NFeatures, Nclasses, NodeCount, MaxDepth)
10	6	165	11
# Classes
0.0	1.0	2.0	3.0	4.0	5.0
# Feature Names
Nrows	Ncols	Nnnz	AvgNnnz	Density	MaxRowNnnz	MinRowNnnz	StdRowNnnz	NDiags	NTrueDiags
# Left
1	2	3	4	5	-1	-1	-1	9	10	11	-1	-1	-1	15	16	-1	-1	-1	-1	21	22	23	24	25	-1	27	-1	-1	-1	31	-1	33	-1	-1	36	37	38	39	-1	41	-1	-1	44	-1	-1	47	48	49	50	-1	-1	-1	54	55	-1	-1	58	-1	60	-1	-1	-1	64	65	66	67	-1	69	70	-1	72	-1	-1	-1	-1	77	78	-1	-1	-1	82	83	-1	-1	86	87	-1	-1	-1	91	92	93	-1	95	96	97	98	-1	100	-1	-1	103	-1	105	-1	107	-1	-1	110	111	112	-1	114	-1	-1	-1	118	-1	-1	-1	122	123	124	-1	-1	127	128	-1	130	131	-1	-1	-1	135	136	-1	138	-1	-1	-1	142	143	-1	145	146	147	-1	-1	150	-1	-1	-1	154	155	-1	157	-1	-1	160	-1	-1	163	-1	-1
# Right
20	19	8	7	6	-1	-1	-1	14	13	12	-1	-1	-1	18	17	-1	-1	-1	-1	90	35	30	29	26	-1	28	-1	-1	-1	32	-1	34	-1	-1	63	46	43	40	-1	42	-1	-1	45	-1	-1	62	53	52	51	-1	-1	-1	57	56	-1	-1	59	-1	61	-1	-1	-1	81	76	75	68	-1	74	71	-1	73	-1	-1	-1	-1	80	79	-1	-1	-1	85	84	-1	-1	89	88	-1	-1	-1	162	121	94	-1	120	109	102	99	-1	101	-1	-1	104	-1	106	-1	108	-1	-1	117	116	113	-1	115	-1	-1	-1	119	-1	-1	-1	141	126	125	-1	-1	134	129	-1	133	132	-1	-1	-1	140	137	-1	139	-1	-1	-1	153	144	-1	152	149	148	-1	-1	151	-1	-1	-1	159	156	-1	158	-1	-1	161	-1	-1	164	-1	-1
# Threshold
0.5	8333.5	4518.5	2251.0	1941.5	-2.0	-2.0	-2.0	0.0023812850704416633	8133.5	23.722700119018555	-2.0	-2.0	-2.0	22.413050651550293	68.0	-2.0	-2.0	-2.0	-2.0	62244.0	10.0	808.5	5.5	0.03031849954277277	-2.0	2.0	-2.0	-2.0	-2.0	0.671174019575119	-2.0	3.996999979019165	-2.0	-2.0	3183.0	553998.5	2827.0	477928.5	-2.0	491050.0	-2.0	-2.0	43677.5	-2.0	-2.0	49.21954917907715	18.0	962.5	452.0	-2.0	-2.0	-2.0	20749.0	18390.5	-2.0	-2.0	0.00044019050255883485	-2.0	344.5	-2.0	-2.0	-2.0	17.617499828338623	45036.0	3.5	19.0	-2.0	12.238000392913818	222903.0	-2.0	224197.0	-2.0	-2.0	-2.0	-2.0	50512.0	27.723849296569824	-2.0	-2.0	-2.0	0.0008736360177863389	45832.0	-2.0	-2.0	63.46885108947754	10054.0	-2.0	-2.0	-2.0	10973.0	13.742050170898438	866.5	-2.0	3278.5	5746245.0	16104.0	1106207.5	-2.0	8707.0	-2.0	-2.0	6.5	-2.0	1483265.0	-2.0	3.3466700315475464	-2.0	-2.0	4391390.0	5113230.0	62.0	-2.0	722022.0	-2.0	-2.0	-2.0	5.165904998779297	-2.0	-2.0	-2.0	144.5	1.2659000158309937	1555085.0	-2.0	-2.0	35946050.0	659.0	-2.0	6.0	141226.0	-2.0	-2.0	-2.0	59.695098876953125	185333.0	-2.0	1243881.5	-2.0	-2.0	-2.0	152576.0	0.00018442899454385042	-2.0	283.98950958251953	5911.0	13.718249797821045	-2.0	-2.0	9.0	-2.0	-2.0	-2.0	244607.5	2220.5	-2.0	154301.0	-2.0	-2.0	7677725.0	-2.0	-2.0	21.0	-2.0	-2.0
# Feature
9	8	8	2	2	-2	-2	-2	4	8	7	-2	-2	-2	3	5	-2	-2	-2	-2	0	8	1	8	4	-2	6	-2	-2	-2	7	-2	3	-2	-2	5	2	5	2	-2	2	-2	-2	8	-2	-2	3	9	8	8	-2	-2	-2	0	1	-2	-2	4	-2	8	-2	-2	-2	3	8	6	9	-2	3	2	-2	2	-2	-2	-2	-2	1	7	-2	-2	-2	4	1	-2	-2	3	5	-2	-2	-2	5	3	8	-2	5	2	8	2	-2	8	-2	-2	9	-2	2	-2	7	-2	-2	1	8	5	-2	8	-2	-2	-2	3	-2	-2	-2	5	7	1	-2	-2	2	8	-2	9	8	-2	-2	-2	3	8	-2	8	-2	-2	-2	1	4	-2	7	5	7	-2	-2	6	-2	-2	-2	0	5	-2	1	-2	-2	8	-2	-2	9	-2	-2
# Values
76.0	1040.0	77.0	79.0	40.0	367.0
0.0	8.0	0.0	0.0	0.0	317.0
0.0	8.0	0.0	0.0	0.0	150.0
0.0	1.0	0.0	0.0	0.0	128.0
0.0	1.0	0.0	0.0	0.0	20.0
0.0	0.0	0.0	0.0	0.0	20.0
0.0	1.0	0.0	0.0	0.0	0.0
0.0	0.0	0.0	0.0	0.0	108.0
0.0	7.0	0.0	0.0	0.0	22.0
0.0	2.0	0.0	0.0	0.0	20.0
0.0	1.0	0.0	0.0	0.0	20.0
0.0	0.0	0.0	0.0	0.0	18.0
0.0	1.0	0.0	0.0	0.0	2.0
0.0	1.0	0.0	0.0	0.0	0.0
0.0	5.0	0.0	0.0	0.0	2.0
0.0	5.0	0.0	0.0	0.0	1.0
0.0	2.0	0.0	0.0	0.0	1.0
0.0	3.0	0.0	0.0	0.0	0.0
0.0	0.0	0.0	0.0	0.0	1.0
0.0	0.0	0.0	0.0	0.0	167.0
76.0	1032.0	77.0	79.0	40.0	50.0
35.0	947.0	59.0	4.0	11.0	14.0
1.0	27.0	55.0	0.0	0.0	0.0
1.0	20.0	4.0	0.0	0.0	0.0
1.0	1.0	4.0	0.0	0.0	0.0
0.0	0.0	4.0	0.0	0.0	0.0
1.0	1.0	0.0	0.0	0.0	0.0
1.0	0.0	0.0	0.0	0.0	0.0
0.0	1.0	0.0	0.0	0.0	0.0
0.0	19.0	0.0	0.0	0.0	0.0
0.0	7.0	51.0	0.0	0.0	0.0
0.0	0.0	46.0	0.0	0.0	0.0
0.0	7.0	5.0	0.0	0.0	0.0
0.0	7.0	0.0	0.0	0.0	0.0
0.0	0.0	5.0	0.0	0.0	0.0
34.0	920.0	4.0	4.0	11.0	14.0
2.0	905.0	4.0	4.0	0.0	14.0
2.0	809.0	1.0	0.0	0.0	0.0
0.0	802.0	1.0	0.0	0.0	0.0
0.0	788.0	0.0	0.0	0.0	0.0
0.0	14.0	1.0	0.0	0.0	0.0
0.0	0.0	1.0	0.0	0.0	0.0
0.0	14.0	0.0	0.0	0.0	0.0
2.0	7.0	0.0	0.0	0.0	0.0
0.0	7.0	0.0	0.0	0.0	0.0
2.0	0.0	0.0	0.0	0.0	0.0
0.0	96.0	3.0	4.0	0.0	14.0
0.0	25.0	3.0	4.0	0.0	14.0
0.0	19.0	0.0	1.0	0.0	0.0
0.0	1.0	0.0	1.0	0.0	0.0
0.0	1.0	0.0	0.0	0.0	0.0
0.0	0.0	0.0	1.0	0.0	0.0
0.0	18.0	0.0	0.0	0.0	0.0
0.0	6.0	3.0	3.0	0.0	14.0
0.0	4.0	3.0	0.0	0.0	0.0
0.0	4.0	0.0	0.0	0.0	0.0
0.0	0.0	3.0	0.0	0.0	0.0
0.0	2.0	0.0	3.0	0.0	14.0
0.0	0.0	0.0	3.0	0.0	0.0
0.0	2.0	0.0	0.0	0.0	14.0
0.0	2.0	0.0	0.0	0.0	0.0
0.0	0.0	0.0	0.0	0.0	14.0
0.0	71.0	0.0	0.0	0.0	0.0
32.0	15.0	0.0	0.0	11.0	0.0
31.0	0.0	0.0	0.0	8.0	0.0
27.0	0.0	0.0	0.0	4.0	0.0
27.0	0.0	0.0	0.0	3.0	0.0
21.0	0.0	0.0	0.0	0.0	0.0
6.0	0.0	0.0	0.0	3.0	0.0
6.0	0.0	0.0	0.0	1.0	0.0
5.0	0.0	0.0	0.0	0.0	0.0
1.0	0.0	0.0	0.0	1.0	0.0
0.0	0.0	0.0	0.0	1.0	0.0
1.0	0.0	0.0	0.0	0.0	0.0
0.0	0.0	0.0	0.0	2.0	0.0
0.0	0.0	0.0	0.0	1.0	0.0
4.0	0.0	0.0	0.0	4.0	0.0
1.0	0.0	0.0	0.0	4.0	0.0
1.0	0.0	0.0	0.0	0.0	0.0
0.0	0.0	0.0	0.0	4.0	0.0
3.0	0.0	0.0	0.0	0.0	0.0
1.0	15.0	0.0	0.0	3.0	0.0
0.0	1.0	0.0	0.0	3.0	0.0
0.0	0.0	0.0	0.0	3.0	0.0
0.0	1.0	0.0	0.0	0.0	0.0
1.0	14.0	0.0	0.0	0.0	0.0
1.0	1.0	0.0	0.0	0.0	0.0
0.0	1.0	0.0	0.0	0.0	0.0
1.0	0.0	0.0	0.0	0.0	0.0
0.0	13.0	0.0	0.0	0.0	0.0
41.0	85.0	18.0	75.0	29.0	36.0
10.0	85.0	18.0	75.0	27.0	36.0
9.0	64.0	16.0	4.0	0.0	17.0
0.0	0.0	16.0	0.0	0.0	0.0
9.0	64.0	0.0	4.0	0.0	17.0
2.0	64.0	0.0	4.0	0.0	17.0
0.0	51.0	0.0	4.0	0.0	3.0
0.0	3.0	0.0	2.0	0.0	3.0
0.0	0.0	0.0	0.0	0.0	3.0
0.0	3.0	0.0	2.0	0.0	0.0
0.0	3.0	0.0	0.0	0.0	0.0
0.0	0.0	0.0	2.0	0.0	0.0
0.0	48.0	0.0	2.0	0.0	0.0
0.0	43.0	0.0	0.0	0.0	0.0
0.0	5.0	0.0	2.0	0.0	0.0
0.0	4.0	0.0	0.0	0.0	0.0
0.0	1.0	0.0	2.0	0.0	0.0
0.0	0.0	0.0	2.0	0.0	0.0
0.0	1.0	0.0	0.0	0.0	0.0
2.0	13.0	0.0	0.0	0.0	14.0
0.0	3.0	0.0	0.0	0.0	14.0
0.0	1.0	0.0	0.0	0.0	14.0
0.0	0.0	0.0	0.0	0.0	13.0
0.0	1.0	0.0	0.0	0.0	1.0
0.0	0.0	0.0	0.0	0.0	1.0
0.0	1.0	0.0	0.0	0.0	0.0
0.0	2.0	0.0	0.0	0.0	0.0
2.0	10.0	0.0	0.0	0.0	0.0
0.0	10.0	0.0	0.0	0.0	0.0
2.0	0.0	0.0	0.0	0.0	0.0
7.0	0.0	0.0	0.0	0.0	0.0
1.0	21.0	2.0	71.0	27.0	19.0
0.0	2.0	2.0	71.0	6.0	6.0
0.0	0.0	2.0	0.0	0.0	5.0
0.0	0.0	0.0	0.0	0.0	5.0
0.0	0.0	2.0	0.0	0.0	0.0
0.0	2.0	0.0	71.0	6.0	1.0
0.0	2.0	0.0	61.0	0.0	1.0
0.0	0.0	0.0	0.0	0.0	1.0
0.0	2.0	0.0	61.0	0.0	0.0
0.0	2.0	0.0	11.0	0.0	0.0
0.0	2.0	0.0	0.0	0.0	0.0
0.0	0.0	0.0	11.0	0.0	0.0
0.0	0.0	0.0	50.0	0.0	0.0
0.0	0.0	0.0	10.0	6.0	0.0
0.0	0.0	0.0	4.0	6.0	0.0
0.0	0.0	0.0	0.0	5.0	0.0
0.0	0.0	0.0	4.0	1.0	0.0
0.0	0.0	0.0	4.0	0.0	0.0
0.0	0.0	0.0	0.0	1.0	0.0
0.0	0.0	0.0	6.0	0.0	0.0
1.0	19.0	0.0	0.0	21.0	13.0
0.0	19.0	0.0	0.0	3.0	5.0
0.0	0.0	0.0	0.0	2.0	0.0
0.0	19.0	0.0	0.0	1.0	5.0
0.0	19.0	0.0	0.0	1.0	3.0
0.0	16.0	0.0	0.0	1.0	0.0
0.0	0.0	0.0	0.0	1.0	0.0
0.0	16.0	0.0	0.0	0.0	0.0
0.0	3.0	0.0	0.0	0.0	3.0
0.0	3.0	0.0	0.0	0.0	0.0
0.0	0.0	0.0	0.0	0.0	3.0
0.0	0.0	0.0	0.0	0.0	2.0
1.0	0.0	0.0	0.0	18.0	8.0
0.0	0.0	0.0	0.0	6.0	8.0
0.0	0.0	0.0	0.0	0.0	7.0
0.0	0.0	0.0	0.0	6.0	1.0
0.0	0.0	0.0	0.0	0.0	1.0
0.0	0.0	0.0	0.0	6.0	0.0
1.0	0.0	0.0	0.0	12.0	0.0
0.0	0.0	0.0	0.0	12.0	0.0
1.0	0.0	0.0	0.0	0.0	0.0
31.0	0.0	0.0	0.0	2.0	0.0
31.0	0.0	0.0	0.0	0.0	0.0
0.0	0.0	0.0	0.0	2.0	0.0
