# Sizes (NFeatures, Nclasses, NodeCount, MaxDepth)
10	6	161	13
# Classes
0.0	1.0	2.0	3.0	4.0	5.0
# Feature Names
Nrows	Ncols	Nnnz	AvgNnnz	Density	MaxRowNnnz	MinRowNnnz	StdRowNnnz	NDiags	NTrueDiags
# Left
1	2	3	4	-1	6	7	-1	-1	10	-1	-1	-1	14	-1	16	17	-1	-1	-1	21	22	23	24	25	-1	27	28	29	-1	-1	-1	-1	34	-1	-1	37	38	-1	-1	-1	42	43	44	45	46	-1	-1	-1	-1	51	-1	53	54	55	-1	57	-1	-1	-1	-1	62	63	64	-1	-1	-1	-1	69	70	71	-1	73	74	-1	76	-1	-1	79	80	81	82	-1	-1	85	-1	87	-1	89	-1	-1	-1	93	94	95	-1	97	98	-1	-1	101	102	-1	-1	-1	-1	-1	108	109	-1	111	112	-1	-1	115	116	117	-1	-1	120	121	-1	-1	124	-1	126	-1	-1	129	-1	-1	132	133	134	135	136	-1	-1	-1	-1	-1	-1	143	144	-1	146	-1	-1	149	150	-1	152	153	-1	-1	156	-1	-1	159	-1	-1
# Right
20	13	12	5	-1	9	8	-1	-1	11	-1	-1	-1	15	-1	19	18	-1	-1	-1	68	41	36	33	26	-1	32	31	30	-1	-1	-1	-1	35	-1	-1	40	39	-1	-1	-1	61	50	49	48	47	-1	-1	-1	-1	52	-1	60	59	56	-1	58	-1	-1	-1	-1	67	66	65	-1	-1	-1	-1	142	107	72	-1	78	75	-1	77	-1	-1	92	91	84	83	-1	-1	86	-1	88	-1	90	-1	-1	-1	106	105	96	-1	100	99	-1	-1	104	103	-1	-1	-1	-1	-1	131	110	-1	114	113	-1	-1	128	119	118	-1	-1	123	122	-1	-1	125	-1	127	-1	-1	130	-1	-1	141	140	139	138	137	-1	-1	-1	-1	-1	-1	148	145	-1	147	-1	-1	158	151	-1	155	154	-1	-1	157	-1	-1	160	-1	-1
# Threshold
0.5	38.65010070800781	6837.0	2922.5	-2.0	7.523314714431763	14.5	-2.0	-2.0	3978.0	-2.0	-2.0	-2.0	43.63574981689453	-2.0	8010.0	48.61994934082031	-2.0	-2.0	-2.0	37485.5	10.0	0.010834634769707918	1.7548699975013733	7.5	-2.0	10500.0	0.003499999991618097	2501.0	-2.0	-2.0	-2.0	-2.0	0.0028745000017806888	-2.0	-2.0	1.5	1.5	-2.0	-2.0	-2.0	3510.5	479364.0	12.0	0.6404035091400146	5.017215013504028	-2.0	-2.0	-2.0	-2.0	66.0	-2.0	48.12660026550293	13.0	1085930.0	-2.0	18.0	-2.0	-2.0	-2.0	-2.0	63.270097732543945	3.5	0.00370599003508687	-2.0	-2.0	-2.0	-2.0	2738.5	15.788649559020996	24.0	-2.0	789569.0	79209.0	-2.0	5.5	-2.0	-2.0	3.5	36.92319869995117	35795.0	95.5	-2.0	-2.0	21789450.0	-2.0	8.0	-2.0	1.5	-2.0	-2.0	-2.0	82.0	16.0	3.4985599517822266	-2.0	2.225814938545227	7149155.0	-2.0	-2.0	28.5	1.5	-2.0	-2.0	-2.0	-2.0	-2.0	144.5	1.2659000158309937	-2.0	47686.0	27671.5	-2.0	-2.0	1325350.0	662.0	39.0	-2.0	-2.0	58380.5	52310.5	-2.0	-2.0	122306000.0	-2.0	178362000.0	-2.0	-2.0	3.5	-2.0	-2.0	292080.0	191397.5	23.144299507141113	283.5	0.0006203699740581214	-2.0	-2.0	-2.0	-2.0	-2.0	-2.0	17.604750156402588	9.583034992218018	-2.0	10.345669746398926	-2.0	-2.0	8.5	25.369500160217285	-2.0	2419975.0	61.0	-2.0	-2.0	221.0	-2.0	-2.0	16.0	-2.0	-2.0
# Feature
9	3	0	0	-2	3	5	-2	-2	8	-2	-2	-2	3	-2	8	3	-2	-2	-2	0	8	4	7	8	-2	2	4	1	-2	-2	-2	-2	4	-2	-2	3	8	-2	-2	-2	5	2	8	7	3	-2	-2	-2	-2	8	-2	3	6	2	-2	9	-2	-2	-2	-2	3	6	4	-2	-2	-2	-2	5	3	8	-2	2	8	-2	9	-2	-2	9	7	8	5	-2	-2	2	-2	5	-2	6	-2	-2	-2	5	9	3	-2	7	8	-2	-2	5	6	-2	-2	-2	-2	-2	5	7	-2	1	8	-2	-2	8	8	9	-2	-2	0	1	-2	-2	2	-2	2	-2	-2	6	-2	-2	0	1	7	5	4	-2	-2	-2	-2	-2	-2	3	3	-2	3	-2	-2	6	7	-2	2	9	-2	-2	9	-2	-2	9	-2	-2
# Values
67.0	1055.0	92.0	65.0	38.0	362.0
0.0	11.0	0.0	0.0	0.0	307.0
0.0	7.0	0.0	0.0	0.0	286.0
0.0	7.0	0.0	0.0	0.0	127.0
0.0	0.0	0.0	0.0	0.0	115.0
0.0	7.0	0.0	0.0	0.0	12.0
0.0	1.0	0.0	0.0	0.0	10.0
0.0	1.0	0.0	0.0	0.0	0.0
0.0	0.0	0.0	0.0	0.0	10.0
0.0	6.0	0.0	0.0	0.0	2.0
0.0	0.0	0.0	0.0	0.0	2.0
0.0	6.0	0.0	0.0	0.0	0.0
0.0	0.0	0.0	0.0	0.0	159.0
0.0	4.0	0.0	0.0	0.0	21.0
0.0	2.0	0.0	0.0	0.0	0.0
0.0	2.0	0.0	0.0	0.0	21.0
0.0	2.0	0.0	0.0	0.0	9.0
0.0	0.0	0.0	0.0	0.0	9.0
0.0	2.0	0.0	0.0	0.0	0.0
0.0	0.0	0.0	0.0	0.0	12.0
67.0	1044.0	92.0	65.0	38.0	55.0
20.0	907.0	70.0	0.0	2.0	5.0
2.0	34.0	64.0	0.0	0.0	0.0
0.0	11.0	63.0	0.0	0.0	0.0
0.0	6.0	61.0	0.0	0.0	0.0
0.0	0.0	49.0	0.0	0.0	0.0
0.0	6.0	12.0	0.0	0.0	0.0
0.0	6.0	1.0	0.0	0.0	0.0
0.0	2.0	1.0	0.0	0.0	0.0
0.0	0.0	1.0	0.0	0.0	0.0
0.0	2.0	0.0	0.0	0.0	0.0
0.0	4.0	0.0	0.0	0.0	0.0
0.0	0.0	11.0	0.0	0.0	0.0
0.0	5.0	2.0	0.0	0.0	0.0
0.0	0.0	2.0	0.0	0.0	0.0
0.0	5.0	0.0	0.0	0.0	0.0
2.0	23.0	1.0	0.0	0.0	0.0
2.0	0.0	1.0	0.0	0.0	0.0
0.0	0.0	1.0	0.0	0.0	0.0
2.0	0.0	0.0	0.0	0.0	0.0
0.0	23.0	0.0	0.0	0.0	0.0
18.0	873.0	6.0	0.0	2.0	5.0
0.0	865.0	6.0	0.0	0.0	5.0
0.0	792.0	2.0	0.0	0.0	0.0
0.0	15.0	2.0	0.0	0.0	0.0
0.0	1.0	2.0	0.0	0.0	0.0
0.0	1.0	0.0	0.0	0.0	0.0
0.0	0.0	2.0	0.0	0.0	0.0
0.0	14.0	0.0	0.0	0.0	0.0
0.0	777.0	0.0	0.0	0.0	0.0
0.0	73.0	4.0	0.0	0.0	5.0
0.0	0.0	4.0	0.0	0.0	0.0
0.0	73.0	0.0	0.0	0.0	5.0
0.0	17.0	0.0	0.0	0.0	5.0
0.0	17.0	0.0	0.0	0.0	2.0
0.0	16.0	0.0	0.0	0.0	0.0
0.0	1.0	0.0	0.0	0.0	2.0
0.0	1.0	0.0	0.0	0.0	0.0
0.0	0.0	0.0	0.0	0.0	2.0
0.0	0.0	0.0	0.0	0.0	3.0
0.0	56.0	0.0	0.0	0.0	0.0
18.0	8.0	0.0	0.0	2.0	0.0
18.0	1.0	0.0	0.0	2.0	0.0
18.0	1.0	0.0	0.0	0.0	0.0
18.0	0.0	0.0	0.0	0.0	0.0
0.0	1.0	0.0	0.0	0.0	0.0
0.0	0.0	0.0	0.0	2.0	0.0
0.0	7.0	0.0	0.0	0.0	0.0
47.0	137.0	22.0	65.0	36.0	50.0
4.0	122.0	22.0	65.0	18.0	43.0
4.0	101.0	22.0	7.0	0.0	23.0
0.0	0.0	22.0	0.0	0.0	0.0
4.0	101.0	0.0	7.0	0.0	23.0
0.0	59.0	0.0	0.0	0.0	1.0
0.0	54.0	0.0	0.0	0.0	0.0
0.0	5.0	0.0	0.0	0.0	1.0
0.0	5.0	0.0	0.0	0.0	0.0
0.0	0.0	0.0	0.0	0.0	1.0
4.0	42.0	0.0	7.0	0.0	22.0
3.0	33.0	0.0	0.0	0.0	5.0
1.0	33.0	0.0	0.0	0.0	5.0
0.0	1.0	0.0	0.0	0.0	3.0
0.0	0.0	0.0	0.0	0.0	3.0
0.0	1.0	0.0	0.0	0.0	0.0
1.0	32.0	0.0	0.0	0.0	2.0
0.0	29.0	0.0	0.0	0.0	0.0
1.0	3.0	0.0	0.0	0.0	2.0
0.0	3.0	0.0	0.0	0.0	0.0
1.0	0.0	0.0	0.0	0.0	2.0
1.0	0.0	0.0	0.0	0.0	0.0
0.0	0.0	0.0	0.0	0.0	2.0
2.0	0.0	0.0	0.0	0.0	0.0
1.0	9.0	0.0	7.0	0.0	17.0
1.0	4.0	0.0	7.0	0.0	17.0
1.0	4.0	0.0	3.0	0.0	17.0
0.0	2.0	0.0	0.0	0.0	0.0
1.0	2.0	0.0	3.0	0.0	17.0
1.0	0.0	0.0	0.0	0.0	14.0
0.0	0.0	0.0	0.0	0.0	14.0
1.0	0.0	0.0	0.0	0.0	0.0
0.0	2.0	0.0	3.0	0.0	3.0
0.0	2.0	0.0	3.0	0.0	0.0
0.0	2.0	0.0	0.0	0.0	0.0
0.0	0.0	0.0	3.0	0.0	0.0
0.0	0.0	0.0	0.0	0.0	3.0
0.0	0.0	0.0	4.0	0.0	0.0
0.0	5.0	0.0	0.0	0.0	0.0
0.0	21.0	0.0	58.0	18.0	20.0
0.0	3.0	0.0	58.0	5.0	13.0
0.0	0.0	0.0	0.0	0.0	8.0
0.0	3.0	0.0	58.0	5.0	5.0
0.0	2.0	0.0	0.0	0.0	3.0
0.0	0.0	0.0	0.0	0.0	3.0
0.0	2.0	0.0	0.0	0.0	0.0
0.0	1.0	0.0	58.0	5.0	2.0
0.0	1.0	0.0	57.0	2.0	2.0
0.0	0.0	0.0	1.0	0.0	2.0
0.0	0.0	0.0	1.0	0.0	0.0
0.0	0.0	0.0	0.0	0.0	2.0
0.0	1.0	0.0	56.0	2.0	0.0
0.0	1.0	0.0	1.0	0.0	0.0
0.0	0.0	0.0	1.0	0.0	0.0
0.0	1.0	0.0	0.0	0.0	0.0
0.0	0.0	0.0	55.0	2.0	0.0
0.0	0.0	0.0	49.0	0.0	0.0
0.0	0.0	0.0	6.0	2.0	0.0
0.0	0.0	0.0	0.0	2.0	0.0
0.0	0.0	0.0	6.0	0.0	0.0
0.0	0.0	0.0	1.0	3.0	0.0
0.0	0.0	0.0	1.0	0.0	0.0
0.0	0.0	0.0	0.0	3.0	0.0
0.0	18.0	0.0	0.0	13.0	7.0
0.0	18.0	0.0	0.0	2.0	7.0
0.0	18.0	0.0	0.0	2.0	2.0
0.0	1.0	0.0	0.0	2.0	2.0
0.0	1.0	0.0	0.0	0.0	2.0
0.0	1.0	0.0	0.0	0.0	0.0
0.0	0.0	0.0	0.0	0.0	2.0
0.0	0.0	0.0	0.0	2.0	0.0
0.0	17.0	0.0	0.0	0.0	0.0
0.0	0.0	0.0	0.0	0.0	5.0
0.0	0.0	0.0	0.0	11.0	0.0
43.0	15.0	0.0	0.0	18.0	7.0
42.0	0.0	0.0	0.0	6.0	0.0
29.0	0.0	0.0	0.0	0.0	0.0
13.0	0.0	0.0	0.0	6.0	0.0
0.0	0.0	0.0	0.0	6.0	0.0
13.0	0.0	0.0	0.0	0.0	0.0
1.0	15.0	0.0	0.0	12.0	7.0
1.0	10.0	0.0	0.0	12.0	0.0
0.0	0.0	0.0	0.0	7.0	0.0
1.0	10.0	0.0	0.0	5.0	0.0
1.0	0.0	0.0	0.0	4.0	0.0
0.0	0.0	0.0	0.0	4.0	0.0
1.0	0.0	0.0	0.0	0.0	0.0
0.0	10.0	0.0	0.0	1.0	0.0
0.0	10.0	0.0	0.0	0.0	0.0
0.0	0.0	0.0	0.0	1.0	0.0
0.0	5.0	0.0	0.0	0.0	7.0
0.0	0.0	0.0	0.0	0.0	7.0
0.0	5.0	0.0	0.0	0.0	0.0
