# Sizes (NFeatures, Nclasses, NodeCount, MaxDepth)
10	6	153	12
# Classes
0.0	1.0	2.0	3.0	4.0	5.0
# Feature Names
Nrows	Ncols	Nnnz	AvgNnnz	Density	MaxRowNnnz	MinRowNnnz	StdRowNnnz	NDiags	NTrueDiags
# Left
1	2	-1	4	5	6	7	8	-1	-1	-1	-1	-1	-1	15	16	17	-1	19	-1	21	-1	-1	24	-1	26	27	-1	-1	-1	31	32	33	34	35	-1	-1	38	39	-1	-1	-1	43	44	-1	-1	47	48	49	-1	-1	-1	-1	54	55	56	57	58	59	-1	-1	-1	63	64	-1	-1	-1	68	-1	70	-1	72	-1	-1	-1	-1	77	78	79	80	81	82	83	-1	-1	-1	-1	88	89	-1	91	-1	93	-1	95	-1	-1	98	-1	-1	-1	102	103	104	105	-1	-1	108	-1	-1	111	112	-1	-1	115	116	117	-1	-1	-1	121	122	-1	-1	-1	126	127	128	129	-1	131	-1	-1	-1	-1	136	137	-1	139	140	-1	-1	-1	144	-1	-1	147	148	-1	150	-1	-1	-1
# Right
14	3	-1	13	12	11	10	9	-1	-1	-1	-1	-1	-1	30	23	18	-1	20	-1	22	-1	-1	25	-1	29	28	-1	-1	-1	76	53	42	37	36	-1	-1	41	40	-1	-1	-1	46	45	-1	-1	52	51	50	-1	-1	-1	-1	75	74	67	62	61	60	-1	-1	-1	66	65	-1	-1	-1	69	-1	71	-1	73	-1	-1	-1	-1	146	101	100	87	86	85	84	-1	-1	-1	-1	97	90	-1	92	-1	94	-1	96	-1	-1	99	-1	-1	-1	125	110	107	106	-1	-1	109	-1	-1	114	113	-1	-1	120	119	118	-1	-1	-1	124	123	-1	-1	-1	135	134	133	130	-1	132	-1	-1	-1	-1	143	138	-1	142	141	-1	-1	-1	145	-1	-1	152	149	-1	151	-1	-1	-1
# Threshold
0.5	8.42464542388916	-2.0	102.0	0.0052201999351382256	14554.0	6565.0	5719.0	-2.0	-2.0	-2.0	-2.0	-2.0	-2.0	8.5	0.007779880193993449	0.003646895056590438	-2.0	5.5	-2.0	4318.0	-2.0	-2.0	0.07001399993896484	-2.0	5.5	162.5	-2.0	-2.0	-2.0	59659.0	3098.5	548798.5	10.0	7.518330097198486	-2.0	-2.0	13.0	10.0	-2.0	-2.0	-2.0	82.0	48.0	-2.0	-2.0	48.80254936218262	40.712100982666016	404.0	-2.0	-2.0	-2.0	-2.0	0.0017903600237332284	8.0	9737.5	14398.0	12.238000392913818	18314.0	-2.0	-2.0	-2.0	0.0002376495031057857	4319.0	-2.0	-2.0	-2.0	105.38750076293945	-2.0	193246.0	-2.0	0.0007806970097590238	-2.0	-2.0	-2.0	-2.0	9675.5	10.539299964904785	2745.0	4330595.0	4.5	6.5	5.453624963760376	-2.0	-2.0	-2.0	-2.0	4137180.0	5388575.0	-2.0	3.0479249954223633	-2.0	2.5	-2.0	5.997329950332642	-2.0	-2.0	24.0	-2.0	-2.0	-2.0	144.5	6051.5	2.838634967803955	338.5	-2.0	-2.0	662.0	-2.0	-2.0	1521325.0	0.0001408850002917461	-2.0	-2.0	35946050.0	2371495.0	5.5	-2.0	-2.0	-2.0	95.5	5.40664005279541	-2.0	-2.0	-2.0	152576.0	8897.5	387.8055114746094	5911.0	-2.0	26.6983003616333	-2.0	-2.0	-2.0	-2.0	254232.5	3105330.0	-2.0	0.0003402934962650761	6353.5	-2.0	-2.0	-2.0	7677725.0	-2.0	-2.0	21.0	8.83901011548005e-05	-2.0	2.0	-2.0	-2.0	-2.0
# Feature
9	7	-2	5	4	1	8	0	-2	-2	-2	-2	-2	-2	8	4	4	-2	8	-2	2	-2	-2	7	-2	8	0	-2	-2	-2	0	5	2	8	3	-2	-2	8	9	-2	-2	-2	8	8	-2	-2	3	3	5	-2	-2	-2	-2	4	6	5	8	3	0	-2	-2	-2	4	5	-2	-2	-2	7	-2	2	-2	4	-2	-2	-2	-2	5	3	5	2	6	5	3	-2	-2	-2	-2	8	2	-2	3	-2	6	-2	3	-2	-2	5	-2	-2	-2	5	8	7	8	-2	-2	8	-2	-2	2	4	-2	-2	2	2	9	-2	-2	-2	5	7	-2	-2	-2	1	5	7	5	-2	7	-2	-2	-2	-2	0	2	-2	4	5	-2	-2	-2	8	-2	-2	9	4	-2	6	-2	-2	-2
# Values
72.0	1057.0	87.0	70.0	45.0	348.0
0.0	13.0	0.0	0.0	0.0	299.0
0.0	0.0	0.0	0.0	0.0	199.0
0.0	13.0	0.0	0.0	0.0	100.0
0.0	13.0	0.0	0.0	0.0	16.0
0.0	13.0	0.0	0.0	0.0	7.0
0.0	13.0	0.0	0.0	0.0	1.0
0.0	7.0	0.0	0.0	0.0	1.0
0.0	3.0	0.0	0.0	0.0	0.0
0.0	4.0	0.0	0.0	0.0	1.0
0.0	6.0	0.0	0.0	0.0	0.0
0.0	0.0	0.0	0.0	0.0	6.0
0.0	0.0	0.0	0.0	0.0	9.0
0.0	0.0	0.0	0.0	0.0	84.0
72.0	1044.0	87.0	70.0	45.0	49.0
0.0	16.0	75.0	0.0	0.0	0.0
0.0	4.0	71.0	0.0	0.0	0.0
0.0	0.0	61.0	0.0	0.0	0.0
0.0	4.0	10.0	0.0	0.0	0.0
0.0	0.0	9.0	0.0	0.0	0.0
0.0	4.0	1.0	0.0	0.0	0.0
0.0	4.0	0.0	0.0	0.0	0.0
0.0	0.0	1.0	0.0	0.0	0.0
0.0	12.0	4.0	0.0	0.0	0.0
0.0	0.0	3.0	0.0	0.0	0.0
0.0	12.0	1.0	0.0	0.0	0.0
0.0	2.0	1.0	0.0	0.0	0.0
0.0	2.0	0.0	0.0	0.0	0.0
0.0	0.0	1.0	0.0	0.0	0.0
0.0	10.0	0.0	0.0	0.0	0.0
72.0	1028.0	12.0	70.0	45.0	49.0
30.0	926.0	7.0	2.0	11.0	7.0
0.0	915.0	7.0	2.0	0.0	7.0
0.0	837.0	3.0	0.0	0.0	0.0
0.0	5.0	2.0	0.0	0.0	0.0
0.0	5.0	0.0	0.0	0.0	0.0
0.0	0.0	2.0	0.0	0.0	0.0
0.0	832.0	1.0	0.0	0.0	0.0
0.0	11.0	1.0	0.0	0.0	0.0
0.0	11.0	0.0	0.0	0.0	0.0
0.0	0.0	1.0	0.0	0.0	0.0
0.0	821.0	0.0	0.0	0.0	0.0
0.0	78.0	4.0	2.0	0.0	7.0
0.0	0.0	4.0	2.0	0.0	0.0
0.0	0.0	4.0	0.0	0.0	0.0
0.0	0.0	0.0	2.0	0.0	0.0
0.0	78.0	0.0	0.0	0.0	7.0
0.0	18.0	0.0	0.0	0.0	7.0
0.0	18.0	0.0	0.0	0.0	1.0
0.0	18.0	0.0	0.0	0.0	0.0
0.0	0.0	0.0	0.0	0.0	1.0
0.0	0.0	0.0	0.0	0.0	6.0
0.0	60.0	0.0	0.0	0.0	0.0
30.0	11.0	0.0	0.0	11.0	0.0
30.0	2.0	0.0	0.0	11.0	0.0
30.0	0.0	0.0	0.0	11.0	0.0
23.0	0.0	0.0	0.0	4.0	0.0
6.0	0.0	0.0	0.0	3.0	0.0
6.0	0.0	0.0	0.0	1.0	0.0
6.0	0.0	0.0	0.0	0.0	0.0
0.0	0.0	0.0	0.0	1.0	0.0
0.0	0.0	0.0	0.0	2.0	0.0
17.0	0.0	0.0	0.0	1.0	0.0
3.0	0.0	0.0	0.0	1.0	0.0
3.0	0.0	0.0	0.0	0.0	0.0
0.0	0.0	0.0	0.0	1.0	0.0
14.0	0.0	0.0	0.0	0.0	0.0
7.0	0.0	0.0	0.0	7.0	0.0
0.0	0.0	0.0	0.0	3.0	0.0
7.0	0.0	0.0	0.0	4.0	0.0
5.0	0.0	0.0	0.0	0.0	0.0
2.0	0.0	0.0	0.0	4.0	0.0
0.0	0.0	0.0	0.0	4.0	0.0
2.0	0.0	0.0	0.0	0.0	0.0
0.0	2.0	0.0	0.0	0.0	0.0
0.0	9.0	0.0	0.0	0.0	0.0
42.0	102.0	5.0	68.0	34.0	42.0
7.0	102.0	5.0	68.0	29.0	42.0
6.0	69.0	1.0	0.0	0.0	12.0
1.0	69.0	1.0	0.0	0.0	12.0
0.0	57.0	0.0	0.0	0.0	3.0
0.0	57.0	0.0	0.0	0.0	2.0
0.0	12.0	0.0	0.0	0.0	2.0
0.0	12.0	0.0	0.0	0.0	0.0
0.0	0.0	0.0	0.0	0.0	2.0
0.0	45.0	0.0	0.0	0.0	0.0
0.0	0.0	0.0	0.0	0.0	1.0
1.0	12.0	1.0	0.0	0.0	9.0
0.0	2.0	1.0	0.0	0.0	9.0
0.0	0.0	1.0	0.0	0.0	0.0
0.0	2.0	0.0	0.0	0.0	9.0
0.0	1.0	0.0	0.0	0.0	0.0
0.0	1.0	0.0	0.0	0.0	9.0
0.0	0.0	0.0	0.0	0.0	8.0
0.0	1.0	0.0	0.0	0.0	1.0
0.0	1.0	0.0	0.0	0.0	0.0
0.0	0.0	0.0	0.0	0.0	1.0
1.0	10.0	0.0	0.0	0.0	0.0
0.0	10.0	0.0	0.0	0.0	0.0
1.0	0.0	0.0	0.0	0.0	0.0
5.0	0.0	0.0	0.0	0.0	0.0
1.0	33.0	4.0	68.0	29.0	30.0
0.0	4.0	4.0	68.0	4.0	16.0
0.0	0.0	4.0	9.0	0.0	13.0
0.0	0.0	4.0	0.0	0.0	12.0
0.0	0.0	4.0	0.0	0.0	0.0
0.0	0.0	0.0	0.0	0.0	12.0
0.0	0.0	0.0	9.0	0.0	1.0
0.0	0.0	0.0	0.0	0.0	1.0
0.0	0.0	0.0	9.0	0.0	0.0
0.0	4.0	0.0	59.0	4.0	3.0
0.0	1.0	0.0	0.0	0.0	3.0
0.0	1.0	0.0	0.0	0.0	0.0
0.0	0.0	0.0	0.0	0.0	3.0
0.0	3.0	0.0	59.0	4.0	0.0
0.0	3.0	0.0	53.0	0.0	0.0
0.0	3.0	0.0	4.0	0.0	0.0
0.0	3.0	0.0	0.0	0.0	0.0
0.0	0.0	0.0	4.0	0.0	0.0
0.0	0.0	0.0	49.0	0.0	0.0
0.0	0.0	0.0	6.0	4.0	0.0
0.0	0.0	0.0	6.0	1.0	0.0
0.0	0.0	0.0	0.0	1.0	0.0
0.0	0.0	0.0	6.0	0.0	0.0
0.0	0.0	0.0	0.0	3.0	0.0
1.0	29.0	0.0	0.0	25.0	14.0
0.0	28.0	0.0	0.0	3.0	3.0
0.0	28.0	0.0	0.0	0.0	3.0
0.0	28.0	0.0	0.0	0.0	2.0
0.0	24.0	0.0	0.0	0.0	0.0
0.0	4.0	0.0	0.0	0.0	2.0
0.0	0.0	0.0	0.0	0.0	2.0
0.0	4.0	0.0	0.0	0.0	0.0
0.0	0.0	0.0	0.0	0.0	1.0
0.0	0.0	0.0	0.0	3.0	0.0
1.0	1.0	0.0	0.0	22.0	11.0
0.0	1.0	0.0	0.0	3.0	11.0
0.0	0.0	0.0	0.0	2.0	0.0
0.0	1.0	0.0	0.0	1.0	11.0
0.0	0.0	0.0	0.0	1.0	11.0
0.0	0.0	0.0	0.0	0.0	11.0
0.0	0.0	0.0	0.0	1.0	0.0
0.0	1.0	0.0	0.0	0.0	0.0
1.0	0.0	0.0	0.0	19.0	0.0
0.0	0.0	0.0	0.0	19.0	0.0
1.0	0.0	0.0	0.0	0.0	0.0
35.0	0.0	0.0	0.0	5.0	0.0
35.0	0.0	0.0	0.0	1.0	0.0
33.0	0.0	0.0	0.0	0.0	0.0
2.0	0.0	0.0	0.0	1.0	0.0
0.0	0.0	0.0	0.0	1.0	0.0
2.0	0.0	0.0	0.0	0.0	0.0
0.0	0.0	0.0	0.0	4.0	0.0
