# Sizes (NFeatures, Nclasses, NodeCount, MaxDepth)
10	6	151	13
# Classes
0.0	1.0	2.0	3.0	4.0	5.0
# Feature Names
Nrows	Ncols	Nnnz	AvgNnnz	Density	MaxRowNnnz	MinRowNnnz	StdRowNnnz	NDiags	NTrueDiags
# Left
1	2	3	4	-1	6	-1	-1	-1	10	11	-1	-1	-1	15	16	17	18	-1	-1	-1	22	23	24	25	-1	-1	-1	-1	-1	31	32	33	34	35	-1	-1	38	-1	40	-1	-1	43	44	45	46	-1	-1	-1	50	-1	52	-1	-1	-1	56	57	58	59	60	-1	-1	-1	64	65	-1	-1	68	-1	-1	71	-1	-1	-1	75	76	77	78	79	-1	81	82	83	-1	85	86	-1	-1	-1	90	-1	-1	93	-1	95	96	97	-1	-1	-1	101	-1	-1	104	-1	106	-1	-1	-1	110	111	-1	113	-1	115	116	117	118	-1	-1	-1	-1	-1	124	125	126	127	-1	-1	130	-1	132	-1	-1	135	-1	137	-1	-1	140	141	142	-1	-1	-1	146	-1	-1	149	-1	-1
# Right
14	9	8	5	-1	7	-1	-1	-1	13	12	-1	-1	-1	30	21	20	19	-1	-1	-1	29	28	27	26	-1	-1	-1	-1	-1	74	55	42	37	36	-1	-1	39	-1	41	-1	-1	54	49	48	47	-1	-1	-1	51	-1	53	-1	-1	-1	73	70	63	62	61	-1	-1	-1	67	66	-1	-1	69	-1	-1	72	-1	-1	-1	148	109	108	103	80	-1	92	89	84	-1	88	87	-1	-1	-1	91	-1	-1	94	-1	100	99	98	-1	-1	-1	102	-1	-1	105	-1	107	-1	-1	-1	123	112	-1	114	-1	122	121	120	119	-1	-1	-1	-1	-1	139	134	129	128	-1	-1	131	-1	133	-1	-1	136	-1	138	-1	-1	145	144	143	-1	-1	-1	147	-1	-1	150	-1	-1
# Threshold
0.5	5180.5	4518.5	25.741600036621094	-2.0	0.03104411019012332	-2.0	-2.0	-2.0	23774.0	3.918215036392212	-2.0	-2.0	-2.0	8.5	0.00796884996816516	4188.0	1.5	-2.0	-2.0	-2.0	5.5	0.03031849954277277	0.020366650074720383	3.0	-2.0	-2.0	-2.0	-2.0	-2.0	59704.0	3245.5	683501.5	12.0	0.6161195039749146	-2.0	-2.0	482396.0	-2.0	41.0	-2.0	-2.0	49.191749572753906	34.6083984375	37.0	43349.0	-2.0	-2.0	-2.0	19652.0	-2.0	39284.5	-2.0	-2.0	-2.0	63.41769790649414	3.5	9737.5	13838.0	130339.0	-2.0	-2.0	-2.0	30003.5	47954.5	-2.0	-2.0	0.0010426009830553085	-2.0	-2.0	8.0	-2.0	-2.0	-2.0	18567.0	13.615049839019775	2956.0	10.5	2.146430015563965	-2.0	1.4451749848376494e-05	17.5	3.0	-2.0	4307650.0	942656.0	-2.0	-2.0	-2.0	6050715.0	-2.0	-2.0	63360.0	-2.0	6.5	0.691783994436264	114502.0	-2.0	-2.0	-2.0	1483265.0	-2.0	-2.0	102683.5	-2.0	9.986895084381104	-2.0	-2.0	-2.0	144.5	1.2659000158309937	-2.0	662.0	-2.0	1154247.5	3477615.0	6.0	26.5	-2.0	-2.0	-2.0	-2.0	-2.0	155353.5	11.0	1866.0	3.5	-2.0	-2.0	8.5	-2.0	34.20555114746094	-2.0	-2.0	20.5	-2.0	0.0007526509871240705	-2.0	-2.0	65309.0	201778.5	24.0	-2.0	-2.0	-2.0	9226.5	-2.0	-2.0	8.83901011548005e-05	-2.0	-2.0
# Feature
9	8	8	7	-2	4	-2	-2	-2	2	7	-2	-2	-2	8	4	2	6	-2	-2	-2	8	4	4	9	-2	-2	-2	-2	-2	1	5	2	8	7	-2	-2	2	-2	8	-2	-2	3	3	5	0	-2	-2	-2	8	-2	1	-2	-2	-2	3	6	5	8	2	-2	-2	-2	1	8	-2	-2	4	-2	-2	6	-2	-2	-2	5	3	5	9	3	-2	4	5	9	-2	1	8	-2	-2	-2	0	-2	-2	0	-2	9	7	1	-2	-2	-2	2	-2	-2	0	-2	3	-2	-2	-2	5	7	-2	8	-2	8	2	9	5	-2	-2	-2	-2	-2	1	6	5	6	-2	-2	6	-2	3	-2	-2	6	-2	4	-2	-2	8	0	9	-2	-2	-2	5	-2	-2	4	-2	-2
# Values
62.0	1079.0	86.0	64.0	39.0	349.0
0.0	13.0	0.0	0.0	0.0	300.0
0.0	12.0	0.0	0.0	0.0	117.0
0.0	4.0	0.0	0.0	0.0	117.0
0.0	0.0	0.0	0.0	0.0	110.0
0.0	4.0	0.0	0.0	0.0	7.0
0.0	4.0	0.0	0.0	0.0	2.0
0.0	0.0	0.0	0.0	0.0	5.0
0.0	8.0	0.0	0.0	0.0	0.0
0.0	1.0	0.0	0.0	0.0	183.0
0.0	1.0	0.0	0.0	0.0	9.0
0.0	1.0	0.0	0.0	0.0	0.0
0.0	0.0	0.0	0.0	0.0	9.0
0.0	0.0	0.0	0.0	0.0	174.0
62.0	1066.0	86.0	64.0	39.0	49.0
0.0	16.0	74.0	0.0	0.0	0.0
0.0	3.0	68.0	0.0	0.0	0.0
0.0	3.0	13.0	0.0	0.0	0.0
0.0	0.0	13.0	0.0	0.0	0.0
0.0	3.0	0.0	0.0	0.0	0.0
0.0	0.0	55.0	0.0	0.0	0.0
0.0	13.0	6.0	0.0	0.0	0.0
0.0	2.0	6.0	0.0	0.0	0.0
0.0	1.0	6.0	0.0	0.0	0.0
0.0	1.0	1.0	0.0	0.0	0.0
0.0	0.0	1.0	0.0	0.0	0.0
0.0	1.0	0.0	0.0	0.0	0.0
0.0	0.0	5.0	0.0	0.0	0.0
0.0	1.0	0.0	0.0	0.0	0.0
0.0	11.0	0.0	0.0	0.0	0.0
62.0	1050.0	12.0	64.0	39.0	49.0
24.0	956.0	8.0	5.0	8.0	14.0
0.0	941.0	8.0	5.0	0.0	14.0
0.0	851.0	8.0	0.0	0.0	0.0
0.0	13.0	6.0	0.0	0.0	0.0
0.0	0.0	6.0	0.0	0.0	0.0
0.0	13.0	0.0	0.0	0.0	0.0
0.0	838.0	2.0	0.0	0.0	0.0
0.0	805.0	0.0	0.0	0.0	0.0
0.0	33.0	2.0	0.0	0.0	0.0
0.0	0.0	2.0	0.0	0.0	0.0
0.0	33.0	0.0	0.0	0.0	0.0
0.0	90.0	0.0	5.0	0.0	14.0
0.0	16.0	0.0	5.0	0.0	14.0
0.0	13.0	0.0	5.0	0.0	1.0
0.0	0.0	0.0	5.0	0.0	1.0
0.0	0.0	0.0	0.0	0.0	1.0
0.0	0.0	0.0	5.0	0.0	0.0
0.0	13.0	0.0	0.0	0.0	0.0
0.0	3.0	0.0	0.0	0.0	13.0
0.0	0.0	0.0	0.0	0.0	12.0
0.0	3.0	0.0	0.0	0.0	1.0
0.0	3.0	0.0	0.0	0.0	0.0
0.0	0.0	0.0	0.0	0.0	1.0
0.0	74.0	0.0	0.0	0.0	0.0
24.0	15.0	0.0	0.0	8.0	0.0
24.0	2.0	0.0	0.0	8.0	0.0
24.0	0.0	0.0	0.0	5.0	0.0
15.0	0.0	0.0	0.0	1.0	0.0
2.0	0.0	0.0	0.0	1.0	0.0
2.0	0.0	0.0	0.0	0.0	0.0
0.0	0.0	0.0	0.0	1.0	0.0
13.0	0.0	0.0	0.0	0.0	0.0
9.0	0.0	0.0	0.0	4.0	0.0
8.0	0.0	0.0	0.0	1.0	0.0
8.0	0.0	0.0	0.0	0.0	0.0
0.0	0.0	0.0	0.0	1.0	0.0
1.0	0.0	0.0	0.0	3.0	0.0
0.0	0.0	0.0	0.0	3.0	0.0
1.0	0.0	0.0	0.0	0.0	0.0
0.0	2.0	0.0	0.0	3.0	0.0
0.0	0.0	0.0	0.0	3.0	0.0
0.0	2.0	0.0	0.0	0.0	0.0
0.0	13.0	0.0	0.0	0.0	0.0
38.0	94.0	4.0	59.0	31.0	35.0
10.0	94.0	4.0	59.0	25.0	35.0
10.0	66.0	4.0	3.0	0.0	10.0
3.0	66.0	4.0	3.0	0.0	10.0
3.0	66.0	0.0	1.0	0.0	9.0
2.0	0.0	0.0	0.0	0.0	0.0
1.0	66.0	0.0	1.0	0.0	9.0
1.0	18.0	0.0	0.0	0.0	7.0
0.0	18.0	0.0	0.0	0.0	1.0
0.0	15.0	0.0	0.0	0.0	0.0
0.0	3.0	0.0	0.0	0.0	1.0
0.0	1.0	0.0	0.0	0.0	1.0
0.0	1.0	0.0	0.0	0.0	0.0
0.0	0.0	0.0	0.0	0.0	1.0
0.0	2.0	0.0	0.0	0.0	0.0
1.0	0.0	0.0	0.0	0.0	6.0
0.0	0.0	0.0	0.0	0.0	6.0
1.0	0.0	0.0	0.0	0.0	0.0
0.0	48.0	0.0	1.0	0.0	2.0
0.0	0.0	0.0	0.0	0.0	1.0
0.0	48.0	0.0	1.0	0.0	1.0
0.0	44.0	0.0	0.0	0.0	1.0
0.0	7.0	0.0	0.0	0.0	1.0
0.0	7.0	0.0	0.0	0.0	0.0
0.0	0.0	0.0	0.0	0.0	1.0
0.0	37.0	0.0	0.0	0.0	0.0
0.0	4.0	0.0	1.0	0.0	0.0
0.0	4.0	0.0	0.0	0.0	0.0
0.0	0.0	0.0	1.0	0.0	0.0
0.0	0.0	4.0	2.0	0.0	1.0
0.0	0.0	4.0	0.0	0.0	0.0
0.0	0.0	0.0	2.0	0.0	1.0
0.0	0.0	0.0	0.0	0.0	1.0
0.0	0.0	0.0	2.0	0.0	0.0
7.0	0.0	0.0	0.0	0.0	0.0
0.0	28.0	0.0	56.0	25.0	25.0
0.0	4.0	0.0	56.0	1.0	10.0
0.0	0.0	0.0	0.0	0.0	8.0
0.0	4.0	0.0	56.0	1.0	2.0
0.0	0.0	0.0	0.0	0.0	2.0
0.0	4.0	0.0	56.0	1.0	0.0
0.0	4.0	0.0	56.0	0.0	0.0
0.0	4.0	0.0	13.0	0.0	0.0
0.0	4.0	0.0	2.0	0.0	0.0
0.0	0.0	0.0	2.0	0.0	0.0
0.0	4.0	0.0	0.0	0.0	0.0
0.0	0.0	0.0	11.0	0.0	0.0
0.0	0.0	0.0	43.0	0.0	0.0
0.0	0.0	0.0	0.0	1.0	0.0
0.0	24.0	0.0	0.0	24.0	15.0
0.0	22.0	0.0	0.0	3.0	11.0
0.0	7.0	0.0	0.0	2.0	11.0
0.0	5.0	0.0	0.0	1.0	0.0
0.0	0.0	0.0	0.0	1.0	0.0
0.0	5.0	0.0	0.0	0.0	0.0
0.0	2.0	0.0	0.0	1.0	11.0
0.0	2.0	0.0	0.0	0.0	0.0
0.0	0.0	0.0	0.0	1.0	11.0
0.0	0.0	0.0	0.0	1.0	6.0
0.0	0.0	0.0	0.0	0.0	5.0
0.0	15.0	0.0	0.0	1.0	0.0
0.0	13.0	0.0	0.0	0.0	0.0
0.0	2.0	0.0	0.0	1.0	0.0
0.0	0.0	0.0	0.0	1.0	0.0
0.0	2.0	0.0	0.0	0.0	0.0
0.0	2.0	0.0	0.0	21.0	4.0
0.0	1.0	0.0	0.0	3.0	4.0
0.0	1.0	0.0	0.0	3.0	0.0
0.0	1.0	0.0	0.0	0.0	0.0
0.0	0.0	0.0	0.0	3.0	0.0
0.0	0.0	0.0	0.0	0.0	4.0
0.0	1.0	0.0	0.0	18.0	0.0
0.0	0.0	0.0	0.0	18.0	0.0
0.0	1.0	0.0	0.0	0.0	0.0
28.0	0.0	0.0	0.0	6.0	0.0
28.0	0.0	0.0	0.0	0.0	0.0
0.0	0.0	0.0	0.0	6.0	0.0
