# Sizes (NFeatures, Nclasses, NodeCount, MaxDepth)
10	6	153	12
# Classes
0.0	1.0	2.0	3.0	4.0	5.0
# Feature Names
Nrows	Ncols	Nnnz	AvgNnnz	Density	MaxRowNnnz	MinRowNnnz	StdRowNnnz	NDiags	NTrueDiags
# Left
1	2	3	4	5	6	7	-1	-1	-1	11	-1	-1	14	-1	16	17	18	-1	-1	-1	-1	-1	-1	25	26	27	28	-1	30	-1	-1	33	-1	35	-1	-1	38	39	40	41	42	-1	44	-1	-1	-1	48	-1	50	-1	-1	53	-1	55	56	-1	-1	59	60	61	-1	63	-1	-1	66	67	-1	-1	-1	71	-1	-1	74	75	76	-1	78	-1	80	-1	82	-1	-1	85	86	87	-1	89	-1	91	-1	-1	94	-1	-1	97	98	-1	-1	101	102	103	-1	105	-1	-1	108	-1	-1	111	-1	-1	114	115	116	-1	-1	-1	120	-1	122	123	-1	-1	126	-1	-1	129	130	-1	132	133	-1	-1	136	137	-1	-1	-1	141	142	143	-1	-1	-1	147	148	-1	-1	151	-1	-1
# Right
24	23	22	13	10	9	8	-1	-1	-1	12	-1	-1	15	-1	21	20	19	-1	-1	-1	-1	-1	-1	128	37	32	29	-1	31	-1	-1	34	-1	36	-1	-1	73	52	47	46	43	-1	45	-1	-1	-1	49	-1	51	-1	-1	54	-1	58	57	-1	-1	70	65	62	-1	64	-1	-1	69	68	-1	-1	-1	72	-1	-1	113	84	77	-1	79	-1	81	-1	83	-1	-1	96	93	88	-1	90	-1	92	-1	-1	95	-1	-1	100	99	-1	-1	110	107	104	-1	106	-1	-1	109	-1	-1	112	-1	-1	119	118	117	-1	-1	-1	121	-1	125	124	-1	-1	127	-1	-1	140	131	-1	135	134	-1	-1	139	138	-1	-1	-1	146	145	144	-1	-1	-1	150	149	-1	-1	152	-1	-1
# Threshold
0.5	8333.5	8261.0	4518.5	25.741600036621094	2251.0	4.719599962234497	-2.0	-2.0	-2.0	0.03104411019012332	-2.0	-2.0	0.0019935149466618896	-2.0	0.0074624051339924335	68.0	194570.5	-2.0	-2.0	-2.0	-2.0	-2.0	-2.0	3183.0	10.0	0.003523894934915006	8.0	-2.0	5.637329936027527	-2.0	-2.0	5.5	-2.0	5124.5	-2.0	-2.0	1644425.0	729896.0	34.0	330712.0	87509.5	-2.0	121254.5	-2.0	-2.0	-2.0	2760.0	-2.0	43252.0	-2.0	-2.0	741407.0	-2.0	0.8099330067634583	102683.5	-2.0	-2.0	53.22344970703125	47.5	22.0	-2.0	63368.0	-2.0	-2.0	107.0	100.0	-2.0	-2.0	-2.0	18479.0	-2.0	-2.0	144.5	9.656909942626953	3.5	-2.0	3.4985599517822266	-2.0	6.0	-2.0	6.875874996185303	-2.0	-2.0	6141.0	33.5487003326416	342.5	-2.0	61074.0	-2.0	2.4332315325737	-2.0	-2.0	40.0	-2.0	-2.0	2460630.0	6.5	-2.0	-2.0	122306000.0	134.5	111.0	-2.0	122.0	-2.0	-2.0	24423300.0	-2.0	-2.0	178362000.0	-2.0	-2.0	137235.0	50.180599212646484	70246.5	-2.0	-2.0	-2.0	6022870.0	-2.0	2459.5	0.0005618545110337436	-2.0	-2.0	45153302.0	-2.0	-2.0	17.28879976272583	8.83901011548005e-05	-2.0	0.00021753599867224693	30.751349449157715	-2.0	-2.0	14398.0	18035.0	-2.0	-2.0	-2.0	12.0	9.0	3929045.0	-2.0	-2.0	-2.0	16983.0	3678.0	-2.0	-2.0	128.0	-2.0	-2.0
# Feature
9	8	8	8	7	2	3	-2	-2	-2	4	-2	-2	4	-2	4	5	2	-2	-2	-2	-2	-2	-2	5	8	4	9	-2	3	-2	-2	8	-2	2	-2	-2	2	2	8	2	2	-2	2	-2	-2	-2	5	-2	8	-2	-2	2	-2	7	0	-2	-2	7	5	5	-2	1	-2	-2	5	5	-2	-2	-2	1	-2	-2	5	3	9	-2	3	-2	9	-2	3	-2	-2	8	3	8	-2	0	-2	7	-2	-2	9	-2	-2	2	6	-2	-2	2	5	5	-2	5	-2	-2	2	-2	-2	2	-2	-2	0	3	0	-2	-2	-2	2	-2	5	4	-2	-2	2	-2	-2	3	4	-2	4	7	-2	-2	8	1	-2	-2	-2	9	6	2	-2	-2	-2	5	5	-2	-2	9	-2	-2
# Values
80.0	1039.0	88.0	72.0	34.0	366.0
0.0	12.0	0.0	0.0	0.0	320.0
0.0	12.0	0.0	0.0	0.0	155.0
0.0	9.0	0.0	0.0	0.0	155.0
0.0	3.0	0.0	0.0	0.0	134.0
0.0	2.0	0.0	0.0	0.0	130.0
0.0	2.0	0.0	0.0	0.0	33.0
0.0	0.0	0.0	0.0	0.0	33.0
0.0	2.0	0.0	0.0	0.0	0.0
0.0	0.0	0.0	0.0	0.0	97.0
0.0	1.0	0.0	0.0	0.0	4.0
0.0	1.0	0.0	0.0	0.0	1.0
0.0	0.0	0.0	0.0	0.0	3.0
0.0	6.0	0.0	0.0	0.0	21.0
0.0	0.0	0.0	0.0	0.0	17.0
0.0	6.0	0.0	0.0	0.0	4.0
0.0	6.0	0.0	0.0	0.0	2.0
0.0	1.0	0.0	0.0	0.0	2.0
0.0	0.0	0.0	0.0	0.0	1.0
0.0	1.0	0.0	0.0	0.0	1.0
0.0	5.0	0.0	0.0	0.0	0.0
0.0	0.0	0.0	0.0	0.0	2.0
0.0	3.0	0.0	0.0	0.0	0.0
0.0	0.0	0.0	0.0	0.0	165.0
80.0	1027.0	88.0	72.0	34.0	46.0
4.0	1007.0	88.0	72.0	19.0	40.0
0.0	25.0	74.0	0.0	0.0	0.0
0.0	1.0	66.0	0.0	0.0	0.0
0.0	0.0	57.0	0.0	0.0	0.0
0.0	1.0	9.0	0.0	0.0	0.0
0.0	1.0	0.0	0.0	0.0	0.0
0.0	0.0	9.0	0.0	0.0	0.0
0.0	24.0	8.0	0.0	0.0	0.0
0.0	0.0	6.0	0.0	0.0	0.0
0.0	24.0	2.0	0.0	0.0	0.0
0.0	24.0	0.0	0.0	0.0	0.0
0.0	0.0	2.0	0.0	0.0	0.0
4.0	982.0	14.0	72.0	19.0	40.0
2.0	902.0	7.0	1.0	0.0	12.0
2.0	850.0	6.0	0.0	0.0	0.0
0.0	44.0	6.0	0.0	0.0	0.0
0.0	44.0	1.0	0.0	0.0	0.0
0.0	42.0	0.0	0.0	0.0	0.0
0.0	2.0	1.0	0.0	0.0	0.0
0.0	0.0	1.0	0.0	0.0	0.0
0.0	2.0	0.0	0.0	0.0	0.0
0.0	0.0	5.0	0.0	0.0	0.0
2.0	806.0	0.0	0.0	0.0	0.0
0.0	797.0	0.0	0.0	0.0	0.0
2.0	9.0	0.0	0.0	0.0	0.0
0.0	9.0	0.0	0.0	0.0	0.0
2.0	0.0	0.0	0.0	0.0	0.0
0.0	52.0	1.0	1.0	0.0	12.0
0.0	0.0	0.0	0.0	0.0	4.0
0.0	52.0	1.0	1.0	0.0	8.0
0.0	0.0	1.0	0.0	0.0	3.0
0.0	0.0	1.0	0.0	0.0	0.0
0.0	0.0	0.0	0.0	0.0	3.0
0.0	52.0	0.0	1.0	0.0	5.0
0.0	51.0	0.0	1.0	0.0	2.0
0.0	6.0	0.0	1.0	0.0	1.0
0.0	6.0	0.0	0.0	0.0	0.0
0.0	0.0	0.0	1.0	0.0	1.0
0.0	0.0	0.0	1.0	0.0	0.0
0.0	0.0	0.0	0.0	0.0	1.0
0.0	45.0	0.0	0.0	0.0	1.0
0.0	12.0	0.0	0.0	0.0	1.0
0.0	12.0	0.0	0.0	0.0	0.0
0.0	0.0	0.0	0.0	0.0	1.0
0.0	33.0	0.0	0.0	0.0	0.0
0.0	1.0	0.0	0.0	0.0	3.0
0.0	1.0	0.0	0.0	0.0	0.0
0.0	0.0	0.0	0.0	0.0	3.0
2.0	80.0	7.0	71.0	19.0	28.0
0.0	32.0	7.0	71.0	3.0	25.0
0.0	26.0	1.0	0.0	0.0	11.0
0.0	23.0	0.0	0.0	0.0	0.0
0.0	3.0	1.0	0.0	0.0	11.0
0.0	2.0	0.0	0.0	0.0	0.0
0.0	1.0	1.0	0.0	0.0	11.0
0.0	0.0	0.0	0.0	0.0	11.0
0.0	1.0	1.0	0.0	0.0	0.0
0.0	0.0	1.0	0.0	0.0	0.0
0.0	1.0	0.0	0.0	0.0	0.0
0.0	6.0	6.0	71.0	3.0	14.0
0.0	2.0	6.0	8.0	0.0	14.0
0.0	2.0	6.0	7.0	0.0	1.0
0.0	0.0	6.0	0.0	0.0	0.0
0.0	2.0	0.0	7.0	0.0	1.0
0.0	2.0	0.0	0.0	0.0	0.0
0.0	0.0	0.0	7.0	0.0	1.0
0.0	0.0	0.0	0.0	0.0	1.0
0.0	0.0	0.0	7.0	0.0	0.0
0.0	0.0	0.0	1.0	0.0	13.0
0.0	0.0	0.0	1.0	0.0	0.0
0.0	0.0	0.0	0.0	0.0	13.0
0.0	4.0	0.0	63.0	3.0	0.0
0.0	3.0	0.0	3.0	0.0	0.0
0.0	3.0	0.0	0.0	0.0	0.0
0.0	0.0	0.0	3.0	0.0	0.0
0.0	1.0	0.0	60.0	3.0	0.0
0.0	1.0	0.0	57.0	1.0	0.0
0.0	1.0	0.0	56.0	0.0	0.0
0.0	0.0	0.0	53.0	0.0	0.0
0.0	1.0	0.0	3.0	0.0	0.0
0.0	1.0	0.0	0.0	0.0	0.0
0.0	0.0	0.0	3.0	0.0	0.0
0.0	0.0	0.0	1.0	1.0	0.0
0.0	0.0	0.0	1.0	0.0	0.0
0.0	0.0	0.0	0.0	1.0	0.0
0.0	0.0	0.0	3.0	2.0	0.0
0.0	0.0	0.0	0.0	2.0	0.0
0.0	0.0	0.0	3.0	0.0	0.0
2.0	48.0	0.0	0.0	16.0	3.0
0.0	42.0	0.0	0.0	0.0	3.0
0.0	1.0	0.0	0.0	0.0	3.0
0.0	0.0	0.0	0.0	0.0	3.0
0.0	1.0	0.0	0.0	0.0	0.0
0.0	41.0	0.0	0.0	0.0	0.0
2.0	6.0	0.0	0.0	16.0	0.0
0.0	4.0	0.0	0.0	0.0	0.0
2.0	2.0	0.0	0.0	16.0	0.0
0.0	1.0	0.0	0.0	16.0	0.0
0.0	0.0	0.0	0.0	16.0	0.0
0.0	1.0	0.0	0.0	0.0	0.0
2.0	1.0	0.0	0.0	0.0	0.0
0.0	1.0	0.0	0.0	0.0	0.0
2.0	0.0	0.0	0.0	0.0	0.0
76.0	20.0	0.0	0.0	15.0	6.0
76.0	0.0	0.0	0.0	5.0	0.0
46.0	0.0	0.0	0.0	0.0	0.0
30.0	0.0	0.0	0.0	5.0	0.0
6.0	0.0	0.0	0.0	4.0	0.0
6.0	0.0	0.0	0.0	0.0	0.0
0.0	0.0	0.0	0.0	4.0	0.0
24.0	0.0	0.0	0.0	1.0	0.0
7.0	0.0	0.0	0.0	1.0	0.0
7.0	0.0	0.0	0.0	0.0	0.0
0.0	0.0	0.0	0.0	1.0	0.0
17.0	0.0	0.0	0.0	0.0	0.0
0.0	20.0	0.0	0.0	10.0	6.0
0.0	2.0	0.0	0.0	5.0	6.0
0.0	2.0	0.0	0.0	5.0	0.0
0.0	2.0	0.0	0.0	0.0	0.0
0.0	0.0	0.0	0.0	5.0	0.0
0.0	0.0	0.0	0.0	0.0	6.0
0.0	18.0	0.0	0.0	5.0	0.0
0.0	16.0	0.0	0.0	1.0	0.0
0.0	0.0	0.0	0.0	1.0	0.0
0.0	16.0	0.0	0.0	0.0	0.0
0.0	2.0	0.0	0.0	4.0	0.0
0.0	0.0	0.0	0.0	4.0	0.0
0.0	2.0	0.0	0.0	0.0	0.0
