# Sizes (NFeatures, Nclasses, NodeCount, MaxDepth)
10	6	159	11
# Classes
0.0	1.0	2.0	3.0	4.0	5.0
# Feature Names
Nrows	Ncols	Nnnz	AvgNnnz	Density	MaxRowNnnz	MinRowNnnz	StdRowNnnz	NDiags	NTrueDiags
# Left
1	2	3	-1	5	6	-1	-1	9	-1	11	-1	13	-1	-1	-1	17	18	19	20	21	22	-1	-1	-1	26	-1	28	-1	-1	31	32	33	-1	35	-1	-1	38	-1	40	-1	42	-1	-1	45	46	47	-1	49	50	-1	52	-1	-1	-1	56	57	-1	-1	60	-1	62	-1	64	-1	-1	67	68	69	70	-1	-1	-1	74	-1	-1	-1	78	79	80	81	-1	83	-1	-1	86	87	-1	-1	90	-1	-1	93	94	-1	-1	97	-1	99	-1	-1	102	103	104	-1	-1	107	-1	-1	110	-1	-1	113	114	115	116	117	-1	119	120	-1	122	-1	-1	-1	-1	-1	128	129	130	-1	-1	-1	134	-1	-1	137	138	139	140	-1	-1	143	144	-1	146	-1	-1	-1	150	151	-1	-1	-1	155	-1	157	-1	-1
# Right
16	15	4	-1	8	7	-1	-1	10	-1	12	-1	14	-1	-1	-1	112	77	30	25	24	23	-1	-1	-1	27	-1	29	-1	-1	44	37	34	-1	36	-1	-1	39	-1	41	-1	43	-1	-1	66	55	48	-1	54	51	-1	53	-1	-1	-1	59	58	-1	-1	61	-1	63	-1	65	-1	-1	76	73	72	71	-1	-1	-1	75	-1	-1	-1	101	92	85	82	-1	84	-1	-1	89	88	-1	-1	91	-1	-1	96	95	-1	-1	98	-1	100	-1	-1	109	106	105	-1	-1	108	-1	-1	111	-1	-1	136	127	126	125	118	-1	124	121	-1	123	-1	-1	-1	-1	-1	133	132	131	-1	-1	-1	135	-1	-1	154	149	142	141	-1	-1	148	145	-1	147	-1	-1	-1	153	152	-1	-1	-1	156	-1	158	-1	-1
# Threshold
0.5	8351.5	3169.5	-2.0	0.0019935149466618896	8261.0	-2.0	-2.0	1934.5	-2.0	5719.0	-2.0	26.27970027923584	-2.0	-2.0	-2.0	3176.5	3438345.0	10.0	808.5	2.5	34.0	-2.0	-2.0	-2.0	0.782210499048233	-2.0	3.996999979019165	-2.0	-2.0	890552.5	554178.0	2827.0	-2.0	43252.0	-2.0	-2.0	556530.0	-2.0	24.0	-2.0	41.5	-2.0	-2.0	105.0	5.0	35022.5	-2.0	570884.5	9.470200166106224e-05	-2.0	0.00011127300240332261	-2.0	-2.0	-2.0	1157335.0	21756.5	-2.0	-2.0	0.7225234806537628	-2.0	46.0	-2.0	62.5	-2.0	-2.0	16165.0	10985.0	11.782769680023193	54444.5	-2.0	-2.0	-2.0	9.0	-2.0	-2.0	-2.0	106.0	9.071755170822144	3.5	21.0	-2.0	62.0	-2.0	-2.0	6.0	7149155.0	-2.0	-2.0	8.5	-2.0	-2.0	3681.0	40.0	-2.0	-2.0	122306000.0	-2.0	3.447260022163391	-2.0	-2.0	254232.5	64.25430107116699	28.192399978637695	-2.0	-2.0	25.615449905395508	-2.0	-2.0	7677725.0	-2.0	-2.0	17.604750156402588	33799.5	47954.5	3.5	60.89690017700195	-2.0	12.238000392913818	12.179200172424316	-2.0	12.191300392150879	-2.0	-2.0	-2.0	-2.0	-2.0	4.5	525782.0	0.00017787049728212878	-2.0	-2.0	-2.0	89678.0	-2.0	-2.0	120743.5	14863.0	26.6695499420166	108253.0	-2.0	-2.0	115891.5	13983.0	-2.0	22499.5	-2.0	-2.0	-2.0	53630.5	0.0010426009830553085	-2.0	-2.0	-2.0	10413.0	-2.0	12028.0	-2.0	-2.0
# Feature
9	8	1	-2	4	8	-2	-2	8	-2	0	-2	7	-2	-2	-2	5	2	8	0	9	0	-2	-2	-2	7	-2	3	-2	-2	2	2	5	-2	8	-2	-2	2	-2	9	-2	9	-2	-2	5	9	8	-2	8	4	-2	4	-2	-2	-2	2	1	-2	-2	7	-2	9	-2	5	-2	-2	8	8	7	0	-2	-2	-2	9	-2	-2	-2	5	3	9	5	-2	5	-2	-2	9	8	-2	-2	5	-2	-2	8	9	-2	-2	2	-2	7	-2	-2	1	3	7	-2	-2	7	-2	-2	8	-2	-2	3	0	8	6	7	-2	3	3	-2	3	-2	-2	-2	-2	-2	9	2	4	-2	-2	-2	0	-2	-2	1	5	7	1	-2	-2	1	5	-2	1	-2	-2	-2	0	4	-2	-2	-2	5	-2	5	-2	-2
# Values
78.0	1048.0	70.0	66.0	50.0	367.0
0.0	8.0	0.0	0.0	0.0	320.0
0.0	8.0	0.0	0.0	0.0	149.0
0.0	0.0	0.0	0.0	0.0	118.0
0.0	8.0	0.0	0.0	0.0	31.0
0.0	1.0	0.0	0.0	0.0	28.0
0.0	0.0	0.0	0.0	0.0	28.0
0.0	1.0	0.0	0.0	0.0	0.0
0.0	7.0	0.0	0.0	0.0	3.0
0.0	0.0	0.0	0.0	0.0	2.0
0.0	7.0	0.0	0.0	0.0	1.0
0.0	5.0	0.0	0.0	0.0	0.0
0.0	2.0	0.0	0.0	0.0	1.0
0.0	0.0	0.0	0.0	0.0	1.0
0.0	2.0	0.0	0.0	0.0	0.0
0.0	0.0	0.0	0.0	0.0	171.0
78.0	1040.0	70.0	66.0	50.0	47.0
4.0	1013.0	70.0	66.0	26.0	43.0
2.0	984.0	68.0	20.0	0.0	18.0
1.0	23.0	62.0	0.0	0.0	0.0
1.0	17.0	7.0	0.0	0.0	0.0
1.0	0.0	7.0	0.0	0.0	0.0
1.0	0.0	0.0	0.0	0.0	0.0
0.0	0.0	7.0	0.0	0.0	0.0
0.0	17.0	0.0	0.0	0.0	0.0
0.0	6.0	55.0	0.0	0.0	0.0
0.0	0.0	50.0	0.0	0.0	0.0
0.0	6.0	5.0	0.0	0.0	0.0
0.0	6.0	0.0	0.0	0.0	0.0
0.0	0.0	5.0	0.0	0.0	0.0
1.0	961.0	6.0	20.0	0.0	18.0
1.0	863.0	4.0	0.0	0.0	2.0
1.0	824.0	0.0	0.0	0.0	0.0
0.0	822.0	0.0	0.0	0.0	0.0
1.0	2.0	0.0	0.0	0.0	0.0
0.0	2.0	0.0	0.0	0.0	0.0
1.0	0.0	0.0	0.0	0.0	0.0
0.0	39.0	4.0	0.0	0.0	2.0
0.0	0.0	4.0	0.0	0.0	0.0
0.0	39.0	0.0	0.0	0.0	2.0
0.0	32.0	0.0	0.0	0.0	0.0
0.0	7.0	0.0	0.0	0.0	2.0
0.0	0.0	0.0	0.0	0.0	2.0
0.0	7.0	0.0	0.0	0.0	0.0
0.0	98.0	2.0	20.0	0.0	16.0
0.0	27.0	2.0	20.0	0.0	10.0
0.0	23.0	0.0	1.0	0.0	3.0
0.0	0.0	0.0	0.0	0.0	2.0
0.0	23.0	0.0	1.0	0.0	1.0
0.0	23.0	0.0	1.0	0.0	0.0
0.0	19.0	0.0	0.0	0.0	0.0
0.0	4.0	0.0	1.0	0.0	0.0
0.0	0.0	0.0	1.0	0.0	0.0
0.0	4.0	0.0	0.0	0.0	0.0
0.0	0.0	0.0	0.0	0.0	1.0
0.0	4.0	2.0	19.0	0.0	7.0
0.0	3.0	0.0	0.0	0.0	6.0
0.0	3.0	0.0	0.0	0.0	0.0
0.0	0.0	0.0	0.0	0.0	6.0
0.0	1.0	2.0	19.0	0.0	1.0
0.0	0.0	2.0	0.0	0.0	0.0
0.0	1.0	0.0	19.0	0.0	1.0
0.0	0.0	0.0	19.0	0.0	0.0
0.0	1.0	0.0	0.0	0.0	1.0
0.0	1.0	0.0	0.0	0.0	0.0
0.0	0.0	0.0	0.0	0.0	1.0
0.0	71.0	0.0	0.0	0.0	6.0
0.0	23.0	0.0	0.0	0.0	6.0
0.0	22.0	0.0	0.0	0.0	1.0
0.0	1.0	0.0	0.0	0.0	1.0
0.0	1.0	0.0	0.0	0.0	0.0
0.0	0.0	0.0	0.0	0.0	1.0
0.0	21.0	0.0	0.0	0.0	0.0
0.0	1.0	0.0	0.0	0.0	5.0
0.0	1.0	0.0	0.0	0.0	0.0
0.0	0.0	0.0	0.0	0.0	5.0
0.0	48.0	0.0	0.0	0.0	0.0
2.0	29.0	2.0	46.0	26.0	25.0
1.0	16.0	2.0	42.0	1.0	21.0
1.0	16.0	2.0	0.0	0.0	12.0
0.0	15.0	0.0	0.0	0.0	2.0
0.0	14.0	0.0	0.0	0.0	0.0
0.0	1.0	0.0	0.0	0.0	2.0
0.0	0.0	0.0	0.0	0.0	2.0
0.0	1.0	0.0	0.0	0.0	0.0
1.0	1.0	2.0	0.0	0.0	10.0
1.0	0.0	0.0	0.0	0.0	10.0
0.0	0.0	0.0	0.0	0.0	10.0
1.0	0.0	0.0	0.0	0.0	0.0
0.0	1.0	2.0	0.0	0.0	0.0
0.0	0.0	2.0	0.0	0.0	0.0
0.0	1.0	0.0	0.0	0.0	0.0
0.0	0.0	0.0	42.0	1.0	9.0
0.0	0.0	0.0	3.0	0.0	9.0
0.0	0.0	0.0	3.0	0.0	0.0
0.0	0.0	0.0	0.0	0.0	9.0
0.0	0.0	0.0	39.0	1.0	0.0
0.0	0.0	0.0	37.0	0.0	0.0
0.0	0.0	0.0	2.0	1.0	0.0
0.0	0.0	0.0	2.0	0.0	0.0
0.0	0.0	0.0	0.0	1.0	0.0
1.0	13.0	0.0	4.0	25.0	4.0
0.0	13.0	0.0	4.0	1.0	4.0
0.0	0.0	0.0	4.0	0.0	4.0
0.0	0.0	0.0	4.0	0.0	0.0
0.0	0.0	0.0	0.0	0.0	4.0
0.0	13.0	0.0	0.0	1.0	0.0
0.0	0.0	0.0	0.0	1.0	0.0
0.0	13.0	0.0	0.0	0.0	0.0
1.0	0.0	0.0	0.0	24.0	0.0
0.0	0.0	0.0	0.0	24.0	0.0
1.0	0.0	0.0	0.0	0.0	0.0
74.0	27.0	0.0	0.0	24.0	4.0
69.0	0.0	0.0	0.0	8.0	0.0
22.0	0.0	0.0	0.0	6.0	0.0
22.0	0.0	0.0	0.0	4.0	0.0
22.0	0.0	0.0	0.0	3.0	0.0
0.0	0.0	0.0	0.0	1.0	0.0
22.0	0.0	0.0	0.0	2.0	0.0
22.0	0.0	0.0	0.0	1.0	0.0
20.0	0.0	0.0	0.0	0.0	0.0
2.0	0.0	0.0	0.0	1.0	0.0
0.0	0.0	0.0	0.0	1.0	0.0
2.0	0.0	0.0	0.0	0.0	0.0
0.0	0.0	0.0	0.0	1.0	0.0
0.0	0.0	0.0	0.0	1.0	0.0
0.0	0.0	0.0	0.0	2.0	0.0
47.0	0.0	0.0	0.0	2.0	0.0
44.0	0.0	0.0	0.0	1.0	0.0
7.0	0.0	0.0	0.0	1.0	0.0
7.0	0.0	0.0	0.0	0.0	0.0
0.0	0.0	0.0	0.0	1.0	0.0
37.0	0.0	0.0	0.0	0.0	0.0
3.0	0.0	0.0	0.0	1.0	0.0
3.0	0.0	0.0	0.0	0.0	0.0
0.0	0.0	0.0	0.0	1.0	0.0
5.0	27.0	0.0	0.0	16.0	4.0
4.0	26.0	0.0	0.0	5.0	4.0
1.0	26.0	0.0	0.0	0.0	4.0
0.0	2.0	0.0	0.0	0.0	3.0
0.0	2.0	0.0	0.0	0.0	0.0
0.0	0.0	0.0	0.0	0.0	3.0
1.0	24.0	0.0	0.0	0.0	1.0
1.0	24.0	0.0	0.0	0.0	0.0
0.0	23.0	0.0	0.0	0.0	0.0
1.0	1.0	0.0	0.0	0.0	0.0
0.0	1.0	0.0	0.0	0.0	0.0
1.0	0.0	0.0	0.0	0.0	0.0
0.0	0.0	0.0	0.0	0.0	1.0
3.0	0.0	0.0	0.0	5.0	0.0
3.0	0.0	0.0	0.0	1.0	0.0
0.0	0.0	0.0	0.0	1.0	0.0
3.0	0.0	0.0	0.0	0.0	0.0
0.0	0.0	0.0	0.0	4.0	0.0
1.0	1.0	0.0	0.0	11.0	0.0
0.0	0.0	0.0	0.0	11.0	0.0
1.0	1.0	0.0	0.0	0.0	0.0
0.0	1.0	0.0	0.0	0.0	0.0
1.0	0.0	0.0	0.0	0.0	0.0
