# Sizes (NFeatures, Nclasses, NodeCount, MaxDepth)
10	6	145	12
# Classes
0.0	1.0	2.0	3.0	4.0	5.0
# Feature Names
Nrows	Ncols	Nnnz	AvgNnnz	Density	MaxRowNnnz	MinRowNnnz	StdRowNnnz	NDiags	NTrueDiags
# Left
1	2	3	4	-1	-1	-1	8	9	10	11	12	-1	-1	-1	-1	-1	-1	19	20	21	22	23	24	-1	-1	27	-1	-1	30	-1	-1	33	34	35	-1	37	-1	-1	-1	41	42	-1	-1	45	46	47	48	49	-1	-1	52	-1	54	-1	-1	-1	58	-1	-1	-1	62	63	-1	65	66	67	-1	-1	-1	71	72	-1	-1	75	76	-1	-1	79	-1	-1	82	83	84	85	-1	-1	-1	89	-1	91	92	-1	-1	95	-1	97	-1	99	-1	-1	102	103	104	-1	-1	-1	108	-1	-1	111	112	-1	114	-1	116	117	-1	119	-1	-1	122	123	124	-1	126	-1	-1	-1	-1	131	132	-1	-1	135	136	137	-1	-1	140	-1	-1	143	-1	-1
# Right
18	7	6	5	-1	-1	-1	17	16	15	14	13	-1	-1	-1	-1	-1	-1	110	61	32	29	26	25	-1	-1	28	-1	-1	31	-1	-1	40	39	36	-1	38	-1	-1	-1	44	43	-1	-1	60	57	56	51	50	-1	-1	53	-1	55	-1	-1	-1	59	-1	-1	-1	81	64	-1	70	69	68	-1	-1	-1	74	73	-1	-1	78	77	-1	-1	80	-1	-1	101	88	87	86	-1	-1	-1	90	-1	94	93	-1	-1	96	-1	98	-1	100	-1	-1	107	106	105	-1	-1	-1	109	-1	-1	130	113	-1	115	-1	121	118	-1	120	-1	-1	129	128	125	-1	127	-1	-1	-1	-1	134	133	-1	-1	142	139	138	-1	-1	141	-1	-1	144	-1	-1
# Threshold
0.5	11.41700029373169	14.5	3.054015040397644	-2.0	-2.0	-2.0	94.0	17375.5	0.005384190008044243	68.0	9004.5	-2.0	-2.0	-2.0	-2.0	-2.0	-2.0	3092.0	58987.5	10.0	0.010834634769707918	7.5	1.7558749914169312	-2.0	-2.0	17762.5	-2.0	-2.0	5.5	-2.0	-2.0	479364.0	12.0	5120.0	-2.0	6.5	-2.0	-2.0	-2.0	82.0	49.0	-2.0	-2.0	48.12660026550293	44.47209930419922	51.37695121765137	37.0	16.742250442504883	-2.0	-2.0	11.5	-2.0	15.0	-2.0	-2.0	-2.0	18.0	-2.0	-2.0	-2.0	8.582554817199707	345.0	-2.0	7404975.0	7045.5	3805.5	-2.0	-2.0	-2.0	3.49862003326416	0.4685564935207367	-2.0	-2.0	3.0	0.7738385200500488	-2.0	-2.0	335533.0	-2.0	-2.0	144.5	907.5	16.5	3.0	-2.0	-2.0	-2.0	1056730.0	-2.0	6.0	7.04928497725632e-05	-2.0	-2.0	0.8267360031604767	-2.0	49597400.0	-2.0	3.621603012084961	-2.0	-2.0	254232.5	201778.5	0.00014302650379249826	-2.0	-2.0	-2.0	22.536849975585938	-2.0	-2.0	15.11745023727417	6.981450080871582	-2.0	11781.5	-2.0	47954.5	0.0007159319939091802	-2.0	70.83564758300781	-2.0	-2.0	1082696.5	16120.5	4256.5	-2.0	12.024019718170166	-2.0	-2.0	-2.0	-2.0	108253.0	34642.0	-2.0	-2.0	154301.0	7734.0	6403.5	-2.0	-2.0	3288155.0	-2.0	-2.0	80.46095085144043	-2.0	-2.0
# Feature
9	7	5	7	-2	-2	-2	5	1	4	5	1	-2	-2	-2	-2	-2	-2	5	0	8	4	8	7	-2	-2	2	-2	-2	8	-2	-2	2	8	1	-2	5	-2	-2	-2	8	8	-2	-2	3	3	7	5	3	-2	-2	6	-2	6	-2	-2	-2	9	-2	-2	-2	3	8	-2	2	8	8	-2	-2	-2	3	7	-2	-2	9	7	-2	-2	8	-2	-2	5	8	9	6	-2	-2	-2	2	-2	9	4	-2	-2	7	-2	2	-2	7	-2	-2	1	0	4	-2	-2	-2	3	-2	-2	3	3	-2	0	-2	8	4	-2	7	-2	-2	2	5	5	-2	3	-2	-2	-2	-2	1	5	-2	-2	1	5	5	-2	-2	2	-2	-2	3	-2	-2
# Values
76.0	1116.0	60.0	51.0	44.0	332.0
0.0	16.0	0.0	0.0	0.0	282.0
0.0	2.0	0.0	0.0	0.0	198.0
0.0	2.0	0.0	0.0	0.0	44.0
0.0	0.0	0.0	0.0	0.0	44.0
0.0	2.0	0.0	0.0	0.0	0.0
0.0	0.0	0.0	0.0	0.0	154.0
0.0	14.0	0.0	0.0	0.0	84.0
0.0	14.0	0.0	0.0	0.0	9.0
0.0	14.0	0.0	0.0	0.0	5.0
0.0	14.0	0.0	0.0	0.0	2.0
0.0	4.0	0.0	0.0	0.0	2.0
0.0	3.0	0.0	0.0	0.0	1.0
0.0	1.0	0.0	0.0	0.0	1.0
0.0	10.0	0.0	0.0	0.0	0.0
0.0	0.0	0.0	0.0	0.0	3.0
0.0	0.0	0.0	0.0	0.0	4.0
0.0	0.0	0.0	0.0	0.0	75.0
76.0	1100.0	60.0	51.0	44.0	50.0
3.0	1075.0	60.0	51.0	18.0	42.0
0.0	979.0	51.0	1.0	0.0	9.0
0.0	20.0	43.0	0.0	0.0	0.0
0.0	8.0	40.0	0.0	0.0	0.0
0.0	2.0	35.0	0.0	0.0	0.0
0.0	0.0	35.0	0.0	0.0	0.0
0.0	2.0	0.0	0.0	0.0	0.0
0.0	6.0	5.0	0.0	0.0	0.0
0.0	6.0	0.0	0.0	0.0	0.0
0.0	0.0	5.0	0.0	0.0	0.0
0.0	12.0	3.0	0.0	0.0	0.0
0.0	0.0	3.0	0.0	0.0	0.0
0.0	12.0	0.0	0.0	0.0	0.0
0.0	959.0	8.0	1.0	0.0	9.0
0.0	846.0	1.0	0.0	0.0	0.0
0.0	10.0	1.0	0.0	0.0	0.0
0.0	9.0	0.0	0.0	0.0	0.0
0.0	1.0	1.0	0.0	0.0	0.0
0.0	1.0	0.0	0.0	0.0	0.0
0.0	0.0	1.0	0.0	0.0	0.0
0.0	836.0	0.0	0.0	0.0	0.0
0.0	113.0	7.0	1.0	0.0	9.0
0.0	0.0	7.0	1.0	0.0	0.0
0.0	0.0	7.0	0.0	0.0	0.0
0.0	0.0	0.0	1.0	0.0	0.0
0.0	113.0	0.0	0.0	0.0	9.0
0.0	33.0	0.0	0.0	0.0	9.0
0.0	31.0	0.0	0.0	0.0	4.0
0.0	31.0	0.0	0.0	0.0	3.0
0.0	3.0	0.0	0.0	0.0	2.0
0.0	3.0	0.0	0.0	0.0	0.0
0.0	0.0	0.0	0.0	0.0	2.0
0.0	28.0	0.0	0.0	0.0	1.0
0.0	26.0	0.0	0.0	0.0	0.0
0.0	2.0	0.0	0.0	0.0	1.0
0.0	0.0	0.0	0.0	0.0	1.0
0.0	2.0	0.0	0.0	0.0	0.0
0.0	0.0	0.0	0.0	0.0	1.0
0.0	2.0	0.0	0.0	0.0	5.0
0.0	2.0	0.0	0.0	0.0	0.0
0.0	0.0	0.0	0.0	0.0	5.0
0.0	80.0	0.0	0.0	0.0	0.0
3.0	96.0	9.0	50.0	18.0	33.0
1.0	72.0	7.0	0.0	0.0	13.0
0.0	0.0	7.0	0.0	0.0	0.0
1.0	72.0	0.0	0.0	0.0	13.0
0.0	50.0	0.0	0.0	0.0	2.0
0.0	6.0	0.0	0.0	0.0	2.0
0.0	6.0	0.0	0.0	0.0	0.0
0.0	0.0	0.0	0.0	0.0	2.0
0.0	44.0	0.0	0.0	0.0	0.0
1.0	22.0	0.0	0.0	0.0	11.0
1.0	18.0	0.0	0.0	0.0	0.0
0.0	18.0	0.0	0.0	0.0	0.0
1.0	0.0	0.0	0.0	0.0	0.0
0.0	4.0	0.0	0.0	0.0	11.0
0.0	3.0	0.0	0.0	0.0	1.0
0.0	0.0	0.0	0.0	0.0	1.0
0.0	3.0	0.0	0.0	0.0	0.0
0.0	1.0	0.0	0.0	0.0	10.0
0.0	1.0	0.0	0.0	0.0	0.0
0.0	0.0	0.0	0.0	0.0	10.0
2.0	24.0	2.0	50.0	18.0	20.0
0.0	8.0	2.0	50.0	0.0	16.0
0.0	0.0	2.0	2.0	0.0	10.0
0.0	0.0	2.0	2.0	0.0	0.0
0.0	0.0	0.0	2.0	0.0	0.0
0.0	0.0	2.0	0.0	0.0	0.0
0.0	0.0	0.0	0.0	0.0	10.0
0.0	8.0	0.0	48.0	0.0	6.0
0.0	0.0	0.0	0.0	0.0	4.0
0.0	8.0	0.0	48.0	0.0	2.0
0.0	8.0	0.0	9.0	0.0	0.0
0.0	0.0	0.0	9.0	0.0	0.0
0.0	8.0	0.0	0.0	0.0	0.0
0.0	0.0	0.0	39.0	0.0	2.0
0.0	0.0	0.0	0.0	0.0	1.0
0.0	0.0	0.0	39.0	0.0	1.0
0.0	0.0	0.0	37.0	0.0	0.0
0.0	0.0	0.0	2.0	0.0	1.0
0.0	0.0	0.0	0.0	0.0	1.0
0.0	0.0	0.0	2.0	0.0	0.0
2.0	16.0	0.0	0.0	18.0	4.0
1.0	16.0	0.0	0.0	0.0	4.0
1.0	16.0	0.0	0.0	0.0	0.0
1.0	0.0	0.0	0.0	0.0	0.0
0.0	16.0	0.0	0.0	0.0	0.0
0.0	0.0	0.0	0.0	0.0	4.0
1.0	0.0	0.0	0.0	18.0	0.0
1.0	0.0	0.0	0.0	0.0	0.0
0.0	0.0	0.0	0.0	18.0	0.0
73.0	25.0	0.0	0.0	26.0	8.0
73.0	0.0	0.0	0.0	5.0	0.0
37.0	0.0	0.0	0.0	0.0	0.0
36.0	0.0	0.0	0.0	5.0	0.0
0.0	0.0	0.0	0.0	1.0	0.0
36.0	0.0	0.0	0.0	4.0	0.0
24.0	0.0	0.0	0.0	1.0	0.0
20.0	0.0	0.0	0.0	0.0	0.0
4.0	0.0	0.0	0.0	1.0	0.0
4.0	0.0	0.0	0.0	0.0	0.0
0.0	0.0	0.0	0.0	1.0	0.0
12.0	0.0	0.0	0.0	3.0	0.0
2.0	0.0	0.0	0.0	3.0	0.0
2.0	0.0	0.0	0.0	1.0	0.0
1.0	0.0	0.0	0.0	0.0	0.0
1.0	0.0	0.0	0.0	1.0	0.0
0.0	0.0	0.0	0.0	1.0	0.0
1.0	0.0	0.0	0.0	0.0	0.0
0.0	0.0	0.0	0.0	2.0	0.0
10.0	0.0	0.0	0.0	0.0	0.0
0.0	25.0	0.0	0.0	21.0	8.0
0.0	21.0	0.0	0.0	3.0	0.0
0.0	21.0	0.0	0.0	0.0	0.0
0.0	0.0	0.0	0.0	3.0	0.0
0.0	4.0	0.0	0.0	18.0	8.0
0.0	2.0	0.0	0.0	2.0	8.0
0.0	0.0	0.0	0.0	1.0	8.0
0.0	0.0	0.0	0.0	0.0	6.0
0.0	0.0	0.0	0.0	1.0	2.0
0.0	2.0	0.0	0.0	1.0	0.0
0.0	0.0	0.0	0.0	1.0	0.0
0.0	2.0	0.0	0.0	0.0	0.0
0.0	2.0	0.0	0.0	16.0	0.0
0.0	0.0	0.0	0.0	16.0	0.0
0.0	2.0	0.0	0.0	0.0	0.0
