# Sizes (NFeatures, Nclasses, NodeCount, MaxDepth)
10	6	173	12
# Classes
0.0	1.0	2.0	3.0	4.0	5.0
# Feature Names
Nrows	Ncols	Nnnz	AvgNnnz	Density	MaxRowNnnz	MinRowNnnz	StdRowNnnz	NDiags	NTrueDiags
# Left
1	2	3	-1	5	-1	7	8	-1	10	-1	12	-1	14	-1	-1	17	-1	-1	20	21	22	23	-1	-1	-1	-1	-1	29	30	31	32	33	34	-1	-1	-1	38	-1	40	-1	-1	43	44	45	-1	-1	-1	-1	50	51	52	-1	54	-1	-1	57	-1	59	60	61	-1	63	64	-1	-1	-1	68	69	-1	71	-1	-1	-1	-1	76	77	78	79	80	81	-1	-1	-1	85	-1	-1	88	89	90	-1	-1	93	-1	95	-1	-1	98	99	-1	-1	-1	103	-1	105	-1	-1	108	109	-1	111	-1	113	114	115	116	-1	-1	-1	120	-1	-1	-1	124	125	-1	127	-1	129	-1	-1	132	133	-1	-1	-1	137	138	139	140	141	142	-1	-1	-1	146	147	-1	-1	-1	-1	152	-1	154	-1	156	157	-1	-1	-1	161	162	163	-1	165	-1	-1	-1	169	-1	171	-1	-1
# Right
28	19	4	-1	6	-1	16	9	-1	11	-1	13	-1	15	-1	-1	18	-1	-1	27	26	25	24	-1	-1	-1	-1	-1	136	49	42	37	36	35	-1	-1	-1	39	-1	41	-1	-1	48	47	46	-1	-1	-1	-1	75	56	53	-1	55	-1	-1	58	-1	74	67	62	-1	66	65	-1	-1	-1	73	70	-1	72	-1	-1	-1	-1	107	102	87	84	83	82	-1	-1	-1	86	-1	-1	97	92	91	-1	-1	94	-1	96	-1	-1	101	100	-1	-1	-1	104	-1	106	-1	-1	123	110	-1	112	-1	122	119	118	117	-1	-1	-1	121	-1	-1	-1	131	126	-1	128	-1	130	-1	-1	135	134	-1	-1	-1	160	151	150	145	144	143	-1	-1	-1	149	148	-1	-1	-1	-1	153	-1	155	-1	159	158	-1	-1	-1	168	167	164	-1	166	-1	-1	-1	170	-1	172	-1	-1
# Threshold
0.5	20.07569980621338	0.0007766049820929766	-2.0	0.0009149399702437222	-2.0	6591.0	4.677779912948608	-2.0	4.9096550941467285	-2.0	3233.0	-2.0	6559.5	-2.0	-2.0	8373.5	-2.0	-2.0	8073.5	0.005384190008044243	0.0035912049934267998	9004.5	-2.0	-2.0	-2.0	-2.0	-2.0	3194.5	13.5	0.007779880193993449	0.782210499048233	808.5	2.5	-2.0	-2.0	-2.0	3.8739999532699585	-2.0	5.5	-2.0	-2.0	0.45000000298023224	5.5	4.5	-2.0	-2.0	-2.0	-2.0	59036.5	482396.0	2808.5	-2.0	2851.0	-2.0	-2.0	41.0	-2.0	48.12660026550293	34.57794952392578	22.0	-2.0	0.0009331360051874071	45834.0	-2.0	-2.0	-2.0	0.001967590011190623	45.89805030822754	-2.0	0.0014796450268477201	-2.0	-2.0	-2.0	-2.0	13.742050170898438	8.5	570884.5	1.5	56953.5	130745.0	-2.0	-2.0	-2.0	16.860949993133545	-2.0	-2.0	3.5	2.57053005695343	9117645.0	-2.0	-2.0	21.0	-2.0	62.0	-2.0	-2.0	8.54334501809717e-07	12048930.0	-2.0	-2.0	-2.0	15.0	-2.0	0.6531944870948792	-2.0	-2.0	111.0	1.2659000158309937	-2.0	659.0	-2.0	1325350.0	1835270.0	15.788649559020996	15.580699920654297	-2.0	-2.0	-2.0	3155935.0	-2.0	-2.0	-2.0	167595.5	2.5	-2.0	16.5	-2.0	26.794949531555176	-2.0	-2.0	311029.0	210153.0	-2.0	-2.0	-2.0	15.11745023727417	224349.0	222903.0	28809.0	12.223600387573242	3.0	-2.0	-2.0	-2.0	1.5	193246.0	-2.0	-2.0	-2.0	-2.0	8.828285353956744e-05	-2.0	0.00011690370229189284	-2.0	11.077370166778564	561488.5	-2.0	-2.0	-2.0	120477.0	3851315.0	26398.0	-2.0	11042.5	-2.0	-2.0	-2.0	233.29800415039062	-2.0	12028.0	-2.0	-2.0
# Feature
9	3	4	-2	4	-2	1	7	-2	7	-2	0	-2	8	-2	-2	0	-2	-2	8	4	4	0	-2	-2	-2	-2	-2	5	8	4	7	0	9	-2	-2	-2	3	-2	5	-2	-2	4	8	5	-2	-2	-2	-2	0	2	5	-2	5	-2	-2	8	-2	3	3	9	-2	4	0	-2	-2	-2	4	3	-2	4	-2	-2	-2	-2	3	9	8	9	8	0	-2	-2	-2	7	-2	-2	9	3	1	-2	-2	5	-2	5	-2	-2	4	8	-2	-2	-2	9	-2	7	-2	-2	5	7	-2	8	-2	8	0	3	3	-2	-2	-2	0	-2	-2	-2	1	6	-2	6	-2	7	-2	-2	1	0	-2	-2	-2	3	2	2	8	3	6	-2	-2	-2	6	2	-2	-2	-2	-2	4	-2	4	-2	3	2	-2	-2	-2	0	2	8	-2	5	-2	-2	-2	7	-2	5	-2	-2
# Values
83.0	1062.0	87.0	59.0	49.0	339.0
0.0	15.0	0.0	0.0	0.0	296.0
0.0	6.0	0.0	0.0	0.0	254.0
0.0	0.0	0.0	0.0	0.0	152.0
0.0	6.0	0.0	0.0	0.0	102.0
0.0	1.0	0.0	0.0	0.0	0.0
0.0	5.0	0.0	0.0	0.0	102.0
0.0	3.0	0.0	0.0	0.0	97.0
0.0	0.0	0.0	0.0	0.0	51.0
0.0	3.0	0.0	0.0	0.0	46.0
0.0	2.0	0.0	0.0	0.0	0.0
0.0	1.0	0.0	0.0	0.0	46.0
0.0	0.0	0.0	0.0	0.0	41.0
0.0	1.0	0.0	0.0	0.0	5.0
0.0	1.0	0.0	0.0	0.0	0.0
0.0	0.0	0.0	0.0	0.0	5.0
0.0	2.0	0.0	0.0	0.0	5.0
0.0	2.0	0.0	0.0	0.0	0.0
0.0	0.0	0.0	0.0	0.0	5.0
0.0	9.0	0.0	0.0	0.0	42.0
0.0	9.0	0.0	0.0	0.0	19.0
0.0	9.0	0.0	0.0	0.0	2.0
0.0	4.0	0.0	0.0	0.0	2.0
0.0	1.0	0.0	0.0	0.0	1.0
0.0	3.0	0.0	0.0	0.0	1.0
0.0	5.0	0.0	0.0	0.0	0.0
0.0	0.0	0.0	0.0	0.0	17.0
0.0	0.0	0.0	0.0	0.0	23.0
83.0	1047.0	87.0	59.0	49.0	43.0
7.0	1033.0	87.0	59.0	17.0	40.0
1.0	41.0	79.0	0.0	0.0	0.0
0.0	10.0	78.0	0.0	0.0	0.0
0.0	3.0	69.0	0.0	0.0	0.0
0.0	3.0	8.0	0.0	0.0	0.0
0.0	0.0	8.0	0.0	0.0	0.0
0.0	3.0	0.0	0.0	0.0	0.0
0.0	0.0	61.0	0.0	0.0	0.0
0.0	7.0	9.0	0.0	0.0	0.0
0.0	5.0	0.0	0.0	0.0	0.0
0.0	2.0	9.0	0.0	0.0	0.0
0.0	2.0	0.0	0.0	0.0	0.0
0.0	0.0	9.0	0.0	0.0	0.0
1.0	31.0	1.0	0.0	0.0	0.0
0.0	31.0	1.0	0.0	0.0	0.0
0.0	2.0	1.0	0.0	0.0	0.0
0.0	2.0	0.0	0.0	0.0	0.0
0.0	0.0	1.0	0.0	0.0	0.0
0.0	29.0	0.0	0.0	0.0	0.0
1.0	0.0	0.0	0.0	0.0	0.0
6.0	992.0	8.0	59.0	17.0	40.0
1.0	897.0	6.0	1.0	0.0	10.0
1.0	790.0	0.0	0.0	0.0	0.0
0.0	783.0	0.0	0.0	0.0	0.0
1.0	7.0	0.0	0.0	0.0	0.0
1.0	0.0	0.0	0.0	0.0	0.0
0.0	7.0	0.0	0.0	0.0	0.0
0.0	107.0	6.0	1.0	0.0	10.0
0.0	0.0	6.0	0.0	0.0	0.0
0.0	107.0	0.0	1.0	0.0	10.0
0.0	29.0	0.0	1.0	0.0	10.0
0.0	26.0	0.0	1.0	0.0	2.0
0.0	22.0	0.0	0.0	0.0	0.0
0.0	4.0	0.0	1.0	0.0	2.0
0.0	0.0	0.0	1.0	0.0	2.0
0.0	0.0	0.0	0.0	0.0	2.0
0.0	0.0	0.0	1.0	0.0	0.0
0.0	4.0	0.0	0.0	0.0	0.0
0.0	3.0	0.0	0.0	0.0	8.0
0.0	1.0	0.0	0.0	0.0	8.0
0.0	0.0	0.0	0.0	0.0	7.0
0.0	1.0	0.0	0.0	0.0	1.0
0.0	1.0	0.0	0.0	0.0	0.0
0.0	0.0	0.0	0.0	0.0	1.0
0.0	2.0	0.0	0.0	0.0	0.0
0.0	78.0	0.0	0.0	0.0	0.0
5.0	95.0	2.0	58.0	17.0	30.0
5.0	70.0	2.0	2.0	0.0	19.0
5.0	70.0	0.0	0.0	0.0	15.0
1.0	57.0	0.0	0.0	0.0	5.0
0.0	10.0	0.0	0.0	0.0	5.0
0.0	1.0	0.0	0.0	0.0	5.0
0.0	1.0	0.0	0.0	0.0	0.0
0.0	0.0	0.0	0.0	0.0	5.0
0.0	9.0	0.0	0.0	0.0	0.0
1.0	47.0	0.0	0.0	0.0	0.0
0.0	47.0	0.0	0.0	0.0	0.0
1.0	0.0	0.0	0.0	0.0	0.0
4.0	13.0	0.0	0.0	0.0	10.0
3.0	12.0	0.0	0.0	0.0	1.0
3.0	1.0	0.0	0.0	0.0	0.0
0.0	1.0	0.0	0.0	0.0	0.0
3.0	0.0	0.0	0.0	0.0	0.0
0.0	11.0	0.0	0.0	0.0	1.0
0.0	10.0	0.0	0.0	0.0	0.0
0.0	1.0	0.0	0.0	0.0	1.0
0.0	0.0	0.0	0.0	0.0	1.0
0.0	1.0	0.0	0.0	0.0	0.0
1.0	1.0	0.0	0.0	0.0	9.0
1.0	1.0	0.0	0.0	0.0	0.0
1.0	0.0	0.0	0.0	0.0	0.0
0.0	1.0	0.0	0.0	0.0	0.0
0.0	0.0	0.0	0.0	0.0	9.0
0.0	0.0	2.0	2.0	0.0	4.0
0.0	0.0	0.0	0.0	0.0	4.0
0.0	0.0	2.0	2.0	0.0	0.0
0.0	0.0	2.0	0.0	0.0	0.0
0.0	0.0	0.0	2.0	0.0	0.0
0.0	25.0	0.0	56.0	17.0	11.0
0.0	2.0	0.0	53.0	4.0	8.0
0.0	0.0	0.0	0.0	0.0	5.0
0.0	2.0	0.0	53.0	4.0	3.0
0.0	0.0	0.0	0.0	0.0	3.0
0.0	2.0	0.0	53.0	4.0	0.0
0.0	2.0	0.0	53.0	2.0	0.0
0.0	2.0	0.0	49.0	0.0	0.0
0.0	2.0	0.0	4.0	0.0	0.0
0.0	0.0	0.0	4.0	0.0	0.0
0.0	2.0	0.0	0.0	0.0	0.0
0.0	0.0	0.0	45.0	0.0	0.0
0.0	0.0	0.0	4.0	2.0	0.0
0.0	0.0	0.0	0.0	2.0	0.0
0.0	0.0	0.0	4.0	0.0	0.0
0.0	0.0	0.0	0.0	2.0	0.0
0.0	23.0	0.0	3.0	13.0	3.0
0.0	23.0	0.0	1.0	1.0	0.0
0.0	0.0	0.0	0.0	1.0	0.0
0.0	23.0	0.0	1.0	0.0	0.0
0.0	20.0	0.0	0.0	0.0	0.0
0.0	3.0	0.0	1.0	0.0	0.0
0.0	0.0	0.0	1.0	0.0	0.0
0.0	3.0	0.0	0.0	0.0	0.0
0.0	0.0	0.0	2.0	12.0	3.0
0.0	0.0	0.0	2.0	0.0	3.0
0.0	0.0	0.0	2.0	0.0	0.0
0.0	0.0	0.0	0.0	0.0	3.0
0.0	0.0	0.0	0.0	12.0	0.0
76.0	14.0	0.0	0.0	32.0	3.0
72.0	0.0	0.0	0.0	14.0	0.0
18.0	0.0	0.0	0.0	12.0	0.0
18.0	0.0	0.0	0.0	7.0	0.0
16.0	0.0	0.0	0.0	2.0	0.0
16.0	0.0	0.0	0.0	1.0	0.0
16.0	0.0	0.0	0.0	0.0	0.0
0.0	0.0	0.0	0.0	1.0	0.0
0.0	0.0	0.0	0.0	1.0	0.0
2.0	0.0	0.0	0.0	5.0	0.0
2.0	0.0	0.0	0.0	2.0	0.0
2.0	0.0	0.0	0.0	0.0	0.0
0.0	0.0	0.0	0.0	2.0	0.0
0.0	0.0	0.0	0.0	3.0	0.0
0.0	0.0	0.0	0.0	5.0	0.0
54.0	0.0	0.0	0.0	2.0	0.0
38.0	0.0	0.0	0.0	0.0	0.0
16.0	0.0	0.0	0.0	2.0	0.0
0.0	0.0	0.0	0.0	1.0	0.0
16.0	0.0	0.0	0.0	1.0	0.0
3.0	0.0	0.0	0.0	1.0	0.0
0.0	0.0	0.0	0.0	1.0	0.0
3.0	0.0	0.0	0.0	0.0	0.0
13.0	0.0	0.0	0.0	0.0	0.0
4.0	14.0	0.0	0.0	18.0	3.0
3.0	13.0	0.0	0.0	0.0	3.0
3.0	3.0	0.0	0.0	0.0	3.0
0.0	3.0	0.0	0.0	0.0	0.0
3.0	0.0	0.0	0.0	0.0	3.0
0.0	0.0	0.0	0.0	0.0	3.0
3.0	0.0	0.0	0.0	0.0	0.0
0.0	10.0	0.0	0.0	0.0	0.0
1.0	1.0	0.0	0.0	18.0	0.0
0.0	0.0	0.0	0.0	18.0	0.0
1.0	1.0	0.0	0.0	0.0	0.0
0.0	1.0	0.0	0.0	0.0	0.0
1.0	0.0	0.0	0.0	0.0	0.0
