# Sizes (NFeatures, Nclasses, NodeCount, MaxDepth)
10	6	169	16
# Classes
0.0	1.0	2.0	3.0	4.0	5.0
# Feature Names
Nrows	Ncols	Nnnz	AvgNnnz	Density	MaxRowNnnz	MinRowNnnz	StdRowNnnz	NDiags	NTrueDiags
# Left
1	2	3	4	-1	6	-1	-1	9	-1	11	12	-1	-1	15	16	17	-1	-1	-1	-1	-1	23	24	25	26	27	-1	-1	30	-1	32	-1	-1	35	36	-1	38	-1	-1	41	-1	-1	44	45	46	47	48	-1	-1	-1	52	-1	-1	55	-1	57	58	59	60	61	-1	-1	-1	65	-1	-1	68	-1	70	-1	-1	-1	74	75	-1	77	78	79	80	81	82	83	84	85	-1	87	-1	-1	-1	91	-1	-1	-1	-1	-1	-1	-1	99	-1	-1	102	103	104	105	-1	-1	-1	109	-1	111	112	-1	-1	115	-1	117	-1	119	120	-1	-1	-1	124	125	126	-1	-1	129	-1	-1	132	-1	134	-1	-1	137	138	-1	140	141	-1	143	-1	145	-1	-1	148	-1	150	-1	-1	153	154	-1	-1	157	158	-1	-1	161	-1	163	164	165	-1	-1	-1	-1
# Right
22	21	8	5	-1	7	-1	-1	10	-1	14	13	-1	-1	20	19	18	-1	-1	-1	-1	-1	136	43	34	29	28	-1	-1	31	-1	33	-1	-1	40	37	-1	39	-1	-1	42	-1	-1	73	54	51	50	49	-1	-1	-1	53	-1	-1	56	-1	72	67	64	63	62	-1	-1	-1	66	-1	-1	69	-1	71	-1	-1	-1	101	76	-1	98	97	96	95	94	93	90	89	86	-1	88	-1	-1	-1	92	-1	-1	-1	-1	-1	-1	-1	100	-1	-1	123	108	107	106	-1	-1	-1	110	-1	114	113	-1	-1	116	-1	118	-1	122	121	-1	-1	-1	131	128	127	-1	-1	130	-1	-1	133	-1	135	-1	-1	152	139	-1	147	142	-1	144	-1	146	-1	-1	149	-1	151	-1	-1	156	155	-1	-1	160	159	-1	-1	162	-1	168	167	166	-1	-1	-1	-1
# Threshold
0.5	10818.0	4408.0	23.243849754333496	-2.0	4.5	-2.0	-2.0	5003.0	-2.0	14.5	0.0007714694947935641	-2.0	-2.0	10644.5	41.0	0.0011171599617227912	-2.0	-2.0	-2.0	-2.0	-2.0	4079.0	10.0	0.003523894934915006	0.8031260073184967	3.0	-2.0	-2.0	8.0	-2.0	16377.0	-2.0	-2.0	5.5	0.03031849954277277	-2.0	51.0	-2.0	-2.0	1125.0	-2.0	-2.0	59704.0	482396.0	2827.0	12.0	10.5	-2.0	-2.0	-2.0	43677.5	-2.0	-2.0	41.0	-2.0	48.12660026550293	41.093650817871094	13.0	143.0	22.0	-2.0	-2.0	-2.0	28829.0	-2.0	-2.0	758272.0	-2.0	17.0	-2.0	-2.0	-2.0	10.527550220489502	345.0	-2.0	49164600.0	2745.0	4.5	21.329500198364258	1.3404499888420105	1.2212550044059753	7.5	5.453624963760376	5.5	-2.0	2088461.0	-2.0	-2.0	-2.0	9117645.0	-2.0	-2.0	-2.0	-2.0	-2.0	-2.0	-2.0	14081910.0	-2.0	-2.0	134.5	907.5	37.0	77763.5	-2.0	-2.0	-2.0	992586.0	-2.0	15.788649559020996	2.9247450828552246	-2.0	-2.0	1.0883830189704895	-2.0	47530750.0	-2.0	66.24274826049805	3.7821950912475586	-2.0	-2.0	-2.0	191397.5	24.821449279785156	146170.5	-2.0	-2.0	3006.0	-2.0	-2.0	292080.0	-2.0	15.415299415588379	-2.0	-2.0	17.301549434661865	8.83901011548005e-05	-2.0	47954.5	0.00020100649999221787	-2.0	12.238000392913818	-2.0	52.931148529052734	-2.0	-2.0	50512.0	-2.0	0.00011690370229189284	-2.0	-2.0	0.0002248204982606694	37.05110168457031	-2.0	-2.0	26.6695499420166	34.20555114746094	-2.0	-2.0	13983.0	-2.0	0.0023076399811543524	62606.0	0.0007806970097590238	-2.0	-2.0	-2.0	-2.0
# Feature
9	0	8	7	-2	6	-2	-2	8	-2	5	4	-2	-2	0	5	4	-2	-2	-2	-2	-2	5	8	4	3	5	-2	-2	9	-2	2	-2	-2	8	4	-2	0	-2	-2	0	-2	-2	1	2	5	8	9	-2	-2	-2	8	-2	-2	8	-2	3	3	6	8	5	-2	-2	-2	0	-2	-2	2	-2	9	-2	-2	-2	3	8	-2	2	5	6	7	7	7	5	3	5	-2	0	-2	-2	-2	1	-2	-2	-2	-2	-2	-2	-2	0	-2	-2	5	8	9	1	-2	-2	-2	2	-2	3	7	-2	-2	7	-2	2	-2	3	7	-2	-2	-2	1	7	1	-2	-2	5	-2	-2	1	-2	3	-2	-2	3	4	-2	8	4	-2	3	-2	7	-2	-2	0	-2	4	-2	-2	4	3	-2	-2	7	3	-2	-2	5	-2	4	0	4	-2	-2	-2	-2
# Values
97.0	1058.0	96.0	68.0	47.0	313.0
0.0	8.0	0.0	0.0	0.0	271.0
0.0	8.0	0.0	0.0	0.0	124.0
0.0	1.0	0.0	0.0	0.0	97.0
0.0	0.0	0.0	0.0	0.0	96.0
0.0	1.0	0.0	0.0	0.0	1.0
0.0	1.0	0.0	0.0	0.0	0.0
0.0	0.0	0.0	0.0	0.0	1.0
0.0	7.0	0.0	0.0	0.0	27.0
0.0	3.0	0.0	0.0	0.0	0.0
0.0	4.0	0.0	0.0	0.0	27.0
0.0	2.0	0.0	0.0	0.0	1.0
0.0	0.0	0.0	0.0	0.0	1.0
0.0	2.0	0.0	0.0	0.0	0.0
0.0	2.0	0.0	0.0	0.0	26.0
0.0	1.0	0.0	0.0	0.0	25.0
0.0	1.0	0.0	0.0	0.0	3.0
0.0	0.0	0.0	0.0	0.0	3.0
0.0	1.0	0.0	0.0	0.0	0.0
0.0	0.0	0.0	0.0	0.0	22.0
0.0	1.0	0.0	0.0	0.0	1.0
0.0	0.0	0.0	0.0	0.0	147.0
97.0	1050.0	96.0	68.0	47.0	42.0
11.0	1032.0	96.0	68.0	20.0	38.0
4.0	21.0	82.0	0.0	0.0	0.0
0.0	4.0	73.0	0.0	0.0	0.0
0.0	2.0	1.0	0.0	0.0	0.0
0.0	0.0	1.0	0.0	0.0	0.0
0.0	2.0	0.0	0.0	0.0	0.0
0.0	2.0	72.0	0.0	0.0	0.0
0.0	0.0	63.0	0.0	0.0	0.0
0.0	2.0	9.0	0.0	0.0	0.0
0.0	2.0	0.0	0.0	0.0	0.0
0.0	0.0	9.0	0.0	0.0	0.0
4.0	17.0	9.0	0.0	0.0	0.0
4.0	1.0	8.0	0.0	0.0	0.0
0.0	0.0	8.0	0.0	0.0	0.0
4.0	1.0	0.0	0.0	0.0	0.0
4.0	0.0	0.0	0.0	0.0	0.0
0.0	1.0	0.0	0.0	0.0	0.0
0.0	16.0	1.0	0.0	0.0	0.0
0.0	16.0	0.0	0.0	0.0	0.0
0.0	0.0	1.0	0.0	0.0	0.0
7.0	1011.0	14.0	68.0	20.0	38.0
1.0	926.0	7.0	1.0	0.0	6.0
1.0	803.0	1.0	0.0	0.0	0.0
0.0	797.0	1.0	0.0	0.0	0.0
0.0	12.0	1.0	0.0	0.0	0.0
0.0	12.0	0.0	0.0	0.0	0.0
0.0	0.0	1.0	0.0	0.0	0.0
0.0	785.0	0.0	0.0	0.0	0.0
1.0	6.0	0.0	0.0	0.0	0.0
0.0	6.0	0.0	0.0	0.0	0.0
1.0	0.0	0.0	0.0	0.0	0.0
0.0	123.0	6.0	1.0	0.0	6.0
0.0	0.0	6.0	0.0	0.0	0.0
0.0	123.0	0.0	1.0	0.0	6.0
0.0	46.0	0.0	1.0	0.0	6.0
0.0	44.0	0.0	1.0	0.0	1.0
0.0	43.0	0.0	1.0	0.0	0.0
0.0	2.0	0.0	1.0	0.0	0.0
0.0	2.0	0.0	0.0	0.0	0.0
0.0	0.0	0.0	1.0	0.0	0.0
0.0	41.0	0.0	0.0	0.0	0.0
0.0	1.0	0.0	0.0	0.0	1.0
0.0	0.0	0.0	0.0	0.0	1.0
0.0	1.0	0.0	0.0	0.0	0.0
0.0	2.0	0.0	0.0	0.0	5.0
0.0	1.0	0.0	0.0	0.0	0.0
0.0	1.0	0.0	0.0	0.0	5.0
0.0	1.0	0.0	0.0	0.0	0.0
0.0	0.0	0.0	0.0	0.0	5.0
0.0	77.0	0.0	0.0	0.0	0.0
6.0	85.0	7.0	67.0	20.0	32.0
5.0	59.0	4.0	0.0	0.0	9.0
0.0	0.0	4.0	0.0	0.0	0.0
5.0	59.0	0.0	0.0	0.0	9.0
2.0	58.0	0.0	0.0	0.0	9.0
1.0	58.0	0.0	0.0	0.0	9.0
1.0	58.0	0.0	0.0	0.0	8.0
1.0	58.0	0.0	0.0	0.0	7.0
1.0	31.0	0.0	0.0	0.0	7.0
1.0	31.0	0.0	0.0	0.0	5.0
0.0	16.0	0.0	0.0	0.0	5.0
0.0	16.0	0.0	0.0	0.0	2.0
0.0	11.0	0.0	0.0	0.0	0.0
0.0	5.0	0.0	0.0	0.0	2.0
0.0	5.0	0.0	0.0	0.0	0.0
0.0	0.0	0.0	0.0	0.0	2.0
0.0	0.0	0.0	0.0	0.0	3.0
1.0	15.0	0.0	0.0	0.0	0.0
0.0	15.0	0.0	0.0	0.0	0.0
1.0	0.0	0.0	0.0	0.0	0.0
0.0	0.0	0.0	0.0	0.0	2.0
0.0	27.0	0.0	0.0	0.0	0.0
0.0	0.0	0.0	0.0	0.0	1.0
0.0	0.0	0.0	0.0	0.0	1.0
1.0	0.0	0.0	0.0	0.0	0.0
3.0	1.0	0.0	0.0	0.0	0.0
3.0	0.0	0.0	0.0	0.0	0.0
0.0	1.0	0.0	0.0	0.0	0.0
1.0	26.0	3.0	67.0	20.0	23.0
0.0	4.0	3.0	67.0	3.0	15.0
0.0	0.0	3.0	2.0	0.0	11.0
0.0	0.0	3.0	2.0	0.0	0.0
0.0	0.0	0.0	2.0	0.0	0.0
0.0	0.0	3.0	0.0	0.0	0.0
0.0	0.0	0.0	0.0	0.0	11.0
0.0	4.0	0.0	65.0	3.0	4.0
0.0	0.0	0.0	0.0	0.0	3.0
0.0	4.0	0.0	65.0	3.0	1.0
0.0	4.0	0.0	10.0	0.0	0.0
0.0	0.0	0.0	10.0	0.0	0.0
0.0	4.0	0.0	0.0	0.0	0.0
0.0	0.0	0.0	55.0	3.0	1.0
0.0	0.0	0.0	0.0	0.0	1.0
0.0	0.0	0.0	55.0	3.0	0.0
0.0	0.0	0.0	47.0	0.0	0.0
0.0	0.0	0.0	8.0	3.0	0.0
0.0	0.0	0.0	2.0	3.0	0.0
0.0	0.0	0.0	2.0	0.0	0.0
0.0	0.0	0.0	0.0	3.0	0.0
0.0	0.0	0.0	6.0	0.0	0.0
1.0	22.0	0.0	0.0	17.0	8.0
0.0	22.0	0.0	0.0	3.0	1.0
0.0	3.0	0.0	0.0	3.0	0.0
0.0	3.0	0.0	0.0	0.0	0.0
0.0	0.0	0.0	0.0	3.0	0.0
0.0	19.0	0.0	0.0	0.0	1.0
0.0	19.0	0.0	0.0	0.0	0.0
0.0	0.0	0.0	0.0	0.0	1.0
1.0	0.0	0.0	0.0	14.0	7.0
0.0	0.0	0.0	0.0	0.0	7.0
1.0	0.0	0.0	0.0	14.0	0.0
1.0	0.0	0.0	0.0	0.0	0.0
0.0	0.0	0.0	0.0	14.0	0.0
86.0	18.0	0.0	0.0	27.0	4.0
77.0	0.0	0.0	0.0	7.0	0.0
40.0	0.0	0.0	0.0	0.0	0.0
37.0	0.0	0.0	0.0	7.0	0.0
33.0	0.0	0.0	0.0	3.0	0.0
0.0	0.0	0.0	0.0	1.0	0.0
33.0	0.0	0.0	0.0	2.0	0.0
31.0	0.0	0.0	0.0	0.0	0.0
2.0	0.0	0.0	0.0	2.0	0.0
2.0	0.0	0.0	0.0	0.0	0.0
0.0	0.0	0.0	0.0	2.0	0.0
4.0	0.0	0.0	0.0	4.0	0.0
0.0	0.0	0.0	0.0	3.0	0.0
4.0	0.0	0.0	0.0	1.0	0.0
0.0	0.0	0.0	0.0	1.0	0.0
4.0	0.0	0.0	0.0	0.0	0.0
9.0	18.0	0.0	0.0	20.0	4.0
2.0	0.0	0.0	0.0	16.0	0.0
0.0	0.0	0.0	0.0	16.0	0.0
2.0	0.0	0.0	0.0	0.0	0.0
7.0	18.0	0.0	0.0	4.0	4.0
0.0	0.0	0.0	0.0	2.0	4.0
0.0	0.0	0.0	0.0	2.0	3.0
0.0	0.0	0.0	0.0	0.0	1.0
7.0	18.0	0.0	0.0	2.0	0.0
0.0	15.0	0.0	0.0	0.0	0.0
7.0	3.0	0.0	0.0	2.0	0.0
7.0	0.0	0.0	0.0	2.0	0.0
7.0	0.0	0.0	0.0	1.0	0.0
0.0	0.0	0.0	0.0	1.0	0.0
7.0	0.0	0.0	0.0	0.0	0.0
0.0	0.0	0.0	0.0	1.0	0.0
0.0	3.0	0.0	0.0	0.0	0.0
