# Sizes (NFeatures, Nclasses, NodeCount, MaxDepth)
10	6	169	14
# Classes
0.0	1.0	2.0	3.0	4.0	5.0
# Feature Names
Nrows	Ncols	Nnnz	AvgNnnz	Density	MaxRowNnnz	MinRowNnnz	StdRowNnnz	NDiags	NTrueDiags
# Left
1	2	-1	4	-1	6	-1	8	-1	10	11	-1	-1	14	15	16	17	18	-1	-1	-1	-1	-1	-1	25	26	27	28	29	-1	31	32	-1	-1	-1	-1	37	-1	-1	40	41	42	43	-1	-1	46	47	-1	49	-1	51	52	-1	-1	-1	56	-1	-1	59	60	61	-1	-1	64	65	-1	-1	-1	-1	70	71	-1	73	-1	75	76	-1	78	79	80	-1	82	-1	84	-1	-1	-1	-1	-1	-1	91	92	93	-1	95	96	97	98	-1	-1	-1	-1	103	104	105	106	107	-1	-1	-1	111	-1	-1	-1	115	-1	-1	118	119	120	-1	122	-1	-1	125	-1	127	128	129	-1	-1	-1	133	134	-1	136	-1	-1	139	-1	-1	142	143	144	145	146	-1	-1	-1	-1	151	-1	-1	154	155	-1	-1	158	159	-1	161	-1	-1	-1	165	-1	167	-1	-1
# Right
24	3	-1	5	-1	7	-1	9	-1	13	12	-1	-1	23	22	21	20	19	-1	-1	-1	-1	-1	-1	90	39	36	35	30	-1	34	33	-1	-1	-1	-1	38	-1	-1	69	58	45	44	-1	-1	55	48	-1	50	-1	54	53	-1	-1	-1	57	-1	-1	68	63	62	-1	-1	67	66	-1	-1	-1	-1	89	72	-1	74	-1	88	77	-1	87	86	81	-1	83	-1	85	-1	-1	-1	-1	-1	-1	164	117	94	-1	102	101	100	99	-1	-1	-1	-1	114	113	110	109	108	-1	-1	-1	112	-1	-1	-1	116	-1	-1	141	124	121	-1	123	-1	-1	126	-1	132	131	130	-1	-1	-1	138	135	-1	137	-1	-1	140	-1	-1	153	150	149	148	147	-1	-1	-1	-1	152	-1	-1	157	156	-1	-1	163	160	-1	162	-1	-1	-1	166	-1	168	-1	-1
# Threshold
0.5	0.0007766049820929766	-2.0	4518.5	-2.0	4603.0	-2.0	23969.0	-2.0	5714.5	19.727999687194824	-2.0	-2.0	116.5	27.499250411987305	11262.0	10305.5	26.31385040283203	-2.0	-2.0	-2.0	-2.0	-2.0	-2.0	59655.0	8.5	0.6635344922542572	850.0	1.5	-2.0	3947.5	2.5	-2.0	-2.0	-2.0	-2.0	7988.5	-2.0	-2.0	3098.0	1118965.0	12.0	28635.5	-2.0	-2.0	2827.0	479364.0	-2.0	1.7997850179672241	-2.0	49.0	4.71607518196106	-2.0	-2.0	-2.0	9.629960060119629	-2.0	-2.0	49.191749572753906	0.0008521604759152979	34.5	-2.0	-2.0	18.0	33680.5	-2.0	-2.0	-2.0	-2.0	63.41769790649414	193246.0	-2.0	12435.5	-2.0	1421730.0	35.4245491027832	-2.0	50512.0	21831.5	17315.0	-2.0	18035.0	-2.0	14405.0	-2.0	-2.0	-2.0	-2.0	-2.0	-2.0	10973.0	8.582554817199707	345.0	-2.0	570884.5	3903.0	7045.5	2672.0	-2.0	-2.0	-2.0	-2.0	3.5	1968.5	21.0	1.5	11.0	-2.0	-2.0	-2.0	4.051660567522049	-2.0	-2.0	-2.0	7149155.0	-2.0	-2.0	151.5	1.2659000158309937	41.0	-2.0	24179.5	-2.0	-2.0	659.0	-2.0	15.788649559020996	36.0	122324.5	-2.0	-2.0	-2.0	122306000.0	111.0	-2.0	8.0	-2.0	-2.0	78808.0	-2.0	-2.0	155353.5	26.6983003616333	4916.5	0.00029784000071231276	84120.0	-2.0	-2.0	-2.0	-2.0	8897.5	-2.0	-2.0	15.451700210571289	10066625.0	-2.0	-2.0	65309.0	46401.0	-2.0	14.0	-2.0	-2.0	-2.0	8.828285353956744e-05	-2.0	96309.5	-2.0	-2.0
# Feature
9	4	-2	8	-2	8	-2	2	-2	8	7	-2	-2	5	7	8	8	7	-2	-2	-2	-2	-2	-2	1	8	7	1	9	-2	2	5	-2	-2	-2	-2	2	-2	-2	5	2	8	2	-2	-2	5	2	-2	7	-2	5	7	-2	-2	-2	3	-2	-2	3	4	5	-2	-2	9	0	-2	-2	-2	-2	3	2	-2	8	-2	2	7	-2	1	1	0	-2	0	-2	8	-2	-2	-2	-2	-2	-2	5	3	8	-2	8	5	8	8	-2	-2	-2	-2	9	5	5	6	5	-2	-2	-2	7	-2	-2	-2	8	-2	-2	5	7	8	-2	8	-2	-2	8	-2	3	5	1	-2	-2	-2	2	5	-2	9	-2	-2	8	-2	-2	0	7	5	4	1	-2	-2	-2	-2	5	-2	-2	3	2	-2	-2	8	8	-2	6	-2	-2	-2	4	-2	0	-2	-2
# Values
74.0	1048.0	74.0	70.0	44.0	369.0
0.0	17.0	0.0	0.0	0.0	310.0
0.0	0.0	0.0	0.0	0.0	153.0
0.0	17.0	0.0	0.0	0.0	157.0
0.0	0.0	0.0	0.0	0.0	120.0
0.0	17.0	0.0	0.0	0.0	37.0
0.0	8.0	0.0	0.0	0.0	0.0
0.0	9.0	0.0	0.0	0.0	37.0
0.0	4.0	0.0	0.0	0.0	0.0
0.0	5.0	0.0	0.0	0.0	37.0
0.0	2.0	0.0	0.0	0.0	2.0
0.0	0.0	0.0	0.0	0.0	1.0
0.0	2.0	0.0	0.0	0.0	1.0
0.0	3.0	0.0	0.0	0.0	35.0
0.0	3.0	0.0	0.0	0.0	14.0
0.0	2.0	0.0	0.0	0.0	14.0
0.0	2.0	0.0	0.0	0.0	7.0
0.0	1.0	0.0	0.0	0.0	7.0
0.0	0.0	0.0	0.0	0.0	5.0
0.0	1.0	0.0	0.0	0.0	2.0
0.0	1.0	0.0	0.0	0.0	0.0
0.0	0.0	0.0	0.0	0.0	7.0
0.0	1.0	0.0	0.0	0.0	0.0
0.0	0.0	0.0	0.0	0.0	21.0
74.0	1031.0	74.0	70.0	44.0	59.0
26.0	915.0	64.0	3.0	11.0	15.0
1.0	18.0	56.0	0.0	0.0	0.0
1.0	7.0	54.0	0.0	0.0	0.0
1.0	7.0	8.0	0.0	0.0	0.0
0.0	0.0	6.0	0.0	0.0	0.0
1.0	7.0	2.0	0.0	0.0	0.0
1.0	7.0	0.0	0.0	0.0	0.0
1.0	0.0	0.0	0.0	0.0	0.0
0.0	7.0	0.0	0.0	0.0	0.0
0.0	0.0	2.0	0.0	0.0	0.0
0.0	0.0	46.0	0.0	0.0	0.0
0.0	11.0	2.0	0.0	0.0	0.0
0.0	11.0	0.0	0.0	0.0	0.0
0.0	0.0	2.0	0.0	0.0	0.0
25.0	897.0	8.0	3.0	11.0	15.0
1.0	886.0	8.0	3.0	0.0	15.0
1.0	838.0	8.0	0.0	0.0	2.0
0.0	21.0	6.0	0.0	0.0	0.0
0.0	21.0	0.0	0.0	0.0	0.0
0.0	0.0	6.0	0.0	0.0	0.0
1.0	817.0	2.0	0.0	0.0	2.0
0.0	814.0	2.0	0.0	0.0	2.0
0.0	760.0	0.0	0.0	0.0	0.0
0.0	54.0	2.0	0.0	0.0	2.0
0.0	0.0	2.0	0.0	0.0	0.0
0.0	54.0	0.0	0.0	0.0	2.0
0.0	8.0	0.0	0.0	0.0	2.0
0.0	8.0	0.0	0.0	0.0	0.0
0.0	0.0	0.0	0.0	0.0	2.0
0.0	46.0	0.0	0.0	0.0	0.0
1.0	3.0	0.0	0.0	0.0	0.0
1.0	0.0	0.0	0.0	0.0	0.0
0.0	3.0	0.0	0.0	0.0	0.0
0.0	48.0	0.0	3.0	0.0	13.0
0.0	7.0	0.0	3.0	0.0	13.0
0.0	6.0	0.0	3.0	0.0	0.0
0.0	0.0	0.0	3.0	0.0	0.0
0.0	6.0	0.0	0.0	0.0	0.0
0.0	1.0	0.0	0.0	0.0	13.0
0.0	1.0	0.0	0.0	0.0	1.0
0.0	0.0	0.0	0.0	0.0	1.0
0.0	1.0	0.0	0.0	0.0	0.0
0.0	0.0	0.0	0.0	0.0	12.0
0.0	41.0	0.0	0.0	0.0	0.0
24.0	11.0	0.0	0.0	11.0	0.0
24.0	4.0	0.0	0.0	11.0	0.0
13.0	0.0	0.0	0.0	0.0	0.0
11.0	4.0	0.0	0.0	11.0	0.0
0.0	4.0	0.0	0.0	0.0	0.0
11.0	0.0	0.0	0.0	11.0	0.0
7.0	0.0	0.0	0.0	11.0	0.0
4.0	0.0	0.0	0.0	0.0	0.0
3.0	0.0	0.0	0.0	11.0	0.0
2.0	0.0	0.0	0.0	11.0	0.0
2.0	0.0	0.0	0.0	4.0	0.0
0.0	0.0	0.0	0.0	3.0	0.0
2.0	0.0	0.0	0.0	1.0	0.0
1.0	0.0	0.0	0.0	0.0	0.0
1.0	0.0	0.0	0.0	1.0	0.0
0.0	0.0	0.0	0.0	1.0	0.0
1.0	0.0	0.0	0.0	0.0	0.0
0.0	0.0	0.0	0.0	7.0	0.0
1.0	0.0	0.0	0.0	0.0	0.0
4.0	0.0	0.0	0.0	0.0	0.0
0.0	7.0	0.0	0.0	0.0	0.0
48.0	116.0	10.0	67.0	33.0	44.0
10.0	116.0	10.0	67.0	31.0	44.0
5.0	81.0	8.0	0.0	0.0	19.0
0.0	0.0	8.0	0.0	0.0	0.0
5.0	81.0	0.0	0.0	0.0	19.0
1.0	63.0	0.0	0.0	0.0	2.0
0.0	63.0	0.0	0.0	0.0	2.0
0.0	7.0	0.0	0.0	0.0	2.0
0.0	7.0	0.0	0.0	0.0	0.0
0.0	0.0	0.0	0.0	0.0	2.0
0.0	56.0	0.0	0.0	0.0	0.0
1.0	0.0	0.0	0.0	0.0	0.0
4.0	18.0	0.0	0.0	0.0	17.0
3.0	18.0	0.0	0.0	0.0	2.0
1.0	18.0	0.0	0.0	0.0	2.0
1.0	16.0	0.0	0.0	0.0	0.0
1.0	2.0	0.0	0.0	0.0	0.0
0.0	2.0	0.0	0.0	0.0	0.0
1.0	0.0	0.0	0.0	0.0	0.0
0.0	14.0	0.0	0.0	0.0	0.0
0.0	2.0	0.0	0.0	0.0	2.0
0.0	0.0	0.0	0.0	0.0	2.0
0.0	2.0	0.0	0.0	0.0	0.0
2.0	0.0	0.0	0.0	0.0	0.0
1.0	0.0	0.0	0.0	0.0	15.0
0.0	0.0	0.0	0.0	0.0	15.0
1.0	0.0	0.0	0.0	0.0	0.0
5.0	35.0	2.0	67.0	31.0	25.0
0.0	5.0	2.0	67.0	2.0	14.0
0.0	0.0	2.0	2.0	0.0	9.0
0.0	0.0	2.0	0.0	0.0	0.0
0.0	0.0	0.0	2.0	0.0	9.0
0.0	0.0	0.0	0.0	0.0	9.0
0.0	0.0	0.0	2.0	0.0	0.0
0.0	5.0	0.0	65.0	2.0	5.0
0.0	0.0	0.0	0.0	0.0	3.0
0.0	5.0	0.0	65.0	2.0	2.0
0.0	4.0	0.0	5.0	0.0	2.0
0.0	0.0	0.0	5.0	0.0	2.0
0.0	0.0	0.0	0.0	0.0	2.0
0.0	0.0	0.0	5.0	0.0	0.0
0.0	4.0	0.0	0.0	0.0	0.0
0.0	1.0	0.0	60.0	2.0	0.0
0.0	1.0	0.0	57.0	0.0	0.0
0.0	0.0	0.0	51.0	0.0	0.0
0.0	1.0	0.0	6.0	0.0	0.0
0.0	1.0	0.0	0.0	0.0	0.0
0.0	0.0	0.0	6.0	0.0	0.0
0.0	0.0	0.0	3.0	2.0	0.0
0.0	0.0	0.0	0.0	2.0	0.0
0.0	0.0	0.0	3.0	0.0	0.0
5.0	30.0	0.0	0.0	29.0	11.0
1.0	27.0	0.0	0.0	3.0	6.0
1.0	3.0	0.0	0.0	2.0	6.0
1.0	3.0	0.0	0.0	2.0	0.0
1.0	3.0	0.0	0.0	0.0	0.0
1.0	0.0	0.0	0.0	0.0	0.0
0.0	3.0	0.0	0.0	0.0	0.0
0.0	0.0	0.0	0.0	2.0	0.0
0.0	0.0	0.0	0.0	0.0	6.0
0.0	24.0	0.0	0.0	1.0	0.0
0.0	24.0	0.0	0.0	0.0	0.0
0.0	0.0	0.0	0.0	1.0	0.0
4.0	3.0	0.0	0.0	26.0	5.0
4.0	2.0	0.0	0.0	0.0	0.0
0.0	2.0	0.0	0.0	0.0	0.0
4.0	0.0	0.0	0.0	0.0	0.0
0.0	1.0	0.0	0.0	26.0	5.0
0.0	1.0	0.0	0.0	3.0	5.0
0.0	0.0	0.0	0.0	3.0	0.0
0.0	1.0	0.0	0.0	0.0	5.0
0.0	1.0	0.0	0.0	0.0	0.0
0.0	0.0	0.0	0.0	0.0	5.0
0.0	0.0	0.0	0.0	23.0	0.0
38.0	0.0	0.0	0.0	2.0	0.0
37.0	0.0	0.0	0.0	0.0	0.0
1.0	0.0	0.0	0.0	2.0	0.0
1.0	0.0	0.0	0.0	0.0	0.0
0.0	0.0	0.0	0.0	2.0	0.0
