# Sizes (NFeatures, Nclasses, NodeCount, MaxDepth)
10	6	161	11
# Classes
0.0	1.0	2.0	3.0	4.0	5.0
# Feature Names
Nrows	Ncols	Nnnz	AvgNnnz	Density	MaxRowNnnz	MinRowNnnz	StdRowNnnz	NDiags	NTrueDiags
# Left
1	2	-1	4	5	6	-1	-1	-1	10	-1	12	-1	14	15	-1	17	18	-1	-1	-1	22	23	-1	-1	-1	27	28	29	30	31	-1	33	-1	35	-1	-1	38	-1	-1	41	-1	43	-1	-1	46	47	48	-1	50	-1	-1	53	54	-1	56	57	-1	59	-1	-1	62	63	-1	65	-1	-1	-1	-1	70	71	72	73	-1	-1	76	-1	78	-1	-1	81	-1	-1	84	-1	-1	87	88	89	-1	91	92	93	94	95	-1	-1	98	-1	100	-1	-1	-1	104	105	-1	-1	108	-1	110	-1	-1	113	-1	-1	116	117	-1	119	-1	121	122	-1	-1	125	-1	127	-1	-1	130	-1	-1	133	134	135	136	-1	-1	-1	-1	141	142	143	144	145	-1	-1	-1	149	150	-1	-1	-1	-1	155	156	-1	-1	159	-1	-1
# Right
26	3	-1	9	8	7	-1	-1	-1	11	-1	13	-1	21	16	-1	20	19	-1	-1	-1	25	24	-1	-1	-1	86	45	40	37	32	-1	34	-1	36	-1	-1	39	-1	-1	42	-1	44	-1	-1	69	52	49	-1	51	-1	-1	68	55	-1	61	58	-1	60	-1	-1	67	64	-1	66	-1	-1	-1	-1	83	80	75	74	-1	-1	77	-1	79	-1	-1	82	-1	-1	85	-1	-1	132	115	90	-1	112	103	102	97	96	-1	-1	99	-1	101	-1	-1	-1	107	106	-1	-1	109	-1	111	-1	-1	114	-1	-1	129	118	-1	120	-1	124	123	-1	-1	126	-1	128	-1	-1	131	-1	-1	140	139	138	137	-1	-1	-1	-1	154	153	148	147	146	-1	-1	-1	152	151	-1	-1	-1	-1	158	157	-1	-1	160	-1	-1
# Threshold
0.5	0.0007766049820929766	-2.0	2958.5	2278.5	4.753784894943237	-2.0	-2.0	-2.0	3525.5	-2.0	23969.0	-2.0	7804.0	23.424949645996094	-2.0	27.42014980316162	4433.0	-2.0	-2.0	-2.0	9.295769691467285	6591.0	-2.0	-2.0	-2.0	59655.0	10.0	808.5	5.5	25.0	-2.0	2.5	-2.0	0.3103700056672096	-2.0	-2.0	4628.5	-2.0	-2.0	0.782210499048233	-2.0	3.8739999532699585	-2.0	-2.0	2827.0	554014.0	479776.0	-2.0	491050.0	-2.0	-2.0	49.444950103759766	11.0	-2.0	655.0	30568.5	-2.0	1167965.0	-2.0	-2.0	0.002599604951683432	21189.5	-2.0	7.0	-2.0	-2.0	-2.0	-2.0	17.617499828338623	9737.5	3098.5	2875.0	-2.0	-2.0	50038.0	-2.0	50512.0	-2.0	-2.0	7.757644891738892	-2.0	-2.0	13983.0	-2.0	-2.0	243.5	14.077399730682373	346.0	-2.0	11.5	12.5	8.485360145568848	18460.5	655875.0	-2.0	-2.0	15068250.0	-2.0	3.4998499155044556	-2.0	-2.0	-2.0	1.348289966583252	6291455.0	-2.0	-2.0	2.489004998551536e-06	-2.0	0.0001408850002917461	-2.0	-2.0	0.9109014868736267	-2.0	-2.0	144.5	672.0	-2.0	1.2659000158309937	-2.0	6.0	39.5	-2.0	-2.0	1243881.5	-2.0	23.0	-2.0	-2.0	13.080299854278564	-2.0	-2.0	15.415299415588379	3058.5	2.2032749711797806e-05	1548.5	-2.0	-2.0	-2.0	-2.0	0.0002743814984569326	10973.0	5371295.0	32.0	21.0	-2.0	-2.0	-2.0	64135.0	48000.0	-2.0	-2.0	-2.0	-2.0	249.56749725341797	26.6983003616333	-2.0	-2.0	0.001237321994267404	-2.0	-2.0
# Feature
9	4	-2	0	2	3	-2	-2	-2	0	-2	2	-2	8	7	-2	7	8	-2	-2	-2	3	0	-2	-2	-2	1	8	1	8	1	-2	5	-2	7	-2	-2	2	-2	-2	7	-2	3	-2	-2	5	2	2	-2	2	-2	-2	3	9	-2	8	1	-2	2	-2	-2	4	8	-2	6	-2	-2	-2	-2	3	5	5	5	-2	-2	8	-2	0	-2	-2	3	-2	-2	5	-2	-2	5	3	8	-2	9	5	3	8	2	-2	-2	2	-2	3	-2	-2	-2	7	0	-2	-2	4	-2	4	-2	-2	7	-2	-2	5	8	-2	7	-2	9	5	-2	-2	8	-2	9	-2	-2	7	-2	-2	3	5	4	5	-2	-2	-2	-2	4	5	2	9	9	-2	-2	-2	8	8	-2	-2	-2	-2	7	7	-2	-2	4	-2	-2
# Values
82.0	1058.0	79.0	75.0	46.0	339.0
0.0	12.0	0.0	0.0	0.0	295.0
0.0	0.0	0.0	0.0	0.0	149.0
0.0	12.0	0.0	0.0	0.0	146.0
0.0	1.0	0.0	0.0	0.0	108.0
0.0	1.0	0.0	0.0	0.0	19.0
0.0	0.0	0.0	0.0	0.0	19.0
0.0	1.0	0.0	0.0	0.0	0.0
0.0	0.0	0.0	0.0	0.0	89.0
0.0	11.0	0.0	0.0	0.0	38.0
0.0	6.0	0.0	0.0	0.0	0.0
0.0	5.0	0.0	0.0	0.0	38.0
0.0	1.0	0.0	0.0	0.0	0.0
0.0	4.0	0.0	0.0	0.0	38.0
0.0	3.0	0.0	0.0	0.0	7.0
0.0	0.0	0.0	0.0	0.0	5.0
0.0	3.0	0.0	0.0	0.0	2.0
0.0	2.0	0.0	0.0	0.0	2.0
0.0	1.0	0.0	0.0	0.0	1.0
0.0	1.0	0.0	0.0	0.0	1.0
0.0	1.0	0.0	0.0	0.0	0.0
0.0	1.0	0.0	0.0	0.0	31.0
0.0	1.0	0.0	0.0	0.0	5.0
0.0	0.0	0.0	0.0	0.0	5.0
0.0	1.0	0.0	0.0	0.0	0.0
0.0	0.0	0.0	0.0	0.0	26.0
82.0	1046.0	79.0	75.0	46.0	44.0
37.0	964.0	65.0	1.0	7.0	14.0
2.0	27.0	61.0	0.0	0.0	0.0
2.0	25.0	8.0	0.0	0.0	0.0
2.0	1.0	7.0	0.0	0.0	0.0
2.0	0.0	0.0	0.0	0.0	0.0
0.0	1.0	7.0	0.0	0.0	0.0
0.0	0.0	6.0	0.0	0.0	0.0
0.0	1.0	1.0	0.0	0.0	0.0
0.0	1.0	0.0	0.0	0.0	0.0
0.0	0.0	1.0	0.0	0.0	0.0
0.0	24.0	1.0	0.0	0.0	0.0
0.0	24.0	0.0	0.0	0.0	0.0
0.0	0.0	1.0	0.0	0.0	0.0
0.0	2.0	53.0	0.0	0.0	0.0
0.0	0.0	49.0	0.0	0.0	0.0
0.0	2.0	4.0	0.0	0.0	0.0
0.0	2.0	0.0	0.0	0.0	0.0
0.0	0.0	4.0	0.0	0.0	0.0
35.0	937.0	4.0	1.0	7.0	14.0
0.0	927.0	4.0	1.0	0.0	14.0
0.0	834.0	1.0	0.0	0.0	0.0
0.0	824.0	0.0	0.0	0.0	0.0
0.0	10.0	1.0	0.0	0.0	0.0
0.0	0.0	1.0	0.0	0.0	0.0
0.0	10.0	0.0	0.0	0.0	0.0
0.0	93.0	3.0	1.0	0.0	14.0
0.0	21.0	3.0	1.0	0.0	14.0
0.0	17.0	0.0	0.0	0.0	0.0
0.0	4.0	3.0	1.0	0.0	14.0
0.0	2.0	3.0	1.0	0.0	0.0
0.0	0.0	3.0	0.0	0.0	0.0
0.0	2.0	0.0	1.0	0.0	0.0
0.0	2.0	0.0	0.0	0.0	0.0
0.0	0.0	0.0	1.0	0.0	0.0
0.0	2.0	0.0	0.0	0.0	14.0
0.0	1.0	0.0	0.0	0.0	14.0
0.0	0.0	0.0	0.0	0.0	13.0
0.0	1.0	0.0	0.0	0.0	1.0
0.0	0.0	0.0	0.0	0.0	1.0
0.0	1.0	0.0	0.0	0.0	0.0
0.0	1.0	0.0	0.0	0.0	0.0
0.0	72.0	0.0	0.0	0.0	0.0
35.0	10.0	0.0	0.0	7.0	0.0
32.0	3.0	0.0	0.0	7.0	0.0
30.0	3.0	0.0	0.0	2.0	0.0
3.0	3.0	0.0	0.0	0.0	0.0
3.0	0.0	0.0	0.0	0.0	0.0
0.0	3.0	0.0	0.0	0.0	0.0
27.0	0.0	0.0	0.0	2.0	0.0
23.0	0.0	0.0	0.0	0.0	0.0
4.0	0.0	0.0	0.0	2.0	0.0
0.0	0.0	0.0	0.0	2.0	0.0
4.0	0.0	0.0	0.0	0.0	0.0
2.0	0.0	0.0	0.0	5.0	0.0
0.0	0.0	0.0	0.0	5.0	0.0
2.0	0.0	0.0	0.0	0.0	0.0
3.0	7.0	0.0	0.0	0.0	0.0
0.0	7.0	0.0	0.0	0.0	0.0
3.0	0.0	0.0	0.0	0.0	0.0
45.0	82.0	14.0	74.0	39.0	30.0
3.0	63.0	14.0	74.0	2.0	21.0
3.0	50.0	14.0	3.0	0.0	15.0
0.0	0.0	14.0	0.0	0.0	0.0
3.0	50.0	0.0	3.0	0.0	15.0
3.0	50.0	0.0	1.0	0.0	11.0
0.0	37.0	0.0	1.0	0.0	3.0
0.0	37.0	0.0	0.0	0.0	3.0
0.0	4.0	0.0	0.0	0.0	2.0
0.0	4.0	0.0	0.0	0.0	0.0
0.0	0.0	0.0	0.0	0.0	2.0
0.0	33.0	0.0	0.0	0.0	1.0
0.0	30.0	0.0	0.0	0.0	0.0
0.0	3.0	0.0	0.0	0.0	1.0
0.0	3.0	0.0	0.0	0.0	0.0
0.0	0.0	0.0	0.0	0.0	1.0
0.0	0.0	0.0	1.0	0.0	0.0
3.0	13.0	0.0	0.0	0.0	8.0
3.0	0.0	0.0	0.0	0.0	6.0
0.0	0.0	0.0	0.0	0.0	6.0
3.0	0.0	0.0	0.0	0.0	0.0
0.0	13.0	0.0	0.0	0.0	2.0
0.0	0.0	0.0	0.0	0.0	1.0
0.0	13.0	0.0	0.0	0.0	1.0
0.0	13.0	0.0	0.0	0.0	0.0
0.0	0.0	0.0	0.0	0.0	1.0
0.0	0.0	0.0	2.0	0.0	4.0
0.0	0.0	0.0	0.0	0.0	4.0
0.0	0.0	0.0	2.0	0.0	0.0
0.0	13.0	0.0	71.0	2.0	6.0
0.0	5.0	0.0	71.0	1.0	6.0
0.0	0.0	0.0	0.0	0.0	4.0
0.0	5.0	0.0	71.0	1.0	2.0
0.0	0.0	0.0	0.0	0.0	2.0
0.0	5.0	0.0	71.0	1.0	0.0
0.0	5.0	0.0	8.0	0.0	0.0
0.0	0.0	0.0	8.0	0.0	0.0
0.0	5.0	0.0	0.0	0.0	0.0
0.0	0.0	0.0	63.0	1.0	0.0
0.0	0.0	0.0	62.0	0.0	0.0
0.0	0.0	0.0	1.0	1.0	0.0
0.0	0.0	0.0	0.0	1.0	0.0
0.0	0.0	0.0	1.0	0.0	0.0
0.0	8.0	0.0	0.0	1.0	0.0
0.0	0.0	0.0	0.0	1.0	0.0
0.0	8.0	0.0	0.0	0.0	0.0
42.0	19.0	0.0	0.0	37.0	9.0
40.0	3.0	0.0	0.0	0.0	1.0
1.0	3.0	0.0	0.0	0.0	1.0
1.0	0.0	0.0	0.0	0.0	1.0
0.0	0.0	0.0	0.0	0.0	1.0
1.0	0.0	0.0	0.0	0.0	0.0
0.0	3.0	0.0	0.0	0.0	0.0
39.0	0.0	0.0	0.0	0.0	0.0
2.0	16.0	0.0	0.0	37.0	8.0
2.0	1.0	0.0	0.0	30.0	7.0
0.0	1.0	0.0	0.0	30.0	7.0
0.0	1.0	0.0	0.0	7.0	6.0
0.0	1.0	0.0	0.0	0.0	6.0
0.0	0.0	0.0	0.0	0.0	6.0
0.0	1.0	0.0	0.0	0.0	0.0
0.0	0.0	0.0	0.0	7.0	0.0
0.0	0.0	0.0	0.0	23.0	1.0
0.0	0.0	0.0	0.0	1.0	1.0
0.0	0.0	0.0	0.0	1.0	0.0
0.0	0.0	0.0	0.0	0.0	1.0
0.0	0.0	0.0	0.0	22.0	0.0
2.0	0.0	0.0	0.0	0.0	0.0
0.0	15.0	0.0	0.0	7.0	1.0
0.0	15.0	0.0	0.0	2.0	0.0
0.0	0.0	0.0	0.0	2.0	0.0
0.0	15.0	0.0	0.0	0.0	0.0
0.0	0.0	0.0	0.0	5.0	1.0
0.0	0.0	0.0	0.0	0.0	1.0
0.0	0.0	0.0	0.0	5.0	0.0
