# Sizes (NFeatures, Nclasses, NodeCount, MaxDepth)
10	6	179	14
# Classes
0.0	1.0	2.0	3.0	4.0	5.0
# Feature Names
Nrows	Ncols	Nnnz	AvgNnnz	Density	MaxRowNnnz	MinRowNnnz	StdRowNnnz	NDiags	NTrueDiags
# Left
1	2	3	-1	5	6	7	8	-1	-1	-1	12	-1	-1	15	-1	-1	-1	19	20	21	-1	23	24	25	-1	-1	-1	29	-1	-1	32	33	34	35	-1	-1	38	39	-1	41	-1	-1	44	-1	-1	47	48	49	50	-1	-1	53	54	55	-1	57	-1	-1	-1	61	-1	-1	-1	-1	66	67	68	69	70	71	72	73	-1	75	-1	-1	78	-1	-1	-1	-1	-1	-1	85	-1	-1	-1	89	90	91	92	93	-1	95	96	-1	98	-1	-1	101	102	-1	-1	-1	106	-1	-1	109	110	-1	-1	113	114	115	116	117	118	-1	-1	-1	122	123	124	-1	-1	127	128	-1	-1	-1	132	133	-1	-1	-1	137	138	-1	140	-1	-1	-1	144	145	-1	-1	148	-1	-1	151	-1	153	-1	-1	156	157	158	-1	160	-1	-1	-1	164	165	-1	167	-1	-1	170	-1	172	-1	-1	175	-1	177	-1	-1
# Right
18	17	4	-1	14	11	10	9	-1	-1	-1	13	-1	-1	16	-1	-1	-1	88	31	22	-1	28	27	26	-1	-1	-1	30	-1	-1	65	46	37	36	-1	-1	43	40	-1	42	-1	-1	45	-1	-1	64	63	52	51	-1	-1	60	59	56	-1	58	-1	-1	-1	62	-1	-1	-1	-1	87	84	83	82	81	80	77	74	-1	76	-1	-1	79	-1	-1	-1	-1	-1	-1	86	-1	-1	-1	174	155	108	105	94	-1	100	97	-1	99	-1	-1	104	103	-1	-1	-1	107	-1	-1	112	111	-1	-1	150	143	136	121	120	119	-1	-1	-1	131	126	125	-1	-1	130	129	-1	-1	-1	135	134	-1	-1	-1	142	139	-1	141	-1	-1	-1	147	146	-1	-1	149	-1	-1	152	-1	154	-1	-1	163	162	159	-1	161	-1	-1	-1	169	166	-1	168	-1	-1	171	-1	173	-1	-1	176	-1	178	-1	-1
# Threshold
0.5	7608.0	2958.5	-2.0	0.0024860050762072206	10368.5	14.5	6404.0	-2.0	-2.0	-2.0	12.340330600738525	-2.0	-2.0	1908.0	-2.0	-2.0	-2.0	59655.0	10.0	0.003523894934915006	-2.0	5.5	4.5	133.0	-2.0	-2.0	-2.0	5.766664981842041	-2.0	-2.0	3098.0	548798.5	12.0	0.6721940040588379	-2.0	-2.0	2775.0	479364.0	-2.0	1.7997850179672241	-2.0	-2.0	20.62934970855713	-2.0	-2.0	49.12154960632324	250.0	120.0	48.0	-2.0	-2.0	1677680.0	37.0	0.00044871700811199844	-2.0	19.0	-2.0	-2.0	-2.0	1.5	-2.0	-2.0	-2.0	-2.0	0.0024545049527660012	17539.0	74.61865234375	49027.5	74.4176025390625	575863.5	12.238000392913818	8550.5	-2.0	30003.5	-2.0	-2.0	5820.0	-2.0	-2.0	-2.0	-2.0	-2.0	-2.0	0.0010426009830553085	-2.0	-2.0	-2.0	10973.0	14.0	3542875.0	2956.0	346.0	-2.0	0.00014437150093726814	8.5	-2.0	11.649779796600342	-2.0	-2.0	9.849375009536743	1311486.0	-2.0	-2.0	-2.0	18.600125312805176	-2.0	-2.0	3.4986499547958374	12.5	-2.0	-2.0	0.00039013799687381834	26148000.0	6353.5	10.5	0.2689500004053116	3.0	-2.0	-2.0	-2.0	0.00022758400154998526	5336.0	9.0	-2.0	-2.0	1.5	10285990.0	-2.0	-2.0	-2.0	0.0002849239972420037	61.13360023498535	-2.0	-2.0	-2.0	12.0	7008.0	-2.0	31.082900047302246	-2.0	-2.0	-2.0	134.0	2259582.5	-2.0	-2.0	3.5	-2.0	-2.0	41.72940015792847	-2.0	387.8055114746094	-2.0	-2.0	3681.0	33.5487003326416	16.5	-2.0	2451018.5	-2.0	-2.0	-2.0	162.0	122306000.0	-2.0	20.0	-2.0	-2.0	114379.5	-2.0	56.5	-2.0	-2.0	4.0	-2.0	2.0	-2.0	-2.0
# Feature
9	0	0	-2	4	8	5	0	-2	-2	-2	7	-2	-2	8	-2	-2	-2	1	8	4	-2	8	5	0	-2	-2	-2	3	-2	-2	5	2	8	7	-2	-2	5	2	-2	7	-2	-2	7	-2	-2	3	5	8	8	-2	-2	2	5	4	-2	9	-2	-2	-2	6	-2	-2	-2	-2	4	5	7	1	7	2	3	5	-2	1	-2	-2	5	-2	-2	-2	-2	-2	-2	4	-2	-2	-2	5	9	2	5	8	-2	4	9	-2	3	-2	-2	7	2	-2	-2	-2	3	-2	-2	3	5	-2	-2	4	2	5	5	7	6	-2	-2	-2	4	8	9	-2	-2	9	2	-2	-2	-2	4	7	-2	-2	-2	9	5	-2	7	-2	-2	-2	5	8	-2	-2	9	-2	-2	7	-2	7	-2	-2	8	3	5	-2	0	-2	-2	-2	5	2	-2	9	-2	-2	0	-2	9	-2	-2	9	-2	6	-2	-2
# Values
74.0	1069.0	70.0	66.0	40.0	360.0
0.0	14.0	0.0	0.0	0.0	292.0
0.0	14.0	0.0	0.0	0.0	127.0
0.0	0.0	0.0	0.0	0.0	102.0
0.0	14.0	0.0	0.0	0.0	25.0
0.0	3.0	0.0	0.0	0.0	24.0
0.0	1.0	0.0	0.0	0.0	22.0
0.0	1.0	0.0	0.0	0.0	2.0
0.0	1.0	0.0	0.0	0.0	0.0
0.0	0.0	0.0	0.0	0.0	2.0
0.0	0.0	0.0	0.0	0.0	20.0
0.0	2.0	0.0	0.0	0.0	2.0
0.0	2.0	0.0	0.0	0.0	0.0
0.0	0.0	0.0	0.0	0.0	2.0
0.0	11.0	0.0	0.0	0.0	1.0
0.0	0.0	0.0	0.0	0.0	1.0
0.0	11.0	0.0	0.0	0.0	0.0
0.0	0.0	0.0	0.0	0.0	165.0
74.0	1055.0	70.0	66.0	40.0	68.0
29.0	949.0	59.0	2.0	10.0	9.0
0.0	22.0	54.0	0.0	0.0	0.0
0.0	0.0	42.0	0.0	0.0	0.0
0.0	22.0	12.0	0.0	0.0	0.0
0.0	1.0	9.0	0.0	0.0	0.0
0.0	1.0	2.0	0.0	0.0	0.0
0.0	0.0	2.0	0.0	0.0	0.0
0.0	1.0	0.0	0.0	0.0	0.0
0.0	0.0	7.0	0.0	0.0	0.0
0.0	21.0	3.0	0.0	0.0	0.0
0.0	21.0	0.0	0.0	0.0	0.0
0.0	0.0	3.0	0.0	0.0	0.0
29.0	927.0	5.0	2.0	10.0	9.0
1.0	919.0	5.0	2.0	0.0	9.0
1.0	830.0	3.0	0.0	0.0	0.0
0.0	8.0	2.0	0.0	0.0	0.0
0.0	0.0	2.0	0.0	0.0	0.0
0.0	8.0	0.0	0.0	0.0	0.0
1.0	822.0	1.0	0.0	0.0	0.0
0.0	818.0	1.0	0.0	0.0	0.0
0.0	804.0	0.0	0.0	0.0	0.0
0.0	14.0	1.0	0.0	0.0	0.0
0.0	0.0	1.0	0.0	0.0	0.0
0.0	14.0	0.0	0.0	0.0	0.0
1.0	4.0	0.0	0.0	0.0	0.0
1.0	0.0	0.0	0.0	0.0	0.0
0.0	4.0	0.0	0.0	0.0	0.0
0.0	89.0	2.0	2.0	0.0	9.0
0.0	24.0	2.0	2.0	0.0	9.0
0.0	24.0	2.0	2.0	0.0	4.0
0.0	0.0	2.0	1.0	0.0	0.0
0.0	0.0	2.0	0.0	0.0	0.0
0.0	0.0	0.0	1.0	0.0	0.0
0.0	24.0	0.0	1.0	0.0	4.0
0.0	23.0	0.0	1.0	0.0	1.0
0.0	2.0	0.0	1.0	0.0	1.0
0.0	2.0	0.0	0.0	0.0	0.0
0.0	0.0	0.0	1.0	0.0	1.0
0.0	0.0	0.0	1.0	0.0	0.0
0.0	0.0	0.0	0.0	0.0	1.0
0.0	21.0	0.0	0.0	0.0	0.0
0.0	1.0	0.0	0.0	0.0	3.0
0.0	1.0	0.0	0.0	0.0	0.0
0.0	0.0	0.0	0.0	0.0	3.0
0.0	0.0	0.0	0.0	0.0	5.0
0.0	65.0	0.0	0.0	0.0	0.0
28.0	8.0	0.0	0.0	10.0	0.0
28.0	1.0	0.0	0.0	10.0	0.0
27.0	1.0	0.0	0.0	6.0	0.0
13.0	1.0	0.0	0.0	6.0	0.0
13.0	1.0	0.0	0.0	4.0	0.0
13.0	1.0	0.0	0.0	2.0	0.0
13.0	0.0	0.0	0.0	2.0	0.0
12.0	0.0	0.0	0.0	1.0	0.0
10.0	0.0	0.0	0.0	0.0	0.0
2.0	0.0	0.0	0.0	1.0	0.0
2.0	0.0	0.0	0.0	0.0	0.0
0.0	0.0	0.0	0.0	1.0	0.0
1.0	0.0	0.0	0.0	1.0	0.0
1.0	0.0	0.0	0.0	0.0	0.0
0.0	0.0	0.0	0.0	1.0	0.0
0.0	1.0	0.0	0.0	0.0	0.0
0.0	0.0	0.0	0.0	2.0	0.0
0.0	0.0	0.0	0.0	2.0	0.0
14.0	0.0	0.0	0.0	0.0	0.0
1.0	0.0	0.0	0.0	4.0	0.0
0.0	0.0	0.0	0.0	4.0	0.0
1.0	0.0	0.0	0.0	0.0	0.0
0.0	7.0	0.0	0.0	0.0	0.0
45.0	106.0	11.0	64.0	30.0	59.0
14.0	106.0	11.0	64.0	29.0	59.0
14.0	99.0	7.0	14.0	16.0	34.0
9.0	59.0	5.0	2.0	0.0	4.0
0.0	58.0	5.0	2.0	0.0	4.0
0.0	0.0	5.0	0.0	0.0	0.0
0.0	58.0	0.0	2.0	0.0	4.0
0.0	55.0	0.0	0.0	0.0	1.0
0.0	54.0	0.0	0.0	0.0	0.0
0.0	1.0	0.0	0.0	0.0	1.0
0.0	0.0	0.0	0.0	0.0	1.0
0.0	1.0	0.0	0.0	0.0	0.0
0.0	3.0	0.0	2.0	0.0	3.0
0.0	0.0	0.0	2.0	0.0	3.0
0.0	0.0	0.0	0.0	0.0	3.0
0.0	0.0	0.0	2.0	0.0	0.0
0.0	3.0	0.0	0.0	0.0	0.0
9.0	1.0	0.0	0.0	0.0	0.0
9.0	0.0	0.0	0.0	0.0	0.0
0.0	1.0	0.0	0.0	0.0	0.0
5.0	40.0	2.0	12.0	16.0	30.0
1.0	13.0	0.0	0.0	0.0	0.0
0.0	13.0	0.0	0.0	0.0	0.0
1.0	0.0	0.0	0.0	0.0	0.0
4.0	27.0	2.0	12.0	16.0	30.0
4.0	15.0	2.0	11.0	16.0	29.0
1.0	15.0	2.0	3.0	10.0	28.0
0.0	10.0	2.0	3.0	1.0	24.0
0.0	7.0	2.0	0.0	0.0	3.0
0.0	0.0	2.0	0.0	0.0	3.0
0.0	0.0	0.0	0.0	0.0	3.0
0.0	0.0	2.0	0.0	0.0	0.0
0.0	7.0	0.0	0.0	0.0	0.0
0.0	3.0	0.0	3.0	1.0	21.0
0.0	2.0	0.0	1.0	0.0	21.0
0.0	1.0	0.0	1.0	0.0	0.0
0.0	1.0	0.0	0.0	0.0	0.0
0.0	0.0	0.0	1.0	0.0	0.0
0.0	1.0	0.0	0.0	0.0	21.0
0.0	1.0	0.0	0.0	0.0	1.0
0.0	0.0	0.0	0.0	0.0	1.0
0.0	1.0	0.0	0.0	0.0	0.0
0.0	0.0	0.0	0.0	0.0	20.0
0.0	1.0	0.0	2.0	1.0	0.0
0.0	1.0	0.0	0.0	1.0	0.0
0.0	1.0	0.0	0.0	0.0	0.0
0.0	0.0	0.0	0.0	1.0	0.0
0.0	0.0	0.0	2.0	0.0	0.0
1.0	5.0	0.0	0.0	9.0	4.0
1.0	0.0	0.0	0.0	9.0	4.0
0.0	0.0	0.0	0.0	7.0	0.0
1.0	0.0	0.0	0.0	2.0	4.0
0.0	0.0	0.0	0.0	2.0	4.0
1.0	0.0	0.0	0.0	0.0	0.0
0.0	5.0	0.0	0.0	0.0	0.0
3.0	0.0	0.0	8.0	6.0	1.0
0.0	0.0	0.0	8.0	0.0	1.0
0.0	0.0	0.0	8.0	0.0	0.0
0.0	0.0	0.0	0.0	0.0	1.0
3.0	0.0	0.0	0.0	6.0	0.0
3.0	0.0	0.0	0.0	0.0	0.0
0.0	0.0	0.0	0.0	6.0	0.0
0.0	12.0	0.0	1.0	0.0	1.0
0.0	0.0	0.0	1.0	0.0	0.0
0.0	12.0	0.0	0.0	0.0	1.0
0.0	12.0	0.0	0.0	0.0	0.0
0.0	0.0	0.0	0.0	0.0	1.0
0.0	7.0	4.0	50.0	13.0	25.0
0.0	0.0	4.0	3.0	0.0	21.0
0.0	0.0	4.0	3.0	0.0	1.0
0.0	0.0	4.0	0.0	0.0	0.0
0.0	0.0	0.0	3.0	0.0	1.0
0.0	0.0	0.0	3.0	0.0	0.0
0.0	0.0	0.0	0.0	0.0	1.0
0.0	0.0	0.0	0.0	0.0	20.0
0.0	7.0	0.0	47.0	13.0	4.0
0.0	0.0	0.0	47.0	2.0	0.0
0.0	0.0	0.0	44.0	0.0	0.0
0.0	0.0	0.0	3.0	2.0	0.0
0.0	0.0	0.0	0.0	2.0	0.0
0.0	0.0	0.0	3.0	0.0	0.0
0.0	7.0	0.0	0.0	11.0	4.0
0.0	7.0	0.0	0.0	0.0	0.0
0.0	0.0	0.0	0.0	11.0	4.0
0.0	0.0	0.0	0.0	11.0	0.0
0.0	0.0	0.0	0.0	0.0	4.0
31.0	0.0	0.0	0.0	1.0	0.0
30.0	0.0	0.0	0.0	0.0	0.0
1.0	0.0	0.0	0.0	1.0	0.0
0.0	0.0	0.0	0.0	1.0	0.0
1.0	0.0	0.0	0.0	0.0	0.0
