# Sizes (NFeatures, Nclasses, NodeCount, MaxDepth)
10	6	165	11
# Classes
0.0	1.0	2.0	3.0	4.0	5.0
# Feature Names
Nrows	Ncols	Nnnz	AvgNnnz	Density	MaxRowNnnz	MinRowNnnz	StdRowNnnz	NDiags	NTrueDiags
# Left
1	2	3	4	-1	-1	-1	8	9	10	-1	-1	13	14	15	-1	-1	-1	19	-1	-1	-1	23	24	25	26	-1	28	-1	-1	31	32	-1	-1	35	-1	-1	38	39	40	41	-1	43	-1	-1	46	-1	48	-1	50	51	-1	-1	-1	55	56	-1	58	-1	-1	61	-1	63	64	-1	-1	-1	68	69	70	71	-1	73	-1	-1	76	-1	-1	79	80	-1	-1	83	-1	-1	-1	87	88	89	-1	91	92	93	-1	95	-1	-1	-1	99	100	101	-1	-1	104	-1	106	-1	-1	109	-1	111	-1	-1	114	-1	-1	117	118	119	-1	-1	122	-1	124	125	126	-1	-1	129	130	131	-1	-1	-1	135	-1	-1	138	139	-1	-1	-1	143	144	-1	146	-1	148	-1	150	-1	-1	153	-1	155	156	157	158	-1	-1	161	-1	-1	-1	-1
# Right
22	7	6	5	-1	-1	-1	21	12	11	-1	-1	18	17	16	-1	-1	-1	20	-1	-1	-1	86	37	30	27	-1	29	-1	-1	34	33	-1	-1	36	-1	-1	67	54	45	42	-1	44	-1	-1	47	-1	49	-1	53	52	-1	-1	-1	60	57	-1	59	-1	-1	62	-1	66	65	-1	-1	-1	85	78	75	72	-1	74	-1	-1	77	-1	-1	82	81	-1	-1	84	-1	-1	-1	116	113	90	-1	98	97	94	-1	96	-1	-1	-1	108	103	102	-1	-1	105	-1	107	-1	-1	110	-1	112	-1	-1	115	-1	-1	142	121	120	-1	-1	123	-1	137	128	127	-1	-1	134	133	132	-1	-1	-1	136	-1	-1	141	140	-1	-1	-1	152	145	-1	147	-1	149	-1	151	-1	-1	154	-1	164	163	160	159	-1	-1	162	-1	-1	-1	-1
# Threshold
0.5	8.42464542388916	14.5	3.054015040397644	-2.0	-2.0	-2.0	94.0	10.928725242614746	2586.5	-2.0	-2.0	21.76650047302246	5805.5	62.0	-2.0	-2.0	-2.0	18.103249549865723	-2.0	-2.0	-2.0	59659.0	10.0	0.003523894934915006	0.782210499048233	-2.0	1.0440050065517426	-2.0	-2.0	5.5	0.03031849954277277	-2.0	-2.0	4318.0	-2.0	-2.0	3183.0	38589.0	34.0	7529.5	-2.0	0.0004414114955579862	-2.0	-2.0	886489.5	-2.0	932819.5	-2.0	0.0017487449804320931	0.0014796450268477201	-2.0	-2.0	-2.0	22.0	2588.0	-2.0	321522.5	-2.0	-2.0	44969.5	-2.0	12.33471965789795	35.35169982910156	-2.0	-2.0	-2.0	0.0035273550893180072	47217.0	3.0	17539.0	-2.0	61.0	-2.0	-2.0	30724.5	-2.0	-2.0	50512.0	4256.5	-2.0	-2.0	53312.5	-2.0	-2.0	-2.0	10.527550220489502	2073.0	671.0	-2.0	5558835.0	7827.5	2672.0	-2.0	9.525145053863525	-2.0	-2.0	-2.0	4137180.0	4.501639949694436e-07	9117645.0	-2.0	-2.0	4.368500053882599	-2.0	362.0	-2.0	-2.0	18.5	-2.0	37748650.0	-2.0	-2.0	9.597099781036377	-2.0	-2.0	144.5	662.0	16.5	-2.0	-2.0	992586.0	-2.0	104.5	1.2659000158309937	23.742350578308105	-2.0	-2.0	122306000.0	15.774449825286865	137438.5	-2.0	-2.0	-2.0	5255180.0	-2.0	-2.0	10.0	14.412099838256836	-2.0	-2.0	-2.0	117920.5	5911.0	-2.0	7722.0	-2.0	24989.5	-2.0	159732.0	-2.0	-2.0	3.5	-2.0	0.0005050785111961886	15.0	6353.5	1749466.0	-2.0	-2.0	37.05110168457031	-2.0	-2.0	-2.0	-2.0
# Feature
9	7	5	7	-2	-2	-2	5	3	8	-2	-2	3	8	5	-2	-2	-2	7	-2	-2	-2	0	8	4	7	-2	7	-2	-2	8	4	-2	-2	2	-2	-2	5	0	8	1	-2	4	-2	-2	2	-2	2	-2	4	4	-2	-2	-2	9	5	-2	2	-2	-2	0	-2	7	3	-2	-2	-2	4	8	6	5	-2	9	-2	-2	1	-2	-2	1	5	-2	-2	0	-2	-2	-2	3	5	8	-2	2	8	8	-2	3	-2	-2	-2	8	4	0	-2	-2	7	-2	5	-2	-2	5	-2	2	-2	-2	3	-2	-2	5	8	5	-2	-2	2	-2	5	7	3	-2	-2	2	3	1	-2	-2	-2	1	-2	-2	6	7	-2	-2	-2	1	5	-2	5	-2	5	-2	8	-2	-2	9	-2	4	9	5	8	-2	-2	3	-2	-2	-2	-2
# Values
71.0	1079.0	90.0	73.0	39.0	327.0
0.0	15.0	0.0	0.0	0.0	286.0
0.0	1.0	0.0	0.0	0.0	173.0
0.0	1.0	0.0	0.0	0.0	35.0
0.0	0.0	0.0	0.0	0.0	35.0
0.0	1.0	0.0	0.0	0.0	0.0
0.0	0.0	0.0	0.0	0.0	138.0
0.0	14.0	0.0	0.0	0.0	113.0
0.0	14.0	0.0	0.0	0.0	17.0
0.0	8.0	0.0	0.0	0.0	1.0
0.0	0.0	0.0	0.0	0.0	1.0
0.0	8.0	0.0	0.0	0.0	0.0
0.0	6.0	0.0	0.0	0.0	16.0
0.0	1.0	0.0	0.0	0.0	15.0
0.0	1.0	0.0	0.0	0.0	6.0
0.0	0.0	0.0	0.0	0.0	6.0
0.0	1.0	0.0	0.0	0.0	0.0
0.0	0.0	0.0	0.0	0.0	9.0
0.0	5.0	0.0	0.0	0.0	1.0
0.0	0.0	0.0	0.0	0.0	1.0
0.0	5.0	0.0	0.0	0.0	0.0
0.0	0.0	0.0	0.0	0.0	96.0
71.0	1064.0	90.0	73.0	39.0	41.0
32.0	968.0	72.0	1.0	9.0	6.0
0.0	18.0	67.0	0.0	0.0	0.0
0.0	3.0	51.0	0.0	0.0	0.0
0.0	0.0	44.0	0.0	0.0	0.0
0.0	3.0	7.0	0.0	0.0	0.0
0.0	3.0	0.0	0.0	0.0	0.0
0.0	0.0	7.0	0.0	0.0	0.0
0.0	15.0	16.0	0.0	0.0	0.0
0.0	1.0	14.0	0.0	0.0	0.0
0.0	0.0	14.0	0.0	0.0	0.0
0.0	1.0	0.0	0.0	0.0	0.0
0.0	14.0	2.0	0.0	0.0	0.0
0.0	14.0	0.0	0.0	0.0	0.0
0.0	0.0	2.0	0.0	0.0	0.0
32.0	950.0	5.0	1.0	9.0	6.0
1.0	942.0	5.0	1.0	0.0	6.0
0.0	899.0	5.0	0.0	0.0	2.0
0.0	40.0	5.0	0.0	0.0	0.0
0.0	38.0	0.0	0.0	0.0	0.0
0.0	2.0	5.0	0.0	0.0	0.0
0.0	2.0	0.0	0.0	0.0	0.0
0.0	0.0	5.0	0.0	0.0	0.0
0.0	859.0	0.0	0.0	0.0	2.0
0.0	799.0	0.0	0.0	0.0	0.0
0.0	60.0	0.0	0.0	0.0	2.0
0.0	0.0	0.0	0.0	0.0	1.0
0.0	60.0	0.0	0.0	0.0	1.0
0.0	4.0	0.0	0.0	0.0	1.0
0.0	4.0	0.0	0.0	0.0	0.0
0.0	0.0	0.0	0.0	0.0	1.0
0.0	56.0	0.0	0.0	0.0	0.0
1.0	43.0	0.0	1.0	0.0	4.0
1.0	38.0	0.0	0.0	0.0	0.0
0.0	35.0	0.0	0.0	0.0	0.0
1.0	3.0	0.0	0.0	0.0	0.0
1.0	0.0	0.0	0.0	0.0	0.0
0.0	3.0	0.0	0.0	0.0	0.0
0.0	5.0	0.0	1.0	0.0	4.0
0.0	0.0	0.0	0.0	0.0	3.0
0.0	5.0	0.0	1.0	0.0	1.0
0.0	0.0	0.0	1.0	0.0	1.0
0.0	0.0	0.0	1.0	0.0	0.0
0.0	0.0	0.0	0.0	0.0	1.0
0.0	5.0	0.0	0.0	0.0	0.0
31.0	8.0	0.0	0.0	9.0	0.0
31.0	2.0	0.0	0.0	9.0	0.0
28.0	1.0	0.0	0.0	2.0	0.0
28.0	0.0	0.0	0.0	1.0	0.0
27.0	0.0	0.0	0.0	0.0	0.0
1.0	0.0	0.0	0.0	1.0	0.0
0.0	0.0	0.0	0.0	1.0	0.0
1.0	0.0	0.0	0.0	0.0	0.0
0.0	1.0	0.0	0.0	1.0	0.0
0.0	0.0	0.0	0.0	1.0	0.0
0.0	1.0	0.0	0.0	0.0	0.0
3.0	1.0	0.0	0.0	7.0	0.0
1.0	0.0	0.0	0.0	7.0	0.0
1.0	0.0	0.0	0.0	0.0	0.0
0.0	0.0	0.0	0.0	7.0	0.0
2.0	1.0	0.0	0.0	0.0	0.0
2.0	0.0	0.0	0.0	0.0	0.0
0.0	1.0	0.0	0.0	0.0	0.0
0.0	6.0	0.0	0.0	0.0	0.0
39.0	96.0	18.0	72.0	30.0	35.0
32.0	67.0	13.0	0.0	1.0	14.0
4.0	67.0	13.0	0.0	0.0	14.0
0.0	0.0	13.0	0.0	0.0	0.0
4.0	67.0	0.0	0.0	0.0	14.0
0.0	54.0	0.0	0.0	0.0	5.0
0.0	6.0	0.0	0.0	0.0	5.0
0.0	5.0	0.0	0.0	0.0	0.0
0.0	1.0	0.0	0.0	0.0	5.0
0.0	0.0	0.0	0.0	0.0	5.0
0.0	1.0	0.0	0.0	0.0	0.0
0.0	48.0	0.0	0.0	0.0	0.0
4.0	13.0	0.0	0.0	0.0	9.0
2.0	2.0	0.0	0.0	0.0	8.0
2.0	1.0	0.0	0.0	0.0	0.0
0.0	1.0	0.0	0.0	0.0	0.0
2.0	0.0	0.0	0.0	0.0	0.0
0.0	1.0	0.0	0.0	0.0	8.0
0.0	0.0	0.0	0.0	0.0	7.0
0.0	1.0	0.0	0.0	0.0	1.0
0.0	1.0	0.0	0.0	0.0	0.0
0.0	0.0	0.0	0.0	0.0	1.0
2.0	11.0	0.0	0.0	0.0	1.0
0.0	11.0	0.0	0.0	0.0	0.0
2.0	0.0	0.0	0.0	0.0	1.0
0.0	0.0	0.0	0.0	0.0	1.0
2.0	0.0	0.0	0.0	0.0	0.0
28.0	0.0	0.0	0.0	1.0	0.0
28.0	0.0	0.0	0.0	0.0	0.0
0.0	0.0	0.0	0.0	1.0	0.0
7.0	29.0	5.0	72.0	29.0	21.0
0.0	4.0	5.0	72.0	4.0	11.0
0.0	0.0	5.0	0.0	0.0	6.0
0.0	0.0	5.0	0.0	0.0	0.0
0.0	0.0	0.0	0.0	0.0	6.0
0.0	4.0	0.0	72.0	4.0	5.0
0.0	0.0	0.0	0.0	0.0	2.0
0.0	4.0	0.0	72.0	4.0	3.0
0.0	1.0	0.0	64.0	2.0	3.0
0.0	0.0	0.0	5.0	0.0	3.0
0.0	0.0	0.0	5.0	0.0	0.0
0.0	0.0	0.0	0.0	0.0	3.0
0.0	1.0	0.0	59.0	2.0	0.0
0.0	1.0	0.0	57.0	0.0	0.0
0.0	1.0	0.0	5.0	0.0	0.0
0.0	1.0	0.0	0.0	0.0	0.0
0.0	0.0	0.0	5.0	0.0	0.0
0.0	0.0	0.0	52.0	0.0	0.0
0.0	0.0	0.0	2.0	2.0	0.0
0.0	0.0	0.0	0.0	2.0	0.0
0.0	0.0	0.0	2.0	0.0	0.0
0.0	3.0	0.0	8.0	2.0	0.0
0.0	3.0	0.0	0.0	2.0	0.0
0.0	3.0	0.0	0.0	0.0	0.0
0.0	0.0	0.0	0.0	2.0	0.0
0.0	0.0	0.0	8.0	0.0	0.0
7.0	25.0	0.0	0.0	25.0	10.0
1.0	23.0	0.0	0.0	5.0	7.0
0.0	18.0	0.0	0.0	0.0	0.0
1.0	5.0	0.0	0.0	5.0	7.0
0.0	0.0	0.0	0.0	2.0	7.0
1.0	5.0	0.0	0.0	3.0	0.0
0.0	5.0	0.0	0.0	0.0	0.0
1.0	0.0	0.0	0.0	3.0	0.0
0.0	0.0	0.0	0.0	3.0	0.0
1.0	0.0	0.0	0.0	0.0	0.0
6.0	2.0	0.0	0.0	20.0	3.0
5.0	0.0	0.0	0.0	0.0	0.0
1.0	2.0	0.0	0.0	20.0	3.0
1.0	0.0	0.0	0.0	20.0	3.0
1.0	0.0	0.0	0.0	5.0	3.0
0.0	0.0	0.0	0.0	1.0	3.0
0.0	0.0	0.0	0.0	0.0	3.0
0.0	0.0	0.0	0.0	1.0	0.0
1.0	0.0	0.0	0.0	4.0	0.0
0.0	0.0	0.0	0.0	4.0	0.0
1.0	0.0	0.0	0.0	0.0	0.0
0.0	0.0	0.0	0.0	15.0	0.0
0.0	2.0	0.0	0.0	0.0	0.0
