# Sizes (NFeatures, Nclasses, NodeCount, MaxDepth)
10	6	143	11
# Classes
0.0	1.0	2.0	3.0	4.0	5.0
# Feature Names
Nrows	Ncols	Nnnz	AvgNnnz	Density	MaxRowNnnz	MinRowNnnz	StdRowNnnz	NDiags	NTrueDiags
# Left
1	2	3	4	-1	-1	-1	8	9	-1	-1	-1	13	14	15	16	17	18	-1	-1	-1	22	-1	-1	25	26	-1	-1	29	-1	-1	32	33	34	35	-1	37	-1	-1	40	-1	42	-1	-1	45	46	-1	48	-1	50	-1	52	-1	-1	-1	56	57	58	59	-1	61	62	-1	-1	-1	66	-1	-1	69	-1	71	-1	-1	-1	75	76	77	-1	79	80	81	82	83	-1	-1	86	-1	88	-1	-1	91	-1	-1	94	95	-1	97	-1	-1	100	-1	102	-1	-1	-1	-1	107	108	-1	110	-1	112	113	-1	115	-1	-1	-1	119	120	121	122	-1	124	-1	126	-1	-1	-1	130	-1	132	-1	-1	135	136	137	-1	-1	-1	141	-1	-1
# Right
12	7	6	5	-1	-1	-1	11	10	-1	-1	-1	74	31	24	21	20	19	-1	-1	-1	23	-1	-1	28	27	-1	-1	30	-1	-1	55	44	39	36	-1	38	-1	-1	41	-1	43	-1	-1	54	47	-1	49	-1	51	-1	53	-1	-1	-1	73	68	65	60	-1	64	63	-1	-1	-1	67	-1	-1	70	-1	72	-1	-1	-1	106	105	78	-1	104	93	90	85	84	-1	-1	87	-1	89	-1	-1	92	-1	-1	99	96	-1	98	-1	-1	101	-1	103	-1	-1	-1	-1	118	109	-1	111	-1	117	114	-1	116	-1	-1	-1	134	129	128	123	-1	125	-1	127	-1	-1	-1	131	-1	133	-1	-1	140	139	138	-1	-1	-1	142	-1	-1
# Threshold
0.5	11.41700029373169	2251.0	1942.0	-2.0	-2.0	-2.0	85.0	8073.5	-2.0	-2.0	-2.0	59704.0	10.0	0.0065772749949246645	0.782210499048233	808.5	2.5	-2.0	-2.0	-2.0	10180.0	-2.0	-2.0	1.5	34.0	-2.0	-2.0	764.5	-2.0	-2.0	4645.0	683501.5	12.0	31182.5	-2.0	0.8072110116481781	-2.0	-2.0	547118.5	-2.0	1.7803199887275696	-2.0	-2.0	49.191749572753906	12.0	-2.0	1024.5	-2.0	45.89805030822754	-2.0	153.0	-2.0	-2.0	-2.0	728.8040008544922	74.61865234375	529175.0	1.5	-2.0	18314.0	12.203450202941895	-2.0	-2.0	-2.0	46589.5	-2.0	-2.0	17539.0	-2.0	40507.0	-2.0	-2.0	-2.0	15.788649559020996	2745.0	350.5	-2.0	15.0	5746245.0	0.00014437150093726814	7045.5	2.5	-2.0	-2.0	570884.5	-2.0	665021.5	-2.0	-2.0	1.5	-2.0	-2.0	5.99918007850647	3.0	-2.0	4.5	-2.0	-2.0	13597750.0	-2.0	4590590.0	-2.0	-2.0	-2.0	-2.0	134.5	1.2659000158309937	-2.0	662.0	-2.0	1325350.0	122306000.0	-2.0	2.3151750610850286e-05	-2.0	-2.0	-2.0	0.0003052269894396886	292080.0	176540.0	0.0002248204982606694	-2.0	9.5	-2.0	6403.5	-2.0	-2.0	-2.0	9226.5	-2.0	16.0	-2.0	-2.0	322.4564971923828	24.821449279785156	16.610049724578857	-2.0	-2.0	-2.0	0.001237321994267404	-2.0	-2.0
# Feature
9	7	2	2	-2	-2	-2	5	8	-2	-2	-2	1	8	4	7	0	6	-2	-2	-2	2	-2	-2	5	2	-2	-2	0	-2	-2	5	2	8	2	-2	7	-2	-2	2	-2	7	-2	-2	3	9	-2	8	-2	3	-2	5	-2	-2	-2	7	7	2	6	-2	1	3	-2	-2	-2	0	-2	-2	5	-2	0	-2	-2	-2	3	5	8	-2	9	2	4	8	9	-2	-2	8	-2	8	-2	-2	6	-2	-2	3	9	-2	5	-2	-2	2	-2	8	-2	-2	-2	-2	5	7	-2	8	-2	8	2	-2	4	-2	-2	-2	4	1	1	4	-2	6	-2	5	-2	-2	-2	5	-2	9	-2	-2	7	7	7	-2	-2	-2	4	-2	-2
# Values
68.0	1077.0	75.0	64.0	53.0	342.0
0.0	10.0	0.0	0.0	0.0	289.0
0.0	1.0	0.0	0.0	0.0	192.0
0.0	1.0	0.0	0.0	0.0	20.0
0.0	0.0	0.0	0.0	0.0	20.0
0.0	1.0	0.0	0.0	0.0	0.0
0.0	0.0	0.0	0.0	0.0	172.0
0.0	9.0	0.0	0.0	0.0	97.0
0.0	9.0	0.0	0.0	0.0	10.0
0.0	9.0	0.0	0.0	0.0	0.0
0.0	0.0	0.0	0.0	0.0	10.0
0.0	0.0	0.0	0.0	0.0	87.0
68.0	1067.0	75.0	64.0	53.0	53.0
19.0	986.0	63.0	0.0	11.0	15.0
1.0	23.0	59.0	0.0	0.0	0.0
0.0	5.0	56.0	0.0	0.0	0.0
0.0	1.0	52.0	0.0	0.0	0.0
0.0	1.0	7.0	0.0	0.0	0.0
0.0	0.0	7.0	0.0	0.0	0.0
0.0	1.0	0.0	0.0	0.0	0.0
0.0	0.0	45.0	0.0	0.0	0.0
0.0	4.0	4.0	0.0	0.0	0.0
0.0	4.0	0.0	0.0	0.0	0.0
0.0	0.0	4.0	0.0	0.0	0.0
1.0	18.0	3.0	0.0	0.0	0.0
1.0	0.0	2.0	0.0	0.0	0.0
1.0	0.0	0.0	0.0	0.0	0.0
0.0	0.0	2.0	0.0	0.0	0.0
0.0	18.0	1.0	0.0	0.0	0.0
0.0	18.0	0.0	0.0	0.0	0.0
0.0	0.0	1.0	0.0	0.0	0.0
18.0	963.0	4.0	0.0	11.0	15.0
0.0	958.0	4.0	0.0	0.0	15.0
0.0	865.0	4.0	0.0	0.0	0.0
0.0	12.0	3.0	0.0	0.0	0.0
0.0	11.0	0.0	0.0	0.0	0.0
0.0	1.0	3.0	0.0	0.0	0.0
0.0	0.0	3.0	0.0	0.0	0.0
0.0	1.0	0.0	0.0	0.0	0.0
0.0	853.0	1.0	0.0	0.0	0.0
0.0	840.0	0.0	0.0	0.0	0.0
0.0	13.0	1.0	0.0	0.0	0.0
0.0	0.0	1.0	0.0	0.0	0.0
0.0	13.0	0.0	0.0	0.0	0.0
0.0	93.0	0.0	0.0	0.0	15.0
0.0	23.0	0.0	0.0	0.0	15.0
0.0	13.0	0.0	0.0	0.0	0.0
0.0	10.0	0.0	0.0	0.0	15.0
0.0	6.0	0.0	0.0	0.0	0.0
0.0	4.0	0.0	0.0	0.0	15.0
0.0	0.0	0.0	0.0	0.0	12.0
0.0	4.0	0.0	0.0	0.0	3.0
0.0	4.0	0.0	0.0	0.0	0.0
0.0	0.0	0.0	0.0	0.0	3.0
0.0	70.0	0.0	0.0	0.0	0.0
18.0	5.0	0.0	0.0	11.0	0.0
18.0	1.0	0.0	0.0	11.0	0.0
3.0	1.0	0.0	0.0	9.0	0.0
2.0	0.0	0.0	0.0	9.0	0.0
1.0	0.0	0.0	0.0	0.0	0.0
1.0	0.0	0.0	0.0	9.0	0.0
1.0	0.0	0.0	0.0	1.0	0.0
1.0	0.0	0.0	0.0	0.0	0.0
0.0	0.0	0.0	0.0	1.0	0.0
0.0	0.0	0.0	0.0	8.0	0.0
1.0	1.0	0.0	0.0	0.0	0.0
1.0	0.0	0.0	0.0	0.0	0.0
0.0	1.0	0.0	0.0	0.0	0.0
15.0	0.0	0.0	0.0	2.0	0.0
14.0	0.0	0.0	0.0	0.0	0.0
1.0	0.0	0.0	0.0	2.0	0.0
0.0	0.0	0.0	0.0	2.0	0.0
1.0	0.0	0.0	0.0	0.0	0.0
0.0	4.0	0.0	0.0	0.0	0.0
49.0	81.0	12.0	64.0	42.0	38.0
48.0	65.0	12.0	8.0	0.0	15.0
4.0	65.0	12.0	8.0	0.0	15.0
0.0	0.0	12.0	0.0	0.0	0.0
4.0	65.0	0.0	8.0	0.0	15.0
4.0	65.0	0.0	0.0	0.0	15.0
0.0	54.0	0.0	0.0	0.0	5.0
0.0	53.0	0.0	0.0	0.0	3.0
0.0	3.0	0.0	0.0	0.0	2.0
0.0	0.0	0.0	0.0	0.0	2.0
0.0	3.0	0.0	0.0	0.0	0.0
0.0	50.0	0.0	0.0	0.0	1.0
0.0	48.0	0.0	0.0	0.0	0.0
0.0	2.0	0.0	0.0	0.0	1.0
0.0	0.0	0.0	0.0	0.0	1.0
0.0	2.0	0.0	0.0	0.0	0.0
0.0	1.0	0.0	0.0	0.0	2.0
0.0	1.0	0.0	0.0	0.0	0.0
0.0	0.0	0.0	0.0	0.0	2.0
4.0	11.0	0.0	0.0	0.0	10.0
0.0	10.0	0.0	0.0	0.0	1.0
0.0	9.0	0.0	0.0	0.0	0.0
0.0	1.0	0.0	0.0	0.0	1.0
0.0	1.0	0.0	0.0	0.0	0.0
0.0	0.0	0.0	0.0	0.0	1.0
4.0	1.0	0.0	0.0	0.0	9.0
0.0	0.0	0.0	0.0	0.0	9.0
4.0	1.0	0.0	0.0	0.0	0.0
0.0	1.0	0.0	0.0	0.0	0.0
4.0	0.0	0.0	0.0	0.0	0.0
0.0	0.0	0.0	8.0	0.0	0.0
44.0	0.0	0.0	0.0	0.0	0.0
1.0	16.0	0.0	56.0	42.0	23.0
0.0	0.0	0.0	56.0	2.0	9.0
0.0	0.0	0.0	0.0	0.0	6.0
0.0	0.0	0.0	56.0	2.0	3.0
0.0	0.0	0.0	0.0	0.0	3.0
0.0	0.0	0.0	56.0	2.0	0.0
0.0	0.0	0.0	56.0	1.0	0.0
0.0	0.0	0.0	54.0	0.0	0.0
0.0	0.0	0.0	2.0	1.0	0.0
0.0	0.0	0.0	2.0	0.0	0.0
0.0	0.0	0.0	0.0	1.0	0.0
0.0	0.0	0.0	0.0	1.0	0.0
1.0	16.0	0.0	0.0	40.0	14.0
1.0	3.0	0.0	0.0	34.0	13.0
0.0	2.0	0.0	0.0	12.0	13.0
0.0	2.0	0.0	0.0	12.0	4.0
0.0	0.0	0.0	0.0	9.0	0.0
0.0	2.0	0.0	0.0	3.0	4.0
0.0	2.0	0.0	0.0	0.0	0.0
0.0	0.0	0.0	0.0	3.0	4.0
0.0	0.0	0.0	0.0	0.0	1.0
0.0	0.0	0.0	0.0	3.0	3.0
0.0	0.0	0.0	0.0	0.0	9.0
1.0	1.0	0.0	0.0	22.0	0.0
0.0	0.0	0.0	0.0	22.0	0.0
1.0	1.0	0.0	0.0	0.0	0.0
1.0	0.0	0.0	0.0	0.0	0.0
0.0	1.0	0.0	0.0	0.0	0.0
0.0	13.0	0.0	0.0	6.0	1.0
0.0	13.0	0.0	0.0	3.0	0.0
0.0	1.0	0.0	0.0	3.0	0.0
0.0	1.0	0.0	0.0	0.0	0.0
0.0	0.0	0.0	0.0	3.0	0.0
0.0	12.0	0.0	0.0	0.0	0.0
0.0	0.0	0.0	0.0	3.0	1.0
0.0	0.0	0.0	0.0	0.0	1.0
0.0	0.0	0.0	0.0	3.0	0.0
