# Sizes (NFeatures, Nclasses, NodeCount, MaxDepth)
10	6	151	11
# Classes
0.0	1.0	2.0	3.0	4.0	5.0
# Feature Names
Nrows	Ncols	Nnnz	AvgNnnz	Density	MaxRowNnnz	MinRowNnnz	StdRowNnnz	NDiags	NTrueDiags
# Left
1	2	3	-1	5	-1	-1	8	9	10	-1	12	-1	-1	15	-1	-1	-1	19	20	21	22	23	-1	-1	-1	27	-1	29	-1	-1	32	33	34	35	-1	37	-1	-1	40	-1	42	-1	44	-1	46	-1	-1	49	50	51	52	-1	-1	55	-1	-1	58	-1	-1	61	62	-1	-1	65	66	-1	-1	-1	70	71	72	-1	74	-1	-1	77	78	-1	80	-1	-1	-1	84	85	86	87	-1	-1	-1	91	92	93	94	-1	-1	-1	98	-1	-1	101	-1	-1	104	105	106	-1	-1	-1	110	-1	-1	113	114	-1	116	117	118	119	-1	-1	122	-1	124	-1	-1	-1	128	129	-1	-1	-1	133	134	135	136	-1	-1	-1	140	-1	142	-1	-1	145	-1	147	-1	149	-1	-1
# Right
18	7	4	-1	6	-1	-1	17	14	11	-1	13	-1	-1	16	-1	-1	-1	112	31	26	25	24	-1	-1	-1	28	-1	30	-1	-1	69	48	39	36	-1	38	-1	-1	41	-1	43	-1	45	-1	47	-1	-1	60	57	54	53	-1	-1	56	-1	-1	59	-1	-1	64	63	-1	-1	68	67	-1	-1	-1	83	76	73	-1	75	-1	-1	82	79	-1	81	-1	-1	-1	103	90	89	88	-1	-1	-1	100	97	96	95	-1	-1	-1	99	-1	-1	102	-1	-1	109	108	107	-1	-1	-1	111	-1	-1	132	115	-1	127	126	121	120	-1	-1	123	-1	125	-1	-1	-1	131	130	-1	-1	-1	144	139	138	137	-1	-1	-1	141	-1	143	-1	-1	146	-1	148	-1	150	-1	-1
# Threshold
0.5	20.091349601745605	11.78499984741211	-2.0	11.941199779510498	-2.0	-2.0	8073.5	9004.5	3586.0	-2.0	5719.0	-2.0	-2.0	7810.0	-2.0	-2.0	-2.0	3245.5	10.0	4126.5	5.5	0.26051849965006113	-2.0	-2.0	-2.0	8.0	-2.0	5.637329936027527	-2.0	-2.0	114000.0	1055435.0	34.5	7529.5	-2.0	26898.5	-2.0	-2.0	64708.0	-2.0	66369.0	-2.0	11.705000400543213	-2.0	8.5	-2.0	-2.0	105.0	58059.5	38.38184928894043	34.5	-2.0	-2.0	23351.5	-2.0	-2.0	3.4323599338531494	-2.0	-2.0	49.191749572753906	11.5	-2.0	-2.0	0.0007058165210764855	12.0	-2.0	-2.0	-2.0	8.947965145111084	3.5	1111537.5	-2.0	2.450165033340454	-2.0	-2.0	1.341450035572052	3.4985599517822266	-2.0	7602175.0	-2.0	-2.0	-2.0	151.5	1.2659000158309937	13.5	4.104555046069436e-05	-2.0	-2.0	-2.0	1325350.0	119043000.0	2.5	261060.0	-2.0	-2.0	-2.0	5255180.0	-2.0	-2.0	1592455.0	-2.0	-2.0	16749900.0	203379.0	14.801799774169922	-2.0	-2.0	-2.0	2459.5	-2.0	-2.0	15.433400630950928	8.37520019558724e-05	-2.0	47954.5	3.0	0.00020100649999221787	1.5	-2.0	-2.0	222903.0	-2.0	18413.0	-2.0	-2.0	-2.0	11.483669757843018	4776.5	-2.0	-2.0	-2.0	117920.5	11745.5	26.6695499420166	21.0	-2.0	-2.0	-2.0	61.0	-2.0	154.0	-2.0	-2.0	34.7489013671875	-2.0	203537.0	-2.0	12767165.0	-2.0	-2.0
# Feature
9	3	7	-2	7	-2	-2	8	1	0	-2	1	-2	-2	8	-2	-2	-2	5	8	2	8	4	-2	-2	-2	9	-2	3	-2	-2	1	2	8	0	-2	1	-2	-2	8	-2	8	-2	3	-2	9	-2	-2	5	1	3	5	-2	-2	1	-2	-2	7	-2	-2	3	9	-2	-2	4	9	-2	-2	-2	3	9	2	-2	3	-2	-2	7	3	-2	0	-2	-2	-2	5	7	5	4	-2	-2	-2	8	2	9	8	-2	-2	-2	0	-2	-2	8	-2	-2	2	0	7	-2	-2	-2	5	-2	-2	3	4	-2	8	6	4	6	-2	-2	2	-2	1	-2	-2	-2	3	5	-2	-2	-2	1	5	7	9	-2	-2	-2	9	-2	9	-2	-2	3	-2	8	-2	2	-2	-2
# Values
79.0	1065.0	76.0	60.0	51.0	348.0
0.0	7.0	0.0	0.0	0.0	298.0
0.0	2.0	0.0	0.0	0.0	251.0
0.0	0.0	0.0	0.0	0.0	183.0
0.0	2.0	0.0	0.0	0.0	68.0
0.0	2.0	0.0	0.0	0.0	0.0
0.0	0.0	0.0	0.0	0.0	68.0
0.0	5.0	0.0	0.0	0.0	47.0
0.0	5.0	0.0	0.0	0.0	19.0
0.0	2.0	0.0	0.0	0.0	18.0
0.0	0.0	0.0	0.0	0.0	12.0
0.0	2.0	0.0	0.0	0.0	6.0
0.0	1.0	0.0	0.0	0.0	3.0
0.0	1.0	0.0	0.0	0.0	3.0
0.0	3.0	0.0	0.0	0.0	1.0
0.0	2.0	0.0	0.0	0.0	0.0
0.0	1.0	0.0	0.0	0.0	1.0
0.0	0.0	0.0	0.0	0.0	28.0
79.0	1058.0	76.0	60.0	51.0	50.0
5.0	1041.0	76.0	60.0	18.0	45.0
1.0	29.0	67.0	0.0	0.0	0.0
1.0	27.0	14.0	0.0	0.0	0.0
1.0	0.0	14.0	0.0	0.0	0.0
0.0	0.0	14.0	0.0	0.0	0.0
1.0	0.0	0.0	0.0	0.0	0.0
0.0	27.0	0.0	0.0	0.0	0.0
0.0	2.0	53.0	0.0	0.0	0.0
0.0	0.0	46.0	0.0	0.0	0.0
0.0	2.0	7.0	0.0	0.0	0.0
0.0	2.0	0.0	0.0	0.0	0.0
0.0	0.0	7.0	0.0	0.0	0.0
4.0	1012.0	9.0	60.0	18.0	45.0
1.0	974.0	7.0	15.0	0.0	13.0
1.0	905.0	7.0	0.0	0.0	1.0
0.0	52.0	7.0	0.0	0.0	0.0
0.0	50.0	0.0	0.0	0.0	0.0
0.0	2.0	7.0	0.0	0.0	0.0
0.0	0.0	7.0	0.0	0.0	0.0
0.0	2.0	0.0	0.0	0.0	0.0
1.0	853.0	0.0	0.0	0.0	1.0
0.0	838.0	0.0	0.0	0.0	0.0
1.0	15.0	0.0	0.0	0.0	1.0
1.0	0.0	0.0	0.0	0.0	0.0
0.0	15.0	0.0	0.0	0.0	1.0
0.0	13.0	0.0	0.0	0.0	0.0
0.0	2.0	0.0	0.0	0.0	1.0
0.0	0.0	0.0	0.0	0.0	1.0
0.0	2.0	0.0	0.0	0.0	0.0
0.0	69.0	0.0	15.0	0.0	12.0
0.0	8.0	0.0	14.0	0.0	6.0
0.0	8.0	0.0	2.0	0.0	4.0
0.0	7.0	0.0	2.0	0.0	0.0
0.0	0.0	0.0	2.0	0.0	0.0
0.0	7.0	0.0	0.0	0.0	0.0
0.0	1.0	0.0	0.0	0.0	4.0
0.0	1.0	0.0	0.0	0.0	0.0
0.0	0.0	0.0	0.0	0.0	4.0
0.0	0.0	0.0	12.0	0.0	2.0
0.0	0.0	0.0	0.0	0.0	2.0
0.0	0.0	0.0	12.0	0.0	0.0
0.0	61.0	0.0	1.0	0.0	6.0
0.0	7.0	0.0	0.0	0.0	6.0
0.0	7.0	0.0	0.0	0.0	0.0
0.0	0.0	0.0	0.0	0.0	6.0
0.0	54.0	0.0	1.0	0.0	0.0
0.0	4.0	0.0	1.0	0.0	0.0
0.0	0.0	0.0	1.0	0.0	0.0
0.0	4.0	0.0	0.0	0.0	0.0
0.0	50.0	0.0	0.0	0.0	0.0
3.0	38.0	2.0	45.0	18.0	32.0
2.0	28.0	0.0	0.0	0.0	18.0
1.0	21.0	0.0	0.0	0.0	3.0
0.0	0.0	0.0	0.0	0.0	3.0
1.0	21.0	0.0	0.0	0.0	0.0
1.0	0.0	0.0	0.0	0.0	0.0
0.0	21.0	0.0	0.0	0.0	0.0
1.0	7.0	0.0	0.0	0.0	15.0
1.0	3.0	0.0	0.0	0.0	15.0
0.0	3.0	0.0	0.0	0.0	0.0
1.0	0.0	0.0	0.0	0.0	15.0
0.0	0.0	0.0	0.0	0.0	15.0
1.0	0.0	0.0	0.0	0.0	0.0
0.0	4.0	0.0	0.0	0.0	0.0
1.0	10.0	2.0	45.0	18.0	14.0
0.0	1.0	2.0	45.0	4.0	10.0
0.0	0.0	2.0	4.0	0.0	10.0
0.0	0.0	2.0	4.0	0.0	0.0
0.0	0.0	0.0	4.0	0.0	0.0
0.0	0.0	2.0	0.0	0.0	0.0
0.0	0.0	0.0	0.0	0.0	10.0
0.0	1.0	0.0	41.0	4.0	0.0
0.0	1.0	0.0	39.0	1.0	0.0
0.0	1.0	0.0	38.0	0.0	0.0
0.0	1.0	0.0	3.0	0.0	0.0
0.0	0.0	0.0	3.0	0.0	0.0
0.0	1.0	0.0	0.0	0.0	0.0
0.0	0.0	0.0	35.0	0.0	0.0
0.0	0.0	0.0	1.0	1.0	0.0
0.0	0.0	0.0	0.0	1.0	0.0
0.0	0.0	0.0	1.0	0.0	0.0
0.0	0.0	0.0	2.0	3.0	0.0
0.0	0.0	0.0	0.0	3.0	0.0
0.0	0.0	0.0	2.0	0.0	0.0
1.0	9.0	0.0	0.0	14.0	4.0
0.0	9.0	0.0	0.0	1.0	4.0
0.0	9.0	0.0	0.0	1.0	0.0
0.0	0.0	0.0	0.0	1.0	0.0
0.0	9.0	0.0	0.0	0.0	0.0
0.0	0.0	0.0	0.0	0.0	4.0
1.0	0.0	0.0	0.0	13.0	0.0
0.0	0.0	0.0	0.0	13.0	0.0
1.0	0.0	0.0	0.0	0.0	0.0
74.0	17.0	0.0	0.0	33.0	5.0
69.0	0.0	0.0	0.0	12.0	0.0
42.0	0.0	0.0	0.0	0.0	0.0
27.0	0.0	0.0	0.0	12.0	0.0
23.0	0.0	0.0	0.0	3.0	0.0
23.0	0.0	0.0	0.0	2.0	0.0
2.0	0.0	0.0	0.0	1.0	0.0
2.0	0.0	0.0	0.0	0.0	0.0
0.0	0.0	0.0	0.0	1.0	0.0
21.0	0.0	0.0	0.0	1.0	0.0
18.0	0.0	0.0	0.0	0.0	0.0
3.0	0.0	0.0	0.0	1.0	0.0
0.0	0.0	0.0	0.0	1.0	0.0
3.0	0.0	0.0	0.0	0.0	0.0
0.0	0.0	0.0	0.0	1.0	0.0
4.0	0.0	0.0	0.0	9.0	0.0
1.0	0.0	0.0	0.0	9.0	0.0
1.0	0.0	0.0	0.0	0.0	0.0
0.0	0.0	0.0	0.0	9.0	0.0
3.0	0.0	0.0	0.0	0.0	0.0
5.0	17.0	0.0	0.0	21.0	5.0
3.0	17.0	0.0	0.0	4.0	4.0
0.0	17.0	0.0	0.0	1.0	4.0
0.0	2.0	0.0	0.0	1.0	4.0
0.0	0.0	0.0	0.0	1.0	4.0
0.0	2.0	0.0	0.0	0.0	0.0
0.0	15.0	0.0	0.0	0.0	0.0
3.0	0.0	0.0	0.0	3.0	0.0
0.0	0.0	0.0	0.0	2.0	0.0
3.0	0.0	0.0	0.0	1.0	0.0
3.0	0.0	0.0	0.0	0.0	0.0
0.0	0.0	0.0	0.0	1.0	0.0
2.0	0.0	0.0	0.0	17.0	1.0
0.0	0.0	0.0	0.0	15.0	0.0
2.0	0.0	0.0	0.0	2.0	1.0
0.0	0.0	0.0	0.0	2.0	0.0
2.0	0.0	0.0	0.0	0.0	1.0
0.0	0.0	0.0	0.0	0.0	1.0
2.0	0.0	0.0	0.0	0.0	0.0
