# Sizes (NFeatures, Nclasses, NodeCount, MaxDepth)
10	6	169	12
# Classes
0.0	1.0	2.0	3.0	4.0	5.0
# Feature Names
Nrows	Ncols	Nnnz	AvgNnnz	Density	MaxRowNnnz	MinRowNnnz	StdRowNnnz	NDiags	NTrueDiags
# Left
1	2	3	4	-1	-1	-1	8	9	10	-1	12	13	14	-1	-1	-1	-1	19	-1	21	-1	-1	-1	25	26	27	28	29	-1	-1	-1	33	34	35	-1	37	-1	-1	40	-1	-1	43	-1	-1	46	47	48	49	-1	51	-1	-1	-1	55	56	-1	58	-1	-1	61	62	63	-1	-1	66	-1	68	-1	-1	-1	72	73	74	-1	76	-1	-1	79	80	-1	-1	-1	84	-1	-1	87	88	89	-1	91	92	93	94	-1	-1	-1	98	-1	100	101	-1	-1	104	-1	-1	-1	108	109	110	111	-1	-1	114	-1	-1	117	118	119	120	121	-1	-1	-1	125	-1	-1	-1	129	130	131	-1	-1	-1	-1	136	137	138	139	-1	-1	-1	-1	144	145	146	147	148	149	-1	-1	-1	-1	-1	-1	156	157	158	-1	-1	-1	-1	163	-1	165	166	-1	-1	-1
# Right
24	7	6	5	-1	-1	-1	23	18	11	-1	17	16	15	-1	-1	-1	-1	20	-1	22	-1	-1	-1	86	45	32	31	30	-1	-1	-1	42	39	36	-1	38	-1	-1	41	-1	-1	44	-1	-1	71	54	53	50	-1	52	-1	-1	-1	60	57	-1	59	-1	-1	70	65	64	-1	-1	67	-1	69	-1	-1	-1	83	78	75	-1	77	-1	-1	82	81	-1	-1	-1	85	-1	-1	162	107	90	-1	106	97	96	95	-1	-1	-1	99	-1	103	102	-1	-1	105	-1	-1	-1	135	116	113	112	-1	-1	115	-1	-1	128	127	124	123	122	-1	-1	-1	126	-1	-1	-1	134	133	132	-1	-1	-1	-1	143	142	141	140	-1	-1	-1	-1	155	154	153	152	151	150	-1	-1	-1	-1	-1	-1	161	160	159	-1	-1	-1	-1	164	-1	168	167	-1	-1	-1
# Threshold
0.5	8.42464542388916	537.0	1599.0	-2.0	-2.0	-2.0	102.0	68.0	8.432470321655273	-2.0	26.33970069885254	5719.0	2268.0	-2.0	-2.0	-2.0	-2.0	76.5	-2.0	36.06844997406006	-2.0	-2.0	-2.0	53187.0	10.0	0.003523894934915006	3.649285008577863e-05	3.0	-2.0	-2.0	-2.0	5.5	0.03031849954277277	3.0	-2.0	4.5	-2.0	-2.0	3.5	-2.0	-2.0	5124.5	-2.0	-2.0	3183.0	34.5	330726.0	5824.0	-2.0	17364.0	-2.0	-2.0	-2.0	731826.0	43252.0	-2.0	48003.5	-2.0	-2.0	48.774749755859375	34.515198707580566	0.0005598269926849753	-2.0	-2.0	44.863948822021484	-2.0	167.0	-2.0	-2.0	-2.0	17.617499828338623	9737.5	12.238000392913818	-2.0	12.0	-2.0	-2.0	47954.5	27595.5	-2.0	-2.0	-2.0	37840.0	-2.0	-2.0	9675.5	8.582554817199707	671.0	-2.0	2386.5	570884.5	7045.5	5.346160173416138	-2.0	-2.0	-2.0	3.5	-2.0	7602175.0	7.001049995422363	-2.0	-2.0	13353355.0	-2.0	-2.0	-2.0	162.0	981.0	2751940.0	17.42135000228882	-2.0	-2.0	15.5	-2.0	-2.0	32414250.0	15.788649559020996	32.5	3.5	122489.5	-2.0	-2.0	-2.0	4.847914934158325	-2.0	-2.0	-2.0	49.42805099487305	93.5	1.662222981452942	-2.0	-2.0	-2.0	-2.0	115891.5	26.6983003616333	0.000247954492806457	1343778.0	-2.0	-2.0	-2.0	-2.0	64063.0	6310.5	20124500.0	58966.0	175520.5	12.0	-2.0	-2.0	-2.0	-2.0	-2.0	-2.0	7369.0	0.0005618545110337436	4557360.0	-2.0	-2.0	-2.0	-2.0	4.0	-2.0	43883.0	58411.0	-2.0	-2.0	-2.0
# Feature
9	7	8	2	-2	-2	-2	5	5	7	-2	7	0	8	-2	-2	-2	-2	5	-2	3	-2	-2	-2	0	8	4	4	5	-2	-2	-2	8	4	9	-2	5	-2	-2	8	-2	-2	2	-2	-2	5	8	2	1	-2	1	-2	-2	-2	2	8	-2	8	-2	-2	3	3	4	-2	-2	3	-2	5	-2	-2	-2	3	5	3	-2	9	-2	-2	8	1	-2	-2	-2	8	-2	-2	5	3	8	-2	5	8	8	3	-2	-2	-2	9	-2	1	3	-2	-2	1	-2	-2	-2	5	8	2	3	-2	-2	9	-2	-2	2	3	5	6	8	-2	-2	-2	7	-2	-2	-2	3	5	7	-2	-2	-2	-2	0	7	4	2	-2	-2	-2	-2	8	5	2	8	0	6	-2	-2	-2	-2	-2	-2	5	4	2	-2	-2	-2	-2	9	-2	5	0	-2	-2	-2
# Values
66.0	1068.0	85.0	67.0	39.0	354.0
0.0	11.0	0.0	0.0	0.0	301.0
0.0	1.0	0.0	0.0	0.0	201.0
0.0	1.0	0.0	0.0	0.0	32.0
0.0	0.0	0.0	0.0	0.0	32.0
0.0	1.0	0.0	0.0	0.0	0.0
0.0	0.0	0.0	0.0	0.0	169.0
0.0	10.0	0.0	0.0	0.0	100.0
0.0	10.0	0.0	0.0	0.0	17.0
0.0	3.0	0.0	0.0	0.0	15.0
0.0	1.0	0.0	0.0	0.0	0.0
0.0	2.0	0.0	0.0	0.0	15.0
0.0	1.0	0.0	0.0	0.0	14.0
0.0	1.0	0.0	0.0	0.0	7.0
0.0	0.0	0.0	0.0	0.0	4.0
0.0	1.0	0.0	0.0	0.0	3.0
0.0	0.0	0.0	0.0	0.0	7.0
0.0	1.0	0.0	0.0	0.0	1.0
0.0	7.0	0.0	0.0	0.0	2.0
0.0	6.0	0.0	0.0	0.0	0.0
0.0	1.0	0.0	0.0	0.0	2.0
0.0	0.0	0.0	0.0	0.0	2.0
0.0	1.0	0.0	0.0	0.0	0.0
0.0	0.0	0.0	0.0	0.0	83.0
66.0	1057.0	85.0	67.0	39.0	53.0
23.0	951.0	61.0	1.0	4.0	7.0
1.0	27.0	53.0	0.0	0.0	0.0
0.0	1.0	42.0	0.0	0.0	0.0
0.0	1.0	1.0	0.0	0.0	0.0
0.0	0.0	1.0	0.0	0.0	0.0
0.0	1.0	0.0	0.0	0.0	0.0
0.0	0.0	41.0	0.0	0.0	0.0
1.0	26.0	11.0	0.0	0.0	0.0
1.0	2.0	9.0	0.0	0.0	0.0
0.0	1.0	9.0	0.0	0.0	0.0
0.0	0.0	7.0	0.0	0.0	0.0
0.0	1.0	2.0	0.0	0.0	0.0
0.0	1.0	0.0	0.0	0.0	0.0
0.0	0.0	2.0	0.0	0.0	0.0
1.0	1.0	0.0	0.0	0.0	0.0
1.0	0.0	0.0	0.0	0.0	0.0
0.0	1.0	0.0	0.0	0.0	0.0
0.0	24.0	2.0	0.0	0.0	0.0
0.0	24.0	0.0	0.0	0.0	0.0
0.0	0.0	2.0	0.0	0.0	0.0
22.0	924.0	8.0	1.0	4.0	7.0
1.0	910.0	8.0	1.0	0.0	7.0
0.0	61.0	8.0	0.0	0.0	0.0
0.0	61.0	3.0	0.0	0.0	0.0
0.0	56.0	0.0	0.0	0.0	0.0
0.0	5.0	3.0	0.0	0.0	0.0
0.0	0.0	3.0	0.0	0.0	0.0
0.0	5.0	0.0	0.0	0.0	0.0
0.0	0.0	5.0	0.0	0.0	0.0
1.0	849.0	0.0	1.0	0.0	7.0
1.0	761.0	0.0	0.0	0.0	0.0
0.0	755.0	0.0	0.0	0.0	0.0
1.0	6.0	0.0	0.0	0.0	0.0
1.0	0.0	0.0	0.0	0.0	0.0
0.0	6.0	0.0	0.0	0.0	0.0
0.0	88.0	0.0	1.0	0.0	7.0
0.0	11.0	0.0	1.0	0.0	7.0
0.0	9.0	0.0	1.0	0.0	0.0
0.0	0.0	0.0	1.0	0.0	0.0
0.0	9.0	0.0	0.0	0.0	0.0
0.0	2.0	0.0	0.0	0.0	7.0
0.0	0.0	0.0	0.0	0.0	6.0
0.0	2.0	0.0	0.0	0.0	1.0
0.0	2.0	0.0	0.0	0.0	0.0
0.0	0.0	0.0	0.0	0.0	1.0
0.0	77.0	0.0	0.0	0.0	0.0
21.0	14.0	0.0	0.0	4.0	0.0
20.0	0.0	0.0	0.0	4.0	0.0
18.0	0.0	0.0	0.0	1.0	0.0
15.0	0.0	0.0	0.0	0.0	0.0
3.0	0.0	0.0	0.0	1.0	0.0
3.0	0.0	0.0	0.0	0.0	0.0
0.0	0.0	0.0	0.0	1.0	0.0
2.0	0.0	0.0	0.0	3.0	0.0
2.0	0.0	0.0	0.0	1.0	0.0
2.0	0.0	0.0	0.0	0.0	0.0
0.0	0.0	0.0	0.0	1.0	0.0
0.0	0.0	0.0	0.0	2.0	0.0
1.0	14.0	0.0	0.0	0.0	0.0
0.0	14.0	0.0	0.0	0.0	0.0
1.0	0.0	0.0	0.0	0.0	0.0
43.0	106.0	24.0	66.0	35.0	46.0
11.0	105.0	24.0	66.0	32.0	46.0
7.0	72.0	17.0	0.0	0.0	7.0
0.0	0.0	17.0	0.0	0.0	0.0
7.0	72.0	0.0	0.0	0.0	7.0
2.0	72.0	0.0	0.0	0.0	7.0
0.0	55.0	0.0	0.0	0.0	1.0
0.0	7.0	0.0	0.0	0.0	1.0
0.0	7.0	0.0	0.0	0.0	0.0
0.0	0.0	0.0	0.0	0.0	1.0
0.0	48.0	0.0	0.0	0.0	0.0
2.0	17.0	0.0	0.0	0.0	6.0
0.0	14.0	0.0	0.0	0.0	0.0
2.0	3.0	0.0	0.0	0.0	6.0
0.0	1.0	0.0	0.0	0.0	6.0
0.0	0.0	0.0	0.0	0.0	6.0
0.0	1.0	0.0	0.0	0.0	0.0
2.0	2.0	0.0	0.0	0.0	0.0
2.0	0.0	0.0	0.0	0.0	0.0
0.0	2.0	0.0	0.0	0.0	0.0
5.0	0.0	0.0	0.0	0.0	0.0
4.0	33.0	7.0	66.0	32.0	39.0
0.0	6.0	7.0	66.0	7.0	22.0
0.0	0.0	7.0	3.0	0.0	16.0
0.0	0.0	7.0	2.0	0.0	0.0
0.0	0.0	7.0	0.0	0.0	0.0
0.0	0.0	0.0	2.0	0.0	0.0
0.0	0.0	0.0	1.0	0.0	16.0
0.0	0.0	0.0	1.0	0.0	0.0
0.0	0.0	0.0	0.0	0.0	16.0
0.0	6.0	0.0	63.0	7.0	6.0
0.0	6.0	0.0	60.0	0.0	5.0
0.0	6.0	0.0	9.0	0.0	5.0
0.0	0.0	0.0	9.0	0.0	4.0
0.0	0.0	0.0	1.0	0.0	4.0
0.0	0.0	0.0	0.0	0.0	4.0
0.0	0.0	0.0	1.0	0.0	0.0
0.0	0.0	0.0	8.0	0.0	0.0
0.0	6.0	0.0	0.0	0.0	1.0
0.0	6.0	0.0	0.0	0.0	0.0
0.0	0.0	0.0	0.0	0.0	1.0
0.0	0.0	0.0	51.0	0.0	0.0
0.0	0.0	0.0	3.0	7.0	1.0
0.0	0.0	0.0	3.0	1.0	1.0
0.0	0.0	0.0	3.0	0.0	1.0
0.0	0.0	0.0	0.0	0.0	1.0
0.0	0.0	0.0	3.0	0.0	0.0
0.0	0.0	0.0	0.0	1.0	0.0
0.0	0.0	0.0	0.0	6.0	0.0
4.0	27.0	0.0	0.0	25.0	17.0
2.0	24.0	0.0	0.0	0.0	6.0
2.0	2.0	0.0	0.0	0.0	6.0
2.0	2.0	0.0	0.0	0.0	0.0
2.0	0.0	0.0	0.0	0.0	0.0
0.0	2.0	0.0	0.0	0.0	0.0
0.0	0.0	0.0	0.0	0.0	6.0
0.0	22.0	0.0	0.0	0.0	0.0
2.0	3.0	0.0	0.0	25.0	11.0
0.0	2.0	0.0	0.0	4.0	10.0
0.0	2.0	0.0	0.0	1.0	10.0
0.0	2.0	0.0	0.0	0.0	10.0
0.0	1.0	0.0	0.0	0.0	10.0
0.0	1.0	0.0	0.0	0.0	3.0
0.0	0.0	0.0	0.0	0.0	3.0
0.0	1.0	0.0	0.0	0.0	0.0
0.0	0.0	0.0	0.0	0.0	7.0
0.0	1.0	0.0	0.0	0.0	0.0
0.0	0.0	0.0	0.0	1.0	0.0
0.0	0.0	0.0	0.0	3.0	0.0
2.0	1.0	0.0	0.0	21.0	1.0
0.0	1.0	0.0	0.0	21.0	1.0
0.0	0.0	0.0	0.0	21.0	1.0
0.0	0.0	0.0	0.0	0.0	1.0
0.0	0.0	0.0	0.0	21.0	0.0
0.0	1.0	0.0	0.0	0.0	0.0
2.0	0.0	0.0	0.0	0.0	0.0
32.0	1.0	0.0	0.0	3.0	0.0
30.0	0.0	0.0	0.0	0.0	0.0
2.0	1.0	0.0	0.0	3.0	0.0
2.0	1.0	0.0	0.0	0.0	0.0
0.0	1.0	0.0	0.0	0.0	0.0
2.0	0.0	0.0	0.0	0.0	0.0
0.0	0.0	0.0	0.0	3.0	0.0
