# Sizes (NFeatures, Nclasses, NodeCount, MaxDepth)
10	4	195	15
# Classes
0.0	1.0	2.0	3.0
# Feature Names
Nrows	Ncols	Nnnz	AvgNnnz	Density	MaxRowNnnz	MinRowNnnz	StdRowNnnz	NDiags	NTrueDiags
# Left
1	2	3	4	-1	6	7	-1	-1	10	-1	12	-1	-1	15	16	17	-1	-1	20	-1	-1	-1	24	25	26	27	28	-1	30	31	32	-1	34	-1	-1	-1	38	-1	-1	-1	42	43	44	45	46	-1	-1	49	50	-1	-1	53	-1	55	56	-1	-1	-1	60	-1	62	63	-1	65	-1	-1	-1	69	-1	71	-1	-1	74	75	76	77	78	-1	-1	-1	82	-1	-1	85	-1	-1	88	89	90	91	-1	-1	-1	-1	-1	97	98	-1	-1	-1	102	103	104	-1	-1	107	108	109	110	-1	-1	113	114	-1	-1	-1	-1	119	120	-1	122	123	-1	-1	-1	127	-1	-1	130	131	132	-1	-1	135	-1	137	138	-1	140	141	142	-1	144	-1	146	-1	148	-1	-1	151	-1	-1	-1	-1	-1	157	158	159	160	161	162	163	-1	-1	-1	-1	168	-1	170	-1	-1	173	-1	-1	176	-1	-1	179	180	181	-1	-1	184	185	186	-1	-1	-1	-1	191	192	-1	-1	-1
# Right
156	23	14	5	-1	9	8	-1	-1	11	-1	13	-1	-1	22	19	18	-1	-1	21	-1	-1	-1	101	96	41	40	29	-1	37	36	33	-1	35	-1	-1	-1	39	-1	-1	-1	73	68	59	48	47	-1	-1	52	51	-1	-1	54	-1	58	57	-1	-1	-1	61	-1	67	64	-1	66	-1	-1	-1	70	-1	72	-1	-1	87	84	81	80	79	-1	-1	-1	83	-1	-1	86	-1	-1	95	94	93	92	-1	-1	-1	-1	-1	100	99	-1	-1	-1	129	106	105	-1	-1	118	117	112	111	-1	-1	116	115	-1	-1	-1	-1	126	121	-1	125	124	-1	-1	-1	128	-1	-1	155	134	133	-1	-1	136	-1	154	139	-1	153	150	143	-1	145	-1	147	-1	149	-1	-1	152	-1	-1	-1	-1	-1	178	175	172	167	166	165	164	-1	-1	-1	-1	169	-1	171	-1	-1	174	-1	-1	177	-1	-1	190	183	182	-1	-1	189	188	187	-1	-1	-1	-1	194	193	-1	-1	-1
# Threshold
1359.0	10.0	0.002681200043298304	6.5	-2.0	3960.0	10000.0	-2.0	-2.0	15998.5	-2.0	199990.0	-2.0	-2.0	0.4127485007047653	5.5	99.0	-2.0	-2.0	0.07001399993896484	-2.0	-2.0	-2.0	23532.5	17569800.0	53.0	26.5	0.5	-2.0	25.5	1364.0	229.5	-2.0	596.0	-2.0	-2.0	-2.0	36356.0	-2.0	-2.0	-2.0	302.5	89404.5	16.015850067138672	0.36919599771499634	0.34367699921131134	-2.0	-2.0	3.594974994659424	3.587499976158142	-2.0	-2.0	0.01988970022648573	-2.0	0.02056089974939823	4.429734945297241	-2.0	-2.0	-2.0	16.125149726867676	-2.0	0.5	0.0052201999351382256	-2.0	17.701449394226074	-2.0	-2.0	-2.0	98443.0	-2.0	3.2778899669647217	-2.0	-2.0	9028.5	80.82490158081055	4928.0	6.4279351234436035	6.202704906463623	-2.0	-2.0	-2.0	5785.0	-2.0	-2.0	87.3073501586914	-2.0	-2.0	862238.0	8.0	10351.0	9520.0	-2.0	-2.0	-2.0	-2.0	-2.0	3.7724850177764893	0.0001319148977927398	-2.0	-2.0	-2.0	1.5	334013.0	30391.0	-2.0	-2.0	2.5	0.0007928569830255583	33747.0	160714.5	-2.0	-2.0	2.7825900316238403	2.58404004573822	-2.0	-2.0	-2.0	-2.0	762381.0	2.750385046005249	-2.0	8.882544994354248	31878.0	-2.0	-2.0	-2.0	3952785.0	-2.0	-2.0	91.85654830932617	25880.0	812805.0	-2.0	-2.0	3.4984500408172607	-2.0	913.0	15064.5	-2.0	58056.0	52118.0	2.0	-2.0	13.0	-2.0	40.5	-2.0	36.15610122680664	-2.0	-2.0	54454.0	-2.0	-2.0	-2.0	-2.0	-2.0	16.005749702453613	0.00115716498112306	2.5	26058.5	224197.0	73480.5	33.67264938354492	-2.0	-2.0	-2.0	-2.0	0.00031207798747345805	-2.0	4.0	-2.0	-2.0	7502.0	-2.0	-2.0	62.66600227355957	-2.0	-2.0	91.50070190429688	1991.5	35965.0	-2.0	-2.0	801.1769714355469	0.00011506270311656408	4.5	-2.0	-2.0	-2.0	-2.0	219.3280029296875	1914.5	-2.0	-2.0	-2.0
# Feature
5	8	4	8	-2	0	2	-2	-2	1	-2	2	-2	-2	7	8	1	-2	-2	7	-2	-2	-2	8	2	8	5	9	-2	8	0	2	-2	1	-2	-2	-2	0	-2	-2	-2	5	0	7	7	7	-2	-2	3	3	-2	-2	4	-2	4	7	-2	-2	-2	7	-2	9	4	-2	7	-2	-2	-2	1	-2	3	-2	-2	8	7	8	3	3	-2	-2	-2	1	-2	-2	7	-2	-2	2	9	8	1	-2	-2	-2	-2	-2	7	4	-2	-2	-2	6	2	8	-2	-2	9	4	8	1	-2	-2	3	3	-2	-2	-2	-2	0	7	-2	7	8	-2	-2	-2	1	-2	-2	7	8	2	-2	-2	3	-2	5	0	-2	8	8	9	-2	6	-2	5	-2	3	-2	-2	0	-2	-2	-2	-2	-2	3	4	6	8	2	2	7	-2	-2	-2	-2	4	-2	9	-2	-2	5	-2	-2	7	-2	-2	3	5	1	-2	-2	7	4	9	-2	-2	-2	-2	7	5	-2	-2	-2
# Values
222.0	1290.0	87.0	40.0
89.0	1218.0	87.0	37.0
0.0	15.0	70.0	0.0
0.0	3.0	48.0	0.0
0.0	0.0	26.0	0.0
0.0	3.0	22.0	0.0
0.0	2.0	2.0	0.0
0.0	0.0	2.0	0.0
0.0	2.0	0.0	0.0
0.0	1.0	20.0	0.0
0.0	0.0	15.0	0.0
0.0	1.0	5.0	0.0
0.0	1.0	0.0	0.0
0.0	0.0	5.0	0.0
0.0	12.0	22.0	0.0
0.0	12.0	11.0	0.0
0.0	2.0	9.0	0.0
0.0	2.0	0.0	0.0
0.0	0.0	9.0	0.0
0.0	10.0	2.0	0.0
0.0	2.0	2.0	0.0
0.0	8.0	0.0	0.0
0.0	0.0	11.0	0.0
89.0	1203.0	17.0	37.0
24.0	1068.0	17.0	20.0
24.0	1064.0	17.0	10.0
1.0	59.0	16.0	0.0
1.0	59.0	13.0	0.0
0.0	0.0	3.0	0.0
1.0	59.0	10.0	0.0
0.0	22.0	10.0	0.0
0.0	8.0	10.0	0.0
0.0	6.0	0.0	0.0
0.0	2.0	10.0	0.0
0.0	0.0	7.0	0.0
0.0	2.0	3.0	0.0
0.0	14.0	0.0	0.0
1.0	37.0	0.0	0.0
0.0	37.0	0.0	0.0
1.0	0.0	0.0	0.0
0.0	0.0	3.0	0.0
23.0	1005.0	1.0	10.0
4.0	844.0	1.0	6.0
2.0	807.0	1.0	3.0
1.0	710.0	1.0	1.0
1.0	23.0	0.0	0.0
0.0	23.0	0.0	0.0
1.0	0.0	0.0	0.0
0.0	687.0	1.0	1.0
0.0	92.0	1.0	0.0
0.0	53.0	0.0	0.0
0.0	39.0	1.0	0.0
0.0	595.0	0.0	1.0
0.0	481.0	0.0	0.0
0.0	114.0	0.0	1.0
0.0	1.0	0.0	1.0
0.0	0.0	0.0	1.0
0.0	1.0	0.0	0.0
0.0	113.0	0.0	0.0
1.0	97.0	0.0	2.0
1.0	0.0	0.0	0.0
0.0	97.0	0.0	2.0
0.0	15.0	0.0	2.0
0.0	14.0	0.0	0.0
0.0	1.0	0.0	2.0
0.0	1.0	0.0	0.0
0.0	0.0	0.0	2.0
0.0	82.0	0.0	0.0
2.0	37.0	0.0	3.0
0.0	0.0	0.0	3.0
2.0	37.0	0.0	0.0
2.0	0.0	0.0	0.0
0.0	37.0	0.0	0.0
19.0	161.0	0.0	4.0
4.0	145.0	0.0	4.0
2.0	138.0	0.0	4.0
0.0	131.0	0.0	4.0
0.0	65.0	0.0	4.0
0.0	14.0	0.0	0.0
0.0	51.0	0.0	4.0
0.0	66.0	0.0	0.0
2.0	7.0	0.0	0.0
2.0	0.0	0.0	0.0
0.0	7.0	0.0	0.0
2.0	7.0	0.0	0.0
2.0	0.0	0.0	0.0
0.0	7.0	0.0	0.0
15.0	16.0	0.0	0.0
15.0	4.0	0.0	0.0
15.0	2.0	0.0	0.0
2.0	2.0	0.0	0.0
2.0	0.0	0.0	0.0
0.0	2.0	0.0	0.0
13.0	0.0	0.0	0.0
0.0	2.0	0.0	0.0
0.0	12.0	0.0	0.0
0.0	4.0	0.0	10.0
0.0	1.0	0.0	10.0
0.0	0.0	0.0	10.0
0.0	1.0	0.0	0.0
0.0	3.0	0.0	0.0
65.0	135.0	0.0	17.0
57.0	28.0	0.0	4.0
2.0	9.0	0.0	0.0
2.0	0.0	0.0	0.0
0.0	9.0	0.0	0.0
55.0	19.0	0.0	4.0
46.0	8.0	0.0	0.0
46.0	4.0	0.0	0.0
4.0	3.0	0.0	0.0
4.0	0.0	0.0	0.0
0.0	3.0	0.0	0.0
42.0	1.0	0.0	0.0
7.0	1.0	0.0	0.0
7.0	0.0	0.0	0.0
0.0	1.0	0.0	0.0
35.0	0.0	0.0	0.0
0.0	4.0	0.0	0.0
9.0	11.0	0.0	4.0
9.0	3.0	0.0	3.0
0.0	0.0	0.0	3.0
9.0	3.0	0.0	0.0
2.0	3.0	0.0	0.0
2.0	0.0	0.0	0.0
0.0	3.0	0.0	0.0
7.0	0.0	0.0	0.0
0.0	8.0	0.0	1.0
0.0	8.0	0.0	0.0
0.0	0.0	0.0	1.0
8.0	107.0	0.0	13.0
8.0	107.0	0.0	9.0
3.0	0.0	0.0	1.0
3.0	0.0	0.0	0.0
0.0	0.0	0.0	1.0
5.0	107.0	0.0	8.0
3.0	0.0	0.0	0.0
2.0	107.0	0.0	8.0
0.0	107.0	0.0	8.0
0.0	0.0	0.0	1.0
0.0	107.0	0.0	7.0
0.0	40.0	0.0	7.0
0.0	38.0	0.0	4.0
0.0	0.0	0.0	1.0
0.0	38.0	0.0	3.0
0.0	27.0	0.0	0.0
0.0	11.0	0.0	3.0
0.0	0.0	0.0	1.0
0.0	11.0	0.0	2.0
0.0	4.0	0.0	2.0
0.0	7.0	0.0	0.0
0.0	2.0	0.0	3.0
0.0	2.0	0.0	0.0
0.0	0.0	0.0	3.0
0.0	67.0	0.0	0.0
2.0	0.0	0.0	0.0
0.0	0.0	0.0	4.0
133.0	72.0	0.0	3.0
116.0	30.0	0.0	0.0
112.0	9.0	0.0	0.0
109.0	6.0	0.0	0.0
20.0	5.0	0.0	0.0
20.0	1.0	0.0	0.0
2.0	1.0	0.0	0.0
2.0	0.0	0.0	0.0
0.0	1.0	0.0	0.0
18.0	0.0	0.0	0.0
0.0	4.0	0.0	0.0
89.0	1.0	0.0	0.0
83.0	0.0	0.0	0.0
6.0	1.0	0.0	0.0
6.0	0.0	0.0	0.0
0.0	1.0	0.0	0.0
3.0	3.0	0.0	0.0
0.0	3.0	0.0	0.0
3.0	0.0	0.0	0.0
4.0	21.0	0.0	0.0
0.0	21.0	0.0	0.0
4.0	0.0	0.0	0.0
17.0	42.0	0.0	3.0
3.0	39.0	0.0	3.0
1.0	0.0	0.0	3.0
1.0	0.0	0.0	0.0
0.0	0.0	0.0	3.0
2.0	39.0	0.0	0.0
1.0	39.0	0.0	0.0
1.0	1.0	0.0	0.0
0.0	1.0	0.0	0.0
1.0	0.0	0.0	0.0
0.0	38.0	0.0	0.0
1.0	0.0	0.0	0.0
14.0	3.0	0.0	0.0
1.0	3.0	0.0	0.0
1.0	0.0	0.0	0.0
0.0	3.0	0.0	0.0
13.0	0.0	0.0	0.0
