# Sizes (NFeatures, Nclasses, NodeCount, MaxDepth)
10	4	187	16
# Classes
0.0	1.0	2.0	3.0
# Feature Names
Nrows	Ncols	Nnnz	AvgNnnz	Density	MaxRowNnnz	MinRowNnnz	StdRowNnnz	NDiags	NTrueDiags
# Left
1	2	3	4	-1	6	-1	-1	9	10	11	-1	13	14	-1	-1	-1	18	-1	-1	21	-1	-1	24	25	26	27	-1	29	-1	31	32	-1	-1	-1	-1	37	38	-1	-1	41	42	43	44	45	-1	-1	48	49	50	51	52	-1	-1	55	56	57	-1	-1	-1	-1	62	-1	64	65	-1	-1	-1	69	-1	-1	72	-1	-1	75	-1	-1	78	-1	80	-1	82	83	84	-1	-1	87	88	-1	-1	-1	92	93	94	-1	-1	-1	98	-1	-1	-1	102	103	104	-1	-1	107	108	-1	-1	-1	112	-1	-1	115	116	117	118	119	120	-1	-1	123	124	-1	-1	-1	128	-1	130	131	-1	-1	-1	135	136	137	138	-1	-1	-1	142	-1	144	-1	-1	147	-1	-1	150	151	152	-1	-1	155	-1	-1	158	-1	-1	161	162	163	164	-1	166	167	-1	-1	-1	-1	172	173	-1	-1	-1	177	178	179	180	-1	182	-1	-1	-1	-1	-1
# Right
114	23	8	5	-1	7	-1	-1	20	17	12	-1	16	15	-1	-1	-1	19	-1	-1	22	-1	-1	101	36	35	28	-1	30	-1	34	33	-1	-1	-1	-1	40	39	-1	-1	100	77	74	47	46	-1	-1	71	68	61	54	53	-1	-1	60	59	58	-1	-1	-1	-1	63	-1	67	66	-1	-1	-1	70	-1	-1	73	-1	-1	76	-1	-1	79	-1	81	-1	91	86	85	-1	-1	90	89	-1	-1	-1	97	96	95	-1	-1	-1	99	-1	-1	-1	111	106	105	-1	-1	110	109	-1	-1	-1	113	-1	-1	160	149	134	127	122	121	-1	-1	126	125	-1	-1	-1	129	-1	133	132	-1	-1	-1	146	141	140	139	-1	-1	-1	143	-1	145	-1	-1	148	-1	-1	157	154	153	-1	-1	156	-1	-1	159	-1	-1	176	171	170	165	-1	169	168	-1	-1	-1	-1	175	174	-1	-1	-1	186	185	184	181	-1	183	-1	-1	-1	-1	-1
# Threshold
26953.0	17.0	107.0	8.0	-2.0	48.0	-2.0	-2.0	10.0	5.857500076293945	7.5	-2.0	4000.0	2500.0	-2.0	-2.0	-2.0	6.297415018081665	-2.0	-2.0	1280.0	-2.0	-2.0	1486.5	28.5	20.5	0.000160897099704016	-2.0	1.3413400053977966	-2.0	2586.0	783.5	-2.0	-2.0	-2.0	-2.0	122.0	2.213534951210022	-2.0	-2.0	66192352.0	9370.5	17569800.0	0.36919599771499634	0.3265469968318939	-2.0	-2.0	3675325.0	80.82490158081055	29.56630039215088	3.598439931869507	3.5563799142837524	-2.0	-2.0	0.5	35.0	16.978699684143066	-2.0	-2.0	-2.0	-2.0	30.352149963378906	-2.0	30.77715015411377	0.0034212350146844983	-2.0	-2.0	-2.0	87.3073501586914	-2.0	-2.0	3810075.0	-2.0	-2.0	18952600.0	-2.0	-2.0	9588.5	-2.0	2.28815495967865	-2.0	138.0	0.9687905013561249	0.9396314918994904	-2.0	-2.0	3.581765055656433	3.5579700469970703	-2.0	-2.0	-2.0	12.34285020828247	608.5	10731.0	-2.0	-2.0	-2.0	7922.5	-2.0	-2.0	-2.0	55.097551345825195	2219.0	5805.0	-2.0	-2.0	0.5	4.809299945831299	-2.0	-2.0	-2.0	0.04913314990699291	-2.0	-2.0	2.5	14.201249599456787	77.0	199317.0	0.5	3.5366101264953613	-2.0	-2.0	3.786630077229347e-05	177899.5	-2.0	-2.0	-2.0	3.9830000400543213	-2.0	2.5551300048828125	1151445.0	-2.0	-2.0	-2.0	51093450.0	4.5	8.882544994354248	2.0	-2.0	-2.0	-2.0	6.916734933853149	-2.0	10.754759788513184	-2.0	-2.0	688.4559478759766	-2.0	-2.0	25.0	19.93114948272705	28.97819995880127	-2.0	-2.0	5207190.0	-2.0	-2.0	83.75704956054688	-2.0	-2.0	48.078548431396484	56744.0	52131.0	17448.0	-2.0	30430.0	46367.0	-2.0	-2.0	-2.0	-2.0	0.5	190607.0	-2.0	-2.0	-2.0	7111.5	20.0	7.0	160.0	-2.0	33320.0	-2.0	-2.0	-2.0	-2.0	-2.0
# Feature
8	8	0	8	-2	2	-2	-2	8	3	8	-2	1	1	-2	-2	-2	3	-2	-2	1	-2	-2	5	8	9	4	-2	7	-2	2	2	-2	-2	-2	-2	2	7	-2	-2	2	8	2	7	7	-2	-2	2	7	7	3	3	-2	-2	9	5	3	-2	-2	-2	-2	7	-2	7	4	-2	-2	-2	7	-2	-2	2	-2	-2	2	-2	-2	8	-2	3	-2	5	7	7	-2	-2	3	3	-2	-2	-2	3	5	8	-2	-2	-2	0	-2	-2	-2	7	5	8	-2	-2	9	3	-2	-2	-2	4	-2	-2	6	3	5	1	6	7	-2	-2	4	1	-2	-2	-2	3	-2	7	2	-2	-2	-2	2	9	7	9	-2	-2	-2	7	-2	3	-2	-2	7	-2	-2	9	3	7	-2	-2	8	-2	-2	7	-2	-2	7	8	8	1	-2	8	0	-2	-2	-2	-2	9	8	-2	-2	-2	5	9	9	5	-2	1	-2	-2	-2	-2	-2
# Values
273.0	1237.0	96.0	33.0
58.0	1082.0	96.0	10.0
0.0	30.0	84.0	0.0
0.0	12.0	4.0	0.0
0.0	9.0	0.0	0.0
0.0	3.0	4.0	0.0
0.0	3.0	0.0	0.0
0.0	0.0	4.0	0.0
0.0	18.0	80.0	0.0
0.0	7.0	71.0	0.0
0.0	2.0	59.0	0.0
0.0	0.0	47.0	0.0
0.0	2.0	12.0	0.0
0.0	2.0	6.0	0.0
0.0	0.0	4.0	0.0
0.0	2.0	2.0	0.0
0.0	0.0	6.0	0.0
0.0	5.0	12.0	0.0
0.0	5.0	0.0	0.0
0.0	0.0	12.0	0.0
0.0	11.0	9.0	0.0
0.0	0.0	9.0	0.0
0.0	11.0	0.0	0.0
58.0	1052.0	12.0	10.0
26.0	1019.0	12.0	10.0
2.0	11.0	6.0	0.0
2.0	11.0	3.0	0.0
2.0	0.0	0.0	0.0
0.0	11.0	3.0	0.0
0.0	7.0	0.0	0.0
0.0	4.0	3.0	0.0
0.0	1.0	3.0	0.0
0.0	1.0	0.0	0.0
0.0	0.0	3.0	0.0
0.0	3.0	0.0	0.0
0.0	0.0	3.0	0.0
24.0	1008.0	6.0	10.0
0.0	2.0	4.0	0.0
0.0	2.0	0.0	0.0
0.0	0.0	4.0	0.0
24.0	1006.0	2.0	10.0
24.0	1006.0	2.0	8.0
6.0	879.0	2.0	8.0
6.0	877.0	2.0	6.0
4.0	23.0	0.0	0.0
0.0	23.0	0.0	0.0
4.0	0.0	0.0	0.0
2.0	854.0	2.0	6.0
2.0	837.0	2.0	4.0
1.0	829.0	2.0	4.0
0.0	745.0	2.0	2.0
0.0	98.0	2.0	0.0
0.0	57.0	0.0	0.0
0.0	41.0	2.0	0.0
0.0	647.0	0.0	2.0
0.0	110.0	0.0	2.0
0.0	28.0	0.0	2.0
0.0	28.0	0.0	0.0
0.0	0.0	0.0	2.0
0.0	82.0	0.0	0.0
0.0	537.0	0.0	0.0
1.0	84.0	0.0	2.0
1.0	0.0	0.0	0.0
0.0	84.0	0.0	2.0
0.0	47.0	0.0	2.0
0.0	1.0	0.0	0.0
0.0	46.0	0.0	2.0
0.0	37.0	0.0	0.0
1.0	8.0	0.0	0.0
1.0	0.0	0.0	0.0
0.0	8.0	0.0	0.0
0.0	17.0	0.0	2.0
0.0	0.0	0.0	2.0
0.0	17.0	0.0	0.0
0.0	2.0	0.0	2.0
0.0	0.0	0.0	2.0
0.0	2.0	0.0	0.0
18.0	127.0	0.0	0.0
5.0	0.0	0.0	0.0
13.0	127.0	0.0	0.0
2.0	0.0	0.0	0.0
11.0	127.0	0.0	0.0
2.0	100.0	0.0	0.0
1.0	2.0	0.0	0.0
0.0	2.0	0.0	0.0
1.0	0.0	0.0	0.0
1.0	98.0	0.0	0.0
1.0	15.0	0.0	0.0
0.0	15.0	0.0	0.0
1.0	0.0	0.0	0.0
0.0	83.0	0.0	0.0
9.0	27.0	0.0	0.0
8.0	5.0	0.0	0.0
8.0	1.0	0.0	0.0
0.0	1.0	0.0	0.0
8.0	0.0	0.0	0.0
0.0	4.0	0.0	0.0
1.0	22.0	0.0	0.0
1.0	0.0	0.0	0.0
0.0	22.0	0.0	0.0
0.0	0.0	0.0	2.0
32.0	33.0	0.0	0.0
8.0	30.0	0.0	0.0
6.0	2.0	0.0	0.0
0.0	2.0	0.0	0.0
6.0	0.0	0.0	0.0
2.0	28.0	0.0	0.0
2.0	2.0	0.0	0.0
2.0	0.0	0.0	0.0
0.0	2.0	0.0	0.0
0.0	26.0	0.0	0.0
24.0	3.0	0.0	0.0
24.0	0.0	0.0	0.0
0.0	3.0	0.0	0.0
215.0	155.0	0.0	23.0
205.0	71.0	0.0	3.0
195.0	42.0	0.0	2.0
39.0	35.0	0.0	2.0
2.0	28.0	0.0	2.0
0.0	2.0	0.0	2.0
0.0	0.0	0.0	2.0
0.0	2.0	0.0	0.0
2.0	26.0	0.0	0.0
2.0	3.0	0.0	0.0
2.0	0.0	0.0	0.0
0.0	3.0	0.0	0.0
0.0	23.0	0.0	0.0
37.0	7.0	0.0	0.0
24.0	0.0	0.0	0.0
13.0	7.0	0.0	0.0
1.0	7.0	0.0	0.0
1.0	0.0	0.0	0.0
0.0	7.0	0.0	0.0
12.0	0.0	0.0	0.0
156.0	7.0	0.0	0.0
153.0	5.0	0.0	0.0
138.0	2.0	0.0	0.0
27.0	2.0	0.0	0.0
27.0	0.0	0.0	0.0
0.0	2.0	0.0	0.0
111.0	0.0	0.0	0.0
15.0	3.0	0.0	0.0
0.0	2.0	0.0	0.0
15.0	1.0	0.0	0.0
15.0	0.0	0.0	0.0
0.0	1.0	0.0	0.0
3.0	2.0	0.0	0.0
0.0	2.0	0.0	0.0
3.0	0.0	0.0	0.0
10.0	29.0	0.0	1.0
2.0	27.0	0.0	1.0
2.0	3.0	0.0	0.0
0.0	3.0	0.0	0.0
2.0	0.0	0.0	0.0
0.0	24.0	0.0	1.0
0.0	24.0	0.0	0.0
0.0	0.0	0.0	1.0
8.0	2.0	0.0	0.0
0.0	2.0	0.0	0.0
8.0	0.0	0.0	0.0
10.0	84.0	0.0	20.0
1.0	78.0	0.0	9.0
0.0	19.0	0.0	9.0
0.0	19.0	0.0	3.0
0.0	0.0	0.0	2.0
0.0	19.0	0.0	1.0
0.0	2.0	0.0	1.0
0.0	2.0	0.0	0.0
0.0	0.0	0.0	1.0
0.0	17.0	0.0	0.0
0.0	0.0	0.0	6.0
1.0	59.0	0.0	0.0
1.0	1.0	0.0	0.0
1.0	0.0	0.0	0.0
0.0	1.0	0.0	0.0
0.0	58.0	0.0	0.0
9.0	6.0	0.0	11.0
1.0	6.0	0.0	11.0
1.0	1.0	0.0	11.0
1.0	1.0	0.0	2.0
0.0	0.0	0.0	2.0
1.0	1.0	0.0	0.0
0.0	1.0	0.0	0.0
1.0	0.0	0.0	0.0
0.0	0.0	0.0	9.0
0.0	5.0	0.0	0.0
8.0	0.0	0.0	0.0
