# Sizes (NFeatures, Nclasses, NodeCount, MaxDepth)
14	4	85	11
# Classes
0.0	1.0	2.0	3.0
# Feature Names
Nrows	Ncols	Nnnz	AvgNnnz	Density	MaxRowNnnz	MinRowNnnz	StdRowNnnz	NDiags	NTrueDiags	AvgNnnzDia	AvgNnnzELL	AvgNnnzHyb	AvgNnnzHdc
# Left
1	2	3	4	-1	-1	7	8	9	10	-1	-1	-1	-1	-1	16	17	18	19	20	21	-1	-1	24	25	-1	27	-1	-1	30	31	-1	33	-1	-1	36	-1	-1	39	-1	-1	42	-1	-1	45	46	47	48	-1	50	-1	-1	53	54	-1	56	57	-1	-1	-1	-1	62	-1	-1	65	-1	67	-1	-1	70	71	-1	-1	-1	75	-1	77	78	79	-1	-1	-1	83	-1	-1
# Right
74	15	6	5	-1	-1	14	13	12	11	-1	-1	-1	-1	-1	69	44	41	38	23	22	-1	-1	29	26	-1	28	-1	-1	35	32	-1	34	-1	-1	37	-1	-1	40	-1	-1	43	-1	-1	64	61	52	49	-1	51	-1	-1	60	55	-1	59	58	-1	-1	-1	-1	63	-1	-1	66	-1	68	-1	-1	73	72	-1	-1	-1	76	-1	82	81	80	-1	-1	-1	84	-1	-1
# Threshold
9416.0	235.5	0.49459201097488403	60.5	-2.0	-2.0	40.0	5.5	16.0	12.5	-2.0	-2.0	-2.0	-2.0	-2.0	0.9987500011920929	52272.5	195.21900177001953	0.9873084723949432	6.015455028318684e-06	29.310530185699463	-2.0	-2.0	1401.0	0.933147519826889	-2.0	0.9573245048522949	-2.0	-2.0	0.4514694958925247	0.43462949991226196	-2.0	0.4371744990348816	-2.0	-2.0	0.4597194939851761	-2.0	-2.0	0.33232399821281433	-2.0	-2.0	224.0	-2.0	-2.0	0.9434860050678253	29.682300567626953	1102.5	7.725559949874878	-2.0	0.3228150010108948	-2.0	-2.0	1.5	0.0014227799838408828	-2.0	0.5	469276.0	-2.0	-2.0	-2.0	-2.0	0.0005480120016727597	-2.0	-2.0	0.00031076949380803853	-2.0	0.0003395314997760579	-2.0	-2.0	3348.0	0.0006250900041777641	-2.0	-2.0	-2.0	317478.0	-2.0	66.72294807434082	94.1032485961914	1601555.0	-2.0	-2.0	-2.0	0.5	-2.0	-2.0
# Feature
5	2	11	2	-2	-2	8	6	1	1	-2	-2	-2	-2	-2	10	8	7	10	4	12	-2	-2	5	10	-2	10	-2	-2	13	13	-2	13	-2	-2	13	-2	-2	7	-2	-2	9	-2	-2	12	7	5	7	-2	13	-2	-2	6	11	-2	6	1	-2	-2	-2	-2	11	-2	-2	4	-2	4	-2	-2	2	4	-2	-2	-2	2	-2	3	7	2	-2	-2	-2	6	-2	-2
# Values
101.0	1536.0	40.0	2.0
50.0	1514.0	40.0	2.0
0.0	23.0	27.0	0.0
0.0	19.0	4.0	0.0
0.0	0.0	4.0	0.0
0.0	19.0	0.0	0.0
0.0	4.0	23.0	0.0
0.0	2.0	23.0	0.0
0.0	1.0	23.0	0.0
0.0	1.0	6.0	0.0
0.0	0.0	6.0	0.0
0.0	1.0	0.0	0.0
0.0	0.0	17.0	0.0
0.0	1.0	0.0	0.0
0.0	2.0	0.0	0.0
50.0	1491.0	13.0	2.0
50.0	1490.0	4.0	2.0
11.0	1331.0	4.0	2.0
5.0	1326.0	4.0	2.0
5.0	1323.0	2.0	2.0
0.0	5.0	0.0	2.0
0.0	5.0	0.0	0.0
0.0	0.0	0.0	2.0
5.0	1318.0	2.0	0.0
0.0	1236.0	2.0	0.0
0.0	1213.0	0.0	0.0
0.0	23.0	2.0	0.0
0.0	0.0	2.0	0.0
0.0	23.0	0.0	0.0
5.0	82.0	0.0	0.0
1.0	76.0	0.0	0.0
0.0	67.0	0.0	0.0
1.0	9.0	0.0	0.0
1.0	0.0	0.0	0.0
0.0	9.0	0.0	0.0
4.0	6.0	0.0	0.0
4.0	0.0	0.0	0.0
0.0	6.0	0.0	0.0
0.0	3.0	2.0	0.0
0.0	3.0	0.0	0.0
0.0	0.0	2.0	0.0
6.0	5.0	0.0	0.0
6.0	0.0	0.0	0.0
0.0	5.0	0.0	0.0
39.0	159.0	0.0	0.0
38.0	24.0	0.0	0.0
22.0	23.0	0.0	0.0
15.0	4.0	0.0	0.0
0.0	3.0	0.0	0.0
15.0	1.0	0.0	0.0
0.0	1.0	0.0	0.0
15.0	0.0	0.0	0.0
7.0	19.0	0.0	0.0
3.0	19.0	0.0	0.0
1.0	0.0	0.0	0.0
2.0	19.0	0.0	0.0
2.0	5.0	0.0	0.0
2.0	0.0	0.0	0.0
0.0	5.0	0.0	0.0
0.0	14.0	0.0	0.0
4.0	0.0	0.0	0.0
16.0	1.0	0.0	0.0
0.0	1.0	0.0	0.0
16.0	0.0	0.0	0.0
1.0	135.0	0.0	0.0
0.0	124.0	0.0	0.0
1.0	11.0	0.0	0.0
1.0	0.0	0.0	0.0
0.0	11.0	0.0	0.0
0.0	1.0	9.0	0.0
0.0	1.0	4.0	0.0
0.0	1.0	0.0	0.0
0.0	0.0	4.0	0.0
0.0	0.0	5.0	0.0
51.0	22.0	0.0	0.0
0.0	9.0	0.0	0.0
51.0	13.0	0.0	0.0
45.0	1.0	0.0	0.0
5.0	1.0	0.0	0.0
0.0	1.0	0.0	0.0
5.0	0.0	0.0	0.0
40.0	0.0	0.0	0.0
6.0	12.0	0.0	0.0
0.0	12.0	0.0	0.0
6.0	0.0	0.0	0.0
