# Sizes (NFeatures, Nclasses, NodeCount, MaxDepth)
14	4	109	12
# Classes
0.0	1.0	2.0	3.0
# Feature Names
Nrows	Ncols	Nnnz	AvgNnnz	Density	MaxRowNnnz	MinRowNnnz	StdRowNnnz	NDiags	NTrueDiags	AvgNnnzDia	AvgNnnzELL	AvgNnnzHyb	AvgNnnzHdc
# Left
1	2	3	4	5	-1	-1	8	-1	10	-1	12	-1	-1	15	16	-1	-1	-1	20	21	22	23	-1	-1	-1	27	-1	29	-1	-1	32	33	34	35	36	37	38	-1	-1	41	-1	43	-1	-1	46	47	-1	-1	-1	51	-1	53	54	-1	-1	57	-1	59	-1	-1	62	-1	-1	65	66	-1	68	69	-1	71	72	-1	-1	75	76	-1	-1	-1	-1	81	82	-1	-1	85	86	-1	-1	89	-1	91	-1	-1	94	-1	96	-1	-1	99	-1	101	102	103	-1	-1	-1	107	-1	-1
# Right
98	19	14	7	6	-1	-1	9	-1	11	-1	13	-1	-1	18	17	-1	-1	-1	31	26	25	24	-1	-1	-1	28	-1	30	-1	-1	93	64	61	50	45	40	39	-1	-1	42	-1	44	-1	-1	49	48	-1	-1	-1	52	-1	56	55	-1	-1	58	-1	60	-1	-1	63	-1	-1	80	67	-1	79	70	-1	74	73	-1	-1	78	77	-1	-1	-1	-1	84	83	-1	-1	88	87	-1	-1	90	-1	92	-1	-1	95	-1	97	-1	-1	100	-1	106	105	104	-1	-1	-1	108	-1	-1
# Threshold
10136.5	6.0	4.234105110168457	93.0	1.5	-2.0	-2.0	0.7988654971122742	-2.0	2528.0	-2.0	3348.0	-2.0	-2.0	21480.5	0.30739448964595795	-2.0	-2.0	-2.0	38.0	1.4598050117492676	17.5	0.2525469958782196	-2.0	-2.0	-2.0	7.66841983795166	-2.0	7.818419933319092	-2.0	-2.0	195.21900177001953	50737.0	39.52215003967285	0.7929565012454987	4284.5	225.5	214.5	-2.0	-2.0	73.247802734375	-2.0	0.0013505930255632848	-2.0	-2.0	5059.0	58805.5	-2.0	-2.0	-2.0	1580.0	-2.0	199.5	0.904495507478714	-2.0	-2.0	0.00912409508600831	-2.0	800.0	-2.0	-2.0	2442399.0	-2.0	-2.0	0.8986234962940216	514823.5	-2.0	8.5	0.0010062654910143465	-2.0	243.5	8293100.0	-2.0	-2.0	0.003027074853889644	0.7349599897861481	-2.0	-2.0	-2.0	-2.0	43703.5	0.3700829893350601	-2.0	-2.0	0.9363744854927063	1.3186284832045203e-05	-2.0	-2.0	0.00031076949380803853	-2.0	30.09535026550293	-2.0	-2.0	0.89826899766922	-2.0	0.5	-2.0	-2.0	286552.0	-2.0	57.16164970397949	703777.5	0.00010198924792348407	-2.0	-2.0	-2.0	0.5	-2.0	-2.0
# Feature
5	8	12	1	9	-2	-2	3	-2	0	-2	2	-2	-2	0	7	-2	-2	-2	1	12	8	4	-2	-2	-2	3	-2	3	-2	-2	7	8	12	10	5	2	2	-2	-2	7	-2	10	-2	-2	5	0	-2	-2	-2	2	-2	0	11	-2	-2	4	-2	1	-2	-2	2	-2	-2	12	2	-2	6	11	-2	5	2	-2	-2	11	12	-2	-2	-2	-2	1	13	-2	-2	12	10	-2	-2	4	-2	3	-2	-2	12	-2	9	-2	-2	2	-2	3	2	10	-2	-2	-2	6	-2	-2
# Values
109.0	1518.0	49.0	3.0
63.0	1505.0	49.0	3.0
0.0	18.0	27.0	0.0
0.0	5.0	22.0	0.0
0.0	2.0	1.0	0.0
0.0	2.0	0.0	0.0
0.0	0.0	1.0	0.0
0.0	3.0	21.0	0.0
0.0	1.0	0.0	0.0
0.0	2.0	21.0	0.0
0.0	0.0	13.0	0.0
0.0	2.0	8.0	0.0
0.0	2.0	0.0	0.0
0.0	0.0	8.0	0.0
0.0	13.0	5.0	0.0
0.0	13.0	2.0	0.0
0.0	7.0	0.0	0.0
0.0	6.0	2.0	0.0
0.0	0.0	3.0	0.0
63.0	1487.0	22.0	3.0
0.0	7.0	16.0	0.0
0.0	6.0	3.0	0.0
0.0	1.0	3.0	0.0
0.0	1.0	0.0	0.0
0.0	0.0	3.0	0.0
0.0	5.0	0.0	0.0
0.0	1.0	13.0	0.0
0.0	0.0	11.0	0.0
0.0	1.0	2.0	0.0
0.0	1.0	0.0	0.0
0.0	0.0	2.0	0.0
63.0	1480.0	6.0	3.0
49.0	1474.0	6.0	3.0
4.0	1292.0	6.0	3.0
4.0	1291.0	6.0	0.0
4.0	1249.0	1.0	0.0
1.0	1219.0	1.0	0.0
0.0	9.0	1.0	0.0
0.0	9.0	0.0	0.0
0.0	0.0	1.0	0.0
1.0	1210.0	0.0	0.0
0.0	1193.0	0.0	0.0
1.0	17.0	0.0	0.0
1.0	0.0	0.0	0.0
0.0	17.0	0.0	0.0
3.0	30.0	0.0	0.0
3.0	2.0	0.0	0.0
3.0	0.0	0.0	0.0
0.0	2.0	0.0	0.0
0.0	28.0	0.0	0.0
0.0	42.0	5.0	0.0
0.0	1.0	3.0	0.0
0.0	41.0	2.0	0.0
0.0	1.0	1.0	0.0
0.0	0.0	1.0	0.0
0.0	1.0	0.0	0.0
0.0	40.0	1.0	0.0
0.0	32.0	0.0	0.0
0.0	8.0	1.0	0.0
0.0	8.0	0.0	0.0
0.0	0.0	1.0	0.0
0.0	1.0	0.0	3.0
0.0	1.0	0.0	0.0
0.0	0.0	0.0	3.0
45.0	182.0	0.0	0.0
38.0	15.0	0.0	0.0
0.0	9.0	0.0	0.0
38.0	6.0	0.0	0.0
38.0	4.0	0.0	0.0
0.0	2.0	0.0	0.0
38.0	2.0	0.0	0.0
1.0	1.0	0.0	0.0
0.0	1.0	0.0	0.0
1.0	0.0	0.0	0.0
37.0	1.0	0.0	0.0
6.0	1.0	0.0	0.0
6.0	0.0	0.0	0.0
0.0	1.0	0.0	0.0
31.0	0.0	0.0	0.0
0.0	2.0	0.0	0.0
7.0	167.0	0.0	0.0
4.0	5.0	0.0	0.0
0.0	5.0	0.0	0.0
4.0	0.0	0.0	0.0
3.0	162.0	0.0	0.0
2.0	5.0	0.0	0.0
2.0	0.0	0.0	0.0
0.0	5.0	0.0	0.0
1.0	157.0	0.0	0.0
0.0	146.0	0.0	0.0
1.0	11.0	0.0	0.0
1.0	0.0	0.0	0.0
0.0	11.0	0.0	0.0
14.0	6.0	0.0	0.0
13.0	0.0	0.0	0.0
1.0	6.0	0.0	0.0
1.0	0.0	0.0	0.0
0.0	6.0	0.0	0.0
46.0	13.0	0.0	0.0
0.0	5.0	0.0	0.0
46.0	8.0	0.0	0.0
41.0	1.0	0.0	0.0
4.0	1.0	0.0	0.0
0.0	1.0	0.0	0.0
4.0	0.0	0.0	0.0
37.0	0.0	0.0	0.0
5.0	7.0	0.0	0.0
0.0	7.0	0.0	0.0
5.0	0.0	0.0	0.0
