# Sizes (NFeatures, Nclasses, NodeCount, MaxDepth)
14	4	87	11
# Classes
0.0	1.0	2.0	3.0
# Feature Names
Nrows	Ncols	Nnnz	AvgNnnz	Density	MaxRowNnnz	MinRowNnnz	StdRowNnnz	NDiags	NTrueDiags	AvgNnnzDia	AvgNnnzELL	AvgNnnzHyb	AvgNnnzHdc
# Left
1	2	3	-1	5	6	-1	-1	-1	10	11	12	13	14	-1	-1	17	18	19	-1	-1	-1	23	24	25	26	-1	-1	-1	-1	-1	32	-1	34	35	-1	-1	38	-1	-1	41	42	43	-1	45	-1	-1	48	-1	50	51	52	-1	-1	55	56	-1	-1	-1	60	-1	62	-1	-1	65	-1	67	-1	-1	70	71	-1	73	-1	-1	-1	77	78	-1	80	-1	82	-1	-1	85	-1	-1
# Right
76	9	4	-1	8	7	-1	-1	-1	69	40	31	16	15	-1	-1	22	21	20	-1	-1	-1	30	29	28	27	-1	-1	-1	-1	-1	33	-1	37	36	-1	-1	39	-1	-1	64	47	44	-1	46	-1	-1	49	-1	59	54	53	-1	-1	58	57	-1	-1	-1	61	-1	63	-1	-1	66	-1	68	-1	-1	75	72	-1	74	-1	-1	-1	84	79	-1	81	-1	83	-1	-1	86	-1	-1
# Threshold
98.82215118408203	43.0	116.5	-2.0	0.443696990609169	48.5	-2.0	-2.0	-2.0	0.9873084723949432	52345.0	1401.0	225.5	1.0204249620437622	-2.0	-2.0	0.7998000085353851	6.5003050622181036e-06	0.6584254950284958	-2.0	-2.0	-2.0	930.5	14.443599700927734	2726.5	2.427839994430542	-2.0	-2.0	-2.0	-2.0	-2.0	0.43462949991226196	-2.0	0.0004683880106313154	23.260700225830078	-2.0	-2.0	0.5	-2.0	-2.0	0.9936479926109314	6.070800065994263	228152.5	-2.0	0.6141369938850403	-2.0	-2.0	0.5654419958591461	-2.0	3.5	71673.0	69478.0	-2.0	-2.0	0.38551250100135803	0.3629249930381775	-2.0	-2.0	-2.0	7.928019762039185	-2.0	0.04012550041079521	-2.0	-2.0	0.00031076949380803853	-2.0	29.35855007171631	-2.0	-2.0	3348.0	57.0	-2.0	1777.0	-2.0	-2.0	-2.0	0.06272589974105358	286552.0	-2.0	73.08765029907227	-2.0	0.33469049632549286	-2.0	-2.0	16.5	-2.0	-2.0
# Feature
7	0	2	-2	13	8	-2	-2	-2	10	8	5	2	7	-2	-2	10	4	7	-2	-2	-2	0	3	2	12	-2	-2	-2	-2	-2	13	-2	10	7	-2	-2	9	-2	-2	12	3	8	-2	13	-2	-2	12	-2	9	1	8	-2	-2	13	13	-2	-2	-2	3	-2	11	-2	-2	4	-2	3	-2	-2	1	2	-2	0	-2	-2	-2	11	2	-2	3	-2	13	-2	-2	6	-2	-2
# Values
122.0	1509.0	47.0	1.0
54.0	1481.0	47.0	1.0
0.0	4.0	24.0	0.0
0.0	0.0	19.0	0.0
0.0	4.0	5.0	0.0
0.0	4.0	1.0	0.0
0.0	4.0	0.0	0.0
0.0	0.0	1.0	0.0
0.0	0.0	4.0	0.0
54.0	1477.0	23.0	1.0
54.0	1473.0	9.0	1.0
10.0	1297.0	9.0	1.0
0.0	1233.0	9.0	1.0
0.0	8.0	3.0	0.0
0.0	0.0	3.0	0.0
0.0	8.0	0.0	0.0
0.0	1225.0	6.0	1.0
0.0	1184.0	0.0	1.0
0.0	4.0	0.0	1.0
0.0	0.0	0.0	1.0
0.0	4.0	0.0	0.0
0.0	1180.0	0.0	0.0
0.0	41.0	6.0	0.0
0.0	9.0	6.0	0.0
0.0	3.0	6.0	0.0
0.0	3.0	1.0	0.0
0.0	1.0	1.0	0.0
0.0	2.0	0.0	0.0
0.0	0.0	5.0	0.0
0.0	6.0	0.0	0.0
0.0	32.0	0.0	0.0
10.0	64.0	0.0	0.0
0.0	48.0	0.0	0.0
10.0	16.0	0.0	0.0
9.0	1.0	0.0	0.0
0.0	1.0	0.0	0.0
9.0	0.0	0.0	0.0
1.0	15.0	0.0	0.0
1.0	0.0	0.0	0.0
0.0	15.0	0.0	0.0
44.0	176.0	0.0	0.0
43.0	35.0	0.0	0.0
3.0	19.0	0.0	0.0
0.0	18.0	0.0	0.0
3.0	1.0	0.0	0.0
3.0	0.0	0.0	0.0
0.0	1.0	0.0	0.0
40.0	16.0	0.0	0.0
0.0	3.0	0.0	0.0
40.0	13.0	0.0	0.0
33.0	5.0	0.0	0.0
7.0	4.0	0.0	0.0
7.0	0.0	0.0	0.0
0.0	4.0	0.0	0.0
26.0	1.0	0.0	0.0
2.0	1.0	0.0	0.0
2.0	0.0	0.0	0.0
0.0	1.0	0.0	0.0
24.0	0.0	0.0	0.0
7.0	8.0	0.0	0.0
6.0	0.0	0.0	0.0
1.0	8.0	0.0	0.0
0.0	8.0	0.0	0.0
1.0	0.0	0.0	0.0
1.0	141.0	0.0	0.0
0.0	122.0	0.0	0.0
1.0	19.0	0.0	0.0
1.0	0.0	0.0	0.0
0.0	19.0	0.0	0.0
0.0	4.0	14.0	0.0
0.0	4.0	3.0	0.0
0.0	2.0	0.0	0.0
0.0	2.0	3.0	0.0
0.0	0.0	3.0	0.0
0.0	2.0	0.0	0.0
0.0	0.0	11.0	0.0
68.0	28.0	0.0	0.0
65.0	10.0	0.0	0.0
0.0	7.0	0.0	0.0
65.0	3.0	0.0	0.0
55.0	0.0	0.0	0.0
10.0	3.0	0.0	0.0
10.0	0.0	0.0	0.0
0.0	3.0	0.0	0.0
3.0	18.0	0.0	0.0
0.0	18.0	0.0	0.0
3.0	0.0	0.0	0.0
