# Sizes (NFeatures, Nclasses, NodeCount, MaxDepth)
14	4	97	11
# Classes
0.0	1.0	2.0	3.0
# Feature Names
Nrows	Ncols	Nnnz	AvgNnnz	Density	MaxRowNnnz	MinRowNnnz	StdRowNnnz	NDiags	NTrueDiags	AvgNnnzDia	AvgNnnzELL	AvgNnnzHyb	AvgNnnzHdc
# Left
1	2	3	-1	5	-1	7	8	-1	-1	-1	12	13	14	15	16	17	-1	-1	20	-1	22	-1	24	-1	26	-1	-1	-1	30	31	-1	-1	34	35	36	-1	-1	-1	-1	41	-1	43	-1	-1	46	47	48	49	50	-1	-1	-1	-1	55	56	-1	58	59	-1	-1	-1	63	64	65	-1	67	68	-1	-1	-1	-1	-1	74	75	-1	77	-1	-1	80	-1	-1	83	84	85	-1	87	-1	-1	-1	91	92	-1	-1	95	-1	-1
# Right
82	11	4	-1	6	-1	10	9	-1	-1	-1	45	40	29	28	19	18	-1	-1	21	-1	23	-1	25	-1	27	-1	-1	-1	33	32	-1	-1	39	38	37	-1	-1	-1	-1	42	-1	44	-1	-1	73	54	53	52	51	-1	-1	-1	-1	62	57	-1	61	60	-1	-1	-1	72	71	66	-1	70	69	-1	-1	-1	-1	-1	79	76	-1	78	-1	-1	81	-1	-1	90	89	86	-1	88	-1	-1	-1	94	93	-1	-1	96	-1	-1
# Threshold
129.15549850463867	159.0	0.8396604955196381	-2.0	60.5	-2.0	0.31917349994182587	0.1294574998319149	-2.0	-2.0	-2.0	50614.0	0.9987500011920929	0.8417659997940063	34.205599784851074	26.0	1.8061500191688538	-2.0	-2.0	3005.0	-2.0	3183.0	-2.0	0.43984250724315643	-2.0	0.4584140032529831	-2.0	-2.0	-2.0	2881.5	11.099599599838257	-2.0	-2.0	8111.0	6212.5	11.0	-2.0	-2.0	-2.0	-2.0	2528.0	-2.0	3367.0	-2.0	-2.0	0.9413324892520905	79132.0	58101.5	31.853798866271973	332.0	-2.0	-2.0	-2.0	-2.0	1.0	341.5	-2.0	0.3759540021419525	0.3659234941005707	-2.0	-2.0	-2.0	0.032677349634468555	9.763530033524148e-05	0.34360499680042267	-2.0	2.5	8.581489964853972e-06	-2.0	-2.0	-2.0	-2.0	-2.0	0.0011452600010670722	50633700.0	-2.0	53834300.0	-2.0	-2.0	0.3711419999599457	-2.0	-2.0	27992.5	10.5	0.12137539684772491	-2.0	18821.0	-2.0	-2.0	-2.0	0.5	331.468505859375	-2.0	-2.0	1890.5	-2.0	-2.0
# Feature
7	2	7	-2	2	-2	13	4	-2	-2	-2	8	10	10	12	1	7	-2	-2	5	-2	5	-2	13	-2	13	-2	-2	-2	2	12	-2	-2	2	2	9	-2	-2	-2	-2	0	-2	0	-2	-2	12	8	0	7	5	-2	-2	-2	-2	9	5	-2	13	13	-2	-2	-2	11	4	13	-2	9	10	-2	-2	-2	-2	-2	10	2	-2	2	-2	-2	13	-2	-2	0	6	11	-2	8	-2	-2	-2	6	7	-2	-2	5	-2	-2
# Values
119.0	1520.0	39.0	1.0
54.0	1501.0	39.0	1.0
0.0	8.0	21.0	0.0
0.0	0.0	14.0	0.0
0.0	8.0	7.0	0.0
0.0	0.0	5.0	0.0
0.0	8.0	2.0	0.0
0.0	1.0	2.0	0.0
0.0	1.0	0.0	0.0
0.0	0.0	2.0	0.0
0.0	7.0	0.0	0.0
54.0	1493.0	18.0	1.0
2.0	1285.0	18.0	1.0
2.0	1284.0	10.0	1.0
2.0	1257.0	2.0	1.0
2.0	1257.0	2.0	0.0
0.0	2.0	2.0	0.0
0.0	2.0	0.0	0.0
0.0	0.0	2.0	0.0
2.0	1255.0	0.0	0.0
0.0	1225.0	0.0	0.0
2.0	30.0	0.0	0.0
1.0	0.0	0.0	0.0
1.0	30.0	0.0	0.0
0.0	25.0	0.0	0.0
1.0	5.0	0.0	0.0
1.0	0.0	0.0	0.0
0.0	5.0	0.0	0.0
0.0	0.0	0.0	1.0
0.0	27.0	8.0	0.0
0.0	1.0	5.0	0.0
0.0	0.0	5.0	0.0
0.0	1.0	0.0	0.0
0.0	26.0	3.0	0.0
0.0	8.0	3.0	0.0
0.0	8.0	1.0	0.0
0.0	6.0	1.0	0.0
0.0	2.0	0.0	0.0
0.0	0.0	2.0	0.0
0.0	18.0	0.0	0.0
0.0	1.0	8.0	0.0
0.0	0.0	5.0	0.0
0.0	1.0	3.0	0.0
0.0	1.0	0.0	0.0
0.0	0.0	3.0	0.0
52.0	208.0	0.0	0.0
44.0	30.0	0.0	0.0
7.0	18.0	0.0	0.0
7.0	5.0	0.0	0.0
1.0	5.0	0.0	0.0
1.0	0.0	0.0	0.0
0.0	5.0	0.0	0.0
6.0	0.0	0.0	0.0
0.0	13.0	0.0	0.0
37.0	12.0	0.0	0.0
28.0	3.0	0.0	0.0
0.0	1.0	0.0	0.0
28.0	2.0	0.0	0.0
5.0	2.0	0.0	0.0
5.0	0.0	0.0	0.0
0.0	2.0	0.0	0.0
23.0	0.0	0.0	0.0
9.0	9.0	0.0	0.0
4.0	9.0	0.0	0.0
2.0	9.0	0.0	0.0
1.0	0.0	0.0	0.0
1.0	9.0	0.0	0.0
1.0	1.0	0.0	0.0
0.0	1.0	0.0	0.0
1.0	0.0	0.0	0.0
0.0	8.0	0.0	0.0
2.0	0.0	0.0	0.0
5.0	0.0	0.0	0.0
8.0	178.0	0.0	0.0
4.0	175.0	0.0	0.0
0.0	153.0	0.0	0.0
4.0	22.0	0.0	0.0
4.0	0.0	0.0	0.0
0.0	22.0	0.0	0.0
4.0	3.0	0.0	0.0
0.0	3.0	0.0	0.0
4.0	0.0	0.0	0.0
65.0	19.0	0.0	0.0
8.0	15.0	0.0	0.0
1.0	15.0	0.0	0.0
0.0	14.0	0.0	0.0
1.0	1.0	0.0	0.0
1.0	0.0	0.0	0.0
0.0	1.0	0.0	0.0
7.0	0.0	0.0	0.0
57.0	4.0	0.0	0.0
4.0	3.0	0.0	0.0
4.0	0.0	0.0	0.0
0.0	3.0	0.0	0.0
53.0	1.0	0.0	0.0
0.0	1.0	0.0	0.0
53.0	0.0	0.0	0.0
