# Sizes (NFeatures, Nclasses, NodeCount, MaxDepth)
14	4	95	11
# Classes
0.0	1.0	2.0	3.0
# Feature Names
Nrows	Ncols	Nnnz	AvgNnnz	Density	MaxRowNnnz	MinRowNnnz	StdRowNnnz	NDiags	NTrueDiags	AvgNnnzDia	AvgNnnzELL	AvgNnnzHyb	AvgNnnzHdc
# Left
1	2	3	4	5	-1	7	-1	-1	-1	11	12	13	-1	-1	-1	-1	18	19	20	21	22	23	-1	25	-1	27	-1	29	-1	-1	32	-1	-1	35	36	-1	38	-1	-1	41	42	-1	-1	45	-1	47	-1	-1	50	-1	52	-1	54	-1	56	-1	-1	59	60	61	-1	-1	64	-1	66	-1	-1	69	70	-1	72	-1	-1	75	-1	-1	78	79	-1	-1	-1	83	84	-1	-1	87	88	-1	90	91	-1	-1	-1	-1
# Right
82	17	10	9	6	-1	8	-1	-1	-1	16	15	14	-1	-1	-1	-1	77	58	49	34	31	24	-1	26	-1	28	-1	30	-1	-1	33	-1	-1	40	37	-1	39	-1	-1	44	43	-1	-1	46	-1	48	-1	-1	51	-1	53	-1	55	-1	57	-1	-1	68	63	62	-1	-1	65	-1	67	-1	-1	74	71	-1	73	-1	-1	76	-1	-1	81	80	-1	-1	-1	86	85	-1	-1	94	89	-1	93	92	-1	-1	-1	-1
# Threshold
129.18800354003906	225.5	0.49459201097488403	4.3395750522613525	49.5	-2.0	2.541084945201874	-2.0	-2.0	-2.0	40.0	48.5	12.5	-2.0	-2.0	-2.0	-2.0	0.9987500011920929	79243.5	1495.0	0.7996000051498413	39.52215003967285	52345.0	-2.0	52823.5	-2.0	0.001380424975650385	-2.0	3.0	-2.0	-2.0	0.3577185362810269	-2.0	-2.0	250.0	174.5	-2.0	199.5	-2.0	-2.0	2.0	21435.0	-2.0	-2.0	0.008405244909226894	-2.0	800.0	-2.0	-2.0	1550.5	-2.0	41140.0	-2.0	0.00015715599874965847	-2.0	555950.0	-2.0	-2.0	0.9404859840869904	295.5	13.83370065689087	-2.0	-2.0	5.9784499171655625e-05	-2.0	92714.0	-2.0	-2.0	0.00031076949380803853	35.501901626586914	-2.0	36.59040069580078	-2.0	-2.0	23.43690061569214	-2.0	-2.0	3348.0	0.0004196859954390675	-2.0	-2.0	-2.0	1678.5	0.01373569993302226	-2.0	-2.0	0.022138100117444992	299236.5	-2.0	0.5	472795.0	-2.0	-2.0	-2.0	-2.0
# Feature
7	2	11	3	8	-2	3	-2	-2	-2	8	2	1	-2	-2	-2	-2	10	8	5	10	12	8	-2	8	-2	4	-2	9	-2	-2	10	-2	-2	1	1	-2	1	-2	-2	6	0	-2	-2	4	-2	1	-2	-2	5	-2	8	-2	4	-2	2	-2	-2	12	5	7	-2	-2	10	-2	0	-2	-2	4	3	-2	3	-2	-2	7	-2	-2	0	4	-2	-2	-2	5	4	-2	-2	10	2	-2	6	1	-2	-2	-2	-2
# Values
105.0	1536.0	37.0	1.0
50.0	1519.0	37.0	1.0
0.0	14.0	23.0	0.0
0.0	11.0	2.0	0.0
0.0	11.0	1.0	0.0
0.0	9.0	0.0	0.0
0.0	2.0	1.0	0.0
0.0	2.0	0.0	0.0
0.0	0.0	1.0	0.0
0.0	0.0	1.0	0.0
0.0	3.0	21.0	0.0
0.0	2.0	21.0	0.0
0.0	2.0	5.0	0.0
0.0	0.0	5.0	0.0
0.0	2.0	0.0	0.0
0.0	0.0	16.0	0.0
0.0	1.0	0.0	0.0
50.0	1505.0	14.0	1.0
50.0	1504.0	5.0	1.0
13.0	1383.0	5.0	1.0
2.0	1313.0	5.0	1.0
2.0	1266.0	0.0	1.0
2.0	1264.0	0.0	0.0
0.0	1211.0	0.0	0.0
2.0	53.0	0.0	0.0
1.0	0.0	0.0	0.0
1.0	53.0	0.0	0.0
0.0	51.0	0.0	0.0
1.0	2.0	0.0	0.0
1.0	0.0	0.0	0.0
0.0	2.0	0.0	0.0
0.0	2.0	0.0	1.0
0.0	0.0	0.0	1.0
0.0	2.0	0.0	0.0
0.0	47.0	5.0	0.0
0.0	3.0	3.0	0.0
0.0	1.0	0.0	0.0
0.0	2.0	3.0	0.0
0.0	0.0	1.0	0.0
0.0	2.0	2.0	0.0
0.0	44.0	2.0	0.0
0.0	3.0	1.0	0.0
0.0	3.0	0.0	0.0
0.0	0.0	1.0	0.0
0.0	41.0	1.0	0.0
0.0	36.0	0.0	0.0
0.0	5.0	1.0	0.0
0.0	5.0	0.0	0.0
0.0	0.0	1.0	0.0
11.0	70.0	0.0	0.0
4.0	0.0	0.0	0.0
7.0	70.0	0.0	0.0
0.0	55.0	0.0	0.0
7.0	15.0	0.0	0.0
0.0	12.0	0.0	0.0
7.0	3.0	0.0	0.0
7.0	0.0	0.0	0.0
0.0	3.0	0.0	0.0
37.0	121.0	0.0	0.0
32.0	7.0	0.0	0.0
1.0	4.0	0.0	0.0
0.0	4.0	0.0	0.0
1.0	0.0	0.0	0.0
31.0	3.0	0.0	0.0
26.0	0.0	0.0	0.0
5.0	3.0	0.0	0.0
5.0	0.0	0.0	0.0
0.0	3.0	0.0	0.0
5.0	114.0	0.0	0.0
1.0	103.0	0.0	0.0
0.0	92.0	0.0	0.0
1.0	11.0	0.0	0.0
1.0	0.0	0.0	0.0
0.0	11.0	0.0	0.0
4.0	11.0	0.0	0.0
4.0	0.0	0.0	0.0
0.0	11.0	0.0	0.0
0.0	1.0	9.0	0.0
0.0	1.0	3.0	0.0
0.0	1.0	0.0	0.0
0.0	0.0	3.0	0.0
0.0	0.0	6.0	0.0
55.0	17.0	0.0	0.0
2.0	10.0	0.0	0.0
0.0	10.0	0.0	0.0
2.0	0.0	0.0	0.0
53.0	7.0	0.0	0.0
53.0	4.0	0.0	0.0
0.0	3.0	0.0	0.0
53.0	1.0	0.0	0.0
5.0	1.0	0.0	0.0
0.0	1.0	0.0	0.0
5.0	0.0	0.0	0.0
48.0	0.0	0.0	0.0
0.0	3.0	0.0	0.0
