# Sizes (NFeatures, Nclasses, NodeCount, MaxDepth)
14	4	101	15
# Classes
0.0	1.0	2.0	3.0
# Feature Names
Nrows	Ncols	Nnnz	AvgNnnz	Density	MaxRowNnnz	MinRowNnnz	StdRowNnnz	NDiags	NTrueDiags	AvgNnnzDia	AvgNnnzELL	AvgNnnzHyb	AvgNnnzHdc
# Left
1	2	3	-1	5	6	-1	-1	-1	10	11	12	13	-1	15	-1	-1	-1	19	20	21	22	-1	-1	25	26	27	28	-1	-1	31	32	-1	34	-1	36	-1	38	-1	-1	41	-1	43	44	-1	-1	-1	48	-1	-1	-1	-1	53	54	-1	56	-1	58	-1	60	61	-1	-1	64	65	-1	-1	-1	69	-1	-1	72	73	74	-1	-1	77	78	-1	-1	-1	82	-1	84	-1	86	-1	88	-1	-1	91	-1	93	94	-1	-1	97	98	-1	-1	-1
# Right
90	9	4	-1	8	7	-1	-1	-1	71	18	17	14	-1	16	-1	-1	-1	52	51	24	23	-1	-1	50	47	30	29	-1	-1	40	33	-1	35	-1	37	-1	39	-1	-1	42	-1	46	45	-1	-1	-1	49	-1	-1	-1	-1	68	55	-1	57	-1	59	-1	63	62	-1	-1	67	66	-1	-1	-1	70	-1	-1	81	76	75	-1	-1	80	79	-1	-1	-1	83	-1	85	-1	87	-1	89	-1	-1	92	-1	96	95	-1	-1	100	99	-1	-1	-1
# Threshold
7573.5	2.5	0.9987500011920929	-2.0	93.0	3.5	-2.0	-2.0	-2.0	79132.0	38.0	7.66841983795166	1.05902498960495	-2.0	47.5	-2.0	-2.0	-2.0	1761.0	0.99361652135849	5.5	0.38360999524593353	-2.0	-2.0	34.205599784851074	191.65349578857422	63.0	57.5	-2.0	-2.0	0.8474799990653992	52345.0	-2.0	52645.0	-2.0	0.00119614097638987	-2.0	0.0021872399956919253	-2.0	-2.0	2881.5	-2.0	9552.0	3.4590851068496704	-2.0	-2.0	-2.0	0.013011300005018711	-2.0	-2.0	-2.0	-2.0	51776.5	363623.5	-2.0	0.6385509967803955	-2.0	0.5	-2.0	0.0002801200025714934	0.00024206049420172349	-2.0	-2.0	0.003263649996370077	39663.0	-2.0	-2.0	-2.0	67823.0	-2.0	-2.0	0.9363744854927063	3.5	8.201390073736547e-07	-2.0	-2.0	1.882169999589678e-05	12967685.0	-2.0	-2.0	-2.0	27.668700218200684	-2.0	29.35855007171631	-2.0	1422630.0	-2.0	0.0004434648471942637	-2.0	-2.0	286552.0	-2.0	116.22199630737305	201742.5	-2.0	-2.0	0.5	0.5	-2.0	-2.0	-2.0
# Feature
5	5	3	-2	1	8	-2	-2	-2	8	1	3	12	-2	2	-2	-2	-2	5	10	8	7	-2	-2	12	7	0	0	-2	-2	10	8	-2	8	-2	4	-2	4	-2	-2	2	-2	2	12	-2	-2	-2	4	-2	-2	-2	-2	8	2	-2	12	-2	9	-2	10	10	-2	-2	11	0	-2	-2	-2	8	-2	-2	12	9	4	-2	-2	10	1	-2	-2	-2	3	-2	3	-2	0	-2	10	-2	-2	2	-2	7	8	-2	-2	6	9	-2	-2	-2
# Values
104.0	1544.0	30.0	1.0
55.0	1523.0	30.0	1.0
0.0	3.0	13.0	0.0
0.0	2.0	0.0	0.0
0.0	1.0	13.0	0.0
0.0	1.0	2.0	0.0
0.0	1.0	0.0	0.0
0.0	0.0	2.0	0.0
0.0	0.0	11.0	0.0
55.0	1520.0	17.0	1.0
16.0	1394.0	17.0	1.0
0.0	7.0	11.0	0.0
0.0	3.0	11.0	0.0
0.0	2.0	0.0	0.0
0.0	1.0	11.0	0.0
0.0	1.0	0.0	0.0
0.0	0.0	11.0	0.0
0.0	4.0	0.0	0.0
16.0	1387.0	6.0	1.0
3.0	1321.0	6.0	1.0
3.0	1321.0	5.0	1.0
0.0	6.0	2.0	0.0
0.0	6.0	0.0	0.0
0.0	0.0	2.0	0.0
3.0	1315.0	3.0	1.0
3.0	1315.0	3.0	0.0
2.0	1313.0	3.0	0.0
0.0	4.0	1.0	0.0
0.0	4.0	0.0	0.0
0.0	0.0	1.0	0.0
2.0	1309.0	2.0	0.0
2.0	1276.0	0.0	0.0
0.0	1224.0	0.0	0.0
2.0	52.0	0.0	0.0
1.0	0.0	0.0	0.0
1.0	52.0	0.0	0.0
0.0	48.0	0.0	0.0
1.0	4.0	0.0	0.0
1.0	0.0	0.0	0.0
0.0	4.0	0.0	0.0
0.0	33.0	2.0	0.0
0.0	0.0	1.0	0.0
0.0	33.0	1.0	0.0
0.0	4.0	1.0	0.0
0.0	4.0	0.0	0.0
0.0	0.0	1.0	0.0
0.0	29.0	0.0	0.0
1.0	2.0	0.0	0.0
0.0	2.0	0.0	0.0
1.0	0.0	0.0	0.0
0.0	0.0	0.0	1.0
0.0	0.0	1.0	0.0
13.0	66.0	0.0	0.0
8.0	63.0	0.0	0.0
0.0	37.0	0.0	0.0
8.0	26.0	0.0	0.0
4.0	0.0	0.0	0.0
4.0	26.0	0.0	0.0
1.0	0.0	0.0	0.0
3.0	26.0	0.0	0.0
2.0	2.0	0.0	0.0
0.0	2.0	0.0	0.0
2.0	0.0	0.0	0.0
1.0	24.0	0.0	0.0
1.0	3.0	0.0	0.0
1.0	0.0	0.0	0.0
0.0	3.0	0.0	0.0
0.0	21.0	0.0	0.0
5.0	3.0	0.0	0.0
5.0	0.0	0.0	0.0
0.0	3.0	0.0	0.0
39.0	126.0	0.0	0.0
32.0	8.0	0.0	0.0
27.0	1.0	0.0	0.0
0.0	1.0	0.0	0.0
27.0	0.0	0.0	0.0
5.0	7.0	0.0	0.0
5.0	1.0	0.0	0.0
5.0	0.0	0.0	0.0
0.0	1.0	0.0	0.0
0.0	6.0	0.0	0.0
7.0	118.0	0.0	0.0
0.0	86.0	0.0	0.0
7.0	32.0	0.0	0.0
4.0	0.0	0.0	0.0
3.0	32.0	0.0	0.0
0.0	31.0	0.0	0.0
3.0	1.0	0.0	0.0
3.0	0.0	0.0	0.0
0.0	1.0	0.0	0.0
49.0	21.0	0.0	0.0
0.0	10.0	0.0	0.0
49.0	11.0	0.0	0.0
4.0	7.0	0.0	0.0
0.0	7.0	0.0	0.0
4.0	0.0	0.0	0.0
45.0	4.0	0.0	0.0
1.0	4.0	0.0	0.0
0.0	4.0	0.0	0.0
1.0	0.0	0.0	0.0
44.0	0.0	0.0	0.0
