# Sizes (NFeatures, Nclasses, NodeCount, MaxDepth)
14	4	95	11
# Classes
0.0	1.0	2.0	3.0
# Feature Names
Nrows	Ncols	Nnnz	AvgNnnz	Density	MaxRowNnnz	MinRowNnnz	StdRowNnnz	NDiags	NTrueDiags	AvgNnnzDia	AvgNnnzELL	AvgNnnzHyb	AvgNnnzHdc
# Left
1	2	3	4	5	6	-1	-1	9	10	-1	-1	-1	14	-1	-1	-1	18	19	20	21	22	-1	-1	25	26	-1	-1	29	30	31	-1	-1	34	-1	36	-1	-1	39	-1	41	-1	43	-1	-1	46	-1	-1	49	50	-1	52	53	-1	-1	-1	-1	58	59	60	61	-1	63	-1	-1	66	67	-1	-1	-1	71	72	73	74	-1	-1	77	-1	79	-1	-1	-1	-1	84	-1	86	-1	-1	89	-1	91	92	-1	-1	-1
# Right
88	17	16	13	8	7	-1	-1	12	11	-1	-1	-1	15	-1	-1	-1	57	48	45	24	23	-1	-1	28	27	-1	-1	38	33	32	-1	-1	35	-1	37	-1	-1	40	-1	42	-1	44	-1	-1	47	-1	-1	56	51	-1	55	54	-1	-1	-1	-1	83	70	65	62	-1	64	-1	-1	69	68	-1	-1	-1	82	81	76	75	-1	-1	78	-1	80	-1	-1	-1	-1	85	-1	87	-1	-1	90	-1	94	93	-1	-1	-1
# Threshold
10936.5	42.5	5.5	11.5	1.5	2.0491999983787537	-2.0	-2.0	47.0	2.6706351041793823	-2.0	-2.0	-2.0	0.5	-2.0	-2.0	-2.0	50614.0	0.9873084723949432	195.21900177001953	6.015455028318684e-06	2557966.0	-2.0	-2.0	225.5	0.0813356526196003	-2.0	-2.0	0.8402075171470642	0.39411549270153046	12.279800415039062	-2.0	-2.0	1401.0	-2.0	1418.0	-2.0	-2.0	2881.5	-2.0	0.00912409508600831	-2.0	3.7157150506973267	-2.0	-2.0	3332895.0	-2.0	-2.0	10.189939975738525	0.0002984294987982139	-2.0	2104.0	80.0	-2.0	-2.0	-2.0	-2.0	0.9438679814338684	20.762300491333008	128112.0	0.00013036799646215513	-2.0	0.5	-2.0	-2.0	447579.0	287.0	-2.0	-2.0	-2.0	76.00429916381836	181621492.0	22.026599884033203	72393.0	-2.0	-2.0	57.53089904785156	-2.0	1567.5	-2.0	-2.0	-2.0	-2.0	0.00031076949380803853	-2.0	0.00018595150322653353	-2.0	-2.0	286552.0	-2.0	98.42425155639648	21781.0	-2.0	-2.0	-2.0
# Feature
5	1	6	5	9	3	-2	-2	2	3	-2	-2	-2	6	-2	-2	-2	8	10	7	4	0	-2	-2	2	10	-2	-2	10	12	3	-2	-2	5	-2	5	-2	-2	2	-2	4	-2	12	-2	-2	2	-2	-2	12	4	-2	2	2	-2	-2	-2	-2	12	7	8	10	-2	9	-2	-2	8	5	-2	-2	-2	3	2	7	1	-2	-2	7	-2	5	-2	-2	-2	-2	4	-2	10	-2	-2	2	-2	7	5	-2	-2	-2
# Values
108.0	1527.0	41.0	3.0
62.0	1522.0	41.0	3.0
0.0	9.0	22.0	0.0
0.0	6.0	22.0	0.0
0.0	2.0	20.0	0.0
0.0	1.0	1.0	0.0
0.0	0.0	1.0	0.0
0.0	1.0	0.0	0.0
0.0	1.0	19.0	0.0
0.0	1.0	3.0	0.0
0.0	0.0	3.0	0.0
0.0	1.0	0.0	0.0
0.0	0.0	16.0	0.0
0.0	4.0	2.0	0.0
0.0	4.0	0.0	0.0
0.0	0.0	2.0	0.0
0.0	3.0	0.0	0.0
62.0	1513.0	19.0	3.0
10.0	1359.0	19.0	3.0
10.0	1351.0	7.0	3.0
4.0	1343.0	7.0	3.0
0.0	2.0	0.0	3.0
0.0	0.0	0.0	3.0
0.0	2.0	0.0	0.0
4.0	1341.0	7.0	0.0
0.0	5.0	3.0	0.0
0.0	5.0	0.0	0.0
0.0	0.0	3.0	0.0
4.0	1336.0	4.0	0.0
4.0	1309.0	0.0	0.0
3.0	27.0	0.0	0.0
0.0	27.0	0.0	0.0
3.0	0.0	0.0	0.0
1.0	1282.0	0.0	0.0
0.0	1216.0	0.0	0.0
1.0	66.0	0.0	0.0
1.0	0.0	0.0	0.0
0.0	66.0	0.0	0.0
0.0	27.0	4.0	0.0
0.0	0.0	3.0	0.0
0.0	27.0	1.0	0.0
0.0	24.0	0.0	0.0
0.0	3.0	1.0	0.0
0.0	3.0	0.0	0.0
0.0	0.0	1.0	0.0
6.0	8.0	0.0	0.0
6.0	0.0	0.0	0.0
0.0	8.0	0.0	0.0
0.0	8.0	12.0	0.0
0.0	3.0	12.0	0.0
0.0	0.0	8.0	0.0
0.0	3.0	4.0	0.0
0.0	1.0	4.0	0.0
0.0	1.0	0.0	0.0
0.0	0.0	4.0	0.0
0.0	2.0	0.0	0.0
0.0	5.0	0.0	0.0
52.0	154.0	0.0	0.0
50.0	24.0	0.0	0.0
9.0	16.0	0.0	0.0
2.0	12.0	0.0	0.0
0.0	11.0	0.0	0.0
2.0	1.0	0.0	0.0
0.0	1.0	0.0	0.0
2.0	0.0	0.0	0.0
7.0	4.0	0.0	0.0
7.0	1.0	0.0	0.0
0.0	1.0	0.0	0.0
7.0	0.0	0.0	0.0
0.0	3.0	0.0	0.0
41.0	8.0	0.0	0.0
41.0	5.0	0.0	0.0
41.0	3.0	0.0	0.0
4.0	2.0	0.0	0.0
0.0	2.0	0.0	0.0
4.0	0.0	0.0	0.0
37.0	1.0	0.0	0.0
30.0	0.0	0.0	0.0
7.0	1.0	0.0	0.0
0.0	1.0	0.0	0.0
7.0	0.0	0.0	0.0
0.0	2.0	0.0	0.0
0.0	3.0	0.0	0.0
2.0	130.0	0.0	0.0
0.0	113.0	0.0	0.0
2.0	17.0	0.0	0.0
2.0	0.0	0.0	0.0
0.0	17.0	0.0	0.0
46.0	5.0	0.0	0.0
0.0	3.0	0.0	0.0
46.0	2.0	0.0	0.0
2.0	2.0	0.0	0.0
2.0	0.0	0.0	0.0
0.0	2.0	0.0	0.0
44.0	0.0	0.0	0.0
