# Sizes (NFeatures, Nclasses, NodeCount, MaxDepth)
14	4	83	12
# Classes
0.0	1.0	2.0	3.0
# Feature Names
Nrows	Ncols	Nnnz	AvgNnnz	Density	MaxRowNnnz	MinRowNnnz	StdRowNnnz	NDiags	NTrueDiags	AvgNnnzDia	AvgNnnzELL	AvgNnnzHyb	AvgNnnzHdc
# Left
1	2	3	4	5	6	-1	-1	-1	10	-1	-1	13	14	15	16	17	-1	-1	20	-1	22	-1	24	-1	26	-1	-1	29	-1	31	-1	-1	34	-1	-1	37	38	39	40	41	42	-1	44	-1	46	-1	-1	-1	-1	51	52	-1	54	-1	-1	-1	-1	59	60	-1	-1	63	-1	65	-1	-1	68	-1	-1	71	72	73	-1	75	-1	-1	-1	79	-1	81	-1	-1
# Right
70	67	12	9	8	7	-1	-1	-1	11	-1	-1	36	33	28	19	18	-1	-1	21	-1	23	-1	25	-1	27	-1	-1	30	-1	32	-1	-1	35	-1	-1	58	57	50	49	48	43	-1	45	-1	47	-1	-1	-1	-1	56	53	-1	55	-1	-1	-1	-1	62	61	-1	-1	64	-1	66	-1	-1	69	-1	-1	78	77	74	-1	76	-1	-1	-1	80	-1	82	-1	-1
# Threshold
129.18800354003906	0.9954390227794647	38.5	0.38180799782276154	1.4598050117492676	2.3913049697875977	-2.0	-2.0	-2.0	0.4011010080575943	-2.0	-2.0	50439.5	39.52215003967285	0.9378385245800018	64.0	0.0631331019103527	-2.0	-2.0	3005.5	-2.0	3167.0	-2.0	76.4280014038086	-2.0	81.92544937133789	-2.0	-2.0	0.49036499857902527	-2.0	2.0	-2.0	-2.0	459912.5	-2.0	-2.0	0.9031699895858765	23209.0	3.5	22.026599884033203	0.7971380054950714	0.0019230699981562793	-2.0	178489.0	-2.0	0.78421550989151	-2.0	-2.0	-2.0	-2.0	0.35499949753284454	4.5	-2.0	269889.0	-2.0	-2.0	-2.0	-2.0	33503.0	0.0002537809923524037	-2.0	-2.0	0.00031076949380803853	-2.0	166183.0	-2.0	-2.0	0.017992400098592043	-2.0	-2.0	39168.0	11.5	139.3470001220703	-2.0	0.2898560017347336	-2.0	-2.0	-2.0	72.97994995117188	-2.0	98.6202507019043	-2.0	-2.0
# Feature
7	10	0	13	12	3	-2	-2	-2	4	-2	-2	8	12	10	0	4	-2	-2	5	-2	5	-2	7	-2	7	-2	-2	13	-2	6	-2	-2	0	-2	-2	12	5	9	7	12	11	-2	8	-2	12	-2	-2	-2	-2	13	9	-2	1	-2	-2	-2	-2	0	4	-2	-2	4	-2	8	-2	-2	4	-2	-2	1	6	7	-2	13	-2	-2	-2	3	-2	3	-2	-2
# Values
96.0	1552.0	30.0	1.0
44.0	1530.0	30.0	1.0
44.0	1528.0	18.0	1.0
0.0	10.0	15.0	0.0
0.0	9.0	5.0	0.0
0.0	9.0	1.0	0.0
0.0	0.0	1.0	0.0
0.0	9.0	0.0	0.0
0.0	0.0	4.0	0.0
0.0	1.0	10.0	0.0
0.0	0.0	10.0	0.0
0.0	1.0	0.0	0.0
44.0	1518.0	3.0	1.0
2.0	1342.0	3.0	1.0
2.0	1341.0	3.0	0.0
2.0	1326.0	1.0	0.0
0.0	6.0	1.0	0.0
0.0	0.0	1.0	0.0
0.0	6.0	0.0	0.0
2.0	1320.0	0.0	0.0
0.0	1287.0	0.0	0.0
2.0	33.0	0.0	0.0
1.0	0.0	0.0	0.0
1.0	33.0	0.0	0.0
0.0	29.0	0.0	0.0
1.0	4.0	0.0	0.0
1.0	0.0	0.0	0.0
0.0	4.0	0.0	0.0
0.0	15.0	2.0	0.0
0.0	0.0	1.0	0.0
0.0	15.0	1.0	0.0
0.0	0.0	1.0	0.0
0.0	15.0	0.0	0.0
0.0	1.0	0.0	1.0
0.0	1.0	0.0	0.0
0.0	0.0	0.0	1.0
42.0	176.0	0.0	0.0
39.0	18.0	0.0	0.0
39.0	13.0	0.0	0.0
35.0	7.0	0.0	0.0
15.0	7.0	0.0	0.0
2.0	7.0	0.0	0.0
1.0	0.0	0.0	0.0
1.0	7.0	0.0	0.0
0.0	5.0	0.0	0.0
1.0	2.0	0.0	0.0
1.0	0.0	0.0	0.0
0.0	2.0	0.0	0.0
13.0	0.0	0.0	0.0
20.0	0.0	0.0	0.0
4.0	6.0	0.0	0.0
4.0	2.0	0.0	0.0
3.0	0.0	0.0	0.0
1.0	2.0	0.0	0.0
0.0	2.0	0.0	0.0
1.0	0.0	0.0	0.0
0.0	4.0	0.0	0.0
0.0	5.0	0.0	0.0
3.0	158.0	0.0	0.0
2.0	4.0	0.0	0.0
0.0	4.0	0.0	0.0
2.0	0.0	0.0	0.0
1.0	154.0	0.0	0.0
0.0	137.0	0.0	0.0
1.0	17.0	0.0	0.0
0.0	17.0	0.0	0.0
1.0	0.0	0.0	0.0
0.0	2.0	12.0	0.0
0.0	0.0	12.0	0.0
0.0	2.0	0.0	0.0
52.0	22.0	0.0	0.0
4.0	17.0	0.0	0.0
2.0	17.0	0.0	0.0
1.0	0.0	0.0	0.0
1.0	17.0	0.0	0.0
1.0	0.0	0.0	0.0
0.0	17.0	0.0	0.0
2.0	0.0	0.0	0.0
48.0	5.0	0.0	0.0
40.0	0.0	0.0	0.0
8.0	5.0	0.0	0.0
0.0	5.0	0.0	0.0
8.0	0.0	0.0	0.0
