# Sizes (NFeatures, Nclasses, NodeCount, MaxDepth)
14	4	77	9
# Classes
0.0	1.0	2.0	3.0
# Feature Names
Nrows	Ncols	Nnnz	AvgNnnz	Density	MaxRowNnnz	MinRowNnnz	StdRowNnnz	NDiags	NTrueDiags	AvgNnnzDia	AvgNnnzELL	AvgNnnzHyb	AvgNnnzHdc
# Left
1	2	3	4	5	6	-1	-1	-1	10	11	12	13	-1	15	-1	-1	-1	19	20	-1	22	-1	-1	-1	26	27	-1	-1	30	31	-1	-1	-1	35	36	37	38	-1	-1	-1	42	43	44	-1	46	-1	-1	49	-1	-1	-1	53	54	55	-1	-1	-1	59	-1	-1	62	-1	64	65	-1	-1	-1	69	-1	71	72	-1	-1	75	-1	-1
# Right
68	61	34	9	8	7	-1	-1	-1	25	18	17	14	-1	16	-1	-1	-1	24	21	-1	23	-1	-1	-1	29	28	-1	-1	33	32	-1	-1	-1	52	41	40	39	-1	-1	-1	51	48	45	-1	47	-1	-1	50	-1	-1	-1	58	57	56	-1	-1	-1	60	-1	-1	63	-1	67	66	-1	-1	-1	70	-1	74	73	-1	-1	76	-1	-1
# Threshold
151.13750457763672	0.9873084723949432	64646.5	84.5	12.0	3.9206351041793823	-2.0	-2.0	-2.0	1359.0	0.7172190248966217	235.5	1.3993900418281555	-2.0	0.9743749797344208	-2.0	-2.0	-2.0	930.0	0.4949744939804077	-2.0	13.0	-2.0	-2.0	-2.0	0.429018497467041	1421.0	-2.0	-2.0	0.4597194939851761	12597.0	-2.0	-2.0	-2.0	0.987531989812851	99334.0	0.4271700084209442	0.34828950464725494	-2.0	-2.0	-2.0	214845992.0	16.319250106811523	2133925.0	-2.0	0.07116814889013767	-2.0	-2.0	0.18663900345563889	-2.0	-2.0	-2.0	0.5737269818782806	1.0908100008964539	1.0805100202560425	-2.0	-2.0	-2.0	0.5860815048217773	-2.0	-2.0	0.5	-2.0	3348.0	2528.0	-2.0	-2.0	-2.0	73.08765029907227	-2.0	93.36845016479492	1.701534984022146e-05	-2.0	-2.0	0.9357370138168335	-2.0	-2.0
# Feature
7	10	8	2	8	3	-2	-2	-2	5	10	2	12	-2	7	-2	-2	-2	0	7	-2	9	-2	-2	-2	13	5	-2	-2	13	8	-2	-2	-2	12	8	13	13	-2	-2	-2	2	7	2	-2	11	-2	-2	12	-2	-2	-2	13	12	12	-2	-2	-2	13	-2	-2	6	-2	2	0	-2	-2	-2	3	-2	3	10	-2	-2	12	-2	-2
# Values
112.0	1532.0	35.0	0.0
63.0	1516.0	35.0	0.0
63.0	1513.0	19.0	0.0
13.0	1381.0	19.0	0.0
0.0	1.0	9.0	0.0
0.0	1.0	2.0	0.0
0.0	1.0	0.0	0.0
0.0	0.0	2.0	0.0
0.0	0.0	7.0	0.0
13.0	1380.0	10.0	0.0
0.0	1309.0	10.0	0.0
0.0	1274.0	2.0	0.0
0.0	13.0	2.0	0.0
0.0	12.0	0.0	0.0
0.0	1.0	2.0	0.0
0.0	1.0	0.0	0.0
0.0	0.0	2.0	0.0
0.0	1261.0	0.0	0.0
0.0	35.0	8.0	0.0
0.0	4.0	8.0	0.0
0.0	2.0	0.0	0.0
0.0	2.0	8.0	0.0
0.0	0.0	8.0	0.0
0.0	2.0	0.0	0.0
0.0	31.0	0.0	0.0
13.0	71.0	0.0	0.0
1.0	55.0	0.0	0.0
1.0	0.0	0.0	0.0
0.0	55.0	0.0	0.0
12.0	16.0	0.0	0.0
12.0	3.0	0.0	0.0
0.0	3.0	0.0	0.0
12.0	0.0	0.0	0.0
0.0	13.0	0.0	0.0
50.0	132.0	0.0	0.0
47.0	22.0	0.0	0.0
7.0	14.0	0.0	0.0
7.0	2.0	0.0	0.0
0.0	2.0	0.0	0.0
7.0	0.0	0.0	0.0
0.0	12.0	0.0	0.0
40.0	8.0	0.0	0.0
40.0	6.0	0.0	0.0
11.0	5.0	0.0	0.0
10.0	0.0	0.0	0.0
1.0	5.0	0.0	0.0
0.0	5.0	0.0	0.0
1.0	0.0	0.0	0.0
29.0	1.0	0.0	0.0
0.0	1.0	0.0	0.0
29.0	0.0	0.0	0.0
0.0	2.0	0.0	0.0
3.0	110.0	0.0	0.0
1.0	101.0	0.0	0.0
1.0	11.0	0.0	0.0
0.0	11.0	0.0	0.0
1.0	0.0	0.0	0.0
0.0	90.0	0.0	0.0
2.0	9.0	0.0	0.0
2.0	0.0	0.0	0.0
0.0	9.0	0.0	0.0
0.0	3.0	16.0	0.0
0.0	1.0	0.0	0.0
0.0	2.0	16.0	0.0
0.0	2.0	6.0	0.0
0.0	0.0	6.0	0.0
0.0	2.0	0.0	0.0
0.0	0.0	10.0	0.0
49.0	16.0	0.0	0.0
37.0	0.0	0.0	0.0
12.0	16.0	0.0	0.0
1.0	12.0	0.0	0.0
1.0	0.0	0.0	0.0
0.0	12.0	0.0	0.0
11.0	4.0	0.0	0.0
11.0	0.0	0.0	0.0
0.0	4.0	0.0	0.0
