# Sizes (NFeatures, Nclasses, NodeCount, MaxDepth)
14	4	103	12
# Classes
0.0	1.0	2.0	3.0
# Feature Names
Nrows	Ncols	Nnnz	AvgNnnz	Density	MaxRowNnnz	MinRowNnnz	StdRowNnnz	NDiags	NTrueDiags	AvgNnnzDia	AvgNnnzELL	AvgNnnzHyb	AvgNnnzHdc
# Left
1	2	3	4	5	-1	-1	-1	9	10	-1	-1	-1	14	15	16	17	-1	19	20	-1	22	-1	24	25	-1	27	-1	-1	30	-1	32	-1	-1	-1	-1	37	-1	39	-1	-1	42	43	-1	45	-1	47	48	-1	50	-1	-1	53	-1	-1	56	57	58	-1	-1	61	62	63	64	65	-1	-1	-1	69	-1	-1	72	-1	-1	75	76	-1	-1	79	-1	81	-1	83	-1	85	-1	-1	88	-1	90	-1	-1	93	94	-1	-1	97	98	-1	-1	101	-1	-1
# Right
92	13	8	7	6	-1	-1	-1	12	11	-1	-1	-1	41	36	35	18	-1	34	21	-1	23	-1	29	26	-1	28	-1	-1	31	-1	33	-1	-1	-1	-1	38	-1	40	-1	-1	55	44	-1	46	-1	52	49	-1	51	-1	-1	54	-1	-1	87	60	59	-1	-1	74	71	68	67	66	-1	-1	-1	70	-1	-1	73	-1	-1	78	77	-1	-1	80	-1	82	-1	84	-1	86	-1	-1	89	-1	91	-1	-1	96	95	-1	-1	100	99	-1	-1	102	-1	-1
# Threshold
10136.5	5.5	4.234105110168457	93.0	25.0	-2.0	-2.0	-2.0	4.932950019836426	0.003781195147894323	-2.0	-2.0	-2.0	6.886035043862648e-05	0.9363744854927063	0.6336004734039307	0.0005480120016727597	-2.0	214845992.0	1.59640994752408e-05	-2.0	1.88608000826207e-05	-2.0	3.0	6.122544982645195e-05	-2.0	21.862549781799316	-2.0	-2.0	0.0018801665282808244	-2.0	27.087249755859375	-2.0	-2.0	-2.0	-2.0	34.06680107116699	-2.0	0.3658349961042404	-2.0	-2.0	225.5	10.0	-2.0	43.5	-2.0	9.5	1.640179991722107	-2.0	2.118054986000061	-2.0	-2.0	45.0	-2.0	-2.0	199.73300170898438	6.015455028318684e-06	13.40578031539917	-2.0	-2.0	1365.5	0.7929565012454987	71.85684967041016	9.071574822883122e-05	1.0247665047645569	-2.0	-2.0	-2.0	375.0	-2.0	-2.0	325.0	-2.0	-2.0	0.4261679947376251	1415.5	-2.0	-2.0	29877.0	-2.0	28.77775001525879	-2.0	555950.0	-2.0	0.0021589650423265994	-2.0	-2.0	4322290.0	-2.0	48449.0	-2.0	-2.0	116.95800018310547	0.3745959922671318	-2.0	-2.0	0.5	0.0003854669921565801	-2.0	-2.0	286552.0	-2.0	-2.0
# Feature
5	8	12	0	0	-2	-2	-2	3	4	-2	-2	-2	10	12	13	11	-2	2	10	-2	10	-2	9	10	-2	7	-2	-2	11	-2	3	-2	-2	-2	-2	3	-2	11	-2	-2	2	8	-2	2	-2	5	12	-2	12	-2	-2	8	-2	-2	7	4	12	-2	-2	5	10	7	10	12	-2	-2	-2	5	-2	-2	0	-2	-2	13	5	-2	-2	8	-2	7	-2	2	-2	11	-2	-2	2	-2	8	-2	-2	7	12	-2	-2	6	11	-2	-2	2	-2	-2
# Values
110.0	1528.0	38.0	3.0
52.0	1509.0	38.0	3.0
0.0	9.0	23.0	0.0
0.0	2.0	19.0	0.0
0.0	2.0	1.0	0.0
0.0	0.0	1.0	0.0
0.0	2.0	0.0	0.0
0.0	0.0	18.0	0.0
0.0	7.0	4.0	0.0
0.0	7.0	1.0	0.0
0.0	4.0	0.0	0.0
0.0	3.0	1.0	0.0
0.0	0.0	3.0	0.0
52.0	1500.0	15.0	3.0
34.0	111.0	0.0	0.0
33.0	17.0	0.0	0.0
33.0	10.0	0.0	0.0
0.0	2.0	0.0	0.0
33.0	8.0	0.0	0.0
33.0	7.0	0.0	0.0
15.0	0.0	0.0	0.0
18.0	7.0	0.0	0.0
0.0	3.0	0.0	0.0
18.0	4.0	0.0	0.0
15.0	1.0	0.0	0.0
13.0	0.0	0.0	0.0
2.0	1.0	0.0	0.0
0.0	1.0	0.0	0.0
2.0	0.0	0.0	0.0
3.0	3.0	0.0	0.0
2.0	0.0	0.0	0.0
1.0	3.0	0.0	0.0
0.0	3.0	0.0	0.0
1.0	0.0	0.0	0.0
0.0	1.0	0.0	0.0
0.0	7.0	0.0	0.0
1.0	94.0	0.0	0.0
0.0	88.0	0.0	0.0
1.0	6.0	0.0	0.0
0.0	6.0	0.0	0.0
1.0	0.0	0.0	0.0
18.0	1389.0	15.0	3.0
0.0	13.0	11.0	0.0
0.0	0.0	5.0	0.0
0.0	13.0	6.0	0.0
0.0	0.0	2.0	0.0
0.0	13.0	4.0	0.0
0.0	12.0	2.0	0.0
0.0	11.0	0.0	0.0
0.0	1.0	2.0	0.0
0.0	0.0	2.0	0.0
0.0	1.0	0.0	0.0
0.0	1.0	2.0	0.0
0.0	1.0	0.0	0.0
0.0	0.0	2.0	0.0
18.0	1376.0	4.0	3.0
12.0	1370.0	4.0	3.0
0.0	6.0	0.0	3.0
0.0	6.0	0.0	0.0
0.0	0.0	0.0	3.0
12.0	1364.0	4.0	0.0
2.0	1255.0	4.0	0.0
2.0	1217.0	0.0	0.0
1.0	1208.0	0.0	0.0
1.0	12.0	0.0	0.0
1.0	0.0	0.0	0.0
0.0	12.0	0.0	0.0
0.0	1196.0	0.0	0.0
1.0	9.0	0.0	0.0
1.0	0.0	0.0	0.0
0.0	9.0	0.0	0.0
0.0	38.0	4.0	0.0
0.0	0.0	4.0	0.0
0.0	38.0	0.0	0.0
10.0	109.0	0.0	0.0
1.0	88.0	0.0	0.0
1.0	0.0	0.0	0.0
0.0	88.0	0.0	0.0
9.0	21.0	0.0	0.0
0.0	14.0	0.0	0.0
9.0	7.0	0.0	0.0
0.0	5.0	0.0	0.0
9.0	2.0	0.0	0.0
8.0	0.0	0.0	0.0
1.0	2.0	0.0	0.0
1.0	0.0	0.0	0.0
0.0	2.0	0.0	0.0
6.0	6.0	0.0	0.0
4.0	0.0	0.0	0.0
2.0	6.0	0.0	0.0
0.0	6.0	0.0	0.0
2.0	0.0	0.0	0.0
58.0	19.0	0.0	0.0
3.0	9.0	0.0	0.0
0.0	9.0	0.0	0.0
3.0	0.0	0.0	0.0
55.0	10.0	0.0	0.0
5.0	7.0	0.0	0.0
5.0	0.0	0.0	0.0
0.0	7.0	0.0	0.0
50.0	3.0	0.0	0.0
0.0	3.0	0.0	0.0
50.0	0.0	0.0	0.0
