# Sizes (NFeatures, Nclasses, NodeCount, MaxDepth)
10	4	163	11
# Classes
0.0	1.0	2.0	3.0
# Feature Names
Nrows	Ncols	Nnnz	AvgNnnz	Density	MaxRowNnnz	MinRowNnnz	StdRowNnnz	NDiags	NTrueDiags
# Left
1	2	3	4	5	6	7	-1	9	10	-1	-1	-1	14	15	16	-1	-1	-1	20	-1	-1	23	24	25	-1	-1	-1	-1	-1	31	32	-1	34	35	-1	-1	-1	-1	40	41	42	-1	-1	45	-1	47	-1	49	-1	-1	52	53	54	55	56	-1	-1	59	-1	61	-1	-1	64	65	66	-1	68	69	-1	-1	-1	-1	74	75	-1	-1	-1	79	-1	-1	82	83	-1	-1	-1	87	88	89	90	-1	-1	93	-1	95	-1	-1	98	99	100	101	-1	103	-1	-1	-1	107	-1	-1	110	-1	112	-1	-1	115	116	117	118	119	-1	-1	122	123	-1	-1	126	127	128	-1	130	-1	-1	-1	134	-1	136	-1	-1	-1	140	141	-1	-1	144	-1	-1	147	148	149	150	-1	-1	153	-1	155	-1	-1	158	-1	-1	161	-1	-1
# Right
86	39	30	29	22	13	8	-1	12	11	-1	-1	-1	19	18	17	-1	-1	-1	21	-1	-1	28	27	26	-1	-1	-1	-1	-1	38	33	-1	37	36	-1	-1	-1	-1	51	44	43	-1	-1	46	-1	48	-1	50	-1	-1	81	78	63	58	57	-1	-1	60	-1	62	-1	-1	73	72	67	-1	71	70	-1	-1	-1	-1	77	76	-1	-1	-1	80	-1	-1	85	84	-1	-1	-1	114	97	92	91	-1	-1	94	-1	96	-1	-1	109	106	105	102	-1	104	-1	-1	-1	108	-1	-1	111	-1	113	-1	-1	146	139	138	121	120	-1	-1	125	124	-1	-1	133	132	129	-1	131	-1	-1	-1	135	-1	137	-1	-1	-1	143	142	-1	-1	145	-1	-1	160	157	152	151	-1	-1	154	-1	156	-1	-1	159	-1	-1	162	-1	-1
# Threshold
0.5	5.0373148918151855	4.646615028381348	3.727020025253296	0.0015570695395581424	5.895884990692139	6.5	-2.0	2.408874988555908	3.046665072441101	-2.0	-2.0	-2.0	0.00043985449883621186	2.4897849559783936	0.0001769994345863779	-2.0	-2.0	-2.0	0.00045751550351269543	-2.0	-2.0	1.7247399687767029	15.5	0.013826549984514713	-2.0	-2.0	-2.0	-2.0	-2.0	176730.0	4541.0	-2.0	36.0	32367.5	-2.0	-2.0	-2.0	-2.0	24074.0	2.5	0.00778190977871418	-2.0	-2.0	0.005890999920666218	-2.0	1895.0	-2.0	0.015899000223726034	-2.0	-2.0	392.2720031738281	29.5	13317.0	35.5	34.5	-2.0	-2.0	10720.5	-2.0	11916.0	-2.0	-2.0	0.0011642149765975773	8.313819885253906	7.2090699672698975	-2.0	1517.5	40680.5	-2.0	-2.0	-2.0	-2.0	39.399301528930664	123.5	-2.0	-2.0	-2.0	6.65301513671875	-2.0	-2.0	1104.9110107421875	547.3569946289062	-2.0	-2.0	-2.0	2.8657349348068237	2.0931899547576904	29.0	3.5	-2.0	-2.0	2.8317949771881104	-2.0	3.4625550508499146	-2.0	-2.0	2.4732799530029297	2477755.0	1605.0	2.5	-2.0	2257.0	-2.0	-2.0	-2.0	0.5042624920606613	-2.0	-2.0	66.5	-2.0	3.5	-2.0	-2.0	6.10121488571167	5.988159894943237	0.003615434980019927	1673.5	2.1188049912452698	-2.0	-2.0	0.5	12543.5	-2.0	-2.0	1.5	4.880645036697388	37075.5	-2.0	0.00012777875474512257	-2.0	-2.0	-2.0	728010.0	-2.0	6125830.0	-2.0	-2.0	-2.0	5.9998250007629395	11.0	-2.0	-2.0	6.076905012130737	-2.0	-2.0	598.9020080566406	800693.5	1.5	197.0	-2.0	-2.0	73.24015045166016	-2.0	73.39590072631836	-2.0	-2.0	856767.5	-2.0	-2.0	33692.0	-2.0	-2.0
# Feature
9	3	3	3	4	7	5	-2	3	7	-2	-2	-2	4	3	4	-2	-2	-2	4	-2	-2	3	5	4	-2	-2	-2	-2	-2	8	8	-2	5	1	-2	-2	-2	-2	2	6	4	-2	-2	4	-2	8	-2	4	-2	-2	7	6	8	5	5	-2	-2	8	-2	8	-2	-2	4	3	3	-2	5	1	-2	-2	-2	-2	7	5	-2	-2	-2	7	-2	-2	3	7	-2	-2	-2	3	3	2	1	-2	-2	7	-2	7	-2	-2	3	8	0	9	-2	2	-2	-2	-2	7	-2	-2	8	-2	9	-2	-2	3	3	4	1	7	-2	-2	6	1	-2	-2	9	3	2	-2	4	-2	-2	-2	1	-2	2	-2	-2	-2	3	5	-2	-2	3	-2	-2	3	8	9	8	-2	-2	3	-2	3	-2	-2	8	-2	-2	0	-2	-2
# Values
125.0	1502.0	2.0	55.0
81.0	187.0	0.0	45.0
81.0	48.0	0.0	4.0
22.0	43.0	0.0	4.0
22.0	24.0	0.0	4.0
18.0	10.0	0.0	3.0
16.0	3.0	0.0	2.0
0.0	3.0	0.0	0.0
16.0	0.0	0.0	2.0
2.0	0.0	0.0	2.0
2.0	0.0	0.0	0.0
0.0	0.0	0.0	2.0
14.0	0.0	0.0	0.0
2.0	7.0	0.0	1.0
1.0	7.0	0.0	0.0
1.0	3.0	0.0	0.0
0.0	3.0	0.0	0.0
1.0	0.0	0.0	0.0
0.0	4.0	0.0	0.0
1.0	0.0	0.0	1.0
1.0	0.0	0.0	0.0
0.0	0.0	0.0	1.0
4.0	14.0	0.0	1.0
4.0	1.0	0.0	1.0
4.0	1.0	0.0	0.0
0.0	1.0	0.0	0.0
4.0	0.0	0.0	0.0
0.0	0.0	0.0	1.0
0.0	13.0	0.0	0.0
0.0	19.0	0.0	0.0
59.0	5.0	0.0	0.0
59.0	2.0	0.0	0.0
0.0	1.0	0.0	0.0
59.0	1.0	0.0	0.0
2.0	1.0	0.0	0.0
2.0	0.0	0.0	0.0
0.0	1.0	0.0	0.0
57.0	0.0	0.0	0.0
0.0	3.0	0.0	0.0
0.0	139.0	0.0	41.0
0.0	24.0	0.0	23.0
0.0	19.0	0.0	4.0
0.0	0.0	0.0	4.0
0.0	19.0	0.0	0.0
0.0	5.0	0.0	19.0
0.0	4.0	0.0	0.0
0.0	1.0	0.0	19.0
0.0	0.0	0.0	16.0
0.0	1.0	0.0	3.0
0.0	0.0	0.0	3.0
0.0	1.0	0.0	0.0
0.0	115.0	0.0	18.0
0.0	111.0	0.0	12.0
0.0	109.0	0.0	10.0
0.0	65.0	0.0	2.0
0.0	6.0	0.0	1.0
0.0	6.0	0.0	0.0
0.0	0.0	0.0	1.0
0.0	59.0	0.0	1.0
0.0	49.0	0.0	0.0
0.0	10.0	0.0	1.0
0.0	1.0	0.0	1.0
0.0	9.0	0.0	0.0
0.0	44.0	0.0	8.0
0.0	41.0	0.0	3.0
0.0	15.0	0.0	3.0
0.0	11.0	0.0	0.0
0.0	4.0	0.0	3.0
0.0	1.0	0.0	3.0
0.0	1.0	0.0	0.0
0.0	0.0	0.0	3.0
0.0	3.0	0.0	0.0
0.0	26.0	0.0	0.0
0.0	3.0	0.0	5.0
0.0	1.0	0.0	5.0
0.0	1.0	0.0	0.0
0.0	0.0	0.0	5.0
0.0	2.0	0.0	0.0
0.0	2.0	0.0	2.0
0.0	1.0	0.0	0.0
0.0	1.0	0.0	2.0
0.0	4.0	0.0	6.0
0.0	4.0	0.0	3.0
0.0	0.0	0.0	3.0
0.0	4.0	0.0	0.0
0.0	0.0	0.0	3.0
44.0	1315.0	2.0	10.0
31.0	27.0	2.0	4.0
17.0	1.0	2.0	1.0
0.0	0.0	2.0	1.0
0.0	0.0	2.0	0.0
0.0	0.0	0.0	1.0
17.0	1.0	0.0	0.0
16.0	0.0	0.0	0.0
1.0	1.0	0.0	0.0
0.0	1.0	0.0	0.0
1.0	0.0	0.0	0.0
14.0	26.0	0.0	3.0
2.0	19.0	0.0	3.0
2.0	17.0	0.0	0.0
2.0	5.0	0.0	0.0
0.0	1.0	0.0	0.0
2.0	4.0	0.0	0.0
1.0	2.0	0.0	0.0
1.0	2.0	0.0	0.0
0.0	12.0	0.0	0.0
0.0	2.0	0.0	3.0
0.0	2.0	0.0	0.0
0.0	0.0	0.0	3.0
12.0	7.0	0.0	0.0
0.0	5.0	0.0	0.0
12.0	2.0	0.0	0.0
12.0	0.0	0.0	0.0
0.0	2.0	0.0	0.0
13.0	1288.0	0.0	6.0
13.0	322.0	0.0	2.0
6.0	308.0	0.0	1.0
6.0	127.0	0.0	1.0
3.0	4.0	0.0	0.0
3.0	0.0	0.0	0.0
0.0	4.0	0.0	0.0
3.0	123.0	0.0	1.0
1.0	4.0	0.0	0.0
1.0	0.0	0.0	0.0
0.0	4.0	0.0	0.0
2.0	119.0	0.0	1.0
2.0	16.0	0.0	0.0
2.0	5.0	0.0	0.0
0.0	4.0	0.0	0.0
2.0	1.0	0.0	0.0
0.0	1.0	0.0	0.0
2.0	0.0	0.0	0.0
0.0	11.0	0.0	0.0
0.0	103.0	0.0	1.0
0.0	89.0	0.0	0.0
0.0	14.0	0.0	1.0
0.0	0.0	0.0	1.0
0.0	14.0	0.0	0.0
0.0	181.0	0.0	0.0
7.0	14.0	0.0	1.0
7.0	2.0	0.0	0.0
0.0	2.0	0.0	0.0
7.0	0.0	0.0	0.0
0.0	12.0	0.0	1.0
0.0	12.0	0.0	0.0
0.0	0.0	0.0	1.0
0.0	966.0	0.0	4.0
0.0	964.0	0.0	3.0
0.0	949.0	0.0	2.0
0.0	57.0	0.0	1.0
0.0	0.0	0.0	1.0
0.0	57.0	0.0	0.0
0.0	892.0	0.0	1.0
0.0	831.0	0.0	0.0
0.0	61.0	0.0	1.0
0.0	0.0	0.0	1.0
0.0	61.0	0.0	0.0
0.0	15.0	0.0	1.0
0.0	0.0	0.0	1.0
0.0	15.0	0.0	0.0
0.0	2.0	0.0	1.0
0.0	2.0	0.0	0.0
0.0	0.0	0.0	1.0
