# Sizes (NFeatures, Nclasses, NodeCount, MaxDepth)
10	4	141	11
# Classes
0.0	1.0	2.0	3.0
# Feature Names
Nrows	Ncols	Nnnz	AvgNnnz	Density	MaxRowNnnz	MinRowNnnz	StdRowNnnz	NDiags	NTrueDiags
# Left
1	2	3	4	5	-1	-1	-1	-1	10	11	12	13	-1	15	-1	17	-1	-1	-1	-1	22	23	24	-1	26	27	-1	-1	30	31	-1	33	-1	-1	-1	37	-1	39	-1	41	-1	-1	-1	45	46	47	48	-1	-1	51	52	-1	54	-1	56	-1	-1	59	-1	-1	62	63	64	-1	66	-1	68	69	-1	-1	-1	73	74	-1	-1	-1	78	79	-1	-1	82	83	-1	85	-1	-1	88	89	-1	91	-1	93	-1	-1	-1	97	98	99	100	101	-1	103	-1	-1	106	107	108	-1	110	-1	112	-1	-1	-1	116	-1	118	-1	-1	121	-1	-1	124	125	126	-1	-1	129	-1	131	132	-1	-1	-1	136	-1	-1	139	-1	-1
# Right
44	9	8	7	6	-1	-1	-1	-1	21	20	19	14	-1	16	-1	18	-1	-1	-1	-1	43	36	25	-1	29	28	-1	-1	35	32	-1	34	-1	-1	-1	38	-1	40	-1	42	-1	-1	-1	96	61	50	49	-1	-1	58	53	-1	55	-1	57	-1	-1	60	-1	-1	77	72	65	-1	67	-1	71	70	-1	-1	-1	76	75	-1	-1	-1	81	80	-1	-1	87	84	-1	86	-1	-1	95	90	-1	92	-1	94	-1	-1	-1	138	123	120	105	102	-1	104	-1	-1	115	114	109	-1	111	-1	113	-1	-1	-1	117	-1	119	-1	-1	122	-1	-1	135	128	127	-1	-1	130	-1	134	133	-1	-1	-1	137	-1	-1	140	-1	-1
# Threshold
2.8091150522232056	1.7247399687767029	113.0	54.0	20.0	-2.0	-2.0	-2.0	-2.0	301.5	0.3530610054731369	104.5	0.28949400037527084	-2.0	2.4732799530029297	-2.0	7.5	-2.0	-2.0	-2.0	-2.0	12.456815242767334	2.408874988555908	0.44802048802375793	-2.0	0.5	2.369944930076599	-2.0	-2.0	112885200.0	2477755.0	-2.0	26.0	-2.0	-2.0	-2.0	4.5	-2.0	5.896314859390259	-2.0	6207.5	-2.0	-2.0	-2.0	0.5	5.132124900817871	6212.5	3.5	-2.0	-2.0	13.857699871063232	10.0	-2.0	82614.5	-2.0	59.0	-2.0	-2.0	3.7090600728988647	-2.0	-2.0	0.005890999920666218	64.20039939880371	20.194049835205078	-2.0	21.296250343322754	-2.0	445406.0	15923.0	-2.0	-2.0	-2.0	393216.0	0.5	-2.0	-2.0	-2.0	783.5	244.0	-2.0	-2.0	24249.5	16.96614980697632	-2.0	1894.0	-2.0	-2.0	29.5	0.0069386998657137156	-2.0	9215.0	-2.0	0.021438200026750565	-2.0	-2.0	-2.0	563.4055023193359	5.9998250007629395	5.986109972000122	1.5	7910.0	-2.0	113968.5	-2.0	-2.0	3.7798999547958374	3.760609984397888	1.5	-2.0	3.5392600297927856	-2.0	0.009356034803204238	-2.0	-2.0	-2.0	4587815.0	-2.0	1253556.0	-2.0	-2.0	3.0	-2.0	-2.0	51530000.0	1.5	181.0	-2.0	-2.0	22.5	-2.0	7.5	35998.5	-2.0	-2.0	-2.0	54098400.0	-2.0	-2.0	1392.1300048828125	-2.0	-2.0
# Feature
3	3	1	8	1	-2	-2	-2	-2	8	4	8	7	-2	3	-2	5	-2	-2	-2	-2	7	3	7	-2	6	3	-2	-2	0	8	-2	5	-2	-2	-2	5	-2	7	-2	1	-2	-2	-2	9	3	8	5	-2	-2	7	5	-2	8	-2	5	-2	-2	3	-2	-2	4	3	7	-2	7	-2	2	0	-2	-2	-2	0	6	-2	-2	-2	0	0	-2	-2	2	3	-2	8	-2	-2	6	4	-2	1	-2	4	-2	-2	-2	3	3	3	9	0	-2	2	-2	-2	3	3	6	-2	3	-2	4	-2	-2	-2	2	-2	1	-2	-2	9	-2	-2	2	9	8	-2	-2	6	-2	9	0	-2	-2	-2	2	-2	-2	7	-2	-2
# Values
134.0	1497.0	1.0	52.0
60.0	42.0	1.0	6.0
30.0	2.0	1.0	0.0
3.0	2.0	1.0	0.0
3.0	0.0	1.0	0.0
0.0	0.0	1.0	0.0
3.0	0.0	0.0	0.0
0.0	2.0	0.0	0.0
27.0	0.0	0.0	0.0
30.0	40.0	0.0	6.0
3.0	22.0	0.0	2.0
3.0	22.0	0.0	0.0
3.0	9.0	0.0	0.0
1.0	0.0	0.0	0.0
2.0	9.0	0.0	0.0
0.0	7.0	0.0	0.0
2.0	2.0	0.0	0.0
0.0	2.0	0.0	0.0
2.0	0.0	0.0	0.0
0.0	13.0	0.0	0.0
0.0	0.0	0.0	2.0
27.0	18.0	0.0	4.0
27.0	11.0	0.0	4.0
5.0	8.0	0.0	2.0
3.0	0.0	0.0	0.0
2.0	8.0	0.0	2.0
1.0	0.0	0.0	1.0
1.0	0.0	0.0	0.0
0.0	0.0	0.0	1.0
1.0	8.0	0.0	1.0
0.0	8.0	0.0	1.0
0.0	7.0	0.0	0.0
0.0	1.0	0.0	1.0
0.0	0.0	0.0	1.0
0.0	1.0	0.0	0.0
1.0	0.0	0.0	0.0
22.0	3.0	0.0	2.0
0.0	3.0	0.0	0.0
22.0	0.0	0.0	2.0
20.0	0.0	0.0	0.0
2.0	0.0	0.0	2.0
0.0	0.0	0.0	2.0
2.0	0.0	0.0	0.0
0.0	7.0	0.0	0.0
74.0	1455.0	0.0	46.0
49.0	164.0	0.0	36.0
49.0	28.0	0.0	0.0
1.0	18.0	0.0	0.0
1.0	0.0	0.0	0.0
0.0	18.0	0.0	0.0
48.0	10.0	0.0	0.0
46.0	4.0	0.0	0.0
0.0	3.0	0.0	0.0
46.0	1.0	0.0	0.0
44.0	0.0	0.0	0.0
2.0	1.0	0.0	0.0
0.0	1.0	0.0	0.0
2.0	0.0	0.0	0.0
2.0	6.0	0.0	0.0
2.0	0.0	0.0	0.0
0.0	6.0	0.0	0.0
0.0	136.0	0.0	36.0
0.0	104.0	0.0	7.0
0.0	96.0	0.0	3.0
0.0	62.0	0.0	0.0
0.0	34.0	0.0	3.0
0.0	0.0	0.0	2.0
0.0	34.0	0.0	1.0
0.0	8.0	0.0	1.0
0.0	8.0	0.0	0.0
0.0	0.0	0.0	1.0
0.0	26.0	0.0	0.0
0.0	8.0	0.0	4.0
0.0	1.0	0.0	4.0
0.0	0.0	0.0	4.0
0.0	1.0	0.0	0.0
0.0	7.0	0.0	0.0
0.0	32.0	0.0	29.0
0.0	15.0	0.0	2.0
0.0	0.0	0.0	2.0
0.0	15.0	0.0	0.0
0.0	17.0	0.0	27.0
0.0	1.0	0.0	22.0
0.0	0.0	0.0	20.0
0.0	1.0	0.0	2.0
0.0	0.0	0.0	2.0
0.0	1.0	0.0	0.0
0.0	16.0	0.0	5.0
0.0	16.0	0.0	3.0
0.0	0.0	0.0	1.0
0.0	16.0	0.0	2.0
0.0	12.0	0.0	0.0
0.0	4.0	0.0	2.0
0.0	4.0	0.0	0.0
0.0	0.0	0.0	2.0
0.0	0.0	0.0	2.0
25.0	1291.0	0.0	10.0
25.0	1290.0	0.0	8.0
25.0	361.0	0.0	1.0
14.0	356.0	0.0	1.0
6.0	20.0	0.0	0.0
0.0	14.0	0.0	0.0
6.0	6.0	0.0	0.0
6.0	0.0	0.0	0.0
0.0	6.0	0.0	0.0
8.0	336.0	0.0	1.0
8.0	101.0	0.0	0.0
6.0	101.0	0.0	0.0
0.0	76.0	0.0	0.0
6.0	25.0	0.0	0.0
0.0	24.0	0.0	0.0
6.0	1.0	0.0	0.0
6.0	0.0	0.0	0.0
0.0	1.0	0.0	0.0
2.0	0.0	0.0	0.0
0.0	235.0	0.0	1.0
0.0	226.0	0.0	0.0
0.0	9.0	0.0	1.0
0.0	0.0	0.0	1.0
0.0	9.0	0.0	0.0
11.0	5.0	0.0	0.0
0.0	5.0	0.0	0.0
11.0	0.0	0.0	0.0
0.0	929.0	0.0	7.0
0.0	917.0	0.0	3.0
0.0	54.0	0.0	2.0
0.0	0.0	0.0	2.0
0.0	54.0	0.0	0.0
0.0	863.0	0.0	1.0
0.0	812.0	0.0	0.0
0.0	51.0	0.0	1.0
0.0	3.0	0.0	1.0
0.0	3.0	0.0	0.0
0.0	0.0	0.0	1.0
0.0	48.0	0.0	0.0
0.0	12.0	0.0	4.0
0.0	0.0	0.0	4.0
0.0	12.0	0.0	0.0
0.0	1.0	0.0	2.0
0.0	0.0	0.0	2.0
0.0	1.0	0.0	0.0
