# Sizes (NFeatures, Nclasses, NodeCount, MaxDepth)
10	4	129	11
# Classes
0.0	1.0	2.0	3.0
# Feature Names
Nrows	Ncols	Nnnz	AvgNnnz	Density	MaxRowNnnz	MinRowNnnz	StdRowNnnz	NDiags	NTrueDiags
# Left
1	2	3	4	5	6	7	8	9	-1	-1	-1	13	-1	15	-1	17	-1	-1	-1	21	22	-1	-1	-1	26	27	28	29	30	31	-1	-1	-1	-1	-1	37	-1	-1	-1	41	-1	-1	44	45	46	-1	-1	49	-1	-1	52	53	54	55	-1	57	-1	-1	-1	61	62	63	-1	-1	-1	67	68	69	-1	-1	-1	-1	-1	75	76	-1	78	79	-1	81	82	-1	84	-1	-1	-1	88	-1	-1	91	92	93	94	95	-1	-1	98	99	100	-1	102	103	-1	-1	-1	-1	-1	109	-1	-1	112	113	114	115	-1	-1	-1	119	-1	121	122	-1	-1	-1	126	-1	-1	-1
# Right
74	43	40	25	20	19	12	11	10	-1	-1	-1	14	-1	16	-1	18	-1	-1	-1	24	23	-1	-1	-1	39	36	35	34	33	32	-1	-1	-1	-1	-1	38	-1	-1	-1	42	-1	-1	51	48	47	-1	-1	50	-1	-1	73	60	59	56	-1	58	-1	-1	-1	66	65	64	-1	-1	-1	72	71	70	-1	-1	-1	-1	-1	90	77	-1	87	80	-1	86	83	-1	85	-1	-1	-1	89	-1	-1	128	111	108	97	96	-1	-1	107	106	101	-1	105	104	-1	-1	-1	-1	-1	110	-1	-1	125	118	117	116	-1	-1	-1	120	-1	124	123	-1	-1	-1	127	-1	-1	-1
# Threshold
0.5	5.0373148918151855	4.646615028381348	0.5	0.0009025094914250076	295471.5	34030.5	8153.5	3387.5	-2.0	-2.0	-2.0	2.860584936570376e-05	-2.0	162984.0	-2.0	60948.0	-2.0	-2.0	-2.0	1.3674200177192688	15.5	-2.0	-2.0	-2.0	315410000.0	61379300.0	2.716194987297058	2.65905499458313	5.403510203905171e-05	2.4074050188064575	-2.0	-2.0	-2.0	-2.0	-2.0	98142600.0	-2.0	-2.0	-2.0	83534.5	-2.0	-2.0	25507.0	650.0	416.0	-2.0	-2.0	0.005890999920666218	-2.0	-2.0	283024008.0	2956.0	397.0	35.5	-2.0	29.0	-2.0	-2.0	-2.0	473701.0	7.517829895019531	7.2090699672698975	-2.0	-2.0	-2.0	974208.5	577870.5	402.0	-2.0	-2.0	-2.0	-2.0	-2.0	2.8672900199890137	1.136110007762909	-2.0	2.481624960899353	119.5	-2.0	2477755.0	2.415910005569458	-2.0	1605.0	-2.0	-2.0	-2.0	3.5	-2.0	-2.0	598.9020080566406	5.9998250007629395	5.986310005187988	0.5	3.0	-2.0	-2.0	3.95571506023407	3.938634991645813	390.5	-2.0	2380.0	996.0	-2.0	-2.0	-2.0	-2.0	-2.0	917332.0	-2.0	-2.0	50633700.0	9.5	2.0	25834.0	-2.0	-2.0	-2.0	23.5	-2.0	8.0	27717.0	-2.0	-2.0	-2.0	54098400.0	-2.0	-2.0	-2.0
# Feature
9	3	3	6	4	1	1	8	1	-2	-2	-2	4	-2	2	-2	0	-2	-2	-2	3	5	-2	-2	-2	2	1	3	3	4	3	-2	-2	-2	-2	-2	1	-2	-2	-2	8	-2	-2	2	0	8	-2	-2	4	-2	-2	2	1	5	5	-2	6	-2	-2	-2	8	3	3	-2	-2	-2	8	0	5	-2	-2	-2	-2	-2	3	3	-2	3	2	-2	8	3	-2	0	-2	-2	-2	9	-2	-2	3	3	3	6	9	-2	-2	3	3	8	-2	0	0	-2	-2	-2	-2	-2	8	-2	-2	2	5	9	1	-2	-2	-2	6	-2	9	1	-2	-2	-2	2	-2	-2	-2
# Values
118.0	1512.0	0.0	54.0
72.0	212.0	0.0	45.0
72.0	62.0	0.0	8.0
25.0	59.0	0.0	8.0
18.0	11.0	0.0	5.0
16.0	3.0	0.0	3.0
16.0	2.0	0.0	3.0
10.0	1.0	0.0	0.0
2.0	1.0	0.0	0.0
2.0	0.0	0.0	0.0
0.0	1.0	0.0	0.0
8.0	0.0	0.0	0.0
6.0	1.0	0.0	3.0
5.0	0.0	0.0	0.0
1.0	1.0	0.0	3.0
0.0	0.0	0.0	3.0
1.0	1.0	0.0	0.0
1.0	0.0	0.0	0.0
0.0	1.0	0.0	0.0
0.0	1.0	0.0	0.0
2.0	8.0	0.0	2.0
2.0	0.0	0.0	2.0
2.0	0.0	0.0	0.0
0.0	0.0	0.0	2.0
0.0	8.0	0.0	0.0
7.0	48.0	0.0	3.0
5.0	48.0	0.0	3.0
5.0	45.0	0.0	0.0
5.0	16.0	0.0	0.0
3.0	16.0	0.0	0.0
3.0	5.0	0.0	0.0
0.0	5.0	0.0	0.0
3.0	0.0	0.0	0.0
0.0	11.0	0.0	0.0
2.0	0.0	0.0	0.0
0.0	29.0	0.0	0.0
0.0	3.0	0.0	3.0
0.0	0.0	0.0	3.0
0.0	3.0	0.0	0.0
2.0	0.0	0.0	0.0
47.0	3.0	0.0	0.0
47.0	0.0	0.0	0.0
0.0	3.0	0.0	0.0
0.0	150.0	0.0	37.0
0.0	21.0	0.0	28.0
0.0	15.0	0.0	3.0
0.0	0.0	0.0	3.0
0.0	15.0	0.0	0.0
0.0	6.0	0.0	25.0
0.0	6.0	0.0	0.0
0.0	0.0	0.0	25.0
0.0	129.0	0.0	9.0
0.0	129.0	0.0	8.0
0.0	17.0	0.0	4.0
0.0	17.0	0.0	2.0
0.0	0.0	0.0	1.0
0.0	17.0	0.0	1.0
0.0	16.0	0.0	0.0
0.0	1.0	0.0	1.0
0.0	0.0	0.0	2.0
0.0	112.0	0.0	4.0
0.0	97.0	0.0	1.0
0.0	19.0	0.0	1.0
0.0	19.0	0.0	0.0
0.0	0.0	0.0	1.0
0.0	78.0	0.0	0.0
0.0	15.0	0.0	3.0
0.0	3.0	0.0	3.0
0.0	3.0	0.0	1.0
0.0	0.0	0.0	1.0
0.0	3.0	0.0	0.0
0.0	0.0	0.0	2.0
0.0	12.0	0.0	0.0
0.0	0.0	0.0	1.0
46.0	1300.0	0.0	9.0
28.0	15.0	0.0	3.0
15.0	0.0	0.0	0.0
13.0	15.0	0.0	3.0
1.0	14.0	0.0	3.0
0.0	0.0	0.0	2.0
1.0	14.0	0.0	1.0
1.0	14.0	0.0	0.0
0.0	11.0	0.0	0.0
1.0	3.0	0.0	0.0
1.0	1.0	0.0	0.0
0.0	2.0	0.0	0.0
0.0	0.0	0.0	1.0
12.0	1.0	0.0	0.0
12.0	0.0	0.0	0.0
0.0	1.0	0.0	0.0
18.0	1285.0	0.0	6.0
18.0	1285.0	0.0	5.0
18.0	350.0	0.0	0.0
10.0	348.0	0.0	0.0
2.0	3.0	0.0	0.0
2.0	0.0	0.0	0.0
0.0	3.0	0.0	0.0
8.0	345.0	0.0	0.0
8.0	141.0	0.0	0.0
5.0	141.0	0.0	0.0
0.0	100.0	0.0	0.0
5.0	41.0	0.0	0.0
5.0	2.0	0.0	0.0
0.0	2.0	0.0	0.0
5.0	0.0	0.0	0.0
0.0	39.0	0.0	0.0
3.0	0.0	0.0	0.0
0.0	204.0	0.0	0.0
8.0	2.0	0.0	0.0
8.0	0.0	0.0	0.0
0.0	2.0	0.0	0.0
0.0	935.0	0.0	5.0
0.0	913.0	0.0	2.0
0.0	57.0	0.0	1.0
0.0	2.0	0.0	1.0
0.0	0.0	0.0	1.0
0.0	2.0	0.0	0.0
0.0	55.0	0.0	0.0
0.0	856.0	0.0	1.0
0.0	797.0	0.0	0.0
0.0	59.0	0.0	1.0
0.0	4.0	0.0	1.0
0.0	4.0	0.0	0.0
0.0	0.0	0.0	1.0
0.0	55.0	0.0	0.0
0.0	22.0	0.0	3.0
0.0	0.0	0.0	3.0
0.0	22.0	0.0	0.0
0.0	0.0	0.0	1.0
