# Sizes (NFeatures, Nclasses, NodeCount, MaxDepth)
10	4	125	14
# Classes
0.0	1.0	2.0	3.0
# Feature Names
Nrows	Ncols	Nnnz	AvgNnnz	Density	MaxRowNnnz	MinRowNnnz	StdRowNnnz	NDiags	NTrueDiags
# Left
1	2	3	4	5	6	7	-1	9	10	-1	12	-1	-1	-1	16	17	-1	-1	-1	-1	22	23	-1	25	-1	27	-1	-1	30	-1	-1	33	34	-1	36	-1	-1	39	40	-1	-1	43	-1	-1	46	47	48	-1	50	-1	-1	53	54	-1	-1	-1	58	59	-1	61	-1	63	64	65	66	67	68	-1	-1	71	-1	73	-1	75	-1	-1	78	-1	-1	-1	82	-1	84	85	-1	-1	-1	89	-1	-1	-1	93	94	95	-1	97	-1	99	-1	-1	102	-1	-1	105	106	107	108	-1	-1	-1	112	-1	114	-1	-1	117	118	119	-1	121	-1	-1	-1	-1
# Right
92	45	32	21	20	15	8	-1	14	11	-1	13	-1	-1	-1	19	18	-1	-1	-1	-1	29	24	-1	26	-1	28	-1	-1	31	-1	-1	38	35	-1	37	-1	-1	42	41	-1	-1	44	-1	-1	57	52	49	-1	51	-1	-1	56	55	-1	-1	-1	91	60	-1	62	-1	88	81	80	77	70	69	-1	-1	72	-1	74	-1	76	-1	-1	79	-1	-1	-1	83	-1	87	86	-1	-1	-1	90	-1	-1	-1	104	101	96	-1	98	-1	100	-1	-1	103	-1	-1	116	111	110	109	-1	-1	-1	113	-1	115	-1	-1	124	123	120	-1	122	-1	-1	-1	-1
# Threshold
1.5	5.0373148918151855	0.0007000985206104815	6.9010350704193115	1.5	8.306750260089757e-06	0.46504050493240356	-2.0	3.1879100799560547	39494850.0	-2.0	2.1208150386810303	-2.0	-2.0	-2.0	10.0	0.5	-2.0	-2.0	-2.0	-2.0	8.620914741186425e-05	1.8160800337791443	-2.0	0.5	-2.0	4833.0	-2.0	-2.0	0.5	-2.0	-2.0	1.7247399687767029	1.33502995967865	-2.0	54.0	-2.0	-2.0	3.5	0.022916649468243122	-2.0	-2.0	4.969835042953491	-2.0	-2.0	22529.0	3.5	1136.5	-2.0	0.5	-2.0	-2.0	28.974349975585938	19.0	-2.0	-2.0	-2.0	0.07389554940164089	10.962699890136719	-2.0	11.340950012207031	-2.0	39549.5	108814.0	60745.0	20.742249965667725	35.5	26.5	-2.0	-2.0	6.65301513671875	-2.0	0.0058907498605549335	-2.0	1400.0	-2.0	-2.0	2709.5	-2.0	-2.0	-2.0	0.0011642149765975773	-2.0	0.0012493249960243702	0.0012105799978598952	-2.0	-2.0	-2.0	553.5644836425781	-2.0	-2.0	-2.0	2.8091150522232056	2.4732799530029297	2.0931899547576904	-2.0	0.6206065118312836	-2.0	2257.0	-2.0	-2.0	4.5	-2.0	-2.0	2.604455039545428e-05	2.1851749806955922e-05	3016.0	1240.0	-2.0	-2.0	-2.0	858027.0	-2.0	421041.0	-2.0	-2.0	5.9960949420928955	5.9664599895477295	494.0	-2.0	5592.0	-2.0	-2.0	-2.0	-2.0
# Feature
9	3	4	7	6	4	7	-2	3	0	-2	3	-2	-2	-2	5	9	-2	-2	-2	-2	4	3	-2	9	-2	5	-2	-2	6	-2	-2	3	7	-2	8	-2	-2	5	4	-2	-2	3	-2	-2	2	6	8	-2	6	-2	-2	3	5	-2	-2	-2	4	3	-2	3	-2	5	2	2	7	5	5	-2	-2	7	-2	4	-2	0	-2	-2	8	-2	-2	-2	4	-2	4	4	-2	-2	-2	7	-2	-2	-2	3	3	3	-2	7	-2	2	-2	-2	5	-2	-2	4	4	8	8	-2	-2	-2	1	-2	8	-2	-2	3	3	8	-2	2	-2	-2	-2	-2
# Values
143.0	1493.0	0.0	48.0
120.0	291.0	0.0	45.0
120.0	73.0	0.0	2.0
96.0	27.0	0.0	2.0
90.0	14.0	0.0	2.0
90.0	8.0	0.0	2.0
6.0	5.0	0.0	2.0
0.0	0.0	0.0	2.0
6.0	5.0	0.0	0.0
6.0	2.0	0.0	0.0
3.0	0.0	0.0	0.0
3.0	2.0	0.0	0.0
3.0	0.0	0.0	0.0
0.0	2.0	0.0	0.0
0.0	3.0	0.0	0.0
84.0	3.0	0.0	0.0
5.0	3.0	0.0	0.0
0.0	3.0	0.0	0.0
5.0	0.0	0.0	0.0
79.0	0.0	0.0	0.0
0.0	6.0	0.0	0.0
6.0	13.0	0.0	0.0
2.0	12.0	0.0	0.0
1.0	0.0	0.0	0.0
1.0	12.0	0.0	0.0
0.0	9.0	0.0	0.0
1.0	3.0	0.0	0.0
0.0	3.0	0.0	0.0
1.0	0.0	0.0	0.0
4.0	1.0	0.0	0.0
4.0	0.0	0.0	0.0
0.0	1.0	0.0	0.0
24.0	46.0	0.0	0.0
21.0	1.0	0.0	0.0
18.0	0.0	0.0	0.0
3.0	1.0	0.0	0.0
3.0	0.0	0.0	0.0
0.0	1.0	0.0	0.0
3.0	45.0	0.0	0.0
2.0	1.0	0.0	0.0
0.0	1.0	0.0	0.0
2.0	0.0	0.0	0.0
1.0	44.0	0.0	0.0
0.0	44.0	0.0	0.0
1.0	0.0	0.0	0.0
0.0	218.0	0.0	43.0
0.0	20.0	0.0	27.0
0.0	17.0	0.0	3.0
0.0	16.0	0.0	0.0
0.0	1.0	0.0	3.0
0.0	1.0	0.0	0.0
0.0	0.0	0.0	3.0
0.0	3.0	0.0	24.0
0.0	1.0	0.0	24.0
0.0	1.0	0.0	0.0
0.0	0.0	0.0	24.0
0.0	2.0	0.0	0.0
0.0	198.0	0.0	16.0
0.0	198.0	0.0	14.0
0.0	89.0	0.0	0.0
0.0	109.0	0.0	14.0
0.0	0.0	0.0	2.0
0.0	109.0	0.0	12.0
0.0	106.0	0.0	10.0
0.0	35.0	0.0	7.0
0.0	35.0	0.0	4.0
0.0	34.0	0.0	3.0
0.0	2.0	0.0	1.0
0.0	2.0	0.0	0.0
0.0	0.0	0.0	1.0
0.0	32.0	0.0	2.0
0.0	20.0	0.0	0.0
0.0	12.0	0.0	2.0
0.0	11.0	0.0	0.0
0.0	1.0	0.0	2.0
0.0	1.0	0.0	1.0
0.0	0.0	0.0	1.0
0.0	1.0	0.0	1.0
0.0	1.0	0.0	0.0
0.0	0.0	0.0	1.0
0.0	0.0	0.0	3.0
0.0	71.0	0.0	3.0
0.0	37.0	0.0	0.0
0.0	34.0	0.0	3.0
0.0	1.0	0.0	3.0
0.0	0.0	0.0	1.0
0.0	1.0	0.0	2.0
0.0	33.0	0.0	0.0
0.0	3.0	0.0	2.0
0.0	0.0	0.0	2.0
0.0	3.0	0.0	0.0
0.0	0.0	0.0	2.0
23.0	1202.0	0.0	3.0
16.0	17.0	0.0	0.0
4.0	15.0	0.0	0.0
2.0	0.0	0.0	0.0
2.0	15.0	0.0	0.0
0.0	13.0	0.0	0.0
2.0	2.0	0.0	0.0
1.0	1.0	0.0	0.0
1.0	1.0	0.0	0.0
12.0	2.0	0.0	0.0
0.0	2.0	0.0	0.0
12.0	0.0	0.0	0.0
7.0	1185.0	0.0	3.0
2.0	75.0	0.0	3.0
0.0	74.0	0.0	1.0
0.0	7.0	0.0	1.0
0.0	7.0	0.0	0.0
0.0	0.0	0.0	1.0
0.0	67.0	0.0	0.0
2.0	1.0	0.0	2.0
2.0	0.0	0.0	0.0
0.0	1.0	0.0	2.0
0.0	1.0	0.0	0.0
0.0	0.0	0.0	2.0
5.0	1110.0	0.0	0.0
5.0	266.0	0.0	0.0
2.0	266.0	0.0	0.0
0.0	181.0	0.0	0.0
2.0	85.0	0.0	0.0
2.0	0.0	0.0	0.0
0.0	85.0	0.0	0.0
3.0	0.0	0.0	0.0
0.0	844.0	0.0	0.0
