# Sizes (NFeatures, Nclasses, NodeCount, MaxDepth)
10	3	155	14
# Classes
0.0	1.0	2.0
# Feature Names
Nrows	Ncols	Nnnz	AvgNnnz	Density	MaxRowNnnz	MinRowNnnz	StdRowNnnz	NDiags	NTrueDiags
# Left
1	2	3	4	5	-1	-1	-1	-1	10	-1	12	13	14	-1	-1	-1	18	19	-1	21	-1	23	-1	25	-1	-1	-1	29	30	31	-1	-1	34	35	36	-1	-1	-1	40	-1	-1	43	44	45	46	47	-1	-1	50	-1	52	53	-1	-1	-1	57	-1	-1	60	61	62	63	64	65	66	-1	-1	-1	70	-1	72	73	-1	75	-1	-1	78	79	80	-1	-1	-1	84	-1	-1	-1	88	-1	90	-1	92	-1	-1	95	96	97	-1	-1	-1	-1	-1	103	104	-1	106	-1	-1	109	110	111	-1	113	114	115	116	117	118	-1	-1	-1	-1	-1	-1	-1	126	127	128	129	-1	131	-1	133	-1	135	-1	-1	-1	139	-1	-1	142	143	144	-1	-1	147	-1	149	-1	-1	152	-1	-1	-1
# Right
28	9	8	7	6	-1	-1	-1	-1	11	-1	17	16	15	-1	-1	-1	27	20	-1	22	-1	24	-1	26	-1	-1	-1	42	33	32	-1	-1	39	38	37	-1	-1	-1	41	-1	-1	102	59	56	49	48	-1	-1	51	-1	55	54	-1	-1	-1	58	-1	-1	101	94	87	86	69	68	67	-1	-1	-1	71	-1	77	74	-1	76	-1	-1	83	82	81	-1	-1	-1	85	-1	-1	-1	89	-1	91	-1	93	-1	-1	100	99	98	-1	-1	-1	-1	-1	108	105	-1	107	-1	-1	154	125	112	-1	124	123	122	121	120	119	-1	-1	-1	-1	-1	-1	-1	141	138	137	130	-1	132	-1	134	-1	136	-1	-1	-1	140	-1	-1	151	146	145	-1	-1	148	-1	150	-1	-1	153	-1	-1	-1
# Threshold
4.5	8.951150084612891e-05	6.210415085661225e-05	3.4989500045776367	30129.5	-2.0	-2.0	-2.0	-2.0	35.5	-2.0	0.5	3.476189970970154	0.013438503574434435	-2.0	-2.0	-2.0	4659.5	8017.0	-2.0	31278.0	-2.0	3.933859944343567	-2.0	13991.5	-2.0	-2.0	-2.0	2.4236000776290894	2.3904699087142944	817.5	-2.0	-2.0	2.1986700296401978	1.8160800337791443	210252.5	-2.0	-2.0	-2.0	5.3371851444244385	-2.0	-2.0	0.5	3.938705049222335e-05	4.960909843444824	4.752964973449707	1259150.0	-2.0	-2.0	26448.0	-2.0	4.851749897003174	4.845749855041504	-2.0	-2.0	-2.0	194432.5	-2.0	-2.0	16.5	79.38885116577148	9.473909854888916	8.932260036468506	4520.5	1.0356129705905914	0.009466734889429063	-2.0	-2.0	-2.0	3175.5	-2.0	5.261130094528198	4.561520099639893	-2.0	5.547735054278746e-05	-2.0	-2.0	8.20497989654541	6.2171900272369385	0.5	-2.0	-2.0	-2.0	5007.5	-2.0	-2.0	-2.0	25.741600036621094	-2.0	14.512100219726562	-2.0	25.97344970703125	-2.0	-2.0	547.3569946289062	2179105.0	219.20249938964844	-2.0	-2.0	-2.0	-2.0	-2.0	2.726094976424065e-06	13.0	-2.0	660333.5	-2.0	-2.0	1183.5549926757812	2.5	9.462005138397217	-2.0	241.5	53.277347564697266	12.54449987411499	18.347700119018555	2786.5	15.389350414276123	-2.0	-2.0	-2.0	-2.0	-2.0	-2.0	-2.0	3.5	14.736649990081787	4.849095106124878	23.0	-2.0	2.2293399572372437	-2.0	1188.5	-2.0	4.82787013053894	-2.0	-2.0	-2.0	15.77625036239624	-2.0	-2.0	365.03150939941406	20.5	17.0	-2.0	-2.0	1191.0	-2.0	1195.0	-2.0	-2.0	420.2510070800781	-2.0	-2.0	-2.0
# Feature
5	4	4	3	1	-2	-2	-2	-2	1	-2	9	3	4	-2	-2	-2	8	1	-2	2	-2	3	-2	1	-2	-2	-2	3	7	1	-2	-2	3	3	2	-2	-2	-2	7	-2	-2	9	4	3	3	2	-2	-2	8	-2	3	3	-2	-2	-2	0	-2	-2	6	3	3	3	8	7	4	-2	-2	-2	0	-2	3	3	-2	4	-2	-2	3	3	6	-2	-2	-2	0	-2	-2	-2	7	-2	3	-2	7	-2	-2	7	2	7	-2	-2	-2	-2	-2	4	5	-2	5	-2	-2	3	9	3	-2	5	3	3	7	8	7	-2	-2	-2	-2	-2	-2	-2	9	3	3	5	-2	7	-2	0	-2	3	-2	-2	-2	3	-2	-2	7	8	5	-2	-2	5	-2	5	-2	-2	7	-2	-2	-2
# Values
91.0	1490.0	103.0
52.0	15.0	10.0
3.0	10.0	6.0
3.0	10.0	0.0
1.0	10.0	0.0
1.0	0.0	0.0
0.0	10.0	0.0
2.0	0.0	0.0
0.0	0.0	6.0
49.0	5.0	4.0
0.0	2.0	0.0
49.0	3.0	4.0
1.0	1.0	2.0
1.0	1.0	0.0
1.0	0.0	0.0
0.0	1.0	0.0
0.0	0.0	2.0
48.0	2.0	2.0
48.0	2.0	1.0
41.0	0.0	0.0
7.0	2.0	1.0
0.0	2.0	0.0
7.0	0.0	1.0
5.0	0.0	0.0
2.0	0.0	1.0
2.0	0.0	0.0
0.0	0.0	1.0
0.0	0.0	1.0
39.0	1475.0	93.0
28.0	22.0	0.0
26.0	5.0	0.0
0.0	5.0	0.0
26.0	0.0	0.0
2.0	17.0	0.0
1.0	16.0	0.0
1.0	5.0	0.0
0.0	5.0	0.0
1.0	0.0	0.0
0.0	11.0	0.0
1.0	1.0	0.0
0.0	1.0	0.0
1.0	0.0	0.0
11.0	1453.0	93.0
3.0	197.0	67.0
1.0	24.0	36.0
1.0	7.0	33.0
1.0	3.0	0.0
1.0	0.0	0.0
0.0	3.0	0.0
0.0	4.0	33.0
0.0	2.0	0.0
0.0	2.0	33.0
0.0	2.0	9.0
0.0	0.0	9.0
0.0	2.0	0.0
0.0	0.0	24.0
0.0	17.0	3.0
0.0	0.0	3.0
0.0	17.0	0.0
2.0	173.0	31.0
2.0	173.0	22.0
2.0	168.0	18.0
2.0	75.0	16.0
2.0	75.0	14.0
0.0	34.0	1.0
0.0	1.0	1.0
0.0	1.0	0.0
0.0	0.0	1.0
0.0	33.0	0.0
2.0	41.0	13.0
0.0	0.0	3.0
2.0	41.0	10.0
2.0	12.0	7.0
0.0	12.0	0.0
2.0	0.0	7.0
2.0	0.0	0.0
0.0	0.0	7.0
0.0	29.0	3.0
0.0	28.0	1.0
0.0	4.0	1.0
0.0	0.0	1.0
0.0	4.0	0.0
0.0	24.0	0.0
0.0	1.0	2.0
0.0	1.0	1.0
0.0	0.0	1.0
0.0	0.0	2.0
0.0	93.0	2.0
0.0	68.0	0.0
0.0	25.0	2.0
0.0	0.0	1.0
0.0	25.0	1.0
0.0	1.0	1.0
0.0	24.0	0.0
0.0	5.0	4.0
0.0	2.0	4.0
0.0	2.0	1.0
0.0	2.0	0.0
0.0	0.0	1.0
0.0	0.0	3.0
0.0	3.0	0.0
0.0	0.0	9.0
8.0	1256.0	26.0
7.0	10.0	1.0
7.0	0.0	0.0
0.0	10.0	1.0
0.0	10.0	0.0
0.0	0.0	1.0
1.0	1246.0	25.0
1.0	1246.0	24.0
0.0	198.0	13.0
0.0	142.0	0.0
0.0	56.0	13.0
0.0	34.0	13.0
0.0	34.0	8.0
0.0	4.0	8.0
0.0	4.0	2.0
0.0	1.0	2.0
0.0	0.0	2.0
0.0	1.0	0.0
0.0	3.0	0.0
0.0	0.0	6.0
0.0	30.0	0.0
0.0	0.0	5.0
0.0	22.0	0.0
1.0	1048.0	11.0
1.0	269.0	7.0
1.0	260.0	4.0
1.0	121.0	4.0
0.0	83.0	0.0
1.0	38.0	4.0
1.0	0.0	0.0
0.0	38.0	4.0
0.0	0.0	1.0
0.0	38.0	3.0
0.0	16.0	0.0
0.0	22.0	3.0
0.0	139.0	0.0
0.0	9.0	3.0
0.0	0.0	3.0
0.0	9.0	0.0
0.0	779.0	4.0
0.0	762.0	3.0
0.0	76.0	2.0
0.0	76.0	0.0
0.0	0.0	2.0
0.0	686.0	1.0
0.0	605.0	0.0
0.0	81.0	1.0
0.0	0.0	1.0
0.0	81.0	0.0
0.0	17.0	1.0
0.0	0.0	1.0
0.0	17.0	0.0
0.0	0.0	1.0
