# Sizes (NFeatures, Nclasses, NodeCount, MaxDepth)
10	3	143	15
# Classes
0.0	1.0	2.0
# Feature Names
Nrows	Ncols	Nnnz	AvgNnnz	Density	MaxRowNnnz	MinRowNnnz	StdRowNnnz	NDiags	NTrueDiags
# Left
1	2	3	-1	5	-1	7	8	-1	-1	-1	-1	13	14	15	16	-1	-1	-1	20	21	-1	-1	-1	25	26	27	28	29	30	31	-1	33	-1	-1	36	37	-1	-1	40	-1	42	-1	-1	-1	46	47	-1	49	-1	-1	-1	53	54	55	-1	-1	-1	59	60	61	62	63	64	65	66	-1	68	-1	-1	71	-1	-1	-1	75	-1	-1	78	79	-1	-1	-1	83	84	-1	86	-1	88	89	-1	91	-1	-1	-1	-1	96	-1	-1	99	-1	-1	102	-1	-1	105	106	-1	-1	109	110	111	-1	-1	114	115	116	117	-1	119	-1	-1	122	-1	-1	125	126	127	128	-1	-1	131	-1	-1	134	-1	-1	-1	138	-1	-1	141	-1	-1
# Right
12	11	4	-1	6	-1	10	9	-1	-1	-1	-1	24	19	18	17	-1	-1	-1	23	22	-1	-1	-1	104	101	52	45	44	35	32	-1	34	-1	-1	39	38	-1	-1	41	-1	43	-1	-1	-1	51	48	-1	50	-1	-1	-1	58	57	56	-1	-1	-1	98	95	82	77	74	73	70	67	-1	69	-1	-1	72	-1	-1	-1	76	-1	-1	81	80	-1	-1	-1	94	85	-1	87	-1	93	90	-1	92	-1	-1	-1	-1	97	-1	-1	100	-1	-1	103	-1	-1	108	107	-1	-1	140	113	112	-1	-1	137	124	121	118	-1	120	-1	-1	123	-1	-1	136	133	130	129	-1	-1	132	-1	-1	135	-1	-1	-1	139	-1	-1	142	-1	-1
# Threshold
2.142459988594055	50476.0	1.1950550079345703	-2.0	0.000856324506457895	-2.0	1.5567200183868408	584.5	-2.0	-2.0	-2.0	-2.0	4.5	3.40215003490448	1.0	14560.0	-2.0	-2.0	-2.0	3.0	548.0	-2.0	-2.0	-2.0	1.5	16.5	6.060595114831813e-05	4.966304779052734	14.628949880599976	2.4852499961853027	227303.5	-2.0	1.963105022907257	-2.0	-2.0	26448.0	4.925040006637573	-2.0	-2.0	3.2229150533676147	-2.0	3.384614944458008	-2.0	-2.0	-2.0	432.2244873046875	3782435.0	-2.0	23.46858501434326	-2.0	-2.0	-2.0	131.0	369.5	47.0	-2.0	-2.0	-2.0	98.06430053710938	0.003344894968904555	0.0018017799593508244	6.186485052108765	40987.0	6.000385046005249	107039.0	802.5	-2.0	44209.5	-2.0	-2.0	26.5	-2.0	-2.0	-2.0	5.135089874267578	-2.0	-2.0	9148.5	8132.5	-2.0	-2.0	-2.0	396.0	6.066029787063599	-2.0	17522.0	-2.0	0.5	3175.5	-2.0	68.0	-2.0	-2.0	-2.0	-2.0	6.5	-2.0	-2.0	22139.5	-2.0	-2.0	32.5	-2.0	-2.0	2.8091150522232056	2.5617949962615967	-2.0	-2.0	385.16600036621094	3.480334997177124	3.39200496673584	-2.0	-2.0	4758865.0	0.0006538284942507744	0.0006447815103456378	0.0005788595008198172	-2.0	0.0005832800234202296	-2.0	-2.0	0.0006476090056821704	-2.0	-2.0	5931.0	328.5	15.63415002822876	1600.5	-2.0	-2.0	15.829200267791748	-2.0	-2.0	10.0	-2.0	-2.0	-2.0	21870050.0	-2.0	-2.0	420.2510070800781	-2.0	-2.0
# Feature
3	5	7	-2	4	-2	3	1	-2	-2	-2	-2	5	3	9	0	-2	-2	-2	9	1	-2	-2	-2	9	6	4	3	7	7	1	-2	7	-2	-2	8	3	-2	-2	7	-2	7	-2	-2	-2	7	0	-2	7	-2	-2	-2	1	2	1	-2	-2	-2	3	4	4	3	0	3	2	5	-2	2	-2	-2	5	-2	-2	-2	3	-2	-2	1	1	-2	-2	-2	5	7	-2	2	-2	9	1	-2	5	-2	-2	-2	-2	5	-2	-2	0	-2	-2	6	-2	-2	3	3	-2	-2	7	3	3	-2	-2	8	4	4	4	-2	4	-2	-2	4	-2	-2	2	5	3	8	-2	-2	3	-2	-2	9	-2	-2	-2	2	-2	-2	7	-2	-2
# Values
92.0	1496.0	96.0
46.0	9.0	0.0
46.0	5.0	0.0
34.0	0.0	0.0
12.0	5.0	0.0
11.0	0.0	0.0
1.0	5.0	0.0
1.0	1.0	0.0
0.0	1.0	0.0
1.0	0.0	0.0
0.0	4.0	0.0
0.0	4.0	0.0
46.0	1487.0	96.0
31.0	25.0	8.0
2.0	25.0	0.0
2.0	1.0	0.0
0.0	1.0	0.0
2.0	0.0	0.0
0.0	24.0	0.0
29.0	0.0	8.0
3.0	0.0	8.0
3.0	0.0	0.0
0.0	0.0	8.0
26.0	0.0	0.0
15.0	1462.0	88.0
5.0	278.0	77.0
5.0	277.0	64.0
4.0	42.0	36.0
4.0	11.0	31.0
4.0	4.0	31.0
4.0	1.0	1.0
4.0	0.0	0.0
0.0	1.0	1.0
0.0	1.0	0.0
0.0	0.0	1.0
0.0	3.0	30.0
0.0	2.0	1.0
0.0	2.0	0.0
0.0	0.0	1.0
0.0	1.0	29.0
0.0	0.0	22.0
0.0	1.0	7.0
0.0	1.0	0.0
0.0	0.0	7.0
0.0	7.0	0.0
0.0	31.0	5.0
0.0	31.0	2.0
0.0	28.0	0.0
0.0	3.0	2.0
0.0	3.0	0.0
0.0	0.0	2.0
0.0	0.0	3.0
1.0	235.0	28.0
1.0	2.0	4.0
1.0	2.0	0.0
1.0	0.0	0.0
0.0	2.0	0.0
0.0	0.0	4.0
0.0	233.0	24.0
0.0	228.0	20.0
0.0	150.0	19.0
0.0	132.0	9.0
0.0	42.0	8.0
0.0	41.0	3.0
0.0	41.0	2.0
0.0	39.0	1.0
0.0	36.0	0.0
0.0	3.0	1.0
0.0	0.0	1.0
0.0	3.0	0.0
0.0	2.0	1.0
0.0	2.0	0.0
0.0	0.0	1.0
0.0	0.0	1.0
0.0	1.0	5.0
0.0	0.0	5.0
0.0	1.0	0.0
0.0	90.0	1.0
0.0	9.0	1.0
0.0	9.0	0.0
0.0	0.0	1.0
0.0	81.0	0.0
0.0	18.0	10.0
0.0	7.0	10.0
0.0	4.0	0.0
0.0	3.0	10.0
0.0	1.0	0.0
0.0	2.0	10.0
0.0	2.0	4.0
0.0	0.0	3.0
0.0	2.0	1.0
0.0	1.0	0.0
0.0	1.0	1.0
0.0	0.0	6.0
0.0	11.0	0.0
0.0	78.0	1.0
0.0	0.0	1.0
0.0	78.0	0.0
0.0	5.0	4.0
0.0	0.0	4.0
0.0	5.0	0.0
0.0	1.0	13.0
0.0	0.0	12.0
0.0	1.0	1.0
10.0	1184.0	11.0
6.0	13.0	0.0
0.0	13.0	0.0
6.0	0.0	0.0
4.0	1171.0	11.0
4.0	1163.0	9.0
2.0	13.0	0.0
0.0	13.0	0.0
2.0	0.0	0.0
2.0	1150.0	9.0
2.0	1147.0	8.0
2.0	338.0	5.0
0.0	338.0	4.0
0.0	326.0	0.0
0.0	12.0	4.0
0.0	0.0	4.0
0.0	12.0	0.0
2.0	0.0	1.0
0.0	0.0	1.0
2.0	0.0	0.0
0.0	809.0	3.0
0.0	250.0	3.0
0.0	243.0	2.0
0.0	234.0	1.0
0.0	203.0	0.0
0.0	31.0	1.0
0.0	9.0	1.0
0.0	0.0	1.0
0.0	9.0	0.0
0.0	7.0	1.0
0.0	0.0	1.0
0.0	7.0	0.0
0.0	559.0	0.0
0.0	3.0	1.0
0.0	0.0	1.0
0.0	3.0	0.0
0.0	8.0	2.0
0.0	0.0	2.0
0.0	8.0	0.0
