# Sizes (NFeatures, Nclasses, NodeCount, MaxDepth)
10	6	155	11
# Classes
0.0	1.0	2.0	3.0	4.0	5.0
# Feature Names
Nrows	Ncols	Nnnz	AvgNnnz	Density	MaxRowNnnz	MinRowNnnz	StdRowNnnz	NDiags	NTrueDiags
# Left
1	2	3	4	5	-1	7	8	-1	10	-1	-1	-1	14	-1	16	-1	-1	19	20	-1	-1	23	24	25	26	27	28	29	-1	-1	-1	33	-1	35	-1	-1	-1	39	40	-1	42	-1	-1	-1	-1	-1	48	49	50	-1	-1	53	54	55	56	57	58	-1	-1	-1	62	-1	-1	65	66	-1	68	-1	-1	71	-1	-1	74	75	-1	-1	-1	79	80	-1	82	-1	84	-1	-1	87	-1	89	-1	91	-1	-1	94	95	-1	-1	98	99	100	-1	-1	-1	104	105	-1	-1	108	109	-1	-1	-1	113	114	115	116	-1	-1	119	-1	121	122	-1	-1	-1	126	127	128	129	130	-1	-1	-1	-1	135	-1	-1	138	139	140	-1	-1	-1	-1	145	146	-1	-1	149	150	-1	152	-1	-1	-1
# Right
112	47	18	13	6	-1	12	9	-1	11	-1	-1	-1	15	-1	17	-1	-1	22	21	-1	-1	46	45	38	37	32	31	30	-1	-1	-1	34	-1	36	-1	-1	-1	44	41	-1	43	-1	-1	-1	-1	-1	93	52	51	-1	-1	78	73	64	61	60	59	-1	-1	-1	63	-1	-1	70	67	-1	69	-1	-1	72	-1	-1	77	76	-1	-1	-1	86	81	-1	83	-1	85	-1	-1	88	-1	90	-1	92	-1	-1	97	96	-1	-1	103	102	101	-1	-1	-1	107	106	-1	-1	111	110	-1	-1	-1	144	125	118	117	-1	-1	120	-1	124	123	-1	-1	-1	137	134	133	132	131	-1	-1	-1	-1	136	-1	-1	143	142	141	-1	-1	-1	-1	148	147	-1	-1	154	151	-1	153	-1	-1	-1
# Threshold
1370.0	62.0	1260.0	0.6088919937610626	0.5	-2.0	37.5	452.5	-2.0	0.0014964794681873173	-2.0	-2.0	-2.0	1.3611949682235718	-2.0	18.0	-2.0	-2.0	1.5268049992300803e-05	4.175884896540083e-06	-2.0	-2.0	17530.0	14.433249950408936	7.5	13082.5	3581.0	3194.5	2251.0	-2.0	-2.0	-2.0	0.41541101038455963	-2.0	4.775000095367432	-2.0	-2.0	-2.0	2721.0	2490.0	-2.0	596.0	-2.0	-2.0	-2.0	-2.0	-2.0	7633330.0	55.0	4.406234979629517	-2.0	-2.0	45119.5	153.5	568.0	0.0830160491168499	1579.0	1522.0	-2.0	-2.0	-2.0	0.08449319750070572	-2.0	-2.0	17247.0	9076.0	-2.0	9767.0	-2.0	-2.0	2.0	-2.0	-2.0	102.42399978637695	1231.5	-2.0	-2.0	-2.0	8.882544994354248	1.9324750304222107	-2.0	1069750.0	-2.0	1269140.0	-2.0	-2.0	7.194570064544678	-2.0	0.5	-2.0	13.5	-2.0	-2.0	9198.5	22639450.0	-2.0	-2.0	304.0	15360600.0	13160400.0	-2.0	-2.0	-2.0	4.5	1085.5	-2.0	-2.0	453449.0	63.0	-2.0	-2.0	-2.0	7.5	32674.0	1.5	5.5	-2.0	-2.0	0.00035256850242149085	-2.0	60082.0	96.08240127563477	-2.0	-2.0	-2.0	60.05325126647949	4.5	2.9721949431404937e-05	2.7272400075162295e-05	128175.5	-2.0	-2.0	-2.0	-2.0	131.78030014038086	-2.0	-2.0	1301.7995300292969	1179647.0	0.016319400165230036	-2.0	-2.0	-2.0	-2.0	270.44300842285156	11916.0	-2.0	-2.0	96187.0	238.0	-2.0	12621.5	-2.0	-2.0	-2.0
# Feature
5	8	2	7	6	-2	8	0	-2	4	-2	-2	-2	7	-2	5	-2	-2	4	4	-2	-2	2	3	8	2	2	2	2	-2	-2	-2	7	-2	3	-2	-2	-2	2	2	-2	0	-2	-2	-2	-2	-2	2	1	7	-2	-2	8	9	5	4	2	2	-2	-2	-2	4	-2	-2	8	8	-2	8	-2	-2	9	-2	-2	7	1	-2	-2	-2	7	3	-2	1	-2	0	-2	-2	3	-2	6	-2	9	-2	-2	8	2	-2	-2	5	2	2	-2	-2	-2	6	5	-2	-2	0	9	-2	-2	-2	9	8	6	9	-2	-2	4	-2	2	7	-2	-2	-2	3	9	4	4	8	-2	-2	-2	-2	7	-2	-2	7	1	4	-2	-2	-2	-2	7	5	-2	-2	0	9	-2	1	-2	-2	-2
# Values
164.0	1414.0	73.0	1.0	5.0	27.0
29.0	1326.0	73.0	1.0	0.0	25.0
0.0	128.0	67.0	0.0	0.0	1.0
0.0	20.0	37.0	0.0	0.0	0.0
0.0	5.0	24.0	0.0	0.0	0.0
0.0	3.0	0.0	0.0	0.0	0.0
0.0	2.0	24.0	0.0	0.0	0.0
0.0	1.0	24.0	0.0	0.0	0.0
0.0	0.0	23.0	0.0	0.0	0.0
0.0	1.0	1.0	0.0	0.0	0.0
0.0	0.0	1.0	0.0	0.0	0.0
0.0	1.0	0.0	0.0	0.0	0.0
0.0	1.0	0.0	0.0	0.0	0.0
0.0	15.0	13.0	0.0	0.0	0.0
0.0	11.0	0.0	0.0	0.0	0.0
0.0	4.0	13.0	0.0	0.0	0.0
0.0	0.0	13.0	0.0	0.0	0.0
0.0	4.0	0.0	0.0	0.0	0.0
0.0	108.0	30.0	0.0	0.0	1.0
0.0	0.0	8.0	0.0	0.0	1.0
0.0	0.0	0.0	0.0	0.0	1.0
0.0	0.0	8.0	0.0	0.0	0.0
0.0	108.0	22.0	0.0	0.0	0.0
0.0	48.0	22.0	0.0	0.0	0.0
0.0	48.0	14.0	0.0	0.0	0.0
0.0	15.0	12.0	0.0	0.0	0.0
0.0	15.0	7.0	0.0	0.0	0.0
0.0	2.0	5.0	0.0	0.0	0.0
0.0	2.0	1.0	0.0	0.0	0.0
0.0	0.0	1.0	0.0	0.0	0.0
0.0	2.0	0.0	0.0	0.0	0.0
0.0	0.0	4.0	0.0	0.0	0.0
0.0	13.0	2.0	0.0	0.0	0.0
0.0	12.0	0.0	0.0	0.0	0.0
0.0	1.0	2.0	0.0	0.0	0.0
0.0	1.0	0.0	0.0	0.0	0.0
0.0	0.0	2.0	0.0	0.0	0.0
0.0	0.0	5.0	0.0	0.0	0.0
0.0	33.0	2.0	0.0	0.0	0.0
0.0	9.0	2.0	0.0	0.0	0.0
0.0	7.0	0.0	0.0	0.0	0.0
0.0	2.0	2.0	0.0	0.0	0.0
0.0	0.0	1.0	0.0	0.0	0.0
0.0	2.0	1.0	0.0	0.0	0.0
0.0	24.0	0.0	0.0	0.0	0.0
0.0	0.0	8.0	0.0	0.0	0.0
0.0	60.0	0.0	0.0	0.0	0.0
29.0	1198.0	6.0	1.0	0.0	24.0
19.0	1122.0	6.0	1.0	0.0	0.0
0.0	1.0	4.0	0.0	0.0	0.0
0.0	0.0	4.0	0.0	0.0	0.0
0.0	1.0	0.0	0.0	0.0	0.0
19.0	1121.0	2.0	1.0	0.0	0.0
6.0	1020.0	2.0	1.0	0.0	0.0
3.0	1013.0	1.0	1.0	0.0	0.0
0.0	904.0	1.0	1.0	0.0	0.0
0.0	882.0	0.0	1.0	0.0	0.0
0.0	93.0	0.0	1.0	0.0	0.0
0.0	47.0	0.0	0.0	0.0	0.0
0.0	46.0	0.0	1.0	0.0	0.0
0.0	789.0	0.0	0.0	0.0	0.0
0.0	22.0	1.0	0.0	0.0	0.0
0.0	0.0	1.0	0.0	0.0	0.0
0.0	22.0	0.0	0.0	0.0	0.0
3.0	109.0	0.0	0.0	0.0	0.0
1.0	108.0	0.0	0.0	0.0	0.0
0.0	103.0	0.0	0.0	0.0	0.0
1.0	5.0	0.0	0.0	0.0	0.0
1.0	0.0	0.0	0.0	0.0	0.0
0.0	5.0	0.0	0.0	0.0	0.0
2.0	1.0	0.0	0.0	0.0	0.0
0.0	1.0	0.0	0.0	0.0	0.0
2.0	0.0	0.0	0.0	0.0	0.0
3.0	7.0	1.0	0.0	0.0	0.0
0.0	7.0	1.0	0.0	0.0	0.0
0.0	0.0	1.0	0.0	0.0	0.0
0.0	7.0	0.0	0.0	0.0	0.0
3.0	0.0	0.0	0.0	0.0	0.0
13.0	101.0	0.0	0.0	0.0	0.0
2.0	85.0	0.0	0.0	0.0	0.0
1.0	0.0	0.0	0.0	0.0	0.0
1.0	85.0	0.0	0.0	0.0	0.0
0.0	82.0	0.0	0.0	0.0	0.0
1.0	3.0	0.0	0.0	0.0	0.0
1.0	0.0	0.0	0.0	0.0	0.0
0.0	3.0	0.0	0.0	0.0	0.0
11.0	16.0	0.0	0.0	0.0	0.0
5.0	0.0	0.0	0.0	0.0	0.0
6.0	16.0	0.0	0.0	0.0	0.0
0.0	10.0	0.0	0.0	0.0	0.0
6.0	6.0	0.0	0.0	0.0	0.0
6.0	0.0	0.0	0.0	0.0	0.0
0.0	6.0	0.0	0.0	0.0	0.0
10.0	76.0	0.0	0.0	0.0	24.0
0.0	3.0	0.0	0.0	0.0	18.0
0.0	0.0	0.0	0.0	0.0	18.0
0.0	3.0	0.0	0.0	0.0	0.0
10.0	73.0	0.0	0.0	0.0	6.0
1.0	63.0	0.0	0.0	0.0	0.0
1.0	9.0	0.0	0.0	0.0	0.0
0.0	9.0	0.0	0.0	0.0	0.0
1.0	0.0	0.0	0.0	0.0	0.0
0.0	54.0	0.0	0.0	0.0	0.0
9.0	10.0	0.0	0.0	0.0	6.0
9.0	2.0	0.0	0.0	0.0	0.0
9.0	0.0	0.0	0.0	0.0	0.0
0.0	2.0	0.0	0.0	0.0	0.0
0.0	8.0	0.0	0.0	0.0	6.0
0.0	1.0	0.0	0.0	0.0	6.0
0.0	0.0	0.0	0.0	0.0	6.0
0.0	1.0	0.0	0.0	0.0	0.0
0.0	7.0	0.0	0.0	0.0	0.0
135.0	88.0	0.0	0.0	5.0	2.0
124.0	35.0	0.0	0.0	5.0	2.0
24.0	28.0	0.0	0.0	0.0	0.0
2.0	20.0	0.0	0.0	0.0	0.0
0.0	20.0	0.0	0.0	0.0	0.0
2.0	0.0	0.0	0.0	0.0	0.0
22.0	8.0	0.0	0.0	0.0	0.0
0.0	5.0	0.0	0.0	0.0	0.0
22.0	3.0	0.0	0.0	0.0	0.0
1.0	3.0	0.0	0.0	0.0	0.0
0.0	3.0	0.0	0.0	0.0	0.0
1.0	0.0	0.0	0.0	0.0	0.0
21.0	0.0	0.0	0.0	0.0	0.0
100.0	7.0	0.0	0.0	5.0	2.0
99.0	5.0	0.0	0.0	0.0	0.0
95.0	2.0	0.0	0.0	0.0	0.0
40.0	2.0	0.0	0.0	0.0	0.0
40.0	1.0	0.0	0.0	0.0	0.0
0.0	1.0	0.0	0.0	0.0	0.0
40.0	0.0	0.0	0.0	0.0	0.0
0.0	1.0	0.0	0.0	0.0	0.0
55.0	0.0	0.0	0.0	0.0	0.0
4.0	3.0	0.0	0.0	0.0	0.0
0.0	3.0	0.0	0.0	0.0	0.0
4.0	0.0	0.0	0.0	0.0	0.0
1.0	2.0	0.0	0.0	5.0	2.0
1.0	2.0	0.0	0.0	0.0	2.0
1.0	0.0	0.0	0.0	0.0	2.0
0.0	0.0	0.0	0.0	0.0	2.0
1.0	0.0	0.0	0.0	0.0	0.0
0.0	2.0	0.0	0.0	0.0	0.0
0.0	0.0	0.0	0.0	5.0	0.0
11.0	53.0	0.0	0.0	0.0	0.0
1.0	51.0	0.0	0.0	0.0	0.0
0.0	51.0	0.0	0.0	0.0	0.0
1.0	0.0	0.0	0.0	0.0	0.0
10.0	2.0	0.0	0.0	0.0	0.0
10.0	1.0	0.0	0.0	0.0	0.0
9.0	0.0	0.0	0.0	0.0	0.0
1.0	1.0	0.0	0.0	0.0	0.0
1.0	0.0	0.0	0.0	0.0	0.0
0.0	1.0	0.0	0.0	0.0	0.0
0.0	1.0	0.0	0.0	0.0	0.0
