# Sizes (NFeatures, Nclasses, NodeCount, MaxDepth)
10	6	181	15
# Classes
0.0	1.0	2.0	3.0	4.0	5.0
# Feature Names
Nrows	Ncols	Nnnz	AvgNnnz	Density	MaxRowNnnz	MinRowNnnz	StdRowNnnz	NDiags	NTrueDiags
# Left
1	2	3	4	-1	6	-1	8	9	-1	-1	12	-1	14	-1	16	-1	-1	19	-1	21	22	-1	24	-1	26	-1	-1	29	30	31	-1	-1	34	35	-1	-1	-1	-1	40	41	42	43	44	-1	46	-1	48	-1	-1	-1	52	53	54	55	56	-1	58	-1	-1	-1	62	-1	64	65	-1	-1	-1	69	70	71	72	73	-1	-1	-1	77	78	-1	-1	81	82	83	-1	85	-1	-1	-1	-1	90	-1	-1	93	-1	-1	96	97	98	-1	100	-1	-1	-1	104	105	106	107	-1	-1	110	-1	-1	-1	-1	-1	116	117	118	-1	120	121	122	-1	-1	125	-1	-1	128	-1	-1	-1	132	-1	134	-1	136	-1	-1	139	140	141	142	-1	144	-1	-1	-1	148	149	150	-1	152	-1	-1	-1	156	-1	158	-1	160	-1	-1	163	164	-1	166	-1	168	-1	170	-1	-1	173	174	175	-1	177	-1	-1	-1	-1
# Right
138	39	18	5	-1	7	-1	11	10	-1	-1	13	-1	15	-1	17	-1	-1	20	-1	28	23	-1	25	-1	27	-1	-1	38	33	32	-1	-1	37	36	-1	-1	-1	-1	115	114	51	50	45	-1	47	-1	49	-1	-1	-1	95	68	61	60	57	-1	59	-1	-1	-1	63	-1	67	66	-1	-1	-1	92	89	76	75	74	-1	-1	-1	80	79	-1	-1	88	87	84	-1	86	-1	-1	-1	-1	91	-1	-1	94	-1	-1	103	102	99	-1	101	-1	-1	-1	113	112	109	108	-1	-1	111	-1	-1	-1	-1	-1	131	130	119	-1	127	124	123	-1	-1	126	-1	-1	129	-1	-1	-1	133	-1	135	-1	137	-1	-1	162	147	146	143	-1	145	-1	-1	-1	155	154	151	-1	153	-1	-1	-1	157	-1	159	-1	161	-1	-1	172	165	-1	167	-1	169	-1	171	-1	-1	180	179	176	-1	178	-1	-1	-1	-1
# Threshold
1494.5	203.5	35.5	3.072914958000183	-2.0	3.9700000286102295	-2.0	10.0	482.5	-2.0	-2.0	0.0468290988355875	-2.0	1756.5	-2.0	199.5	-2.0	-2.0	0.06201170012354851	-2.0	4.403329849243164	1.0	-2.0	0.10018590092658997	-2.0	54.5	-2.0	-2.0	5102.0	0.08103394880890846	170.0	-2.0	-2.0	0.21954649686813354	28.0	-2.0	-2.0	-2.0	-2.0	8318270.0	335.0	6.5	4338.5	779.5	-2.0	2528.0	-2.0	3348.0	-2.0	-2.0	-2.0	45281.5	20.0	978.5	0.7251240015029907	3227.5	-2.0	3936.0	-2.0	-2.0	-2.0	0.0021000199485570192	-2.0	0.003523894934915006	7.5	-2.0	-2.0	-2.0	1366.0	102.42399978637695	227.0	32.5	31.5	-2.0	-2.0	-2.0	230.5	9832.5	-2.0	-2.0	0.0014266700018197298	0.0013804450281895697	944.5	-2.0	105043.0	-2.0	-2.0	-2.0	-2.0	346.5	-2.0	-2.0	1411.5	-2.0	-2.0	9.154170036315918	6460295.0	1069750.0	-2.0	1266110.0	-2.0	-2.0	-2.0	3360565.0	18.319049835205078	111388.5	15.350749969482422	-2.0	-2.0	387248.0	-2.0	-2.0	-2.0	-2.0	-2.0	19364700.0	17034800.0	536.0	-2.0	410.0	8410.5	23.0	-2.0	-2.0	1.5	-2.0	-2.0	4.5	-2.0	-2.0	-2.0	36.318899154663086	-2.0	0.00014319459933176404	-2.0	226844.5	-2.0	-2.0	3.5	28890.0	2253.5	60082.0	-2.0	0.00035256850242149085	-2.0	-2.0	-2.0	77.1588020324707	1.948930002981797e-05	1.5	-2.0	101068.5	-2.0	-2.0	-2.0	81.91495132446289	-2.0	7.5	-2.0	1413.2100219726562	-2.0	-2.0	100.56435012817383	3.9022200107574463	-2.0	2207.0	-2.0	9675.5	-2.0	4.62456488609314	-2.0	-2.0	6506.5	24.0	63369.5	-2.0	53702.5	-2.0	-2.0	-2.0	-2.0
# Feature
5	1	8	3	-2	3	-2	8	2	-2	-2	4	-2	2	-2	1	-2	-2	4	-2	7	9	-2	4	-2	0	-2	-2	2	4	8	-2	-2	4	9	-2	-2	-2	-2	2	9	8	2	2	-2	1	-2	0	-2	-2	-2	8	8	0	7	2	-2	2	-2	-2	-2	4	-2	4	5	-2	-2	-2	5	7	5	8	8	-2	-2	-2	5	1	-2	-2	4	4	5	-2	2	-2	-2	-2	-2	5	-2	-2	5	-2	-2	7	2	1	-2	0	-2	-2	-2	2	7	8	7	-2	-2	8	-2	-2	-2	-2	-2	2	2	8	-2	5	8	9	-2	-2	6	-2	-2	6	-2	-2	-2	7	-2	4	-2	0	-2	-2	9	8	5	2	-2	4	-2	-2	-2	3	4	9	-2	5	-2	-2	-2	3	-2	6	-2	7	-2	-2	7	3	-2	5	-2	5	-2	3	-2	-2	5	9	0	-2	8	-2	-2	-2	-2
# Values
147.0	1431.0	76.0	0.0	1.0	29.0
38.0	1325.0	76.0	0.0	0.0	25.0
0.0	60.0	54.0	0.0	0.0	0.0
0.0	11.0	37.0	0.0	0.0	0.0
0.0	0.0	16.0	0.0	0.0	0.0
0.0	11.0	21.0	0.0	0.0	0.0
0.0	7.0	0.0	0.0	0.0	0.0
0.0	4.0	21.0	0.0	0.0	0.0
0.0	2.0	2.0	0.0	0.0	0.0
0.0	2.0	0.0	0.0	0.0	0.0
0.0	0.0	2.0	0.0	0.0	0.0
0.0	2.0	19.0	0.0	0.0	0.0
0.0	1.0	0.0	0.0	0.0	0.0
0.0	1.0	19.0	0.0	0.0	0.0
0.0	0.0	16.0	0.0	0.0	0.0
0.0	1.0	3.0	0.0	0.0	0.0
0.0	1.0	0.0	0.0	0.0	0.0
0.0	0.0	3.0	0.0	0.0	0.0
0.0	49.0	17.0	0.0	0.0	0.0
0.0	34.0	0.0	0.0	0.0	0.0
0.0	15.0	17.0	0.0	0.0	0.0
0.0	2.0	11.0	0.0	0.0	0.0
0.0	1.0	0.0	0.0	0.0	0.0
0.0	1.0	11.0	0.0	0.0	0.0
0.0	0.0	8.0	0.0	0.0	0.0
0.0	1.0	3.0	0.0	0.0	0.0
0.0	0.0	3.0	0.0	0.0	0.0
0.0	1.0	0.0	0.0	0.0	0.0
0.0	13.0	6.0	0.0	0.0	0.0
0.0	13.0	4.0	0.0	0.0	0.0
0.0	1.0	2.0	0.0	0.0	0.0
0.0	0.0	2.0	0.0	0.0	0.0
0.0	1.0	0.0	0.0	0.0	0.0
0.0	12.0	2.0	0.0	0.0	0.0
0.0	12.0	1.0	0.0	0.0	0.0
0.0	12.0	0.0	0.0	0.0	0.0
0.0	0.0	1.0	0.0	0.0	0.0
0.0	0.0	1.0	0.0	0.0	0.0
0.0	0.0	2.0	0.0	0.0	0.0
38.0	1265.0	22.0	0.0	0.0	25.0
30.0	1190.0	17.0	0.0	0.0	2.0
26.0	1190.0	17.0	0.0	0.0	2.0
0.0	11.0	8.0	0.0	0.0	0.0
0.0	5.0	8.0	0.0	0.0	0.0
0.0	3.0	0.0	0.0	0.0	0.0
0.0	2.0	8.0	0.0	0.0	0.0
0.0	0.0	6.0	0.0	0.0	0.0
0.0	2.0	2.0	0.0	0.0	0.0
0.0	2.0	0.0	0.0	0.0	0.0
0.0	0.0	2.0	0.0	0.0	0.0
0.0	6.0	0.0	0.0	0.0	0.0
26.0	1179.0	9.0	0.0	0.0	2.0
7.0	1084.0	9.0	0.0	0.0	0.0
0.0	48.0	8.0	0.0	0.0	0.0
0.0	6.0	6.0	0.0	0.0	0.0
0.0	6.0	1.0	0.0	0.0	0.0
0.0	5.0	0.0	0.0	0.0	0.0
0.0	1.0	1.0	0.0	0.0	0.0
0.0	0.0	1.0	0.0	0.0	0.0
0.0	1.0	0.0	0.0	0.0	0.0
0.0	0.0	5.0	0.0	0.0	0.0
0.0	42.0	2.0	0.0	0.0	0.0
0.0	35.0	0.0	0.0	0.0	0.0
0.0	7.0	2.0	0.0	0.0	0.0
0.0	1.0	2.0	0.0	0.0	0.0
0.0	0.0	1.0	0.0	0.0	0.0
0.0	1.0	1.0	0.0	0.0	0.0
0.0	6.0	0.0	0.0	0.0	0.0
7.0	1036.0	1.0	0.0	0.0	0.0
5.0	1027.0	1.0	0.0	0.0	0.0
4.0	1022.0	1.0	0.0	0.0	0.0
0.0	828.0	1.0	0.0	0.0	0.0
0.0	18.0	1.0	0.0	0.0	0.0
0.0	18.0	0.0	0.0	0.0	0.0
0.0	0.0	1.0	0.0	0.0	0.0
0.0	810.0	0.0	0.0	0.0	0.0
4.0	194.0	0.0	0.0	0.0	0.0
2.0	3.0	0.0	0.0	0.0	0.0
0.0	3.0	0.0	0.0	0.0	0.0
2.0	0.0	0.0	0.0	0.0	0.0
2.0	191.0	0.0	0.0	0.0	0.0
2.0	34.0	0.0	0.0	0.0	0.0
1.0	34.0	0.0	0.0	0.0	0.0
0.0	26.0	0.0	0.0	0.0	0.0
1.0	8.0	0.0	0.0	0.0	0.0
0.0	8.0	0.0	0.0	0.0	0.0
1.0	0.0	0.0	0.0	0.0	0.0
1.0	0.0	0.0	0.0	0.0	0.0
0.0	157.0	0.0	0.0	0.0	0.0
1.0	5.0	0.0	0.0	0.0	0.0
1.0	0.0	0.0	0.0	0.0	0.0
0.0	5.0	0.0	0.0	0.0	0.0
2.0	9.0	0.0	0.0	0.0	0.0
2.0	0.0	0.0	0.0	0.0	0.0
0.0	9.0	0.0	0.0	0.0	0.0
19.0	95.0	0.0	0.0	0.0	2.0
1.0	78.0	0.0	0.0	0.0	2.0
1.0	78.0	0.0	0.0	0.0	0.0
0.0	70.0	0.0	0.0	0.0	0.0
1.0	8.0	0.0	0.0	0.0	0.0
1.0	0.0	0.0	0.0	0.0	0.0
0.0	8.0	0.0	0.0	0.0	0.0
0.0	0.0	0.0	0.0	0.0	2.0
18.0	17.0	0.0	0.0	0.0	0.0
18.0	5.0	0.0	0.0	0.0	0.0
7.0	5.0	0.0	0.0	0.0	0.0
1.0	4.0	0.0	0.0	0.0	0.0
0.0	4.0	0.0	0.0	0.0	0.0
1.0	0.0	0.0	0.0	0.0	0.0
6.0	1.0	0.0	0.0	0.0	0.0
6.0	0.0	0.0	0.0	0.0	0.0
0.0	1.0	0.0	0.0	0.0	0.0
11.0	0.0	0.0	0.0	0.0	0.0
0.0	12.0	0.0	0.0	0.0	0.0
4.0	0.0	0.0	0.0	0.0	0.0
8.0	75.0	5.0	0.0	0.0	23.0
4.0	17.0	5.0	0.0	0.0	22.0
4.0	17.0	5.0	0.0	0.0	7.0
0.0	0.0	5.0	0.0	0.0	0.0
4.0	17.0	0.0	0.0	0.0	7.0
1.0	17.0	0.0	0.0	0.0	3.0
0.0	1.0	0.0	0.0	0.0	3.0
0.0	0.0	0.0	0.0	0.0	3.0
0.0	1.0	0.0	0.0	0.0	0.0
1.0	16.0	0.0	0.0	0.0	0.0
1.0	0.0	0.0	0.0	0.0	0.0
0.0	16.0	0.0	0.0	0.0	0.0
3.0	0.0	0.0	0.0	0.0	4.0
3.0	0.0	0.0	0.0	0.0	0.0
0.0	0.0	0.0	0.0	0.0	4.0
0.0	0.0	0.0	0.0	0.0	15.0
4.0	58.0	0.0	0.0	0.0	1.0
0.0	56.0	0.0	0.0	0.0	0.0
4.0	2.0	0.0	0.0	0.0	1.0
4.0	0.0	0.0	0.0	0.0	0.0
0.0	2.0	0.0	0.0	0.0	1.0
0.0	0.0	0.0	0.0	0.0	1.0
0.0	2.0	0.0	0.0	0.0	0.0
109.0	106.0	0.0	0.0	1.0	4.0
92.0	39.0	0.0	0.0	1.0	3.0
11.0	26.0	0.0	0.0	0.0	0.0
11.0	5.0	0.0	0.0	0.0	0.0
0.0	3.0	0.0	0.0	0.0	0.0
11.0	2.0	0.0	0.0	0.0	0.0
0.0	2.0	0.0	0.0	0.0	0.0
11.0	0.0	0.0	0.0	0.0	0.0
0.0	21.0	0.0	0.0	0.0	0.0
81.0	13.0	0.0	0.0	1.0	3.0
79.0	5.0	0.0	0.0	0.0	0.0
23.0	5.0	0.0	0.0	0.0	0.0
20.0	0.0	0.0	0.0	0.0	0.0
3.0	5.0	0.0	0.0	0.0	0.0
0.0	5.0	0.0	0.0	0.0	0.0
3.0	0.0	0.0	0.0	0.0	0.0
56.0	0.0	0.0	0.0	0.0	0.0
2.0	8.0	0.0	0.0	1.0	3.0
0.0	0.0	0.0	0.0	0.0	3.0
2.0	8.0	0.0	0.0	1.0	0.0
0.0	8.0	0.0	0.0	0.0	0.0
2.0	0.0	0.0	0.0	1.0	0.0
2.0	0.0	0.0	0.0	0.0	0.0
0.0	0.0	0.0	0.0	1.0	0.0
17.0	67.0	0.0	0.0	0.0	1.0
3.0	63.0	0.0	0.0	0.0	0.0
1.0	0.0	0.0	0.0	0.0	0.0
2.0	63.0	0.0	0.0	0.0	0.0
1.0	0.0	0.0	0.0	0.0	0.0
1.0	63.0	0.0	0.0	0.0	0.0
0.0	61.0	0.0	0.0	0.0	0.0
1.0	2.0	0.0	0.0	0.0	0.0
1.0	0.0	0.0	0.0	0.0	0.0
0.0	2.0	0.0	0.0	0.0	0.0
14.0	4.0	0.0	0.0	0.0	1.0
4.0	4.0	0.0	0.0	0.0	1.0
4.0	1.0	0.0	0.0	0.0	1.0
4.0	0.0	0.0	0.0	0.0	0.0
0.0	1.0	0.0	0.0	0.0	1.0
0.0	1.0	0.0	0.0	0.0	0.0
0.0	0.0	0.0	0.0	0.0	1.0
0.0	3.0	0.0	0.0	0.0	0.0
10.0	0.0	0.0	0.0	0.0	0.0
