# Sizes (NFeatures, Nclasses, NodeCount, MaxDepth)
10	6	189	12
# Classes
0.0	1.0	2.0	3.0	4.0	5.0
# Feature Names
Nrows	Ncols	Nnnz	AvgNnnz	Density	MaxRowNnnz	MinRowNnnz	StdRowNnnz	NDiags	NTrueDiags
# Left
1	2	3	4	5	6	7	8	-1	10	11	12	-1	-1	-1	16	-1	18	-1	20	-1	-1	23	-1	-1	-1	-1	-1	29	-1	31	32	-1	-1	35	-1	37	-1	-1	40	41	42	43	-1	45	-1	47	-1	-1	50	-1	52	-1	-1	55	56	57	58	59	60	61	-1	-1	64	-1	-1	-1	68	-1	70	71	-1	73	-1	-1	-1	-1	78	79	80	81	82	-1	-1	-1	86	-1	-1	89	-1	91	-1	93	-1	-1	96	-1	-1	99	100	-1	102	-1	104	-1	-1	107	108	109	110	-1	-1	-1	-1	-1	116	117	118	-1	120	-1	122	-1	-1	125	126	127	-1	-1	130	-1	-1	133	-1	135	-1	-1	138	-1	140	141	-1	143	-1	-1	-1	147	148	149	-1	-1	152	153	154	155	-1	157	158	159	-1	-1	-1	163	-1	-1	166	167	-1	-1	-1	171	-1	173	-1	175	176	-1	-1	-1	180	-1	-1	183	-1	185	186	-1	-1	-1
# Right
146	39	28	27	26	25	22	9	-1	15	14	13	-1	-1	-1	17	-1	19	-1	21	-1	-1	24	-1	-1	-1	-1	-1	30	-1	34	33	-1	-1	36	-1	38	-1	-1	115	54	49	44	-1	46	-1	48	-1	-1	51	-1	53	-1	-1	98	77	76	67	66	63	62	-1	-1	65	-1	-1	-1	69	-1	75	72	-1	74	-1	-1	-1	-1	95	88	85	84	83	-1	-1	-1	87	-1	-1	90	-1	92	-1	94	-1	-1	97	-1	-1	106	101	-1	103	-1	105	-1	-1	114	113	112	111	-1	-1	-1	-1	-1	137	124	119	-1	121	-1	123	-1	-1	132	129	128	-1	-1	131	-1	-1	134	-1	136	-1	-1	139	-1	145	142	-1	144	-1	-1	-1	182	151	150	-1	-1	179	170	165	156	-1	162	161	160	-1	-1	-1	164	-1	-1	169	168	-1	-1	-1	172	-1	174	-1	178	177	-1	-1	-1	181	-1	-1	184	-1	188	187	-1	-1	-1
# Threshold
1370.0	204.5	70.5	13.5	7.818419933319092	3.5	2.5	0.5	-2.0	2.477090001106262	2.0	89.0	-2.0	-2.0	-2.0	17.5	-2.0	33.5	-2.0	55.5	-2.0	-2.0	0.16797950118780136	-2.0	-2.0	-2.0	-2.0	-2.0	5.5	-2.0	113.5	545.5	-2.0	-2.0	0.10448640212416649	-2.0	51.39335060119629	-2.0	-2.0	6460295.0	6.5	4188.0	651.0	-2.0	2528.0	-2.0	3348.0	-2.0	-2.0	4.898334980010986	-2.0	0.0008933985081966966	-2.0	-2.0	52345.0	27.5	2603.5	8239.0	5.820000171661377	4.8632800579071045	7.5	-2.0	-2.0	7.0	-2.0	-2.0	-2.0	7.5	-2.0	24.0	600.0	-2.0	10.72133994102478	-2.0	-2.0	-2.0	-2.0	153.5	34.17514991760254	25080.0	1583.5	1464.0	-2.0	-2.0	-2.0	25353.5	-2.0	-2.0	34.80220031738281	-2.0	45281.5	-2.0	48910.0	-2.0	-2.0	35238.0	-2.0	-2.0	8.882544994354248	1.9065750241279602	-2.0	1069750.0	-2.0	1266110.0	-2.0	-2.0	4.5	1226.0	0.5	385715.5	-2.0	-2.0	-2.0	-2.0	-2.0	18841350.0	210153.0	452.0	-2.0	0.01105075003579259	-2.0	371.5	-2.0	-2.0	1138310.0	8.595564842224121	44.16670036315918	-2.0	-2.0	59.30629920959473	-2.0	-2.0	7.5	-2.0	1.5	-2.0	-2.0	2377.5	-2.0	248.49185180664062	37.70409965515137	-2.0	762381.0	-2.0	-2.0	-2.0	7.0	9028.0	71.88779830932617	-2.0	-2.0	735.9455108642578	8.31003475189209	7.678099870681763	29095.5	-2.0	2.5	3.945525050163269	3.8690550327301025	-2.0	-2.0	-2.0	4.3432698249816895	-2.0	-2.0	334.64149475097656	113325.0	-2.0	-2.0	-2.0	16.67745018005371	-2.0	73.04439926147461	-2.0	0.009496684477198869	566.8730010986328	-2.0	-2.0	-2.0	120411.5	-2.0	-2.0	97.61444854736328	-2.0	6619.0	1574.0	-2.0	-2.0	-2.0
# Feature
5	0	8	5	3	6	6	6	-2	3	5	2	-2	-2	-2	8	-2	8	-2	8	-2	-2	7	-2	-2	-2	-2	-2	9	-2	8	2	-2	-2	4	-2	3	-2	-2	2	8	2	2	-2	0	-2	2	-2	-2	3	-2	4	-2	-2	8	8	1	2	3	3	5	-2	-2	5	-2	-2	-2	5	-2	8	1	-2	3	-2	-2	-2	-2	9	7	8	2	2	-2	-2	-2	8	-2	-2	7	-2	8	-2	8	-2	-2	0	-2	-2	7	3	-2	0	-2	0	-2	-2	9	5	6	2	-2	-2	-2	-2	-2	2	1	5	-2	4	-2	9	-2	-2	1	7	3	-2	-2	3	-2	-2	5	-2	9	-2	-2	8	-2	3	7	-2	0	-2	-2	-2	9	0	7	-2	-2	3	3	3	8	-2	6	3	3	-2	-2	-2	3	-2	-2	7	2	-2	-2	-2	7	-2	3	-2	4	7	-2	-2	-2	8	-2	-2	7	-2	5	5	-2	-2	-2
# Values
158.0	1418.0	71.0	1.0	1.0	35.0
33.0	1330.0	71.0	1.0	0.0	34.0
0.0	57.0	48.0	0.0	0.0	0.0
0.0	24.0	39.0	0.0	0.0	0.0
0.0	24.0	26.0	0.0	0.0	0.0
0.0	19.0	26.0	0.0	0.0	0.0
0.0	19.0	16.0	0.0	0.0	0.0
0.0	10.0	15.0	0.0	0.0	0.0
0.0	0.0	5.0	0.0	0.0	0.0
0.0	10.0	10.0	0.0	0.0	0.0
0.0	1.0	6.0	0.0	0.0	0.0
0.0	1.0	2.0	0.0	0.0	0.0
0.0	1.0	0.0	0.0	0.0	0.0
0.0	0.0	2.0	0.0	0.0	0.0
0.0	0.0	4.0	0.0	0.0	0.0
0.0	9.0	4.0	0.0	0.0	0.0
0.0	6.0	0.0	0.0	0.0	0.0
0.0	3.0	4.0	0.0	0.0	0.0
0.0	0.0	3.0	0.0	0.0	0.0
0.0	3.0	1.0	0.0	0.0	0.0
0.0	3.0	0.0	0.0	0.0	0.0
0.0	0.0	1.0	0.0	0.0	0.0
0.0	9.0	1.0	0.0	0.0	0.0
0.0	0.0	1.0	0.0	0.0	0.0
0.0	9.0	0.0	0.0	0.0	0.0
0.0	0.0	10.0	0.0	0.0	0.0
0.0	5.0	0.0	0.0	0.0	0.0
0.0	0.0	13.0	0.0	0.0	0.0
0.0	33.0	9.0	0.0	0.0	0.0
0.0	24.0	0.0	0.0	0.0	0.0
0.0	9.0	9.0	0.0	0.0	0.0
0.0	5.0	1.0	0.0	0.0	0.0
0.0	2.0	1.0	0.0	0.0	0.0
0.0	3.0	0.0	0.0	0.0	0.0
0.0	4.0	8.0	0.0	0.0	0.0
0.0	0.0	5.0	0.0	0.0	0.0
0.0	4.0	3.0	0.0	0.0	0.0
0.0	4.0	0.0	0.0	0.0	0.0
0.0	0.0	3.0	0.0	0.0	0.0
33.0	1273.0	23.0	1.0	0.0	34.0
26.0	1191.0	19.0	1.0	0.0	0.0
0.0	10.0	11.0	0.0	0.0	0.0
0.0	2.0	9.0	0.0	0.0	0.0
0.0	1.0	0.0	0.0	0.0	0.0
0.0	1.0	9.0	0.0	0.0	0.0
0.0	0.0	8.0	0.0	0.0	0.0
0.0	1.0	1.0	0.0	0.0	0.0
0.0	1.0	0.0	0.0	0.0	0.0
0.0	0.0	1.0	0.0	0.0	0.0
0.0	8.0	2.0	0.0	0.0	0.0
0.0	7.0	0.0	0.0	0.0	0.0
0.0	1.0	2.0	0.0	0.0	0.0
0.0	1.0	0.0	0.0	0.0	0.0
0.0	0.0	2.0	0.0	0.0	0.0
26.0	1181.0	8.0	1.0	0.0	0.0
6.0	1107.0	8.0	1.0	0.0	0.0
0.0	61.0	8.0	0.0	0.0	0.0
0.0	21.0	8.0	0.0	0.0	0.0
0.0	17.0	3.0	0.0	0.0	0.0
0.0	10.0	3.0	0.0	0.0	0.0
0.0	9.0	1.0	0.0	0.0	0.0
0.0	7.0	0.0	0.0	0.0	0.0
0.0	2.0	1.0	0.0	0.0	0.0
0.0	1.0	2.0	0.0	0.0	0.0
0.0	0.0	1.0	0.0	0.0	0.0
0.0	1.0	1.0	0.0	0.0	0.0
0.0	7.0	0.0	0.0	0.0	0.0
0.0	4.0	5.0	0.0	0.0	0.0
0.0	0.0	2.0	0.0	0.0	0.0
0.0	4.0	3.0	0.0	0.0	0.0
0.0	4.0	2.0	0.0	0.0	0.0
0.0	0.0	1.0	0.0	0.0	0.0
0.0	4.0	1.0	0.0	0.0	0.0
0.0	2.0	1.0	0.0	0.0	0.0
0.0	2.0	0.0	0.0	0.0	0.0
0.0	0.0	1.0	0.0	0.0	0.0
0.0	40.0	0.0	0.0	0.0	0.0
6.0	1046.0	0.0	1.0	0.0	0.0
4.0	1041.0	0.0	1.0	0.0	0.0
2.0	1006.0	0.0	1.0	0.0	0.0
0.0	934.0	0.0	1.0	0.0	0.0
0.0	60.0	0.0	1.0	0.0	0.0
0.0	17.0	0.0	0.0	0.0	0.0
0.0	43.0	0.0	1.0	0.0	0.0
0.0	874.0	0.0	0.0	0.0	0.0
2.0	72.0	0.0	0.0	0.0	0.0
2.0	0.0	0.0	0.0	0.0	0.0
0.0	72.0	0.0	0.0	0.0	0.0
2.0	35.0	0.0	0.0	0.0	0.0
1.0	0.0	0.0	0.0	0.0	0.0
1.0	35.0	0.0	0.0	0.0	0.0
0.0	33.0	0.0	0.0	0.0	0.0
1.0	2.0	0.0	0.0	0.0	0.0
1.0	0.0	0.0	0.0	0.0	0.0
0.0	2.0	0.0	0.0	0.0	0.0
2.0	5.0	0.0	0.0	0.0	0.0
0.0	5.0	0.0	0.0	0.0	0.0
2.0	0.0	0.0	0.0	0.0	0.0
20.0	74.0	0.0	0.0	0.0	0.0
2.0	65.0	0.0	0.0	0.0	0.0
1.0	0.0	0.0	0.0	0.0	0.0
1.0	65.0	0.0	0.0	0.0	0.0
0.0	63.0	0.0	0.0	0.0	0.0
1.0	2.0	0.0	0.0	0.0	0.0
1.0	0.0	0.0	0.0	0.0	0.0
0.0	2.0	0.0	0.0	0.0	0.0
18.0	9.0	0.0	0.0	0.0	0.0
18.0	3.0	0.0	0.0	0.0	0.0
18.0	1.0	0.0	0.0	0.0	0.0
2.0	1.0	0.0	0.0	0.0	0.0
0.0	1.0	0.0	0.0	0.0	0.0
2.0	0.0	0.0	0.0	0.0	0.0
16.0	0.0	0.0	0.0	0.0	0.0
0.0	2.0	0.0	0.0	0.0	0.0
0.0	6.0	0.0	0.0	0.0	0.0
7.0	82.0	4.0	0.0	0.0	34.0
5.0	25.0	4.0	0.0	0.0	28.0
1.0	18.0	0.0	0.0	0.0	3.0
0.0	17.0	0.0	0.0	0.0	0.0
1.0	1.0	0.0	0.0	0.0	3.0
0.0	0.0	0.0	0.0	0.0	3.0
1.0	1.0	0.0	0.0	0.0	0.0
0.0	1.0	0.0	0.0	0.0	0.0
1.0	0.0	0.0	0.0	0.0	0.0
4.0	7.0	4.0	0.0	0.0	25.0
0.0	3.0	0.0	0.0	0.0	25.0
0.0	1.0	0.0	0.0	0.0	23.0
0.0	0.0	0.0	0.0	0.0	23.0
0.0	1.0	0.0	0.0	0.0	0.0
0.0	2.0	0.0	0.0	0.0	2.0
0.0	2.0	0.0	0.0	0.0	0.0
0.0	0.0	0.0	0.0	0.0	2.0
4.0	4.0	4.0	0.0	0.0	0.0
0.0	0.0	4.0	0.0	0.0	0.0
4.0	4.0	0.0	0.0	0.0	0.0
4.0	0.0	0.0	0.0	0.0	0.0
0.0	4.0	0.0	0.0	0.0	0.0
2.0	57.0	0.0	0.0	0.0	6.0
0.0	0.0	0.0	0.0	0.0	3.0
2.0	57.0	0.0	0.0	0.0	3.0
2.0	57.0	0.0	0.0	0.0	0.0
0.0	54.0	0.0	0.0	0.0	0.0
2.0	3.0	0.0	0.0	0.0	0.0
0.0	3.0	0.0	0.0	0.0	0.0
2.0	0.0	0.0	0.0	0.0	0.0
0.0	0.0	0.0	0.0	0.0	3.0
125.0	88.0	0.0	0.0	1.0	1.0
112.0	33.0	0.0	0.0	1.0	1.0
2.0	16.0	0.0	0.0	0.0	0.0
0.0	16.0	0.0	0.0	0.0	0.0
2.0	0.0	0.0	0.0	0.0	0.0
110.0	17.0	0.0	0.0	1.0	1.0
110.0	15.0	0.0	0.0	0.0	1.0
56.0	13.0	0.0	0.0	0.0	0.0
53.0	5.0	0.0	0.0	0.0	0.0
0.0	3.0	0.0	0.0	0.0	0.0
53.0	2.0	0.0	0.0	0.0	0.0
52.0	1.0	0.0	0.0	0.0	0.0
8.0	1.0	0.0	0.0	0.0	0.0
8.0	0.0	0.0	0.0	0.0	0.0
0.0	1.0	0.0	0.0	0.0	0.0
44.0	0.0	0.0	0.0	0.0	0.0
1.0	1.0	0.0	0.0	0.0	0.0
1.0	0.0	0.0	0.0	0.0	0.0
0.0	1.0	0.0	0.0	0.0	0.0
3.0	8.0	0.0	0.0	0.0	0.0
1.0	8.0	0.0	0.0	0.0	0.0
1.0	0.0	0.0	0.0	0.0	0.0
0.0	8.0	0.0	0.0	0.0	0.0
2.0	0.0	0.0	0.0	0.0	0.0
54.0	2.0	0.0	0.0	0.0	1.0
0.0	1.0	0.0	0.0	0.0	0.0
54.0	1.0	0.0	0.0	0.0	1.0
52.0	0.0	0.0	0.0	0.0	0.0
2.0	1.0	0.0	0.0	0.0	1.0
0.0	1.0	0.0	0.0	0.0	1.0
0.0	0.0	0.0	0.0	0.0	1.0
0.0	1.0	0.0	0.0	0.0	0.0
2.0	0.0	0.0	0.0	0.0	0.0
0.0	2.0	0.0	0.0	1.0	0.0
0.0	2.0	0.0	0.0	0.0	0.0
0.0	0.0	0.0	0.0	1.0	0.0
13.0	55.0	0.0	0.0	0.0	0.0
0.0	49.0	0.0	0.0	0.0	0.0
13.0	6.0	0.0	0.0	0.0	0.0
2.0	6.0	0.0	0.0	0.0	0.0
2.0	0.0	0.0	0.0	0.0	0.0
0.0	6.0	0.0	0.0	0.0	0.0
11.0	0.0	0.0	0.0	0.0	0.0
