# Sizes (NFeatures, Nclasses, NodeCount, MaxDepth)
10	6	161	13
# Classes
0.0	1.0	2.0	3.0	4.0	5.0
# Feature Names
Nrows	Ncols	Nnnz	AvgNnnz	Density	MaxRowNnnz	MinRowNnnz	StdRowNnnz	NDiags	NTrueDiags
# Left
1	2	3	4	5	-1	7	-1	9	-1	-1	12	13	14	-1	16	-1	-1	19	-1	-1	22	23	-1	-1	-1	27	28	29	30	31	32	33	34	-1	-1	-1	38	-1	40	-1	42	43	-1	-1	-1	-1	48	-1	-1	-1	-1	-1	54	55	56	-1	-1	59	60	61	62	63	-1	65	-1	-1	68	69	-1	-1	-1	73	-1	75	-1	77	-1	79	-1	81	-1	83	-1	-1	86	-1	-1	89	-1	91	-1	93	-1	-1	96	97	98	-1	-1	-1	102	103	-1	105	106	107	-1	-1	110	111	-1	-1	-1	115	-1	117	-1	-1	120	-1	-1	123	124	125	126	-1	128	129	-1	-1	132	133	-1	-1	-1	137	-1	-1	140	141	-1	-1	-1	145	146	-1	148	-1	150	151	-1	-1	-1	155	-1	157	158	-1	-1	-1
# Right
122	53	26	11	6	-1	8	-1	10	-1	-1	21	18	15	-1	17	-1	-1	20	-1	-1	25	24	-1	-1	-1	52	51	50	47	46	37	36	35	-1	-1	-1	39	-1	41	-1	45	44	-1	-1	-1	-1	49	-1	-1	-1	-1	-1	95	58	57	-1	-1	88	85	72	67	64	-1	66	-1	-1	71	70	-1	-1	-1	74	-1	76	-1	78	-1	80	-1	82	-1	84	-1	-1	87	-1	-1	90	-1	92	-1	94	-1	-1	101	100	99	-1	-1	-1	119	104	-1	114	109	108	-1	-1	113	112	-1	-1	-1	116	-1	118	-1	-1	121	-1	-1	144	139	136	127	-1	131	130	-1	-1	135	134	-1	-1	-1	138	-1	-1	143	142	-1	-1	-1	154	147	-1	149	-1	153	152	-1	-1	-1	156	-1	160	159	-1	-1	-1
# Threshold
1481.0	56.5	2376.5	4.5	54.0	-2.0	72.5	-2.0	0.5	-2.0	-2.0	1027.5	1.2772549986839294	106.0	-2.0	5.725244998931885	-2.0	-2.0	1.8061500191688538	-2.0	-2.0	48.0	2.085129976272583	-2.0	-2.0	-2.0	5282650.0	17404.0	13393.5	7.0	1.943120002746582	2.0	3581.0	0.004510055063292384	-2.0	-2.0	-2.0	3.996999979019165	-2.0	0.3924499899148941	-2.0	0.613013505935669	5.8090901374816895	-2.0	-2.0	-2.0	-2.0	1.240964949131012	-2.0	-2.0	-2.0	-2.0	-2.0	6429430.0	69.5	4.406234979629517	-2.0	-2.0	40.674400329589844	0.13463299721479416	24925.0	105.5	21.0	-2.0	88.5	-2.0	-2.0	1586.5	1522.0	-2.0	-2.0	-2.0	25280.0	-2.0	1.9324750304222107	-2.0	233.5	-2.0	340421.5	-2.0	265581.5	-2.0	1.0	-2.0	-2.0	95.0	-2.0	-2.0	21.476099967956543	-2.0	210.0	-2.0	190.5634994506836	-2.0	-2.0	8373.0	374749.5	7583.0	-2.0	-2.0	-2.0	92.34550094604492	6641310.0	-2.0	516.5	7739730.0	18.0	-2.0	-2.0	1.5	21794350.0	-2.0	-2.0	-2.0	3.476055007922696e-05	-2.0	14538350.0	-2.0	-2.0	0.003777071979129687	-2.0	-2.0	3.5	0.001154509955085814	49.748050689697266	1551.0	-2.0	24724.5	31547.5	-2.0	-2.0	2.6543249305177596e-06	68.70450019836426	-2.0	-2.0	-2.0	1294771.5	-2.0	-2.0	2.5	26818450.0	-2.0	-2.0	-2.0	100.56435012817383	2207.0	-2.0	3.9022200107574463	-2.0	0.00010206129809375852	51.97884941101074	-2.0	-2.0	-2.0	3.5	-2.0	110897.0	31411.0	-2.0	-2.0	-2.0
# Feature
5	8	2	9	1	-2	1	-2	6	-2	-2	2	7	1	-2	3	-2	-2	7	-2	-2	8	7	-2	-2	-2	2	2	2	6	7	6	1	4	-2	-2	-2	3	-2	7	-2	7	3	-2	-2	-2	-2	7	-2	-2	-2	-2	-2	2	1	7	-2	-2	7	4	8	0	5	-2	0	-2	-2	2	2	-2	-2	-2	8	-2	3	-2	5	-2	2	-2	8	-2	9	-2	-2	5	-2	-2	3	-2	5	-2	3	-2	-2	8	1	8	-2	-2	-2	7	2	-2	5	2	9	-2	-2	9	2	-2	-2	-2	4	-2	2	-2	-2	4	-2	-2	9	4	3	5	-2	8	1	-2	-2	4	7	-2	-2	-2	8	-2	-2	6	2	-2	-2	-2	7	5	-2	3	-2	4	7	-2	-2	-2	6	-2	1	8	-2	-2	-2
# Values
150.0	1425.0	69.0	3.0	0.0	37.0
30.0	1359.0	69.0	3.0	0.0	29.0
0.0	131.0	59.0	0.0	0.0	0.0
0.0	24.0	36.0	0.0	0.0	0.0
0.0	5.0	22.0	0.0	0.0	0.0
0.0	0.0	14.0	0.0	0.0	0.0
0.0	5.0	8.0	0.0	0.0	0.0
0.0	3.0	0.0	0.0	0.0	0.0
0.0	2.0	8.0	0.0	0.0	0.0
0.0	2.0	0.0	0.0	0.0	0.0
0.0	0.0	8.0	0.0	0.0	0.0
0.0	19.0	14.0	0.0	0.0	0.0
0.0	17.0	6.0	0.0	0.0	0.0
0.0	12.0	1.0	0.0	0.0	0.0
0.0	10.0	0.0	0.0	0.0	0.0
0.0	2.0	1.0	0.0	0.0	0.0
0.0	0.0	1.0	0.0	0.0	0.0
0.0	2.0	0.0	0.0	0.0	0.0
0.0	5.0	5.0	0.0	0.0	0.0
0.0	0.0	5.0	0.0	0.0	0.0
0.0	5.0	0.0	0.0	0.0	0.0
0.0	2.0	8.0	0.0	0.0	0.0
0.0	1.0	8.0	0.0	0.0	0.0
0.0	0.0	8.0	0.0	0.0	0.0
0.0	1.0	0.0	0.0	0.0	0.0
0.0	1.0	0.0	0.0	0.0	0.0
0.0	107.0	23.0	0.0	0.0	0.0
0.0	107.0	18.0	0.0	0.0	0.0
0.0	47.0	18.0	0.0	0.0	0.0
0.0	47.0	13.0	0.0	0.0	0.0
0.0	45.0	9.0	0.0	0.0	0.0
0.0	29.0	9.0	0.0	0.0	0.0
0.0	3.0	4.0	0.0	0.0	0.0
0.0	1.0	4.0	0.0	0.0	0.0
0.0	0.0	3.0	0.0	0.0	0.0
0.0	1.0	1.0	0.0	0.0	0.0
0.0	2.0	0.0	0.0	0.0	0.0
0.0	26.0	5.0	0.0	0.0	0.0
0.0	0.0	1.0	0.0	0.0	0.0
0.0	26.0	4.0	0.0	0.0	0.0
0.0	19.0	0.0	0.0	0.0	0.0
0.0	7.0	4.0	0.0	0.0	0.0
0.0	2.0	4.0	0.0	0.0	0.0
0.0	0.0	4.0	0.0	0.0	0.0
0.0	2.0	0.0	0.0	0.0	0.0
0.0	5.0	0.0	0.0	0.0	0.0
0.0	16.0	0.0	0.0	0.0	0.0
0.0	2.0	4.0	0.0	0.0	0.0
0.0	2.0	0.0	0.0	0.0	0.0
0.0	0.0	4.0	0.0	0.0	0.0
0.0	0.0	5.0	0.0	0.0	0.0
0.0	60.0	0.0	0.0	0.0	0.0
0.0	0.0	5.0	0.0	0.0	0.0
30.0	1228.0	10.0	3.0	0.0	29.0
22.0	1154.0	10.0	3.0	0.0	0.0
0.0	1.0	4.0	0.0	0.0	0.0
0.0	0.0	4.0	0.0	0.0	0.0
0.0	1.0	0.0	0.0	0.0	0.0
22.0	1153.0	6.0	3.0	0.0	0.0
11.0	1129.0	6.0	3.0	0.0	0.0
11.0	1124.0	2.0	3.0	0.0	0.0
0.0	965.0	2.0	3.0	0.0	0.0
0.0	8.0	2.0	0.0	0.0	0.0
0.0	7.0	0.0	0.0	0.0	0.0
0.0	1.0	2.0	0.0	0.0	0.0
0.0	1.0	0.0	0.0	0.0	0.0
0.0	0.0	2.0	0.0	0.0	0.0
0.0	957.0	0.0	3.0	0.0	0.0
0.0	96.0	0.0	3.0	0.0	0.0
0.0	52.0	0.0	0.0	0.0	0.0
0.0	44.0	0.0	3.0	0.0	0.0
0.0	861.0	0.0	0.0	0.0	0.0
11.0	159.0	0.0	0.0	0.0	0.0
4.0	0.0	0.0	0.0	0.0	0.0
7.0	159.0	0.0	0.0	0.0	0.0
3.0	0.0	0.0	0.0	0.0	0.0
4.0	159.0	0.0	0.0	0.0	0.0
0.0	142.0	0.0	0.0	0.0	0.0
4.0	17.0	0.0	0.0	0.0	0.0
2.0	0.0	0.0	0.0	0.0	0.0
2.0	17.0	0.0	0.0	0.0	0.0
0.0	14.0	0.0	0.0	0.0	0.0
2.0	3.0	0.0	0.0	0.0	0.0
0.0	3.0	0.0	0.0	0.0	0.0
2.0	0.0	0.0	0.0	0.0	0.0
0.0	5.0	4.0	0.0	0.0	0.0
0.0	5.0	0.0	0.0	0.0	0.0
0.0	0.0	4.0	0.0	0.0	0.0
11.0	24.0	0.0	0.0	0.0	0.0
5.0	0.0	0.0	0.0	0.0	0.0
6.0	24.0	0.0	0.0	0.0	0.0
4.0	0.0	0.0	0.0	0.0	0.0
2.0	24.0	0.0	0.0	0.0	0.0
0.0	24.0	0.0	0.0	0.0	0.0
2.0	0.0	0.0	0.0	0.0	0.0
8.0	74.0	0.0	0.0	0.0	29.0
0.0	5.0	0.0	0.0	0.0	21.0
0.0	5.0	0.0	0.0	0.0	1.0
0.0	5.0	0.0	0.0	0.0	0.0
0.0	0.0	0.0	0.0	0.0	1.0
0.0	0.0	0.0	0.0	0.0	20.0
8.0	69.0	0.0	0.0	0.0	8.0
4.0	69.0	0.0	0.0	0.0	5.0
0.0	0.0	0.0	0.0	0.0	2.0
4.0	69.0	0.0	0.0	0.0	3.0
1.0	64.0	0.0	0.0	0.0	2.0
0.0	4.0	0.0	0.0	0.0	2.0
0.0	0.0	0.0	0.0	0.0	2.0
0.0	4.0	0.0	0.0	0.0	0.0
1.0	60.0	0.0	0.0	0.0	0.0
1.0	11.0	0.0	0.0	0.0	0.0
1.0	0.0	0.0	0.0	0.0	0.0
0.0	11.0	0.0	0.0	0.0	0.0
0.0	49.0	0.0	0.0	0.0	0.0
3.0	5.0	0.0	0.0	0.0	1.0
3.0	0.0	0.0	0.0	0.0	0.0
0.0	5.0	0.0	0.0	0.0	1.0
0.0	0.0	0.0	0.0	0.0	1.0
0.0	5.0	0.0	0.0	0.0	0.0
4.0	0.0	0.0	0.0	0.0	3.0
0.0	0.0	0.0	0.0	0.0	3.0
4.0	0.0	0.0	0.0	0.0	0.0
120.0	66.0	0.0	0.0	0.0	8.0
98.0	18.0	0.0	0.0	0.0	6.0
89.0	6.0	0.0	0.0	0.0	2.0
89.0	4.0	0.0	0.0	0.0	0.0
0.0	1.0	0.0	0.0	0.0	0.0
89.0	3.0	0.0	0.0	0.0	0.0
9.0	2.0	0.0	0.0	0.0	0.0
9.0	0.0	0.0	0.0	0.0	0.0
0.0	2.0	0.0	0.0	0.0	0.0
80.0	1.0	0.0	0.0	0.0	0.0
9.0	1.0	0.0	0.0	0.0	0.0
0.0	1.0	0.0	0.0	0.0	0.0
9.0	0.0	0.0	0.0	0.0	0.0
71.0	0.0	0.0	0.0	0.0	0.0
0.0	2.0	0.0	0.0	0.0	2.0
0.0	0.0	0.0	0.0	0.0	2.0
0.0	2.0	0.0	0.0	0.0	0.0
9.0	12.0	0.0	0.0	0.0	4.0
0.0	12.0	0.0	0.0	0.0	4.0
0.0	12.0	0.0	0.0	0.0	0.0
0.0	0.0	0.0	0.0	0.0	4.0
9.0	0.0	0.0	0.0	0.0	0.0
22.0	48.0	0.0	0.0	0.0	2.0
3.0	46.0	0.0	0.0	0.0	0.0
1.0	0.0	0.0	0.0	0.0	0.0
2.0	46.0	0.0	0.0	0.0	0.0
1.0	0.0	0.0	0.0	0.0	0.0
1.0	46.0	0.0	0.0	0.0	0.0
1.0	2.0	0.0	0.0	0.0	0.0
0.0	2.0	0.0	0.0	0.0	0.0
1.0	0.0	0.0	0.0	0.0	0.0
0.0	44.0	0.0	0.0	0.0	0.0
19.0	2.0	0.0	0.0	0.0	2.0
17.0	0.0	0.0	0.0	0.0	0.0
2.0	2.0	0.0	0.0	0.0	2.0
2.0	2.0	0.0	0.0	0.0	0.0
0.0	2.0	0.0	0.0	0.0	0.0
2.0	0.0	0.0	0.0	0.0	0.0
0.0	0.0	0.0	0.0	0.0	2.0
