# Sizes (NFeatures, Nclasses, NodeCount, MaxDepth)
10	6	195	13
# Classes
0.0	1.0	2.0	3.0	4.0	5.0
# Feature Names
Nrows	Ncols	Nnnz	AvgNnnz	Density	MaxRowNnnz	MinRowNnnz	StdRowNnnz	NDiags	NTrueDiags
# Left
1	2	3	4	5	6	-1	-1	-1	-1	11	12	-1	-1	-1	16	17	18	19	-1	21	22	23	-1	-1	-1	-1	28	29	30	31	32	33	34	-1	-1	-1	-1	-1	40	-1	42	43	-1	-1	-1	-1	48	-1	-1	-1	52	53	54	55	56	57	58	59	60	-1	62	-1	-1	-1	66	-1	68	-1	-1	71	-1	73	74	-1	-1	-1	78	-1	-1	-1	82	-1	84	85	86	87	-1	89	-1	-1	92	-1	-1	95	96	-1	98	-1	-1	-1	-1	103	104	-1	106	107	-1	109	-1	-1	112	-1	114	-1	-1	117	-1	119	-1	-1	122	123	124	-1	-1	127	128	-1	130	-1	-1	-1	134	-1	136	-1	138	-1	-1	141	142	143	144	145	-1	-1	-1	-1	150	151	152	-1	154	155	156	-1	158	-1	-1	-1	-1	163	164	165	-1	167	-1	-1	170	-1	-1	173	-1	175	176	-1	-1	179	-1	181	-1	-1	-1	185	186	187	-1	-1	-1	191	192	-1	-1	-1
# Right
140	15	10	9	8	7	-1	-1	-1	-1	14	13	-1	-1	-1	51	50	27	20	-1	26	25	24	-1	-1	-1	-1	47	46	39	38	37	36	35	-1	-1	-1	-1	-1	41	-1	45	44	-1	-1	-1	-1	49	-1	-1	-1	121	102	81	80	77	70	65	64	61	-1	63	-1	-1	-1	67	-1	69	-1	-1	72	-1	76	75	-1	-1	-1	79	-1	-1	-1	83	-1	101	94	91	88	-1	90	-1	-1	93	-1	-1	100	97	-1	99	-1	-1	-1	-1	116	105	-1	111	108	-1	110	-1	-1	113	-1	115	-1	-1	118	-1	120	-1	-1	133	126	125	-1	-1	132	129	-1	131	-1	-1	-1	135	-1	137	-1	139	-1	-1	184	149	148	147	146	-1	-1	-1	-1	183	162	153	-1	161	160	157	-1	159	-1	-1	-1	-1	172	169	166	-1	168	-1	-1	171	-1	-1	174	-1	178	177	-1	-1	180	-1	182	-1	-1	-1	190	189	188	-1	-1	-1	194	193	-1	-1	-1
# Threshold
1494.5	54.0	5.5307300090789795	9.5	5.5	41.5	-2.0	-2.0	-2.0	-2.0	9.5	8.5	-2.0	-2.0	-2.0	20.0	14.0	2238.0	409.5	-2.0	8.5	539.5	452.5	-2.0	-2.0	-2.0	-2.0	16877.5	13082.5	4.910645008087158	3.996999979019165	3.8730000257492065	3581.0	3348.0	-2.0	-2.0	-2.0	-2.0	-2.0	764.5	-2.0	0.0030832199845463037	0.002640009974129498	-2.0	-2.0	-2.0	-2.0	1.3015089734835783e-05	-2.0	-2.0	-2.0	11925700.0	45281.5	0.05220955051481724	335.0	8318270.0	944.5	2704.0	2593.0	307.5	-2.0	362.0	-2.0	-2.0	-2.0	0.044526198878884315	-2.0	50.5	-2.0	-2.0	953.5	-2.0	1015.5	0.0014390849974006414	-2.0	-2.0	-2.0	396.5	-2.0	-2.0	-2.0	0.05325474962592125	-2.0	61.0	9.181819915771484	96.5	66.0	-2.0	2.1783699989318848	-2.0	-2.0	45.0	-2.0	-2.0	206.0	256.5	-2.0	2.0	-2.0	-2.0	-2.0	-2.0	19.43179988861084	1.9065750241279602	-2.0	323.5	6460295.0	-2.0	2.5	-2.0	-2.0	136012.5	-2.0	6.034014940261841	-2.0	-2.0	3134930.0	-2.0	132164.5	-2.0	-2.0	18841350.0	12.019750118255615	24.5	-2.0	-2.0	256985.0	246.34104919433594	-2.0	37060.0	-2.0	-2.0	-2.0	2377.5	-2.0	37.70409965515137	-2.0	52.88084888458252	-2.0	-2.0	7.5	165747.0	10.868550300598145	1802.5	7.814975023269653	-2.0	-2.0	-2.0	-2.0	246111488.0	6.483089923858643	49801.0	-2.0	6.394444942474365	128175.5	5876.5	-2.0	74278.5	-2.0	-2.0	-2.0	-2.0	20.481249809265137	4.0	158.91300201416016	-2.0	295.13099670410156	-2.0	-2.0	108450.0	-2.0	-2.0	76.02174758911133	-2.0	27255.5	1227.3150024414062	-2.0	-2.0	55237200.0	-2.0	131528.0	-2.0	-2.0	-2.0	248.2624969482422	10.826849937438965	0.00042079199192812666	-2.0	-2.0	-2.0	16.0	72.97994995117188	-2.0	-2.0	-2.0
# Feature
5	0	3	9	5	2	-2	-2	-2	-2	9	5	-2	-2	-2	8	5	2	2	-2	5	2	0	-2	-2	-2	-2	2	2	3	3	3	2	2	-2	-2	-2	-2	-2	0	-2	4	4	-2	-2	-2	-2	4	-2	-2	-2	2	8	4	9	2	5	2	2	8	-2	8	-2	-2	-2	4	-2	8	-2	-2	5	-2	5	4	-2	-2	-2	5	-2	-2	-2	4	-2	6	3	0	1	-2	7	-2	-2	5	-2	-2	1	8	-2	9	-2	-2	-2	-2	7	3	-2	5	2	-2	9	-2	-2	8	-2	3	-2	-2	2	-2	0	-2	-2	2	3	5	-2	-2	1	3	-2	1	-2	-2	-2	8	-2	7	-2	3	-2	-2	9	2	3	5	3	-2	-2	-2	-2	2	3	8	-2	3	8	5	-2	8	-2	-2	-2	-2	3	9	7	-2	7	-2	-2	8	-2	-2	7	-2	5	7	-2	-2	2	-2	5	-2	-2	-2	7	3	4	-2	-2	-2	9	3	-2	-2	-2
# Values
147.0	1428.0	77.0	3.0	1.0	28.0
33.0	1358.0	77.0	3.0	0.0	26.0
0.0	9.0	26.0	0.0	0.0	0.0
0.0	2.0	18.0	0.0	0.0	0.0
0.0	1.0	18.0	0.0	0.0	0.0
0.0	1.0	2.0	0.0	0.0	0.0
0.0	0.0	2.0	0.0	0.0	0.0
0.0	1.0	0.0	0.0	0.0	0.0
0.0	0.0	16.0	0.0	0.0	0.0
0.0	1.0	0.0	0.0	0.0	0.0
0.0	7.0	8.0	0.0	0.0	0.0
0.0	7.0	3.0	0.0	0.0	0.0
0.0	2.0	3.0	0.0	0.0	0.0
0.0	5.0	0.0	0.0	0.0	0.0
0.0	0.0	5.0	0.0	0.0	0.0
33.0	1349.0	51.0	3.0	0.0	26.0
0.0	75.0	33.0	0.0	0.0	0.0
0.0	75.0	25.0	0.0	0.0	0.0
0.0	9.0	13.0	0.0	0.0	0.0
0.0	6.0	0.0	0.0	0.0	0.0
0.0	3.0	13.0	0.0	0.0	0.0
0.0	1.0	13.0	0.0	0.0	0.0
0.0	1.0	1.0	0.0	0.0	0.0
0.0	0.0	1.0	0.0	0.0	0.0
0.0	1.0	0.0	0.0	0.0	0.0
0.0	0.0	12.0	0.0	0.0	0.0
0.0	2.0	0.0	0.0	0.0	0.0
0.0	66.0	12.0	0.0	0.0	0.0
0.0	34.0	11.0	0.0	0.0	0.0
0.0	34.0	8.0	0.0	0.0	0.0
0.0	26.0	3.0	0.0	0.0	0.0
0.0	10.0	3.0	0.0	0.0	0.0
0.0	10.0	1.0	0.0	0.0	0.0
0.0	1.0	1.0	0.0	0.0	0.0
0.0	1.0	0.0	0.0	0.0	0.0
0.0	0.0	1.0	0.0	0.0	0.0
0.0	9.0	0.0	0.0	0.0	0.0
0.0	0.0	2.0	0.0	0.0	0.0
0.0	16.0	0.0	0.0	0.0	0.0
0.0	8.0	5.0	0.0	0.0	0.0
0.0	5.0	0.0	0.0	0.0	0.0
0.0	3.0	5.0	0.0	0.0	0.0
0.0	3.0	2.0	0.0	0.0	0.0
0.0	2.0	2.0	0.0	0.0	0.0
0.0	1.0	0.0	0.0	0.0	0.0
0.0	0.0	3.0	0.0	0.0	0.0
0.0	0.0	3.0	0.0	0.0	0.0
0.0	32.0	1.0	0.0	0.0	0.0
0.0	0.0	1.0	0.0	0.0	0.0
0.0	32.0	0.0	0.0	0.0	0.0
0.0	0.0	8.0	0.0	0.0	0.0
33.0	1274.0	18.0	3.0	0.0	26.0
25.0	1215.0	18.0	3.0	0.0	3.0
6.0	1127.0	18.0	3.0	0.0	1.0
6.0	1066.0	2.0	3.0	0.0	1.0
4.0	1066.0	2.0	3.0	0.0	1.0
4.0	1062.0	2.0	3.0	0.0	0.0
0.0	975.0	2.0	3.0	0.0	0.0
0.0	129.0	1.0	3.0	0.0	0.0
0.0	127.0	0.0	3.0	0.0	0.0
0.0	69.0	0.0	0.0	0.0	0.0
0.0	58.0	0.0	3.0	0.0	0.0
0.0	44.0	0.0	3.0	0.0	0.0
0.0	14.0	0.0	0.0	0.0	0.0
0.0	2.0	1.0	0.0	0.0	0.0
0.0	846.0	1.0	0.0	0.0	0.0
0.0	835.0	0.0	0.0	0.0	0.0
0.0	11.0	1.0	0.0	0.0	0.0
0.0	2.0	1.0	0.0	0.0	0.0
0.0	9.0	0.0	0.0	0.0	0.0
4.0	87.0	0.0	0.0	0.0	0.0
2.0	0.0	0.0	0.0	0.0	0.0
2.0	87.0	0.0	0.0	0.0	0.0
2.0	4.0	0.0	0.0	0.0	0.0
2.0	0.0	0.0	0.0	0.0	0.0
0.0	4.0	0.0	0.0	0.0	0.0
0.0	83.0	0.0	0.0	0.0	0.0
0.0	4.0	0.0	0.0	0.0	1.0
0.0	4.0	0.0	0.0	0.0	0.0
0.0	0.0	0.0	0.0	0.0	1.0
2.0	0.0	0.0	0.0	0.0	0.0
0.0	61.0	16.0	0.0	0.0	0.0
0.0	0.0	4.0	0.0	0.0	0.0
0.0	61.0	12.0	0.0	0.0	0.0
0.0	61.0	10.0	0.0	0.0	0.0
0.0	19.0	8.0	0.0	0.0	0.0
0.0	18.0	2.0	0.0	0.0	0.0
0.0	13.0	0.0	0.0	0.0	0.0
0.0	5.0	2.0	0.0	0.0	0.0
0.0	0.0	2.0	0.0	0.0	0.0
0.0	5.0	0.0	0.0	0.0	0.0
0.0	1.0	6.0	0.0	0.0	0.0
0.0	0.0	6.0	0.0	0.0	0.0
0.0	1.0	0.0	0.0	0.0	0.0
0.0	42.0	2.0	0.0	0.0	0.0
0.0	15.0	2.0	0.0	0.0	0.0
0.0	14.0	0.0	0.0	0.0	0.0
0.0	1.0	2.0	0.0	0.0	0.0
0.0	1.0	0.0	0.0	0.0	0.0
0.0	0.0	2.0	0.0	0.0	0.0
0.0	27.0	0.0	0.0	0.0	0.0
0.0	0.0	2.0	0.0	0.0	0.0
19.0	88.0	0.0	0.0	0.0	2.0
6.0	81.0	0.0	0.0	0.0	2.0
2.0	0.0	0.0	0.0	0.0	0.0
4.0	81.0	0.0	0.0	0.0	2.0
0.0	70.0	0.0	0.0	0.0	2.0
0.0	65.0	0.0	0.0	0.0	0.0
0.0	5.0	0.0	0.0	0.0	2.0
0.0	0.0	0.0	0.0	0.0	2.0
0.0	5.0	0.0	0.0	0.0	0.0
4.0	11.0	0.0	0.0	0.0	0.0
0.0	10.0	0.0	0.0	0.0	0.0
4.0	1.0	0.0	0.0	0.0	0.0
0.0	1.0	0.0	0.0	0.0	0.0
4.0	0.0	0.0	0.0	0.0	0.0
13.0	7.0	0.0	0.0	0.0	0.0
12.0	0.0	0.0	0.0	0.0	0.0
1.0	7.0	0.0	0.0	0.0	0.0
0.0	7.0	0.0	0.0	0.0	0.0
1.0	0.0	0.0	0.0	0.0	0.0
8.0	59.0	0.0	0.0	0.0	23.0
7.0	6.0	0.0	0.0	0.0	22.0
6.0	3.0	0.0	0.0	0.0	0.0
0.0	3.0	0.0	0.0	0.0	0.0
6.0	0.0	0.0	0.0	0.0	0.0
1.0	3.0	0.0	0.0	0.0	22.0
1.0	3.0	0.0	0.0	0.0	2.0
0.0	3.0	0.0	0.0	0.0	0.0
1.0	0.0	0.0	0.0	0.0	2.0
0.0	0.0	0.0	0.0	0.0	2.0
1.0	0.0	0.0	0.0	0.0	0.0
0.0	0.0	0.0	0.0	0.0	20.0
1.0	53.0	0.0	0.0	0.0	1.0
0.0	0.0	0.0	0.0	0.0	1.0
1.0	53.0	0.0	0.0	0.0	0.0
0.0	51.0	0.0	0.0	0.0	0.0
1.0	2.0	0.0	0.0	0.0	0.0
1.0	0.0	0.0	0.0	0.0	0.0
0.0	2.0	0.0	0.0	0.0	0.0
114.0	70.0	0.0	0.0	1.0	2.0
105.0	34.0	0.0	0.0	1.0	1.0
3.0	12.0	0.0	0.0	0.0	0.0
1.0	12.0	0.0	0.0	0.0	0.0
1.0	1.0	0.0	0.0	0.0	0.0
0.0	1.0	0.0	0.0	0.0	0.0
1.0	0.0	0.0	0.0	0.0	0.0
0.0	11.0	0.0	0.0	0.0	0.0
2.0	0.0	0.0	0.0	0.0	0.0
102.0	22.0	0.0	0.0	1.0	1.0
102.0	19.0	0.0	0.0	1.0	1.0
20.0	10.0	0.0	0.0	0.0	0.0
0.0	4.0	0.0	0.0	0.0	0.0
20.0	6.0	0.0	0.0	0.0	0.0
20.0	2.0	0.0	0.0	0.0	0.0
6.0	2.0	0.0	0.0	0.0	0.0
0.0	1.0	0.0	0.0	0.0	0.0
6.0	1.0	0.0	0.0	0.0	0.0
6.0	0.0	0.0	0.0	0.0	0.0
0.0	1.0	0.0	0.0	0.0	0.0
14.0	0.0	0.0	0.0	0.0	0.0
0.0	4.0	0.0	0.0	0.0	0.0
82.0	9.0	0.0	0.0	1.0	1.0
73.0	4.0	0.0	0.0	0.0	0.0
68.0	2.0	0.0	0.0	0.0	0.0
62.0	0.0	0.0	0.0	0.0	0.0
6.0	2.0	0.0	0.0	0.0	0.0
0.0	2.0	0.0	0.0	0.0	0.0
6.0	0.0	0.0	0.0	0.0	0.0
5.0	2.0	0.0	0.0	0.0	0.0
0.0	2.0	0.0	0.0	0.0	0.0
5.0	0.0	0.0	0.0	0.0	0.0
9.0	5.0	0.0	0.0	1.0	1.0
0.0	3.0	0.0	0.0	0.0	0.0
9.0	2.0	0.0	0.0	1.0	1.0
9.0	1.0	0.0	0.0	0.0	0.0
9.0	0.0	0.0	0.0	0.0	0.0
0.0	1.0	0.0	0.0	0.0	0.0
0.0	1.0	0.0	0.0	1.0	1.0
0.0	0.0	0.0	0.0	0.0	1.0
0.0	1.0	0.0	0.0	1.0	0.0
0.0	0.0	0.0	0.0	1.0	0.0
0.0	1.0	0.0	0.0	0.0	0.0
0.0	3.0	0.0	0.0	0.0	0.0
9.0	36.0	0.0	0.0	0.0	1.0
2.0	35.0	0.0	0.0	0.0	0.0
2.0	2.0	0.0	0.0	0.0	0.0
0.0	2.0	0.0	0.0	0.0	0.0
2.0	0.0	0.0	0.0	0.0	0.0
0.0	33.0	0.0	0.0	0.0	0.0
7.0	1.0	0.0	0.0	0.0	1.0
0.0	1.0	0.0	0.0	0.0	1.0
0.0	0.0	0.0	0.0	0.0	1.0
0.0	1.0	0.0	0.0	0.0	0.0
7.0	0.0	0.0	0.0	0.0	0.0
