# Sizes (NFeatures, Nclasses, NodeCount, MaxDepth)
10	6	173	14
# Classes
0.0	1.0	2.0	3.0	4.0	5.0
# Feature Names
Nrows	Ncols	Nnnz	AvgNnnz	Density	MaxRowNnnz	MinRowNnnz	StdRowNnnz	NDiags	NTrueDiags
# Left
1	2	3	4	5	6	7	-1	9	-1	-1	-1	-1	14	15	16	-1	-1	19	-1	-1	-1	23	24	25	-1	-1	28	-1	30	31	32	33	34	-1	-1	-1	-1	39	40	-1	-1	-1	-1	45	-1	-1	48	49	50	-1	-1	53	54	55	56	57	58	59	-1	-1	62	-1	64	65	-1	67	-1	-1	-1	71	-1	73	-1	-1	76	-1	78	79	-1	81	-1	-1	84	-1	86	87	-1	-1	-1	-1	92	93	-1	-1	96	-1	98	-1	-1	101	-1	103	-1	-1	106	107	-1	-1	110	111	112	113	-1	-1	116	-1	-1	119	120	-1	122	-1	124	-1	-1	-1	-1	129	130	131	132	-1	134	135	-1	-1	138	139	140	-1	142	-1	-1	-1	146	-1	-1	149	-1	151	-1	153	-1	-1	156	157	-1	-1	160	-1	-1	163	164	-1	166	167	-1	169	-1	-1	-1	-1
# Right
128	47	22	13	12	11	8	-1	10	-1	-1	-1	-1	21	18	17	-1	-1	20	-1	-1	-1	44	27	26	-1	-1	29	-1	43	38	37	36	35	-1	-1	-1	-1	42	41	-1	-1	-1	-1	46	-1	-1	105	52	51	-1	-1	100	91	90	75	70	61	60	-1	-1	63	-1	69	66	-1	68	-1	-1	-1	72	-1	74	-1	-1	77	-1	83	80	-1	82	-1	-1	85	-1	89	88	-1	-1	-1	-1	95	94	-1	-1	97	-1	99	-1	-1	102	-1	104	-1	-1	109	108	-1	-1	127	118	115	114	-1	-1	117	-1	-1	126	121	-1	123	-1	125	-1	-1	-1	-1	162	155	148	133	-1	137	136	-1	-1	145	144	141	-1	143	-1	-1	-1	147	-1	-1	150	-1	152	-1	154	-1	-1	159	158	-1	-1	161	-1	-1	172	165	-1	171	168	-1	170	-1	-1	-1	-1
# Threshold
1353.5	61.5	2222.0	6.5	3.176069974899292	119.0	54.0	-2.0	10.5	-2.0	-2.0	-2.0	-2.0	13.5	0.6159195005893707	137.5	-2.0	-2.0	1.5	-2.0	-2.0	-2.0	5290640.0	305.0	9.5	-2.0	-2.0	3.0	-2.0	2980.5	2024.0	16294.0	4.832984924316406	4.161439895629883	-2.0	-2.0	-2.0	-2.0	16839.0	2126.5	-2.0	-2.0	-2.0	-2.0	3202055.0	-2.0	-2.0	6623025.0	6.445460030590766e-06	3.1192150115966797	-2.0	-2.0	0.21954649686813354	52345.0	335.0	0.06222379952669144	40.35759925842285	1578.0	1522.0	-2.0	-2.0	18148.5	-2.0	789.0	568.0	-2.0	0.00021174844550841954	-2.0	-2.0	-2.0	41.9995002746582	-2.0	192.5	-2.0	-2.0	0.06513075157999992	-2.0	7.169029951095581	6.0	-2.0	6.4862000942230225	-2.0	-2.0	256.5	-2.0	31.648499488830566	2.0	-2.0	-2.0	-2.0	-2.0	14.48199987411499	1.9971500039100647	-2.0	-2.0	1708665.0	-2.0	51.91054916381836	-2.0	-2.0	6.503684997558594	-2.0	8793.0	-2.0	-2.0	8373.0	15.387550354003906	-2.0	-2.0	389.10499572753906	8982620.0	19.0	34698.0	-2.0	-2.0	215.0	-2.0	-2.0	1.5	15641900.0	-2.0	375.0	-2.0	69.14184951782227	-2.0	-2.0	-2.0	-2.0	8.5	0.0011687850346788764	16.005749702453613	9.261905193328857	-2.0	30215.0	8.020060062408447	-2.0	-2.0	2.5	0.5	152.09100341796875	-2.0	1.5822579598534503e-05	-2.0	-2.0	-2.0	51.97884941101074	-2.0	-2.0	4144.5	-2.0	77.1588020324707	-2.0	0.00023324150242842734	-2.0	-2.0	2.0	59195.0	-2.0	-2.0	69.47489929199219	-2.0	-2.0	11594.5	10.826849937438965	-2.0	224.3939971923828	11173500.0	-2.0	180.20255279541016	-2.0	-2.0	-2.0	-2.0
# Feature
5	8	2	9	7	0	0	-2	5	-2	-2	-2	-2	5	7	1	-2	-2	6	-2	-2	-2	2	0	6	-2	-2	8	-2	0	0	2	3	3	-2	-2	-2	-2	2	0	-2	-2	-2	-2	1	-2	-2	2	4	3	-2	-2	4	8	9	4	7	2	2	-2	-2	8	-2	5	5	-2	4	-2	-2	-2	7	-2	5	-2	-2	4	-2	3	9	-2	3	-2	-2	8	-2	3	9	-2	-2	-2	-2	7	3	-2	-2	2	-2	7	-2	-2	7	-2	2	-2	-2	8	7	-2	-2	3	2	9	8	-2	-2	9	-2	-2	6	2	-2	5	-2	7	-2	-2	-2	-2	9	4	3	7	-2	8	3	-2	-2	6	6	7	-2	4	-2	-2	-2	7	-2	-2	5	-2	3	-2	4	-2	-2	9	8	-2	-2	7	-2	-2	5	3	-2	3	2	-2	7	-2	-2	-2	-2
# Values
154.0	1433.0	64.0	3.0	0.0	30.0
33.0	1359.0	64.0	3.0	0.0	26.0
0.0	116.0	53.0	0.0	0.0	2.0
0.0	19.0	34.0	0.0	0.0	0.0
0.0	4.0	26.0	0.0	0.0	0.0
0.0	3.0	26.0	0.0	0.0	0.0
0.0	3.0	12.0	0.0	0.0	0.0
0.0	0.0	11.0	0.0	0.0	0.0
0.0	3.0	1.0	0.0	0.0	0.0
0.0	3.0	0.0	0.0	0.0	0.0
0.0	0.0	1.0	0.0	0.0	0.0
0.0	0.0	14.0	0.0	0.0	0.0
0.0	1.0	0.0	0.0	0.0	0.0
0.0	15.0	8.0	0.0	0.0	0.0
0.0	15.0	4.0	0.0	0.0	0.0
0.0	1.0	3.0	0.0	0.0	0.0
0.0	0.0	3.0	0.0	0.0	0.0
0.0	1.0	0.0	0.0	0.0	0.0
0.0	14.0	1.0	0.0	0.0	0.0
0.0	0.0	1.0	0.0	0.0	0.0
0.0	14.0	0.0	0.0	0.0	0.0
0.0	0.0	4.0	0.0	0.0	0.0
0.0	97.0	19.0	0.0	0.0	2.0
0.0	97.0	14.0	0.0	0.0	0.0
0.0	1.0	3.0	0.0	0.0	0.0
0.0	1.0	0.0	0.0	0.0	0.0
0.0	0.0	3.0	0.0	0.0	0.0
0.0	96.0	11.0	0.0	0.0	0.0
0.0	0.0	1.0	0.0	0.0	0.0
0.0	96.0	10.0	0.0	0.0	0.0
0.0	54.0	10.0	0.0	0.0	0.0
0.0	51.0	4.0	0.0	0.0	0.0
0.0	51.0	3.0	0.0	0.0	0.0
0.0	17.0	3.0	0.0	0.0	0.0
0.0	17.0	0.0	0.0	0.0	0.0
0.0	0.0	3.0	0.0	0.0	0.0
0.0	34.0	0.0	0.0	0.0	0.0
0.0	0.0	1.0	0.0	0.0	0.0
0.0	3.0	6.0	0.0	0.0	0.0
0.0	1.0	6.0	0.0	0.0	0.0
0.0	1.0	3.0	0.0	0.0	0.0
0.0	0.0	3.0	0.0	0.0	0.0
0.0	2.0	0.0	0.0	0.0	0.0
0.0	42.0	0.0	0.0	0.0	0.0
0.0	0.0	5.0	0.0	0.0	2.0
0.0	0.0	5.0	0.0	0.0	0.0
0.0	0.0	0.0	0.0	0.0	2.0
33.0	1243.0	11.0	3.0	0.0	24.0
28.0	1167.0	11.0	3.0	0.0	0.0
7.0	4.0	0.0	0.0	0.0	0.0
7.0	0.0	0.0	0.0	0.0	0.0
0.0	4.0	0.0	0.0	0.0	0.0
21.0	1163.0	11.0	3.0	0.0	0.0
21.0	1161.0	7.0	3.0	0.0	0.0
7.0	1078.0	7.0	3.0	0.0	0.0
6.0	1078.0	7.0	3.0	0.0	0.0
6.0	1033.0	0.0	3.0	0.0	0.0
2.0	1008.0	0.0	3.0	0.0	0.0
0.0	68.0	0.0	3.0	0.0	0.0
0.0	32.0	0.0	0.0	0.0	0.0
0.0	36.0	0.0	3.0	0.0	0.0
2.0	940.0	0.0	0.0	0.0	0.0
0.0	845.0	0.0	0.0	0.0	0.0
2.0	95.0	0.0	0.0	0.0	0.0
1.0	95.0	0.0	0.0	0.0	0.0
0.0	92.0	0.0	0.0	0.0	0.0
1.0	3.0	0.0	0.0	0.0	0.0
0.0	3.0	0.0	0.0	0.0	0.0
1.0	0.0	0.0	0.0	0.0	0.0
1.0	0.0	0.0	0.0	0.0	0.0
4.0	25.0	0.0	0.0	0.0	0.0
3.0	0.0	0.0	0.0	0.0	0.0
1.0	25.0	0.0	0.0	0.0	0.0
1.0	0.0	0.0	0.0	0.0	0.0
0.0	25.0	0.0	0.0	0.0	0.0
0.0	45.0	7.0	0.0	0.0	0.0
0.0	0.0	2.0	0.0	0.0	0.0
0.0	45.0	5.0	0.0	0.0	0.0
0.0	6.0	3.0	0.0	0.0	0.0
0.0	0.0	1.0	0.0	0.0	0.0
0.0	6.0	2.0	0.0	0.0	0.0
0.0	4.0	2.0	0.0	0.0	0.0
0.0	2.0	0.0	0.0	0.0	0.0
0.0	39.0	2.0	0.0	0.0	0.0
0.0	27.0	0.0	0.0	0.0	0.0
0.0	12.0	2.0	0.0	0.0	0.0
0.0	1.0	2.0	0.0	0.0	0.0
0.0	1.0	0.0	0.0	0.0	0.0
0.0	0.0	2.0	0.0	0.0	0.0
0.0	11.0	0.0	0.0	0.0	0.0
1.0	0.0	0.0	0.0	0.0	0.0
14.0	83.0	0.0	0.0	0.0	0.0
3.0	76.0	0.0	0.0	0.0	0.0
3.0	0.0	0.0	0.0	0.0	0.0
0.0	76.0	0.0	0.0	0.0	0.0
11.0	7.0	0.0	0.0	0.0	0.0
9.0	0.0	0.0	0.0	0.0	0.0
2.0	7.0	0.0	0.0	0.0	0.0
0.0	7.0	0.0	0.0	0.0	0.0
2.0	0.0	0.0	0.0	0.0	0.0
0.0	2.0	4.0	0.0	0.0	0.0
0.0	0.0	3.0	0.0	0.0	0.0
0.0	2.0	1.0	0.0	0.0	0.0
0.0	2.0	0.0	0.0	0.0	0.0
0.0	0.0	1.0	0.0	0.0	0.0
5.0	76.0	0.0	0.0	0.0	24.0
0.0	6.0	0.0	0.0	0.0	17.0
0.0	0.0	0.0	0.0	0.0	17.0
0.0	6.0	0.0	0.0	0.0	0.0
5.0	70.0	0.0	0.0	0.0	7.0
5.0	70.0	0.0	0.0	0.0	4.0
1.0	7.0	0.0	0.0	0.0	4.0
0.0	1.0	0.0	0.0	0.0	4.0
0.0	1.0	0.0	0.0	0.0	0.0
0.0	0.0	0.0	0.0	0.0	4.0
1.0	6.0	0.0	0.0	0.0	0.0
0.0	6.0	0.0	0.0	0.0	0.0
1.0	0.0	0.0	0.0	0.0	0.0
4.0	63.0	0.0	0.0	0.0	0.0
4.0	21.0	0.0	0.0	0.0	0.0
3.0	0.0	0.0	0.0	0.0	0.0
1.0	21.0	0.0	0.0	0.0	0.0
0.0	18.0	0.0	0.0	0.0	0.0
1.0	3.0	0.0	0.0	0.0	0.0
1.0	0.0	0.0	0.0	0.0	0.0
0.0	3.0	0.0	0.0	0.0	0.0
0.0	42.0	0.0	0.0	0.0	0.0
0.0	0.0	0.0	0.0	0.0	3.0
121.0	74.0	0.0	0.0	0.0	4.0
116.0	30.0	0.0	0.0	0.0	3.0
111.0	16.0	0.0	0.0	0.0	2.0
106.0	9.0	0.0	0.0	0.0	0.0
0.0	2.0	0.0	0.0	0.0	0.0
106.0	7.0	0.0	0.0	0.0	0.0
15.0	5.0	0.0	0.0	0.0	0.0
0.0	5.0	0.0	0.0	0.0	0.0
15.0	0.0	0.0	0.0	0.0	0.0
91.0	2.0	0.0	0.0	0.0	0.0
89.0	1.0	0.0	0.0	0.0	0.0
19.0	1.0	0.0	0.0	0.0	0.0
18.0	0.0	0.0	0.0	0.0	0.0
1.0	1.0	0.0	0.0	0.0	0.0
1.0	0.0	0.0	0.0	0.0	0.0
0.0	1.0	0.0	0.0	0.0	0.0
70.0	0.0	0.0	0.0	0.0	0.0
2.0	1.0	0.0	0.0	0.0	0.0
0.0	1.0	0.0	0.0	0.0	0.0
2.0	0.0	0.0	0.0	0.0	0.0
5.0	7.0	0.0	0.0	0.0	2.0
0.0	5.0	0.0	0.0	0.0	0.0
5.0	2.0	0.0	0.0	0.0	2.0
5.0	0.0	0.0	0.0	0.0	0.0
0.0	2.0	0.0	0.0	0.0	2.0
0.0	2.0	0.0	0.0	0.0	0.0
0.0	0.0	0.0	0.0	0.0	2.0
5.0	14.0	0.0	0.0	0.0	1.0
0.0	13.0	0.0	0.0	0.0	1.0
0.0	13.0	0.0	0.0	0.0	0.0
0.0	0.0	0.0	0.0	0.0	1.0
5.0	1.0	0.0	0.0	0.0	0.0
0.0	1.0	0.0	0.0	0.0	0.0
5.0	0.0	0.0	0.0	0.0	0.0
5.0	44.0	0.0	0.0	0.0	1.0
2.0	44.0	0.0	0.0	0.0	1.0
1.0	0.0	0.0	0.0	0.0	0.0
1.0	44.0	0.0	0.0	0.0	1.0
0.0	44.0	0.0	0.0	0.0	1.0
0.0	42.0	0.0	0.0	0.0	0.0
0.0	2.0	0.0	0.0	0.0	1.0
0.0	2.0	0.0	0.0	0.0	0.0
0.0	0.0	0.0	0.0	0.0	1.0
1.0	0.0	0.0	0.0	0.0	0.0
3.0	0.0	0.0	0.0	0.0	0.0
