# Sizes (NFeatures, Nclasses, NodeCount, MaxDepth)
10	6	147	12
# Classes
0.0	1.0	2.0	3.0	4.0	5.0
# Feature Names
Nrows	Ncols	Nnnz	AvgNnnz	Density	MaxRowNnnz	MinRowNnnz	StdRowNnnz	NDiags	NTrueDiags
# Left
1	2	3	-1	5	-1	7	8	9	-1	-1	12	-1	-1	-1	16	17	18	-1	20	-1	22	23	-1	-1	-1	27	-1	29	-1	-1	32	33	34	35	36	37	38	-1	-1	41	-1	43	-1	-1	46	47	48	-1	50	-1	-1	-1	54	55	-1	-1	58	-1	60	-1	-1	63	64	65	-1	67	-1	-1	70	-1	-1	-1	74	75	-1	77	78	-1	-1	81	82	-1	-1	-1	86	87	-1	-1	-1	91	92	93	94	95	-1	-1	-1	-1	-1	101	102	103	104	-1	-1	-1	-1	-1	110	111	-1	-1	-1	115	116	117	-1	-1	120	121	122	123	-1	-1	-1	127	-1	129	-1	131	132	-1	-1	-1	136	137	-1	-1	-1	141	142	143	-1	-1	-1	-1
# Right
114	15	4	-1	6	-1	14	11	10	-1	-1	13	-1	-1	-1	31	26	19	-1	21	-1	25	24	-1	-1	-1	28	-1	30	-1	-1	109	90	73	62	45	40	39	-1	-1	42	-1	44	-1	-1	53	52	49	-1	51	-1	-1	-1	57	56	-1	-1	59	-1	61	-1	-1	72	69	66	-1	68	-1	-1	71	-1	-1	-1	85	76	-1	80	79	-1	-1	84	83	-1	-1	-1	89	88	-1	-1	-1	100	99	98	97	96	-1	-1	-1	-1	-1	108	107	106	105	-1	-1	-1	-1	-1	113	112	-1	-1	-1	140	119	118	-1	-1	135	126	125	124	-1	-1	-1	128	-1	130	-1	134	133	-1	-1	-1	139	138	-1	-1	-1	146	145	144	-1	-1	-1	-1
# Threshold
1350.0	54.0	4.5	-2.0	5.5	-2.0	0.6111109852790833	0.8396604955196381	7.5	-2.0	-2.0	7.5	-2.0	-2.0	-2.0	6.5	3971.0	106.0	-2.0	0.9987500011920929	-2.0	0.002221404924057424	651.0	-2.0	-2.0	-2.0	11290.5	-2.0	107319.5	-2.0	-2.0	102.42399978637695	0.0490362998098135	66314.5	7281690.0	7.5	978.5	562.5	-2.0	-2.0	0.5590324997901917	-2.0	8941.5	-2.0	-2.0	24.5	740.0	2490.0	-2.0	596.0	-2.0	-2.0	-2.0	1578.0	307.5	-2.0	-2.0	34.496999740600586	-2.0	34.79409980773926	-2.0	-2.0	26282700.0	16.0	9.93033504486084	-2.0	55937.0	-2.0	-2.0	13882750.0	-2.0	-2.0	-2.0	419.0	66539.5	-2.0	0.5	14.073100090026855	-2.0	-2.0	1.5	5.567740082740784	-2.0	-2.0	-2.0	32.20550060272217	1194.5	-2.0	-2.0	-2.0	2.7239550352096558	2881.5	712.5	65.5	11.0	-2.0	-2.0	-2.0	-2.0	-2.0	206.0	234.0	0.0764339491724968	7.151015043258667	-2.0	-2.0	-2.0	-2.0	-2.0	102.69149780273438	9.5	-2.0	-2.0	-2.0	3.5	91527.5	2268.0	-2.0	-2.0	77.1588020324707	27810.5	1.5	70.18519973754883	-2.0	-2.0	-2.0	2130370.0	-2.0	2377115.0	-2.0	84.98484802246094	35.23469924926758	-2.0	-2.0	-2.0	6.0	497.322998046875	-2.0	-2.0	-2.0	195.21900177001953	10.826849937438965	6.746234893798828	-2.0	-2.0	-2.0	-2.0
# Feature
5	0	9	-2	5	-2	4	7	5	-2	-2	9	-2	-2	-2	8	2	1	-2	3	-2	4	0	-2	-2	-2	2	-2	2	-2	-2	7	4	8	2	8	1	0	-2	-2	7	-2	2	-2	-2	8	0	2	-2	0	-2	-2	-2	2	8	-2	-2	7	-2	7	-2	-2	2	9	3	-2	8	-2	-2	2	-2	-2	-2	5	8	-2	9	3	-2	-2	9	7	-2	-2	-2	3	5	-2	-2	-2	7	2	2	0	5	-2	-2	-2	-2	-2	0	8	4	7	-2	-2	-2	-2	-2	3	6	-2	-2	-2	9	2	5	-2	-2	3	8	6	7	-2	-2	-2	2	-2	2	-2	7	7	-2	-2	-2	6	7	-2	-2	-2	7	3	3	-2	-2	-2	-2
# Values
161.0	1437.0	64.0	2.0	0.0	20.0
29.0	1351.0	64.0	2.0	0.0	17.0
0.0	6.0	21.0	0.0	0.0	0.0
0.0	0.0	9.0	0.0	0.0	0.0
0.0	6.0	12.0	0.0	0.0	0.0
0.0	3.0	0.0	0.0	0.0	0.0
0.0	3.0	12.0	0.0	0.0	0.0
0.0	2.0	12.0	0.0	0.0	0.0
0.0	1.0	1.0	0.0	0.0	0.0
0.0	0.0	1.0	0.0	0.0	0.0
0.0	1.0	0.0	0.0	0.0	0.0
0.0	1.0	11.0	0.0	0.0	0.0
0.0	1.0	5.0	0.0	0.0	0.0
0.0	0.0	6.0	0.0	0.0	0.0
0.0	1.0	0.0	0.0	0.0	0.0
29.0	1345.0	43.0	2.0	0.0	17.0
0.0	14.0	16.0	0.0	0.0	0.0
0.0	5.0	13.0	0.0	0.0	0.0
0.0	3.0	0.0	0.0	0.0	0.0
0.0	2.0	13.0	0.0	0.0	0.0
0.0	1.0	0.0	0.0	0.0	0.0
0.0	1.0	13.0	0.0	0.0	0.0
0.0	1.0	4.0	0.0	0.0	0.0
0.0	1.0	0.0	0.0	0.0	0.0
0.0	0.0	4.0	0.0	0.0	0.0
0.0	0.0	9.0	0.0	0.0	0.0
0.0	9.0	3.0	0.0	0.0	0.0
0.0	7.0	0.0	0.0	0.0	0.0
0.0	2.0	3.0	0.0	0.0	0.0
0.0	0.0	3.0	0.0	0.0	0.0
0.0	2.0	0.0	0.0	0.0	0.0
29.0	1331.0	27.0	2.0	0.0	17.0
21.0	1327.0	27.0	2.0	0.0	14.0
21.0	1264.0	8.0	2.0	0.0	14.0
1.0	1131.0	8.0	2.0	0.0	11.0
1.0	1105.0	7.0	2.0	0.0	0.0
0.0	17.0	4.0	0.0	0.0	0.0
0.0	1.0	3.0	0.0	0.0	0.0
0.0	1.0	0.0	0.0	0.0	0.0
0.0	0.0	3.0	0.0	0.0	0.0
0.0	16.0	1.0	0.0	0.0	0.0
0.0	13.0	0.0	0.0	0.0	0.0
0.0	3.0	1.0	0.0	0.0	0.0
0.0	3.0	0.0	0.0	0.0	0.0
0.0	0.0	1.0	0.0	0.0	0.0
1.0	1088.0	3.0	2.0	0.0	0.0
0.0	47.0	3.0	0.0	0.0	0.0
0.0	10.0	3.0	0.0	0.0	0.0
0.0	6.0	0.0	0.0	0.0	0.0
0.0	4.0	3.0	0.0	0.0	0.0
0.0	1.0	1.0	0.0	0.0	0.0
0.0	3.0	2.0	0.0	0.0	0.0
0.0	37.0	0.0	0.0	0.0	0.0
1.0	1041.0	0.0	2.0	0.0	0.0
0.0	92.0	0.0	2.0	0.0	0.0
0.0	44.0	0.0	0.0	0.0	0.0
0.0	48.0	0.0	2.0	0.0	0.0
1.0	949.0	0.0	0.0	0.0	0.0
0.0	899.0	0.0	0.0	0.0	0.0
1.0	50.0	0.0	0.0	0.0	0.0
1.0	0.0	0.0	0.0	0.0	0.0
0.0	50.0	0.0	0.0	0.0	0.0
0.0	26.0	1.0	0.0	0.0	11.0
0.0	12.0	1.0	0.0	0.0	11.0
0.0	1.0	1.0	0.0	0.0	8.0
0.0	0.0	1.0	0.0	0.0	0.0
0.0	1.0	0.0	0.0	0.0	8.0
0.0	0.0	0.0	0.0	0.0	8.0
0.0	1.0	0.0	0.0	0.0	0.0
0.0	11.0	0.0	0.0	0.0	3.0
0.0	11.0	0.0	0.0	0.0	0.0
0.0	0.0	0.0	0.0	0.0	3.0
0.0	14.0	0.0	0.0	0.0	0.0
20.0	133.0	0.0	0.0	0.0	3.0
2.0	125.0	0.0	0.0	0.0	3.0
1.0	0.0	0.0	0.0	0.0	0.0
1.0	125.0	0.0	0.0	0.0	3.0
0.0	21.0	0.0	0.0	0.0	3.0
0.0	21.0	0.0	0.0	0.0	0.0
0.0	0.0	0.0	0.0	0.0	3.0
1.0	104.0	0.0	0.0	0.0	0.0
1.0	11.0	0.0	0.0	0.0	0.0
0.0	11.0	0.0	0.0	0.0	0.0
1.0	0.0	0.0	0.0	0.0	0.0
0.0	93.0	0.0	0.0	0.0	0.0
18.0	8.0	0.0	0.0	0.0	0.0
18.0	1.0	0.0	0.0	0.0	0.0
18.0	0.0	0.0	0.0	0.0	0.0
0.0	1.0	0.0	0.0	0.0	0.0
0.0	7.0	0.0	0.0	0.0	0.0
0.0	63.0	19.0	0.0	0.0	0.0
0.0	12.0	14.0	0.0	0.0	0.0
0.0	12.0	8.0	0.0	0.0	0.0
0.0	6.0	8.0	0.0	0.0	0.0
0.0	6.0	1.0	0.0	0.0	0.0
0.0	6.0	0.0	0.0	0.0	0.0
0.0	0.0	1.0	0.0	0.0	0.0
0.0	0.0	7.0	0.0	0.0	0.0
0.0	6.0	0.0	0.0	0.0	0.0
0.0	0.0	6.0	0.0	0.0	0.0
0.0	51.0	5.0	0.0	0.0	0.0
0.0	23.0	5.0	0.0	0.0	0.0
0.0	23.0	2.0	0.0	0.0	0.0
0.0	2.0	2.0	0.0	0.0	0.0
0.0	0.0	2.0	0.0	0.0	0.0
0.0	2.0	0.0	0.0	0.0	0.0
0.0	21.0	0.0	0.0	0.0	0.0
0.0	0.0	3.0	0.0	0.0	0.0
0.0	28.0	0.0	0.0	0.0	0.0
8.0	4.0	0.0	0.0	0.0	3.0
0.0	4.0	0.0	0.0	0.0	3.0
0.0	4.0	0.0	0.0	0.0	0.0
0.0	0.0	0.0	0.0	0.0	3.0
8.0	0.0	0.0	0.0	0.0	0.0
132.0	86.0	0.0	0.0	0.0	3.0
112.0	26.0	0.0	0.0	0.0	3.0
2.0	11.0	0.0	0.0	0.0	0.0
2.0	0.0	0.0	0.0	0.0	0.0
0.0	11.0	0.0	0.0	0.0	0.0
110.0	15.0	0.0	0.0	0.0	3.0
106.0	10.0	0.0	0.0	0.0	0.0
11.0	7.0	0.0	0.0	0.0	0.0
1.0	7.0	0.0	0.0	0.0	0.0
0.0	7.0	0.0	0.0	0.0	0.0
1.0	0.0	0.0	0.0	0.0	0.0
10.0	0.0	0.0	0.0	0.0	0.0
95.0	3.0	0.0	0.0	0.0	0.0
63.0	0.0	0.0	0.0	0.0	0.0
32.0	3.0	0.0	0.0	0.0	0.0
0.0	1.0	0.0	0.0	0.0	0.0
32.0	2.0	0.0	0.0	0.0	0.0
9.0	2.0	0.0	0.0	0.0	0.0
9.0	0.0	0.0	0.0	0.0	0.0
0.0	2.0	0.0	0.0	0.0	0.0
23.0	0.0	0.0	0.0	0.0	0.0
4.0	5.0	0.0	0.0	0.0	3.0
0.0	5.0	0.0	0.0	0.0	3.0
0.0	0.0	0.0	0.0	0.0	3.0
0.0	5.0	0.0	0.0	0.0	0.0
4.0	0.0	0.0	0.0	0.0	0.0
20.0	60.0	0.0	0.0	0.0	0.0
5.0	60.0	0.0	0.0	0.0	0.0
5.0	8.0	0.0	0.0	0.0	0.0
0.0	8.0	0.0	0.0	0.0	0.0
5.0	0.0	0.0	0.0	0.0	0.0
0.0	52.0	0.0	0.0	0.0	0.0
15.0	0.0	0.0	0.0	0.0	0.0
