# Sizes (NFeatures, Nclasses, NodeCount, MaxDepth)
10	6	181	13
# Classes
0.0	1.0	2.0	3.0	4.0	5.0
# Feature Names
Nrows	Ncols	Nnnz	AvgNnnz	Density	MaxRowNnnz	MinRowNnnz	StdRowNnnz	NDiags	NTrueDiags
# Left
1	2	3	4	-1	6	-1	-1	9	-1	11	-1	13	14	-1	-1	-1	18	19	20	21	22	23	24	25	26	-1	-1	29	30	31	-1	-1	-1	35	36	-1	-1	-1	-1	41	42	-1	-1	45	46	47	48	-1	-1	51	-1	-1	-1	-1	56	-1	-1	-1	-1	61	62	63	64	65	66	-1	68	-1	-1	71	72	-1	74	-1	76	-1	-1	-1	80	-1	82	83	-1	85	-1	-1	-1	89	90	-1	92	-1	-1	95	-1	-1	-1	99	100	101	102	-1	-1	105	-1	107	-1	109	110	-1	-1	-1	-1	-1	116	117	118	119	120	121	-1	-1	124	-1	126	-1	-1	-1	130	-1	-1	-1	134	135	-1	-1	138	-1	140	-1	-1	143	144	145	-1	147	-1	149	-1	-1	152	153	-1	155	156	-1	-1	159	-1	161	-1	-1	164	165	-1	167	-1	-1	170	-1	-1	173	-1	175	-1	177	-1	179	-1	-1
# Right
142	17	8	5	-1	7	-1	-1	10	-1	12	-1	16	15	-1	-1	-1	115	60	59	58	55	40	39	28	27	-1	-1	34	33	32	-1	-1	-1	38	37	-1	-1	-1	-1	44	43	-1	-1	54	53	50	49	-1	-1	52	-1	-1	-1	-1	57	-1	-1	-1	-1	98	97	88	79	70	67	-1	69	-1	-1	78	73	-1	75	-1	77	-1	-1	-1	81	-1	87	84	-1	86	-1	-1	-1	94	91	-1	93	-1	-1	96	-1	-1	-1	114	113	104	103	-1	-1	106	-1	108	-1	112	111	-1	-1	-1	-1	-1	133	132	129	128	123	122	-1	-1	125	-1	127	-1	-1	-1	131	-1	-1	-1	137	136	-1	-1	139	-1	141	-1	-1	172	151	146	-1	148	-1	150	-1	-1	163	154	-1	158	157	-1	-1	160	-1	162	-1	-1	169	166	-1	168	-1	-1	171	-1	-1	174	-1	176	-1	178	-1	180	-1	-1
# Threshold
1360.0	54.0	0.22911550104618073	24.0	-2.0	43.0	-2.0	-2.0	0.5698639899492264	-2.0	0.8396604955196381	-2.0	98.5	43.5	-2.0	-2.0	-2.0	7633330.0	71.0	17530.0	7.0	0.061102598905563354	0.004498000023886561	1.9984949827194214	1961.0	651.0	-2.0	-2.0	4.461850047111511	3581.0	3348.0	-2.0	-2.0	-2.0	2126.5	7.0	-2.0	-2.0	-2.0	-2.0	3.0	102.0	-2.0	-2.0	6.393870115280151	2540.0	2260.0	0.16797950118780136	-2.0	-2.0	0.01941664982587099	-2.0	-2.0	-2.0	-2.0	60.5	-2.0	-2.0	-2.0	-2.0	45281.5	0.515052005648613	34.496999740600586	0.07792899757623672	13307.5	0.06222379952669144	-2.0	19.5	-2.0	-2.0	789.0	13317.0	-2.0	568.0	-2.0	581.5	-2.0	-2.0	-2.0	0.08103394880890846	-2.0	97.5	9.0	-2.0	0.10448640212416649	-2.0	-2.0	-2.0	0.0016177149955183268	11.514800071716309	-2.0	0.001548975007608533	-2.0	-2.0	153.5	-2.0	-2.0	-2.0	577.5	47.85784912109375	3.3183200359344482	1531100.0	-2.0	-2.0	251.0	-2.0	54965.0	-2.0	7.444504976272583	1.8699200154514983e-05	-2.0	-2.0	-2.0	-2.0	-2.0	18841350.0	17034800.0	396.5	16.0	9198.5	2816.0	-2.0	-2.0	1.5	-2.0	12.0	-2.0	-2.0	-2.0	4.5	-2.0	-2.0	-2.0	2377.5	1.0792750120162964	-2.0	-2.0	28.489099502563477	-2.0	2381969.5	-2.0	-2.0	7.5	30215.0	8.020060062408447	-2.0	2405.5	-2.0	7.0	-2.0	-2.0	5.579820026468951e-05	134333.0	-2.0	0.5	29449.5	-2.0	-2.0	22616650.0	-2.0	10785275.0	-2.0	-2.0	20687000.0	0.0004914395103696734	-2.0	154295.5	-2.0	-2.0	655362.0	-2.0	-2.0	97.61444854736328	-2.0	5.5	-2.0	18012.5	-2.0	10303465.0	-2.0	-2.0
# Feature
5	0	4	5	-2	1	-2	-2	7	-2	7	-2	2	2	-2	-2	-2	2	8	2	6	4	4	7	0	2	-2	-2	3	2	0	-2	-2	-2	1	5	-2	-2	-2	-2	8	1	-2	-2	7	2	2	7	-2	-2	4	-2	-2	-2	-2	1	-2	-2	-2	-2	8	4	7	4	8	4	-2	5	-2	-2	5	8	-2	5	-2	5	-2	-2	-2	4	-2	5	6	-2	4	-2	-2	-2	4	3	-2	4	-2	-2	9	-2	-2	-2	5	7	3	1	-2	-2	5	-2	8	-2	3	4	-2	-2	-2	-2	-2	2	2	5	9	8	8	-2	-2	9	-2	9	-2	-2	-2	6	-2	-2	-2	8	7	-2	-2	7	-2	1	-2	-2	9	8	3	-2	5	-2	6	-2	-2	4	8	-2	6	5	-2	-2	2	-2	0	-2	-2	2	4	-2	8	-2	-2	0	-2	-2	7	-2	6	-2	0	-2	2	-2	-2
# Values
176.0	1397.0	72.0	0.0	0.0	39.0
41.0	1316.0	72.0	0.0	0.0	36.0
0.0	9.0	28.0	0.0	0.0	0.0
0.0	1.0	21.0	0.0	0.0	0.0
0.0	0.0	20.0	0.0	0.0	0.0
0.0	1.0	1.0	0.0	0.0	0.0
0.0	0.0	1.0	0.0	0.0	0.0
0.0	1.0	0.0	0.0	0.0	0.0
0.0	8.0	7.0	0.0	0.0	0.0
0.0	0.0	4.0	0.0	0.0	0.0
0.0	8.0	3.0	0.0	0.0	0.0
0.0	5.0	0.0	0.0	0.0	0.0
0.0	3.0	3.0	0.0	0.0	0.0
0.0	3.0	1.0	0.0	0.0	0.0
0.0	0.0	1.0	0.0	0.0	0.0
0.0	3.0	0.0	0.0	0.0	0.0
0.0	0.0	2.0	0.0	0.0	0.0
41.0	1307.0	44.0	0.0	0.0	36.0
34.0	1218.0	40.0	0.0	0.0	0.0
0.0	132.0	32.0	0.0	0.0	0.0
0.0	74.0	32.0	0.0	0.0	0.0
0.0	74.0	26.0	0.0	0.0	0.0
0.0	70.0	19.0	0.0	0.0	0.0
0.0	17.0	13.0	0.0	0.0	0.0
0.0	11.0	13.0	0.0	0.0	0.0
0.0	2.0	8.0	0.0	0.0	0.0
0.0	2.0	0.0	0.0	0.0	0.0
0.0	0.0	8.0	0.0	0.0	0.0
0.0	9.0	5.0	0.0	0.0	0.0
0.0	7.0	1.0	0.0	0.0	0.0
0.0	2.0	1.0	0.0	0.0	0.0
0.0	2.0	0.0	0.0	0.0	0.0
0.0	0.0	1.0	0.0	0.0	0.0
0.0	5.0	0.0	0.0	0.0	0.0
0.0	2.0	4.0	0.0	0.0	0.0
0.0	2.0	2.0	0.0	0.0	0.0
0.0	1.0	0.0	0.0	0.0	0.0
0.0	1.0	2.0	0.0	0.0	0.0
0.0	0.0	2.0	0.0	0.0	0.0
0.0	6.0	0.0	0.0	0.0	0.0
0.0	53.0	6.0	0.0	0.0	0.0
0.0	1.0	2.0	0.0	0.0	0.0
0.0	1.0	0.0	0.0	0.0	0.0
0.0	0.0	2.0	0.0	0.0	0.0
0.0	52.0	4.0	0.0	0.0	0.0
0.0	52.0	3.0	0.0	0.0	0.0
0.0	19.0	3.0	0.0	0.0	0.0
0.0	18.0	1.0	0.0	0.0	0.0
0.0	0.0	1.0	0.0	0.0	0.0
0.0	18.0	0.0	0.0	0.0	0.0
0.0	1.0	2.0	0.0	0.0	0.0
0.0	0.0	2.0	0.0	0.0	0.0
0.0	1.0	0.0	0.0	0.0	0.0
0.0	33.0	0.0	0.0	0.0	0.0
0.0	0.0	1.0	0.0	0.0	0.0
0.0	4.0	7.0	0.0	0.0	0.0
0.0	4.0	0.0	0.0	0.0	0.0
0.0	0.0	7.0	0.0	0.0	0.0
0.0	0.0	6.0	0.0	0.0	0.0
0.0	58.0	0.0	0.0	0.0	0.0
34.0	1086.0	8.0	0.0	0.0	0.0
13.0	1003.0	8.0	0.0	0.0	0.0
13.0	1003.0	6.0	0.0	0.0	0.0
5.0	961.0	6.0	0.0	0.0	0.0
5.0	944.0	1.0	0.0	0.0	0.0
0.0	841.0	1.0	0.0	0.0	0.0
0.0	831.0	0.0	0.0	0.0	0.0
0.0	10.0	1.0	0.0	0.0	0.0
0.0	0.0	1.0	0.0	0.0	0.0
0.0	10.0	0.0	0.0	0.0	0.0
5.0	103.0	0.0	0.0	0.0	0.0
2.0	103.0	0.0	0.0	0.0	0.0
1.0	0.0	0.0	0.0	0.0	0.0
1.0	103.0	0.0	0.0	0.0	0.0
0.0	99.0	0.0	0.0	0.0	0.0
1.0	4.0	0.0	0.0	0.0	0.0
1.0	0.0	0.0	0.0	0.0	0.0
0.0	4.0	0.0	0.0	0.0	0.0
3.0	0.0	0.0	0.0	0.0	0.0
0.0	17.0	5.0	0.0	0.0	0.0
0.0	0.0	2.0	0.0	0.0	0.0
0.0	17.0	3.0	0.0	0.0	0.0
0.0	17.0	1.0	0.0	0.0	0.0
0.0	15.0	0.0	0.0	0.0	0.0
0.0	2.0	1.0	0.0	0.0	0.0
0.0	0.0	1.0	0.0	0.0	0.0
0.0	2.0	0.0	0.0	0.0	0.0
0.0	0.0	2.0	0.0	0.0	0.0
8.0	42.0	0.0	0.0	0.0	0.0
6.0	4.0	0.0	0.0	0.0	0.0
5.0	0.0	0.0	0.0	0.0	0.0
1.0	4.0	0.0	0.0	0.0	0.0
0.0	4.0	0.0	0.0	0.0	0.0
1.0	0.0	0.0	0.0	0.0	0.0
2.0	38.0	0.0	0.0	0.0	0.0
0.0	38.0	0.0	0.0	0.0	0.0
2.0	0.0	0.0	0.0	0.0	0.0
0.0	0.0	2.0	0.0	0.0	0.0
21.0	83.0	0.0	0.0	0.0	0.0
10.0	83.0	0.0	0.0	0.0	0.0
7.0	83.0	0.0	0.0	0.0	0.0
4.0	4.0	0.0	0.0	0.0	0.0
4.0	0.0	0.0	0.0	0.0	0.0
0.0	4.0	0.0	0.0	0.0	0.0
3.0	79.0	0.0	0.0	0.0	0.0
0.0	66.0	0.0	0.0	0.0	0.0
3.0	13.0	0.0	0.0	0.0	0.0
1.0	0.0	0.0	0.0	0.0	0.0
2.0	13.0	0.0	0.0	0.0	0.0
2.0	2.0	0.0	0.0	0.0	0.0
0.0	2.0	0.0	0.0	0.0	0.0
2.0	0.0	0.0	0.0	0.0	0.0
0.0	11.0	0.0	0.0	0.0	0.0
3.0	0.0	0.0	0.0	0.0	0.0
11.0	0.0	0.0	0.0	0.0	0.0
7.0	89.0	4.0	0.0	0.0	36.0
6.0	19.0	2.0	0.0	0.0	35.0
6.0	19.0	2.0	0.0	0.0	13.0
2.0	19.0	2.0	0.0	0.0	6.0
2.0	6.0	2.0	0.0	0.0	6.0
0.0	0.0	2.0	0.0	0.0	5.0
0.0	0.0	2.0	0.0	0.0	0.0
0.0	0.0	0.0	0.0	0.0	5.0
2.0	6.0	0.0	0.0	0.0	1.0
2.0	0.0	0.0	0.0	0.0	0.0
0.0	6.0	0.0	0.0	0.0	1.0
0.0	6.0	0.0	0.0	0.0	0.0
0.0	0.0	0.0	0.0	0.0	1.0
0.0	13.0	0.0	0.0	0.0	0.0
4.0	0.0	0.0	0.0	0.0	7.0
4.0	0.0	0.0	0.0	0.0	0.0
0.0	0.0	0.0	0.0	0.0	7.0
0.0	0.0	0.0	0.0	0.0	22.0
1.0	70.0	2.0	0.0	0.0	1.0
0.0	0.0	2.0	0.0	0.0	1.0
0.0	0.0	0.0	0.0	0.0	1.0
0.0	0.0	2.0	0.0	0.0	0.0
1.0	70.0	0.0	0.0	0.0	0.0
0.0	68.0	0.0	0.0	0.0	0.0
1.0	2.0	0.0	0.0	0.0	0.0
0.0	2.0	0.0	0.0	0.0	0.0
1.0	0.0	0.0	0.0	0.0	0.0
135.0	81.0	0.0	0.0	0.0	3.0
118.0	28.0	0.0	0.0	0.0	2.0
14.0	15.0	0.0	0.0	0.0	0.0
0.0	12.0	0.0	0.0	0.0	0.0
14.0	3.0	0.0	0.0	0.0	0.0
12.0	0.0	0.0	0.0	0.0	0.0
2.0	3.0	0.0	0.0	0.0	0.0
0.0	3.0	0.0	0.0	0.0	0.0
2.0	0.0	0.0	0.0	0.0	0.0
104.0	13.0	0.0	0.0	0.0	2.0
35.0	12.0	0.0	0.0	0.0	0.0
0.0	5.0	0.0	0.0	0.0	0.0
35.0	7.0	0.0	0.0	0.0	0.0
10.0	6.0	0.0	0.0	0.0	0.0
10.0	0.0	0.0	0.0	0.0	0.0
0.0	6.0	0.0	0.0	0.0	0.0
25.0	1.0	0.0	0.0	0.0	0.0
22.0	0.0	0.0	0.0	0.0	0.0
3.0	1.0	0.0	0.0	0.0	0.0
0.0	1.0	0.0	0.0	0.0	0.0
3.0	0.0	0.0	0.0	0.0	0.0
69.0	1.0	0.0	0.0	0.0	2.0
69.0	0.0	0.0	0.0	0.0	1.0
67.0	0.0	0.0	0.0	0.0	0.0
2.0	0.0	0.0	0.0	0.0	1.0
2.0	0.0	0.0	0.0	0.0	0.0
0.0	0.0	0.0	0.0	0.0	1.0
0.0	1.0	0.0	0.0	0.0	1.0
0.0	0.0	0.0	0.0	0.0	1.0
0.0	1.0	0.0	0.0	0.0	0.0
17.0	53.0	0.0	0.0	0.0	1.0
0.0	49.0	0.0	0.0	0.0	0.0
17.0	4.0	0.0	0.0	0.0	1.0
16.0	0.0	0.0	0.0	0.0	0.0
1.0	4.0	0.0	0.0	0.0	1.0
1.0	0.0	0.0	0.0	0.0	0.0
0.0	4.0	0.0	0.0	0.0	1.0
0.0	4.0	0.0	0.0	0.0	0.0
0.0	0.0	0.0	0.0	0.0	1.0
