# Sizes (NFeatures, Nclasses, NodeCount, MaxDepth)
10	6	179	14
# Classes
0.0	1.0	2.0	3.0	4.0	5.0
# Feature Names
Nrows	Ncols	Nnnz	AvgNnnz	Density	MaxRowNnnz	MinRowNnnz	StdRowNnnz	NDiags	NTrueDiags
# Left
1	2	3	-1	5	6	7	-1	9	-1	-1	-1	13	14	-1	-1	17	-1	-1	20	21	22	23	24	-1	26	-1	28	-1	-1	31	-1	-1	-1	35	-1	37	-1	39	40	41	-1	-1	-1	-1	46	47	48	49	50	51	52	53	54	55	56	-1	-1	-1	-1	61	62	-1	-1	-1	66	-1	-1	-1	70	71	72	-1	-1	75	-1	77	-1	-1	80	-1	-1	83	84	85	86	-1	-1	89	-1	91	-1	-1	94	95	-1	-1	-1	99	-1	101	-1	-1	104	-1	106	107	-1	-1	110	-1	-1	113	-1	115	116	-1	-1	119	-1	-1	122	123	-1	-1	126	127	-1	-1	-1	131	132	133	-1	-1	136	137	138	139	-1	-1	142	143	144	-1	-1	-1	-1	149	150	-1	152	153	-1	-1	-1	-1	158	-1	-1	161	162	-1	164	165	166	-1	-1	-1	170	-1	-1	173	-1	175	176	-1	-1	-1
# Right
130	19	4	-1	12	11	8	-1	10	-1	-1	-1	16	15	-1	-1	18	-1	-1	45	34	33	30	25	-1	27	-1	29	-1	-1	32	-1	-1	-1	36	-1	38	-1	44	43	42	-1	-1	-1	-1	121	112	103	82	69	68	65	60	59	58	57	-1	-1	-1	-1	64	63	-1	-1	-1	67	-1	-1	-1	79	74	73	-1	-1	76	-1	78	-1	-1	81	-1	-1	98	93	88	87	-1	-1	90	-1	92	-1	-1	97	96	-1	-1	-1	100	-1	102	-1	-1	105	-1	109	108	-1	-1	111	-1	-1	114	-1	118	117	-1	-1	120	-1	-1	125	124	-1	-1	129	128	-1	-1	-1	160	135	134	-1	-1	157	148	141	140	-1	-1	147	146	145	-1	-1	-1	-1	156	151	-1	155	154	-1	-1	-1	-1	159	-1	-1	172	163	-1	169	168	167	-1	-1	-1	171	-1	-1	174	-1	178	177	-1	-1	-1
# Threshold
1363.5	69.5	3.5	-2.0	5.996010065078735	65.5	2.8851749897003174	-2.0	0.5	-2.0	-2.0	-2.0	22.0	152.5	-2.0	-2.0	6.520834922790527	-2.0	-2.0	7.5	4258.5	6.5	640.5	274.5	-2.0	0.002221404924057424	-2.0	260.0	-2.0	-2.0	3581.0	-2.0	-2.0	-2.0	6.5	-2.0	0.27754999697208405	-2.0	1.1299604773521423	2884.5	6.371425151824951	-2.0	-2.0	-2.0	-2.0	64.68210029602051	13663900.0	0.07047069817781448	52345.0	50.5	0.04884039983153343	7.0	1.5	2776.0	7.0	2.675064980983734	-2.0	-2.0	-2.0	-2.0	0.5277290046215057	0.48989301919937134	-2.0	-2.0	-2.0	41636.0	-2.0	-2.0	-2.0	9933335.0	1579.0	1522.0	-2.0	-2.0	25080.0	-2.0	25353.5	-2.0	-2.0	0.00027880749257747084	-2.0	-2.0	14.261650085449219	307.0	3.96140990233107e-06	8.0	-2.0	-2.0	6460295.0	-2.0	3.9209998846054077	-2.0	-2.0	348.0	1.5	-2.0	-2.0	-2.0	15.879849433898926	-2.0	7.646795034408569	-2.0	-2.0	0.07258174940943718	-2.0	13.90054988861084	0.08449319750070572	-2.0	-2.0	133.5	-2.0	-2.0	11113.5	-2.0	447.5	15360600.0	-2.0	-2.0	3.476055007922696e-05	-2.0	-2.0	29265.5	3837990.0	-2.0	-2.0	5.0	315629.0	-2.0	-2.0	-2.0	3.5	9028.0	0.0022307049948722124	-2.0	-2.0	849.4710083007812	6779315.0	1551.0	21.38544988632202	-2.0	-2.0	2.9721949431404937e-05	2.8919799660798162e-05	128175.5	-2.0	-2.0	-2.0	-2.0	1.5	2.6443500701134326e-05	-2.0	286719.5	10159.5	-2.0	-2.0	-2.0	-2.0	60293.0	-2.0	-2.0	203.73550415039062	3.9022200107574463	-2.0	97.61444854736328	4.29445481300354	45005.5	-2.0	-2.0	-2.0	44.80214881896973	-2.0	-2.0	6.5	-2.0	10350.0	108340.0	-2.0	-2.0	-2.0
# Feature
5	1	9	-2	3	0	7	-2	6	-2	-2	-2	8	2	-2	-2	3	-2	-2	8	2	5	2	2	-2	4	-2	0	-2	-2	1	-2	-2	-2	5	-2	7	-2	7	1	3	-2	-2	-2	-2	7	2	4	8	8	4	6	6	2	9	7	-2	-2	-2	-2	7	7	-2	-2	-2	2	-2	-2	-2	2	2	2	-2	-2	8	-2	8	-2	-2	4	-2	-2	7	5	4	5	-2	-2	2	-2	7	-2	-2	5	6	-2	-2	-2	7	-2	3	-2	-2	4	-2	3	4	-2	-2	9	-2	-2	8	-2	5	2	-2	-2	4	-2	-2	1	2	-2	-2	6	0	-2	-2	-2	9	0	4	-2	-2	3	2	5	7	-2	-2	4	4	8	-2	-2	-2	-2	9	4	-2	1	5	-2	-2	-2	-2	0	-2	-2	7	3	-2	7	3	1	-2	-2	-2	3	-2	-2	6	-2	5	1	-2	-2	-2
# Values
161.0	1427.0	68.0	2.0	2.0	24.0
30.0	1344.0	68.0	2.0	0.0	20.0
0.0	10.0	24.0	0.0	0.0	0.0
0.0	0.0	9.0	0.0	0.0	0.0
0.0	10.0	15.0	0.0	0.0	0.0
0.0	7.0	2.0	0.0	0.0	0.0
0.0	7.0	1.0	0.0	0.0	0.0
0.0	5.0	0.0	0.0	0.0	0.0
0.0	2.0	1.0	0.0	0.0	0.0
0.0	2.0	0.0	0.0	0.0	0.0
0.0	0.0	1.0	0.0	0.0	0.0
0.0	0.0	1.0	0.0	0.0	0.0
0.0	3.0	13.0	0.0	0.0	0.0
0.0	2.0	2.0	0.0	0.0	0.0
0.0	0.0	2.0	0.0	0.0	0.0
0.0	2.0	0.0	0.0	0.0	0.0
0.0	1.0	11.0	0.0	0.0	0.0
0.0	1.0	3.0	0.0	0.0	0.0
0.0	0.0	8.0	0.0	0.0	0.0
30.0	1334.0	44.0	2.0	0.0	20.0
0.0	33.0	25.0	0.0	0.0	0.0
0.0	6.0	20.0	0.0	0.0	0.0
0.0	4.0	20.0	0.0	0.0	0.0
0.0	3.0	3.0	0.0	0.0	0.0
0.0	0.0	2.0	0.0	0.0	0.0
0.0	3.0	1.0	0.0	0.0	0.0
0.0	2.0	0.0	0.0	0.0	0.0
0.0	1.0	1.0	0.0	0.0	0.0
0.0	1.0	0.0	0.0	0.0	0.0
0.0	0.0	1.0	0.0	0.0	0.0
0.0	1.0	17.0	0.0	0.0	0.0
0.0	0.0	17.0	0.0	0.0	0.0
0.0	1.0	0.0	0.0	0.0	0.0
0.0	2.0	0.0	0.0	0.0	0.0
0.0	27.0	5.0	0.0	0.0	0.0
0.0	22.0	0.0	0.0	0.0	0.0
0.0	5.0	5.0	0.0	0.0	0.0
0.0	0.0	2.0	0.0	0.0	0.0
0.0	5.0	3.0	0.0	0.0	0.0
0.0	5.0	1.0	0.0	0.0	0.0
0.0	2.0	1.0	0.0	0.0	0.0
0.0	2.0	0.0	0.0	0.0	0.0
0.0	0.0	1.0	0.0	0.0	0.0
0.0	3.0	0.0	0.0	0.0	0.0
0.0	0.0	2.0	0.0	0.0	0.0
30.0	1301.0	19.0	2.0	0.0	20.0
18.0	1291.0	19.0	2.0	0.0	15.0
9.0	1241.0	19.0	2.0	0.0	2.0
9.0	1209.0	8.0	2.0	0.0	2.0
1.0	1129.0	8.0	2.0	0.0	1.0
0.0	90.0	8.0	0.0	0.0	0.0
0.0	90.0	6.0	0.0	0.0	0.0
0.0	82.0	3.0	0.0	0.0	0.0
0.0	12.0	2.0	0.0	0.0	0.0
0.0	3.0	2.0	0.0	0.0	0.0
0.0	3.0	1.0	0.0	0.0	0.0
0.0	2.0	1.0	0.0	0.0	0.0
0.0	1.0	0.0	0.0	0.0	0.0
0.0	0.0	1.0	0.0	0.0	0.0
0.0	9.0	0.0	0.0	0.0	0.0
0.0	70.0	1.0	0.0	0.0	0.0
0.0	27.0	1.0	0.0	0.0	0.0
0.0	27.0	0.0	0.0	0.0	0.0
0.0	0.0	1.0	0.0	0.0	0.0
0.0	43.0	0.0	0.0	0.0	0.0
0.0	8.0	3.0	0.0	0.0	0.0
0.0	0.0	3.0	0.0	0.0	0.0
0.0	8.0	0.0	0.0	0.0	0.0
0.0	0.0	2.0	0.0	0.0	0.0
1.0	1039.0	0.0	2.0	0.0	1.0
1.0	1036.0	0.0	2.0	0.0	0.0
0.0	99.0	0.0	2.0	0.0	0.0
0.0	55.0	0.0	0.0	0.0	0.0
0.0	44.0	0.0	2.0	0.0	0.0
1.0	937.0	0.0	0.0	0.0	0.0
0.0	865.0	0.0	0.0	0.0	0.0
1.0	72.0	0.0	0.0	0.0	0.0
1.0	0.0	0.0	0.0	0.0	0.0
0.0	72.0	0.0	0.0	0.0	0.0
0.0	3.0	0.0	0.0	0.0	1.0
0.0	3.0	0.0	0.0	0.0	0.0
0.0	0.0	0.0	0.0	0.0	1.0
8.0	80.0	0.0	0.0	0.0	1.0
3.0	72.0	0.0	0.0	0.0	1.0
1.0	66.0	0.0	0.0	0.0	1.0
1.0	2.0	0.0	0.0	0.0	0.0
0.0	2.0	0.0	0.0	0.0	0.0
1.0	0.0	0.0	0.0	0.0	0.0
0.0	64.0	0.0	0.0	0.0	1.0
0.0	57.0	0.0	0.0	0.0	0.0
0.0	7.0	0.0	0.0	0.0	1.0
0.0	0.0	0.0	0.0	0.0	1.0
0.0	7.0	0.0	0.0	0.0	0.0
2.0	6.0	0.0	0.0	0.0	0.0
2.0	1.0	0.0	0.0	0.0	0.0
2.0	0.0	0.0	0.0	0.0	0.0
0.0	1.0	0.0	0.0	0.0	0.0
0.0	5.0	0.0	0.0	0.0	0.0
5.0	8.0	0.0	0.0	0.0	0.0
3.0	0.0	0.0	0.0	0.0	0.0
2.0	8.0	0.0	0.0	0.0	0.0
2.0	0.0	0.0	0.0	0.0	0.0
0.0	8.0	0.0	0.0	0.0	0.0
0.0	32.0	11.0	0.0	0.0	0.0
0.0	0.0	6.0	0.0	0.0	0.0
0.0	32.0	5.0	0.0	0.0	0.0
0.0	4.0	4.0	0.0	0.0	0.0
0.0	0.0	4.0	0.0	0.0	0.0
0.0	4.0	0.0	0.0	0.0	0.0
0.0	28.0	1.0	0.0	0.0	0.0
0.0	28.0	0.0	0.0	0.0	0.0
0.0	0.0	1.0	0.0	0.0	0.0
9.0	50.0	0.0	0.0	0.0	13.0
0.0	0.0	0.0	0.0	0.0	13.0
9.0	50.0	0.0	0.0	0.0	0.0
1.0	46.0	0.0	0.0	0.0	0.0
1.0	0.0	0.0	0.0	0.0	0.0
0.0	46.0	0.0	0.0	0.0	0.0
8.0	4.0	0.0	0.0	0.0	0.0
8.0	0.0	0.0	0.0	0.0	0.0
0.0	4.0	0.0	0.0	0.0	0.0
12.0	10.0	0.0	0.0	0.0	5.0
1.0	9.0	0.0	0.0	0.0	0.0
0.0	9.0	0.0	0.0	0.0	0.0
1.0	0.0	0.0	0.0	0.0	0.0
11.0	1.0	0.0	0.0	0.0	5.0
11.0	1.0	0.0	0.0	0.0	0.0
11.0	0.0	0.0	0.0	0.0	0.0
0.0	1.0	0.0	0.0	0.0	0.0
0.0	0.0	0.0	0.0	0.0	5.0
131.0	83.0	0.0	0.0	2.0	4.0
103.0	18.0	0.0	0.0	2.0	1.0
1.0	9.0	0.0	0.0	0.0	0.0
0.0	9.0	0.0	0.0	0.0	0.0
1.0	0.0	0.0	0.0	0.0	0.0
102.0	9.0	0.0	0.0	2.0	1.0
102.0	7.0	0.0	0.0	0.0	1.0
90.0	3.0	0.0	0.0	0.0	0.0
3.0	1.0	0.0	0.0	0.0	0.0
0.0	1.0	0.0	0.0	0.0	0.0
3.0	0.0	0.0	0.0	0.0	0.0
87.0	2.0	0.0	0.0	0.0	0.0
21.0	2.0	0.0	0.0	0.0	0.0
21.0	1.0	0.0	0.0	0.0	0.0
0.0	1.0	0.0	0.0	0.0	0.0
21.0	0.0	0.0	0.0	0.0	0.0
0.0	1.0	0.0	0.0	0.0	0.0
66.0	0.0	0.0	0.0	0.0	0.0
12.0	4.0	0.0	0.0	0.0	1.0
12.0	2.0	0.0	0.0	0.0	1.0
10.0	0.0	0.0	0.0	0.0	0.0
2.0	2.0	0.0	0.0	0.0	1.0
2.0	0.0	0.0	0.0	0.0	1.0
0.0	0.0	0.0	0.0	0.0	1.0
2.0	0.0	0.0	0.0	0.0	0.0
0.0	2.0	0.0	0.0	0.0	0.0
0.0	2.0	0.0	0.0	0.0	0.0
0.0	2.0	0.0	0.0	2.0	0.0
0.0	2.0	0.0	0.0	0.0	0.0
0.0	0.0	0.0	0.0	2.0	0.0
28.0	65.0	0.0	0.0	0.0	3.0
5.0	62.0	0.0	0.0	0.0	0.0
1.0	0.0	0.0	0.0	0.0	0.0
4.0	62.0	0.0	0.0	0.0	0.0
1.0	57.0	0.0	0.0	0.0	0.0
1.0	4.0	0.0	0.0	0.0	0.0
0.0	4.0	0.0	0.0	0.0	0.0
1.0	0.0	0.0	0.0	0.0	0.0
0.0	53.0	0.0	0.0	0.0	0.0
3.0	5.0	0.0	0.0	0.0	0.0
3.0	0.0	0.0	0.0	0.0	0.0
0.0	5.0	0.0	0.0	0.0	0.0
23.0	3.0	0.0	0.0	0.0	3.0
19.0	0.0	0.0	0.0	0.0	0.0
4.0	3.0	0.0	0.0	0.0	3.0
0.0	3.0	0.0	0.0	0.0	3.0
0.0	3.0	0.0	0.0	0.0	0.0
0.0	0.0	0.0	0.0	0.0	3.0
4.0	0.0	0.0	0.0	0.0	0.0
