# Sizes (NFeatures, Nclasses, NodeCount, MaxDepth)
10	6	191	16
# Classes
0.0	1.0	2.0	3.0	4.0	5.0
# Feature Names
Nrows	Ncols	Nnnz	AvgNnnz	Density	MaxRowNnnz	MinRowNnnz	StdRowNnnz	NDiags	NTrueDiags
# Left
1	2	3	-1	5	-1	7	-1	9	-1	11	-1	13	14	15	16	-1	-1	-1	-1	-1	22	23	24	25	-1	-1	-1	29	30	31	32	33	34	35	36	-1	-1	-1	40	41	-1	-1	-1	-1	46	47	-1	-1	-1	-1	-1	-1	54	55	56	57	58	59	-1	-1	62	63	64	-1	66	-1	-1	69	-1	-1	72	73	74	75	76	77	-1	-1	-1	81	-1	83	-1	85	-1	-1	88	-1	-1	91	-1	-1	94	-1	96	-1	-1	99	100	-1	102	-1	-1	105	-1	-1	108	109	-1	111	-1	113	114	115	116	-1	-1	-1	120	-1	122	-1	-1	-1	126	-1	-1	-1	130	131	132	-1	-1	135	-1	-1	-1	139	140	141	142	143	144	-1	-1	-1	-1	-1	150	151	152	153	-1	-1	-1	157	158	-1	-1	-1	162	163	164	-1	-1	-1	168	169	170	-1	172	-1	-1	175	176	-1	-1	-1	180	-1	-1	183	184	185	-1	-1	-1	189	-1	-1
# Right
138	21	4	-1	6	-1	8	-1	10	-1	12	-1	20	19	18	17	-1	-1	-1	-1	-1	53	28	27	26	-1	-1	-1	52	51	50	45	44	39	38	37	-1	-1	-1	43	42	-1	-1	-1	-1	49	48	-1	-1	-1	-1	-1	-1	129	128	107	98	61	60	-1	-1	71	68	65	-1	67	-1	-1	70	-1	-1	93	90	87	80	79	78	-1	-1	-1	82	-1	84	-1	86	-1	-1	89	-1	-1	92	-1	-1	95	-1	97	-1	-1	104	101	-1	103	-1	-1	106	-1	-1	125	110	-1	112	-1	124	119	118	117	-1	-1	-1	121	-1	123	-1	-1	-1	127	-1	-1	-1	137	134	133	-1	-1	136	-1	-1	-1	182	149	148	147	146	145	-1	-1	-1	-1	-1	161	156	155	154	-1	-1	-1	160	159	-1	-1	-1	167	166	165	-1	-1	-1	179	174	171	-1	173	-1	-1	178	177	-1	-1	-1	181	-1	-1	188	187	186	-1	-1	-1	190	-1	-1
# Threshold
1483.0	105.5	0.033034998923540115	-2.0	1.5	-2.0	0.05622190050780773	-2.0	3.5	-2.0	4.690969944000244	-2.0	10.966650009155273	6.789090156555176	1.8061500191688538	56.0	-2.0	-2.0	-2.0	-2.0	-2.0	20.0	2396.0	2.085129976272583	0.9987500011920929	-2.0	-2.0	-2.0	872875.0	14.443599700927734	15482.0	9057.0	4377.0	3227.5	2540.0	0.6983755230903625	-2.0	-2.0	-2.0	1.5	3581.0	-2.0	-2.0	-2.0	-2.0	3.5	7.5	-2.0	-2.0	-2.0	-2.0	-2.0	-2.0	71.85684967041016	0.13463299721479416	447005.0	98689.5	1.3639049939229153e-05	3.394134998321533	-2.0	-2.0	57.5	5.04052996635437	7.0	-2.0	18.5	-2.0	-2.0	28.0	-2.0	-2.0	40.292449951171875	7190605.0	0.08268684893846512	13307.5	1578.0	1522.0	-2.0	-2.0	-2.0	13356.5	-2.0	568.0	-2.0	62015.0	-2.0	-2.0	0.08800449967384338	-2.0	-2.0	7876045.0	-2.0	-2.0	42.052101135253906	-2.0	45006.5	-2.0	-2.0	389.5	14.261650085449219	-2.0	0.0004833670100197196	-2.0	-2.0	0.0002565300019341521	-2.0	-2.0	6.816005043219775e-05	450124.5	-2.0	414.5	-2.0	30.94890022277832	0.5	1528106.5	10.5	-2.0	-2.0	-2.0	93.0	-2.0	108.5	-2.0	-2.0	-2.0	18.45365959405899	-2.0	-2.0	-2.0	0.013336800038814545	5.0	1.5	-2.0	-2.0	8171800.0	-2.0	-2.0	-2.0	7.5	165747.0	10.865300178527832	33183.5	2022.5	29.303799152374268	-2.0	-2.0	-2.0	-2.0	-2.0	2159315.0	5.095895051956177	8693.5	2.0	-2.0	-2.0	-2.0	0.5	45346.0	-2.0	-2.0	-2.0	1.5171200175245758e-05	2.6543249305177596e-06	10719490.0	-2.0	-2.0	-2.0	2.0	35959.5	47946.5	-2.0	77.1588020324707	-2.0	-2.0	368212.5	121203.0	-2.0	-2.0	-2.0	132.96135330200195	-2.0	-2.0	234.22150421142578	11.052450180053711	133986.0	-2.0	-2.0	-2.0	19.0	-2.0	-2.0
# Feature
5	1	4	-2	6	-2	4	-2	9	-2	3	-2	3	3	7	8	-2	-2	-2	-2	-2	8	2	7	3	-2	-2	-2	1	3	2	2	2	2	2	7	-2	-2	-2	6	2	-2	-2	-2	-2	6	5	-2	-2	-2	-2	-2	-2	7	4	1	8	4	7	-2	-2	8	7	6	-2	5	-2	-2	9	-2	-2	7	2	4	8	2	2	-2	-2	-2	8	-2	5	-2	1	-2	-2	4	-2	-2	2	-2	-2	7	-2	8	-2	-2	5	7	-2	4	-2	-2	4	-2	-2	4	0	-2	8	-2	7	6	8	5	-2	-2	-2	5	-2	5	-2	-2	-2	7	-2	-2	-2	4	6	6	-2	-2	2	-2	-2	-2	9	2	3	8	5	7	-2	-2	-2	-2	-2	2	3	5	9	-2	-2	-2	6	0	-2	-2	-2	4	4	8	-2	-2	-2	6	5	8	-2	3	-2	-2	1	5	-2	-2	-2	7	-2	-2	7	3	2	-2	-2	-2	9	-2	-2
# Values
147.0	1442.0	70.0	1.0	0.0	24.0
25.0	1360.0	70.0	1.0	0.0	19.0
0.0	22.0	32.0	0.0	0.0	0.0
0.0	6.0	0.0	0.0	0.0	0.0
0.0	16.0	32.0	0.0	0.0	0.0
0.0	0.0	12.0	0.0	0.0	0.0
0.0	16.0	20.0	0.0	0.0	0.0
0.0	4.0	0.0	0.0	0.0	0.0
0.0	12.0	20.0	0.0	0.0	0.0
0.0	0.0	7.0	0.0	0.0	0.0
0.0	12.0	13.0	0.0	0.0	0.0
0.0	6.0	0.0	0.0	0.0	0.0
0.0	6.0	13.0	0.0	0.0	0.0
0.0	4.0	13.0	0.0	0.0	0.0
0.0	4.0	6.0	0.0	0.0	0.0
0.0	2.0	6.0	0.0	0.0	0.0
0.0	0.0	4.0	0.0	0.0	0.0
0.0	2.0	2.0	0.0	0.0	0.0
0.0	2.0	0.0	0.0	0.0	0.0
0.0	0.0	7.0	0.0	0.0	0.0
0.0	2.0	0.0	0.0	0.0	0.0
25.0	1338.0	38.0	1.0	0.0	19.0
0.0	80.0	31.0	0.0	0.0	0.0
0.0	5.0	16.0	0.0	0.0	0.0
0.0	2.0	16.0	0.0	0.0	0.0
0.0	2.0	0.0	0.0	0.0	0.0
0.0	0.0	16.0	0.0	0.0	0.0
0.0	3.0	0.0	0.0	0.0	0.0
0.0	75.0	15.0	0.0	0.0	0.0
0.0	75.0	11.0	0.0	0.0	0.0
0.0	75.0	9.0	0.0	0.0	0.0
0.0	37.0	9.0	0.0	0.0	0.0
0.0	33.0	4.0	0.0	0.0	0.0
0.0	15.0	4.0	0.0	0.0	0.0
0.0	13.0	1.0	0.0	0.0	0.0
0.0	5.0	1.0	0.0	0.0	0.0
0.0	2.0	0.0	0.0	0.0	0.0
0.0	3.0	1.0	0.0	0.0	0.0
0.0	8.0	0.0	0.0	0.0	0.0
0.0	2.0	3.0	0.0	0.0	0.0
0.0	2.0	1.0	0.0	0.0	0.0
0.0	0.0	1.0	0.0	0.0	0.0
0.0	2.0	0.0	0.0	0.0	0.0
0.0	0.0	2.0	0.0	0.0	0.0
0.0	18.0	0.0	0.0	0.0	0.0
0.0	4.0	5.0	0.0	0.0	0.0
0.0	1.0	5.0	0.0	0.0	0.0
0.0	0.0	3.0	0.0	0.0	0.0
0.0	1.0	2.0	0.0	0.0	0.0
0.0	3.0	0.0	0.0	0.0	0.0
0.0	38.0	0.0	0.0	0.0	0.0
0.0	0.0	2.0	0.0	0.0	0.0
0.0	0.0	4.0	0.0	0.0	0.0
25.0	1258.0	7.0	1.0	0.0	19.0
19.0	1246.0	7.0	1.0	0.0	13.0
19.0	1246.0	4.0	1.0	0.0	13.0
14.0	1174.0	4.0	1.0	0.0	1.0
6.0	1128.0	4.0	1.0	0.0	1.0
1.0	2.0	0.0	0.0	0.0	0.0
0.0	2.0	0.0	0.0	0.0	0.0
1.0	0.0	0.0	0.0	0.0	0.0
5.0	1126.0	4.0	1.0	0.0	1.0
0.0	31.0	3.0	0.0	0.0	0.0
0.0	28.0	1.0	0.0	0.0	0.0
0.0	20.0	0.0	0.0	0.0	0.0
0.0	8.0	1.0	0.0	0.0	0.0
0.0	0.0	1.0	0.0	0.0	0.0
0.0	8.0	0.0	0.0	0.0	0.0
0.0	3.0	2.0	0.0	0.0	0.0
0.0	3.0	0.0	0.0	0.0	0.0
0.0	0.0	2.0	0.0	0.0	0.0
5.0	1095.0	1.0	1.0	0.0	1.0
3.0	1069.0	1.0	1.0	0.0	1.0
3.0	1057.0	1.0	1.0	0.0	0.0
3.0	1043.0	0.0	1.0	0.0	0.0
0.0	891.0	0.0	1.0	0.0	0.0
0.0	79.0	0.0	1.0	0.0	0.0
0.0	40.0	0.0	0.0	0.0	0.0
0.0	39.0	0.0	1.0	0.0	0.0
0.0	812.0	0.0	0.0	0.0	0.0
3.0	152.0	0.0	0.0	0.0	0.0
1.0	0.0	0.0	0.0	0.0	0.0
2.0	152.0	0.0	0.0	0.0	0.0
0.0	149.0	0.0	0.0	0.0	0.0
2.0	3.0	0.0	0.0	0.0	0.0
2.0	0.0	0.0	0.0	0.0	0.0
0.0	3.0	0.0	0.0	0.0	0.0
0.0	14.0	1.0	0.0	0.0	0.0
0.0	0.0	1.0	0.0	0.0	0.0
0.0	14.0	0.0	0.0	0.0	0.0
0.0	12.0	0.0	0.0	0.0	1.0
0.0	0.0	0.0	0.0	0.0	1.0
0.0	12.0	0.0	0.0	0.0	0.0
2.0	26.0	0.0	0.0	0.0	0.0
1.0	0.0	0.0	0.0	0.0	0.0
1.0	26.0	0.0	0.0	0.0	0.0
0.0	26.0	0.0	0.0	0.0	0.0
1.0	0.0	0.0	0.0	0.0	0.0
8.0	46.0	0.0	0.0	0.0	0.0
1.0	45.0	0.0	0.0	0.0	0.0
0.0	42.0	0.0	0.0	0.0	0.0
1.0	3.0	0.0	0.0	0.0	0.0
1.0	0.0	0.0	0.0	0.0	0.0
0.0	3.0	0.0	0.0	0.0	0.0
7.0	1.0	0.0	0.0	0.0	0.0
7.0	0.0	0.0	0.0	0.0	0.0
0.0	1.0	0.0	0.0	0.0	0.0
5.0	72.0	0.0	0.0	0.0	12.0
5.0	71.0	0.0	0.0	0.0	4.0
0.0	0.0	0.0	0.0	0.0	2.0
5.0	71.0	0.0	0.0	0.0	2.0
0.0	0.0	0.0	0.0	0.0	2.0
5.0	71.0	0.0	0.0	0.0	0.0
3.0	71.0	0.0	0.0	0.0	0.0
2.0	7.0	0.0	0.0	0.0	0.0
1.0	7.0	0.0	0.0	0.0	0.0
1.0	0.0	0.0	0.0	0.0	0.0
0.0	7.0	0.0	0.0	0.0	0.0
1.0	0.0	0.0	0.0	0.0	0.0
1.0	64.0	0.0	0.0	0.0	0.0
0.0	52.0	0.0	0.0	0.0	0.0
1.0	12.0	0.0	0.0	0.0	0.0
1.0	0.0	0.0	0.0	0.0	0.0
0.0	12.0	0.0	0.0	0.0	0.0
2.0	0.0	0.0	0.0	0.0	0.0
0.0	1.0	0.0	0.0	0.0	8.0
0.0	0.0	0.0	0.0	0.0	8.0
0.0	1.0	0.0	0.0	0.0	0.0
0.0	0.0	3.0	0.0	0.0	0.0
6.0	12.0	0.0	0.0	0.0	6.0
6.0	5.0	0.0	0.0	0.0	6.0
6.0	3.0	0.0	0.0	0.0	0.0
0.0	3.0	0.0	0.0	0.0	0.0
6.0	0.0	0.0	0.0	0.0	0.0
0.0	2.0	0.0	0.0	0.0	6.0
0.0	2.0	0.0	0.0	0.0	0.0
0.0	0.0	0.0	0.0	0.0	6.0
0.0	7.0	0.0	0.0	0.0	0.0
122.0	82.0	0.0	0.0	0.0	5.0
107.0	35.0	0.0	0.0	0.0	3.0
7.0	12.0	0.0	0.0	0.0	0.0
2.0	12.0	0.0	0.0	0.0	0.0
1.0	12.0	0.0	0.0	0.0	0.0
1.0	2.0	0.0	0.0	0.0	0.0
0.0	2.0	0.0	0.0	0.0	0.0
1.0	0.0	0.0	0.0	0.0	0.0
0.0	10.0	0.0	0.0	0.0	0.0
1.0	0.0	0.0	0.0	0.0	0.0
5.0	0.0	0.0	0.0	0.0	0.0
100.0	23.0	0.0	0.0	0.0	3.0
75.0	6.0	0.0	0.0	0.0	0.0
8.0	5.0	0.0	0.0	0.0	0.0
1.0	5.0	0.0	0.0	0.0	0.0
1.0	0.0	0.0	0.0	0.0	0.0
0.0	5.0	0.0	0.0	0.0	0.0
7.0	0.0	0.0	0.0	0.0	0.0
67.0	1.0	0.0	0.0	0.0	0.0
3.0	1.0	0.0	0.0	0.0	0.0
0.0	1.0	0.0	0.0	0.0	0.0
3.0	0.0	0.0	0.0	0.0	0.0
64.0	0.0	0.0	0.0	0.0	0.0
25.0	17.0	0.0	0.0	0.0	3.0
16.0	2.0	0.0	0.0	0.0	0.0
2.0	2.0	0.0	0.0	0.0	0.0
0.0	2.0	0.0	0.0	0.0	0.0
2.0	0.0	0.0	0.0	0.0	0.0
14.0	0.0	0.0	0.0	0.0	0.0
9.0	15.0	0.0	0.0	0.0	3.0
3.0	14.0	0.0	0.0	0.0	3.0
2.0	2.0	0.0	0.0	0.0	3.0
0.0	2.0	0.0	0.0	0.0	0.0
2.0	0.0	0.0	0.0	0.0	3.0
2.0	0.0	0.0	0.0	0.0	0.0
0.0	0.0	0.0	0.0	0.0	3.0
1.0	12.0	0.0	0.0	0.0	0.0
1.0	1.0	0.0	0.0	0.0	0.0
0.0	1.0	0.0	0.0	0.0	0.0
1.0	0.0	0.0	0.0	0.0	0.0
0.0	11.0	0.0	0.0	0.0	0.0
6.0	1.0	0.0	0.0	0.0	0.0
0.0	1.0	0.0	0.0	0.0	0.0
6.0	0.0	0.0	0.0	0.0	0.0
15.0	47.0	0.0	0.0	0.0	2.0
4.0	47.0	0.0	0.0	0.0	0.0
4.0	3.0	0.0	0.0	0.0	0.0
0.0	3.0	0.0	0.0	0.0	0.0
4.0	0.0	0.0	0.0	0.0	0.0
0.0	44.0	0.0	0.0	0.0	0.0
11.0	0.0	0.0	0.0	0.0	2.0
0.0	0.0	0.0	0.0	0.0	2.0
11.0	0.0	0.0	0.0	0.0	0.0
