# Sizes (NFeatures, Nclasses, NodeCount, MaxDepth)
10	6	175	14
# Classes
0.0	1.0	2.0	3.0	4.0	5.0
# Feature Names
Nrows	Ncols	Nnnz	AvgNnnz	Density	MaxRowNnnz	MinRowNnnz	StdRowNnnz	NDiags	NTrueDiags
# Left
1	2	3	4	5	6	7	8	-1	10	-1	12	13	14	15	-1	17	-1	-1	-1	-1	-1	23	24	-1	26	27	-1	-1	-1	-1	32	33	-1	35	36	-1	-1	-1	40	-1	-1	-1	44	-1	-1	47	48	-1	50	-1	-1	53	54	-1	56	57	58	-1	-1	61	62	-1	-1	-1	66	67	-1	69	-1	-1	-1	-1	74	75	76	77	78	79	80	-1	-1	83	-1	-1	86	87	-1	89	90	-1	-1	-1	94	95	-1	-1	98	-1	100	-1	-1	103	104	-1	-1	107	-1	109	-1	-1	-1	-1	114	115	-1	117	-1	-1	120	121	122	123	-1	-1	-1	127	-1	-1	130	-1	-1	133	134	135	136	137	-1	-1	-1	141	-1	-1	144	145	-1	147	148	149	150	151	-1	-1	-1	-1	156	-1	158	-1	-1	-1	162	163	-1	165	-1	-1	-1	169	170	171	-1	-1	-1	-1
# Right
132	73	46	43	42	31	22	9	-1	11	-1	21	20	19	16	-1	18	-1	-1	-1	-1	-1	30	25	-1	29	28	-1	-1	-1	-1	39	34	-1	38	37	-1	-1	-1	41	-1	-1	-1	45	-1	-1	52	49	-1	51	-1	-1	72	55	-1	65	60	59	-1	-1	64	63	-1	-1	-1	71	68	-1	70	-1	-1	-1	-1	113	112	111	102	85	82	81	-1	-1	84	-1	-1	93	88	-1	92	91	-1	-1	-1	97	96	-1	-1	99	-1	101	-1	-1	106	105	-1	-1	108	-1	110	-1	-1	-1	-1	119	116	-1	118	-1	-1	129	126	125	124	-1	-1	-1	128	-1	-1	131	-1	-1	168	143	140	139	138	-1	-1	-1	142	-1	-1	161	146	-1	160	155	154	153	152	-1	-1	-1	-1	157	-1	159	-1	-1	-1	167	164	-1	166	-1	-1	-1	174	173	172	-1	-1	-1	-1
# Threshold
1353.5	71.5	0.04359779879450798	763215.0	17530.0	7.5	3581.0	106.0	-2.0	0.9987500011920929	-2.0	5.6666648387908936	0.002221404924057424	3348.0	1203.5	-2.0	2528.0	-2.0	-2.0	-2.0	-2.0	-2.0	13308.5	0.4039655029773712	-2.0	1.9984949827194214	6.227010011672974	-2.0	-2.0	-2.0	-2.0	6.5	73.0	-2.0	0.006639369996264577	0.0035278250579722226	-2.0	-2.0	-2.0	18.5	-2.0	-2.0	-2.0	37.5	-2.0	-2.0	1.0317299962043762	0.6088919937610626	-2.0	0.4011010080575943	-2.0	-2.0	39.0	38.5	-2.0	6.0	0.5	41.0	-2.0	-2.0	7.5	1.5214600563049316	-2.0	-2.0	-2.0	0.11783334612846375	1.187874972820282	-2.0	199.5	-2.0	-2.0	-2.0	-2.0	8318270.0	0.515052005648613	211.031005859375	60815.5	147.0	5.288100004196167	139.5	-2.0	-2.0	15.5	-2.0	-2.0	34.496999740600586	218.0	-2.0	230.5	16.10865020751953	-2.0	-2.0	-2.0	15.807349681854248	1.5	-2.0	-2.0	38529.0	-2.0	96.29690170288086	-2.0	-2.0	279.5	225151.0	-2.0	-2.0	9.069799900054932	-2.0	1226.0	-2.0	-2.0	-2.0	-2.0	8410.5	47.0	-2.0	212867.0	-2.0	-2.0	72.81424713134766	36.318899154663086	15641900.0	14078650.0	-2.0	-2.0	-2.0	1203789.0	-2.0	-2.0	0.01105075003579259	-2.0	-2.0	8.5	30215.0	1.5	2187.0	8.806090116500854	-2.0	-2.0	-2.0	7.814975023269653	-2.0	-2.0	77.1588020324707	9.089204788208008	-2.0	3.5	1.948930002981797e-05	1.502545001130784e-05	2.6543249305177596e-06	103.06850242614746	-2.0	-2.0	-2.0	-2.0	2.5	-2.0	49801.0	-2.0	-2.0	-2.0	393216.0	7.0	-2.0	30719.0	-2.0	-2.0	-2.0	18550.0	1.5	85.74454879760742	-2.0	-2.0	-2.0	-2.0
# Feature
5	8	4	1	2	8	2	1	-2	3	-2	3	4	2	0	-2	1	-2	-2	-2	-2	-2	2	7	-2	7	3	-2	-2	-2	-2	6	2	-2	4	4	-2	-2	-2	5	-2	-2	-2	8	-2	-2	7	7	-2	4	-2	-2	9	2	-2	6	6	1	-2	-2	5	7	-2	-2	-2	4	7	-2	0	-2	-2	-2	-2	2	4	7	8	1	7	1	-2	-2	9	-2	-2	7	5	-2	5	7	-2	-2	-2	3	6	-2	-2	1	-2	7	-2	-2	5	2	-2	-2	7	-2	5	-2	-2	-2	-2	8	5	-2	1	-2	-2	7	7	2	2	-2	-2	-2	8	-2	-2	4	-2	-2	9	8	6	5	3	-2	-2	-2	3	-2	-2	3	7	-2	6	4	4	4	7	-2	-2	-2	-2	6	-2	8	-2	-2	-2	1	6	-2	5	-2	-2	-2	5	6	7	-2	-2	-2	-2
# Values
146.0	1432.0	74.0	0.0	1.0	31.0
24.0	1342.0	74.0	0.0	0.0	29.0
0.0	136.0	67.0	0.0	0.0	1.0
0.0	117.0	29.0	0.0	0.0	1.0
0.0	117.0	24.0	0.0	0.0	0.0
0.0	58.0	24.0	0.0	0.0	0.0
0.0	21.0	17.0	0.0	0.0	0.0
0.0	7.0	12.0	0.0	0.0	0.0
0.0	3.0	0.0	0.0	0.0	0.0
0.0	4.0	12.0	0.0	0.0	0.0
0.0	1.0	0.0	0.0	0.0	0.0
0.0	3.0	12.0	0.0	0.0	0.0
0.0	2.0	12.0	0.0	0.0	0.0
0.0	2.0	3.0	0.0	0.0	0.0
0.0	2.0	1.0	0.0	0.0	0.0
0.0	1.0	0.0	0.0	0.0	0.0
0.0	1.0	1.0	0.0	0.0	0.0
0.0	0.0	1.0	0.0	0.0	0.0
0.0	1.0	0.0	0.0	0.0	0.0
0.0	0.0	2.0	0.0	0.0	0.0
0.0	0.0	9.0	0.0	0.0	0.0
0.0	1.0	0.0	0.0	0.0	0.0
0.0	14.0	5.0	0.0	0.0	0.0
0.0	14.0	3.0	0.0	0.0	0.0
0.0	9.0	0.0	0.0	0.0	0.0
0.0	5.0	3.0	0.0	0.0	0.0
0.0	1.0	3.0	0.0	0.0	0.0
0.0	0.0	3.0	0.0	0.0	0.0
0.0	1.0	0.0	0.0	0.0	0.0
0.0	4.0	0.0	0.0	0.0	0.0
0.0	0.0	2.0	0.0	0.0	0.0
0.0	37.0	7.0	0.0	0.0	0.0
0.0	36.0	3.0	0.0	0.0	0.0
0.0	0.0	1.0	0.0	0.0	0.0
0.0	36.0	2.0	0.0	0.0	0.0
0.0	5.0	2.0	0.0	0.0	0.0
0.0	3.0	0.0	0.0	0.0	0.0
0.0	2.0	2.0	0.0	0.0	0.0
0.0	31.0	0.0	0.0	0.0	0.0
0.0	1.0	4.0	0.0	0.0	0.0
0.0	0.0	4.0	0.0	0.0	0.0
0.0	1.0	0.0	0.0	0.0	0.0
0.0	59.0	0.0	0.0	0.0	0.0
0.0	0.0	5.0	0.0	0.0	1.0
0.0	0.0	5.0	0.0	0.0	0.0
0.0	0.0	0.0	0.0	0.0	1.0
0.0	19.0	38.0	0.0	0.0	0.0
0.0	11.0	6.0	0.0	0.0	0.0
0.0	0.0	5.0	0.0	0.0	0.0
0.0	11.0	1.0	0.0	0.0	0.0
0.0	11.0	0.0	0.0	0.0	0.0
0.0	0.0	1.0	0.0	0.0	0.0
0.0	8.0	32.0	0.0	0.0	0.0
0.0	6.0	32.0	0.0	0.0	0.0
0.0	1.0	0.0	0.0	0.0	0.0
0.0	5.0	32.0	0.0	0.0	0.0
0.0	2.0	26.0	0.0	0.0	0.0
0.0	1.0	1.0	0.0	0.0	0.0
0.0	0.0	1.0	0.0	0.0	0.0
0.0	1.0	0.0	0.0	0.0	0.0
0.0	1.0	25.0	0.0	0.0	0.0
0.0	1.0	8.0	0.0	0.0	0.0
0.0	0.0	8.0	0.0	0.0	0.0
0.0	1.0	0.0	0.0	0.0	0.0
0.0	0.0	17.0	0.0	0.0	0.0
0.0	3.0	6.0	0.0	0.0	0.0
0.0	1.0	6.0	0.0	0.0	0.0
0.0	0.0	4.0	0.0	0.0	0.0
0.0	1.0	2.0	0.0	0.0	0.0
0.0	1.0	0.0	0.0	0.0	0.0
0.0	0.0	2.0	0.0	0.0	0.0
0.0	2.0	0.0	0.0	0.0	0.0
0.0	2.0	0.0	0.0	0.0	0.0
24.0	1206.0	7.0	0.0	0.0	28.0
17.0	1133.0	7.0	0.0	0.0	0.0
17.0	1133.0	4.0	0.0	0.0	0.0
15.0	1133.0	4.0	0.0	0.0	0.0
5.0	1064.0	4.0	0.0	0.0	0.0
0.0	22.0	4.0	0.0	0.0	0.0
0.0	21.0	1.0	0.0	0.0	0.0
0.0	21.0	0.0	0.0	0.0	0.0
0.0	0.0	1.0	0.0	0.0	0.0
0.0	1.0	3.0	0.0	0.0	0.0
0.0	0.0	3.0	0.0	0.0	0.0
0.0	1.0	0.0	0.0	0.0	0.0
5.0	1042.0	0.0	0.0	0.0	0.0
1.0	979.0	0.0	0.0	0.0	0.0
0.0	839.0	0.0	0.0	0.0	0.0
1.0	140.0	0.0	0.0	0.0	0.0
1.0	3.0	0.0	0.0	0.0	0.0
0.0	3.0	0.0	0.0	0.0	0.0
1.0	0.0	0.0	0.0	0.0	0.0
0.0	137.0	0.0	0.0	0.0	0.0
4.0	63.0	0.0	0.0	0.0	0.0
3.0	5.0	0.0	0.0	0.0	0.0
0.0	5.0	0.0	0.0	0.0	0.0
3.0	0.0	0.0	0.0	0.0	0.0
1.0	58.0	0.0	0.0	0.0	0.0
0.0	55.0	0.0	0.0	0.0	0.0
1.0	3.0	0.0	0.0	0.0	0.0
0.0	3.0	0.0	0.0	0.0	0.0
1.0	0.0	0.0	0.0	0.0	0.0
10.0	69.0	0.0	0.0	0.0	0.0
1.0	64.0	0.0	0.0	0.0	0.0
1.0	0.0	0.0	0.0	0.0	0.0
0.0	64.0	0.0	0.0	0.0	0.0
9.0	5.0	0.0	0.0	0.0	0.0
0.0	4.0	0.0	0.0	0.0	0.0
9.0	1.0	0.0	0.0	0.0	0.0
9.0	0.0	0.0	0.0	0.0	0.0
0.0	1.0	0.0	0.0	0.0	0.0
2.0	0.0	0.0	0.0	0.0	0.0
0.0	0.0	3.0	0.0	0.0	0.0
7.0	73.0	0.0	0.0	0.0	28.0
0.0	4.0	0.0	0.0	0.0	22.0
0.0	0.0	0.0	0.0	0.0	20.0
0.0	4.0	0.0	0.0	0.0	2.0
0.0	0.0	0.0	0.0	0.0	2.0
0.0	4.0	0.0	0.0	0.0	0.0
7.0	69.0	0.0	0.0	0.0	6.0
4.0	69.0	0.0	0.0	0.0	0.0
2.0	66.0	0.0	0.0	0.0	0.0
2.0	11.0	0.0	0.0	0.0	0.0
0.0	11.0	0.0	0.0	0.0	0.0
2.0	0.0	0.0	0.0	0.0	0.0
0.0	55.0	0.0	0.0	0.0	0.0
2.0	3.0	0.0	0.0	0.0	0.0
0.0	3.0	0.0	0.0	0.0	0.0
2.0	0.0	0.0	0.0	0.0	0.0
3.0	0.0	0.0	0.0	0.0	6.0
0.0	0.0	0.0	0.0	0.0	6.0
3.0	0.0	0.0	0.0	0.0	0.0
122.0	90.0	0.0	0.0	1.0	2.0
111.0	36.0	0.0	0.0	1.0	2.0
20.0	24.0	0.0	0.0	0.0	0.0
3.0	22.0	0.0	0.0	0.0	0.0
3.0	1.0	0.0	0.0	0.0	0.0
0.0	1.0	0.0	0.0	0.0	0.0
3.0	0.0	0.0	0.0	0.0	0.0
0.0	21.0	0.0	0.0	0.0	0.0
17.0	2.0	0.0	0.0	0.0	0.0
0.0	2.0	0.0	0.0	0.0	0.0
17.0	0.0	0.0	0.0	0.0	0.0
91.0	12.0	0.0	0.0	1.0	2.0
90.0	10.0	0.0	0.0	0.0	0.0
0.0	2.0	0.0	0.0	0.0	0.0
90.0	8.0	0.0	0.0	0.0	0.0
90.0	7.0	0.0	0.0	0.0	0.0
23.0	6.0	0.0	0.0	0.0	0.0
23.0	1.0	0.0	0.0	0.0	0.0
5.0	1.0	0.0	0.0	0.0	0.0
0.0	1.0	0.0	0.0	0.0	0.0
5.0	0.0	0.0	0.0	0.0	0.0
18.0	0.0	0.0	0.0	0.0	0.0
0.0	5.0	0.0	0.0	0.0	0.0
67.0	1.0	0.0	0.0	0.0	0.0
64.0	0.0	0.0	0.0	0.0	0.0
3.0	1.0	0.0	0.0	0.0	0.0
0.0	1.0	0.0	0.0	0.0	0.0
3.0	0.0	0.0	0.0	0.0	0.0
0.0	1.0	0.0	0.0	0.0	0.0
1.0	2.0	0.0	0.0	1.0	2.0
1.0	0.0	0.0	0.0	1.0	2.0
0.0	0.0	0.0	0.0	0.0	2.0
1.0	0.0	0.0	0.0	1.0	0.0
1.0	0.0	0.0	0.0	0.0	0.0
0.0	0.0	0.0	0.0	1.0	0.0
0.0	2.0	0.0	0.0	0.0	0.0
11.0	54.0	0.0	0.0	0.0	0.0
4.0	54.0	0.0	0.0	0.0	0.0
4.0	5.0	0.0	0.0	0.0	0.0
0.0	5.0	0.0	0.0	0.0	0.0
4.0	0.0	0.0	0.0	0.0	0.0
0.0	49.0	0.0	0.0	0.0	0.0
7.0	0.0	0.0	0.0	0.0	0.0
