# Sizes (NFeatures, Nclasses, NodeCount, MaxDepth)
10	6	175	15
# Classes
0.0	1.0	2.0	3.0	4.0	5.0
# Feature Names
Nrows	Ncols	Nnnz	AvgNnnz	Density	MaxRowNnnz	MinRowNnnz	StdRowNnnz	NDiags	NTrueDiags
# Left
1	2	3	4	-1	6	-1	-1	9	-1	-1	12	13	14	15	-1	-1	18	19	-1	21	-1	-1	-1	25	26	27	28	29	30	31	-1	-1	34	-1	36	-1	38	-1	-1	-1	-1	-1	44	45	-1	47	-1	-1	-1	-1	52	53	54	55	56	57	58	59	-1	-1	62	63	-1	65	-1	67	-1	69	-1	-1	72	-1	-1	75	-1	-1	78	-1	80	-1	-1	83	-1	85	-1	-1	-1	89	-1	91	92	93	94	-1	-1	-1	-1	-1	100	101	-1	103	-1	-1	106	107	108	-1	-1	111	-1	-1	114	115	116	-1	-1	-1	120	-1	-1	123	124	-1	126	127	-1	-1	130	-1	-1	133	134	135	-1	137	138	-1	140	-1	142	-1	-1	-1	146	-1	148	-1	150	151	-1	-1	154	155	-1	157	-1	-1	160	-1	-1	163	164	-1	-1	167	168	169	-1	-1	172	-1	-1	-1
# Right
122	11	8	5	-1	7	-1	-1	10	-1	-1	51	24	17	16	-1	-1	23	20	-1	22	-1	-1	-1	50	43	42	41	40	33	32	-1	-1	35	-1	37	-1	39	-1	-1	-1	-1	-1	49	46	-1	48	-1	-1	-1	-1	99	88	87	82	77	74	61	60	-1	-1	71	64	-1	66	-1	68	-1	70	-1	-1	73	-1	-1	76	-1	-1	79	-1	81	-1	-1	84	-1	86	-1	-1	-1	90	-1	98	97	96	95	-1	-1	-1	-1	-1	105	102	-1	104	-1	-1	113	110	109	-1	-1	112	-1	-1	119	118	117	-1	-1	-1	121	-1	-1	132	125	-1	129	128	-1	-1	131	-1	-1	162	145	136	-1	144	139	-1	141	-1	143	-1	-1	-1	147	-1	149	-1	153	152	-1	-1	159	156	-1	158	-1	-1	161	-1	-1	166	165	-1	-1	174	171	170	-1	-1	173	-1	-1	-1
# Threshold
1475.5	50.5	16.5	2.707795023918152	-2.0	1.5	-2.0	-2.0	43.5	-2.0	-2.0	22.5	433.0	106.0	0.0494999997317791	-2.0	-2.0	2.085129976272583	0.07239935174584389	-2.0	174.5	-2.0	-2.0	-2.0	679915.0	1928.0	1553.0	3.5	4258.5	6.5	779.5	-2.0	-2.0	7.5	-2.0	12.0	-2.0	606.0	-2.0	-2.0	-2.0	-2.0	-2.0	15482.0	0.00017127449245890602	-2.0	7.0	-2.0	-2.0	-2.0	-2.0	6460295.0	40.62179946899414	0.529482513666153	48097.0	0.10132094845175743	34.17514991760254	32.5	31.5	-2.0	-2.0	0.06222379952669144	13271.5	-2.0	13317.0	-2.0	568.0	-2.0	104534.0	-2.0	-2.0	0.06385109946131706	-2.0	-2.0	34.79409980773926	-2.0	-2.0	150.0	-2.0	16.0	-2.0	-2.0	13.966350078582764	-2.0	11.431449890136719	-2.0	-2.0	-2.0	42.39365005493164	-2.0	60396.0	222.0780029296875	210.0	2943885.0	-2.0	-2.0	-2.0	-2.0	-2.0	8410.5	42.83300018310547	-2.0	7589.0	-2.0	-2.0	8982620.0	34698.0	8337075.0	-2.0	-2.0	2.5	-2.0	-2.0	464.0	1.5	21837750.0	-2.0	-2.0	-2.0	3.476055007922696e-05	-2.0	-2.0	14482.0	79.9249496459961	-2.0	82.5	0.0009404754673596472	-2.0	-2.0	0.05905519984662533	-2.0	-2.0	16.005749702453613	6.483089923858643	2.5	-2.0	247524.0	3.8690550327301025	-2.0	2.0	-2.0	301113.0	-2.0	-2.0	-2.0	146560.5	-2.0	2.6543249305177596e-06	-2.0	15.247600078582764	32386.0	-2.0	-2.0	159.90250396728516	4.0	-2.0	11.070950031280518	-2.0	-2.0	0.5	-2.0	-2.0	237.71300506591797	3.5	-2.0	-2.0	893.14599609375	0.5	589826.0	-2.0	-2.0	4703.0	-2.0	-2.0	-2.0
# Feature
5	0	8	3	-2	6	-2	-2	0	-2	-2	8	0	0	4	-2	-2	7	4	-2	1	-2	-2	-2	0	0	1	6	2	5	2	-2	-2	5	-2	8	-2	1	-2	-2	-2	-2	-2	2	4	-2	5	-2	-2	-2	-2	2	7	4	8	4	7	8	8	-2	-2	4	8	-2	8	-2	5	-2	2	-2	-2	4	-2	-2	7	-2	-2	0	-2	6	-2	-2	7	-2	3	-2	-2	-2	7	-2	8	7	5	2	-2	-2	-2	-2	-2	8	3	-2	8	-2	-2	2	8	2	-2	-2	6	-2	-2	5	9	2	-2	-2	-2	4	-2	-2	8	7	-2	9	4	-2	-2	4	-2	-2	3	3	9	-2	8	3	-2	6	-2	2	-2	-2	-2	2	-2	4	-2	7	1	-2	-2	7	9	-2	3	-2	-2	6	-2	-2	7	9	-2	-2	3	6	1	-2	-2	5	-2	-2	-2
# Values
156.0	1428.0	77.0	0.0	0.0	23.0
34.0	1349.0	77.0	0.0	0.0	22.0
0.0	6.0	25.0	0.0	0.0	0.0
0.0	5.0	7.0	0.0	0.0	0.0
0.0	0.0	6.0	0.0	0.0	0.0
0.0	5.0	1.0	0.0	0.0	0.0
0.0	0.0	1.0	0.0	0.0	0.0
0.0	5.0	0.0	0.0	0.0	0.0
0.0	1.0	18.0	0.0	0.0	0.0
0.0	0.0	14.0	0.0	0.0	0.0
0.0	1.0	4.0	0.0	0.0	0.0
34.0	1343.0	52.0	0.0	0.0	22.0
0.0	90.0	46.0	0.0	0.0	0.0
0.0	7.0	21.0	0.0	0.0	0.0
0.0	4.0	1.0	0.0	0.0	0.0
0.0	4.0	0.0	0.0	0.0	0.0
0.0	0.0	1.0	0.0	0.0	0.0
0.0	3.0	20.0	0.0	0.0	0.0
0.0	1.0	20.0	0.0	0.0	0.0
0.0	0.0	19.0	0.0	0.0	0.0
0.0	1.0	1.0	0.0	0.0	0.0
0.0	0.0	1.0	0.0	0.0	0.0
0.0	1.0	0.0	0.0	0.0	0.0
0.0	2.0	0.0	0.0	0.0	0.0
0.0	83.0	25.0	0.0	0.0	0.0
0.0	83.0	19.0	0.0	0.0	0.0
0.0	32.0	17.0	0.0	0.0	0.0
0.0	32.0	13.0	0.0	0.0	0.0
0.0	23.0	13.0	0.0	0.0	0.0
0.0	17.0	13.0	0.0	0.0	0.0
0.0	2.0	7.0	0.0	0.0	0.0
0.0	2.0	0.0	0.0	0.0	0.0
0.0	0.0	7.0	0.0	0.0	0.0
0.0	15.0	6.0	0.0	0.0	0.0
0.0	9.0	0.0	0.0	0.0	0.0
0.0	6.0	6.0	0.0	0.0	0.0
0.0	0.0	3.0	0.0	0.0	0.0
0.0	6.0	3.0	0.0	0.0	0.0
0.0	1.0	0.0	0.0	0.0	0.0
0.0	5.0	3.0	0.0	0.0	0.0
0.0	6.0	0.0	0.0	0.0	0.0
0.0	9.0	0.0	0.0	0.0	0.0
0.0	0.0	4.0	0.0	0.0	0.0
0.0	51.0	2.0	0.0	0.0	0.0
0.0	15.0	2.0	0.0	0.0	0.0
0.0	0.0	1.0	0.0	0.0	0.0
0.0	15.0	1.0	0.0	0.0	0.0
0.0	13.0	0.0	0.0	0.0	0.0
0.0	2.0	1.0	0.0	0.0	0.0
0.0	36.0	0.0	0.0	0.0	0.0
0.0	0.0	6.0	0.0	0.0	0.0
34.0	1253.0	6.0	0.0	0.0	22.0
26.0	1174.0	6.0	0.0	0.0	0.0
14.0	1151.0	6.0	0.0	0.0	0.0
14.0	1151.0	4.0	0.0	0.0	0.0
4.0	1072.0	4.0	0.0	0.0	0.0
4.0	1064.0	2.0	0.0	0.0	0.0
2.0	1049.0	2.0	0.0	0.0	0.0
0.0	17.0	1.0	0.0	0.0	0.0
0.0	17.0	0.0	0.0	0.0	0.0
0.0	0.0	1.0	0.0	0.0	0.0
2.0	1032.0	1.0	0.0	0.0	0.0
2.0	1008.0	0.0	0.0	0.0	0.0
0.0	898.0	0.0	0.0	0.0	0.0
2.0	110.0	0.0	0.0	0.0	0.0
1.0	0.0	0.0	0.0	0.0	0.0
1.0	110.0	0.0	0.0	0.0	0.0
0.0	108.0	0.0	0.0	0.0	0.0
1.0	2.0	0.0	0.0	0.0	0.0
0.0	2.0	0.0	0.0	0.0	0.0
1.0	0.0	0.0	0.0	0.0	0.0
0.0	24.0	1.0	0.0	0.0	0.0
0.0	0.0	1.0	0.0	0.0	0.0
0.0	24.0	0.0	0.0	0.0	0.0
2.0	15.0	0.0	0.0	0.0	0.0
2.0	0.0	0.0	0.0	0.0	0.0
0.0	15.0	0.0	0.0	0.0	0.0
0.0	8.0	2.0	0.0	0.0	0.0
0.0	7.0	0.0	0.0	0.0	0.0
0.0	1.0	2.0	0.0	0.0	0.0
0.0	0.0	2.0	0.0	0.0	0.0
0.0	1.0	0.0	0.0	0.0	0.0
10.0	79.0	0.0	0.0	0.0	0.0
0.0	73.0	0.0	0.0	0.0	0.0
10.0	6.0	0.0	0.0	0.0	0.0
10.0	0.0	0.0	0.0	0.0	0.0
0.0	6.0	0.0	0.0	0.0	0.0
0.0	0.0	2.0	0.0	0.0	0.0
12.0	23.0	0.0	0.0	0.0	0.0
6.0	0.0	0.0	0.0	0.0	0.0
6.0	23.0	0.0	0.0	0.0	0.0
3.0	23.0	0.0	0.0	0.0	0.0
1.0	23.0	0.0	0.0	0.0	0.0
1.0	1.0	0.0	0.0	0.0	0.0
0.0	1.0	0.0	0.0	0.0	0.0
1.0	0.0	0.0	0.0	0.0	0.0
0.0	22.0	0.0	0.0	0.0	0.0
2.0	0.0	0.0	0.0	0.0	0.0
3.0	0.0	0.0	0.0	0.0	0.0
8.0	79.0	0.0	0.0	0.0	22.0
0.0	6.0	0.0	0.0	0.0	16.0
0.0	0.0	0.0	0.0	0.0	15.0
0.0	6.0	0.0	0.0	0.0	1.0
0.0	6.0	0.0	0.0	0.0	0.0
0.0	0.0	0.0	0.0	0.0	1.0
8.0	73.0	0.0	0.0	0.0	6.0
1.0	5.0	0.0	0.0	0.0	6.0
1.0	3.0	0.0	0.0	0.0	0.0
0.0	3.0	0.0	0.0	0.0	0.0
1.0	0.0	0.0	0.0	0.0	0.0
0.0	2.0	0.0	0.0	0.0	6.0
0.0	2.0	0.0	0.0	0.0	0.0
0.0	0.0	0.0	0.0	0.0	6.0
7.0	68.0	0.0	0.0	0.0	0.0
4.0	65.0	0.0	0.0	0.0	0.0
4.0	11.0	0.0	0.0	0.0	0.0
4.0	0.0	0.0	0.0	0.0	0.0
0.0	11.0	0.0	0.0	0.0	0.0
0.0	54.0	0.0	0.0	0.0	0.0
3.0	3.0	0.0	0.0	0.0	0.0
3.0	0.0	0.0	0.0	0.0	0.0
0.0	3.0	0.0	0.0	0.0	0.0
122.0	79.0	0.0	0.0	0.0	1.0
10.0	34.0	0.0	0.0	0.0	0.0
0.0	30.0	0.0	0.0	0.0	0.0
10.0	4.0	0.0	0.0	0.0	0.0
9.0	1.0	0.0	0.0	0.0	0.0
0.0	1.0	0.0	0.0	0.0	0.0
9.0	0.0	0.0	0.0	0.0	0.0
1.0	3.0	0.0	0.0	0.0	0.0
0.0	3.0	0.0	0.0	0.0	0.0
1.0	0.0	0.0	0.0	0.0	0.0
112.0	45.0	0.0	0.0	0.0	1.0
96.0	17.0	0.0	0.0	0.0	0.0
22.0	11.0	0.0	0.0	0.0	0.0
14.0	0.0	0.0	0.0	0.0	0.0
8.0	11.0	0.0	0.0	0.0	0.0
4.0	11.0	0.0	0.0	0.0	0.0
3.0	0.0	0.0	0.0	0.0	0.0
1.0	11.0	0.0	0.0	0.0	0.0
0.0	9.0	0.0	0.0	0.0	0.0
1.0	2.0	0.0	0.0	0.0	0.0
1.0	0.0	0.0	0.0	0.0	0.0
0.0	2.0	0.0	0.0	0.0	0.0
4.0	0.0	0.0	0.0	0.0	0.0
74.0	6.0	0.0	0.0	0.0	0.0
0.0	1.0	0.0	0.0	0.0	0.0
74.0	5.0	0.0	0.0	0.0	0.0
0.0	1.0	0.0	0.0	0.0	0.0
74.0	4.0	0.0	0.0	0.0	0.0
1.0	1.0	0.0	0.0	0.0	0.0
0.0	1.0	0.0	0.0	0.0	0.0
1.0	0.0	0.0	0.0	0.0	0.0
73.0	3.0	0.0	0.0	0.0	0.0
64.0	1.0	0.0	0.0	0.0	0.0
59.0	0.0	0.0	0.0	0.0	0.0
5.0	1.0	0.0	0.0	0.0	0.0
5.0	0.0	0.0	0.0	0.0	0.0
0.0	1.0	0.0	0.0	0.0	0.0
9.0	2.0	0.0	0.0	0.0	0.0
0.0	2.0	0.0	0.0	0.0	0.0
9.0	0.0	0.0	0.0	0.0	0.0
16.0	28.0	0.0	0.0	0.0	1.0
1.0	22.0	0.0	0.0	0.0	0.0
1.0	0.0	0.0	0.0	0.0	0.0
0.0	22.0	0.0	0.0	0.0	0.0
15.0	6.0	0.0	0.0	0.0	1.0
15.0	3.0	0.0	0.0	0.0	1.0
0.0	2.0	0.0	0.0	0.0	1.0
0.0	0.0	0.0	0.0	0.0	1.0
0.0	2.0	0.0	0.0	0.0	0.0
15.0	1.0	0.0	0.0	0.0	0.0
0.0	1.0	0.0	0.0	0.0	0.0
15.0	0.0	0.0	0.0	0.0	0.0
0.0	3.0	0.0	0.0	0.0	0.0
