# Sizes (NFeatures, Nclasses, NodeCount, MaxDepth)
10	6	183	13
# Classes
0.0	1.0	2.0	3.0	4.0	5.0
# Feature Names
Nrows	Ncols	Nnnz	AvgNnnz	Density	MaxRowNnnz	MinRowNnnz	StdRowNnnz	NDiags	NTrueDiags
# Left
1	2	3	4	5	6	7	8	-1	10	-1	-1	-1	14	-1	-1	-1	18	19	-1	21	-1	23	24	-1	26	-1	-1	-1	30	31	-1	-1	34	-1	36	-1	-1	39	40	41	-1	43	-1	-1	-1	-1	48	-1	50	51	52	53	54	55	56	-1	58	59	60	-1	-1	-1	64	-1	-1	-1	68	69	-1	71	-1	-1	74	75	-1	-1	78	-1	80	-1	82	-1	-1	-1	-1	87	88	-1	90	91	92	-1	-1	95	-1	97	-1	-1	-1	101	-1	103	104	-1	-1	-1	108	109	110	-1	112	-1	-1	-1	116	117	118	119	-1	-1	-1	123	-1	-1	126	-1	-1	129	130	131	132	133	134	-1	-1	-1	-1	-1	140	141	142	143	144	-1	146	-1	-1	-1	-1	151	-1	153	-1	-1	156	-1	158	159	160	-1	-1	-1	164	165	-1	167	-1	-1	-1	171	172	173	-1	-1	-1	177	-1	179	-1	181	-1	-1
# Right
128	47	38	17	16	13	12	9	-1	11	-1	-1	-1	15	-1	-1	-1	29	20	-1	22	-1	28	25	-1	27	-1	-1	-1	33	32	-1	-1	35	-1	37	-1	-1	46	45	42	-1	44	-1	-1	-1	-1	49	-1	107	86	85	84	67	66	57	-1	63	62	61	-1	-1	-1	65	-1	-1	-1	73	70	-1	72	-1	-1	77	76	-1	-1	79	-1	81	-1	83	-1	-1	-1	-1	100	89	-1	99	94	93	-1	-1	96	-1	98	-1	-1	-1	102	-1	106	105	-1	-1	-1	115	114	111	-1	113	-1	-1	-1	125	122	121	120	-1	-1	-1	124	-1	-1	127	-1	-1	170	139	138	137	136	135	-1	-1	-1	-1	-1	155	150	149	148	145	-1	147	-1	-1	-1	-1	152	-1	154	-1	-1	157	-1	163	162	161	-1	-1	-1	169	166	-1	168	-1	-1	-1	176	175	174	-1	-1	-1	178	-1	180	-1	182	-1	-1
# Threshold
1360.0	20.5	4679.5	0.603516012430191	2528.0	5.7238099575042725	0.21250999718904495	3.5	-2.0	900.0	-2.0	-2.0	-2.0	0.009995349682867527	-2.0	-2.0	-2.0	16.5	0.7251240015029907	-2.0	152.5	-2.0	8.5	3.871000051498413	-2.0	506.0	-2.0	-2.0	-2.0	0.04730779863893986	6.765475034713745	-2.0	-2.0	15.5	-2.0	14.443599700927734	-2.0	-2.0	763215.0	2980.5	9057.0	-2.0	3.5	-2.0	-2.0	-2.0	-2.0	51.0	-2.0	8318270.0	60815.5	0.529482513666153	222.0780029296875	166.0	164.0	0.053083401173353195	-2.0	0.08136314898729324	0.06925325095653534	136.5	-2.0	-2.0	-2.0	0.7292499840259552	-2.0	-2.0	-2.0	661.5	45119.5	-2.0	47.4432487487793	-2.0	-2.0	0.0005125004972796887	3140855.0	-2.0	-2.0	695.0	-2.0	1.5	-2.0	30.836750030517578	-2.0	-2.0	-2.0	-2.0	279.5	1.9065750241279602	-2.0	6094660.0	3.7941999835311435e-06	90214.0	-2.0	-2.0	5.5	-2.0	102.0	-2.0	-2.0	-2.0	9.069799900054932	-2.0	13.5	1226.0	-2.0	-2.0	-2.0	8373.0	52.0	44.16670036315918	-2.0	6.5	-2.0	-2.0	-2.0	61.72559928894043	474.5	0.5	4.6051599979400635	-2.0	-2.0	-2.0	9.5	-2.0	-2.0	0.00621568993665278	-2.0	-2.0	7.5	175129.0	10.868550300598145	2.5	1802.5	1575.5	-2.0	-2.0	-2.0	-2.0	-2.0	16.005749702453613	4.5	2.0381299691507593e-05	1.5319350040954305e-05	2.0	-2.0	4.158139972787467e-06	-2.0	-2.0	-2.0	-2.0	43481.5	-2.0	2.0	-2.0	-2.0	24874.0	-2.0	7985.5	5039710.0	1.5	-2.0	-2.0	-2.0	64919.0	0.5	-2.0	0.5	-2.0	-2.0	-2.0	234.22150421142578	10.826849937438965	133986.0	-2.0	-2.0	-2.0	6.5	-2.0	53702.5	-2.0	677.8044738769531	-2.0	-2.0
# Feature
5	8	2	7	1	3	7	9	-2	1	-2	-2	-2	4	-2	-2	-2	8	7	-2	2	-2	5	3	-2	1	-2	-2	-2	4	3	-2	-2	5	-2	3	-2	-2	0	0	2	-2	6	-2	-2	-2	-2	0	-2	2	8	4	7	1	0	4	-2	4	4	1	-2	-2	-2	7	-2	-2	-2	5	8	-2	7	-2	-2	4	2	-2	-2	5	-2	6	-2	7	-2	-2	-2	-2	5	3	-2	2	4	8	-2	-2	6	-2	5	-2	-2	-2	7	-2	9	5	-2	-2	-2	8	9	3	-2	6	-2	-2	-2	7	5	6	7	-2	-2	-2	6	-2	-2	4	-2	-2	9	2	3	6	5	5	-2	-2	-2	-2	-2	3	9	4	4	9	-2	4	-2	-2	-2	-2	1	-2	6	-2	-2	8	-2	5	2	9	-2	-2	-2	5	6	-2	9	-2	-2	-2	7	3	2	-2	-2	-2	6	-2	8	-2	7	-2	-2
# Values
153.0	1436.0	70.0	0.0	0.0	25.0
32.0	1348.0	70.0	0.0	0.0	21.0
0.0	88.0	52.0	0.0	0.0	0.0
0.0	29.0	44.0	0.0	0.0	0.0
0.0	8.0	29.0	0.0	0.0	0.0
0.0	5.0	29.0	0.0	0.0	0.0
0.0	2.0	27.0	0.0	0.0	0.0
0.0	2.0	11.0	0.0	0.0	0.0
0.0	0.0	10.0	0.0	0.0	0.0
0.0	2.0	1.0	0.0	0.0	0.0
0.0	2.0	0.0	0.0	0.0	0.0
0.0	0.0	1.0	0.0	0.0	0.0
0.0	0.0	16.0	0.0	0.0	0.0
0.0	3.0	2.0	0.0	0.0	0.0
0.0	0.0	2.0	0.0	0.0	0.0
0.0	3.0	0.0	0.0	0.0	0.0
0.0	3.0	0.0	0.0	0.0	0.0
0.0	21.0	15.0	0.0	0.0	0.0
0.0	19.0	5.0	0.0	0.0	0.0
0.0	10.0	0.0	0.0	0.0	0.0
0.0	9.0	5.0	0.0	0.0	0.0
0.0	0.0	2.0	0.0	0.0	0.0
0.0	9.0	3.0	0.0	0.0	0.0
0.0	3.0	3.0	0.0	0.0	0.0
0.0	2.0	0.0	0.0	0.0	0.0
0.0	1.0	3.0	0.0	0.0	0.0
0.0	0.0	2.0	0.0	0.0	0.0
0.0	1.0	1.0	0.0	0.0	0.0
0.0	6.0	0.0	0.0	0.0	0.0
0.0	2.0	10.0	0.0	0.0	0.0
0.0	1.0	1.0	0.0	0.0	0.0
0.0	0.0	1.0	0.0	0.0	0.0
0.0	1.0	0.0	0.0	0.0	0.0
0.0	1.0	9.0	0.0	0.0	0.0
0.0	0.0	5.0	0.0	0.0	0.0
0.0	1.0	4.0	0.0	0.0	0.0
0.0	1.0	0.0	0.0	0.0	0.0
0.0	0.0	4.0	0.0	0.0	0.0
0.0	59.0	8.0	0.0	0.0	0.0
0.0	59.0	4.0	0.0	0.0	0.0
0.0	19.0	4.0	0.0	0.0	0.0
0.0	18.0	0.0	0.0	0.0	0.0
0.0	1.0	4.0	0.0	0.0	0.0
0.0	0.0	4.0	0.0	0.0	0.0
0.0	1.0	0.0	0.0	0.0	0.0
0.0	40.0	0.0	0.0	0.0	0.0
0.0	0.0	4.0	0.0	0.0	0.0
32.0	1260.0	18.0	0.0	0.0	21.0
0.0	0.0	10.0	0.0	0.0	0.0
32.0	1260.0	8.0	0.0	0.0	21.0
27.0	1181.0	8.0	0.0	0.0	1.0
9.0	1111.0	8.0	0.0	0.0	0.0
9.0	1111.0	6.0	0.0	0.0	0.0
8.0	1111.0	6.0	0.0	0.0	0.0
0.0	40.0	6.0	0.0	0.0	0.0
0.0	40.0	5.0	0.0	0.0	0.0
0.0	19.0	0.0	0.0	0.0	0.0
0.0	21.0	5.0	0.0	0.0	0.0
0.0	5.0	4.0	0.0	0.0	0.0
0.0	5.0	1.0	0.0	0.0	0.0
0.0	5.0	0.0	0.0	0.0	0.0
0.0	0.0	1.0	0.0	0.0	0.0
0.0	0.0	3.0	0.0	0.0	0.0
0.0	16.0	1.0	0.0	0.0	0.0
0.0	0.0	1.0	0.0	0.0	0.0
0.0	16.0	0.0	0.0	0.0	0.0
0.0	0.0	1.0	0.0	0.0	0.0
8.0	1071.0	0.0	0.0	0.0	0.0
1.0	973.0	0.0	0.0	0.0	0.0
0.0	957.0	0.0	0.0	0.0	0.0
1.0	16.0	0.0	0.0	0.0	0.0
0.0	16.0	0.0	0.0	0.0	0.0
1.0	0.0	0.0	0.0	0.0	0.0
7.0	98.0	0.0	0.0	0.0	0.0
4.0	1.0	0.0	0.0	0.0	0.0
4.0	0.0	0.0	0.0	0.0	0.0
0.0	1.0	0.0	0.0	0.0	0.0
3.0	97.0	0.0	0.0	0.0	0.0
1.0	0.0	0.0	0.0	0.0	0.0
2.0	97.0	0.0	0.0	0.0	0.0
0.0	87.0	0.0	0.0	0.0	0.0
2.0	10.0	0.0	0.0	0.0	0.0
0.0	10.0	0.0	0.0	0.0	0.0
2.0	0.0	0.0	0.0	0.0	0.0
1.0	0.0	0.0	0.0	0.0	0.0
0.0	0.0	2.0	0.0	0.0	0.0
18.0	70.0	0.0	0.0	0.0	1.0
5.0	60.0	0.0	0.0	0.0	1.0
3.0	0.0	0.0	0.0	0.0	0.0
2.0	60.0	0.0	0.0	0.0	1.0
2.0	60.0	0.0	0.0	0.0	0.0
1.0	2.0	0.0	0.0	0.0	0.0
1.0	0.0	0.0	0.0	0.0	0.0
0.0	2.0	0.0	0.0	0.0	0.0
1.0	58.0	0.0	0.0	0.0	0.0
0.0	55.0	0.0	0.0	0.0	0.0
1.0	3.0	0.0	0.0	0.0	0.0
0.0	3.0	0.0	0.0	0.0	0.0
1.0	0.0	0.0	0.0	0.0	0.0
0.0	0.0	0.0	0.0	0.0	1.0
13.0	10.0	0.0	0.0	0.0	0.0
0.0	5.0	0.0	0.0	0.0	0.0
13.0	5.0	0.0	0.0	0.0	0.0
13.0	2.0	0.0	0.0	0.0	0.0
13.0	0.0	0.0	0.0	0.0	0.0
0.0	2.0	0.0	0.0	0.0	0.0
0.0	3.0	0.0	0.0	0.0	0.0
5.0	79.0	0.0	0.0	0.0	20.0
0.0	4.0	0.0	0.0	0.0	15.0
0.0	1.0	0.0	0.0	0.0	15.0
0.0	0.0	0.0	0.0	0.0	13.0
0.0	1.0	0.0	0.0	0.0	2.0
0.0	1.0	0.0	0.0	0.0	0.0
0.0	0.0	0.0	0.0	0.0	2.0
0.0	3.0	0.0	0.0	0.0	0.0
5.0	75.0	0.0	0.0	0.0	5.0
3.0	75.0	0.0	0.0	0.0	0.0
1.0	71.0	0.0	0.0	0.0	0.0
1.0	7.0	0.0	0.0	0.0	0.0
0.0	7.0	0.0	0.0	0.0	0.0
1.0	0.0	0.0	0.0	0.0	0.0
0.0	64.0	0.0	0.0	0.0	0.0
2.0	4.0	0.0	0.0	0.0	0.0
2.0	0.0	0.0	0.0	0.0	0.0
0.0	4.0	0.0	0.0	0.0	0.0
2.0	0.0	0.0	0.0	0.0	5.0
0.0	0.0	0.0	0.0	0.0	5.0
2.0	0.0	0.0	0.0	0.0	0.0
121.0	88.0	0.0	0.0	0.0	4.0
105.0	36.0	0.0	0.0	0.0	3.0
7.0	17.0	0.0	0.0	0.0	0.0
2.0	17.0	0.0	0.0	0.0	0.0
1.0	17.0	0.0	0.0	0.0	0.0
1.0	2.0	0.0	0.0	0.0	0.0
0.0	2.0	0.0	0.0	0.0	0.0
1.0	0.0	0.0	0.0	0.0	0.0
0.0	15.0	0.0	0.0	0.0	0.0
1.0	0.0	0.0	0.0	0.0	0.0
5.0	0.0	0.0	0.0	0.0	0.0
98.0	19.0	0.0	0.0	0.0	3.0
89.0	10.0	0.0	0.0	0.0	0.0
84.0	7.0	0.0	0.0	0.0	0.0
26.0	7.0	0.0	0.0	0.0	0.0
26.0	1.0	0.0	0.0	0.0	0.0
20.0	0.0	0.0	0.0	0.0	0.0
6.0	1.0	0.0	0.0	0.0	0.0
0.0	1.0	0.0	0.0	0.0	0.0
6.0	0.0	0.0	0.0	0.0	0.0
0.0	6.0	0.0	0.0	0.0	0.0
58.0	0.0	0.0	0.0	0.0	0.0
5.0	3.0	0.0	0.0	0.0	0.0
0.0	2.0	0.0	0.0	0.0	0.0
5.0	1.0	0.0	0.0	0.0	0.0
5.0	0.0	0.0	0.0	0.0	0.0
0.0	1.0	0.0	0.0	0.0	0.0
9.0	9.0	0.0	0.0	0.0	3.0
6.0	0.0	0.0	0.0	0.0	0.0
3.0	9.0	0.0	0.0	0.0	3.0
1.0	8.0	0.0	0.0	0.0	0.0
1.0	1.0	0.0	0.0	0.0	0.0
0.0	1.0	0.0	0.0	0.0	0.0
1.0	0.0	0.0	0.0	0.0	0.0
0.0	7.0	0.0	0.0	0.0	0.0
2.0	1.0	0.0	0.0	0.0	3.0
2.0	0.0	0.0	0.0	0.0	3.0
0.0	0.0	0.0	0.0	0.0	2.0
2.0	0.0	0.0	0.0	0.0	1.0
2.0	0.0	0.0	0.0	0.0	0.0
0.0	0.0	0.0	0.0	0.0	1.0
0.0	1.0	0.0	0.0	0.0	0.0
16.0	52.0	0.0	0.0	0.0	1.0
4.0	49.0	0.0	0.0	0.0	0.0
4.0	4.0	0.0	0.0	0.0	0.0
0.0	4.0	0.0	0.0	0.0	0.0
4.0	0.0	0.0	0.0	0.0	0.0
0.0	45.0	0.0	0.0	0.0	0.0
12.0	3.0	0.0	0.0	0.0	1.0
11.0	0.0	0.0	0.0	0.0	0.0
1.0	3.0	0.0	0.0	0.0	1.0
0.0	3.0	0.0	0.0	0.0	0.0
1.0	0.0	0.0	0.0	0.0	1.0
0.0	0.0	0.0	0.0	0.0	1.0
1.0	0.0	0.0	0.0	0.0	0.0
