# Sizes (NFeatures, Nclasses, NodeCount, MaxDepth)
10	6	189	15
# Classes
0.0	1.0	2.0	3.0	4.0	5.0
# Feature Names
Nrows	Ncols	Nnnz	AvgNnnz	Density	MaxRowNnnz	MinRowNnnz	StdRowNnnz	NDiags	NTrueDiags
# Left
1	2	3	4	-1	6	-1	-1	9	-1	11	-1	13	-1	15	-1	-1	18	19	20	21	22	-1	24	25	26	-1	-1	-1	-1	-1	32	33	34	35	-1	37	-1	-1	40	-1	42	-1	44	-1	46	47	48	-1	-1	-1	-1	53	-1	-1	-1	57	58	59	60	-1	-1	63	-1	65	66	-1	-1	69	70	-1	72	-1	-1	75	76	-1	-1	-1	80	-1	82	83	84	-1	-1	-1	88	-1	-1	91	92	-1	94	95	96	-1	-1	-1	-1	101	102	-1	104	-1	-1	107	-1	-1	110	111	112	113	-1	115	-1	117	118	119	120	-1	122	123	-1	125	-1	-1	-1	-1	-1	-1	-1	-1	134	-1	136	-1	-1	139	140	141	-1	143	144	-1	-1	-1	148	149	-1	151	152	-1	-1	155	-1	-1	-1	159	160	161	-1	163	-1	165	-1	167	-1	-1	170	171	-1	-1	-1	175	-1	177	178	179	-1	181	-1	-1	184	-1	186	-1	-1	-1
# Right
138	17	8	5	-1	7	-1	-1	10	-1	12	-1	14	-1	16	-1	-1	109	56	31	30	23	-1	29	28	27	-1	-1	-1	-1	-1	55	52	39	36	-1	38	-1	-1	41	-1	43	-1	45	-1	51	50	49	-1	-1	-1	-1	54	-1	-1	-1	90	79	62	61	-1	-1	64	-1	68	67	-1	-1	74	71	-1	73	-1	-1	78	77	-1	-1	-1	81	-1	87	86	85	-1	-1	-1	89	-1	-1	100	93	-1	99	98	97	-1	-1	-1	-1	106	103	-1	105	-1	-1	108	-1	-1	133	132	131	114	-1	116	-1	130	129	128	121	-1	127	124	-1	126	-1	-1	-1	-1	-1	-1	-1	-1	135	-1	137	-1	-1	158	147	142	-1	146	145	-1	-1	-1	157	150	-1	154	153	-1	-1	156	-1	-1	-1	174	169	162	-1	164	-1	166	-1	168	-1	-1	173	172	-1	-1	-1	176	-1	188	183	180	-1	182	-1	-1	185	-1	187	-1	-1	-1
# Threshold
1483.0	50.5	1.0317299962043762	0.49637550115585327	-2.0	0.36889050900936127	-2.0	-2.0	10.0	-2.0	43.0	-2.0	0.12616149708628654	-2.0	8.208799839019775	-2.0	-2.0	4374195.0	34.0	0.0023384749656543136	2.0	3348.0	-2.0	17899.5	9519.5	3581.0	-2.0	-2.0	-2.0	-2.0	-2.0	2.429965019226074	8111.0	2.5	0.0038730000378564	-2.0	6.235039949417114	-2.0	-2.0	0.3924499899148941	-2.0	0.4525020122528076	-2.0	784.0	-2.0	14.0	3.5	2490.0	-2.0	-2.0	-2.0	-2.0	0.4241360127925873	-2.0	-2.0	-2.0	45006.5	0.07441424950957298	46.0	7556.0	-2.0	-2.0	226.5	-2.0	230.5	9832.5	-2.0	-2.0	0.0010174750350415707	1.5	-2.0	1421700.0	-2.0	-2.0	0.0014266700018197298	32.621700286865234	-2.0	-2.0	-2.0	0.0750606507062912	-2.0	256.5	0.08136314898729324	0.07835105061531067	-2.0	-2.0	-2.0	281.0	-2.0	-2.0	13.966350078582764	1.9065750241279602	-2.0	960.5	4.7551700390613405e-06	2.0417299992914195e-06	-2.0	-2.0	-2.0	-2.0	2173245.0	11.734649658203125	-2.0	32233.0	-2.0	-2.0	3423510.0	-2.0	-2.0	18841350.0	17034800.0	112.5	1.2916100331494818e-06	-2.0	536.0	-2.0	91.85654830932617	389.10499572753906	12.372200012207031	12.784749984741211	-2.0	353925.5	123.0	-2.0	7.0	-2.0	-2.0	-2.0	-2.0	-2.0	-2.0	-2.0	-2.0	36.318899154663086	-2.0	84521500.0	-2.0	-2.0	34908.0	2267.5	16.32515001296997	-2.0	42272.5	60082.0	-2.0	-2.0	-2.0	11916.0	72.07444763183594	-2.0	9.0	10116305.0	-2.0	-2.0	1.5	-2.0	-2.0	-2.0	30.644850730895996	3.5	486164.5	-2.0	525303.5	-2.0	2991420.0	-2.0	34036550.0	-2.0	-2.0	51.97884941101074	331319.0	-2.0	-2.0	-2.0	180.8270034790039	-2.0	19.0	22917750.0	55515.5	-2.0	272.4675064086914	-2.0	-2.0	806.1549987792969	-2.0	1132.8945007324219	-2.0	-2.0	-2.0
# Feature
5	0	7	7	-2	4	-2	-2	8	-2	1	-2	4	-2	3	-2	-2	2	8	4	5	1	-2	2	0	2	-2	-2	-2	-2	-2	7	2	6	4	-2	3	-2	-2	7	-2	7	-2	2	-2	5	6	2	-2	-2	-2	-2	7	-2	-2	-2	8	4	8	2	-2	-2	5	-2	5	1	-2	-2	4	6	-2	2	-2	-2	4	7	-2	-2	-2	4	-2	8	4	4	-2	-2	-2	0	-2	-2	7	3	-2	5	4	4	-2	-2	-2	-2	2	3	-2	1	-2	-2	2	-2	-2	2	2	9	4	-2	8	-2	7	3	7	3	-2	0	5	-2	6	-2	-2	-2	-2	-2	-2	-2	-2	7	-2	2	-2	-2	8	5	7	-2	0	2	-2	-2	-2	5	7	-2	9	2	-2	-2	6	-2	-2	-2	3	9	8	-2	8	-2	0	-2	2	-2	-2	7	2	-2	-2	-2	7	-2	9	2	8	-2	7	-2	-2	7	-2	7	-2	-2	-2
# Values
166.0	1408.0	71.0	0.0	0.0	39.0
44.0	1341.0	71.0	0.0	0.0	32.0
0.0	11.0	27.0	0.0	0.0	0.0
0.0	7.0	4.0	0.0	0.0	0.0
0.0	0.0	2.0	0.0	0.0	0.0
0.0	7.0	2.0	0.0	0.0	0.0
0.0	7.0	0.0	0.0	0.0	0.0
0.0	0.0	2.0	0.0	0.0	0.0
0.0	4.0	23.0	0.0	0.0	0.0
0.0	2.0	0.0	0.0	0.0	0.0
0.0	2.0	23.0	0.0	0.0	0.0
0.0	0.0	19.0	0.0	0.0	0.0
0.0	2.0	4.0	0.0	0.0	0.0
0.0	1.0	0.0	0.0	0.0	0.0
0.0	1.0	4.0	0.0	0.0	0.0
0.0	1.0	2.0	0.0	0.0	0.0
0.0	0.0	2.0	0.0	0.0	0.0
44.0	1330.0	44.0	0.0	0.0	32.0
30.0	1237.0	40.0	0.0	0.0	0.0
0.0	97.0	32.0	0.0	0.0	0.0
0.0	63.0	3.0	0.0	0.0	0.0
0.0	7.0	3.0	0.0	0.0	0.0
0.0	4.0	0.0	0.0	0.0	0.0
0.0	3.0	3.0	0.0	0.0	0.0
0.0	1.0	3.0	0.0	0.0	0.0
0.0	1.0	1.0	0.0	0.0	0.0
0.0	0.0	1.0	0.0	0.0	0.0
0.0	1.0	0.0	0.0	0.0	0.0
0.0	0.0	2.0	0.0	0.0	0.0
0.0	2.0	0.0	0.0	0.0	0.0
0.0	56.0	0.0	0.0	0.0	0.0
0.0	34.0	29.0	0.0	0.0	0.0
0.0	26.0	29.0	0.0	0.0	0.0
0.0	25.0	20.0	0.0	0.0	0.0
0.0	3.0	11.0	0.0	0.0	0.0
0.0	2.0	0.0	0.0	0.0	0.0
0.0	1.0	11.0	0.0	0.0	0.0
0.0	0.0	11.0	0.0	0.0	0.0
0.0	1.0	0.0	0.0	0.0	0.0
0.0	22.0	9.0	0.0	0.0	0.0
0.0	9.0	0.0	0.0	0.0	0.0
0.0	13.0	9.0	0.0	0.0	0.0
0.0	0.0	5.0	0.0	0.0	0.0
0.0	13.0	4.0	0.0	0.0	0.0
0.0	0.0	2.0	0.0	0.0	0.0
0.0	13.0	2.0	0.0	0.0	0.0
0.0	13.0	1.0	0.0	0.0	0.0
0.0	1.0	1.0	0.0	0.0	0.0
0.0	1.0	0.0	0.0	0.0	0.0
0.0	0.0	1.0	0.0	0.0	0.0
0.0	12.0	0.0	0.0	0.0	0.0
0.0	0.0	1.0	0.0	0.0	0.0
0.0	1.0	9.0	0.0	0.0	0.0
0.0	1.0	0.0	0.0	0.0	0.0
0.0	0.0	9.0	0.0	0.0	0.0
0.0	8.0	0.0	0.0	0.0	0.0
30.0	1140.0	8.0	0.0	0.0	0.0
6.0	1065.0	8.0	0.0	0.0	0.0
6.0	1041.0	2.0	0.0	0.0	0.0
0.0	13.0	2.0	0.0	0.0	0.0
0.0	13.0	0.0	0.0	0.0	0.0
0.0	0.0	2.0	0.0	0.0	0.0
6.0	1028.0	0.0	0.0	0.0	0.0
0.0	829.0	0.0	0.0	0.0	0.0
6.0	199.0	0.0	0.0	0.0	0.0
2.0	1.0	0.0	0.0	0.0	0.0
0.0	1.0	0.0	0.0	0.0	0.0
2.0	0.0	0.0	0.0	0.0	0.0
4.0	198.0	0.0	0.0	0.0	0.0
3.0	14.0	0.0	0.0	0.0	0.0
0.0	13.0	0.0	0.0	0.0	0.0
3.0	1.0	0.0	0.0	0.0	0.0
3.0	0.0	0.0	0.0	0.0	0.0
0.0	1.0	0.0	0.0	0.0	0.0
1.0	184.0	0.0	0.0	0.0	0.0
1.0	15.0	0.0	0.0	0.0	0.0
0.0	15.0	0.0	0.0	0.0	0.0
1.0	0.0	0.0	0.0	0.0	0.0
0.0	169.0	0.0	0.0	0.0	0.0
0.0	24.0	6.0	0.0	0.0	0.0
0.0	0.0	1.0	0.0	0.0	0.0
0.0	24.0	5.0	0.0	0.0	0.0
0.0	17.0	1.0	0.0	0.0	0.0
0.0	2.0	1.0	0.0	0.0	0.0
0.0	2.0	0.0	0.0	0.0	0.0
0.0	0.0	1.0	0.0	0.0	0.0
0.0	15.0	0.0	0.0	0.0	0.0
0.0	7.0	4.0	0.0	0.0	0.0
0.0	0.0	4.0	0.0	0.0	0.0
0.0	7.0	0.0	0.0	0.0	0.0
24.0	75.0	0.0	0.0	0.0	0.0
7.0	72.0	0.0	0.0	0.0	0.0
5.0	0.0	0.0	0.0	0.0	0.0
2.0	72.0	0.0	0.0	0.0	0.0
1.0	72.0	0.0	0.0	0.0	0.0
1.0	4.0	0.0	0.0	0.0	0.0
0.0	4.0	0.0	0.0	0.0	0.0
1.0	0.0	0.0	0.0	0.0	0.0
0.0	68.0	0.0	0.0	0.0	0.0
1.0	0.0	0.0	0.0	0.0	0.0
17.0	3.0	0.0	0.0	0.0	0.0
16.0	1.0	0.0	0.0	0.0	0.0
15.0	0.0	0.0	0.0	0.0	0.0
1.0	1.0	0.0	0.0	0.0	0.0
1.0	0.0	0.0	0.0	0.0	0.0
0.0	1.0	0.0	0.0	0.0	0.0
1.0	2.0	0.0	0.0	0.0	0.0
0.0	2.0	0.0	0.0	0.0	0.0
1.0	0.0	0.0	0.0	0.0	0.0
14.0	93.0	4.0	0.0	0.0	32.0
12.0	36.0	4.0	0.0	0.0	32.0
12.0	36.0	4.0	0.0	0.0	13.0
4.0	36.0	4.0	0.0	0.0	13.0
4.0	0.0	0.0	0.0	0.0	0.0
0.0	36.0	4.0	0.0	0.0	13.0
0.0	0.0	4.0	0.0	0.0	0.0
0.0	36.0	0.0	0.0	0.0	13.0
0.0	36.0	0.0	0.0	0.0	9.0
0.0	36.0	0.0	0.0	0.0	7.0
0.0	14.0	0.0	0.0	0.0	7.0
0.0	8.0	0.0	0.0	0.0	0.0
0.0	6.0	0.0	0.0	0.0	7.0
0.0	6.0	0.0	0.0	0.0	2.0
0.0	5.0	0.0	0.0	0.0	0.0
0.0	1.0	0.0	0.0	0.0	2.0
0.0	1.0	0.0	0.0	0.0	0.0
0.0	0.0	0.0	0.0	0.0	2.0
0.0	0.0	0.0	0.0	0.0	5.0
0.0	22.0	0.0	0.0	0.0	0.0
0.0	0.0	0.0	0.0	0.0	2.0
0.0	0.0	0.0	0.0	0.0	4.0
8.0	0.0	0.0	0.0	0.0	0.0
0.0	0.0	0.0	0.0	0.0	19.0
2.0	57.0	0.0	0.0	0.0	0.0
0.0	55.0	0.0	0.0	0.0	0.0
2.0	2.0	0.0	0.0	0.0	0.0
0.0	2.0	0.0	0.0	0.0	0.0
2.0	0.0	0.0	0.0	0.0	0.0
122.0	67.0	0.0	0.0	0.0	7.0
15.0	44.0	0.0	0.0	0.0	0.0
9.0	7.0	0.0	0.0	0.0	0.0
0.0	3.0	0.0	0.0	0.0	0.0
9.0	4.0	0.0	0.0	0.0	0.0
9.0	2.0	0.0	0.0	0.0	0.0
0.0	2.0	0.0	0.0	0.0	0.0
9.0	0.0	0.0	0.0	0.0	0.0
0.0	2.0	0.0	0.0	0.0	0.0
6.0	37.0	0.0	0.0	0.0	0.0
4.0	37.0	0.0	0.0	0.0	0.0
0.0	25.0	0.0	0.0	0.0	0.0
4.0	12.0	0.0	0.0	0.0	0.0
3.0	1.0	0.0	0.0	0.0	0.0
3.0	0.0	0.0	0.0	0.0	0.0
0.0	1.0	0.0	0.0	0.0	0.0
1.0	11.0	0.0	0.0	0.0	0.0
1.0	0.0	0.0	0.0	0.0	0.0
0.0	11.0	0.0	0.0	0.0	0.0
2.0	0.0	0.0	0.0	0.0	0.0
107.0	23.0	0.0	0.0	0.0	7.0
100.0	9.0	0.0	0.0	0.0	0.0
92.0	3.0	0.0	0.0	0.0	0.0
70.0	0.0	0.0	0.0	0.0	0.0
22.0	3.0	0.0	0.0	0.0	0.0
0.0	2.0	0.0	0.0	0.0	0.0
22.0	1.0	0.0	0.0	0.0	0.0
19.0	0.0	0.0	0.0	0.0	0.0
3.0	1.0	0.0	0.0	0.0	0.0
0.0	1.0	0.0	0.0	0.0	0.0
3.0	0.0	0.0	0.0	0.0	0.0
8.0	6.0	0.0	0.0	0.0	0.0
1.0	6.0	0.0	0.0	0.0	0.0
1.0	0.0	0.0	0.0	0.0	0.0
0.0	6.0	0.0	0.0	0.0	0.0
7.0	0.0	0.0	0.0	0.0	0.0
7.0	14.0	0.0	0.0	0.0	7.0
0.0	10.0	0.0	0.0	0.0	0.0
7.0	4.0	0.0	0.0	0.0	7.0
2.0	4.0	0.0	0.0	0.0	7.0
2.0	0.0	0.0	0.0	0.0	6.0
1.0	0.0	0.0	0.0	0.0	0.0
1.0	0.0	0.0	0.0	0.0	6.0
1.0	0.0	0.0	0.0	0.0	0.0
0.0	0.0	0.0	0.0	0.0	6.0
0.0	4.0	0.0	0.0	0.0	1.0
0.0	2.0	0.0	0.0	0.0	0.0
0.0	2.0	0.0	0.0	0.0	1.0
0.0	0.0	0.0	0.0	0.0	1.0
0.0	2.0	0.0	0.0	0.0	0.0
5.0	0.0	0.0	0.0	0.0	0.0
