# Sizes (NFeatures, Nclasses, NodeCount, MaxDepth)
10	6	211	13
# Classes
0.0	1.0	2.0	3.0	4.0	5.0
# Feature Names
Nrows	Ncols	Nnnz	AvgNnnz	Density	MaxRowNnnz	MinRowNnnz	StdRowNnnz	NDiags	NTrueDiags
# Left
1	2	3	4	5	-1	7	8	9	10	-1	12	-1	-1	15	16	-1	-1	-1	-1	-1	22	23	-1	-1	26	27	-1	29	-1	-1	32	33	34	35	-1	-1	-1	-1	40	-1	42	-1	-1	45	46	47	48	49	50	51	52	-1	54	-1	56	-1	-1	-1	-1	61	62	63	-1	-1	-1	-1	68	69	70	-1	72	-1	-1	-1	-1	-1	-1	79	-1	-1	82	83	84	85	86	87	88	89	-1	91	-1	-1	94	-1	-1	-1	98	99	-1	-1	102	-1	104	-1	106	-1	108	-1	-1	111	-1	113	114	-1	-1	117	-1	119	-1	-1	122	-1	124	-1	126	-1	-1	129	130	-1	-1	133	-1	135	-1	-1	138	139	140	141	142	-1	-1	-1	-1	147	-1	149	-1	151	-1	-1	154	-1	156	157	158	-1	-1	161	-1	163	-1	-1	166	-1	-1	169	170	171	-1	173	174	-1	-1	-1	178	-1	180	181	182	183	-1	-1	-1	187	188	-1	-1	-1	192	-1	-1	195	196	197	198	-1	200	-1	-1	-1	-1	205	-1	207	-1	209	-1	-1
# Right
168	81	44	21	6	-1	20	19	14	11	-1	13	-1	-1	18	17	-1	-1	-1	-1	-1	25	24	-1	-1	31	28	-1	30	-1	-1	39	38	37	36	-1	-1	-1	-1	41	-1	43	-1	-1	78	77	76	67	60	59	58	53	-1	55	-1	57	-1	-1	-1	-1	66	65	64	-1	-1	-1	-1	75	74	71	-1	73	-1	-1	-1	-1	-1	-1	80	-1	-1	137	128	121	110	97	96	93	90	-1	92	-1	-1	95	-1	-1	-1	101	100	-1	-1	103	-1	105	-1	107	-1	109	-1	-1	112	-1	116	115	-1	-1	118	-1	120	-1	-1	123	-1	125	-1	127	-1	-1	132	131	-1	-1	134	-1	136	-1	-1	153	146	145	144	143	-1	-1	-1	-1	148	-1	150	-1	152	-1	-1	155	-1	165	160	159	-1	-1	162	-1	164	-1	-1	167	-1	-1	194	177	172	-1	176	175	-1	-1	-1	179	-1	191	186	185	184	-1	-1	-1	190	189	-1	-1	-1	193	-1	-1	204	203	202	199	-1	201	-1	-1	-1	-1	206	-1	208	-1	210	-1	-1
# Threshold
1483.0	71.5	2898.0	0.6159195005893707	0.5	-2.0	37.0	562.5	274.5	0.012040034867823124	-2.0	1.5	-2.0	-2.0	3.0	452.5	-2.0	-2.0	-2.0	-2.0	-2.0	1.0317299962043762	2490.0	-2.0	-2.0	53.5	16.5	-2.0	4.121260046958923	-2.0	-2.0	24.5	0.05101889930665493	9.0	7.0	-2.0	-2.0	-2.0	-2.0	54.5	-2.0	2.004765033721924	-2.0	-2.0	763215.0	17530.0	7.0	0.004334000172093511	4.462850093841553	0.0038730000378564	3.0	0.00017127449245890602	-2.0	0.00027925948961637914	-2.0	3348.0	-2.0	-2.0	-2.0	-2.0	2126.5	3.5	1952.0	-2.0	-2.0	-2.0	-2.0	702.0	665.5	32.0	-2.0	50.5	-2.0	-2.0	-2.0	-2.0	-2.0	-2.0	3202055.0	-2.0	-2.0	51938.0	8318270.0	0.13277550041675568	34.496999740600586	172.5	256.5	6.9467151165008545	139.5	-2.0	2.367609977722168	-2.0	-2.0	0.07332899793982506	-2.0	-2.0	-2.0	1578.0	1502.5	-2.0	-2.0	13307.5	-2.0	13317.0	-2.0	568.0	-2.0	3.0	-2.0	-2.0	34.79409980773926	-2.0	17.247299671173096	0.0026264050393365324	-2.0	-2.0	45281.5	-2.0	3338715.0	-2.0	-2.0	0.15339799970388412	-2.0	5.020989894866943	-2.0	133.5	-2.0	-2.0	8410.5	44.16670036315918	-2.0	-2.0	61.871999740600586	-2.0	174.0755958557129	-2.0	-2.0	1.5	71144.5	3.0	58812.0	0.5	-2.0	-2.0	-2.0	-2.0	6.580995082855225	-2.0	8.05157995223999	-2.0	887945.0	-2.0	-2.0	55145.0	-2.0	55.922698974609375	0.5	294.0	-2.0	-2.0	14.261650085449219	-2.0	3.0	-2.0	-2.0	64.5	-2.0	-2.0	3.5	28132.0	8.020060062408447	-2.0	9028.0	0.0019230050384067	-2.0	-2.0	-2.0	23429.0	-2.0	54.19035053253174	6779315.0	4.249670028686523	3.824965000152588	-2.0	-2.0	-2.0	2322315.0	1.0	-2.0	-2.0	-2.0	7.5	-2.0	-2.0	195.21900177001953	11.052450180053711	13.0	49801.0	-2.0	331319.0	-2.0	-2.0	-2.0	-2.0	6.5	-2.0	92139.5	-2.0	3006.0	-2.0	-2.0
# Feature
5	8	2	7	6	-2	8	2	2	4	-2	8	-2	-2	8	1	-2	-2	-2	-2	-2	7	2	-2	-2	1	8	-2	7	-2	-2	8	4	5	5	-2	-2	-2	-2	8	-2	7	-2	-2	1	2	6	4	3	4	8	4	-2	4	-2	0	-2	-2	-2	-2	0	6	0	-2	-2	-2	-2	1	0	9	-2	8	-2	-2	-2	-2	-2	-2	0	-2	-2	8	2	4	7	1	8	7	1	-2	7	-2	-2	4	-2	-2	-2	2	2	-2	-2	8	-2	8	-2	5	-2	6	-2	-2	7	-2	3	4	-2	-2	8	-2	2	-2	-2	4	-2	7	-2	9	-2	-2	8	3	-2	-2	7	-2	7	-2	-2	6	8	9	8	9	-2	-2	-2	-2	7	-2	3	-2	1	-2	-2	8	-2	7	9	5	-2	-2	7	-2	9	-2	-2	6	-2	-2	9	8	3	-2	0	4	-2	-2	-2	0	-2	3	2	3	3	-2	-2	-2	8	9	-2	-2	-2	6	-2	-2	7	3	9	8	-2	2	-2	-2	-2	-2	6	-2	1	-2	5	-2	-2
# Values
179.0	1389.0	87.0	3.0	0.0	26.0
42.0	1315.0	87.0	3.0	0.0	20.0
0.0	144.0	75.0	0.0	0.0	1.0
0.0	42.0	55.0	0.0	0.0	0.0
0.0	7.0	26.0	0.0	0.0	0.0
0.0	1.0	0.0	0.0	0.0	0.0
0.0	6.0	26.0	0.0	0.0	0.0
0.0	5.0	26.0	0.0	0.0	0.0
0.0	5.0	12.0	0.0	0.0	0.0
0.0	1.0	10.0	0.0	0.0	0.0
0.0	0.0	5.0	0.0	0.0	0.0
0.0	1.0	5.0	0.0	0.0	0.0
0.0	1.0	0.0	0.0	0.0	0.0
0.0	0.0	5.0	0.0	0.0	0.0
0.0	4.0	2.0	0.0	0.0	0.0
0.0	2.0	2.0	0.0	0.0	0.0
0.0	0.0	2.0	0.0	0.0	0.0
0.0	2.0	0.0	0.0	0.0	0.0
0.0	2.0	0.0	0.0	0.0	0.0
0.0	0.0	14.0	0.0	0.0	0.0
0.0	1.0	0.0	0.0	0.0	0.0
0.0	35.0	29.0	0.0	0.0	0.0
0.0	15.0	1.0	0.0	0.0	0.0
0.0	14.0	0.0	0.0	0.0	0.0
0.0	1.0	1.0	0.0	0.0	0.0
0.0	20.0	28.0	0.0	0.0	0.0
0.0	4.0	17.0	0.0	0.0	0.0
0.0	3.0	0.0	0.0	0.0	0.0
0.0	1.0	17.0	0.0	0.0	0.0
0.0	0.0	17.0	0.0	0.0	0.0
0.0	1.0	0.0	0.0	0.0	0.0
0.0	16.0	11.0	0.0	0.0	0.0
0.0	4.0	9.0	0.0	0.0	0.0
0.0	4.0	4.0	0.0	0.0	0.0
0.0	1.0	4.0	0.0	0.0	0.0
0.0	0.0	1.0	0.0	0.0	0.0
0.0	1.0	3.0	0.0	0.0	0.0
0.0	3.0	0.0	0.0	0.0	0.0
0.0	0.0	5.0	0.0	0.0	0.0
0.0	12.0	2.0	0.0	0.0	0.0
0.0	11.0	0.0	0.0	0.0	0.0
0.0	1.0	2.0	0.0	0.0	0.0
0.0	1.0	0.0	0.0	0.0	0.0
0.0	0.0	2.0	0.0	0.0	0.0
0.0	102.0	20.0	0.0	0.0	1.0
0.0	102.0	17.0	0.0	0.0	0.0
0.0	42.0	17.0	0.0	0.0	0.0
0.0	42.0	14.0	0.0	0.0	0.0
0.0	18.0	12.0	0.0	0.0	0.0
0.0	15.0	5.0	0.0	0.0	0.0
0.0	15.0	2.0	0.0	0.0	0.0
0.0	2.0	2.0	0.0	0.0	0.0
0.0	0.0	1.0	0.0	0.0	0.0
0.0	2.0	1.0	0.0	0.0	0.0
0.0	1.0	0.0	0.0	0.0	0.0
0.0	1.0	1.0	0.0	0.0	0.0
0.0	1.0	0.0	0.0	0.0	0.0
0.0	0.0	1.0	0.0	0.0	0.0
0.0	13.0	0.0	0.0	0.0	0.0
0.0	0.0	3.0	0.0	0.0	0.0
0.0	3.0	7.0	0.0	0.0	0.0
0.0	3.0	5.0	0.0	0.0	0.0
0.0	2.0	5.0	0.0	0.0	0.0
0.0	0.0	1.0	0.0	0.0	0.0
0.0	2.0	4.0	0.0	0.0	0.0
0.0	1.0	0.0	0.0	0.0	0.0
0.0	0.0	2.0	0.0	0.0	0.0
0.0	24.0	2.0	0.0	0.0	0.0
0.0	8.0	2.0	0.0	0.0	0.0
0.0	8.0	1.0	0.0	0.0	0.0
0.0	6.0	0.0	0.0	0.0	0.0
0.0	2.0	1.0	0.0	0.0	0.0
0.0	1.0	1.0	0.0	0.0	0.0
0.0	1.0	0.0	0.0	0.0	0.0
0.0	0.0	1.0	0.0	0.0	0.0
0.0	16.0	0.0	0.0	0.0	0.0
0.0	0.0	3.0	0.0	0.0	0.0
0.0	60.0	0.0	0.0	0.0	0.0
0.0	0.0	3.0	0.0	0.0	1.0
0.0	0.0	3.0	0.0	0.0	0.0
0.0	0.0	0.0	0.0	0.0	1.0
42.0	1171.0	12.0	3.0	0.0	19.0
14.0	1049.0	12.0	3.0	0.0	13.0
10.0	1030.0	12.0	3.0	0.0	0.0
10.0	1022.0	4.0	3.0	0.0	0.0
4.0	978.0	4.0	3.0	0.0	0.0
0.0	26.0	4.0	0.0	0.0	0.0
0.0	26.0	2.0	0.0	0.0	0.0
0.0	24.0	1.0	0.0	0.0	0.0
0.0	22.0	0.0	0.0	0.0	0.0
0.0	2.0	1.0	0.0	0.0	0.0
0.0	2.0	0.0	0.0	0.0	0.0
0.0	0.0	1.0	0.0	0.0	0.0
0.0	2.0	1.0	0.0	0.0	0.0
0.0	0.0	1.0	0.0	0.0	0.0
0.0	2.0	0.0	0.0	0.0	0.0
0.0	0.0	2.0	0.0	0.0	0.0
4.0	952.0	0.0	3.0	0.0	0.0
0.0	61.0	0.0	3.0	0.0	0.0
0.0	25.0	0.0	0.0	0.0	0.0
0.0	36.0	0.0	3.0	0.0	0.0
4.0	891.0	0.0	0.0	0.0	0.0
0.0	767.0	0.0	0.0	0.0	0.0
4.0	124.0	0.0	0.0	0.0	0.0
2.0	0.0	0.0	0.0	0.0	0.0
2.0	124.0	0.0	0.0	0.0	0.0
0.0	123.0	0.0	0.0	0.0	0.0
2.0	1.0	0.0	0.0	0.0	0.0
2.0	0.0	0.0	0.0	0.0	0.0
0.0	1.0	0.0	0.0	0.0	0.0
6.0	44.0	0.0	0.0	0.0	0.0
3.0	0.0	0.0	0.0	0.0	0.0
3.0	44.0	0.0	0.0	0.0	0.0
2.0	5.0	0.0	0.0	0.0	0.0
2.0	0.0	0.0	0.0	0.0	0.0
0.0	5.0	0.0	0.0	0.0	0.0
1.0	39.0	0.0	0.0	0.0	0.0
0.0	37.0	0.0	0.0	0.0	0.0
1.0	2.0	0.0	0.0	0.0	0.0
1.0	0.0	0.0	0.0	0.0	0.0
0.0	2.0	0.0	0.0	0.0	0.0
0.0	8.0	8.0	0.0	0.0	0.0
0.0	0.0	4.0	0.0	0.0	0.0
0.0	8.0	4.0	0.0	0.0	0.0
0.0	0.0	3.0	0.0	0.0	0.0
0.0	8.0	1.0	0.0	0.0	0.0
0.0	8.0	0.0	0.0	0.0	0.0
0.0	0.0	1.0	0.0	0.0	0.0
4.0	19.0	0.0	0.0	0.0	13.0
0.0	3.0	0.0	0.0	0.0	12.0
0.0	0.0	0.0	0.0	0.0	12.0
0.0	3.0	0.0	0.0	0.0	0.0
4.0	16.0	0.0	0.0	0.0	1.0
0.0	16.0	0.0	0.0	0.0	0.0
4.0	0.0	0.0	0.0	0.0	1.0
0.0	0.0	0.0	0.0	0.0	1.0
4.0	0.0	0.0	0.0	0.0	0.0
28.0	122.0	0.0	0.0	0.0	6.0
26.0	40.0	0.0	0.0	0.0	0.0
12.0	3.0	0.0	0.0	0.0	0.0
12.0	1.0	0.0	0.0	0.0	0.0
4.0	1.0	0.0	0.0	0.0	0.0
0.0	1.0	0.0	0.0	0.0	0.0
4.0	0.0	0.0	0.0	0.0	0.0
8.0	0.0	0.0	0.0	0.0	0.0
0.0	2.0	0.0	0.0	0.0	0.0
14.0	37.0	0.0	0.0	0.0	0.0
0.0	25.0	0.0	0.0	0.0	0.0
14.0	12.0	0.0	0.0	0.0	0.0
11.0	0.0	0.0	0.0	0.0	0.0
3.0	12.0	0.0	0.0	0.0	0.0
0.0	12.0	0.0	0.0	0.0	0.0
3.0	0.0	0.0	0.0	0.0	0.0
2.0	82.0	0.0	0.0	0.0	6.0
0.0	0.0	0.0	0.0	0.0	3.0
2.0	82.0	0.0	0.0	0.0	3.0
1.0	82.0	0.0	0.0	0.0	2.0
0.0	1.0	0.0	0.0	0.0	2.0
0.0	0.0	0.0	0.0	0.0	2.0
0.0	1.0	0.0	0.0	0.0	0.0
1.0	81.0	0.0	0.0	0.0	0.0
0.0	75.0	0.0	0.0	0.0	0.0
1.0	6.0	0.0	0.0	0.0	0.0
1.0	0.0	0.0	0.0	0.0	0.0
0.0	6.0	0.0	0.0	0.0	0.0
1.0	0.0	0.0	0.0	0.0	1.0
1.0	0.0	0.0	0.0	0.0	0.0
0.0	0.0	0.0	0.0	0.0	1.0
137.0	74.0	0.0	0.0	0.0	6.0
115.0	18.0	0.0	0.0	0.0	4.0
12.0	12.0	0.0	0.0	0.0	0.0
0.0	10.0	0.0	0.0	0.0	0.0
12.0	2.0	0.0	0.0	0.0	0.0
1.0	2.0	0.0	0.0	0.0	0.0
0.0	2.0	0.0	0.0	0.0	0.0
1.0	0.0	0.0	0.0	0.0	0.0
11.0	0.0	0.0	0.0	0.0	0.0
103.0	6.0	0.0	0.0	0.0	4.0
0.0	2.0	0.0	0.0	0.0	0.0
103.0	4.0	0.0	0.0	0.0	4.0
95.0	4.0	0.0	0.0	0.0	0.0
81.0	1.0	0.0	0.0	0.0	0.0
6.0	1.0	0.0	0.0	0.0	0.0
6.0	0.0	0.0	0.0	0.0	0.0
0.0	1.0	0.0	0.0	0.0	0.0
75.0	0.0	0.0	0.0	0.0	0.0
14.0	3.0	0.0	0.0	0.0	0.0
1.0	3.0	0.0	0.0	0.0	0.0
1.0	0.0	0.0	0.0	0.0	0.0
0.0	3.0	0.0	0.0	0.0	0.0
13.0	0.0	0.0	0.0	0.0	0.0
8.0	0.0	0.0	0.0	0.0	4.0
0.0	0.0	0.0	0.0	0.0	4.0
8.0	0.0	0.0	0.0	0.0	0.0
22.0	56.0	0.0	0.0	0.0	2.0
5.0	55.0	0.0	0.0	0.0	0.0
5.0	7.0	0.0	0.0	0.0	0.0
2.0	7.0	0.0	0.0	0.0	0.0
0.0	6.0	0.0	0.0	0.0	0.0
2.0	1.0	0.0	0.0	0.0	0.0
2.0	0.0	0.0	0.0	0.0	0.0
0.0	1.0	0.0	0.0	0.0	0.0
3.0	0.0	0.0	0.0	0.0	0.0
0.0	48.0	0.0	0.0	0.0	0.0
17.0	1.0	0.0	0.0	0.0	2.0
15.0	0.0	0.0	0.0	0.0	0.0
2.0	1.0	0.0	0.0	0.0	2.0
2.0	0.0	0.0	0.0	0.0	0.0
0.0	1.0	0.0	0.0	0.0	2.0
0.0	0.0	0.0	0.0	0.0	2.0
0.0	1.0	0.0	0.0	0.0	0.0
