# Sizes (NFeatures, Nclasses, NodeCount, MaxDepth)
14	3	107	11
# Classes
0.0	1.0	2.0
# Feature Names
Nrows	Ncols	Nnnz	AvgNnnz	Density	MaxRowNnnz	MinRowNnnz	StdRowNnnz	NDiags	NTrueDiags	AvgNnnzDia	AvgNnnzELL	AvgNnnzHyb	AvgNnnzHdc
# Left
1	2	3	4	-1	-1	-1	8	9	10	11	12	13	-1	-1	-1	-1	-1	19	20	21	-1	-1	-1	25	-1	-1	28	29	30	31	-1	33	-1	35	-1	-1	38	39	-1	-1	42	-1	44	45	-1	-1	48	49	-1	-1	-1	-1	54	55	-1	-1	58	-1	-1	61	62	-1	64	-1	-1	67	68	-1	70	-1	-1	73	74	75	76	-1	-1	79	80	-1	-1	-1	-1	85	-1	87	88	-1	90	-1	-1	93	94	95	96	-1	-1	-1	-1	101	-1	103	104	-1	-1	-1
# Right
60	7	6	5	-1	-1	-1	27	18	17	16	15	14	-1	-1	-1	-1	-1	24	23	22	-1	-1	-1	26	-1	-1	53	52	37	32	-1	34	-1	36	-1	-1	41	40	-1	-1	43	-1	47	46	-1	-1	51	50	-1	-1	-1	-1	57	56	-1	-1	59	-1	-1	66	63	-1	65	-1	-1	72	69	-1	71	-1	-1	84	83	78	77	-1	-1	82	81	-1	-1	-1	-1	86	-1	92	89	-1	91	-1	-1	100	99	98	97	-1	-1	-1	-1	102	-1	106	105	-1	-1	-1
# Threshold
1.5	2.2688950300216675	2.3904699087142944	155040496.0	-2.0	-2.0	-2.0	0.00010605799980112351	0.5922279953956604	3461605.0	0.4130129963159561	0.5757579952478409	501.239990234375	-2.0	-2.0	-2.0	-2.0	-2.0	3.464924931526184	4.674930095672607	7.016085146460682e-05	-2.0	-2.0	-2.0	237785.5	-2.0	-2.0	44.45940017700195	130828.0	2855.0	7.5	-2.0	0.05721699818968773	-2.0	0.08952639997005463	-2.0	-2.0	3350.0	2958.5	-2.0	-2.0	31602.5	-2.0	43220.5	1.1317650079727173	-2.0	-2.0	99307.5	0.6270810067653656	-2.0	-2.0	-2.0	-2.0	0.15244349837303162	163839.5	-2.0	-2.0	1.1952099800109863	-2.0	-2.0	4.5	3.5	-2.0	3.40215003490448	-2.0	-2.0	2.726094976424065e-06	4.724030017852783	-2.0	0.3205825090408325	-2.0	-2.0	0.471062496304512	4.830690145492554	4.647705078125	2.415910005569458	-2.0	-2.0	4.02101993560791	0.14231599867343903	-2.0	-2.0	-2.0	-2.0	0.4717639982700348	-2.0	0.9063094854354858	0.00045039449469186366	-2.0	225983.0	-2.0	-2.0	3.5	1.729984998703003	0.4982589930295944	7.5	-2.0	-2.0	-2.0	-2.0	270.0	-2.0	1.219219982624054	1.2080150246620178	-2.0	-2.0	-2.0
# Feature
9	3	7	1	-2	-2	-2	4	13	1	13	11	7	-2	-2	-2	-2	-2	7	3	4	-2	-2	-2	1	-2	-2	3	2	1	5	-2	4	-2	4	-2	-2	0	0	-2	-2	2	-2	2	12	-2	-2	2	11	-2	-2	-2	-2	11	1	-2	-2	12	-2	-2	5	5	-2	3	-2	-2	4	3	-2	11	-2	-2	13	3	3	3	-2	-2	7	11	-2	-2	-2	-2	13	-2	12	4	-2	2	-2	-2	9	7	13	5	-2	-2	-2	-2	1	-2	12	12	-2	-2	-2
# Values
81.0	1515.0	88.0
39.0	304.0	74.0
35.0	6.0	1.0
35.0	0.0	1.0
34.0	0.0	0.0
1.0	0.0	1.0
0.0	6.0	0.0
4.0	298.0	73.0
4.0	53.0	37.0
0.0	46.0	10.0
0.0	46.0	5.0
0.0	18.0	5.0
0.0	16.0	1.0
0.0	15.0	0.0
0.0	1.0	1.0
0.0	2.0	4.0
0.0	28.0	0.0
0.0	0.0	5.0
4.0	7.0	27.0
4.0	0.0	24.0
4.0	0.0	1.0
3.0	0.0	0.0
1.0	0.0	1.0
0.0	0.0	23.0
0.0	7.0	3.0
0.0	0.0	3.0
0.0	7.0	0.0
0.0	245.0	36.0
0.0	217.0	20.0
0.0	160.0	20.0
0.0	86.0	3.0
0.0	1.0	2.0
0.0	85.0	1.0
0.0	79.0	0.0
0.0	6.0	1.0
0.0	1.0	1.0
0.0	5.0	0.0
0.0	74.0	17.0
0.0	3.0	7.0
0.0	3.0	1.0
0.0	0.0	6.0
0.0	71.0	10.0
0.0	31.0	0.0
0.0	40.0	10.0
0.0	3.0	7.0
0.0	0.0	7.0
0.0	3.0	0.0
0.0	37.0	3.0
0.0	35.0	1.0
0.0	34.0	0.0
0.0	1.0	1.0
0.0	2.0	2.0
0.0	57.0	0.0
0.0	28.0	16.0
0.0	21.0	2.0
0.0	21.0	0.0
0.0	0.0	2.0
0.0	7.0	14.0
0.0	7.0	2.0
0.0	0.0	12.0
42.0	1211.0	14.0
29.0	20.0	0.0
0.0	17.0	0.0
29.0	3.0	0.0
0.0	3.0	0.0
29.0	0.0	0.0
13.0	1191.0	14.0
9.0	10.0	2.0
9.0	0.0	0.0
0.0	10.0	2.0
0.0	9.0	0.0
0.0	1.0	2.0
4.0	1181.0	12.0
1.0	917.0	4.0
1.0	167.0	4.0
1.0	131.0	0.0
1.0	2.0	0.0
0.0	129.0	0.0
0.0	36.0	4.0
0.0	35.0	1.0
0.0	28.0	1.0
0.0	7.0	0.0
0.0	1.0	3.0
0.0	750.0	0.0
3.0	264.0	8.0
0.0	1.0	2.0
3.0	263.0	6.0
0.0	25.0	4.0
0.0	23.0	0.0
0.0	2.0	4.0
0.0	2.0	0.0
0.0	0.0	4.0
3.0	238.0	2.0
3.0	67.0	0.0
3.0	11.0	0.0
3.0	2.0	0.0
0.0	2.0	0.0
3.0	0.0	0.0
0.0	9.0	0.0
0.0	56.0	0.0
0.0	171.0	2.0
0.0	4.0	1.0
0.0	167.0	1.0
0.0	28.0	1.0
0.0	26.0	0.0
0.0	2.0	1.0
0.0	139.0	0.0
