# Sizes (NFeatures, Nclasses, NodeCount, MaxDepth)
14	3	115	12
# Classes
0.0	1.0	2.0
# Feature Names
Nrows	Ncols	Nnnz	AvgNnnz	Density	MaxRowNnnz	MinRowNnnz	StdRowNnnz	NDiags	NTrueDiags	AvgNnnzDia	AvgNnnzELL	AvgNnnzHyb	AvgNnnzHdc
# Left
1	2	3	-1	5	6	7	-1	-1	-1	-1	12	13	14	15	-1	17	-1	-1	20	-1	-1	23	24	25	-1	-1	28	29	30	-1	-1	-1	34	-1	-1	37	38	-1	40	-1	-1	-1	44	45	46	-1	48	49	-1	51	-1	-1	54	55	56	57	-1	59	-1	-1	62	-1	64	-1	-1	67	68	-1	-1	-1	-1	-1	74	75	76	-1	-1	79	-1	-1	-1	83	84	-1	86	-1	-1	89	90	91	92	-1	-1	-1	96	-1	98	-1	-1	101	102	103	104	105	-1	-1	-1	109	110	-1	-1	-1	-1	-1
# Right
82	11	4	-1	10	9	8	-1	-1	-1	-1	43	22	19	16	-1	18	-1	-1	21	-1	-1	36	27	26	-1	-1	33	32	31	-1	-1	-1	35	-1	-1	42	39	-1	41	-1	-1	-1	73	72	47	-1	53	50	-1	52	-1	-1	71	66	61	58	-1	60	-1	-1	63	-1	65	-1	-1	70	69	-1	-1	-1	-1	-1	81	78	77	-1	-1	80	-1	-1	-1	88	85	-1	87	-1	-1	100	95	94	93	-1	-1	-1	97	-1	99	-1	-1	114	113	108	107	106	-1	-1	-1	112	111	-1	-1	-1	-1	-1
# Threshold
2.5	2.4105499982833862	104.0	-2.0	1907.8970193862915	385.0	125.0	-2.0	-2.0	-2.0	-2.0	5.1278300285339355	23348.5	1.0876419842243195	0.0041097900830209255	-2.0	360.0	-2.0	-2.0	0.005100575042888522	-2.0	-2.0	0.5	0.029010750353336334	0.5430839955806732	-2.0	-2.0	31911.0	0.8101685047149658	41426.0	-2.0	-2.0	-2.0	4.9410200119018555	-2.0	-2.0	0.04235745407640934	2.8877800703048706	-2.0	0.00012162524944869801	-2.0	-2.0	-2.0	41.49680137634277	0.07501234859228134	2701.0	-2.0	4117.5	0.1953750029206276	-2.0	3140.5	-2.0	-2.0	12.534150123596191	10.70644998550415	3.773854950850364e-05	0.006226669996976852	-2.0	1909430.0	-2.0	-2.0	2.5	-2.0	10620.0	-2.0	-2.0	0.8908115029335022	826360.0	-2.0	-2.0	-2.0	-2.0	-2.0	1.1709949970245361	0.002310990006662905	655362.0	-2.0	-2.0	0.023342899978160858	-2.0	-2.0	-2.0	0.2301339954137802	4.5	-2.0	627058.0	-2.0	-2.0	1.5371699929237366	3.9315450191497803	1.7550400495529175	1.4590750336647034	-2.0	-2.0	-2.0	1.3784599900245667	-2.0	8.5	-2.0	-2.0	1.2132149934768677	1.2076550126075745	4.849095106124878	7.650309801101685	4.82787013053894	-2.0	-2.0	-2.0	8.015224933624268	7.955120086669922	-2.0	-2.0	-2.0	-2.0	-2.0
# Feature
9	3	2	-2	7	2	1	-2	-2	-2	-2	3	1	7	10	-2	1	-2	-2	11	-2	-2	9	11	13	-2	-2	8	13	1	-2	-2	-2	3	-2	-2	10	3	-2	4	-2	-2	-2	3	4	1	-2	1	11	-2	1	-2	-2	3	3	4	11	-2	1	-2	-2	6	-2	0	-2	-2	12	1	-2	-2	-2	-2	-2	12	10	0	-2	-2	10	-2	-2	-2	7	5	-2	8	-2	-2	7	3	12	7	-2	-2	-2	7	-2	6	-2	-2	12	12	3	7	3	-2	-2	-2	3	3	-2	-2	-2	-2	-2
# Values
95.0	1498.0	91.0
64.0	384.0	83.0
54.0	11.0	0.0
0.0	6.0	0.0
54.0	5.0	0.0
54.0	2.0	0.0
5.0	2.0	0.0
4.0	0.0	0.0
1.0	2.0	0.0
49.0	0.0	0.0
0.0	3.0	0.0
10.0	373.0	83.0
10.0	81.0	46.0
3.0	51.0	5.0
3.0	3.0	4.0
0.0	3.0	0.0
3.0	0.0	4.0
1.0	0.0	2.0
2.0	0.0	2.0
0.0	48.0	1.0
0.0	2.0	1.0
0.0	46.0	0.0
7.0	30.0	41.0
4.0	8.0	39.0
0.0	6.0	2.0
0.0	3.0	0.0
0.0	3.0	2.0
4.0	2.0	37.0
4.0	1.0	6.0
1.0	0.0	6.0
0.0	0.0	5.0
1.0	0.0	1.0
3.0	1.0	0.0
0.0	1.0	31.0
0.0	0.0	29.0
0.0	1.0	2.0
3.0	22.0	2.0
3.0	21.0	0.0
2.0	0.0	0.0
1.0	21.0	0.0
0.0	20.0	0.0
1.0	1.0	0.0
0.0	1.0	2.0
0.0	292.0	37.0
0.0	267.0	16.0
0.0	265.0	13.0
0.0	109.0	0.0
0.0	156.0	13.0
0.0	8.0	4.0
0.0	6.0	0.0
0.0	2.0	4.0
0.0	0.0	2.0
0.0	2.0	2.0
0.0	148.0	9.0
0.0	89.0	9.0
0.0	83.0	4.0
0.0	9.0	3.0
0.0	2.0	2.0
0.0	7.0	1.0
0.0	4.0	0.0
0.0	3.0	1.0
0.0	74.0	1.0
0.0	66.0	0.0
0.0	8.0	1.0
0.0	2.0	1.0
0.0	6.0	0.0
0.0	6.0	5.0
0.0	1.0	5.0
0.0	0.0	4.0
0.0	1.0	1.0
0.0	5.0	0.0
0.0	59.0	0.0
0.0	2.0	3.0
0.0	25.0	21.0
0.0	25.0	7.0
0.0	4.0	6.0
0.0	2.0	6.0
0.0	2.0	0.0
0.0	21.0	1.0
0.0	19.0	0.0
0.0	2.0	1.0
0.0	0.0	14.0
31.0	1114.0	8.0
24.0	13.0	0.0
23.0	0.0	0.0
1.0	13.0	0.0
0.0	12.0	0.0
1.0	1.0	0.0
7.0	1101.0	8.0
7.0	260.0	1.0
7.0	97.0	0.0
2.0	95.0	0.0
0.0	94.0	0.0
2.0	1.0	0.0
5.0	2.0	0.0
0.0	163.0	1.0
0.0	149.0	0.0
0.0	14.0	1.0
0.0	13.0	0.0
0.0	1.0	1.0
0.0	841.0	7.0
0.0	418.0	7.0
0.0	417.0	5.0
0.0	56.0	4.0
0.0	52.0	2.0
0.0	18.0	0.0
0.0	34.0	2.0
0.0	4.0	2.0
0.0	361.0	1.0
0.0	88.0	1.0
0.0	83.0	0.0
0.0	5.0	1.0
0.0	273.0	0.0
0.0	1.0	2.0
0.0	423.0	0.0
