# Sizes (NFeatures, Nclasses, NodeCount, MaxDepth)
14	3	103	12
# Classes
0.0	1.0	2.0
# Feature Names
Nrows	Ncols	Nnnz	AvgNnnz	Density	MaxRowNnnz	MinRowNnnz	StdRowNnnz	NDiags	NTrueDiags	AvgNnnzDia	AvgNnnzELL	AvgNnnzHyb	AvgNnnzHdc
# Left
1	2	3	4	5	6	-1	-1	9	10	-1	-1	-1	14	15	-1	17	18	19	-1	-1	22	-1	24	-1	-1	-1	-1	29	30	-1	32	-1	-1	35	36	-1	38	39	-1	-1	-1	-1	-1	45	46	47	48	49	50	-1	-1	53	-1	-1	-1	-1	58	-1	60	61	-1	63	64	-1	-1	67	68	69	-1	71	-1	73	-1	-1	76	77	78	-1	-1	-1	-1	83	84	85	86	-1	-1	89	-1	-1	-1	-1	94	-1	-1	97	-1	99	-1	101	-1	-1
# Right
44	43	28	13	8	7	-1	-1	12	11	-1	-1	-1	27	16	-1	26	21	20	-1	-1	23	-1	25	-1	-1	-1	-1	34	31	-1	33	-1	-1	42	37	-1	41	40	-1	-1	-1	-1	-1	96	57	56	55	52	51	-1	-1	54	-1	-1	-1	-1	59	-1	93	62	-1	66	65	-1	-1	82	75	70	-1	72	-1	74	-1	-1	81	80	79	-1	-1	-1	-1	92	91	88	87	-1	-1	90	-1	-1	-1	-1	95	-1	-1	98	-1	100	-1	102	-1	-1
# Threshold
4.733494997024536	0.732866495847702	1.3354299664497375	1.5	378.5	0.03924809955060482	-2.0	-2.0	2.608335018157959	0.6007339954376221	-2.0	-2.0	-2.0	3.5	3.5	-2.0	0.9451360106468201	2.5	0.4143674969673157	-2.0	-2.0	1.9343500137329102	-2.0	0.8906170129776001	-2.0	-2.0	-2.0	-2.0	0.5574760138988495	320.0	-2.0	0.5938780009746552	-2.0	-2.0	0.0028210849268361926	0.5998919904232025	-2.0	1071485.0	0.11847914755344391	-2.0	-2.0	-2.0	-2.0	-2.0	2.5	4.996520042419434	0.14266199991106987	202754.5	3.0832499760435894e-05	0.035526650957763195	-2.0	-2.0	24648.0	-2.0	-2.0	-2.0	-2.0	15458.0	-2.0	0.054804449900984764	1.4222499657989829e-06	-2.0	7.590564966201782	6.714669942855835	-2.0	-2.0	240.0	12.50374984741211	0.07339425012469292	-2.0	3777.0	-2.0	7646.5	-2.0	-2.0	56.85584831237793	4117.5	69852.0	-2.0	-2.0	-2.0	-2.0	72638200.0	1118.5	0.7789490222930908	760.5	-2.0	-2.0	0.009012019727379084	-2.0	-2.0	-2.0	-2.0	0.06704585067927837	-2.0	-2.0	0.498695507645607	-2.0	0.499643012881279	-2.0	254.99950408935547	-2.0	-2.0
# Feature
3	10	7	9	2	4	-2	-2	3	7	-2	-2	-2	6	5	-2	11	9	11	-2	-2	12	-2	7	-2	-2	-2	-2	13	5	-2	12	-2	-2	10	13	-2	2	11	-2	-2	-2	-2	-2	9	3	11	0	4	11	-2	-2	1	-2	-2	-2	-2	2	-2	4	10	-2	7	12	-2	-2	5	3	11	-2	8	-2	8	-2	-2	3	1	2	-2	-2	-2	-2	2	5	12	5	-2	-2	4	-2	-2	-2	-2	4	-2	-2	13	-2	13	-2	7	-2	-2
# Values
102.0	1494.0	88.0
102.0	253.0	15.0
68.0	253.0	15.0
57.0	62.0	8.0
13.0	7.0	8.0
1.0	7.0	1.0
0.0	7.0	0.0
1.0	0.0	1.0
12.0	0.0	7.0
12.0	0.0	1.0
1.0	0.0	1.0
11.0	0.0	0.0
0.0	0.0	6.0
44.0	55.0	0.0
28.0	55.0	0.0
0.0	16.0	0.0
28.0	39.0	0.0
14.0	39.0	0.0
11.0	4.0	0.0
8.0	0.0	0.0
3.0	4.0	0.0
3.0	35.0	0.0
0.0	29.0	0.0
3.0	6.0	0.0
3.0	1.0	0.0
0.0	5.0	0.0
14.0	0.0	0.0
16.0	0.0	0.0
11.0	191.0	7.0
3.0	179.0	3.0
0.0	147.0	0.0
3.0	32.0	3.0
0.0	32.0	0.0
3.0	0.0	3.0
8.0	12.0	4.0
8.0	4.0	4.0
0.0	0.0	3.0
8.0	4.0	1.0
8.0	2.0	0.0
8.0	0.0	0.0
0.0	2.0	0.0
0.0	2.0	1.0
0.0	8.0	0.0
34.0	0.0	0.0
0.0	1241.0	73.0
0.0	344.0	69.0
0.0	13.0	26.0
0.0	7.0	26.0
0.0	7.0	14.0
0.0	6.0	1.0
0.0	1.0	1.0
0.0	5.0	0.0
0.0	1.0	13.0
0.0	1.0	1.0
0.0	0.0	12.0
0.0	0.0	12.0
0.0	6.0	0.0
0.0	331.0	43.0
0.0	102.0	0.0
0.0	229.0	43.0
0.0	226.0	34.0
0.0	0.0	5.0
0.0	226.0	29.0
0.0	83.0	2.0
0.0	81.0	0.0
0.0	2.0	2.0
0.0	143.0	27.0
0.0	49.0	22.0
0.0	14.0	17.0
0.0	8.0	0.0
0.0	6.0	17.0
0.0	4.0	1.0
0.0	2.0	16.0
0.0	0.0	15.0
0.0	2.0	1.0
0.0	35.0	5.0
0.0	34.0	1.0
0.0	7.0	1.0
0.0	6.0	0.0
0.0	1.0	1.0
0.0	27.0	0.0
0.0	1.0	4.0
0.0	94.0	5.0
0.0	93.0	4.0
0.0	44.0	4.0
0.0	8.0	3.0
0.0	8.0	0.0
0.0	0.0	3.0
0.0	36.0	1.0
0.0	33.0	0.0
0.0	3.0	1.0
0.0	49.0	0.0
0.0	1.0	1.0
0.0	3.0	9.0
0.0	0.0	8.0
0.0	3.0	1.0
0.0	897.0	4.0
0.0	741.0	0.0
0.0	156.0	4.0
0.0	2.0	3.0
0.0	154.0	1.0
0.0	153.0	0.0
0.0	1.0	1.0
