# Sizes (NFeatures, Nclasses, NodeCount, MaxDepth)
14	3	107	15
# Classes
0.0	1.0	2.0
# Feature Names
Nrows	Ncols	Nnnz	AvgNnnz	Density	MaxRowNnnz	MinRowNnnz	StdRowNnnz	NDiags	NTrueDiags	AvgNnnzDia	AvgNnnzELL	AvgNnnzHyb	AvgNnnzHdc
# Left
1	2	3	4	5	6	-1	-1	9	10	-1	-1	13	-1	-1	16	17	18	-1	-1	-1	-1	23	-1	-1	26	27	-1	-1	30	31	-1	-1	-1	35	36	37	38	39	-1	-1	-1	43	-1	-1	46	47	-1	49	50	-1	-1	53	54	-1	-1	57	58	-1	-1	-1	-1	63	-1	65	66	67	-1	69	70	-1	72	73	-1	-1	-1	77	78	-1	80	81	-1	83	84	85	-1	87	-1	-1	-1	91	92	-1	-1	-1	-1	97	98	-1	-1	-1	102	-1	104	-1	-1	-1
# Right
34	25	22	15	8	7	-1	-1	12	11	-1	-1	14	-1	-1	21	20	19	-1	-1	-1	-1	24	-1	-1	29	28	-1	-1	33	32	-1	-1	-1	62	45	42	41	40	-1	-1	-1	44	-1	-1	61	48	-1	52	51	-1	-1	56	55	-1	-1	60	59	-1	-1	-1	-1	64	-1	106	101	68	-1	76	71	-1	75	74	-1	-1	-1	96	79	-1	95	82	-1	90	89	86	-1	88	-1	-1	-1	94	93	-1	-1	-1	-1	100	99	-1	-1	-1	103	-1	105	-1	-1	-1
# Threshold
4.010550022125244	1.1846050024032593	0.43179549276828766	3.648615002632141	3.6775199077965226e-05	0.6831434965133667	-2.0	-2.0	1.5	125.0	-2.0	-2.0	3.4459450244903564	-2.0	-2.0	0.9997369945049286	0.7790654897689819	1.0	-2.0	-2.0	-2.0	-2.0	0.022281649988144636	-2.0	-2.0	1.6865450143814087	628.5	-2.0	-2.0	2.3201299905776978	0.5	-2.0	-2.0	-2.0	0.5	4.19589505327167e-05	7.269779920578003	0.8682855069637299	1.142295002937317	-2.0	-2.0	-2.0	16.57569980621338	-2.0	-2.0	16.0	3233.0	-2.0	5.404125213623047	4.628979921340942	-2.0	-2.0	0.002595330006442964	6.222685098648071	-2.0	-2.0	0.5597580075263977	325.9955062866211	-2.0	-2.0	-2.0	-2.0	1.2283399541956896e-06	-2.0	19.5	73.08765029907227	17.5	-2.0	5441.5	0.010219090385362506	-2.0	7.0	1.5	-2.0	-2.0	-2.0	0.708191990852356	32.0	-2.0	161244.5	0.0013592700124718249	-2.0	0.0018516900017857552	6.0	18.041500091552734	-2.0	49.80294990539551	-2.0	-2.0	-2.0	5.440165042877197	5890.0	-2.0	-2.0	-2.0	-2.0	0.08427960053086281	0.8843820095062256	-2.0	-2.0	-2.0	0.10105679929256439	-2.0	0.008558614877983928	-2.0	-2.0	-2.0
# Feature
3	7	10	3	4	11	-2	-2	9	8	-2	-2	3	-2	-2	11	7	9	-2	-2	-2	-2	4	-2	-2	3	8	-2	-2	3	9	-2	-2	-2	9	4	3	13	12	-2	-2	-2	3	-2	-2	6	1	-2	3	3	-2	-2	4	3	-2	-2	13	3	-2	-2	-2	-2	10	-2	9	3	5	-2	2	10	-2	6	9	-2	-2	-2	13	8	-2	5	4	-2	10	6	7	-2	7	-2	-2	-2	3	2	-2	-2	-2	-2	11	12	-2	-2	-2	11	-2	4	-2	-2	-2
# Values
90.0	1489.0	105.0
90.0	207.0	13.0
82.0	44.0	13.0
43.0	43.0	13.0
25.0	42.0	3.0
20.0	3.0	0.0
20.0	0.0	0.0
0.0	3.0	0.0
5.0	39.0	3.0
4.0	3.0	3.0
4.0	0.0	0.0
0.0	3.0	3.0
1.0	36.0	0.0
0.0	35.0	0.0
1.0	1.0	0.0
18.0	1.0	10.0
18.0	1.0	3.0
18.0	0.0	2.0
0.0	0.0	2.0
18.0	0.0	0.0
0.0	1.0	1.0
0.0	0.0	7.0
39.0	1.0	0.0
37.0	0.0	0.0
2.0	1.0	0.0
8.0	163.0	0.0
7.0	1.0	0.0
1.0	1.0	0.0
6.0	0.0	0.0
1.0	162.0	0.0
1.0	14.0	0.0
0.0	13.0	0.0
1.0	1.0	0.0
0.0	148.0	0.0
0.0	1282.0	92.0
0.0	144.0	67.0
0.0	11.0	47.0
0.0	3.0	42.0
0.0	1.0	40.0
0.0	1.0	5.0
0.0	0.0	35.0
0.0	2.0	2.0
0.0	8.0	5.0
0.0	8.0	0.0
0.0	0.0	5.0
0.0	133.0	20.0
0.0	133.0	12.0
0.0	70.0	0.0
0.0	63.0	12.0
0.0	3.0	6.0
0.0	3.0	0.0
0.0	0.0	6.0
0.0	60.0	6.0
0.0	52.0	1.0
0.0	3.0	1.0
0.0	49.0	0.0
0.0	8.0	5.0
0.0	3.0	5.0
0.0	0.0	5.0
0.0	3.0	0.0
0.0	5.0	0.0
0.0	0.0	8.0
0.0	1138.0	25.0
0.0	1.0	4.0
0.0	1137.0	21.0
0.0	812.0	21.0
0.0	800.0	15.0
0.0	225.0	0.0
0.0	575.0	15.0
0.0	39.0	6.0
0.0	1.0	3.0
0.0	38.0	3.0
0.0	37.0	1.0
0.0	4.0	1.0
0.0	33.0	0.0
0.0	1.0	2.0
0.0	536.0	9.0
0.0	506.0	6.0
0.0	1.0	1.0
0.0	505.0	5.0
0.0	502.0	4.0
0.0	270.0	0.0
0.0	232.0	4.0
0.0	17.0	3.0
0.0	10.0	3.0
0.0	6.0	0.0
0.0	4.0	3.0
0.0	1.0	3.0
0.0	3.0	0.0
0.0	7.0	0.0
0.0	215.0	1.0
0.0	33.0	1.0
0.0	4.0	0.0
0.0	29.0	1.0
0.0	182.0	0.0
0.0	3.0	1.0
0.0	30.0	3.0
0.0	4.0	3.0
0.0	0.0	3.0
0.0	4.0	0.0
0.0	26.0	0.0
0.0	12.0	6.0
0.0	1.0	4.0
0.0	11.0	2.0
0.0	10.0	0.0
0.0	1.0	2.0
0.0	325.0	0.0
