# Sizes (NFeatures, Nclasses, NodeCount, MaxDepth)
14	3	113	11
# Classes
0.0	1.0	2.0
# Feature Names
Nrows	Ncols	Nnnz	AvgNnnz	Density	MaxRowNnnz	MinRowNnnz	StdRowNnnz	NDiags	NTrueDiags	AvgNnnzDia	AvgNnnzELL	AvgNnnzHyb	AvgNnnzHdc
# Left
1	2	3	4	-1	6	7	8	9	-1	-1	-1	-1	-1	15	16	-1	18	-1	-1	21	22	-1	-1	25	26	27	-1	29	-1	-1	-1	33	-1	35	-1	37	-1	-1	40	41	42	43	-1	45	-1	-1	-1	-1	-1	51	52	53	-1	55	56	-1	58	-1	-1	61	-1	63	-1	65	-1	-1	68	69	70	71	72	73	-1	75	76	-1	-1	-1	80	-1	-1	-1	-1	-1	86	87	88	-1	90	-1	-1	-1	94	-1	-1	97	98	99	-1	101	102	103	-1	105	-1	107	-1	-1	-1	-1	-1	-1
# Right
50	39	14	5	-1	13	12	11	10	-1	-1	-1	-1	-1	20	17	-1	19	-1	-1	24	23	-1	-1	32	31	28	-1	30	-1	-1	-1	34	-1	36	-1	38	-1	-1	49	48	47	44	-1	46	-1	-1	-1	-1	-1	96	67	54	-1	60	57	-1	59	-1	-1	62	-1	64	-1	66	-1	-1	85	84	83	82	79	74	-1	78	77	-1	-1	-1	81	-1	-1	-1	-1	-1	93	92	89	-1	91	-1	-1	-1	95	-1	-1	112	111	100	-1	110	109	104	-1	106	-1	108	-1	-1	-1	-1	-1	-1
# Threshold
4.010730028152466	1.1862599849700928	0.43863649666309357	0.5	-2.0	0.9994759857654572	3.40215003490448	2.5	0.5952850133180618	-2.0	-2.0	-2.0	-2.0	-2.0	0.09404890239238739	29.0	-2.0	6.510415187221952e-05	-2.0	-2.0	3.501764967950294e-05	95132496.0	-2.0	-2.0	3.0325000286102295	0.58296799659729	0.8427145183086395	-2.0	1.2779549956321716	-2.0	-2.0	-2.0	0.4573100060224533	-2.0	0.008145255036652088	-2.0	1.5	-2.0	-2.0	3.4419299364089966	0.0005072869826108217	15.813999891281128	0.027712950482964516	-2.0	3.323300004005432	-2.0	-2.0	-2.0	-2.0	-2.0	1.5	5.061435222625732	0.5320985019207001	-2.0	0.04480930045247078	196097.5	-2.0	94374.0	-2.0	-2.0	36.0	-2.0	2.3360400199890137	-2.0	4.9515299797058105	-2.0	-2.0	41.49680137634277	3299970.0	0.9966605007648468	0.4224969893693924	0.39627601206302643	8.134914875030518	-2.0	0.0778443031013012	38377.0	-2.0	-2.0	-2.0	982.0	-2.0	-2.0	-2.0	-2.0	-2.0	0.303508996963501	326324.5	0.9647975265979767	-2.0	92.78245162963867	-2.0	-2.0	-2.0	1.1952099800109863	-2.0	-2.0	1.2132149934768677	670.5	0.732866495847702	-2.0	0.17960800230503082	155.5	0.002669450012035668	-2.0	0.0029894650215283036	-2.0	4.01308012008667	-2.0	-2.0	-2.0	-2.0	-2.0	-2.0
# Feature
3	7	13	9	-2	11	3	9	7	-2	-2	-2	-2	-2	7	8	-2	4	-2	-2	4	0	-2	-2	3	13	7	-2	12	-2	-2	-2	13	-2	10	-2	6	-2	-2	3	4	7	11	-2	3	-2	-2	-2	-2	-2	9	3	13	-2	11	0	-2	8	-2	-2	5	-2	7	-2	3	-2	-2	3	1	12	13	13	3	-2	11	5	-2	-2	-2	5	-2	-2	-2	-2	-2	11	8	12	-2	3	-2	-2	-2	12	-2	-2	12	5	12	-2	11	5	10	-2	10	-2	7	-2	-2	-2	-2	-2	-2
# Values
108.0	1485.0	91.0
107.0	198.0	19.0
94.0	36.0	19.0
13.0	21.0	6.0
0.0	0.0	6.0
13.0	21.0	0.0
13.0	10.0	0.0
6.0	10.0	0.0
6.0	1.0	0.0
1.0	1.0	0.0
5.0	0.0	0.0
0.0	9.0	0.0
7.0	0.0	0.0
0.0	11.0	0.0
81.0	15.0	13.0
40.0	0.0	2.0
32.0	0.0	0.0
8.0	0.0	2.0
8.0	0.0	0.0
0.0	0.0	2.0
41.0	15.0	11.0
26.0	0.0	2.0
25.0	0.0	0.0
1.0	0.0	2.0
15.0	15.0	9.0
7.0	15.0	2.0
6.0	15.0	0.0
0.0	12.0	0.0
6.0	3.0	0.0
1.0	3.0	0.0
5.0	0.0	0.0
1.0	0.0	2.0
8.0	0.0	7.0
4.0	0.0	0.0
4.0	0.0	7.0
3.0	0.0	0.0
1.0	0.0	7.0
1.0	0.0	1.0
0.0	0.0	6.0
13.0	162.0	0.0
13.0	45.0	0.0
13.0	17.0	0.0
13.0	8.0	0.0
9.0	0.0	0.0
4.0	8.0	0.0
0.0	8.0	0.0
4.0	0.0	0.0
0.0	9.0	0.0
0.0	28.0	0.0
0.0	117.0	0.0
1.0	1287.0	72.0
1.0	256.0	63.0
1.0	30.0	31.0
0.0	16.0	0.0
1.0	14.0	31.0
0.0	10.0	5.0
0.0	0.0	3.0
0.0	10.0	2.0
0.0	9.0	0.0
0.0	1.0	2.0
1.0	4.0	26.0
0.0	3.0	0.0
1.0	1.0	26.0
1.0	0.0	1.0
0.0	1.0	25.0
0.0	0.0	21.0
0.0	1.0	4.0
0.0	226.0	32.0
0.0	203.0	11.0
0.0	202.0	8.0
0.0	110.0	8.0
0.0	62.0	8.0
0.0	61.0	3.0
0.0	30.0	0.0
0.0	31.0	3.0
0.0	31.0	1.0
0.0	30.0	0.0
0.0	1.0	1.0
0.0	0.0	2.0
0.0	1.0	5.0
0.0	0.0	4.0
0.0	1.0	1.0
0.0	48.0	0.0
0.0	92.0	0.0
0.0	1.0	3.0
0.0	23.0	21.0
0.0	21.0	5.0
0.0	21.0	2.0
0.0	16.0	0.0
0.0	5.0	2.0
0.0	5.0	0.0
0.0	0.0	2.0
0.0	0.0	3.0
0.0	2.0	16.0
0.0	2.0	3.0
0.0	0.0	13.0
0.0	1031.0	9.0
0.0	463.0	9.0
0.0	247.0	9.0
0.0	0.0	2.0
0.0	247.0	7.0
0.0	148.0	7.0
0.0	95.0	7.0
0.0	32.0	0.0
0.0	63.0	7.0
0.0	5.0	3.0
0.0	58.0	4.0
0.0	27.0	4.0
0.0	31.0	0.0
0.0	53.0	0.0
0.0	99.0	0.0
0.0	216.0	0.0
0.0	568.0	0.0
