# Sizes (NFeatures, Nclasses, NodeCount, MaxDepth)
14	3	101	12
# Classes
0.0	1.0	2.0
# Feature Names
Nrows	Ncols	Nnnz	AvgNnnz	Density	MaxRowNnnz	MinRowNnnz	StdRowNnnz	NDiags	NTrueDiags	AvgNnnzDia	AvgNnnzELL	AvgNnnzHyb	AvgNnnzHdc
# Left
1	2	3	4	5	6	-1	-1	-1	10	-1	12	-1	-1	15	16	-1	-1	19	20	-1	-1	23	24	25	26	-1	-1	-1	-1	31	32	33	-1	-1	-1	37	38	-1	-1	-1	42	43	44	-1	-1	47	-1	49	-1	-1	52	53	-1	-1	56	-1	-1	59	60	61	-1	63	-1	65	-1	67	68	69	-1	71	-1	-1	74	-1	76	77	-1	79	-1	-1	-1	83	84	-1	-1	-1	88	89	-1	-1	92	-1	-1	95	96	-1	98	-1	-1	-1
# Right
58	41	14	9	8	7	-1	-1	-1	11	-1	13	-1	-1	18	17	-1	-1	22	21	-1	-1	30	29	28	27	-1	-1	-1	-1	36	35	34	-1	-1	-1	40	39	-1	-1	-1	51	46	45	-1	-1	48	-1	50	-1	-1	55	54	-1	-1	57	-1	-1	94	87	62	-1	64	-1	66	-1	82	73	70	-1	72	-1	-1	75	-1	81	78	-1	80	-1	-1	-1	86	85	-1	-1	-1	91	90	-1	-1	93	-1	-1	100	97	-1	99	-1	-1	-1
# Threshold
4.935524940490723	0.5641970038414001	4.5	905.5	0.41666649281978607	1.6814650297164917	-2.0	-2.0	-2.0	3.5	-2.0	2.0	-2.0	-2.0	2.2627549469689257e-06	0.05311594903469086	-2.0	-2.0	1.906345009803772	6.5	-2.0	-2.0	3.068915009498596	0.4917044937610626	0.01772190467454493	2.4952850341796875	-2.0	-2.0	-2.0	-2.0	0.3450074940919876	187.0	0.3411715030670166	-2.0	-2.0	-2.0	123.0	64.0	-2.0	-2.0	-2.0	3.933859944343567	17771.0	0.009843919891864061	-2.0	-2.0	0.467801496386528	-2.0	0.5922279953956604	-2.0	-2.0	2.3624799251556396	4.249974966049194	-2.0	-2.0	0.867059975862503	-2.0	-2.0	2.5	0.027448249980807304	4006.0	-2.0	3350.0	-2.0	3.526260018348694	-2.0	0.9915654957294464	2.554754973971285e-05	486164.5	-2.0	45.10340118408203	-2.0	-2.0	0.4174259901046753	-2.0	300917.0	11.043750286102295	-2.0	13.210400104522705	-2.0	-2.0	-2.0	69.65380096435547	1.1294299960136414	-2.0	-2.0	-2.0	1215.0	88.5	-2.0	-2.0	11.5	-2.0	-2.0	5.5	14.744999885559082	-2.0	10887.5	-2.0	-2.0	-2.0
# Feature
3	13	5	8	10	12	-2	-2	-2	5	-2	9	-2	-2	4	11	-2	-2	3	5	-2	-2	3	11	11	3	-2	-2	-2	-2	13	5	13	-2	-2	-2	0	0	-2	-2	-2	3	1	4	-2	-2	11	-2	13	-2	-2	7	3	-2	-2	13	-2	-2	9	4	8	-2	1	-2	7	-2	12	10	8	-2	3	-2	-2	13	-2	2	3	-2	3	-2	-2	-2	3	12	-2	-2	-2	8	5	-2	-2	6	-2	-2	9	3	-2	0	-2	-2	-2
# Values
93.0	1494.0	97.0
93.0	292.0	61.0
84.0	269.0	14.0
59.0	17.0	5.0
57.0	4.0	0.0
12.0	4.0	0.0
0.0	4.0	0.0
12.0	0.0	0.0
45.0	0.0	0.0
2.0	13.0	5.0
0.0	13.0	0.0
2.0	0.0	5.0
0.0	0.0	5.0
2.0	0.0	0.0
25.0	252.0	9.0
15.0	3.0	4.0
0.0	3.0	4.0
15.0	0.0	0.0
10.0	249.0	5.0
7.0	4.0	0.0
6.0	0.0	0.0
1.0	4.0	0.0
3.0	245.0	5.0
3.0	45.0	0.0
1.0	43.0	0.0
1.0	5.0	0.0
1.0	1.0	0.0
0.0	4.0	0.0
0.0	38.0	0.0
2.0	2.0	0.0
0.0	200.0	5.0
0.0	43.0	4.0
0.0	39.0	2.0
0.0	14.0	0.0
0.0	25.0	2.0
0.0	4.0	2.0
0.0	157.0	1.0
0.0	8.0	1.0
0.0	7.0	0.0
0.0	1.0	1.0
0.0	149.0	0.0
9.0	23.0	47.0
8.0	11.0	2.0
0.0	8.0	1.0
0.0	7.0	0.0
0.0	1.0	1.0
8.0	3.0	1.0
5.0	0.0	0.0
3.0	3.0	1.0
0.0	3.0	0.0
3.0	0.0	1.0
1.0	12.0	45.0
1.0	7.0	3.0
0.0	0.0	3.0
1.0	7.0	0.0
0.0	5.0	42.0
0.0	0.0	40.0
0.0	5.0	2.0
0.0	1202.0	36.0
0.0	330.0	34.0
0.0	307.0	22.0
0.0	138.0	0.0
0.0	169.0	22.0
0.0	0.0	5.0
0.0	169.0	17.0
0.0	32.0	0.0
0.0	137.0	17.0
0.0	125.0	10.0
0.0	19.0	5.0
0.0	4.0	4.0
0.0	15.0	1.0
0.0	13.0	0.0
0.0	2.0	1.0
0.0	106.0	5.0
0.0	58.0	0.0
0.0	48.0	5.0
0.0	16.0	5.0
0.0	13.0	0.0
0.0	3.0	5.0
0.0	0.0	5.0
0.0	3.0	0.0
0.0	32.0	0.0
0.0	12.0	7.0
0.0	12.0	3.0
0.0	2.0	3.0
0.0	10.0	0.0
0.0	0.0	4.0
0.0	23.0	12.0
0.0	19.0	1.0
0.0	17.0	0.0
0.0	2.0	1.0
0.0	4.0	11.0
0.0	4.0	1.0
0.0	0.0	10.0
0.0	872.0	2.0
0.0	251.0	2.0
0.0	225.0	0.0
0.0	26.0	2.0
0.0	1.0	2.0
0.0	25.0	0.0
0.0	621.0	0.0
