# Sizes (NFeatures, Nclasses, NodeCount, MaxDepth)
14	3	115	14
# Classes
0.0	1.0	2.0
# Feature Names
Nrows	Ncols	Nnnz	AvgNnnz	Density	MaxRowNnnz	MinRowNnnz	StdRowNnnz	NDiags	NTrueDiags	AvgNnnzDia	AvgNnnzELL	AvgNnnzHyb	AvgNnnzHdc
# Left
1	2	3	4	5	-1	-1	-1	9	-1	11	12	13	-1	-1	16	-1	-1	19	-1	-1	22	23	24	-1	26	-1	-1	29	-1	-1	32	33	-1	-1	36	-1	-1	39	40	41	-1	43	-1	-1	46	47	48	49	-1	-1	52	-1	54	-1	-1	57	58	59	-1	-1	-1	63	64	-1	-1	67	68	-1	-1	71	72	73	74	75	76	-1	-1	79	-1	-1	-1	-1	84	85	-1	-1	-1	-1	90	-1	92	-1	-1	95	96	97	98	99	100	101	-1	-1	-1	105	-1	-1	-1	109	-1	-1	112	-1	-1	-1
# Right
38	21	8	7	6	-1	-1	-1	10	-1	18	15	14	-1	-1	17	-1	-1	20	-1	-1	31	28	25	-1	27	-1	-1	30	-1	-1	35	34	-1	-1	37	-1	-1	94	45	42	-1	44	-1	-1	89	56	51	50	-1	-1	53	-1	55	-1	-1	62	61	60	-1	-1	-1	66	65	-1	-1	70	69	-1	-1	88	83	82	81	78	77	-1	-1	80	-1	-1	-1	-1	87	86	-1	-1	-1	-1	91	-1	93	-1	-1	114	111	108	107	104	103	102	-1	-1	-1	106	-1	-1	-1	110	-1	-1	113	-1	-1	-1
# Threshold
4.806950092315674	1.0747299790382385	1.5	0.048596400767564774	2.4118900299072266	-2.0	-2.0	-2.0	3.5	-2.0	0.9479579925537109	289.5	4.5	-2.0	-2.0	3.803239941596985	-2.0	-2.0	0.6510570049285889	-2.0	-2.0	4.646615028381348	0.6336004734039307	16908.0	-2.0	12922.0	-2.0	-2.0	0.0028210849268361926	-2.0	-2.0	0.056049300357699394	8.592024914833019e-05	-2.0	-2.0	2.4591000080108643	-2.0	-2.0	2.5	4.936570167541504	63626.5	-2.0	0.8676529824733734	-2.0	-2.0	11.5	4152.0	1295.0	6.715409994125366	-2.0	-2.0	70330.0	-2.0	0.5919494926929474	-2.0	-2.0	60963.0	0.38763749599456787	58081.0	-2.0	-2.0	-2.0	14305.0	0.5	-2.0	-2.0	6283.5	29610.0	-2.0	-2.0	3898620.0	52.69529914855957	6.448014974594116	3607300.0	1195030.0	1.2198100090026855	-2.0	-2.0	0.6093180179595947	-2.0	-2.0	-2.0	-2.0	0.14661149680614471	303546.0	-2.0	-2.0	-2.0	-2.0	0.9078774750232697	-2.0	640.0	-2.0	-2.0	137328.0	0.5604574978351593	5816.5	8549.5	0.871210515499115	0.0030293500749394298	0.0030155350686982274	-2.0	-2.0	-2.0	930.5	-2.0	-2.0	-2.0	0.0012919100117869675	-2.0	-2.0	962.0	-2.0	-2.0	-2.0
# Feature
3	7	9	10	3	-2	-2	-2	5	-2	11	8	5	-2	-2	3	-2	-2	13	-2	-2	3	13	1	-2	8	-2	-2	10	-2	-2	11	10	-2	-2	7	-2	-2	9	3	0	-2	13	-2	-2	6	8	2	3	-2	-2	2	-2	13	-2	-2	2	13	2	-2	-2	-2	0	6	-2	-2	8	0	-2	-2	0	3	3	1	2	12	-2	-2	12	-2	-2	-2	-2	11	8	-2	-2	-2	-2	12	-2	0	-2	-2	2	13	0	2	10	10	10	-2	-2	-2	1	-2	-2	-2	4	-2	-2	1	-2	-2	-2
# Values
82.0	1503.0	99.0
82.0	254.0	28.0
71.0	53.0	14.0
27.0	0.0	12.0
5.0	0.0	12.0
5.0	0.0	1.0
0.0	0.0	11.0
22.0	0.0	0.0
44.0	53.0	2.0
0.0	17.0	0.0
44.0	36.0	2.0
18.0	36.0	0.0
2.0	34.0	0.0
2.0	2.0	0.0
0.0	32.0	0.0
16.0	2.0	0.0
15.0	0.0	0.0
1.0	2.0	0.0
26.0	0.0	2.0
26.0	0.0	0.0
0.0	0.0	2.0
11.0	201.0	14.0
7.0	200.0	0.0
2.0	194.0	0.0
0.0	152.0	0.0
2.0	42.0	0.0
2.0	4.0	0.0
0.0	38.0	0.0
5.0	6.0	0.0
5.0	0.0	0.0
0.0	6.0	0.0
4.0	1.0	14.0
0.0	1.0	10.0
0.0	1.0	2.0
0.0	0.0	8.0
4.0	0.0	4.0
4.0	0.0	1.0
0.0	0.0	3.0
0.0	1249.0	71.0
0.0	343.0	65.0
0.0	9.0	18.0
0.0	8.0	0.0
0.0	1.0	18.0
0.0	0.0	17.0
0.0	1.0	1.0
0.0	334.0	47.0
0.0	327.0	35.0
0.0	170.0	3.0
0.0	5.0	2.0
0.0	4.0	0.0
0.0	1.0	2.0
0.0	165.0	1.0
0.0	135.0	0.0
0.0	30.0	1.0
0.0	2.0	1.0
0.0	28.0	0.0
0.0	157.0	32.0
0.0	15.0	10.0
0.0	15.0	1.0
0.0	14.0	0.0
0.0	1.0	1.0
0.0	0.0	9.0
0.0	142.0	22.0
0.0	43.0	1.0
0.0	5.0	1.0
0.0	38.0	0.0
0.0	99.0	21.0
0.0	2.0	6.0
0.0	0.0	6.0
0.0	2.0	0.0
0.0	97.0	15.0
0.0	96.0	12.0
0.0	83.0	5.0
0.0	18.0	5.0
0.0	12.0	5.0
0.0	8.0	1.0
0.0	7.0	0.0
0.0	1.0	1.0
0.0	4.0	4.0
0.0	2.0	0.0
0.0	2.0	4.0
0.0	6.0	0.0
0.0	65.0	0.0
0.0	13.0	7.0
0.0	13.0	1.0
0.0	12.0	0.0
0.0	1.0	1.0
0.0	0.0	6.0
0.0	1.0	3.0
0.0	7.0	12.0
0.0	5.0	0.0
0.0	2.0	12.0
0.0	2.0	0.0
0.0	0.0	12.0
0.0	906.0	6.0
0.0	450.0	6.0
0.0	435.0	4.0
0.0	399.0	2.0
0.0	192.0	2.0
0.0	186.0	1.0
0.0	32.0	1.0
0.0	3.0	0.0
0.0	29.0	1.0
0.0	154.0	0.0
0.0	6.0	1.0
0.0	1.0	1.0
0.0	5.0	0.0
0.0	207.0	0.0
0.0	36.0	2.0
0.0	34.0	0.0
0.0	2.0	2.0
0.0	15.0	2.0
0.0	1.0	2.0
0.0	14.0	0.0
0.0	456.0	0.0
