# Sizes (NFeatures, Nclasses, NodeCount, MaxDepth)
14	3	101	12
# Classes
0.0	1.0	2.0
# Feature Names
Nrows	Ncols	Nnnz	AvgNnnz	Density	MaxRowNnnz	MinRowNnnz	StdRowNnnz	NDiags	NTrueDiags	AvgNnnzDia	AvgNnnzELL	AvgNnnzHyb	AvgNnnzHdc
# Left
1	2	3	-1	5	6	7	-1	9	-1	-1	12	-1	14	-1	-1	17	-1	19	-1	-1	22	23	24	25	-1	-1	-1	-1	30	-1	-1	33	34	35	36	37	-1	-1	40	41	-1	-1	-1	45	46	-1	-1	49	-1	-1	52	53	54	55	56	57	58	-1	-1	-1	62	-1	64	-1	66	-1	68	-1	-1	-1	-1	-1	74	-1	76	-1	-1	79	80	81	82	-1	84	-1	86	-1	-1	-1	-1	91	92	93	-1	95	96	-1	-1	-1	-1	-1
# Right
32	21	4	-1	16	11	8	-1	10	-1	-1	13	-1	15	-1	-1	18	-1	20	-1	-1	29	28	27	26	-1	-1	-1	-1	31	-1	-1	78	51	44	39	38	-1	-1	43	42	-1	-1	-1	48	47	-1	-1	50	-1	-1	73	72	71	70	61	60	59	-1	-1	-1	63	-1	65	-1	67	-1	69	-1	-1	-1	-1	-1	75	-1	77	-1	-1	90	89	88	83	-1	85	-1	87	-1	-1	-1	-1	100	99	94	-1	98	97	-1	-1	-1	-1	-1
# Threshold
4.001450061798096	1.1846050024032593	2.1106749773025513	-2.0	3.648615002632141	0.7834195196628571	0.18394500017166138	-2.0	2.226300001144409	-2.0	-2.0	536.0	-2.0	0.45788049697875977	-2.0	-2.0	1.5	-2.0	0.6452915072441101	-2.0	-2.0	0.00015062050078995526	1779.0	46509.0	14355.0	-2.0	-2.0	-2.0	-2.0	1.8020300269126892	-2.0	-2.0	1.5	6.060595114831813e-05	4.966304779052734	31721.0	4.896270036697388	-2.0	-2.0	1.142295002937317	977604.0	-2.0	-2.0	-2.0	3782435.0	0.00012027599768771324	-2.0	-2.0	7.35080502636265e-05	-2.0	-2.0	11.0	0.004354384960606694	77.84989929199219	224865.5	0.0005158080020919442	0.492295503616333	10428.5	-2.0	-2.0	-2.0	0.38802699744701385	-2.0	0.0011631499510258436	-2.0	6.799599885940552	-2.0	10.022409915924072	-2.0	-2.0	-2.0	-2.0	-2.0	6.416785001754761	-2.0	250.31299591064453	-2.0	-2.0	0.47104550898075104	5.998525142669678	0.3464599996805191	1.052935004234314	-2.0	3.323233136143244e-05	-2.0	0.34115350246429443	-2.0	-2.0	-2.0	-2.0	0.0316382497549057	0.18375050276517868	0.0005014814960304648	-2.0	0.0006544099887832999	5188.5	-2.0	-2.0	-2.0	-2.0	-2.0
# Feature
3	7	3	-2	3	7	11	-2	3	-2	-2	2	-2	11	-2	-2	9	-2	13	-2	-2	4	5	1	8	-2	-2	-2	-2	3	-2	-2	9	4	3	8	3	-2	-2	12	2	-2	-2	-2	1	11	-2	-2	10	-2	-2	6	10	3	2	10	13	1	-2	-2	-2	13	-2	4	-2	3	-2	3	-2	-2	-2	-2	-2	7	-2	3	-2	-2	13	3	13	12	-2	4	-2	13	-2	-2	-2	-2	4	11	4	-2	4	8	-2	-2	-2	-2	-2
# Values
99.0	1501.0	84.0
97.0	171.0	9.0
85.0	40.0	9.0
38.0	0.0	0.0
47.0	40.0	9.0
15.0	40.0	4.0
3.0	36.0	1.0
2.0	0.0	1.0
1.0	36.0	0.0
1.0	1.0	0.0
0.0	35.0	0.0
12.0	4.0	3.0
2.0	4.0	0.0
10.0	0.0	3.0
9.0	0.0	0.0
1.0	0.0	3.0
32.0	0.0	5.0
0.0	0.0	4.0
32.0	0.0	1.0
31.0	0.0	0.0
1.0	0.0	1.0
12.0	131.0	0.0
11.0	23.0	0.0
11.0	8.0	0.0
4.0	8.0	0.0
4.0	1.0	0.0
0.0	7.0	0.0
7.0	0.0	0.0
0.0	15.0	0.0
1.0	108.0	0.0
1.0	4.0	0.0
0.0	104.0	0.0
2.0	1330.0	75.0
2.0	251.0	61.0
2.0	42.0	35.0
2.0	3.0	27.0
2.0	2.0	4.0
2.0	2.0	0.0
0.0	0.0	4.0
0.0	1.0	23.0
0.0	1.0	5.0
0.0	1.0	1.0
0.0	0.0	4.0
0.0	0.0	18.0
0.0	39.0	8.0
0.0	37.0	2.0
0.0	3.0	2.0
0.0	34.0	0.0
0.0	2.0	6.0
0.0	0.0	6.0
0.0	2.0	0.0
0.0	209.0	26.0
0.0	204.0	17.0
0.0	117.0	17.0
0.0	116.0	13.0
0.0	59.0	13.0
0.0	10.0	8.0
0.0	10.0	1.0
0.0	1.0	1.0
0.0	9.0	0.0
0.0	0.0	7.0
0.0	49.0	5.0
0.0	30.0	0.0
0.0	19.0	5.0
0.0	10.0	0.0
0.0	9.0	5.0
0.0	5.0	0.0
0.0	4.0	5.0
0.0	0.0	4.0
0.0	4.0	1.0
0.0	57.0	0.0
0.0	1.0	4.0
0.0	87.0	0.0
0.0	5.0	9.0
0.0	3.0	1.0
0.0	2.0	8.0
0.0	0.0	7.0
0.0	2.0	1.0
0.0	1079.0	14.0
0.0	810.0	4.0
0.0	131.0	4.0
0.0	54.0	4.0
0.0	1.0	2.0
0.0	53.0	2.0
0.0	1.0	1.0
0.0	52.0	1.0
0.0	14.0	0.0
0.0	38.0	1.0
0.0	77.0	0.0
0.0	679.0	0.0
0.0	269.0	10.0
0.0	269.0	6.0
0.0	70.0	6.0
0.0	49.0	0.0
0.0	21.0	6.0
0.0	1.0	6.0
0.0	0.0	5.0
0.0	1.0	1.0
0.0	20.0	0.0
0.0	199.0	0.0
0.0	0.0	4.0
