# Sizes (NFeatures, Nclasses, NodeCount, MaxDepth)
14	3	181	11
# Classes
0.0	1.0	2.0
# Feature Names
Nrows	Ncols	Nnnz	AvgNnnz	Density	MaxRowNnnz	MinRowNnnz	StdRowNnnz	NDiags	NTrueDiags	AvgNnnzDia	AvgNnnzELL	AvgNnnzHyb	AvgNnnzHdc
# Left
1	2	-1	-1	5	6	7	8	-1	10	-1	-1	13	14	15	16	-1	-1	19	-1	21	-1	-1	24	-1	-1	27	-1	29	-1	31	32	33	-1	35	-1	-1	-1	39	-1	-1	42	43	-1	45	-1	-1	48	49	50	-1	52	-1	54	-1	56	-1	-1	-1	60	-1	62	63	-1	-1	-1	67	68	69	70	71	-1	73	74	-1	-1	-1	78	79	80	-1	82	-1	84	-1	-1	87	88	89	-1	-1	92	-1	-1	95	-1	-1	-1	99	100	101	-1	-1	-1	-1	106	107	108	109	-1	111	112	-1	-1	-1	116	117	-1	-1	-1	121	-1	123	-1	125	126	-1	-1	-1	130	-1	132	-1	-1	135	136	137	-1	139	-1	141	142	-1	-1	145	-1	-1	-1	149	150	-1	152	-1	-1	155	156	157	158	159	-1	161	-1	-1	164	165	-1	-1	168	-1	-1	-1	-1	173	174	175	176	-1	-1	-1	-1	-1
# Right
4	3	-1	-1	66	41	12	9	-1	11	-1	-1	26	23	18	17	-1	-1	20	-1	22	-1	-1	25	-1	-1	28	-1	30	-1	38	37	34	-1	36	-1	-1	-1	40	-1	-1	47	44	-1	46	-1	-1	59	58	51	-1	53	-1	55	-1	57	-1	-1	-1	61	-1	65	64	-1	-1	-1	134	105	98	77	72	-1	76	75	-1	-1	-1	97	86	81	-1	83	-1	85	-1	-1	94	91	90	-1	-1	93	-1	-1	96	-1	-1	-1	104	103	102	-1	-1	-1	-1	129	120	115	110	-1	114	113	-1	-1	-1	119	118	-1	-1	-1	122	-1	124	-1	128	127	-1	-1	-1	131	-1	133	-1	-1	148	147	138	-1	140	-1	144	143	-1	-1	146	-1	-1	-1	154	151	-1	153	-1	-1	172	171	170	163	160	-1	162	-1	-1	167	166	-1	-1	169	-1	-1	-1	-1	180	179	178	177	-1	-1	-1	-1	-1
# Threshold
1.5	0.43674300611019135	-2.0	-2.0	4908.0	0.5	0.8567234873771667	887.5	-2.0	0.04117140173912048	-2.0	-2.0	0.03589149937033653	2922.5	0.5	1.032069981098175	-2.0	-2.0	3807.0	-2.0	15.887499809265137	-2.0	-2.0	0.0032107349252328277	-2.0	-2.0	8.379790186882019	-2.0	3619.0	-2.0	0.3386960029602051	575.0	66.5	-2.0	1540.0	-2.0	-2.0	-2.0	0.030750500038266182	-2.0	-2.0	3.1293749809265137	2628.0	-2.0	2.5	-2.0	-2.0	614.0	2.0099849700927734	0.07438574731349945	-2.0	127.0	-2.0	212.5	-2.0	402.5	-2.0	-2.0	-2.0	2378.0	-2.0	7.282660007476807	0.0020323399221524596	-2.0	-2.0	-2.0	1.5	5.755635023117065	1.4613600373268127	7597.0	0.0012127545196563005	-2.0	0.3598860055208206	0.004237285000272095	-2.0	-2.0	-2.0	0.7000190019607544	0.5	1.1438150067988317e-05	-2.0	0.04857395030558109	-2.0	2.7154200077056885	-2.0	-2.0	2714560.0	77.0	1.0659500360488892	-2.0	-2.0	1.096085011959076	-2.0	-2.0	2.5	-2.0	-2.0	-2.0	0.5	15.0	750578.0	-2.0	-2.0	-2.0	-2.0	1.5	0.0010079694911837578	107249.0	0.38725149631500244	-2.0	0.006882784888148308	2.1779249906539917	-2.0	-2.0	-2.0	1000.5	8.35555488265527e-06	-2.0	-2.0	-2.0	29.60385036468506	-2.0	20377.0	-2.0	0.8201989829540253	0.005751119926571846	-2.0	-2.0	-2.0	0.0013592700124718249	-2.0	67627.0	-2.0	-2.0	27.5	0.5068524926900864	1.351859986782074	-2.0	3.7315649024094455e-06	-2.0	15995.0	9667.5	-2.0	-2.0	1.3397350311279297	-2.0	-2.0	-2.0	9.99101972579956	69461.5	-2.0	1.188979983329773	-2.0	-2.0	776850.0	0.017682100646197796	15.5	0.0013990899897180498	42330.5	-2.0	1.5	-2.0	-2.0	0.0031781200086697936	0.0027625199873000383	-2.0	-2.0	391664.5	-2.0	-2.0	-2.0	-2.0	178362000.0	1285997.5	13.5	45494150.0	-2.0	-2.0	-2.0	-2.0	-2.0
# Feature
5	13	-2	-2	1	9	12	1	-2	11	-2	-2	4	1	6	12	-2	-2	8	-2	3	-2	-2	10	-2	-2	3	-2	2	-2	13	5	5	-2	8	-2	-2	-2	10	-2	-2	7	0	-2	9	-2	-2	0	12	4	-2	1	-2	8	-2	0	-2	-2	-2	0	-2	3	10	-2	-2	-2	6	7	12	8	10	-2	11	10	-2	-2	-2	13	6	4	-2	11	-2	7	-2	-2	2	5	7	-2	-2	12	-2	-2	9	-2	-2	-2	6	5	1	-2	-2	-2	-2	9	4	2	13	-2	11	3	-2	-2	-2	5	10	-2	-2	-2	7	-2	1	-2	13	10	-2	-2	-2	4	-2	2	-2	-2	5	11	12	-2	10	-2	0	0	-2	-2	7	-2	-2	-2	3	1	-2	12	-2	-2	1	10	9	10	1	-2	9	-2	-2	10	10	-2	-2	2	-2	-2	-2	-2	2	8	6	2	-2	-2	-2	-2	-2
# Values
105.0	1477.0	55.0
18.0	0.0	1.0
1.0	0.0	1.0
17.0	0.0	0.0
87.0	1477.0	54.0
4.0	736.0	16.0
3.0	104.0	12.0
1.0	15.0	0.0
0.0	11.0	0.0
1.0	4.0	0.0
0.0	3.0	0.0
1.0	1.0	0.0
2.0	89.0	12.0
2.0	75.0	5.0
2.0	72.0	1.0
2.0	7.0	0.0
0.0	6.0	0.0
2.0	1.0	0.0
0.0	65.0	1.0
0.0	57.0	0.0
0.0	8.0	1.0
0.0	6.0	0.0
0.0	2.0	1.0
0.0	3.0	4.0
0.0	0.0	4.0
0.0	3.0	0.0
0.0	14.0	7.0
0.0	3.0	0.0
0.0	11.0	7.0
0.0	2.0	0.0
0.0	9.0	7.0
0.0	7.0	2.0
0.0	5.0	2.0
0.0	1.0	1.0
0.0	4.0	1.0
0.0	1.0	1.0
0.0	3.0	0.0
0.0	2.0	0.0
0.0	2.0	5.0
0.0	0.0	3.0
0.0	2.0	2.0
1.0	632.0	4.0
1.0	276.0	0.0
0.0	253.0	0.0
1.0	23.0	0.0
1.0	2.0	0.0
0.0	21.0	0.0
0.0	356.0	4.0
0.0	68.0	3.0
0.0	67.0	2.0
0.0	43.0	0.0
0.0	24.0	2.0
0.0	14.0	0.0
0.0	10.0	2.0
0.0	6.0	0.0
0.0	4.0	2.0
0.0	1.0	2.0
0.0	3.0	0.0
0.0	1.0	1.0
0.0	288.0	1.0
0.0	198.0	0.0
0.0	90.0	1.0
0.0	8.0	1.0
0.0	5.0	0.0
0.0	3.0	1.0
0.0	82.0	0.0
83.0	741.0	38.0
74.0	260.0	6.0
68.0	76.0	0.0
65.0	40.0	0.0
5.0	18.0	0.0
0.0	10.0	0.0
5.0	8.0	0.0
5.0	2.0	0.0
3.0	0.0	0.0
2.0	2.0	0.0
0.0	6.0	0.0
60.0	22.0	0.0
23.0	22.0	0.0
13.0	4.0	0.0
0.0	2.0	0.0
13.0	2.0	0.0
8.0	0.0	0.0
5.0	2.0	0.0
4.0	0.0	0.0
1.0	2.0	0.0
10.0	18.0	0.0
4.0	16.0	0.0
1.0	14.0	0.0
1.0	1.0	0.0
0.0	13.0	0.0
3.0	2.0	0.0
0.0	2.0	0.0
3.0	0.0	0.0
6.0	2.0	0.0
6.0	0.0	0.0
0.0	2.0	0.0
37.0	0.0	0.0
3.0	36.0	0.0
3.0	10.0	0.0
3.0	3.0	0.0
0.0	3.0	0.0
3.0	0.0	0.0
0.0	7.0	0.0
0.0	26.0	0.0
6.0	184.0	6.0
6.0	85.0	5.0
6.0	66.0	0.0
5.0	9.0	0.0
0.0	3.0	0.0
5.0	6.0	0.0
5.0	1.0	0.0
1.0	1.0	0.0
4.0	0.0	0.0
0.0	5.0	0.0
1.0	57.0	0.0
1.0	17.0	0.0
1.0	3.0	0.0
0.0	14.0	0.0
0.0	40.0	0.0
0.0	19.0	5.0
0.0	1.0	3.0
0.0	18.0	2.0
0.0	10.0	0.0
0.0	8.0	2.0
0.0	4.0	2.0
0.0	3.0	0.0
0.0	1.0	2.0
0.0	4.0	0.0
0.0	99.0	1.0
0.0	76.0	0.0
0.0	23.0	1.0
0.0	1.0	1.0
0.0	22.0	0.0
9.0	481.0	32.0
8.0	137.0	0.0
8.0	16.0	0.0
0.0	9.0	0.0
8.0	7.0	0.0
0.0	3.0	0.0
8.0	4.0	0.0
2.0	3.0	0.0
2.0	1.0	0.0
0.0	2.0	0.0
6.0	1.0	0.0
1.0	1.0	0.0
5.0	0.0	0.0
0.0	121.0	0.0
1.0	344.0	32.0
1.0	71.0	0.0
0.0	62.0	0.0
1.0	9.0	0.0
0.0	8.0	0.0
1.0	1.0	0.0
0.0	273.0	32.0
0.0	263.0	25.0
0.0	198.0	25.0
0.0	107.0	25.0
0.0	66.0	7.0
0.0	29.0	0.0
0.0	37.0	7.0
0.0	3.0	4.0
0.0	34.0	3.0
0.0	41.0	18.0
0.0	21.0	14.0
0.0	18.0	9.0
0.0	3.0	5.0
0.0	20.0	4.0
0.0	5.0	0.0
0.0	15.0	4.0
0.0	91.0	0.0
0.0	65.0	0.0
0.0	10.0	7.0
0.0	10.0	5.0
0.0	7.0	5.0
0.0	2.0	5.0
0.0	2.0	1.0
0.0	0.0	4.0
0.0	5.0	0.0
0.0	3.0	0.0
0.0	0.0	2.0
