# Sizes (NFeatures, Nclasses, NodeCount, MaxDepth)
14	3	187	11
# Classes
0.0	1.0	2.0
# Feature Names
Nrows	Ncols	Nnnz	AvgNnnz	Density	MaxRowNnnz	MinRowNnnz	StdRowNnnz	NDiags	NTrueDiags	AvgNnnzDia	AvgNnnzELL	AvgNnnzHyb	AvgNnnzHdc
# Left
1	2	3	4	5	6	-1	8	9	10	-1	12	13	-1	-1	16	-1	-1	-1	20	21	22	-1	-1	-1	26	27	28	-1	-1	-1	32	-1	34	-1	-1	-1	-1	39	40	-1	42	-1	44	-1	46	-1	48	49	-1	-1	-1	-1	54	55	-1	57	58	59	-1	-1	-1	63	64	-1	66	67	-1	69	70	-1	-1	-1	74	75	-1	77	-1	-1	80	-1	82	-1	-1	85	86	-1	88	-1	90	-1	92	-1	-1	-1	96	97	-1	99	100	101	-1	-1	-1	105	-1	107	108	109	-1	111	-1	-1	-1	-1	116	-1	118	-1	-1	121	122	123	-1	125	126	127	128	-1	-1	-1	-1	133	134	135	-1	-1	-1	-1	140	141	142	-1	-1	-1	146	147	-1	-1	150	151	-1	-1	-1	155	156	-1	158	159	160	-1	162	-1	-1	-1	166	-1	168	-1	-1	171	-1	173	174	-1	176	177	178	-1	-1	-1	-1	183	184	-1	-1	-1
# Right
120	53	38	37	36	7	-1	19	18	11	-1	15	14	-1	-1	17	-1	-1	-1	25	24	23	-1	-1	-1	31	30	29	-1	-1	-1	33	-1	35	-1	-1	-1	-1	52	41	-1	43	-1	45	-1	47	-1	51	50	-1	-1	-1	-1	95	56	-1	62	61	60	-1	-1	-1	84	65	-1	73	68	-1	72	71	-1	-1	-1	79	76	-1	78	-1	-1	81	-1	83	-1	-1	94	87	-1	89	-1	91	-1	93	-1	-1	-1	115	98	-1	104	103	102	-1	-1	-1	106	-1	114	113	110	-1	112	-1	-1	-1	-1	117	-1	119	-1	-1	154	139	124	-1	132	131	130	129	-1	-1	-1	-1	138	137	136	-1	-1	-1	-1	145	144	143	-1	-1	-1	149	148	-1	-1	153	152	-1	-1	-1	170	157	-1	165	164	161	-1	163	-1	-1	-1	167	-1	169	-1	-1	172	-1	182	175	-1	181	180	179	-1	-1	-1	-1	186	185	-1	-1	-1
# Threshold
0.4999765008687973	0.001000074960757047	5.999934911727905	3014.5	0.5986025035381317	8.771900326109972e-07	-2.0	40488.5	1.4837700128555298	6.5	-2.0	0.4133575111627579	0.0005410320009104908	-2.0	-2.0	81.5	-2.0	-2.0	-2.0	0.359653502702713	1.4352999925613403	1.4788909993512789e-05	-2.0	-2.0	-2.0	0.5	0.8882559835910797	0.5911449790000916	-2.0	-2.0	-2.0	0.5978275090456009	-2.0	1.562150001525879	-2.0	-2.0	-2.0	-2.0	0.4983845055103302	0.010165249928832054	-2.0	35.5	-2.0	37.5	-2.0	4.5	-2.0	15.588749885559082	34.17979907989502	-2.0	-2.0	-2.0	-2.0	4518.5	1.5	-2.0	13.5	0.5	0.5	-2.0	-2.0	-2.0	811.0	0.020671050064265728	-2.0	340.5	27.0	-2.0	594.0	0.3401165008544922	-2.0	-2.0	-2.0	69.5	13.0	-2.0	1217.0	-2.0	-2.0	3864.5	-2.0	3.5	-2.0	-2.0	3.5	1.5	-2.0	7.282660007476807	-2.0	19.984999656677246	-2.0	0.005250854883342981	-2.0	-2.0	-2.0	0.004799574846401811	4555.5	-2.0	0.0008708640234544873	0.3841249942779541	60191.0	-2.0	-2.0	-2.0	0.0012556500150822103	-2.0	5.5	0.002820365014486015	0.6074914932250977	-2.0	0.8425055146217346	-2.0	-2.0	-2.0	-2.0	0.04643024876713753	-2.0	2.0	-2.0	-2.0	3.8225350379943848	14873.5	6.0	-2.0	0.5	0.7892374992370605	0.0015981700271368027	3.7224849462509155	-2.0	-2.0	-2.0	-2.0	1.5	0.7527875006198883	3733.0	-2.0	-2.0	-2.0	-2.0	4018810.0	3.0	11.0	-2.0	-2.0	-2.0	23.0	2.61929500311453e-06	-2.0	-2.0	2.0	988315.5	-2.0	-2.0	-2.0	35.70085144042969	3801.0	-2.0	0.0004817054868908599	0.5	65915.0	-2.0	2.4999650716781616	-2.0	-2.0	-2.0	154317.5	-2.0	20.35865020751953	-2.0	-2.0	0.0008058355015236884	-2.0	65.86465072631836	0.004015429876744747	-2.0	13.5	87148.0	0.2694980055093765	-2.0	-2.0	-2.0	-2.0	358.1630096435547	0.8550775051116943	-2.0	-2.0	-2.0
# Feature
13	4	3	5	11	4	-2	2	12	5	-2	13	10	-2	-2	5	-2	-2	-2	13	7	10	-2	-2	-2	9	12	12	-2	-2	-2	7	-2	7	-2	-2	-2	-2	13	11	-2	5	-2	5	-2	6	-2	7	3	-2	-2	-2	-2	8	5	-2	5	6	9	-2	-2	-2	0	10	-2	8	5	-2	1	13	-2	-2	-2	5	6	-2	8	-2	-2	2	-2	9	-2	-2	9	6	-2	3	-2	3	-2	10	-2	-2	-2	10	8	-2	10	13	8	-2	-2	-2	10	-2	9	10	12	-2	12	-2	-2	-2	-2	4	-2	6	-2	-2	7	8	8	-2	9	13	4	3	-2	-2	-2	-2	6	7	0	-2	-2	-2	-2	2	9	5	-2	-2	-2	5	4	-2	-2	9	0	-2	-2	-2	3	8	-2	4	9	0	-2	3	-2	-2	-2	2	-2	7	-2	-2	10	-2	7	10	-2	6	1	11	-2	-2	-2	-2	7	12	-2	-2	-2
# Values
105.0	1477.0	55.0
35.0	1218.0	31.0
33.0	375.0	4.0
33.0	118.0	0.0
33.0	96.0	0.0
33.0	57.0	0.0
5.0	0.0	0.0
28.0	57.0	0.0
14.0	15.0	0.0
14.0	10.0	0.0
4.0	0.0	0.0
10.0	10.0	0.0
7.0	2.0	0.0
5.0	0.0	0.0
2.0	2.0	0.0
3.0	8.0	0.0
0.0	8.0	0.0
3.0	0.0	0.0
0.0	5.0	0.0
14.0	42.0	0.0
7.0	5.0	0.0
7.0	2.0	0.0
1.0	2.0	0.0
6.0	0.0	0.0
0.0	3.0	0.0
7.0	37.0	0.0
4.0	6.0	0.0
4.0	1.0	0.0
2.0	0.0	0.0
2.0	1.0	0.0
0.0	5.0	0.0
3.0	31.0	0.0
2.0	0.0	0.0
1.0	31.0	0.0
1.0	7.0	0.0
0.0	24.0	0.0
0.0	39.0	0.0
0.0	22.0	0.0
0.0	257.0	4.0
0.0	255.0	3.0
0.0	110.0	0.0
0.0	145.0	3.0
0.0	78.0	0.0
0.0	67.0	3.0
0.0	1.0	1.0
0.0	66.0	2.0
0.0	43.0	0.0
0.0	23.0	2.0
0.0	13.0	2.0
0.0	2.0	2.0
0.0	11.0	0.0
0.0	10.0	0.0
0.0	2.0	1.0
2.0	843.0	27.0
2.0	727.0	13.0
1.0	0.0	1.0
1.0	727.0	12.0
1.0	242.0	0.0
1.0	11.0	0.0
1.0	1.0	0.0
0.0	10.0	0.0
0.0	231.0	0.0
0.0	485.0	12.0
0.0	117.0	10.0
0.0	36.0	0.0
0.0	81.0	10.0
0.0	60.0	2.0
0.0	30.0	0.0
0.0	30.0	2.0
0.0	27.0	1.0
0.0	20.0	0.0
0.0	7.0	1.0
0.0	3.0	1.0
0.0	21.0	8.0
0.0	14.0	2.0
0.0	9.0	0.0
0.0	5.0	2.0
0.0	1.0	1.0
0.0	4.0	1.0
0.0	7.0	6.0
0.0	3.0	0.0
0.0	4.0	6.0
0.0	2.0	6.0
0.0	2.0	0.0
0.0	368.0	2.0
0.0	160.0	2.0
0.0	120.0	0.0
0.0	40.0	2.0
0.0	3.0	1.0
0.0	37.0	1.0
0.0	28.0	0.0
0.0	9.0	1.0
0.0	1.0	1.0
0.0	8.0	0.0
0.0	208.0	0.0
0.0	116.0	14.0
0.0	79.0	13.0
0.0	0.0	4.0
0.0	79.0	9.0
0.0	5.0	3.0
0.0	5.0	1.0
0.0	4.0	0.0
0.0	1.0	1.0
0.0	0.0	2.0
0.0	74.0	6.0
0.0	25.0	0.0
0.0	49.0	6.0
0.0	21.0	6.0
0.0	20.0	3.0
0.0	7.0	0.0
0.0	13.0	3.0
0.0	4.0	2.0
0.0	9.0	1.0
0.0	1.0	3.0
0.0	28.0	0.0
0.0	37.0	1.0
0.0	33.0	0.0
0.0	4.0	1.0
0.0	1.0	1.0
0.0	3.0	0.0
70.0	259.0	24.0
65.0	95.0	5.0
22.0	85.0	0.0
16.0	0.0	0.0
6.0	85.0	0.0
5.0	19.0	0.0
5.0	12.0	0.0
5.0	1.0	0.0
4.0	0.0	0.0
1.0	1.0	0.0
0.0	11.0	0.0
0.0	7.0	0.0
1.0	66.0	0.0
1.0	13.0	0.0
1.0	4.0	0.0
1.0	1.0	0.0
0.0	3.0	0.0
0.0	9.0	0.0
0.0	53.0	0.0
43.0	10.0	5.0
39.0	5.0	0.0
39.0	2.0	0.0
1.0	2.0	0.0
38.0	0.0	0.0
0.0	3.0	0.0
4.0	5.0	5.0
3.0	3.0	0.0
3.0	0.0	0.0
0.0	3.0	0.0
1.0	2.0	5.0
1.0	0.0	5.0
1.0	0.0	1.0
0.0	0.0	4.0
0.0	2.0	0.0
5.0	164.0	19.0
5.0	129.0	3.0
0.0	76.0	0.0
5.0	53.0	3.0
5.0	48.0	0.0
5.0	10.0	0.0
4.0	0.0	0.0
1.0	10.0	0.0
1.0	1.0	0.0
0.0	9.0	0.0
0.0	38.0	0.0
0.0	5.0	3.0
0.0	3.0	0.0
0.0	2.0	3.0
0.0	2.0	1.0
0.0	0.0	2.0
0.0	35.0	16.0
0.0	0.0	2.0
0.0	35.0	14.0
0.0	32.0	4.0
0.0	14.0	0.0
0.0	18.0	4.0
0.0	5.0	4.0
0.0	5.0	1.0
0.0	4.0	0.0
0.0	1.0	1.0
0.0	0.0	3.0
0.0	13.0	0.0
0.0	3.0	10.0
0.0	1.0	10.0
0.0	1.0	1.0
0.0	0.0	9.0
0.0	2.0	0.0
