# Sizes (NFeatures, Nclasses, NodeCount, MaxDepth)
14	3	161	11
# Classes
0.0	1.0	2.0
# Feature Names
Nrows	Ncols	Nnnz	AvgNnnz	Density	MaxRowNnnz	MinRowNnnz	StdRowNnnz	NDiags	NTrueDiags	AvgNnnzDia	AvgNnnzELL	AvgNnnzHyb	AvgNnnzHdc
# Left
1	2	3	4	-1	6	7	8	-1	-1	11	12	13	-1	15	-1	-1	-1	19	-1	21	22	-1	24	-1	-1	-1	-1	29	30	-1	32	-1	34	-1	-1	37	-1	39	-1	41	-1	43	-1	-1	46	47	48	49	-1	-1	52	-1	54	55	56	57	-1	-1	-1	61	-1	-1	-1	65	-1	67	68	-1	-1	-1	-1	73	74	-1	76	-1	78	79	80	-1	-1	-1	84	85	86	87	-1	89	90	-1	-1	93	-1	-1	96	97	-1	-1	-1	101	102	-1	104	-1	-1	107	108	-1	110	-1	-1	113	114	-1	-1	-1	118	-1	120	-1	122	123	-1	125	-1	-1	-1	129	130	-1	132	-1	134	-1	-1	137	138	139	-1	-1	-1	143	144	145	146	-1	148	-1	-1	151	152	-1	-1	155	-1	157	-1	-1	-1	-1
# Right
72	45	28	5	-1	27	10	9	-1	-1	18	17	14	-1	16	-1	-1	-1	20	-1	26	23	-1	25	-1	-1	-1	-1	36	31	-1	33	-1	35	-1	-1	38	-1	40	-1	42	-1	44	-1	-1	71	64	51	50	-1	-1	53	-1	63	60	59	58	-1	-1	-1	62	-1	-1	-1	66	-1	70	69	-1	-1	-1	-1	128	75	-1	77	-1	83	82	81	-1	-1	-1	117	100	95	88	-1	92	91	-1	-1	94	-1	-1	99	98	-1	-1	-1	106	103	-1	105	-1	-1	112	109	-1	111	-1	-1	116	115	-1	-1	-1	119	-1	121	-1	127	124	-1	126	-1	-1	-1	136	131	-1	133	-1	135	-1	-1	142	141	140	-1	-1	-1	160	159	150	147	-1	149	-1	-1	154	153	-1	-1	156	-1	158	-1	-1	-1	-1
# Threshold
5.999934911727905	0.49995000660419464	2.5	4.0	-2.0	0.39632950723171234	4755.0	164.5	-2.0	-2.0	47776.5	9229.0	0.09117404744029045	-2.0	0.3084999918937683	-2.0	-2.0	-2.0	16.5	-2.0	0.0001390369980072137	32606.0	-2.0	98716148.0	-2.0	-2.0	-2.0	-2.0	2.5	69450.5	-2.0	0.07504044845700264	-2.0	0.0002947309985756874	-2.0	-2.0	8096.0	-2.0	1.1134614944458008	-2.0	19.0	-2.0	171080.0	-2.0	-2.0	2.0011600255966187	25211.0	740.0	3.0	-2.0	-2.0	1.8268199563026428	-2.0	5.788305044174194	0.5	1.2315399646759033	33.5	-2.0	-2.0	-2.0	0.5219320058822632	-2.0	-2.0	-2.0	4.037325024604797	-2.0	0.5435789823532104	0.0008619885284133488	-2.0	-2.0	-2.0	-2.0	0.582335501909256	0.6957470178604126	-2.0	0.3202110081911087	-2.0	7.207744836807251	0.0009098589944187552	0.0006252995226532221	-2.0	-2.0	-2.0	0.4245954900979996	1.0348750352859497	0.036146899685263634	2361.0	-2.0	12.157949924468994	0.0008056824735831469	-2.0	-2.0	3356.5	-2.0	-2.0	0.043109748512506485	0.12693499773740768	-2.0	-2.0	-2.0	19.984999656677246	94488.5	-2.0	71580.5	-2.0	-2.0	5.5	728.0	-2.0	0.5	-2.0	-2.0	650.0	55.5	-2.0	-2.0	-2.0	1841.0	-2.0	0.44770950078964233	-2.0	17.0	14.736649990081787	-2.0	220566.0	-2.0	-2.0	-2.0	26.598549842834473	3983.5	-2.0	0.0004817054868908599	-2.0	0.0028573099989444017	-2.0	-2.0	7599.5	15.0	103197.5	-2.0	-2.0	-2.0	0.8203585147857666	19.0	339.5	168019.0	-2.0	0.39332300424575806	-2.0	-2.0	0.027979650534689426	0.0008670469978824258	-2.0	-2.0	54.312950134277344	-2.0	0.8600344955921173	-2.0	-2.0	-2.0	-2.0
# Feature
3	13	9	8	-2	11	0	2	-2	-2	2	8	11	-2	11	-2	-2	-2	5	-2	4	1	-2	0	-2	-2	-2	-2	6	0	-2	11	-2	10	-2	-2	0	-2	7	-2	5	-2	0	-2	-2	12	8	1	5	-2	-2	3	-2	7	9	12	5	-2	-2	-2	13	-2	-2	-2	7	-2	13	11	-2	-2	-2	-2	13	12	-2	13	-2	3	10	4	-2	-2	-2	13	12	4	1	-2	7	4	-2	-2	0	-2	-2	10	11	-2	-2	-2	3	8	-2	0	-2	-2	9	8	-2	9	-2	-2	0	5	-2	-2	-2	8	-2	13	-2	9	3	-2	1	-2	-2	-2	3	8	-2	4	-2	10	-2	-2	8	9	0	-2	-2	-2	13	6	5	0	-2	11	-2	-2	11	4	-2	-2	7	-2	12	-2	-2	-2	-2
# Values
105.0	1477.0	55.0
105.0	433.0	1.0
35.0	365.0	1.0
27.0	99.0	1.0
2.0	0.0	1.0
25.0	99.0	0.0
25.0	66.0	0.0
1.0	32.0	0.0
1.0	3.0	0.0
0.0	29.0	0.0
24.0	34.0	0.0
14.0	8.0	0.0
6.0	8.0	0.0
0.0	6.0	0.0
6.0	2.0	0.0
2.0	2.0	0.0
4.0	0.0	0.0
8.0	0.0	0.0
10.0	26.0	0.0
6.0	0.0	0.0
4.0	26.0	0.0
4.0	14.0	0.0
3.0	0.0	0.0
1.0	14.0	0.0
0.0	13.0	0.0
1.0	1.0	0.0
0.0	12.0	0.0
0.0	33.0	0.0
8.0	266.0	0.0
1.0	202.0	0.0
0.0	180.0	0.0
1.0	22.0	0.0
0.0	12.0	0.0
1.0	10.0	0.0
0.0	9.0	0.0
1.0	1.0	0.0
7.0	64.0	0.0
0.0	50.0	0.0
7.0	14.0	0.0
0.0	9.0	0.0
7.0	5.0	0.0
5.0	0.0	0.0
2.0	5.0	0.0
0.0	4.0	0.0
2.0	1.0	0.0
70.0	68.0	0.0
70.0	46.0	0.0
29.0	37.0	0.0
6.0	17.0	0.0
6.0	0.0	0.0
0.0	17.0	0.0
23.0	20.0	0.0
13.0	0.0	0.0
10.0	20.0	0.0
10.0	13.0	0.0
9.0	3.0	0.0
9.0	1.0	0.0
2.0	1.0	0.0
7.0	0.0	0.0
0.0	2.0	0.0
1.0	10.0	0.0
1.0	2.0	0.0
0.0	8.0	0.0
0.0	7.0	0.0
41.0	9.0	0.0
38.0	0.0	0.0
3.0	9.0	0.0
3.0	2.0	0.0
0.0	2.0	0.0
3.0	0.0	0.0
0.0	7.0	0.0
0.0	22.0	0.0
0.0	1044.0	54.0
0.0	921.0	31.0
0.0	158.0	0.0
0.0	763.0	31.0
0.0	105.0	0.0
0.0	658.0	31.0
0.0	101.0	1.0
0.0	31.0	1.0
0.0	30.0	0.0
0.0	1.0	1.0
0.0	70.0	0.0
0.0	557.0	30.0
0.0	358.0	27.0
0.0	99.0	14.0
0.0	91.0	9.0
0.0	33.0	0.0
0.0	58.0	9.0
0.0	2.0	5.0
0.0	2.0	0.0
0.0	0.0	5.0
0.0	56.0	4.0
0.0	1.0	1.0
0.0	55.0	3.0
0.0	8.0	5.0
0.0	2.0	5.0
0.0	2.0	2.0
0.0	0.0	3.0
0.0	6.0	0.0
0.0	259.0	13.0
0.0	110.0	1.0
0.0	100.0	0.0
0.0	10.0	1.0
0.0	1.0	1.0
0.0	9.0	0.0
0.0	149.0	12.0
0.0	27.0	11.0
0.0	0.0	2.0
0.0	27.0	9.0
0.0	18.0	4.0
0.0	9.0	5.0
0.0	122.0	1.0
0.0	4.0	1.0
0.0	1.0	1.0
0.0	3.0	0.0
0.0	118.0	0.0
0.0	199.0	3.0
0.0	109.0	0.0
0.0	90.0	3.0
0.0	29.0	0.0
0.0	61.0	3.0
0.0	39.0	3.0
0.0	19.0	0.0
0.0	20.0	3.0
0.0	19.0	2.0
0.0	1.0	1.0
0.0	22.0	0.0
0.0	123.0	23.0
0.0	85.0	3.0
0.0	57.0	0.0
0.0	28.0	3.0
0.0	26.0	0.0
0.0	2.0	3.0
0.0	2.0	1.0
0.0	0.0	2.0
0.0	38.0	20.0
0.0	21.0	2.0
0.0	5.0	2.0
0.0	5.0	0.0
0.0	0.0	2.0
0.0	16.0	0.0
0.0	17.0	18.0
0.0	17.0	13.0
0.0	12.0	13.0
0.0	6.0	2.0
0.0	1.0	1.0
0.0	5.0	1.0
0.0	4.0	0.0
0.0	1.0	1.0
0.0	6.0	11.0
0.0	4.0	1.0
0.0	3.0	0.0
0.0	1.0	1.0
0.0	2.0	10.0
0.0	1.0	1.0
0.0	1.0	9.0
0.0	1.0	1.0
0.0	0.0	8.0
0.0	5.0	0.0
0.0	0.0	5.0
