# Sizes (NFeatures, Nclasses, NodeCount, MaxDepth)
14	3	171	11
# Classes
0.0	1.0	2.0
# Feature Names
Nrows	Ncols	Nnnz	AvgNnnz	Density	MaxRowNnnz	MinRowNnnz	StdRowNnnz	NDiags	NTrueDiags	AvgNnnzDia	AvgNnnzELL	AvgNnnzHyb	AvgNnnzHdc
# Left
1	2	-1	4	5	6	7	8	-1	-1	11	-1	-1	-1	15	16	17	18	-1	20	21	-1	-1	24	-1	26	-1	-1	29	-1	-1	32	-1	-1	35	-1	37	-1	39	40	-1	-1	-1	44	45	46	47	48	-1	50	51	52	-1	-1	55	-1	-1	58	-1	-1	-1	62	63	-1	65	-1	-1	-1	-1	70	71	-1	-1	74	75	76	77	-1	-1	-1	81	-1	-1	-1	85	86	87	-1	89	90	91	92	93	94	95	-1	-1	-1	-1	100	101	-1	-1	-1	105	106	-1	-1	-1	110	-1	112	-1	-1	115	-1	117	-1	119	120	121	-1	-1	-1	-1	126	127	128	129	-1	-1	-1	-1	134	135	136	137	-1	139	-1	-1	-1	143	144	-1	-1	-1	-1	149	-1	151	152	153	-1	155	-1	-1	158	-1	-1	161	162	163	164	-1	-1	167	-1	-1	-1	-1
# Right
84	3	-1	43	14	13	10	9	-1	-1	12	-1	-1	-1	34	31	28	19	-1	23	22	-1	-1	25	-1	27	-1	-1	30	-1	-1	33	-1	-1	36	-1	38	-1	42	41	-1	-1	-1	69	68	61	60	49	-1	57	54	53	-1	-1	56	-1	-1	59	-1	-1	-1	67	64	-1	66	-1	-1	-1	-1	73	72	-1	-1	83	80	79	78	-1	-1	-1	82	-1	-1	-1	148	125	88	-1	114	109	104	99	98	97	96	-1	-1	-1	-1	103	102	-1	-1	-1	108	107	-1	-1	-1	111	-1	113	-1	-1	116	-1	118	-1	124	123	122	-1	-1	-1	-1	133	132	131	130	-1	-1	-1	-1	147	142	141	138	-1	140	-1	-1	-1	146	145	-1	-1	-1	-1	150	-1	160	157	154	-1	156	-1	-1	159	-1	-1	170	169	166	165	-1	-1	168	-1	-1	-1	-1
# Threshold
1.5	21.0	-2.0	5.0373148918151855	4725.5	0.3393165022134781	0.0015981700271368027	1.7865100502967834	-2.0	-2.0	0.020309800282120705	-2.0	-2.0	-2.0	4.622270107269287	1.5	0.5	0.32631848752498627	-2.0	4.545850038528442	0.37387849390506744	-2.0	-2.0	1.8404800295829773	-2.0	0.49026350677013397	-2.0	-2.0	25394.0	-2.0	-2.0	1.4720399975776672	-2.0	-2.0	1.310398519039154	-2.0	0.013167949859052896	-2.0	5.859459997736849e-05	4.8427650928497314	-2.0	-2.0	-2.0	0.03508614934980869	0.006858869921416044	0.5994504988193512	39.30434989929199	27509.0	-2.0	29.35855007171631	6873.5	9.724774837493896	-2.0	-2.0	735856.0	-2.0	-2.0	32.32080078125	-2.0	-2.0	-2.0	0.9377110004425049	7540.5	-2.0	0.5	-2.0	-2.0	-2.0	-2.0	374.5	429.0	-2.0	-2.0	0.08166280016303062	0.03069150075316429	270955.0	1569.0	-2.0	-2.0	-2.0	1.8020949959754944	-2.0	-2.0	-2.0	0.582335501909256	4.5	0.021939000114798546	-2.0	187714.0	12.819499969482422	0.008946000132709742	16.5	1.3539449572563171	1.340030014514923	0.002947855042293668	-2.0	-2.0	-2.0	-2.0	0.9560054838657379	0.045113200321793556	-2.0	-2.0	-2.0	0.07001399993896484	0.4279480129480362	-2.0	-2.0	-2.0	1.5	-2.0	14.736649990081787	-2.0	-2.0	5.5	-2.0	3.7046549320220947	-2.0	0.3551134914159775	1.6599649786949158	456521.0	-2.0	-2.0	-2.0	-2.0	8.5	0.0013794800033792853	8.127384662628174	7.84012508392334	-2.0	-2.0	-2.0	-2.0	46.0	0.3290039896965027	41.0	36.76840019226074	-2.0	1.1679199934005737	-2.0	-2.0	-2.0	16.26140022277832	2.72483491897583	-2.0	-2.0	-2.0	-2.0	78.5	-2.0	6.5	26640.0	3749.0	-2.0	20700.0	-2.0	-2.0	669645.0	-2.0	-2.0	19.0	18.0	339.5	776850.0	-2.0	-2.0	114619.5	-2.0	-2.0	-2.0	-2.0
# Feature
9	8	-2	3	1	11	4	3	-2	-2	10	-2	-2	-2	3	6	9	12	-2	7	11	-2	-2	3	-2	13	-2	-2	0	-2	-2	7	-2	-2	7	-2	11	-2	10	3	-2	-2	-2	4	10	13	7	2	-2	3	0	3	-2	-2	2	-2	-2	7	-2	-2	-2	11	8	-2	6	-2	-2	-2	-2	0	8	-2	-2	4	10	2	8	-2	-2	-2	12	-2	-2	-2	13	9	11	-2	2	7	10	5	7	7	10	-2	-2	-2	-2	12	11	-2	-2	-2	7	13	-2	-2	-2	6	-2	3	-2	-2	5	-2	3	-2	13	7	8	-2	-2	-2	-2	6	4	3	3	-2	-2	-2	-2	9	13	9	7	-2	12	-2	-2	-2	3	7	-2	-2	-2	-2	5	-2	6	0	8	-2	0	-2	-2	8	-2	-2	6	9	5	1	-2	-2	0	-2	-2	-2	-2
# Values
105.0	1477.0	55.0
85.0	279.0	31.0
20.0	0.0	0.0
65.0	279.0	31.0
65.0	78.0	0.0
3.0	43.0	0.0
3.0	23.0	0.0
2.0	4.0	0.0
2.0	0.0	0.0
0.0	4.0	0.0
1.0	19.0	0.0
0.0	16.0	0.0
1.0	3.0	0.0
0.0	20.0	0.0
62.0	35.0	0.0
20.0	30.0	0.0
19.0	22.0	0.0
18.0	18.0	0.0
0.0	4.0	0.0
18.0	14.0	0.0
11.0	3.0	0.0
11.0	0.0	0.0
0.0	3.0	0.0
7.0	11.0	0.0
2.0	0.0	0.0
5.0	11.0	0.0
5.0	5.0	0.0
0.0	6.0	0.0
1.0	4.0	0.0
1.0	1.0	0.0
0.0	3.0	0.0
1.0	8.0	0.0
0.0	7.0	0.0
1.0	1.0	0.0
42.0	5.0	0.0
0.0	3.0	0.0
42.0	2.0	0.0
1.0	1.0	0.0
41.0	1.0	0.0
4.0	1.0	0.0
1.0	1.0	0.0
3.0	0.0	0.0
37.0	0.0	0.0
0.0	201.0	31.0
0.0	189.0	22.0
0.0	138.0	22.0
0.0	125.0	15.0
0.0	87.0	15.0
0.0	23.0	0.0
0.0	64.0	15.0
0.0	63.0	10.0
0.0	16.0	7.0
0.0	2.0	6.0
0.0	14.0	1.0
0.0	47.0	3.0
0.0	30.0	0.0
0.0	17.0	3.0
0.0	1.0	5.0
0.0	1.0	1.0
0.0	0.0	4.0
0.0	38.0	0.0
0.0	13.0	7.0
0.0	13.0	3.0
0.0	10.0	0.0
0.0	3.0	3.0
0.0	2.0	0.0
0.0	1.0	3.0
0.0	0.0	4.0
0.0	51.0	0.0
0.0	12.0	9.0
0.0	2.0	4.0
0.0	2.0	2.0
0.0	0.0	2.0
0.0	10.0	5.0
0.0	8.0	5.0
0.0	6.0	2.0
0.0	5.0	1.0
0.0	3.0	0.0
0.0	2.0	1.0
0.0	1.0	1.0
0.0	2.0	3.0
0.0	0.0	2.0
0.0	2.0	1.0
0.0	2.0	0.0
20.0	1198.0	24.0
20.0	1091.0	8.0
20.0	402.0	4.0
0.0	138.0	0.0
20.0	264.0	4.0
5.0	235.0	4.0
5.0	228.0	1.0
5.0	112.0	0.0
4.0	32.0	0.0
4.0	20.0	0.0
2.0	20.0	0.0
0.0	16.0	0.0
2.0	4.0	0.0
2.0	0.0	0.0
0.0	12.0	0.0
1.0	80.0	0.0
1.0	4.0	0.0
0.0	3.0	0.0
1.0	1.0	0.0
0.0	76.0	0.0
0.0	116.0	1.0
0.0	15.0	1.0
0.0	1.0	1.0
0.0	14.0	0.0
0.0	101.0	0.0
0.0	7.0	3.0
0.0	3.0	0.0
0.0	4.0	3.0
0.0	3.0	1.0
0.0	1.0	2.0
15.0	29.0	0.0
0.0	7.0	0.0
15.0	22.0	0.0
10.0	0.0	0.0
5.0	22.0	0.0
5.0	8.0	0.0
5.0	3.0	0.0
4.0	0.0	0.0
1.0	3.0	0.0
0.0	5.0	0.0
0.0	14.0	0.0
0.0	689.0	4.0
0.0	523.0	1.0
0.0	171.0	1.0
0.0	66.0	1.0
0.0	64.0	0.0
0.0	2.0	1.0
0.0	105.0	0.0
0.0	352.0	0.0
0.0	166.0	3.0
0.0	78.0	3.0
0.0	15.0	2.0
0.0	14.0	1.0
0.0	9.0	0.0
0.0	5.0	1.0
0.0	3.0	0.0
0.0	2.0	1.0
0.0	1.0	1.0
0.0	63.0	1.0
0.0	7.0	1.0
0.0	6.0	0.0
0.0	1.0	1.0
0.0	56.0	0.0
0.0	88.0	0.0
0.0	107.0	16.0
0.0	67.0	0.0
0.0	40.0	16.0
0.0	26.0	4.0
0.0	6.0	3.0
0.0	4.0	0.0
0.0	2.0	3.0
0.0	2.0	1.0
0.0	0.0	2.0
0.0	20.0	1.0
0.0	17.0	0.0
0.0	3.0	1.0
0.0	14.0	12.0
0.0	8.0	12.0
0.0	4.0	12.0
0.0	3.0	3.0
0.0	3.0	1.0
0.0	0.0	2.0
0.0	1.0	9.0
0.0	0.0	6.0
0.0	1.0	3.0
0.0	4.0	0.0
0.0	6.0	0.0
