# Sizes (NFeatures, Nclasses, NodeCount, MaxDepth)
14	3	181	11
# Classes
0.0	1.0	2.0
# Feature Names
Nrows	Ncols	Nnnz	AvgNnnz	Density	MaxRowNnnz	MinRowNnnz	StdRowNnnz	NDiags	NTrueDiags	AvgNnnzDia	AvgNnnzELL	AvgNnnzHyb	AvgNnnzHdc
# Left
1	2	3	4	5	6	-1	8	9	-1	11	-1	-1	-1	-1	16	17	-1	19	-1	-1	-1	23	24	25	-1	27	-1	-1	30	-1	-1	33	-1	35	-1	-1	38	39	40	41	42	-1	-1	-1	-1	-1	48	49	-1	51	52	53	54	55	56	-1	-1	59	-1	-1	-1	-1	-1	-1	66	67	68	69	-1	71	-1	73	74	-1	-1	-1	-1	-1	80	-1	-1	83	84	85	-1	87	-1	89	-1	-1	92	-1	-1	95	96	97	98	99	100	-1	-1	-1	104	-1	-1	-1	-1	109	110	111	112	-1	114	-1	116	117	118	-1	-1	-1	122	123	-1	-1	-1	127	-1	129	-1	131	132	-1	-1	-1	136	137	-1	139	-1	-1	142	-1	-1	145	146	-1	148	-1	150	-1	152	153	-1	-1	156	-1	-1	159	160	-1	162	-1	-1	165	166	-1	168	-1	170	171	-1	-1	-1	175	176	-1	-1	179	-1	-1
# Right
82	37	22	15	14	7	-1	13	10	-1	12	-1	-1	-1	-1	21	18	-1	20	-1	-1	-1	32	29	26	-1	28	-1	-1	31	-1	-1	34	-1	36	-1	-1	47	46	45	44	43	-1	-1	-1	-1	-1	65	50	-1	64	63	62	61	58	57	-1	-1	60	-1	-1	-1	-1	-1	-1	79	78	77	70	-1	72	-1	76	75	-1	-1	-1	-1	-1	81	-1	-1	94	91	86	-1	88	-1	90	-1	-1	93	-1	-1	108	107	106	103	102	101	-1	-1	-1	105	-1	-1	-1	-1	144	135	126	113	-1	115	-1	121	120	119	-1	-1	-1	125	124	-1	-1	-1	128	-1	130	-1	134	133	-1	-1	-1	141	138	-1	140	-1	-1	143	-1	-1	158	147	-1	149	-1	151	-1	155	154	-1	-1	157	-1	-1	164	161	-1	163	-1	-1	174	167	-1	169	-1	173	172	-1	-1	-1	178	177	-1	-1	180	-1	-1
# Threshold
0.0006326209986582398	0.5	1.1017850041389465	0.5	3036.5	0.002607970032840967	-2.0	5.796789884567261	28769.0	-2.0	103660.5	-2.0	-2.0	-2.0	-2.0	252302504.0	0.8477379977703094	-2.0	13.090699672698975	-2.0	-2.0	-2.0	81125.0	27260.0	0.000162101503519807	-2.0	4.980530023574829	-2.0	-2.0	1.273419976234436	-2.0	-2.0	176318.5	-2.0	0.7033919990062714	-2.0	-2.0	0.16254299879074097	3.8013800382614136	114657.5	42.0	29.0	-2.0	-2.0	-2.0	-2.0	-2.0	5.999934911727905	5.977744876872748e-07	-2.0	2.256364941596985	0.5070000141859055	25.0	786434.0	3.5	0.3212194889783859	-2.0	-2.0	196608.0	-2.0	-2.0	-2.0	-2.0	-2.0	-2.0	4.312705039978027	0.5622815191745758	11.187099933624268	12.187300205230713	-2.0	77535.0	-2.0	0.4831314980983734	3.2872050724108703e-05	-2.0	-2.0	-2.0	-2.0	-2.0	0.6300824880599976	-2.0	-2.0	1.702589988708496	0.5	18.5	-2.0	0.0018238200573250651	-2.0	1.0574350357055664	-2.0	-2.0	57.0	-2.0	-2.0	7.207744836807251	0.001035655033774674	5931.0	2.7518399953842163	4561.5	0.45365849137306213	-2.0	-2.0	-2.0	5078.0	-2.0	-2.0	-2.0	-2.0	16.600299835205078	56565.0	1.5	0.0778443031013012	-2.0	0.004258525092154741	-2.0	0.3448040038347244	6.416785001754761	6.5	-2.0	-2.0	-2.0	1.0012149810791016	0.12175049632787704	-2.0	-2.0	-2.0	27.5	-2.0	3.374834895133972	-2.0	0.0031479300232604146	7.253705024719238	-2.0	-2.0	-2.0	66192352.0	27625.5	-2.0	457249.5	-2.0	-2.0	0.8066534996032715	-2.0	-2.0	0.000662693491904065	0.07621560245752335	-2.0	0.8631120026111603	-2.0	1.5	-2.0	0.18166350573301315	31.490650177001953	-2.0	-2.0	0.00044789849198423326	-2.0	-2.0	373.5	3475.5	-2.0	324.5	-2.0	-2.0	0.5723890066146851	0.728485494852066	-2.0	0.32860949635505676	-2.0	7.0	1.0213099718093872	-2.0	-2.0	-2.0	96.77879905700684	18371.0	-2.0	-2.0	0.0018631750717759132	-2.0	-2.0
# Feature
10	9	12	6	5	11	-2	7	2	-2	1	-2	-2	-2	-2	2	12	-2	7	-2	-2	-2	8	8	10	-2	3	-2	-2	12	-2	-2	1	-2	13	-2	-2	11	3	0	5	5	-2	-2	-2	-2	-2	3	10	-2	12	11	5	0	9	11	-2	-2	1	-2	-2	-2	-2	-2	-2	12	11	7	3	-2	8	-2	11	10	-2	-2	-2	-2	-2	13	-2	-2	3	6	8	-2	4	-2	12	-2	-2	2	-2	-2	3	4	0	3	1	13	-2	-2	-2	0	-2	-2	-2	-2	7	2	9	11	-2	4	-2	13	7	6	-2	-2	-2	12	11	-2	-2	-2	5	-2	7	-2	4	3	-2	-2	-2	2	0	-2	2	-2	-2	13	-2	-2	4	11	-2	12	-2	6	-2	11	7	-2	-2	4	-2	-2	1	2	-2	0	-2	-2	13	12	-2	13	-2	9	12	-2	-2	-2	7	1	-2	-2	4	-2	-2
# Values
105.0	1477.0	55.0
78.0	305.0	9.0
58.0	61.0	1.0
15.0	52.0	1.0
14.0	24.0	0.0
14.0	18.0	0.0
5.0	0.0	0.0
9.0	18.0	0.0
9.0	3.0	0.0
0.0	2.0	0.0
9.0	1.0	0.0
8.0	0.0	0.0
1.0	1.0	0.0
0.0	15.0	0.0
0.0	6.0	0.0
1.0	28.0	1.0
0.0	27.0	1.0
0.0	17.0	0.0
0.0	10.0	1.0
0.0	9.0	0.0
0.0	1.0	1.0
1.0	1.0	0.0
43.0	9.0	0.0
37.0	4.0	0.0
12.0	3.0	0.0
0.0	2.0	0.0
12.0	1.0	0.0
10.0	0.0	0.0
2.0	1.0	0.0
25.0	1.0	0.0
24.0	0.0	0.0
1.0	1.0	0.0
6.0	5.0	0.0
0.0	4.0	0.0
6.0	1.0	0.0
1.0	1.0	0.0
5.0	0.0	0.0
20.0	244.0	8.0
3.0	149.0	0.0
3.0	15.0	0.0
3.0	11.0	0.0
1.0	9.0	0.0
1.0	1.0	0.0
0.0	8.0	0.0
2.0	2.0	0.0
0.0	4.0	0.0
0.0	134.0	0.0
17.0	95.0	8.0
17.0	31.0	0.0
0.0	6.0	0.0
17.0	25.0	0.0
17.0	13.0	0.0
17.0	7.0	0.0
17.0	5.0	0.0
8.0	5.0	0.0
2.0	4.0	0.0
0.0	2.0	0.0
2.0	2.0	0.0
6.0	1.0	0.0
5.0	0.0	0.0
1.0	1.0	0.0
9.0	0.0	0.0
0.0	2.0	0.0
0.0	6.0	0.0
0.0	12.0	0.0
0.0	64.0	8.0
0.0	62.0	4.0
0.0	34.0	4.0
0.0	21.0	4.0
0.0	12.0	0.0
0.0	9.0	4.0
0.0	4.0	0.0
0.0	5.0	4.0
0.0	5.0	2.0
0.0	2.0	0.0
0.0	3.0	2.0
0.0	0.0	2.0
0.0	13.0	0.0
0.0	28.0	0.0
0.0	2.0	4.0
0.0	2.0	0.0
0.0	0.0	4.0
27.0	1172.0	46.0
24.0	6.0	1.0
7.0	6.0	0.0
4.0	0.0	0.0
3.0	6.0	0.0
2.0	0.0	0.0
1.0	6.0	0.0
0.0	5.0	0.0
1.0	1.0	0.0
17.0	0.0	1.0
1.0	0.0	1.0
16.0	0.0	0.0
3.0	1166.0	45.0
3.0	491.0	1.0
3.0	96.0	1.0
3.0	11.0	1.0
3.0	4.0	0.0
1.0	4.0	0.0
0.0	3.0	0.0
1.0	1.0	0.0
2.0	0.0	0.0
0.0	7.0	1.0
0.0	6.0	0.0
0.0	1.0	1.0
0.0	85.0	0.0
0.0	395.0	0.0
0.0	675.0	44.0
0.0	449.0	15.0
0.0	224.0	13.0
0.0	52.0	11.0
0.0	10.0	0.0
0.0	42.0	11.0
0.0	0.0	5.0
0.0	42.0	6.0
0.0	12.0	5.0
0.0	7.0	1.0
0.0	1.0	1.0
0.0	6.0	0.0
0.0	5.0	4.0
0.0	30.0	1.0
0.0	5.0	1.0
0.0	4.0	0.0
0.0	1.0	1.0
0.0	25.0	0.0
0.0	172.0	2.0
0.0	81.0	0.0
0.0	91.0	2.0
0.0	1.0	1.0
0.0	90.0	1.0
0.0	17.0	1.0
0.0	1.0	1.0
0.0	16.0	0.0
0.0	73.0	0.0
0.0	225.0	2.0
0.0	219.0	1.0
0.0	143.0	0.0
0.0	76.0	1.0
0.0	3.0	1.0
0.0	73.0	0.0
0.0	6.0	1.0
0.0	5.0	0.0
0.0	1.0	1.0
0.0	226.0	29.0
0.0	20.0	11.0
0.0	7.0	0.0
0.0	13.0	11.0
0.0	6.0	0.0
0.0	7.0	11.0
0.0	2.0	0.0
0.0	5.0	11.0
0.0	1.0	9.0
0.0	1.0	2.0
0.0	0.0	7.0
0.0	4.0	2.0
0.0	1.0	2.0
0.0	3.0	0.0
0.0	206.0	18.0
0.0	5.0	3.0
0.0	3.0	0.0
0.0	2.0	3.0
0.0	2.0	1.0
0.0	0.0	2.0
0.0	201.0	15.0
0.0	192.0	9.0
0.0	59.0	0.0
0.0	133.0	9.0
0.0	41.0	0.0
0.0	92.0	9.0
0.0	27.0	9.0
0.0	23.0	3.0
0.0	4.0	6.0
0.0	65.0	0.0
0.0	9.0	6.0
0.0	7.0	2.0
0.0	1.0	2.0
0.0	6.0	0.0
0.0	2.0	4.0
0.0	0.0	3.0
0.0	2.0	1.0
