# Sizes (NFeatures, Nclasses, NodeCount, MaxDepth)
14	3	167	11
# Classes
0.0	1.0	2.0
# Feature Names
Nrows	Ncols	Nnnz	AvgNnnz	Density	MaxRowNnnz	MinRowNnnz	StdRowNnnz	NDiags	NTrueDiags	AvgNnnzDia	AvgNnnzELL	AvgNnnzHyb	AvgNnnzHdc
# Left
1	2	3	4	5	6	-1	8	-1	10	-1	-1	13	14	15	-1	17	18	-1	-1	21	-1	-1	-1	25	-1	-1	28	29	30	-1	-1	33	34	-1	-1	37	-1	-1	-1	41	42	-1	44	-1	-1	47	-1	49	-1	-1	52	53	54	55	56	-1	-1	59	-1	61	62	-1	-1	-1	-1	67	-1	-1	70	71	72	-1	-1	-1	76	-1	78	79	80	81	82	-1	-1	85	-1	87	-1	-1	-1	91	-1	93	-1	-1	-1	97	98	99	-1	-1	102	-1	-1	105	106	-1	108	109	-1	111	112	-1	-1	115	-1	-1	118	119	-1	121	-1	-1	124	-1	126	-1	128	129	130	-1	-1	133	-1	-1	-1	137	138	-1	140	141	-1	143	144	145	146	-1	-1	-1	150	-1	152	-1	-1	-1	156	-1	158	159	-1	-1	-1	163	164	-1	-1	-1
# Right
96	51	40	27	12	7	-1	9	-1	11	-1	-1	24	23	16	-1	20	19	-1	-1	22	-1	-1	-1	26	-1	-1	39	32	31	-1	-1	36	35	-1	-1	38	-1	-1	-1	46	43	-1	45	-1	-1	48	-1	50	-1	-1	69	66	65	58	57	-1	-1	60	-1	64	63	-1	-1	-1	-1	68	-1	-1	75	74	73	-1	-1	-1	77	-1	95	90	89	84	83	-1	-1	86	-1	88	-1	-1	-1	92	-1	94	-1	-1	-1	104	101	100	-1	-1	103	-1	-1	136	107	-1	117	110	-1	114	113	-1	-1	116	-1	-1	123	120	-1	122	-1	-1	125	-1	127	-1	135	132	131	-1	-1	134	-1	-1	-1	162	139	-1	155	142	-1	154	149	148	147	-1	-1	-1	151	-1	153	-1	-1	-1	157	-1	161	160	-1	-1	-1	166	165	-1	-1	-1
# Threshold
0.001000074960757047	1.5	5.130509853363037	4.545850038528442	6.0760801716241986e-05	90968.5	-2.0	6.5	-2.0	696428.5	-2.0	-2.0	1.5	0.0005249509995337576	6222.5	-2.0	40.5	2.7645050287246704	-2.0	-2.0	0.035051848739385605	-2.0	-2.0	-2.0	0.41193850338459015	-2.0	-2.0	295471.5	9044.5	0.022358654532581568	-2.0	-2.0	8.491114931530319e-05	206674.0	-2.0	-2.0	31.66569995880127	-2.0	-2.0	-2.0	15.735549926757812	107465.5	-2.0	100682.0	-2.0	-2.0	3.528469915181631e-05	-2.0	172706.0	-2.0	-2.0	1.585034966468811	1.3397350311279297	1.9369849562644958	7.414225137836183e-06	0.4459654986858368	-2.0	-2.0	315.5	-2.0	0.6321514844894409	1.6689050197601318	-2.0	-2.0	-2.0	-2.0	1.5	-2.0	-2.0	79.0	0.5	56423.0	-2.0	-2.0	-2.0	0.4969410002231598	-2.0	0.8329070210456848	38.592599868774414	170.0	91.5	53.09654998779297	-2.0	-2.0	146.5	-2.0	26640.0	-2.0	-2.0	-2.0	0.0007399539754260331	-2.0	8483950.0	-2.0	-2.0	-2.0	1.702589988708496	1.2148950099945068	0.48652900755405426	-2.0	-2.0	0.0037145299138501287	-2.0	-2.0	5855.0	0.05720139853656292	-2.0	0.9549614787101746	72.5	-2.0	0.9059004783630371	119.0	-2.0	-2.0	9.51454496383667	-2.0	-2.0	0.03797974996268749	37.5	-2.0	38.5	-2.0	-2.0	0.03892569988965988	-2.0	340.5	-2.0	2.5	1562.0	53.0	-2.0	-2.0	66.5	-2.0	-2.0	-2.0	0.006858869921416044	0.006393140181899071	-2.0	1.177424967288971	6246.0	-2.0	0.005901835160329938	0.8895930051803589	17.247299671173096	765.0	-2.0	-2.0	-2.0	0.0008770280110184103	-2.0	0.5696879923343658	-2.0	-2.0	-2.0	0.0035103450063616037	-2.0	16590.0	12424.0	-2.0	-2.0	-2.0	4.0	7584.0	-2.0	-2.0	-2.0
# Feature
4	9	3	7	4	8	-2	5	-2	0	-2	-2	6	4	2	-2	5	3	-2	-2	11	-2	-2	-2	13	-2	-2	1	8	11	-2	-2	4	8	-2	-2	7	-2	-2	-2	3	8	-2	0	-2	-2	10	-2	0	-2	-2	7	7	12	4	13	-2	-2	8	-2	11	12	-2	-2	-2	-2	6	-2	-2	5	6	1	-2	-2	-2	13	-2	13	7	5	5	3	-2	-2	5	-2	0	-2	-2	-2	10	-2	2	-2	-2	-2	3	7	13	-2	-2	10	-2	-2	0	11	-2	12	5	-2	12	5	-2	-2	3	-2	-2	4	5	-2	5	-2	-2	4	-2	8	-2	9	8	5	-2	-2	5	-2	-2	-2	10	11	-2	12	1	-2	10	12	3	5	-2	-2	-2	10	-2	13	-2	-2	-2	4	-2	0	1	-2	-2	-2	9	5	-2	-2	-2
# Values
105.0	1477.0	55.0
95.0	542.0	24.0
75.0	115.0	8.0
75.0	36.0	0.0
66.0	17.0	0.0
42.0	3.0	0.0
35.0	0.0	0.0
7.0	3.0	0.0
0.0	2.0	0.0
7.0	1.0	0.0
2.0	1.0	0.0
5.0	0.0	0.0
24.0	14.0	0.0
23.0	5.0	0.0
13.0	5.0	0.0
4.0	0.0	0.0
9.0	5.0	0.0
1.0	4.0	0.0
1.0	1.0	0.0
0.0	3.0	0.0
8.0	1.0	0.0
1.0	1.0	0.0
7.0	0.0	0.0
10.0	0.0	0.0
1.0	9.0	0.0
1.0	1.0	0.0
0.0	8.0	0.0
9.0	19.0	0.0
9.0	11.0	0.0
1.0	6.0	0.0
1.0	1.0	0.0
0.0	5.0	0.0
8.0	5.0	0.0
1.0	4.0	0.0
0.0	3.0	0.0
1.0	1.0	0.0
7.0	1.0	0.0
6.0	0.0	0.0
1.0	1.0	0.0
0.0	8.0	0.0
0.0	79.0	8.0
0.0	76.0	2.0
0.0	46.0	0.0
0.0	30.0	2.0
0.0	2.0	2.0
0.0	28.0	0.0
0.0	3.0	6.0
0.0	2.0	0.0
0.0	1.0	6.0
0.0	1.0	1.0
0.0	0.0	5.0
20.0	427.0	16.0
19.0	114.0	0.0
12.0	112.0	0.0
12.0	26.0	0.0
9.0	2.0	0.0
1.0	2.0	0.0
8.0	0.0	0.0
3.0	24.0	0.0
0.0	17.0	0.0
3.0	7.0	0.0
3.0	3.0	0.0
3.0	1.0	0.0
0.0	2.0	0.0
0.0	4.0	0.0
0.0	86.0	0.0
7.0	2.0	0.0
0.0	2.0	0.0
7.0	0.0	0.0
1.0	313.0	16.0
1.0	126.0	0.0
1.0	5.0	0.0
1.0	1.0	0.0
0.0	4.0	0.0
0.0	121.0	0.0
0.0	187.0	16.0
0.0	138.0	0.0
0.0	49.0	16.0
0.0	49.0	14.0
0.0	45.0	6.0
0.0	25.0	6.0
0.0	4.0	3.0
0.0	1.0	3.0
0.0	3.0	0.0
0.0	21.0	3.0
0.0	13.0	0.0
0.0	8.0	3.0
0.0	1.0	3.0
0.0	7.0	0.0
0.0	20.0	0.0
0.0	4.0	8.0
0.0	3.0	0.0
0.0	1.0	8.0
0.0	0.0	5.0
0.0	1.0	3.0
0.0	0.0	2.0
10.0	935.0	31.0
10.0	6.0	1.0
9.0	0.0	1.0
1.0	0.0	1.0
8.0	0.0	0.0
1.0	6.0	0.0
1.0	1.0	0.0
0.0	5.0	0.0
0.0	929.0	30.0
0.0	750.0	16.0
0.0	148.0	0.0
0.0	602.0	16.0
0.0	16.0	7.0
0.0	9.0	0.0
0.0	7.0	7.0
0.0	6.0	1.0
0.0	5.0	0.0
0.0	1.0	1.0
0.0	1.0	6.0
0.0	0.0	5.0
0.0	1.0	1.0
0.0	586.0	9.0
0.0	472.0	1.0
0.0	352.0	0.0
0.0	120.0	1.0
0.0	1.0	1.0
0.0	119.0	0.0
0.0	114.0	8.0
0.0	0.0	2.0
0.0	114.0	6.0
0.0	93.0	0.0
0.0	21.0	6.0
0.0	11.0	6.0
0.0	5.0	5.0
0.0	3.0	0.0
0.0	2.0	5.0
0.0	6.0	1.0
0.0	1.0	1.0
0.0	5.0	0.0
0.0	10.0	0.0
0.0	179.0	14.0
0.0	90.0	13.0
0.0	17.0	0.0
0.0	73.0	13.0
0.0	33.0	11.0
0.0	0.0	2.0
0.0	33.0	9.0
0.0	33.0	7.0
0.0	15.0	1.0
0.0	6.0	1.0
0.0	1.0	1.0
0.0	5.0	0.0
0.0	9.0	0.0
0.0	18.0	6.0
0.0	0.0	2.0
0.0	18.0	4.0
0.0	17.0	2.0
0.0	1.0	2.0
0.0	0.0	2.0
0.0	40.0	2.0
0.0	27.0	0.0
0.0	13.0	2.0
0.0	4.0	2.0
0.0	4.0	0.0
0.0	0.0	2.0
0.0	9.0	0.0
0.0	89.0	1.0
0.0	8.0	1.0
0.0	6.0	0.0
0.0	2.0	1.0
0.0	81.0	0.0
