# Sizes (NFeatures, Nclasses, NodeCount, MaxDepth)
14	3	187	11
# Classes
0.0	1.0	2.0
# Feature Names
Nrows	Ncols	Nnnz	AvgNnnz	Density	MaxRowNnnz	MinRowNnnz	StdRowNnnz	NDiags	NTrueDiags	AvgNnnzDia	AvgNnnzELL	AvgNnnzHyb	AvgNnnzHdc
# Left
1	2	-1	4	5	6	7	8	-1	-1	11	12	-1	14	-1	16	-1	-1	19	-1	-1	22	23	-1	-1	26	-1	-1	29	30	-1	32	-1	-1	35	36	-1	-1	39	40	-1	-1	43	-1	-1	46	47	48	49	-1	51	-1	-1	-1	-1	56	57	58	59	60	61	-1	63	-1	-1	66	-1	-1	-1	70	-1	72	-1	74	-1	76	-1	-1	79	80	81	-1	-1	-1	-1	86	87	-1	-1	90	-1	92	-1	94	95	-1	-1	98	-1	-1	101	102	103	104	-1	106	-1	108	109	110	-1	-1	113	114	-1	-1	-1	-1	119	120	-1	-1	123	124	125	-1	-1	-1	129	-1	131	-1	-1	134	135	-1	137	138	-1	-1	141	142	-1	-1	-1	146	-1	-1	149	150	151	152	-1	154	-1	-1	-1	158	-1	-1	161	162	-1	164	-1	166	-1	168	-1	170	-1	-1	173	174	-1	176	-1	178	-1	-1	181	182	183	-1	-1	-1	-1
# Right
100	3	-1	45	28	21	10	9	-1	-1	18	13	-1	15	-1	17	-1	-1	20	-1	-1	25	24	-1	-1	27	-1	-1	34	31	-1	33	-1	-1	38	37	-1	-1	42	41	-1	-1	44	-1	-1	55	54	53	50	-1	52	-1	-1	-1	-1	85	78	69	68	65	62	-1	64	-1	-1	67	-1	-1	-1	71	-1	73	-1	75	-1	77	-1	-1	84	83	82	-1	-1	-1	-1	89	88	-1	-1	91	-1	93	-1	97	96	-1	-1	99	-1	-1	148	133	118	105	-1	107	-1	117	112	111	-1	-1	116	115	-1	-1	-1	-1	122	121	-1	-1	128	127	126	-1	-1	-1	130	-1	132	-1	-1	145	136	-1	140	139	-1	-1	144	143	-1	-1	-1	147	-1	-1	160	157	156	153	-1	155	-1	-1	-1	159	-1	-1	172	163	-1	165	-1	167	-1	169	-1	171	-1	-1	180	175	-1	177	-1	179	-1	-1	186	185	184	-1	-1	-1	-1
# Threshold
1.5	1.5	-2.0	0.0006326209986582398	5.755635023117065	0.6070514917373657	0.3852279931306839	27.0	-2.0	-2.0	0.3978220075368881	2.835510015487671	-2.0	7488.5	-2.0	0.2217234969139099	-2.0	-2.0	9.503829956054688	-2.0	-2.0	988315.5	6.125389973021811e-06	-2.0	-2.0	20093650.0	-2.0	-2.0	17732.5	200.5	-2.0	13533.5	-2.0	-2.0	9.417615001439117e-05	2.0760700702667236	-2.0	-2.0	974217.0	0.00011347349936841056	-2.0	-2.0	0.5	-2.0	-2.0	2.7023650407791138	0.6800344884395599	0.020309800282120705	0.07150785252451897	-2.0	233.5	-2.0	-2.0	-2.0	-2.0	0.024425850249826908	38.89629936218262	0.0021199550246819854	1.0263474881649017	0.9319399893283844	676.0	-2.0	0.5	-2.0	-2.0	8.423394680023193	-2.0	-2.0	-2.0	5.5	-2.0	835.0	-2.0	0.5193085074424744	-2.0	6.5	-2.0	-2.0	0.5994504988193512	19158.0	132.4800033569336	-2.0	-2.0	-2.0	-2.0	0.16270700097084045	1151.0	-2.0	-2.0	153.0	-2.0	5.0	-2.0	0.6898199915885925	591.5	-2.0	-2.0	6.416785001754761	-2.0	-2.0	4.5	65173.0	75.0	1.8065850138664246	-2.0	2600.5	-2.0	5.998719930648804	9924.0	3068.0	-2.0	-2.0	0.00032922350510489196	4.683820009231567	-2.0	-2.0	-2.0	-2.0	0.8631120026111603	14.736649990081787	-2.0	-2.0	17.12880039215088	0.9116174876689911	4452.5	-2.0	-2.0	-2.0	4152.0	-2.0	0.0780625008046627	-2.0	-2.0	0.4520149976015091	0.24581748992204666	-2.0	1837015.0	0.369717001914978	-2.0	-2.0	1.9371449947357178	819013.0	-2.0	-2.0	-2.0	3.6560449600219727	-2.0	-2.0	27625.5	6250.0	3.1600149869918823	27.5	-2.0	2.287529945373535	-2.0	-2.0	-2.0	7082.5	-2.0	-2.0	0.582335501909256	0.0005765634996350855	-2.0	23.273550033569336	-2.0	72.73460006713867	-2.0	21.0	-2.0	42.0841007232666	-2.0	-2.0	0.16495100408792496	114619.5	-2.0	0.00017066049622371793	-2.0	0.6463319957256317	-2.0	-2.0	13.5	45494150.0	0.0003905569901689887	-2.0	-2.0	-2.0	-2.0
# Feature
9	5	-2	10	7	13	13	5	-2	-2	11	3	-2	8	-2	11	-2	-2	3	-2	-2	1	4	-2	-2	1	-2	-2	1	5	-2	1	-2	-2	4	3	-2	-2	2	10	-2	-2	9	-2	-2	3	13	10	11	-2	0	-2	-2	-2	-2	10	3	10	12	12	5	-2	6	-2	-2	3	-2	-2	-2	6	-2	8	-2	11	-2	6	-2	-2	13	0	3	-2	-2	-2	-2	11	1	-2	-2	0	-2	6	-2	11	1	-2	-2	7	-2	-2	9	1	5	3	-2	1	-2	3	8	0	-2	-2	4	3	-2	-2	-2	-2	12	3	-2	-2	7	12	1	-2	-2	-2	8	-2	11	-2	-2	13	11	-2	2	11	-2	-2	12	0	-2	-2	-2	3	-2	-2	1	8	7	5	-2	7	-2	-2	-2	8	-2	-2	13	4	-2	3	-2	3	-2	6	-2	7	-2	-2	11	0	-2	4	-2	13	-2	-2	6	2	4	-2	-2	-2	-2
# Values
105.0	1477.0	55.0
85.0	279.0	31.0
18.0	0.0	0.0
67.0	279.0	31.0
60.0	94.0	8.0
54.0	26.0	6.0
12.0	25.0	2.0
0.0	7.0	1.0
0.0	6.0	0.0
0.0	1.0	1.0
12.0	18.0	1.0
12.0	4.0	0.0
5.0	0.0	0.0
7.0	4.0	0.0
0.0	2.0	0.0
7.0	2.0	0.0
2.0	2.0	0.0
5.0	0.0	0.0
0.0	14.0	1.0
0.0	13.0	0.0
0.0	1.0	1.0
42.0	1.0	4.0
40.0	1.0	0.0
1.0	1.0	0.0
39.0	0.0	0.0
2.0	0.0	4.0
0.0	0.0	4.0
2.0	0.0	0.0
6.0	68.0	2.0
4.0	7.0	0.0
0.0	6.0	0.0
4.0	1.0	0.0
3.0	0.0	0.0
1.0	1.0	0.0
2.0	61.0	2.0
1.0	40.0	0.0
1.0	1.0	0.0
0.0	39.0	0.0
1.0	21.0	2.0
1.0	18.0	0.0
1.0	1.0	0.0
0.0	17.0	0.0
0.0	3.0	2.0
0.0	1.0	1.0
0.0	2.0	1.0
7.0	185.0	23.0
7.0	14.0	0.0
4.0	14.0	0.0
1.0	13.0	0.0
0.0	7.0	0.0
1.0	6.0	0.0
0.0	5.0	0.0
1.0	1.0	0.0
3.0	1.0	0.0
3.0	0.0	0.0
0.0	171.0	23.0
0.0	145.0	15.0
0.0	132.0	8.0
0.0	32.0	6.0
0.0	19.0	6.0
0.0	18.0	1.0
0.0	9.0	0.0
0.0	9.0	1.0
0.0	1.0	1.0
0.0	8.0	0.0
0.0	1.0	5.0
0.0	1.0	1.0
0.0	0.0	4.0
0.0	13.0	0.0
0.0	100.0	2.0
0.0	80.0	0.0
0.0	20.0	2.0
0.0	1.0	1.0
0.0	19.0	1.0
0.0	11.0	0.0
0.0	8.0	1.0
0.0	2.0	1.0
0.0	6.0	0.0
0.0	13.0	7.0
0.0	13.0	4.0
0.0	2.0	4.0
0.0	0.0	4.0
0.0	2.0	0.0
0.0	11.0	0.0
0.0	0.0	3.0
0.0	26.0	8.0
0.0	2.0	4.0
0.0	0.0	3.0
0.0	2.0	1.0
0.0	24.0	4.0
0.0	9.0	0.0
0.0	15.0	4.0
0.0	7.0	0.0
0.0	8.0	4.0
0.0	3.0	3.0
0.0	2.0	1.0
0.0	1.0	2.0
0.0	5.0	1.0
0.0	3.0	0.0
0.0	2.0	1.0
20.0	1198.0	24.0
20.0	465.0	7.0
6.0	395.0	7.0
6.0	257.0	1.0
1.0	1.0	1.0
5.0	256.0	0.0
0.0	164.0	0.0
5.0	92.0	0.0
5.0	50.0	0.0
1.0	39.0	0.0
1.0	3.0	0.0
0.0	36.0	0.0
4.0	11.0	0.0
1.0	11.0	0.0
0.0	10.0	0.0
1.0	1.0	0.0
3.0	0.0	0.0
0.0	42.0	0.0
0.0	138.0	6.0
0.0	117.0	1.0
0.0	116.0	0.0
0.0	1.0	1.0
0.0	21.0	5.0
0.0	17.0	1.0
0.0	5.0	1.0
0.0	1.0	1.0
0.0	4.0	0.0
0.0	12.0	0.0
0.0	4.0	4.0
0.0	1.0	2.0
0.0	3.0	2.0
0.0	2.0	0.0
0.0	1.0	2.0
14.0	70.0	0.0
4.0	47.0	0.0
0.0	26.0	0.0
4.0	21.0	0.0
3.0	3.0	0.0
3.0	0.0	0.0
0.0	3.0	0.0
1.0	18.0	0.0
1.0	7.0	0.0
0.0	6.0	0.0
1.0	1.0	0.0
0.0	11.0	0.0
10.0	23.0	0.0
10.0	0.0	0.0
0.0	23.0	0.0
0.0	733.0	17.0
0.0	518.0	2.0
0.0	460.0	1.0
0.0	172.0	1.0
0.0	163.0	0.0
0.0	9.0	1.0
0.0	8.0	0.0
0.0	1.0	1.0
0.0	288.0	0.0
0.0	58.0	1.0
0.0	1.0	1.0
0.0	57.0	0.0
0.0	215.0	15.0
0.0	178.0	2.0
0.0	130.0	0.0
0.0	48.0	2.0
0.0	1.0	1.0
0.0	47.0	1.0
0.0	28.0	0.0
0.0	19.0	1.0
0.0	14.0	0.0
0.0	5.0	1.0
0.0	1.0	1.0
0.0	4.0	0.0
0.0	37.0	13.0
0.0	8.0	9.0
0.0	0.0	6.0
0.0	8.0	3.0
0.0	6.0	0.0
0.0	2.0	3.0
0.0	2.0	0.0
0.0	0.0	3.0
0.0	29.0	4.0
0.0	11.0	4.0
0.0	11.0	1.0
0.0	9.0	0.0
0.0	2.0	1.0
0.0	0.0	3.0
0.0	18.0	0.0
