# Sizes (NFeatures, Nclasses, NodeCount, MaxDepth)
10	3	129	16
# Classes
0.0	1.0	2.0
# Feature Names
Nrows	Ncols	Nnnz	AvgNnnz	Density	MaxRowNnnz	MinRowNnnz	StdRowNnnz	NDiags	NTrueDiags
# Left
1	2	3	4	-1	-1	7	-1	9	10	-1	12	-1	-1	15	-1	-1	18	-1	20	-1	-1	23	24	25	26	27	28	-1	30	-1	-1	33	34	35	-1	-1	38	-1	40	-1	-1	43	-1	45	-1	-1	48	-1	50	-1	52	-1	-1	55	-1	57	58	59	60	61	-1	-1	-1	65	-1	67	68	69	70	-1	-1	73	-1	75	76	-1	78	-1	-1	-1	82	83	-1	-1	-1	87	-1	89	-1	-1	92	93	-1	-1	-1	-1	98	-1	100	-1	-1	103	104	-1	-1	107	108	-1	-1	111	112	-1	-1	115	116	-1	118	-1	120	-1	122	-1	-1	125	-1	127	-1	-1
# Right
22	17	6	5	-1	-1	8	-1	14	11	-1	13	-1	-1	16	-1	-1	19	-1	21	-1	-1	102	97	54	47	32	29	-1	31	-1	-1	42	37	36	-1	-1	39	-1	41	-1	-1	44	-1	46	-1	-1	49	-1	51	-1	53	-1	-1	56	-1	96	91	64	63	62	-1	-1	-1	66	-1	86	81	72	71	-1	-1	74	-1	80	77	-1	79	-1	-1	-1	85	84	-1	-1	-1	88	-1	90	-1	-1	95	94	-1	-1	-1	-1	99	-1	101	-1	-1	106	105	-1	-1	110	109	-1	-1	114	113	-1	-1	124	117	-1	119	-1	121	-1	123	-1	-1	126	-1	128	-1	-1
# Threshold
4.5	5642.0	0.5	3.388890027999878	-2.0	-2.0	34.5	-2.0	23458.0	0.02307645045220852	-2.0	3.5	-2.0	-2.0	3.5	-2.0	-2.0	3.4986499547958374	-2.0	2.0	-2.0	-2.0	1.5	15.5	5.437535037344787e-05	1194.5	4.674930095672607	454.0	-2.0	2019992.0	-2.0	-2.0	4.960909843444824	1.0305680007149931e-05	3401280.0	-2.0	-2.0	111.0	-2.0	128.5	-2.0	-2.0	274966.0	-2.0	483183.5	-2.0	-2.0	52277350.0	-2.0	5822975.0	-2.0	101469654.0	-2.0	-2.0	0.9711239635944366	-2.0	3.5	0.06277094781398773	2186.0	215.5	92.0	-2.0	-2.0	-2.0	2248.0	-2.0	2.5	21.25504970550537	4.628979921340942	43242.5	-2.0	-2.0	5.1278300285339355	-2.0	8312.0	2996.0	-2.0	8.423394680023193	-2.0	-2.0	-2.0	3451.0	3315.0	-2.0	-2.0	-2.0	9880.0	-2.0	63692.0	-2.0	-2.0	143.5	33.5	-2.0	-2.0	-2.0	-2.0	0.007723940070718527	-2.0	32.5	-2.0	-2.0	2.787484959299036e-06	20.0	-2.0	-2.0	2.0037999749183655	4058.5	-2.0	-2.0	2.7202950716018677	2.62746000289917	-2.0	-2.0	0.0006538284942507744	28072.5	-2.0	0.0005244634812697768	-2.0	11.05800485610962	-2.0	41824.5	-2.0	-2.0	0.0641665980219841	-2.0	0.06540294736623764	-2.0	-2.0
# Feature
5	8	9	3	-2	-2	0	-2	2	4	-2	9	-2	-2	5	-2	-2	3	-2	9	-2	-2	9	6	4	5	3	5	-2	1	-2	-2	3	4	2	-2	-2	5	-2	5	-2	-2	8	-2	8	-2	-2	2	-2	8	-2	2	-2	-2	3	-2	6	4	8	2	0	-2	-2	-2	8	-2	6	7	3	1	-2	-2	3	-2	1	0	-2	3	-2	-2	-2	8	0	-2	-2	-2	1	-2	8	-2	-2	8	0	-2	-2	-2	-2	4	-2	6	-2	-2	4	5	-2	-2	3	1	-2	-2	3	3	-2	-2	4	2	-2	4	-2	3	-2	0	-2	-2	4	-2	4	-2	-2
# Values
88.0	1506.0	90.0
51.0	22.0	6.0
50.0	9.0	3.0
0.0	1.0	3.0
0.0	1.0	0.0
0.0	0.0	3.0
50.0	8.0	0.0
0.0	3.0	0.0
50.0	5.0	0.0
42.0	1.0	0.0
39.0	0.0	0.0
3.0	1.0	0.0
0.0	1.0	0.0
3.0	0.0	0.0
8.0	4.0	0.0
0.0	4.0	0.0
8.0	0.0	0.0
1.0	13.0	3.0
0.0	13.0	0.0
1.0	0.0	3.0
0.0	0.0	3.0
1.0	0.0	0.0
37.0	1484.0	84.0
17.0	300.0	79.0
17.0	298.0	65.0
12.0	43.0	33.0
12.0	15.0	30.0
12.0	0.0	2.0
11.0	0.0	0.0
1.0	0.0	2.0
1.0	0.0	0.0
0.0	0.0	2.0
0.0	15.0	28.0
0.0	3.0	24.0
0.0	2.0	1.0
0.0	2.0	0.0
0.0	0.0	1.0
0.0	1.0	23.0
0.0	0.0	19.0
0.0	1.0	4.0
0.0	1.0	0.0
0.0	0.0	4.0
0.0	12.0	4.0
0.0	10.0	0.0
0.0	2.0	4.0
0.0	0.0	4.0
0.0	2.0	0.0
0.0	28.0	3.0
0.0	26.0	0.0
0.0	2.0	3.0
0.0	0.0	2.0
0.0	2.0	1.0
0.0	0.0	1.0
0.0	2.0	0.0
5.0	255.0	32.0
2.0	0.0	0.0
3.0	255.0	32.0
3.0	179.0	32.0
2.0	178.0	29.0
1.0	69.0	0.0
1.0	4.0	0.0
0.0	4.0	0.0
1.0	0.0	0.0
0.0	65.0	0.0
1.0	109.0	29.0
0.0	0.0	5.0
1.0	109.0	24.0
1.0	106.0	18.0
1.0	45.0	17.0
1.0	22.0	0.0
0.0	22.0	0.0
1.0	0.0	0.0
0.0	23.0	17.0
0.0	0.0	8.0
0.0	23.0	9.0
0.0	6.0	9.0
0.0	4.0	0.0
0.0	2.0	9.0
0.0	0.0	6.0
0.0	2.0	3.0
0.0	17.0	0.0
0.0	61.0	1.0
0.0	3.0	1.0
0.0	2.0	0.0
0.0	1.0	1.0
0.0	58.0	0.0
0.0	3.0	6.0
0.0	2.0	0.0
0.0	1.0	6.0
0.0	0.0	6.0
0.0	1.0	0.0
1.0	1.0	3.0
1.0	1.0	0.0
1.0	0.0	0.0
0.0	1.0	0.0
0.0	0.0	3.0
0.0	76.0	0.0
0.0	2.0	14.0
0.0	1.0	0.0
0.0	1.0	14.0
0.0	0.0	11.0
0.0	1.0	3.0
20.0	1184.0	5.0
16.0	2.0	0.0
16.0	0.0	0.0
0.0	2.0	0.0
4.0	1182.0	5.0
2.0	2.0	0.0
0.0	2.0	0.0
2.0	0.0	0.0
2.0	1180.0	5.0
1.0	15.0	0.0
0.0	15.0	0.0
1.0	0.0	0.0
1.0	1165.0	5.0
1.0	360.0	4.0
1.0	0.0	0.0
0.0	360.0	4.0
0.0	344.0	0.0
0.0	16.0	4.0
0.0	14.0	0.0
0.0	2.0	4.0
0.0	0.0	4.0
0.0	2.0	0.0
0.0	805.0	1.0
0.0	718.0	0.0
0.0	87.0	1.0
0.0	0.0	1.0
0.0	87.0	0.0
