# Sizes (NFeatures, Nclasses, NodeCount, MaxDepth)
10	3	163	16
# Classes
0.0	1.0	2.0
# Feature Names
Nrows	Ncols	Nnnz	AvgNnnz	Density	MaxRowNnnz	MinRowNnnz	StdRowNnnz	NDiags	NTrueDiags
# Left
1	2	3	-1	5	6	-1	8	-1	-1	-1	12	-1	14	-1	-1	17	18	19	-1	21	-1	-1	24	-1	26	-1	28	-1	-1	31	32	33	34	35	36	-1	-1	39	-1	41	-1	43	-1	-1	-1	47	48	-1	50	-1	-1	53	-1	-1	56	57	58	59	60	-1	62	-1	-1	65	-1	67	-1	-1	70	71	-1	-1	74	75	-1	77	-1	79	80	-1	-1	83	84	85	-1	-1	-1	89	90	-1	92	-1	-1	-1	96	-1	-1	99	-1	101	-1	-1	104	105	-1	-1	-1	109	110	111	-1	-1	-1	115	116	117	118	119	120	121	-1	-1	-1	-1	126	127	128	-1	-1	-1	132	133	134	-1	-1	137	-1	-1	140	141	-1	-1	-1	145	-1	147	148	-1	-1	-1	152	-1	-1	155	156	157	-1	-1	-1	161	-1	-1
# Right
16	11	4	-1	10	7	-1	9	-1	-1	-1	13	-1	15	-1	-1	30	23	20	-1	22	-1	-1	25	-1	27	-1	29	-1	-1	108	55	46	45	38	37	-1	-1	40	-1	42	-1	44	-1	-1	-1	52	49	-1	51	-1	-1	54	-1	-1	103	98	69	64	61	-1	63	-1	-1	66	-1	68	-1	-1	73	72	-1	-1	95	76	-1	78	-1	82	81	-1	-1	88	87	86	-1	-1	-1	94	91	-1	93	-1	-1	-1	97	-1	-1	100	-1	102	-1	-1	107	106	-1	-1	-1	114	113	112	-1	-1	-1	154	151	144	125	124	123	122	-1	-1	-1	-1	131	130	129	-1	-1	-1	139	136	135	-1	-1	138	-1	-1	143	142	-1	-1	-1	146	-1	150	149	-1	-1	-1	153	-1	-1	160	159	158	-1	-1	-1	162	-1	-1
# Threshold
2.4236000776290894	2.3904699087142944	42.0	-2.0	155040496.0	0.011533484794199467	-2.0	6.5	-2.0	-2.0	-2.0	6.125490188598633	-2.0	9418207.0	-2.0	-2.0	4.5	3.40215003490448	2.724334955215454	-2.0	6.5	-2.0	-2.0	1.5	-2.0	53596.0	-2.0	555.5	-2.0	-2.0	1.5	3.938705049222335e-05	2238480.0	17.808350086212158	26448.0	1.8335625231266022	-2.0	-2.0	2.265304923057556	-2.0	4.945839881896973	-2.0	595.5	-2.0	-2.0	-2.0	335.7969970703125	3782435.0	-2.0	3.817459969468473e-06	-2.0	-2.0	6.929414749145508	-2.0	-2.0	21.5	77.8567008972168	4.965934991836548	4.600919961929321	1.1785729825496674	-2.0	42015.5	-2.0	-2.0	4484.0	-2.0	2.6993149518966675	-2.0	-2.0	156.5	0.07929214835166931	-2.0	-2.0	69.65380096435547	11.78499984741211	-2.0	11.941199779510498	-2.0	6.2171900272369385	5.939640045166016	-2.0	-2.0	66.5	7386.5	0.006719340104609728	-2.0	-2.0	-2.0	0.5	38.199899673461914	-2.0	16346.0	-2.0	-2.0	-2.0	256.0	-2.0	-2.0	22139.5	-2.0	558.9534912109375	-2.0	-2.0	5606.0	640.0	-2.0	-2.0	-2.0	2.787484959299036e-06	13.0	2780313.0	-2.0	-2.0	-2.0	5.5	8.5	11.428950309753418	3.480334997177124	3.39200496673584	2.5	402.0	-2.0	-2.0	-2.0	-2.0	3.988265037536621	0.692483514547348	4.318149924278259	-2.0	-2.0	-2.0	4.5	5625.5	4157.5	-2.0	-2.0	4.013415098190308	-2.0	-2.0	58416.5	3020.0	-2.0	-2.0	-2.0	11.553800106048584	-2.0	12.745999813079834	12.382899761199951	-2.0	-2.0	-2.0	405.5	-2.0	-2.0	399.66551208496094	0.0005847565189469606	0.0005452525219880044	-2.0	-2.0	-2.0	92139.5	-2.0	-2.0
# Feature
3	7	1	-2	1	4	-2	5	-2	-2	-2	7	-2	0	-2	-2	5	3	3	-2	9	-2	-2	9	-2	2	-2	8	-2	-2	9	4	2	7	8	7	-2	-2	7	-2	3	-2	5	-2	-2	-2	7	1	-2	4	-2	-2	3	-2	-2	6	3	3	3	7	-2	1	-2	-2	8	-2	7	-2	-2	0	4	-2	-2	3	7	-2	7	-2	3	3	-2	-2	5	1	4	-2	-2	-2	6	7	-2	8	-2	-2	-2	5	-2	-2	1	-2	7	-2	-2	0	1	-2	-2	-2	4	5	8	-2	-2	-2	9	6	3	3	3	9	8	-2	-2	-2	-2	7	7	3	-2	-2	-2	9	2	2	-2	-2	7	-2	-2	2	0	-2	-2	-2	3	-2	3	3	-2	-2	-2	0	-2	-2	7	4	4	-2	-2	-2	1	-2	-2
# Values
96.0	1479.0	109.0
55.0	22.0	1.0
52.0	4.0	1.0
0.0	2.0	0.0
52.0	2.0	1.0
52.0	2.0	0.0
46.0	0.0	0.0
6.0	2.0	0.0
6.0	0.0	0.0
0.0	2.0	0.0
0.0	0.0	1.0
3.0	18.0	0.0
0.0	14.0	0.0
3.0	4.0	0.0
3.0	0.0	0.0
0.0	4.0	0.0
41.0	1457.0	108.0
28.0	19.0	10.0
1.0	19.0	3.0
0.0	0.0	3.0
1.0	19.0	0.0
0.0	19.0	0.0
1.0	0.0	0.0
27.0	0.0	7.0
0.0	0.0	6.0
27.0	0.0	1.0
19.0	0.0	0.0
8.0	0.0	1.0
0.0	0.0	1.0
8.0	0.0	0.0
13.0	1438.0	98.0
4.0	286.0	73.0
2.0	36.0	34.0
2.0	9.0	28.0
2.0	3.0	28.0
1.0	2.0	0.0
1.0	0.0	0.0
0.0	2.0	0.0
1.0	1.0	28.0
1.0	0.0	0.0
0.0	1.0	28.0
0.0	0.0	26.0
0.0	1.0	2.0
0.0	1.0	0.0
0.0	0.0	2.0
0.0	6.0	0.0
0.0	27.0	6.0
0.0	26.0	2.0
0.0	23.0	0.0
0.0	3.0	2.0
0.0	3.0	0.0
0.0	0.0	2.0
0.0	1.0	4.0
0.0	1.0	0.0
0.0	0.0	4.0
2.0	250.0	39.0
2.0	248.0	28.0
2.0	242.0	20.0
2.0	44.0	9.0
1.0	42.0	2.0
0.0	0.0	2.0
1.0	42.0	0.0
0.0	42.0	0.0
1.0	0.0	0.0
1.0	2.0	7.0
0.0	2.0	0.0
1.0	0.0	7.0
1.0	0.0	0.0
0.0	0.0	7.0
0.0	198.0	11.0
0.0	3.0	2.0
0.0	0.0	2.0
0.0	3.0	0.0
0.0	195.0	9.0
0.0	190.0	7.0
0.0	96.0	0.0
0.0	94.0	7.0
0.0	0.0	2.0
0.0	94.0	5.0
0.0	3.0	2.0
0.0	3.0	0.0
0.0	0.0	2.0
0.0	91.0	3.0
0.0	11.0	2.0
0.0	2.0	2.0
0.0	1.0	2.0
0.0	1.0	0.0
0.0	9.0	0.0
0.0	80.0	1.0
0.0	16.0	1.0
0.0	14.0	0.0
0.0	2.0	1.0
0.0	0.0	1.0
0.0	2.0	0.0
0.0	64.0	0.0
0.0	5.0	2.0
0.0	0.0	2.0
0.0	5.0	0.0
0.0	6.0	8.0
0.0	0.0	7.0
0.0	6.0	1.0
0.0	0.0	1.0
0.0	6.0	0.0
0.0	2.0	11.0
0.0	1.0	11.0
0.0	1.0	2.0
0.0	0.0	9.0
0.0	1.0	0.0
9.0	1152.0	25.0
5.0	8.0	2.0
5.0	0.0	2.0
5.0	0.0	0.0
0.0	0.0	2.0
0.0	8.0	0.0
4.0	1144.0	23.0
4.0	527.0	20.0
4.0	516.0	14.0
4.0	464.0	7.0
3.0	28.0	0.0
1.0	28.0	0.0
1.0	4.0	0.0
0.0	4.0	0.0
1.0	0.0	0.0
0.0	24.0	0.0
2.0	0.0	0.0
1.0	436.0	7.0
1.0	201.0	0.0
1.0	51.0	0.0
1.0	0.0	0.0
0.0	51.0	0.0
0.0	150.0	0.0
0.0	235.0	7.0
0.0	218.0	4.0
0.0	1.0	1.0
0.0	1.0	0.0
0.0	0.0	1.0
0.0	217.0	3.0
0.0	34.0	3.0
0.0	183.0	0.0
0.0	17.0	3.0
0.0	5.0	3.0
0.0	5.0	0.0
0.0	0.0	3.0
0.0	12.0	0.0
0.0	52.0	7.0
0.0	0.0	3.0
0.0	52.0	4.0
0.0	9.0	4.0
0.0	9.0	0.0
0.0	0.0	4.0
0.0	43.0	0.0
0.0	11.0	6.0
0.0	0.0	6.0
0.0	11.0	0.0
0.0	617.0	3.0
0.0	609.0	2.0
0.0	144.0	2.0
0.0	144.0	0.0
0.0	0.0	2.0
0.0	465.0	0.0
0.0	8.0	1.0
0.0	8.0	0.0
0.0	0.0	1.0
