# Sizes (NFeatures, Nclasses, NodeCount, MaxDepth)
10	3	159	14
# Classes
0.0	1.0	2.0
# Feature Names
Nrows	Ncols	Nnnz	AvgNnnz	Density	MaxRowNnnz	MinRowNnnz	StdRowNnnz	NDiags	NTrueDiags
# Left
1	2	3	-1	5	-1	-1	8	-1	10	11	-1	-1	14	-1	16	-1	18	19	-1	-1	-1	23	24	25	-1	-1	28	-1	30	-1	-1	33	34	35	36	37	-1	-1	40	41	-1	43	-1	45	-1	-1	48	49	50	-1	-1	53	54	55	-1	-1	-1	59	-1	-1	-1	63	64	-1	66	67	68	-1	-1	71	-1	73	-1	75	-1	-1	78	79	-1	-1	82	83	-1	85	-1	-1	88	89	90	-1	-1	-1	94	-1	96	-1	98	-1	-1	-1	102	-1	104	105	-1	107	-1	-1	-1	111	112	113	-1	-1	-1	117	118	-1	120	-1	-1	123	124	125	126	-1	-1	129	130	131	132	-1	-1	-1	-1	137	-1	139	140	141	-1	-1	-1	145	-1	-1	148	-1	150	151	-1	153	-1	-1	-1	157	-1	-1
# Right
22	7	4	-1	6	-1	-1	9	-1	13	12	-1	-1	15	-1	17	-1	21	20	-1	-1	-1	32	27	26	-1	-1	29	-1	31	-1	-1	110	101	62	39	38	-1	-1	47	42	-1	44	-1	46	-1	-1	61	52	51	-1	-1	58	57	56	-1	-1	-1	60	-1	-1	-1	100	65	-1	77	70	69	-1	-1	72	-1	74	-1	76	-1	-1	81	80	-1	-1	87	84	-1	86	-1	-1	93	92	91	-1	-1	-1	95	-1	97	-1	99	-1	-1	-1	103	-1	109	106	-1	108	-1	-1	-1	116	115	114	-1	-1	-1	122	119	-1	121	-1	-1	156	147	128	127	-1	-1	136	135	134	133	-1	-1	-1	-1	138	-1	144	143	142	-1	-1	-1	146	-1	-1	149	-1	155	152	-1	154	-1	-1	-1	158	-1	-1
# Threshold
4.5	18.0	0.022281649988144636	-2.0	0.16799350082874298	-2.0	-2.0	3.5	-2.0	1.5	0.9575050175189972	-2.0	-2.0	3.473050117492676	-2.0	55.5	-2.0	393.0	0.0011261670442763716	-2.0	-2.0	-2.0	2.3052650690078735	331.5	6.5	-2.0	-2.0	0.0014808695414103568	-2.0	39.5	-2.0	-2.0	1.5	11.5	4.19589505327167e-05	2.3280749320983887	5.846379995346069	-2.0	-2.0	3.3813400268554688	29433.0	-2.0	4.9430248737335205	-2.0	338871992.0	-2.0	-2.0	4131790.0	1346610.0	980073.0	-2.0	-2.0	335.7969970703125	1.482070047131856e-06	10.089075088500977	-2.0	-2.0	-2.0	6.929414749145508	-2.0	-2.0	-2.0	1115.9045104980469	31.5	-2.0	4518.5	1.0640319883823395	13932.5	-2.0	-2.0	0.5	-2.0	9.993975162506104	-2.0	3691.5	-2.0	-2.0	4748.0	3175.5	-2.0	-2.0	5.110989809036255	4.600919961929321	-2.0	87282.0	-2.0	-2.0	60.609397888183594	57668.0	54083.5	-2.0	-2.0	-2.0	200.0	-2.0	196608.0	-2.0	1294771.5	-2.0	-2.0	-2.0	24.799999237060547	-2.0	46.0	56151.5	-2.0	200590008.0	-2.0	-2.0	-2.0	2.726094976424065e-06	1.5583199262619019	2780313.0	-2.0	-2.0	-2.0	3.480334997177124	332.5	-2.0	869513.5	-2.0	-2.0	399.66551208496094	3.5	0.7675749957561493	0.5645135045051575	-2.0	-2.0	11.428950309753418	6001.0	214.0	5890.0	-2.0	-2.0	-2.0	-2.0	11.553800106048584	-2.0	40.06514930725098	12.565549850463867	191.0	-2.0	-2.0	-2.0	1389.0	-2.0	-2.0	8.5	-2.0	16.481249809265137	15.637500286102295	-2.0	2305.5	-2.0	-2.0	-2.0	420.2510070800781	-2.0	-2.0
# Feature
5	8	4	-2	7	-2	-2	5	-2	9	7	-2	-2	3	-2	8	-2	8	4	-2	-2	-2	3	1	5	-2	-2	4	-2	5	-2	-2	9	6	4	7	3	-2	-2	7	8	-2	3	-2	2	-2	-2	8	2	2	-2	-2	7	4	3	-2	-2	-2	3	-2	-2	-2	7	8	-2	8	7	2	-2	-2	9	-2	7	-2	1	-2	-2	8	0	-2	-2	3	3	-2	1	-2	-2	3	2	2	-2	-2	-2	5	-2	0	-2	8	-2	-2	-2	3	-2	6	1	-2	2	-2	-2	-2	4	7	8	-2	-2	-2	3	8	-2	2	-2	-2	7	9	7	7	-2	-2	3	2	5	2	-2	-2	-2	-2	3	-2	7	3	5	-2	-2	-2	5	-2	-2	6	-2	3	3	-2	8	-2	-2	-2	7	-2	-2
# Values
100.0	1496.0	88.0
59.0	19.0	12.0
42.0	1.0	0.0
41.0	0.0	0.0
1.0	1.0	0.0
0.0	1.0	0.0
1.0	0.0	0.0
17.0	18.0	12.0
0.0	15.0	0.0
17.0	3.0	12.0
1.0	0.0	9.0
0.0	0.0	9.0
1.0	0.0	0.0
16.0	3.0	3.0
0.0	3.0	0.0
16.0	0.0	3.0
0.0	0.0	2.0
16.0	0.0	1.0
4.0	0.0	1.0
0.0	0.0	1.0
4.0	0.0	0.0
12.0	0.0	0.0
41.0	1477.0	76.0
26.0	7.0	0.0
1.0	6.0	0.0
1.0	0.0	0.0
0.0	6.0	0.0
25.0	1.0	0.0
23.0	0.0	0.0
2.0	1.0	0.0
2.0	0.0	0.0
0.0	1.0	0.0
15.0	1470.0	76.0
9.0	292.0	67.0
9.0	287.0	45.0
6.0	34.0	23.0
6.0	1.0	0.0
6.0	0.0	0.0
0.0	1.0	0.0
0.0	33.0	23.0
0.0	4.0	12.0
0.0	2.0	0.0
0.0	2.0	12.0
0.0	0.0	11.0
0.0	2.0	1.0
0.0	2.0	0.0
0.0	0.0	1.0
0.0	29.0	11.0
0.0	29.0	5.0
0.0	2.0	3.0
0.0	2.0	0.0
0.0	0.0	3.0
0.0	27.0	2.0
0.0	26.0	1.0
0.0	1.0	1.0
0.0	0.0	1.0
0.0	1.0	0.0
0.0	25.0	0.0
0.0	1.0	1.0
0.0	1.0	0.0
0.0	0.0	1.0
0.0	0.0	6.0
3.0	253.0	22.0
3.0	253.0	20.0
1.0	0.0	0.0
2.0	253.0	20.0
0.0	123.0	3.0
0.0	4.0	2.0
0.0	0.0	2.0
0.0	4.0	0.0
0.0	119.0	1.0
0.0	95.0	0.0
0.0	24.0	1.0
0.0	21.0	0.0
0.0	3.0	1.0
0.0	0.0	1.0
0.0	3.0	0.0
2.0	130.0	17.0
0.0	1.0	5.0
0.0	0.0	4.0
0.0	1.0	1.0
2.0	129.0	12.0
2.0	12.0	5.0
0.0	12.0	0.0
2.0	0.0	5.0
0.0	0.0	5.0
2.0	0.0	0.0
0.0	117.0	7.0
0.0	102.0	2.0
0.0	10.0	2.0
0.0	10.0	0.0
0.0	0.0	2.0
0.0	92.0	0.0
0.0	15.0	5.0
0.0	0.0	4.0
0.0	15.0	1.0
0.0	14.0	0.0
0.0	1.0	1.0
0.0	0.0	1.0
0.0	1.0	0.0
0.0	0.0	2.0
0.0	5.0	22.0
0.0	2.0	0.0
0.0	3.0	22.0
0.0	1.0	22.0
0.0	0.0	20.0
0.0	1.0	2.0
0.0	1.0	0.0
0.0	0.0	2.0
0.0	2.0	0.0
6.0	1178.0	9.0
3.0	4.0	1.0
3.0	0.0	1.0
3.0	0.0	0.0
0.0	0.0	1.0
0.0	4.0	0.0
3.0	1174.0	8.0
2.0	23.0	0.0
0.0	22.0	0.0
2.0	1.0	0.0
2.0	0.0	0.0
0.0	1.0	0.0
1.0	1151.0	8.0
1.0	1141.0	7.0
1.0	358.0	5.0
1.0	5.0	0.0
0.0	5.0	0.0
1.0	0.0	0.0
0.0	353.0	5.0
0.0	309.0	2.0
0.0	96.0	2.0
0.0	96.0	1.0
0.0	71.0	0.0
0.0	25.0	1.0
0.0	0.0	1.0
0.0	213.0	0.0
0.0	44.0	3.0
0.0	0.0	1.0
0.0	44.0	2.0
0.0	39.0	1.0
0.0	6.0	1.0
0.0	0.0	1.0
0.0	6.0	0.0
0.0	33.0	0.0
0.0	5.0	1.0
0.0	0.0	1.0
0.0	5.0	0.0
0.0	783.0	2.0
0.0	573.0	0.0
0.0	210.0	2.0
0.0	12.0	2.0
0.0	11.0	0.0
0.0	1.0	2.0
0.0	0.0	2.0
0.0	1.0	0.0
0.0	198.0	0.0
0.0	10.0	1.0
0.0	0.0	1.0
0.0	10.0	0.0
