# Sizes (NFeatures, Nclasses, NodeCount, MaxDepth)
10	3	137	16
# Classes
0.0	1.0	2.0
# Feature Names
Nrows	Ncols	Nnnz	AvgNnnz	Density	MaxRowNnnz	MinRowNnnz	StdRowNnnz	NDiags	NTrueDiags
# Left
1	2	-1	4	-1	-1	7	8	9	10	-1	-1	-1	14	-1	16	17	-1	-1	-1	21	22	23	24	-1	26	27	-1	-1	-1	31	32	-1	-1	35	36	37	-1	-1	-1	-1	42	43	44	45	46	-1	48	-1	50	-1	-1	53	-1	55	-1	-1	58	59	60	-1	-1	63	64	65	66	67	68	-1	-1	71	-1	73	-1	-1	76	-1	78	-1	-1	-1	-1	-1	-1	85	86	-1	-1	89	-1	91	-1	-1	94	-1	96	-1	-1	99	100	101	-1	-1	-1	105	106	107	108	-1	-1	-1	-1	113	114	115	-1	-1	-1	119	-1	121	122	-1	124	-1	-1	127	128	-1	130	-1	-1	133	134	-1	-1	-1
# Right
6	3	-1	5	-1	-1	20	13	12	11	-1	-1	-1	15	-1	19	18	-1	-1	-1	98	41	30	25	-1	29	28	-1	-1	-1	34	33	-1	-1	40	39	38	-1	-1	-1	-1	93	84	57	52	47	-1	49	-1	51	-1	-1	54	-1	56	-1	-1	83	62	61	-1	-1	82	81	80	75	70	69	-1	-1	72	-1	74	-1	-1	77	-1	79	-1	-1	-1	-1	-1	-1	88	87	-1	-1	90	-1	92	-1	-1	95	-1	97	-1	-1	104	103	102	-1	-1	-1	112	111	110	109	-1	-1	-1	-1	118	117	116	-1	-1	-1	120	-1	126	123	-1	125	-1	-1	132	129	-1	131	-1	-1	136	135	-1	-1	-1
# Threshold
2.226300001144409	104.0	-2.0	1907.8970193862915	-2.0	-2.0	4.5	3.40215003490448	8.0	1.0	-2.0	-2.0	-2.0	13991.5	-2.0	71976.0	3.892485022544861	-2.0	-2.0	-2.0	1.5	3.169649971823674e-05	3.464924931526184	2.265304923057556	-2.0	4.9515299797058105	29160.0	-2.0	-2.0	-2.0	403151.0	0.5	-2.0	-2.0	1008.2135009765625	1.482070047131856e-06	5.880635023117065	-2.0	-2.0	-2.0	-2.0	0.054804449900984764	60.609397888183594	5.1278300285339355	111409.0	1.0640319883823395	-2.0	4.702419996261597	-2.0	0.5	-2.0	-2.0	4.730445146560669	-2.0	0.5	-2.0	-2.0	20.0	3.773854950850364e-05	230369.5	-2.0	-2.0	10369.0	10120.0	0.005080210044980049	0.0032813199795782566	35.5	0.0017319899634458125	-2.0	-2.0	94936.0	-2.0	14655.5	-2.0	-2.0	6.7004300355911255	-2.0	54936.5	-2.0	-2.0	-2.0	-2.0	-2.0	-2.0	70.70244979858398	34.64684867858887	-2.0	-2.0	180223.5	-2.0	90333.5	-2.0	-2.0	56.5	-2.0	0.10862404853105545	-2.0	-2.0	2.2704799675921095e-06	13.0	18556200.0	-2.0	-2.0	-2.0	3.480334997177124	3.408584952354431	2.5	260.0	-2.0	-2.0	-2.0	-2.0	1529.0	19.5	9.5	-2.0	-2.0	-2.0	1561.0	-2.0	1927.0	0.0009092380350921303	-2.0	4.01308012008667	-2.0	-2.0	2.5	11.08560037612915	-2.0	11.827900409698486	-2.0	-2.0	48238.5	45424.0	-2.0	-2.0	-2.0
# Feature
3	2	-2	7	-2	-2	5	3	9	9	-2	-2	-2	1	-2	1	3	-2	-2	-2	9	4	7	7	-2	3	8	-2	-2	-2	0	6	-2	-2	7	4	7	-2	-2	-2	-2	4	3	3	2	7	-2	3	-2	6	-2	-2	3	-2	9	-2	-2	6	4	1	-2	-2	1	0	4	4	5	4	-2	-2	2	-2	8	-2	-2	7	-2	2	-2	-2	-2	-2	-2	-2	7	7	-2	-2	0	-2	5	-2	-2	5	-2	4	-2	-2	4	5	2	-2	-2	-2	3	3	9	8	-2	-2	-2	-2	8	8	6	-2	-2	-2	8	-2	8	4	-2	7	-2	-2	9	3	-2	3	-2	-2	2	2	-2	-2	-2
# Values
95.0	1498.0	91.0
49.0	9.0	0.0
0.0	6.0	0.0
49.0	3.0	0.0
49.0	0.0	0.0
0.0	3.0	0.0
46.0	1489.0	91.0
31.0	21.0	8.0
2.0	21.0	1.0
0.0	21.0	1.0
0.0	0.0	1.0
0.0	21.0	0.0
2.0	0.0	0.0
29.0	0.0	7.0
26.0	0.0	0.0
3.0	0.0	7.0
1.0	0.0	7.0
1.0	0.0	0.0
0.0	0.0	7.0
2.0	0.0	0.0
15.0	1468.0	83.0
9.0	250.0	71.0
6.0	28.0	31.0
6.0	3.0	26.0
6.0	0.0	0.0
0.0	3.0	26.0
0.0	1.0	26.0
0.0	1.0	0.0
0.0	0.0	26.0
0.0	2.0	0.0
0.0	25.0	5.0
0.0	3.0	3.0
0.0	3.0	0.0
0.0	0.0	3.0
0.0	22.0	2.0
0.0	22.0	1.0
0.0	2.0	1.0
0.0	2.0	0.0
0.0	0.0	1.0
0.0	20.0	0.0
0.0	0.0	1.0
3.0	222.0	40.0
3.0	217.0	28.0
3.0	198.0	17.0
3.0	38.0	9.0
0.0	37.0	3.0
0.0	0.0	2.0
0.0	37.0	1.0
0.0	36.0	0.0
0.0	1.0	1.0
0.0	0.0	1.0
0.0	1.0	0.0
3.0	1.0	6.0
3.0	0.0	0.0
0.0	1.0	6.0
0.0	0.0	6.0
0.0	1.0	0.0
0.0	160.0	8.0
0.0	160.0	7.0
0.0	2.0	1.0
0.0	0.0	1.0
0.0	2.0	0.0
0.0	158.0	6.0
0.0	82.0	6.0
0.0	82.0	5.0
0.0	28.0	5.0
0.0	26.0	2.0
0.0	2.0	1.0
0.0	2.0	0.0
0.0	0.0	1.0
0.0	24.0	1.0
0.0	22.0	0.0
0.0	2.0	1.0
0.0	0.0	1.0
0.0	2.0	0.0
0.0	2.0	3.0
0.0	1.0	0.0
0.0	1.0	3.0
0.0	0.0	1.0
0.0	1.0	2.0
0.0	54.0	0.0
0.0	0.0	1.0
0.0	76.0	0.0
0.0	0.0	1.0
0.0	19.0	11.0
0.0	1.0	8.0
0.0	1.0	0.0
0.0	0.0	8.0
0.0	18.0	3.0
0.0	17.0	0.0
0.0	1.0	3.0
0.0	0.0	3.0
0.0	1.0	0.0
0.0	5.0	12.0
0.0	4.0	0.0
0.0	1.0	12.0
0.0	0.0	12.0
0.0	1.0	0.0
6.0	1218.0	12.0
3.0	5.0	1.0
3.0	0.0	1.0
3.0	0.0	0.0
0.0	0.0	1.0
0.0	5.0	0.0
3.0	1213.0	11.0
3.0	31.0	0.0
1.0	31.0	0.0
1.0	1.0	0.0
0.0	1.0	0.0
1.0	0.0	0.0
0.0	30.0	0.0
2.0	0.0	0.0
0.0	1182.0	11.0
0.0	567.0	1.0
0.0	79.0	1.0
0.0	79.0	0.0
0.0	0.0	1.0
0.0	488.0	0.0
0.0	615.0	10.0
0.0	0.0	2.0
0.0	615.0	8.0
0.0	56.0	4.0
0.0	0.0	2.0
0.0	56.0	2.0
0.0	34.0	2.0
0.0	22.0	0.0
0.0	559.0	4.0
0.0	93.0	3.0
0.0	82.0	0.0
0.0	11.0	3.0
0.0	0.0	3.0
0.0	11.0	0.0
0.0	466.0	1.0
0.0	51.0	1.0
0.0	51.0	0.0
0.0	0.0	1.0
0.0	415.0	0.0
