# Sizes (NFeatures, Nclasses, NodeCount, MaxDepth)
10	3	151	14
# Classes
0.0	1.0	2.0
# Feature Names
Nrows	Ncols	Nnnz	AvgNnnz	Density	MaxRowNnnz	MinRowNnnz	StdRowNnnz	NDiags	NTrueDiags
# Left
1	2	3	4	-1	6	-1	-1	9	-1	11	-1	-1	14	-1	16	17	-1	19	-1	-1	22	-1	-1	25	26	27	28	29	-1	-1	-1	33	-1	-1	36	37	38	-1	-1	-1	-1	43	44	45	46	47	-1	-1	50	-1	52	53	-1	55	56	-1	-1	-1	60	-1	-1	63	64	-1	66	-1	-1	69	-1	-1	72	73	74	75	76	77	78	-1	-1	-1	82	83	84	-1	-1	87	-1	89	-1	-1	-1	-1	94	-1	96	-1	98	-1	100	101	-1	-1	-1	105	106	-1	-1	109	-1	-1	-1	113	-1	115	116	117	118	-1	-1	121	122	-1	-1	125	126	127	-1	-1	-1	131	132	-1	-1	135	136	-1	-1	139	140	-1	142	-1	-1	-1	146	-1	-1	149	-1	-1
# Right
24	13	8	5	-1	7	-1	-1	10	-1	12	-1	-1	15	-1	21	18	-1	20	-1	-1	23	-1	-1	42	35	32	31	30	-1	-1	-1	34	-1	-1	41	40	39	-1	-1	-1	-1	112	71	62	49	48	-1	-1	51	-1	59	54	-1	58	57	-1	-1	-1	61	-1	-1	68	65	-1	67	-1	-1	70	-1	-1	111	104	93	92	81	80	79	-1	-1	-1	91	86	85	-1	-1	88	-1	90	-1	-1	-1	-1	95	-1	97	-1	99	-1	103	102	-1	-1	-1	108	107	-1	-1	110	-1	-1	-1	114	-1	148	145	120	119	-1	-1	124	123	-1	-1	130	129	128	-1	-1	-1	134	133	-1	-1	138	137	-1	-1	144	141	-1	143	-1	-1	-1	147	-1	-1	150	-1	-1
# Threshold
4.5	7460.0	81.5	0.025122550316154957	-2.0	101.0	-2.0	-2.0	3.47406005859375	-2.0	1.0	-2.0	-2.0	3.5	-2.0	3.0	0.2938235104084015	-2.0	8.951150084612891e-05	-2.0	-2.0	1.5	-2.0	-2.0	2.297670006752014	2.1623350381851196	155040496.0	236.5	6.5	-2.0	-2.0	-2.0	412998000.0	-2.0	-2.0	2.1986700296401978	1.8160800337791443	132833.0	-2.0	-2.0	-2.0	-2.0	1.5	3.352539897605311e-05	4.960909843444824	4.093005061149597	3.0759249925613403	-2.0	-2.0	51.0	-2.0	167.5	26448.0	-2.0	4.853669881820679	4.845749855041504	-2.0	-2.0	-2.0	5.57768993303398e-06	-2.0	-2.0	3782435.0	2.3077100195223466e-05	-2.0	8.402344703674316	-2.0	-2.0	393619.0	-2.0	-2.0	16.5	61.14459800720215	6.923439979553223	6.850009918212891	8804.0	6.5	3627.0	-2.0	-2.0	-2.0	44608.5	4.676340103149414	38476.0	-2.0	-2.0	4614.0	-2.0	0.0006098805170040578	-2.0	-2.0	-2.0	-2.0	320.5	-2.0	24.357199668884277	-2.0	25.98194980621338	-2.0	0.5	9838.5	-2.0	-2.0	-2.0	70.70244979858398	86487.5	-2.0	-2.0	1341795.0	-2.0	-2.0	-2.0	1.485050006522215e-06	-2.0	399.66551208496094	4758865.0	2.784795045852661	2.62746000289917	-2.0	-2.0	0.6817429959774017	0.6725680232048035	-2.0	-2.0	89.5	20.0	18.0	-2.0	-2.0	-2.0	3.0488799810409546	286600.5	-2.0	-2.0	4.805229902267456	4.551709890365601	-2.0	-2.0	2.5	11.08560037612915	-2.0	11.827900409698486	-2.0	-2.0	-2.0	1.6439950059066177e-06	-2.0	-2.0	420.2510070800781	-2.0	-2.0
# Feature
5	0	8	4	-2	0	-2	-2	3	-2	9	-2	-2	5	-2	9	7	-2	4	-2	-2	6	-2	-2	3	7	1	1	5	-2	-2	-2	2	-2	-2	3	3	0	-2	-2	-2	-2	9	4	3	3	3	-2	-2	5	-2	5	8	-2	3	3	-2	-2	-2	4	-2	-2	1	4	-2	3	-2	-2	8	-2	-2	6	3	3	3	1	5	0	-2	-2	-2	8	3	1	-2	-2	8	-2	4	-2	-2	-2	-2	8	-2	7	-2	7	-2	6	0	-2	-2	-2	7	8	-2	-2	2	-2	-2	-2	4	-2	7	8	3	3	-2	-2	7	7	-2	-2	5	8	9	-2	-2	-2	7	2	-2	-2	3	3	-2	-2	9	3	-2	3	-2	-2	-2	4	-2	-2	7	-2	-2
# Values
87.0	1505.0	92.0
51.0	21.0	12.0
42.0	6.0	1.0
37.0	2.0	0.0
35.0	0.0	0.0
2.0	2.0	0.0
2.0	0.0	0.0
0.0	2.0	0.0
5.0	4.0	1.0
0.0	4.0	0.0
5.0	0.0	1.0
0.0	0.0	1.0
5.0	0.0	0.0
9.0	15.0	11.0
0.0	14.0	0.0
9.0	1.0	11.0
4.0	0.0	11.0
0.0	0.0	10.0
4.0	0.0	1.0
0.0	0.0	1.0
4.0	0.0	0.0
5.0	1.0	0.0
0.0	1.0	0.0
5.0	0.0	0.0
36.0	1484.0	80.0
22.0	11.0	3.0
20.0	1.0	3.0
19.0	1.0	0.0
4.0	1.0	0.0
4.0	0.0	0.0
0.0	1.0	0.0
15.0	0.0	0.0
1.0	0.0	3.0
0.0	0.0	3.0
1.0	0.0	0.0
2.0	10.0	0.0
1.0	10.0	0.0
1.0	3.0	0.0
0.0	3.0	0.0
1.0	0.0	0.0
0.0	7.0	0.0
1.0	0.0	0.0
14.0	1473.0	77.0
6.0	300.0	67.0
4.0	29.0	32.0
4.0	10.0	26.0
2.0	5.0	0.0
2.0	0.0	0.0
0.0	5.0	0.0
2.0	5.0	26.0
2.0	0.0	0.0
0.0	5.0	26.0
0.0	2.0	25.0
0.0	1.0	0.0
0.0	1.0	25.0
0.0	1.0	7.0
0.0	0.0	7.0
0.0	1.0	0.0
0.0	0.0	18.0
0.0	3.0	1.0
0.0	0.0	1.0
0.0	3.0	0.0
0.0	19.0	6.0
0.0	17.0	2.0
0.0	16.0	0.0
0.0	1.0	2.0
0.0	0.0	2.0
0.0	1.0	0.0
0.0	2.0	4.0
0.0	2.0	0.0
0.0	0.0	4.0
2.0	271.0	35.0
2.0	271.0	26.0
2.0	250.0	18.0
2.0	108.0	15.0
2.0	108.0	12.0
0.0	78.0	1.0
0.0	2.0	1.0
0.0	0.0	1.0
0.0	2.0	0.0
0.0	76.0	0.0
2.0	30.0	11.0
2.0	11.0	11.0
2.0	7.0	0.0
0.0	7.0	0.0
2.0	0.0	0.0
0.0	4.0	11.0
0.0	3.0	0.0
0.0	1.0	11.0
0.0	0.0	11.0
0.0	1.0	0.0
0.0	19.0	0.0
0.0	0.0	3.0
0.0	142.0	3.0
0.0	0.0	1.0
0.0	142.0	2.0
0.0	100.0	0.0
0.0	42.0	2.0
0.0	2.0	1.0
0.0	40.0	1.0
0.0	4.0	1.0
0.0	0.0	1.0
0.0	4.0	0.0
0.0	36.0	0.0
0.0	21.0	8.0
0.0	2.0	7.0
0.0	0.0	7.0
0.0	2.0	0.0
0.0	19.0	1.0
0.0	0.0	1.0
0.0	19.0	0.0
0.0	0.0	9.0
8.0	1173.0	10.0
3.0	0.0	0.0
5.0	1173.0	10.0
5.0	1160.0	7.0
5.0	1159.0	6.0
2.0	11.0	0.0
0.0	11.0	0.0
2.0	0.0	0.0
3.0	1148.0	6.0
3.0	70.0	0.0
0.0	70.0	0.0
3.0	0.0	0.0
0.0	1078.0	6.0
0.0	651.0	1.0
0.0	46.0	1.0
0.0	46.0	0.0
0.0	0.0	1.0
0.0	605.0	0.0
0.0	427.0	5.0
0.0	3.0	2.0
0.0	3.0	0.0
0.0	0.0	2.0
0.0	424.0	3.0
0.0	10.0	1.0
0.0	10.0	0.0
0.0	0.0	1.0
0.0	414.0	2.0
0.0	61.0	2.0
0.0	60.0	0.0
0.0	1.0	2.0
0.0	0.0	2.0
0.0	1.0	0.0
0.0	353.0	0.0
0.0	1.0	1.0
0.0	1.0	0.0
0.0	0.0	1.0
0.0	13.0	3.0
0.0	0.0	3.0
0.0	13.0	0.0
