# Sizes (NFeatures, Nclasses, NodeCount, MaxDepth)
10	3	141	13
# Classes
0.0	1.0	2.0
# Feature Names
Nrows	Ncols	Nnnz	AvgNnnz	Density	MaxRowNnnz	MinRowNnnz	StdRowNnnz	NDiags	NTrueDiags
# Left
1	2	3	4	-1	6	-1	-1	9	10	-1	-1	-1	14	15	-1	-1	18	19	-1	-1	-1	23	24	25	26	-1	28	29	30	-1	-1	-1	34	-1	36	-1	-1	39	-1	-1	42	43	44	45	-1	47	48	-1	-1	-1	-1	-1	54	-1	56	-1	58	59	-1	-1	-1	63	64	-1	66	67	68	69	-1	-1	72	-1	74	-1	-1	77	-1	79	80	-1	-1	-1	84	-1	86	87	88	89	90	-1	-1	-1	-1	-1	96	97	98	99	100	-1	102	-1	-1	-1	-1	-1	108	109	110	-1	-1	-1	114	115	116	117	-1	-1	-1	-1	-1	123	124	125	126	-1	-1	129	130	-1	132	-1	-1	-1	136	137	-1	-1	-1	-1
# Right
22	13	8	5	-1	7	-1	-1	12	11	-1	-1	-1	17	16	-1	-1	21	20	-1	-1	-1	62	41	38	27	-1	33	32	31	-1	-1	-1	35	-1	37	-1	-1	40	-1	-1	53	52	51	46	-1	50	49	-1	-1	-1	-1	-1	55	-1	57	-1	61	60	-1	-1	-1	122	65	-1	83	76	71	70	-1	-1	73	-1	75	-1	-1	78	-1	82	81	-1	-1	-1	85	-1	95	94	93	92	91	-1	-1	-1	-1	-1	107	106	105	104	101	-1	103	-1	-1	-1	-1	-1	113	112	111	-1	-1	-1	121	120	119	118	-1	-1	-1	-1	-1	140	135	128	127	-1	-1	134	131	-1	133	-1	-1	-1	139	138	-1	-1	-1	-1
# Threshold
2.429520010948181	0.0025256050284951925	5.179875135421753	2.6589500308036804	-2.0	3.6816200017929077	-2.0	-2.0	1.8332000374794006	132833.0	-2.0	-2.0	-2.0	1.5	0.2604166502133012	-2.0	-2.0	88.5	86.0	-2.0	-2.0	-2.0	0.5	5.028579950332642	4.662129878997803	15.5	-2.0	5.125360012054443	3.4569549560546875	5621.0	-2.0	-2.0	-2.0	22.22920036315918	-2.0	31.81645107269287	-2.0	-2.0	38.0	-2.0	-2.0	22.35099983215332	12.0	10.329599857330322	8.471109867095947	-2.0	1150.5	2878.0	-2.0	-2.0	-2.0	-2.0	-2.0	7.5	-2.0	27.5	-2.0	1559.0	27720.0	-2.0	-2.0	-2.0	5474785.0	3.7941999835311435e-06	-2.0	4054.5	8.5	2.546190023422241	2.497349977493286	-2.0	-2.0	2781.5	-2.0	2829.5	-2.0	-2.0	0.0005847565189469606	-2.0	28.5	25.5	-2.0	-2.0	-2.0	4152.0	-2.0	1.6255149841308594	15.5	1.5542349815368652	9483.0	8660.5	-2.0	-2.0	-2.0	-2.0	-2.0	1.5	0.0034086150117218494	8.0	4060030.0	4.5	-2.0	28.54159927368164	-2.0	-2.0	-2.0	-2.0	-2.0	4207.5	21.988600730895996	20.35865020751953	-2.0	-2.0	-2.0	9503.0	9207.5	1.5	6497.5	-2.0	-2.0	-2.0	-2.0	-2.0	14.0	4.5	6885355.0	1043880.0	-2.0	-2.0	874.6929931640625	35.250200271606445	-2.0	3.0	-2.0	-2.0	-2.0	12.980549812316895	2524090.0	-2.0	-2.0	-2.0	-2.0
# Feature
3	4	7	7	-2	7	-2	-2	3	1	-2	-2	-2	5	4	-2	-2	1	2	-2	-2	-2	9	3	3	5	-2	7	3	0	-2	-2	-2	7	-2	7	-2	-2	5	-2	-2	3	6	3	3	-2	5	8	-2	-2	-2	-2	-2	6	-2	6	-2	8	2	-2	-2	-2	2	4	-2	8	6	3	3	-2	-2	8	-2	8	-2	-2	4	-2	5	5	-2	-2	-2	8	-2	7	5	7	0	8	-2	-2	-2	-2	-2	9	4	6	2	6	-2	3	-2	-2	-2	-2	-2	8	7	7	-2	-2	-2	0	1	6	1	-2	-2	-2	-2	-2	9	6	2	0	-2	-2	3	3	-2	9	-2	-2	-2	7	1	-2	-2	-2	-2
# Values
99.0	1482.0	56.0
38.0	27.0	3.0
33.0	8.0	0.0
32.0	1.0	0.0
27.0	0.0	0.0
5.0	1.0	0.0
0.0	1.0	0.0
5.0	0.0	0.0
1.0	7.0	0.0
1.0	1.0	0.0
0.0	1.0	0.0
1.0	0.0	0.0
0.0	6.0	0.0
5.0	19.0	3.0
4.0	0.0	3.0
4.0	0.0	0.0
0.0	0.0	3.0
1.0	19.0	0.0
1.0	4.0	0.0
0.0	4.0	0.0
1.0	0.0	0.0
0.0	15.0	0.0
61.0	1455.0	53.0
47.0	153.0	16.0
47.0	34.0	0.0
9.0	33.0	0.0
0.0	21.0	0.0
9.0	12.0	0.0
7.0	1.0	0.0
3.0	1.0	0.0
3.0	0.0	0.0
0.0	1.0	0.0
4.0	0.0	0.0
2.0	11.0	0.0
0.0	8.0	0.0
2.0	3.0	0.0
2.0	0.0	0.0
0.0	3.0	0.0
38.0	1.0	0.0
0.0	1.0	0.0
38.0	0.0	0.0
0.0	119.0	16.0
0.0	107.0	9.0
0.0	107.0	8.0
0.0	45.0	8.0
0.0	34.0	0.0
0.0	11.0	8.0
0.0	5.0	8.0
0.0	5.0	0.0
0.0	0.0	8.0
0.0	6.0	0.0
0.0	62.0	0.0
0.0	0.0	1.0
0.0	12.0	7.0
0.0	0.0	4.0
0.0	12.0	3.0
0.0	10.0	0.0
0.0	2.0	3.0
0.0	2.0	1.0
0.0	1.0	0.0
0.0	1.0	1.0
0.0	0.0	2.0
14.0	1302.0	37.0
10.0	1184.0	18.0
3.0	0.0	0.0
7.0	1184.0	18.0
1.0	812.0	4.0
1.0	727.0	1.0
1.0	13.0	0.0
0.0	13.0	0.0
1.0	0.0	0.0
0.0	714.0	1.0
0.0	589.0	0.0
0.0	125.0	1.0
0.0	0.0	1.0
0.0	125.0	0.0
0.0	85.0	3.0
0.0	0.0	2.0
0.0	85.0	1.0
0.0	6.0	1.0
0.0	6.0	0.0
0.0	0.0	1.0
0.0	79.0	0.0
6.0	372.0	14.0
0.0	0.0	1.0
6.0	372.0	13.0
6.0	29.0	0.0
2.0	29.0	0.0
1.0	29.0	0.0
1.0	3.0	0.0
0.0	3.0	0.0
1.0	0.0	0.0
0.0	26.0	0.0
1.0	0.0	0.0
4.0	0.0	0.0
0.0	343.0	13.0
0.0	40.0	7.0
0.0	40.0	4.0
0.0	40.0	2.0
0.0	40.0	1.0
0.0	37.0	0.0
0.0	3.0	1.0
0.0	3.0	0.0
0.0	0.0	1.0
0.0	0.0	1.0
0.0	0.0	2.0
0.0	0.0	3.0
0.0	303.0	6.0
0.0	13.0	3.0
0.0	3.0	3.0
0.0	3.0	0.0
0.0	0.0	3.0
0.0	10.0	0.0
0.0	290.0	3.0
0.0	36.0	3.0
0.0	36.0	1.0
0.0	5.0	1.0
0.0	0.0	1.0
0.0	5.0	0.0
0.0	31.0	0.0
0.0	0.0	2.0
0.0	254.0	0.0
4.0	118.0	19.0
4.0	44.0	19.0
4.0	41.0	3.0
4.0	3.0	0.0
0.0	3.0	0.0
4.0	0.0	0.0
0.0	38.0	3.0
0.0	38.0	1.0
0.0	35.0	0.0
0.0	3.0	1.0
0.0	3.0	0.0
0.0	0.0	1.0
0.0	0.0	2.0
0.0	3.0	16.0
0.0	3.0	4.0
0.0	3.0	0.0
0.0	0.0	4.0
0.0	0.0	12.0
0.0	74.0	0.0
