# Sizes (NFeatures, Nclasses, NodeCount, MaxDepth)
10	3	131	13
# Classes
0.0	1.0	2.0
# Feature Names
Nrows	Ncols	Nnnz	AvgNnnz	Density	MaxRowNnnz	MinRowNnnz	StdRowNnnz	NDiags	NTrueDiags
# Left
1	2	3	4	-1	6	-1	-1	9	-1	-1	12	13	-1	-1	16	17	-1	-1	-1	21	22	23	24	25	26	27	-1	-1	-1	-1	32	33	-1	-1	-1	37	-1	39	-1	-1	42	43	44	45	46	-1	-1	-1	-1	51	-1	53	-1	-1	56	57	58	-1	60	-1	62	-1	-1	-1	66	-1	-1	69	70	71	72	73	-1	-1	76	77	-1	79	-1	-1	82	-1	84	85	-1	87	88	-1	-1	-1	92	93	94	-1	96	-1	-1	-1	100	101	-1	-1	104	105	-1	-1	-1	109	-1	-1	112	113	114	-1	116	117	118	-1	-1	-1	-1	123	124	125	-1	-1	-1	-1	-1	-1
# Right
20	11	8	5	-1	7	-1	-1	10	-1	-1	15	14	-1	-1	19	18	-1	-1	-1	68	41	36	31	30	29	28	-1	-1	-1	-1	35	34	-1	-1	-1	38	-1	40	-1	-1	55	50	49	48	47	-1	-1	-1	-1	52	-1	54	-1	-1	65	64	59	-1	61	-1	63	-1	-1	-1	67	-1	-1	130	111	108	75	74	-1	-1	81	78	-1	80	-1	-1	83	-1	91	86	-1	90	89	-1	-1	-1	99	98	95	-1	97	-1	-1	-1	103	102	-1	-1	107	106	-1	-1	-1	110	-1	-1	129	122	115	-1	121	120	119	-1	-1	-1	-1	128	127	126	-1	-1	-1	-1	-1	-1
# Threshold
2.241160035133362	0.006602310109883547	7.60640025138855	3.65085506439209	-2.0	8703.5	-2.0	-2.0	1.8404800295829773	-2.0	-2.0	1.136110007762909	1.5	-2.0	-2.0	1.847220003604889	1.2148950099945068	-2.0	-2.0	-2.0	0.5	5.0373148918151855	4.662129878997803	69.5	2.7023650407791138	2.6255500316619873	11976561.0	-2.0	-2.0	-2.0	-2.0	3.9175548553466797	5400.0	-2.0	-2.0	-2.0	3.8438800573349	-2.0	51462.5	-2.0	-2.0	0.032287100329995155	9.371359825134277	8.484769821166992	8312.0	5300.5	-2.0	-2.0	-2.0	-2.0	40.805999755859375	-2.0	154.9915008544922	-2.0	-2.0	1562.0	32.5	143.0	-2.0	583.0	-2.0	29.5	-2.0	-2.0	-2.0	66.5	-2.0	-2.0	211813496.0	52.59390068054199	46866800.0	2.726094976424065e-06	2411070.0	-2.0	-2.0	4114.0	0.10116260126233101	-2.0	37.05405044555664	-2.0	-2.0	4152.0	-2.0	1.562150001525879	1.3397350311279297	-2.0	15.0	5.990599870681763	-2.0	-2.0	-2.0	1.5	8.0	21658700.0	-2.0	2.5	-2.0	-2.0	-2.0	47788.5	6309.0	-2.0	-2.0	9606.0	9219.0	-2.0	-2.0	-2.0	3.5	-2.0	-2.0	15.0	0.0018099049921147525	16.082250118255615	-2.0	387.8055114746094	31.007949829101562	15.0	-2.0	-2.0	-2.0	-2.0	22701.5	0.0687749981880188	3.0	-2.0	-2.0	-2.0	-2.0	-2.0	-2.0
# Feature
3	4	7	7	-2	0	-2	-2	3	-2	-2	3	8	-2	-2	3	7	-2	-2	-2	9	3	3	5	3	3	1	-2	-2	-2	-2	3	1	-2	-2	-2	7	-2	8	-2	-2	4	3	3	1	0	-2	-2	-2	-2	3	-2	7	-2	-2	8	6	0	-2	1	-2	6	-2	-2	-2	5	-2	-2	2	3	2	4	0	-2	-2	8	4	-2	3	-2	-2	8	-2	7	7	-2	5	3	-2	-2	-2	9	6	2	-2	6	-2	-2	-2	2	8	-2	-2	1	0	-2	-2	-2	6	-2	-2	9	4	7	-2	7	7	6	-2	-2	-2	-2	1	4	9	-2	-2	-2	-2	-2	-2
# Values
122.0	1460.0	55.0
47.0	19.0	2.0
42.0	5.0	0.0
39.0	1.0	0.0
36.0	0.0	0.0
3.0	1.0	0.0
0.0	1.0	0.0
3.0	0.0	0.0
3.0	4.0	0.0
3.0	0.0	0.0
0.0	4.0	0.0
5.0	14.0	2.0
4.0	0.0	2.0
4.0	0.0	0.0
0.0	0.0	2.0
1.0	14.0	0.0
1.0	3.0	0.0
1.0	0.0	0.0
0.0	3.0	0.0
0.0	11.0	0.0
75.0	1441.0	53.0
66.0	165.0	14.0
66.0	40.0	0.0
12.0	37.0	0.0
3.0	30.0	0.0
3.0	5.0	0.0
1.0	5.0	0.0
0.0	5.0	0.0
1.0	0.0	0.0
2.0	0.0	0.0
0.0	25.0	0.0
9.0	7.0	0.0
9.0	2.0	0.0
0.0	2.0	0.0
9.0	0.0	0.0
0.0	5.0	0.0
54.0	3.0	0.0
52.0	0.0	0.0
2.0	3.0	0.0
2.0	0.0	0.0
0.0	3.0	0.0
0.0	125.0	14.0
0.0	115.0	7.0
0.0	35.0	6.0
0.0	35.0	2.0
0.0	8.0	2.0
0.0	8.0	0.0
0.0	0.0	2.0
0.0	27.0	0.0
0.0	0.0	4.0
0.0	80.0	1.0
0.0	71.0	0.0
0.0	9.0	1.0
0.0	0.0	1.0
0.0	9.0	0.0
0.0	10.0	7.0
0.0	5.0	6.0
0.0	3.0	6.0
0.0	1.0	0.0
0.0	2.0	6.0
0.0	0.0	2.0
0.0	2.0	4.0
0.0	2.0	3.0
0.0	0.0	1.0
0.0	2.0	0.0
0.0	5.0	1.0
0.0	0.0	1.0
0.0	5.0	0.0
9.0	1276.0	39.0
9.0	1276.0	36.0
9.0	1151.0	12.0
9.0	1146.0	9.0
2.0	7.0	0.0
2.0	0.0	0.0
0.0	7.0	0.0
7.0	1139.0	9.0
0.0	775.0	2.0
0.0	745.0	0.0
0.0	30.0	2.0
0.0	30.0	0.0
0.0	0.0	2.0
7.0	364.0	7.0
0.0	0.0	1.0
7.0	364.0	6.0
7.0	50.0	0.0
0.0	41.0	0.0
7.0	9.0	0.0
1.0	9.0	0.0
0.0	9.0	0.0
1.0	0.0	0.0
6.0	0.0	0.0
0.0	314.0	6.0
0.0	46.0	4.0
0.0	46.0	1.0
0.0	44.0	0.0
0.0	2.0	1.0
0.0	2.0	0.0
0.0	0.0	1.0
0.0	0.0	3.0
0.0	268.0	2.0
0.0	5.0	1.0
0.0	5.0	0.0
0.0	0.0	1.0
0.0	263.0	1.0
0.0	20.0	1.0
0.0	20.0	0.0
0.0	0.0	1.0
0.0	243.0	0.0
0.0	5.0	3.0
0.0	5.0	0.0
0.0	0.0	3.0
0.0	125.0	24.0
0.0	27.0	24.0
0.0	3.0	16.0
0.0	1.0	0.0
0.0	2.0	16.0
0.0	1.0	16.0
0.0	1.0	2.0
0.0	0.0	2.0
0.0	1.0	0.0
0.0	0.0	14.0
0.0	1.0	0.0
0.0	24.0	8.0
0.0	6.0	8.0
0.0	2.0	8.0
0.0	0.0	8.0
0.0	2.0	0.0
0.0	4.0	0.0
0.0	18.0	0.0
0.0	98.0	0.0
0.0	0.0	3.0
