# Sizes (NFeatures, Nclasses, NodeCount, MaxDepth)
10	3	137	14
# Classes
0.0	1.0	2.0
# Feature Names
Nrows	Ncols	Nnnz	AvgNnnz	Density	MaxRowNnnz	MinRowNnnz	StdRowNnnz	NDiags	NTrueDiags
# Left
1	2	-1	4	5	6	-1	-1	-1	10	11	12	-1	-1	-1	16	-1	18	-1	20	-1	-1	23	24	25	26	27	28	29	-1	-1	-1	33	-1	-1	36	-1	-1	39	-1	-1	42	43	44	45	46	-1	-1	-1	50	-1	-1	-1	54	55	-1	57	-1	-1	60	-1	-1	63	64	65	66	67	68	69	-1	-1	72	73	74	75	76	-1	78	-1	-1	-1	82	-1	-1	85	-1	87	-1	-1	90	-1	-1	93	-1	95	96	-1	98	-1	-1	101	102	103	-1	105	-1	-1	108	109	110	-1	-1	113	-1	-1	-1	-1	-1	119	120	121	122	-1	-1	-1	-1	127	-1	129	-1	131	132	-1	-1	-1	-1	-1
# Right
22	3	-1	9	8	7	-1	-1	-1	15	14	13	-1	-1	-1	17	-1	19	-1	21	-1	-1	62	41	38	35	32	31	30	-1	-1	-1	34	-1	-1	37	-1	-1	40	-1	-1	53	52	49	48	47	-1	-1	-1	51	-1	-1	-1	59	56	-1	58	-1	-1	61	-1	-1	136	135	118	117	92	71	70	-1	-1	89	84	81	80	77	-1	79	-1	-1	-1	83	-1	-1	86	-1	88	-1	-1	91	-1	-1	94	-1	100	97	-1	99	-1	-1	116	107	104	-1	106	-1	-1	115	112	111	-1	-1	114	-1	-1	-1	-1	-1	126	125	124	123	-1	-1	-1	-1	128	-1	130	-1	134	133	-1	-1	-1	-1	-1
# Threshold
2.5169349908828735	1.0088499784469604	-2.0	297.0	91.5	1.847220003604889	-2.0	-2.0	-2.0	5.117754936218262	6044.5	0.0007280524878297001	-2.0	-2.0	-2.0	1.8332000374794006	-2.0	2.1986700296401978	-2.0	0.0002677930024219677	-2.0	-2.0	0.5	5.028579950332642	4.684309959411621	29.504650115966797	80.5	2.7023650407791138	4697.0	-2.0	-2.0	-2.0	5.792284965515137	-2.0	-2.0	585764.5	-2.0	-2.0	3.8438800573349	-2.0	-2.0	0.032287100329995155	0.004899614956229925	0.002553029917180538	57668.0	5561.5	-2.0	-2.0	-2.0	911.0	-2.0	-2.0	-2.0	68.5	19.0	-2.0	1569.0	-2.0	-2.0	165.0	-2.0	-2.0	211813496.0	1392.1300048828125	0.001619835034944117	0.0015889250207692385	12.36994981765747	2.8207449913024902	2.6937700510025024	-2.0	-2.0	0.0013560099760070443	5.999934911727905	5.995539903640747	8680.5	7488.5	-2.0	7.0	-2.0	-2.0	-2.0	3.0	-2.0	-2.0	10.662050247192383	-2.0	10.70644998550415	-2.0	-2.0	4.5	-2.0	-2.0	12.801350116729736	-2.0	1.5	3.0	-2.0	915070.0	-2.0	-2.0	16.0	35.513601303100586	14.0	-2.0	814869.0	-2.0	-2.0	80.60120010375977	13.5	0.0007979825022630394	-2.0	-2.0	32.3617000579834	-2.0	-2.0	-2.0	-2.0	-2.0	1.5	31.5	156.5	133.5	-2.0	-2.0	-2.0	-2.0	0.03797974996268749	-2.0	0.03891110047698021	-2.0	2.5	12.893529891967773	-2.0	-2.0	-2.0	-2.0	-2.0
# Feature
3	3	-2	8	1	3	-2	-2	-2	7	0	4	-2	-2	-2	3	-2	3	-2	4	-2	-2	9	3	3	7	5	3	8	-2	-2	-2	7	-2	-2	1	-2	-2	7	-2	-2	4	4	4	2	1	-2	-2	-2	5	-2	-2	-2	5	5	-2	8	-2	-2	5	-2	-2	2	7	4	4	3	3	3	-2	-2	4	3	3	1	8	-2	5	-2	-2	-2	9	-2	-2	3	-2	3	-2	-2	9	-2	-2	3	-2	9	6	-2	2	-2	-2	9	3	9	-2	0	-2	-2	7	6	4	-2	-2	7	-2	-2	-2	-2	-2	9	6	1	8	-2	-2	-2	-2	4	-2	4	-2	9	7	-2	-2	-2	-2	-2
# Values
97.0	1487.0	53.0
42.0	39.0	0.0
13.0	0.0	0.0
29.0	39.0	0.0
3.0	28.0	0.0
3.0	3.0	0.0
3.0	0.0	0.0
0.0	3.0	0.0
0.0	25.0	0.0
26.0	11.0	0.0
23.0	3.0	0.0
4.0	3.0	0.0
0.0	3.0	0.0
4.0	0.0	0.0
19.0	0.0	0.0
3.0	8.0	0.0
2.0	0.0	0.0
1.0	8.0	0.0
0.0	7.0	0.0
1.0	1.0	0.0
1.0	0.0	0.0
0.0	1.0	0.0
55.0	1448.0	53.0
44.0	194.0	18.0
44.0	48.0	0.0
11.0	46.0	0.0
6.0	45.0	0.0
1.0	32.0	0.0
1.0	7.0	0.0
1.0	0.0	0.0
0.0	7.0	0.0
0.0	25.0	0.0
5.0	13.0	0.0
5.0	0.0	0.0
0.0	13.0	0.0
5.0	1.0	0.0
5.0	0.0	0.0
0.0	1.0	0.0
33.0	2.0	0.0
33.0	0.0	0.0
0.0	2.0	0.0
0.0	146.0	18.0
0.0	137.0	10.0
0.0	63.0	10.0
0.0	62.0	2.0
0.0	5.0	2.0
0.0	5.0	0.0
0.0	0.0	2.0
0.0	57.0	0.0
0.0	1.0	8.0
0.0	0.0	8.0
0.0	1.0	0.0
0.0	74.0	0.0
0.0	9.0	8.0
0.0	8.0	3.0
0.0	0.0	1.0
0.0	8.0	2.0
0.0	6.0	0.0
0.0	2.0	2.0
0.0	1.0	5.0
0.0	0.0	5.0
0.0	1.0	0.0
11.0	1254.0	35.0
11.0	1254.0	30.0
11.0	1254.0	29.0
11.0	505.0	25.0
11.0	505.0	22.0
11.0	326.0	3.0
2.0	3.0	0.0
0.0	3.0	0.0
2.0	0.0	0.0
9.0	323.0	3.0
9.0	315.0	1.0
9.0	122.0	0.0
3.0	121.0	0.0
3.0	20.0	0.0
0.0	19.0	0.0
3.0	1.0	0.0
0.0	1.0	0.0
3.0	0.0	0.0
0.0	101.0	0.0
6.0	1.0	0.0
0.0	1.0	0.0
6.0	0.0	0.0
0.0	193.0	1.0
0.0	162.0	0.0
0.0	31.0	1.0
0.0	0.0	1.0
0.0	31.0	0.0
0.0	8.0	2.0
0.0	8.0	0.0
0.0	0.0	2.0
0.0	179.0	19.0
0.0	0.0	4.0
0.0	179.0	15.0
0.0	5.0	4.0
0.0	4.0	0.0
0.0	1.0	4.0
0.0	1.0	0.0
0.0	0.0	4.0
0.0	174.0	11.0
0.0	84.0	11.0
0.0	75.0	3.0
0.0	74.0	0.0
0.0	1.0	3.0
0.0	0.0	3.0
0.0	1.0	0.0
0.0	9.0	8.0
0.0	9.0	5.0
0.0	1.0	4.0
0.0	0.0	4.0
0.0	1.0	0.0
0.0	8.0	1.0
0.0	8.0	0.0
0.0	0.0	1.0
0.0	0.0	3.0
0.0	90.0	0.0
0.0	0.0	3.0
0.0	749.0	4.0
0.0	29.0	2.0
0.0	29.0	1.0
0.0	1.0	1.0
0.0	1.0	0.0
0.0	0.0	1.0
0.0	28.0	0.0
0.0	0.0	1.0
0.0	720.0	2.0
0.0	619.0	0.0
0.0	101.0	2.0
0.0	0.0	1.0
0.0	101.0	1.0
0.0	5.0	1.0
0.0	5.0	0.0
0.0	0.0	1.0
0.0	96.0	0.0
0.0	0.0	1.0
0.0	0.0	5.0
