# Sizes (NFeatures, Nclasses, NodeCount, MaxDepth)
10	3	145	11
# Classes
0.0	1.0	2.0
# Feature Names
Nrows	Ncols	Nnnz	AvgNnnz	Density	MaxRowNnnz	MinRowNnnz	StdRowNnnz	NDiags	NTrueDiags
# Left
1	2	3	-1	-1	-1	7	8	9	10	-1	12	-1	14	-1	-1	-1	18	19	20	21	-1	-1	-1	25	-1	-1	28	-1	-1	31	32	33	34	35	36	37	-1	39	40	-1	-1	-1	44	-1	-1	47	-1	-1	50	-1	-1	53	-1	-1	56	57	58	59	-1	-1	-1	63	-1	-1	66	67	68	69	-1	-1	-1	73	74	-1	76	-1	-1	-1	-1	81	82	83	-1	85	-1	87	88	-1	-1	-1	92	93	-1	95	96	97	-1	-1	-1	101	-1	-1	-1	105	106	107	-1	-1	110	111	112	113	-1	115	-1	-1	-1	-1	120	-1	-1	123	124	125	126	127	128	-1	-1	-1	-1	133	134	-1	136	-1	-1	139	-1	-1	142	-1	-1	-1
# Right
6	5	4	-1	-1	-1	30	17	16	11	-1	13	-1	15	-1	-1	-1	27	24	23	22	-1	-1	-1	26	-1	-1	29	-1	-1	80	55	52	49	46	43	38	-1	42	41	-1	-1	-1	45	-1	-1	48	-1	-1	51	-1	-1	54	-1	-1	65	62	61	60	-1	-1	-1	64	-1	-1	79	72	71	70	-1	-1	-1	78	75	-1	77	-1	-1	-1	-1	104	91	84	-1	86	-1	90	89	-1	-1	-1	103	94	-1	100	99	98	-1	-1	-1	102	-1	-1	-1	122	109	108	-1	-1	119	118	117	114	-1	116	-1	-1	-1	-1	121	-1	-1	144	141	132	131	130	129	-1	-1	-1	-1	138	135	-1	137	-1	-1	140	-1	-1	143	-1	-1	-1
# Threshold
1.702589988708496	1.33502995967865	25.0	-2.0	-2.0	-2.0	6.342734923237003e-05	4.976139783859253	4.85359001159668	8.5	-2.0	4.037325024604797	-2.0	1238536.0	-2.0	-2.0	-2.0	4.5	33.30305099487305	1607230.0	2.5	-2.0	-2.0	-2.0	3337557.5	-2.0	-2.0	2.0	-2.0	-2.0	7325.0	0.5	0.11425844952464104	4537.5	27.5	3233.0	3807.0	-2.0	2213.5	31769.0	-2.0	-2.0	-2.0	77.0	-2.0	-2.0	67.5	-2.0	-2.0	10684.5	-2.0	-2.0	143.0	-2.0	-2.0	17.297250747680664	15.5	2.546190023422241	2.497349977493286	-2.0	-2.0	-2.0	28.5	-2.0	-2.0	21.427900314331055	2.5	11.943550109863281	16245.0	-2.0	-2.0	-2.0	989.0	124476.0	-2.0	6.5	-2.0	-2.0	-2.0	-2.0	6.079560041427612	0.5	20013.0	-2.0	7728.0	-2.0	26240.0	3.521394968032837	-2.0	-2.0	-2.0	5.9433348178863525	27709.5	-2.0	63793.0	11537.0	0.00019040099869016558	-2.0	-2.0	-2.0	68240.0	-2.0	-2.0	-2.0	43.41455078125	57668.0	17.868780612945557	-2.0	-2.0	0.001548975007608533	1.5	29.35855007171631	7.5	-2.0	64907.5	-2.0	-2.0	-2.0	-2.0	628.5	-2.0	-2.0	14.0	12.0	28136.0	358.1630096435547	0.5	22408.5	-2.0	-2.0	-2.0	-2.0	1392.1300048828125	21.0	-2.0	58476.0	-2.0	-2.0	120411.5	-2.0	-2.0	19638100.0	-2.0	-2.0	-2.0
# Feature
3	7	1	-2	-2	-2	4	3	7	5	-2	7	-2	2	-2	-2	-2	6	3	2	6	-2	-2	-2	8	-2	-2	9	-2	-2	8	9	4	1	6	0	8	-2	1	2	-2	-2	-2	5	-2	-2	5	-2	-2	1	-2	-2	0	-2	-2	7	6	3	3	-2	-2	-2	5	-2	-2	7	9	3	0	-2	-2	-2	5	1	-2	6	-2	-2	-2	-2	3	6	2	-2	8	-2	2	7	-2	-2	-2	3	2	-2	0	8	4	-2	-2	-2	1	-2	-2	-2	3	2	7	-2	-2	4	9	3	6	-2	8	-2	-2	-2	-2	5	-2	-2	9	9	8	7	9	1	-2	-2	-2	-2	7	6	-2	8	-2	-2	8	-2	-2	2	-2	-2	-2
# Values
106.0	1474.0	57.0
27.0	5.0	2.0
27.0	0.0	2.0
0.0	0.0	2.0
27.0	0.0	0.0
0.0	5.0	0.0
79.0	1469.0	55.0
51.0	150.0	10.0
48.0	40.0	0.0
48.0	18.0	0.0
0.0	15.0	0.0
48.0	3.0	0.0
46.0	0.0	0.0
2.0	3.0	0.0
2.0	0.0	0.0
0.0	3.0	0.0
0.0	22.0	0.0
3.0	110.0	10.0
3.0	98.0	1.0
3.0	97.0	0.0
3.0	18.0	0.0
0.0	18.0	0.0
3.0	0.0	0.0
0.0	79.0	0.0
0.0	1.0	1.0
0.0	0.0	1.0
0.0	1.0	0.0
0.0	12.0	9.0
0.0	0.0	9.0
0.0	12.0	0.0
28.0	1319.0	45.0
4.0	992.0	17.0
3.0	110.0	8.0
3.0	108.0	4.0
0.0	105.0	4.0
0.0	103.0	2.0
0.0	101.0	1.0
0.0	91.0	0.0
0.0	10.0	1.0
0.0	3.0	1.0
0.0	1.0	0.0
0.0	2.0	1.0
0.0	7.0	0.0
0.0	2.0	1.0
0.0	0.0	1.0
0.0	2.0	0.0
0.0	2.0	2.0
0.0	1.0	2.0
0.0	1.0	0.0
3.0	3.0	0.0
3.0	0.0	0.0
0.0	3.0	0.0
0.0	2.0	4.0
0.0	2.0	0.0
0.0	0.0	4.0
1.0	882.0	9.0
1.0	690.0	2.0
1.0	647.0	0.0
1.0	14.0	0.0
0.0	14.0	0.0
1.0	0.0	0.0
0.0	633.0	0.0
0.0	43.0	2.0
0.0	0.0	2.0
0.0	43.0	0.0
0.0	192.0	7.0
0.0	25.0	7.0
0.0	1.0	5.0
0.0	1.0	1.0
0.0	0.0	1.0
0.0	1.0	0.0
0.0	0.0	4.0
0.0	24.0	2.0
0.0	24.0	1.0
0.0	23.0	0.0
0.0	1.0	1.0
0.0	1.0	0.0
0.0	0.0	1.0
0.0	0.0	1.0
0.0	167.0	0.0
24.0	327.0	28.0
24.0	41.0	1.0
13.0	5.0	1.0
0.0	4.0	0.0
13.0	1.0	1.0
0.0	0.0	1.0
13.0	1.0	0.0
2.0	1.0	0.0
2.0	0.0	0.0
0.0	1.0	0.0
11.0	0.0	0.0
11.0	36.0	0.0
6.0	36.0	0.0
3.0	0.0	0.0
3.0	36.0	0.0
2.0	35.0	0.0
2.0	8.0	0.0
2.0	0.0	0.0
0.0	8.0	0.0
0.0	27.0	0.0
1.0	1.0	0.0
1.0	0.0	0.0
0.0	1.0	0.0
5.0	0.0	0.0
0.0	286.0	27.0
0.0	198.0	5.0
0.0	4.0	2.0
0.0	0.0	2.0
0.0	4.0	0.0
0.0	194.0	3.0
0.0	187.0	2.0
0.0	37.0	2.0
0.0	37.0	1.0
0.0	36.0	0.0
0.0	1.0	1.0
0.0	1.0	0.0
0.0	0.0	1.0
0.0	0.0	1.0
0.0	150.0	0.0
0.0	7.0	1.0
0.0	7.0	0.0
0.0	0.0	1.0
0.0	88.0	22.0
0.0	26.0	22.0
0.0	25.0	11.0
0.0	2.0	8.0
0.0	1.0	8.0
0.0	1.0	2.0
0.0	0.0	2.0
0.0	1.0	0.0
0.0	0.0	6.0
0.0	1.0	0.0
0.0	23.0	3.0
0.0	20.0	1.0
0.0	19.0	0.0
0.0	1.0	1.0
0.0	1.0	0.0
0.0	0.0	1.0
0.0	3.0	2.0
0.0	0.0	2.0
0.0	3.0	0.0
0.0	1.0	11.0
0.0	0.0	11.0
0.0	1.0	0.0
0.0	62.0	0.0
