# Sizes (NFeatures, Nclasses, NodeCount, MaxDepth)
10	3	125	13
# Classes
0.0	1.0	2.0
# Feature Names
Nrows	Ncols	Nnnz	AvgNnnz	Density	MaxRowNnnz	MinRowNnnz	StdRowNnnz	NDiags	NTrueDiags
# Left
1	2	3	-1	-1	6	7	-1	-1	-1	11	12	13	14	-1	16	17	-1	19	20	-1	-1	-1	-1	-1	26	27	28	29	-1	31	-1	-1	34	35	-1	-1	38	39	40	-1	-1	-1	44	-1	-1	47	48	-1	-1	-1	52	-1	54	-1	-1	57	58	59	60	-1	-1	63	64	-1	66	-1	68	69	-1	-1	-1	73	-1	-1	76	-1	78	79	80	81	82	-1	-1	85	86	87	-1	89	-1	-1	92	93	-1	-1	-1	97	-1	-1	-1	101	102	-1	104	105	106	-1	-1	109	-1	-1	112	113	-1	-1	-1	-1	118	-1	120	-1	-1	123	-1	-1
# Right
10	5	4	-1	-1	9	8	-1	-1	-1	56	25	24	15	-1	23	18	-1	22	21	-1	-1	-1	-1	-1	51	46	33	30	-1	32	-1	-1	37	36	-1	-1	43	42	41	-1	-1	-1	45	-1	-1	50	49	-1	-1	-1	53	-1	55	-1	-1	122	75	62	61	-1	-1	72	65	-1	67	-1	71	70	-1	-1	-1	74	-1	-1	77	-1	117	100	99	84	83	-1	-1	96	91	88	-1	90	-1	-1	95	94	-1	-1	-1	98	-1	-1	-1	116	103	-1	111	108	107	-1	-1	110	-1	-1	115	114	-1	-1	-1	-1	119	-1	121	-1	-1	124	-1	-1
# Threshold
2.4287800788879395	1.7165899872779846	0.03375774994492531	-2.0	-2.0	0.00032068550353869796	53.09890055656433	-2.0	-2.0	-2.0	0.5	5.0373148918151855	4.6523048877716064	4012.5	-2.0	0.0005317544855643064	70.0	-2.0	119712.0	0.5	-2.0	-2.0	-2.0	-2.0	-2.0	0.0748131014406681	27.5	3807.0	19.45170021057129	-2.0	197.5	-2.0	-2.0	5335.0	12.887350082397461	-2.0	-2.0	4.5	8598.0	0.5	-2.0	-2.0	-2.0	11.003999710083008	-2.0	-2.0	6.65301513671875	27720.0	-2.0	-2.0	-2.0	31.34035015106201	-2.0	575.0	-2.0	-2.0	93075900.0	4142.0	2.5648250579833984	2.5	-2.0	-2.0	5768020.0	0.036864399909973145	-2.0	0.03891110047698021	-2.0	1.5	8.381485223770142	-2.0	-2.0	-2.0	144147.0	-2.0	-2.0	2.8950899839401245	-2.0	1680.0	18.868050575256348	72.08940124511719	3.4103299379348755	11222.5	-2.0	-2.0	1174505.0	1.5	5.0	-2.0	100.5	-2.0	-2.0	1.3539449572563171	1.3397350311279297	-2.0	-2.0	-2.0	1368950.0	-2.0	-2.0	-2.0	16.0	21.767650604248047	-2.0	38.730899810791016	146.0	23342.0	-2.0	-2.0	72.46969985961914	-2.0	-2.0	3251505.0	41.62744903564453	-2.0	-2.0	-2.0	-2.0	348.76100158691406	-2.0	358.1630096435547	-2.0	-2.0	37.5	-2.0	-2.0
# Feature
3	3	4	-2	-2	4	7	-2	-2	-2	9	3	3	0	-2	4	5	-2	8	6	-2	-2	-2	-2	-2	4	6	8	7	-2	5	-2	-2	8	7	-2	-2	6	8	6	-2	-2	-2	3	-2	-2	7	2	-2	-2	-2	3	-2	0	-2	-2	2	8	3	9	-2	-2	2	4	-2	4	-2	9	7	-2	-2	-2	0	-2	-2	3	-2	5	7	3	3	8	-2	-2	8	9	6	-2	5	-2	-2	7	7	-2	-2	-2	8	-2	-2	-2	9	7	-2	7	5	1	-2	-2	3	-2	-2	2	7	-2	-2	-2	-2	7	-2	7	-2	-2	5	-2	-2
# Values
106.0	1474.0	57.0
47.0	21.0	0.0
31.0	1.0	0.0
31.0	0.0	0.0
0.0	1.0	0.0
16.0	20.0	0.0
16.0	7.0	0.0
16.0	0.0	0.0
0.0	7.0	0.0
0.0	13.0	0.0
59.0	1453.0	57.0
47.0	168.0	18.0
47.0	40.0	0.0
9.0	40.0	0.0
0.0	20.0	0.0
9.0	20.0	0.0
6.0	20.0	0.0
0.0	13.0	0.0
6.0	7.0	0.0
6.0	1.0	0.0
6.0	0.0	0.0
0.0	1.0	0.0
0.0	6.0	0.0
3.0	0.0	0.0
38.0	0.0	0.0
0.0	128.0	18.0
0.0	127.0	14.0
0.0	122.0	11.0
0.0	67.0	1.0
0.0	63.0	0.0
0.0	4.0	1.0
0.0	0.0	1.0
0.0	4.0	0.0
0.0	55.0	10.0
0.0	1.0	7.0
0.0	0.0	7.0
0.0	1.0	0.0
0.0	54.0	3.0
0.0	45.0	1.0
0.0	1.0	1.0
0.0	1.0	0.0
0.0	0.0	1.0
0.0	44.0	0.0
0.0	9.0	2.0
0.0	0.0	2.0
0.0	9.0	0.0
0.0	5.0	3.0
0.0	1.0	3.0
0.0	1.0	0.0
0.0	0.0	3.0
0.0	4.0	0.0
0.0	1.0	4.0
0.0	0.0	2.0
0.0	1.0	2.0
0.0	1.0	0.0
0.0	0.0	2.0
12.0	1285.0	39.0
12.0	1279.0	33.0
2.0	810.0	3.0
2.0	13.0	0.0
2.0	0.0	0.0
0.0	13.0	0.0
0.0	797.0	3.0
0.0	783.0	2.0
0.0	699.0	0.0
0.0	84.0	2.0
0.0	0.0	1.0
0.0	84.0	1.0
0.0	4.0	1.0
0.0	4.0	0.0
0.0	0.0	1.0
0.0	80.0	0.0
0.0	14.0	1.0
0.0	0.0	1.0
0.0	14.0	0.0
10.0	469.0	30.0
2.0	0.0	0.0
8.0	469.0	30.0
8.0	302.0	29.0
8.0	228.0	3.0
8.0	228.0	2.0
3.0	6.0	0.0
3.0	0.0	0.0
0.0	6.0	0.0
5.0	222.0	2.0
3.0	217.0	2.0
0.0	12.0	2.0
0.0	11.0	0.0
0.0	1.0	2.0
0.0	0.0	2.0
0.0	1.0	0.0
3.0	205.0	0.0
3.0	36.0	0.0
0.0	36.0	0.0
3.0	0.0	0.0
0.0	169.0	0.0
2.0	5.0	0.0
2.0	0.0	0.0
0.0	5.0	0.0
0.0	0.0	1.0
0.0	74.0	26.0
0.0	28.0	26.0
0.0	0.0	8.0
0.0	28.0	18.0
0.0	22.0	4.0
0.0	2.0	3.0
0.0	0.0	3.0
0.0	2.0	0.0
0.0	20.0	1.0
0.0	20.0	0.0
0.0	0.0	1.0
0.0	6.0	14.0
0.0	6.0	5.0
0.0	0.0	5.0
0.0	6.0	0.0
0.0	0.0	9.0
0.0	46.0	0.0
0.0	167.0	1.0
0.0	145.0	0.0
0.0	22.0	1.0
0.0	0.0	1.0
0.0	22.0	0.0
0.0	6.0	6.0
0.0	0.0	6.0
0.0	6.0	0.0
