# Sizes (NFeatures, Nclasses, NodeCount, MaxDepth)
10	3	125	12
# Classes
0.0	1.0	2.0
# Feature Names
Nrows	Ncols	Nnnz	AvgNnnz	Density	MaxRowNnnz	MinRowNnnz	StdRowNnnz	NDiags	NTrueDiags
# Left
1	2	3	-1	-1	6	7	-1	9	-1	-1	12	-1	-1	15	16	17	18	19	20	21	-1	23	-1	-1	-1	-1	-1	29	-1	-1	32	33	34	-1	36	37	-1	-1	40	-1	42	-1	44	-1	-1	47	-1	-1	50	51	52	-1	54	-1	56	-1	-1	59	-1	-1	62	-1	64	65	-1	67	-1	69	-1	-1	-1	73	74	75	76	-1	-1	79	80	-1	82	-1	-1	85	-1	-1	88	89	-1	91	-1	-1	94	-1	96	97	-1	-1	100	101	102	-1	104	105	-1	-1	-1	-1	110	-1	112	-1	-1	115	116	-1	118	119	-1	-1	122	-1	-1	-1
# Right
14	5	4	-1	-1	11	8	-1	10	-1	-1	13	-1	-1	72	31	28	27	26	25	22	-1	24	-1	-1	-1	-1	-1	30	-1	-1	49	46	35	-1	39	38	-1	-1	41	-1	43	-1	45	-1	-1	48	-1	-1	61	58	53	-1	55	-1	57	-1	-1	60	-1	-1	63	-1	71	66	-1	68	-1	70	-1	-1	-1	114	87	78	77	-1	-1	84	81	-1	83	-1	-1	86	-1	-1	93	90	-1	92	-1	-1	95	-1	99	98	-1	-1	109	108	103	-1	107	106	-1	-1	-1	-1	111	-1	113	-1	-1	124	117	-1	121	120	-1	-1	123	-1	-1	-1
# Threshold
2.429520010948181	1.1950550079345703	1.5	-2.0	-2.0	0.5	495.5	-2.0	1152769.5	-2.0	-2.0	2.1986700296401978	-2.0	-2.0	1.5	5.0578649044036865	4.712054967880249	0.000684065482346341	0.0005226219946052879	4.637784957885742	70.0	-2.0	81120.5	-2.0	-2.0	-2.0	-2.0	-2.0	0.5	-2.0	-2.0	24.452850341796875	0.03508614934980869	3807.0	-2.0	46599.5	25881.0	-2.0	-2.0	4.5	-2.0	40027.5	-2.0	28.5	-2.0	-2.0	2881.0	-2.0	-2.0	54.653799057006836	19.5	0.5	-2.0	142.0	-2.0	0.004889278410701081	-2.0	-2.0	46.0	-2.0	-2.0	0.0012000800343230367	-2.0	2.0	981318.5	-2.0	1445780.0	-2.0	21369000.0	-2.0	-2.0	-2.0	6063055.0	4114.0	2.546190023422241	2.5	-2.0	-2.0	0.10116260126233101	2809.5	-2.0	2829.5	-2.0	-2.0	2.5	-2.0	-2.0	1.585034966468811	1.3392249941825867	-2.0	6144.0	-2.0	-2.0	4152.0	-2.0	4201.5	339306.0	-2.0	-2.0	9520.0	9207.5	5.048654913902283	-2.0	0.001405494986101985	7.394964933395386	-2.0	-2.0	-2.0	-2.0	23.5	-2.0	8.0	-2.0	-2.0	14.0	35.468000411987305	-2.0	15.721250057220459	3.653109979495639e-05	-2.0	-2.0	1982.5	-2.0	-2.0	-2.0
# Feature
3	7	6	-2	-2	6	1	-2	8	-2	-2	3	-2	-2	9	3	3	4	4	3	5	-2	2	-2	-2	-2	-2	-2	9	-2	-2	3	4	8	-2	2	2	-2	-2	6	-2	0	-2	5	-2	-2	2	-2	-2	7	6	6	-2	5	-2	4	-2	-2	6	-2	-2	4	-2	6	2	-2	2	-2	2	-2	-2	-2	2	8	3	9	-2	-2	4	8	-2	8	-2	-2	9	-2	-2	7	7	-2	0	-2	-2	8	-2	8	2	-2	-2	1	0	3	-2	4	3	-2	-2	-2	-2	6	-2	9	-2	-2	9	3	-2	7	4	-2	-2	5	-2	-2	-2
# Values
112.0	1461.0	64.0
46.0	18.0	0.0
35.0	2.0	0.0
35.0	0.0	0.0
0.0	2.0	0.0
11.0	16.0	0.0
10.0	4.0	0.0
0.0	3.0	0.0
10.0	1.0	0.0
10.0	0.0	0.0
0.0	1.0	0.0
1.0	12.0	0.0
0.0	12.0	0.0
1.0	0.0	0.0
66.0	1443.0	64.0
55.0	268.0	37.0
55.0	68.0	0.0
6.0	61.0	0.0
6.0	23.0	0.0
4.0	23.0	0.0
3.0	23.0	0.0
0.0	17.0	0.0
3.0	6.0	0.0
3.0	0.0	0.0
0.0	6.0	0.0
1.0	0.0	0.0
2.0	0.0	0.0
0.0	38.0	0.0
49.0	7.0	0.0
49.0	0.0	0.0
0.0	7.0	0.0
0.0	200.0	37.0
0.0	169.0	15.0
0.0	167.0	12.0
0.0	82.0	0.0
0.0	85.0	12.0
0.0	5.0	8.0
0.0	5.0	0.0
0.0	0.0	8.0
0.0	80.0	4.0
0.0	76.0	0.0
0.0	4.0	4.0
0.0	3.0	0.0
0.0	1.0	4.0
0.0	1.0	0.0
0.0	0.0	4.0
0.0	2.0	3.0
0.0	2.0	0.0
0.0	0.0	3.0
0.0	31.0	22.0
0.0	9.0	17.0
0.0	2.0	16.0
0.0	1.0	0.0
0.0	1.0	16.0
0.0	0.0	14.0
0.0	1.0	2.0
0.0	1.0	0.0
0.0	0.0	2.0
0.0	7.0	1.0
0.0	7.0	0.0
0.0	0.0	1.0
0.0	22.0	5.0
0.0	0.0	2.0
0.0	22.0	3.0
0.0	6.0	3.0
0.0	3.0	0.0
0.0	3.0	3.0
0.0	0.0	2.0
0.0	3.0	1.0
0.0	3.0	0.0
0.0	0.0	1.0
0.0	16.0	0.0
11.0	1175.0	27.0
11.0	1059.0	10.0
1.0	751.0	2.0
1.0	11.0	0.0
1.0	0.0	0.0
0.0	11.0	0.0
0.0	740.0	2.0
0.0	712.0	1.0
0.0	604.0	0.0
0.0	108.0	1.0
0.0	0.0	1.0
0.0	108.0	0.0
0.0	28.0	1.0
0.0	0.0	1.0
0.0	28.0	0.0
10.0	308.0	8.0
9.0	12.0	0.0
0.0	11.0	0.0
9.0	1.0	0.0
0.0	1.0	0.0
9.0	0.0	0.0
1.0	296.0	8.0
0.0	0.0	2.0
1.0	296.0	6.0
0.0	5.0	2.0
0.0	0.0	2.0
0.0	5.0	0.0
1.0	291.0	4.0
1.0	33.0	3.0
1.0	33.0	1.0
1.0	0.0	0.0
0.0	33.0	1.0
0.0	5.0	1.0
0.0	5.0	0.0
0.0	0.0	1.0
0.0	28.0	0.0
0.0	0.0	2.0
0.0	258.0	1.0
0.0	248.0	0.0
0.0	10.0	1.0
0.0	0.0	1.0
0.0	10.0	0.0
0.0	116.0	17.0
0.0	41.0	17.0
0.0	30.0	0.0
0.0	11.0	17.0
0.0	9.0	2.0
0.0	0.0	2.0
0.0	9.0	0.0
0.0	2.0	15.0
0.0	0.0	15.0
0.0	2.0	0.0
0.0	75.0	0.0
