# Sizes (NFeatures, Nclasses, NodeCount, MaxDepth)
14	4	181	11
# Classes
0.0	1.0	2.0	3.0
# Feature Names
Nrows	Ncols	Nnnz	AvgNnnz	Density	MaxRowNnnz	MinRowNnnz	StdRowNnnz	NDiags	NTrueDiags	AvgNnnzDia	AvgNnnzELL	AvgNnnzHyb	AvgNnnzHdc
# Left
1	2	3	4	-1	-1	7	8	-1	-1	11	12	-1	-1	15	-1	-1	18	19	-1	21	-1	23	-1	-1	26	27	28	-1	-1	-1	-1	33	34	35	36	37	-1	39	-1	-1	-1	43	-1	45	46	-1	-1	-1	50	51	52	53	54	55	56	57	-1	-1	60	-1	-1	-1	-1	65	66	-1	68	-1	-1	71	-1	-1	74	75	-1	-1	-1	-1	80	81	82	83	84	-1	-1	87	-1	-1	90	-1	92	-1	94	95	-1	-1	-1	99	-1	101	-1	-1	104	105	106	107	108	109	-1	-1	-1	113	114	-1	-1	117	-1	-1	120	121	122	-1	-1	125	-1	-1	128	129	-1	-1	132	-1	-1	135	136	137	-1	-1	-1	141	142	143	-1	-1	146	-1	-1	149	150	-1	-1	-1	154	155	156	157	158	-1	-1	161	-1	-1	164	165	-1	-1	168	-1	-1	-1	172	-1	-1	175	176	-1	178	-1	-1	-1
# Right
32	17	6	5	-1	-1	10	9	-1	-1	14	13	-1	-1	16	-1	-1	25	20	-1	22	-1	24	-1	-1	31	30	29	-1	-1	-1	-1	174	49	42	41	38	-1	40	-1	-1	-1	44	-1	48	47	-1	-1	-1	79	78	73	64	63	62	59	58	-1	-1	61	-1	-1	-1	-1	70	67	-1	69	-1	-1	72	-1	-1	77	76	-1	-1	-1	-1	103	98	89	86	85	-1	-1	88	-1	-1	91	-1	93	-1	97	96	-1	-1	-1	100	-1	102	-1	-1	153	134	119	112	111	110	-1	-1	-1	116	115	-1	-1	118	-1	-1	127	124	123	-1	-1	126	-1	-1	131	130	-1	-1	133	-1	-1	140	139	138	-1	-1	-1	148	145	144	-1	-1	147	-1	-1	152	151	-1	-1	-1	171	170	163	160	159	-1	-1	162	-1	-1	167	166	-1	-1	169	-1	-1	-1	173	-1	-1	180	177	-1	179	-1	-1	-1
# Threshold
5.692934989929199	12.0	4.5	0.34523800015449524	-2.0	-2.0	6.5	4.0	-2.0	-2.0	0.4877754896879196	3.5	-2.0	-2.0	0.4464219957590103	-2.0	-2.0	0.6758320033550262	0.5854040086269379	-2.0	0.46768049895763397	-2.0	4.424950634529523e-05	-2.0	-2.0	196.0	137.5	5.586290121078491	-2.0	-2.0	-2.0	-2.0	0.7408639788627625	2.4603549718449358e-05	2.5	3.71804999304004e-05	65.34225082397461	-2.0	16013905.0	-2.0	-2.0	-2.0	2541475.0	-2.0	1.4081699848175049	0.004579919972456992	-2.0	-2.0	-2.0	6.810739994049072	12.352100372314453	2.5	1291.5	420.5	1.3952400088310242	0.15998050570487976	0.3385874927043915	-2.0	-2.0	4.0	-2.0	-2.0	-2.0	-2.0	3.527649998664856	31796.5	-2.0	1.2923800349235535	-2.0	-2.0	6.418105125427246	-2.0	-2.0	0.2731045037508011	0.5	-2.0	-2.0	-2.0	-2.0	0.3382660001516342	11.5	6.5	0.31983549892902374	13.263800144195557	-2.0	-2.0	387747.5	-2.0	-2.0	1302.0	-2.0	33.86409950256348	-2.0	0.0099141551181674	0.3278355002403259	-2.0	-2.0	-2.0	15.5	-2.0	43.5	-2.0	-2.0	20.16784954071045	4.5	0.5005435049533844	0.5	0.0004235554952174425	0.4157149940729141	-2.0	-2.0	-2.0	8.715139865875244	8.690010070800781	-2.0	-2.0	0.0008756069873925298	-2.0	-2.0	0.3599244952201843	1.5	55076.5	-2.0	-2.0	2.5	-2.0	-2.0	24.5	4.5	-2.0	-2.0	4.196600059458433e-06	-2.0	-2.0	0.36090950667858124	439.5	3.5	-2.0	-2.0	-2.0	192.0	0.42687050998210907	152.0	-2.0	-2.0	0.49691349267959595	-2.0	-2.0	1.6815950274467468	0.4131474941968918	-2.0	-2.0	-2.0	13.5	88.08095169067383	1.0488550066947937	0.932929515838623	4933.0	-2.0	-2.0	0.345507487654686	-2.0	-2.0	29.5	200489.5	-2.0	-2.0	1562.0	-2.0	-2.0	-2.0	39794.5	-2.0	-2.0	5.145295143127441	27345.5	-2.0	59697.5	-2.0	-2.0	-2.0
# Feature
3	8	5	13	-2	-2	8	9	-2	-2	13	6	-2	-2	10	-2	-2	12	12	-2	13	-2	10	-2	-2	0	0	3	-2	-2	-2	-2	10	10	9	4	7	-2	2	-2	-2	-2	2	-2	12	11	-2	-2	-2	3	7	6	8	8	12	11	13	-2	-2	9	-2	-2	-2	-2	7	2	-2	12	-2	-2	3	-2	-2	4	9	-2	-2	-2	-2	13	9	6	13	7	-2	-2	1	-2	-2	8	-2	7	-2	4	13	-2	-2	-2	6	-2	5	-2	-2	3	9	13	6	4	13	-2	-2	-2	3	3	-2	-2	11	-2	-2	11	6	2	-2	-2	9	-2	-2	5	6	-2	-2	4	-2	-2	13	0	6	-2	-2	-2	8	13	8	-2	-2	11	-2	-2	12	13	-2	-2	-2	9	7	12	12	0	-2	-2	11	-2	-2	6	0	-2	-2	8	-2	-2	-2	5	-2	-2	7	1	-2	0	-2	-2	-2
# Values
472.0	736.0	44.0	263.0
426.0	8.0	18.0	9.0
50.0	1.0	18.0	8.0
36.0	0.0	1.0	0.0
2.0	0.0	1.0	0.0
34.0	0.0	0.0	0.0
14.0	1.0	17.0	8.0
1.0	0.0	14.0	0.0
1.0	0.0	0.0	0.0
0.0	0.0	14.0	0.0
13.0	1.0	3.0	8.0
12.0	1.0	3.0	0.0
12.0	0.0	0.0	0.0
0.0	1.0	3.0	0.0
1.0	0.0	0.0	8.0
1.0	0.0	0.0	2.0
0.0	0.0	0.0	6.0
376.0	7.0	0.0	1.0
31.0	4.0	0.0	1.0
27.0	0.0	0.0	0.0
4.0	4.0	0.0	1.0
3.0	0.0	0.0	1.0
1.0	4.0	0.0	0.0
1.0	0.0	0.0	0.0
0.0	4.0	0.0	0.0
345.0	3.0	0.0	0.0
38.0	3.0	0.0	0.0
37.0	1.0	0.0	0.0
37.0	0.0	0.0	0.0
0.0	1.0	0.0	0.0
1.0	2.0	0.0	0.0
307.0	0.0	0.0	0.0
46.0	728.0	26.0	254.0
46.0	726.0	0.0	254.0
17.0	18.0	0.0	3.0
13.0	4.0	0.0	2.0
13.0	2.0	0.0	2.0
12.0	0.0	0.0	0.0
1.0	2.0	0.0	2.0
1.0	0.0	0.0	2.0
0.0	2.0	0.0	0.0
0.0	2.0	0.0	0.0
4.0	14.0	0.0	1.0
2.0	1.0	0.0	1.0
2.0	13.0	0.0	0.0
2.0	5.0	0.0	0.0
0.0	5.0	0.0	0.0
2.0	0.0	0.0	0.0
0.0	8.0	0.0	0.0
29.0	708.0	0.0	251.0
22.0	144.0	0.0	10.0
22.0	70.0	0.0	10.0
21.0	37.0	0.0	9.0
8.0	33.0	0.0	5.0
8.0	15.0	0.0	5.0
8.0	6.0	0.0	5.0
0.0	4.0	0.0	2.0
0.0	2.0	0.0	0.0
0.0	2.0	0.0	2.0
8.0	2.0	0.0	3.0
2.0	0.0	0.0	3.0
6.0	2.0	0.0	0.0
0.0	9.0	0.0	0.0
0.0	18.0	0.0	0.0
13.0	4.0	0.0	4.0
1.0	4.0	0.0	2.0
1.0	0.0	0.0	0.0
0.0	4.0	0.0	2.0
0.0	1.0	0.0	2.0
0.0	3.0	0.0	0.0
12.0	0.0	0.0	2.0
12.0	0.0	0.0	0.0
0.0	0.0	0.0	2.0
1.0	33.0	0.0	1.0
0.0	33.0	0.0	1.0
0.0	1.0	0.0	1.0
0.0	32.0	0.0	0.0
1.0	0.0	0.0	0.0
0.0	74.0	0.0	0.0
7.0	564.0	0.0	241.0
3.0	202.0	0.0	10.0
3.0	60.0	0.0	9.0
3.0	41.0	0.0	1.0
3.0	11.0	0.0	0.0
3.0	1.0	0.0	0.0
0.0	10.0	0.0	0.0
0.0	30.0	0.0	1.0
0.0	28.0	0.0	0.0
0.0	2.0	0.0	1.0
0.0	19.0	0.0	8.0
0.0	0.0	0.0	3.0
0.0	19.0	0.0	5.0
0.0	11.0	0.0	0.0
0.0	8.0	0.0	5.0
0.0	1.0	0.0	5.0
0.0	1.0	0.0	0.0
0.0	0.0	0.0	5.0
0.0	7.0	0.0	0.0
0.0	142.0	0.0	1.0
0.0	124.0	0.0	0.0
0.0	18.0	0.0	1.0
0.0	0.0	0.0	1.0
0.0	18.0	0.0	0.0
4.0	362.0	0.0	231.0
4.0	143.0	0.0	185.0
2.0	53.0	0.0	157.0
2.0	23.0	0.0	126.0
2.0	7.0	0.0	1.0
2.0	2.0	0.0	1.0
2.0	0.0	0.0	1.0
0.0	2.0	0.0	0.0
0.0	5.0	0.0	0.0
0.0	16.0	0.0	125.0
0.0	13.0	0.0	28.0
0.0	11.0	0.0	28.0
0.0	2.0	0.0	0.0
0.0	3.0	0.0	97.0
0.0	1.0	0.0	0.0
0.0	2.0	0.0	97.0
0.0	30.0	0.0	31.0
0.0	10.0	0.0	25.0
0.0	9.0	0.0	6.0
0.0	1.0	0.0	4.0
0.0	8.0	0.0	2.0
0.0	1.0	0.0	19.0
0.0	0.0	0.0	18.0
0.0	1.0	0.0	1.0
0.0	20.0	0.0	6.0
0.0	4.0	0.0	5.0
0.0	4.0	0.0	1.0
0.0	0.0	0.0	4.0
0.0	16.0	0.0	1.0
0.0	0.0	0.0	1.0
0.0	16.0	0.0	0.0
2.0	90.0	0.0	28.0
0.0	29.0	0.0	1.0
0.0	5.0	0.0	1.0
0.0	5.0	0.0	0.0
0.0	0.0	0.0	1.0
0.0	24.0	0.0	0.0
2.0	61.0	0.0	27.0
2.0	16.0	0.0	13.0
1.0	12.0	0.0	0.0
0.0	12.0	0.0	0.0
1.0	0.0	0.0	0.0
1.0	4.0	0.0	13.0
1.0	4.0	0.0	0.0
0.0	0.0	0.0	13.0
0.0	45.0	0.0	14.0
0.0	27.0	0.0	14.0
0.0	7.0	0.0	10.0
0.0	20.0	0.0	4.0
0.0	18.0	0.0	0.0
0.0	219.0	0.0	46.0
0.0	46.0	0.0	45.0
0.0	46.0	0.0	35.0
0.0	7.0	0.0	18.0
0.0	6.0	0.0	4.0
0.0	3.0	0.0	0.0
0.0	3.0	0.0	4.0
0.0	1.0	0.0	14.0
0.0	0.0	0.0	14.0
0.0	1.0	0.0	0.0
0.0	39.0	0.0	17.0
0.0	38.0	0.0	12.0
0.0	32.0	0.0	6.0
0.0	6.0	0.0	6.0
0.0	1.0	0.0	5.0
0.0	0.0	0.0	4.0
0.0	1.0	0.0	1.0
0.0	0.0	0.0	10.0
0.0	173.0	0.0	1.0
0.0	173.0	0.0	0.0
0.0	0.0	0.0	1.0
0.0	2.0	26.0	0.0
0.0	1.0	26.0	0.0
0.0	0.0	21.0	0.0
0.0	1.0	5.0	0.0
0.0	1.0	0.0	0.0
0.0	0.0	5.0	0.0
0.0	1.0	0.0	0.0
