# Sizes (NFeatures, Nclasses, NodeCount, MaxDepth)
14	4	185	11
# Classes
0.0	1.0	2.0	3.0
# Feature Names
Nrows	Ncols	Nnnz	AvgNnnz	Density	MaxRowNnnz	MinRowNnnz	StdRowNnnz	NDiags	NTrueDiags	AvgNnnzDia	AvgNnnzELL	AvgNnnzHyb	AvgNnnzHdc
# Left
1	2	3	4	5	-1	-1	8	9	-1	-1	-1	13	-1	15	-1	-1	18	19	-1	-1	22	23	24	-1	-1	27	-1	-1	30	31	32	-1	-1	-1	-1	37	38	39	40	41	42	-1	44	45	-1	47	48	-1	-1	-1	-1	53	-1	-1	56	-1	-1	59	-1	61	-1	-1	64	65	66	-1	68	-1	-1	71	72	-1	-1	75	-1	77	-1	-1	80	81	82	-1	-1	85	-1	87	-1	-1	90	91	92	93	-1	95	96	-1	-1	99	-1	-1	102	103	104	-1	-1	-1	108	-1	110	-1	-1	113	114	115	116	-1	-1	-1	120	121	-1	-1	124	-1	-1	127	-1	129	130	-1	-1	133	-1	-1	136	137	138	-1	-1	141	142	-1	-1	145	146	-1	-1	149	-1	-1	152	153	154	-1	156	-1	-1	-1	160	161	162	-1	-1	165	-1	-1	168	-1	-1	171	172	173	174	175	-1	-1	-1	-1	180	181	-1	-1	-1	-1
# Right
36	17	12	7	6	-1	-1	11	10	-1	-1	-1	14	-1	16	-1	-1	21	20	-1	-1	29	26	25	-1	-1	28	-1	-1	35	34	33	-1	-1	-1	-1	170	63	58	55	52	43	-1	51	46	-1	50	49	-1	-1	-1	-1	54	-1	-1	57	-1	-1	60	-1	62	-1	-1	79	70	67	-1	69	-1	-1	74	73	-1	-1	76	-1	78	-1	-1	89	84	83	-1	-1	86	-1	88	-1	-1	135	112	101	94	-1	98	97	-1	-1	100	-1	-1	107	106	105	-1	-1	-1	109	-1	111	-1	-1	126	119	118	117	-1	-1	-1	123	122	-1	-1	125	-1	-1	128	-1	132	131	-1	-1	134	-1	-1	151	140	139	-1	-1	144	143	-1	-1	148	147	-1	-1	150	-1	-1	159	158	155	-1	157	-1	-1	-1	167	164	163	-1	-1	166	-1	-1	169	-1	-1	184	179	178	177	176	-1	-1	-1	-1	183	182	-1	-1	-1	-1
# Threshold
5.692934989929199	0.39378149807453156	0.5	10.452189922332764	5.592410087585449	-2.0	-2.0	0.002607970032840967	0.5998204946517944	-2.0	-2.0	-2.0	0.028075099922716618	-2.0	616.0	-2.0	-2.0	4.5	34.0	-2.0	-2.0	0.6553970277309418	6.0	0.6138309836387634	-2.0	-2.0	4.0	-2.0	-2.0	529999.5	0.41227999329566956	0.677711009979248	-2.0	-2.0	-2.0	-2.0	13.5	0.3375675082206726	518.5	33.86409950256348	6.5	0.00011675329733407125	-2.0	0.3203110098838806	4.5	-2.0	102.5	0.7688080072402954	-2.0	-2.0	-2.0	-2.0	685.5	-2.0	-2.0	1.1525599956512451	-2.0	-2.0	163839.5	-2.0	2.0	-2.0	-2.0	9.5	10.0	7.302335023880005	-2.0	20997.0	-2.0	-2.0	32454.5	1.2817449569702148	-2.0	-2.0	0.71076700091362	-2.0	1.5	-2.0	-2.0	2.7783699806605e-05	0.6465650200843811	1.0522029697312973e-05	-2.0	-2.0	2.5	-2.0	0.8942560255527496	-2.0	-2.0	8.137115001678467	3.5	6.517455101013184	0.11386379972100258	-2.0	0.005106559954583645	0.0004351235111244023	-2.0	-2.0	1.3952400088310242	-2.0	-2.0	2714.0	0.3107929974794388	118.5	-2.0	-2.0	-2.0	3439.5	-2.0	6.580865010619164e-05	-2.0	-2.0	6.0	23.50434970855713	1.6010550260543823	2.5	-2.0	-2.0	-2.0	29.5	0.9265829920768738	-2.0	-2.0	1562.0	-2.0	-2.0	1.3959800004959106	-2.0	0.041470300406217575	28.562700271606445	-2.0	-2.0	0.4081310033798218	-2.0	-2.0	1.5	7.718525171279907	1040.0	-2.0	-2.0	0.00029112699849065393	0.01657865010201931	-2.0	-2.0	0.00044056899787392467	45120.5	-2.0	-2.0	0.000611113995546475	-2.0	-2.0	17.290250778198242	0.38847050070762634	0.5	-2.0	6.472684860229492	-2.0	-2.0	-2.0	58.537099838256836	12.0	11540650.0	-2.0	-2.0	2905.0	-2.0	-2.0	0.006928985007107258	-2.0	-2.0	0.7582649886608124	29.0	13.5	45461402.0	1.2967100143432617	-2.0	-2.0	-2.0	-2.0	0.7417939901351929	3209960.0	-2.0	-2.0	-2.0	-2.0
# Feature
3	10	6	7	3	-2	-2	11	12	-2	-2	-2	4	-2	2	-2	-2	5	0	-2	-2	10	9	11	-2	-2	6	-2	-2	0	13	10	-2	-2	-2	-2	9	13	5	7	6	4	-2	13	9	-2	8	11	-2	-2	-2	-2	0	-2	-2	12	-2	-2	1	-2	6	-2	-2	5	8	3	-2	1	-2	-2	2	7	-2	-2	7	-2	6	-2	-2	10	12	10	-2	-2	9	-2	12	-2	-2	7	6	3	11	-2	4	4	-2	-2	12	-2	-2	1	10	8	-2	-2	-2	0	-2	10	-2	-2	9	3	12	9	-2	-2	-2	6	13	-2	-2	8	-2	-2	12	-2	10	3	-2	-2	13	-2	-2	6	3	0	-2	-2	4	11	-2	-2	4	8	-2	-2	4	-2	-2	3	13	9	-2	3	-2	-2	-2	7	9	2	-2	-2	1	-2	-2	11	-2	-2	10	5	6	2	12	-2	-2	-2	-2	12	2	-2	-2	-2	-2
# Values
472.0	736.0	44.0	263.0
426.0	8.0	18.0	9.0
383.0	7.0	0.0	1.0
60.0	5.0	0.0	1.0
56.0	1.0	0.0	0.0
55.0	0.0	0.0	0.0
1.0	1.0	0.0	0.0
4.0	4.0	0.0	1.0
4.0	0.0	0.0	1.0
4.0	0.0	0.0	0.0
0.0	0.0	0.0	1.0
0.0	4.0	0.0	0.0
323.0	2.0	0.0	0.0
297.0	0.0	0.0	0.0
26.0	2.0	0.0	0.0
26.0	0.0	0.0	0.0
0.0	2.0	0.0	0.0
43.0	1.0	18.0	8.0
32.0	0.0	1.0	0.0
0.0	0.0	1.0	0.0
32.0	0.0	0.0	0.0
11.0	1.0	17.0	8.0
10.0	1.0	0.0	7.0
2.0	0.0	0.0	7.0
2.0	0.0	0.0	1.0
0.0	0.0	0.0	6.0
8.0	1.0	0.0	0.0
8.0	0.0	0.0	0.0
0.0	1.0	0.0	0.0
1.0	0.0	17.0	1.0
1.0	0.0	17.0	0.0
1.0	0.0	4.0	0.0
0.0	0.0	4.0	0.0
1.0	0.0	0.0	0.0
0.0	0.0	13.0	0.0
0.0	0.0	0.0	1.0
46.0	728.0	26.0	254.0
46.0	397.0	23.0	249.0
9.0	145.0	0.0	9.0
9.0	48.0	0.0	7.0
9.0	46.0	0.0	3.0
9.0	37.0	0.0	0.0
3.0	0.0	0.0	0.0
6.0	37.0	0.0	0.0
6.0	12.0	0.0	0.0
3.0	0.0	0.0	0.0
3.0	12.0	0.0	0.0
3.0	4.0	0.0	0.0
3.0	1.0	0.0	0.0
0.0	3.0	0.0	0.0
0.0	8.0	0.0	0.0
0.0	25.0	0.0	0.0
0.0	9.0	0.0	3.0
0.0	0.0	0.0	3.0
0.0	9.0	0.0	0.0
0.0	2.0	0.0	4.0
0.0	2.0	0.0	0.0
0.0	0.0	0.0	4.0
0.0	97.0	0.0	2.0
0.0	89.0	0.0	0.0
0.0	8.0	0.0	2.0
0.0	7.0	0.0	0.0
0.0	1.0	0.0	2.0
37.0	252.0	23.0	240.0
0.0	32.0	22.0	7.0
0.0	1.0	22.0	0.0
0.0	0.0	17.0	0.0
0.0	1.0	5.0	0.0
0.0	0.0	5.0	0.0
0.0	1.0	0.0	0.0
0.0	31.0	0.0	7.0
0.0	22.0	0.0	2.0
0.0	20.0	0.0	0.0
0.0	2.0	0.0	2.0
0.0	9.0	0.0	5.0
0.0	8.0	0.0	0.0
0.0	1.0	0.0	5.0
0.0	1.0	0.0	0.0
0.0	0.0	0.0	5.0
37.0	220.0	1.0	233.0
15.0	10.0	0.0	3.0
1.0	2.0	0.0	3.0
0.0	2.0	0.0	0.0
1.0	0.0	0.0	3.0
14.0	8.0	0.0	0.0
12.0	0.0	0.0	0.0
2.0	8.0	0.0	0.0
2.0	0.0	0.0	0.0
0.0	8.0	0.0	0.0
22.0	210.0	1.0	230.0
20.0	123.0	1.0	77.0
19.0	89.0	0.0	18.0
16.0	27.0	0.0	3.0
8.0	0.0	0.0	0.0
8.0	27.0	0.0	3.0
3.0	23.0	0.0	0.0
0.0	13.0	0.0	0.0
3.0	10.0	0.0	0.0
5.0	4.0	0.0	3.0
5.0	1.0	0.0	3.0
0.0	3.0	0.0	0.0
3.0	62.0	0.0	15.0
1.0	28.0	0.0	1.0
1.0	28.0	0.0	0.0
1.0	7.0	0.0	0.0
0.0	21.0	0.0	0.0
0.0	0.0	0.0	1.0
2.0	34.0	0.0	14.0
1.0	0.0	0.0	2.0
1.0	34.0	0.0	12.0
1.0	1.0	0.0	2.0
0.0	33.0	0.0	10.0
1.0	34.0	1.0	59.0
0.0	12.0	0.0	46.0
0.0	6.0	0.0	40.0
0.0	6.0	0.0	16.0
0.0	1.0	0.0	11.0
0.0	5.0	0.0	5.0
0.0	0.0	0.0	24.0
0.0	6.0	0.0	6.0
0.0	5.0	0.0	1.0
0.0	4.0	0.0	0.0
0.0	1.0	0.0	1.0
0.0	1.0	0.0	5.0
0.0	0.0	0.0	4.0
0.0	1.0	0.0	1.0
1.0	22.0	1.0	13.0
0.0	0.0	0.0	5.0
1.0	22.0	1.0	8.0
0.0	20.0	0.0	3.0
0.0	18.0	0.0	0.0
0.0	2.0	0.0	3.0
1.0	2.0	1.0	5.0
1.0	2.0	0.0	0.0
0.0	0.0	1.0	5.0
2.0	87.0	0.0	153.0
2.0	53.0	0.0	37.0
1.0	24.0	0.0	0.0
1.0	2.0	0.0	0.0
0.0	22.0	0.0	0.0
1.0	29.0	0.0	37.0
0.0	10.0	0.0	1.0
0.0	8.0	0.0	0.0
0.0	2.0	0.0	1.0
1.0	19.0	0.0	36.0
1.0	0.0	0.0	6.0
0.0	0.0	0.0	5.0
1.0	0.0	0.0	1.0
0.0	19.0	0.0	30.0
0.0	4.0	0.0	0.0
0.0	15.0	0.0	30.0
0.0	34.0	0.0	116.0
0.0	8.0	0.0	92.0
0.0	8.0	0.0	20.0
0.0	0.0	0.0	18.0
0.0	8.0	0.0	2.0
0.0	2.0	0.0	2.0
0.0	6.0	0.0	0.0
0.0	0.0	0.0	72.0
0.0	26.0	0.0	24.0
0.0	25.0	0.0	10.0
0.0	24.0	0.0	6.0
0.0	24.0	0.0	2.0
0.0	0.0	0.0	4.0
0.0	1.0	0.0	4.0
0.0	1.0	0.0	0.0
0.0	0.0	0.0	4.0
0.0	1.0	0.0	14.0
0.0	1.0	0.0	0.0
0.0	0.0	0.0	14.0
0.0	331.0	3.0	5.0
0.0	330.0	0.0	5.0
0.0	38.0	0.0	4.0
0.0	38.0	0.0	2.0
0.0	38.0	0.0	1.0
0.0	2.0	0.0	1.0
0.0	36.0	0.0	0.0
0.0	0.0	0.0	1.0
0.0	0.0	0.0	2.0
0.0	292.0	0.0	1.0
0.0	30.0	0.0	1.0
0.0	30.0	0.0	0.0
0.0	0.0	0.0	1.0
0.0	262.0	0.0	0.0
0.0	1.0	3.0	0.0
