# Sizes (NFeatures, Nclasses, NodeCount, MaxDepth)
10	5	195	14
# Classes
0.0	1.0	2.0	3.0	4.0
# Feature Names
Nrows	Ncols	Nnnz	AvgNnnz	Density	MaxRowNnnz	MinRowNnnz	StdRowNnnz	NDiags	NTrueDiags
# Left
1	2	3	4	5	-1	-1	-1	9	10	11	12	13	14	-1	-1	-1	-1	-1	20	21	22	23	-1	-1	-1	-1	28	29	30	31	-1	-1	34	35	-1	37	-1	39	-1	-1	-1	43	-1	-1	46	-1	48	-1	50	51	-1	-1	-1	55	56	-1	-1	-1	60	61	62	63	-1	65	-1	-1	68	-1	70	71	72	73	-1	75	-1	-1	-1	79	80	81	-1	83	-1	85	86	-1	-1	-1	90	-1	-1	93	-1	95	-1	-1	-1	99	100	-1	102	-1	-1	105	106	107	-1	109	-1	111	-1	113	114	-1	-1	-1	118	-1	120	-1	-1	123	-1	125	-1	127	-1	-1	130	131	132	133	-1	-1	-1	-1	138	-1	140	141	-1	-1	-1	145	146	147	-1	-1	150	-1	-1	153	154	155	-1	157	158	-1	160	-1	-1	163	-1	-1	166	167	-1	-1	170	171	172	-1	174	-1	176	-1	178	-1	-1	-1	182	183	-1	-1	-1	187	188	189	-1	-1	-1	193	-1	-1
# Right
144	59	8	7	6	-1	-1	-1	54	19	18	17	16	15	-1	-1	-1	-1	-1	27	26	25	24	-1	-1	-1	-1	45	42	33	32	-1	-1	41	36	-1	38	-1	40	-1	-1	-1	44	-1	-1	47	-1	49	-1	53	52	-1	-1	-1	58	57	-1	-1	-1	129	98	67	64	-1	66	-1	-1	69	-1	97	78	77	74	-1	76	-1	-1	-1	92	89	82	-1	84	-1	88	87	-1	-1	-1	91	-1	-1	94	-1	96	-1	-1	-1	104	101	-1	103	-1	-1	122	117	108	-1	110	-1	112	-1	116	115	-1	-1	-1	119	-1	121	-1	-1	124	-1	126	-1	128	-1	-1	137	136	135	134	-1	-1	-1	-1	139	-1	143	142	-1	-1	-1	152	149	148	-1	-1	151	-1	-1	186	165	156	-1	162	159	-1	161	-1	-1	164	-1	-1	169	168	-1	-1	181	180	173	-1	175	-1	177	-1	179	-1	-1	-1	185	184	-1	-1	-1	192	191	190	-1	-1	-1	194	-1	-1
# Threshold
1353.5	7150.0	31.0	4.613524913787842	3.454545021057129	-2.0	-2.0	-2.0	5680210.0	6.5	680.5	4.34975004196167	125.0	89.0	-2.0	-2.0	-2.0	-2.0	-2.0	18.0	0.039165349677205086	481.0	0.02037035021930933	-2.0	-2.0	-2.0	-2.0	23541.0	4928.0	28.0	1.1844550371170044	-2.0	-2.0	1.5	0.5	-2.0	1721.0	-2.0	2261.0	-2.0	-2.0	-2.0	4998.0	-2.0	-2.0	24183.0	-2.0	75.5	-2.0	459097.0	6.887035131454468	-2.0	-2.0	-2.0	54.5	37.5	-2.0	-2.0	-2.0	420.0	4.9671549797058105	24.5	4018810.0	-2.0	8.235564905589854e-07	-2.0	-2.0	38.5	-2.0	329207504.0	2.9272650480270386	385857.0	1165600.0	-2.0	60.5	-2.0	-2.0	-2.0	4.930525064468384	29504.0	8.118799814837985e-05	-2.0	53.0	-2.0	7107.0	5.896314859390259	-2.0	-2.0	-2.0	386734.0	-2.0	-2.0	16564.0	-2.0	283926.0	-2.0	-2.0	-2.0	7884.5	110338.0	-2.0	58.427799224853516	-2.0	-2.0	224.0	7.955035107443109e-05	94829.0	-2.0	3.173580080328975e-05	-2.0	0.5	-2.0	4.231270031596068e-05	75717.0	-2.0	-2.0	-2.0	55324.0	-2.0	57607.5	-2.0	-2.0	533317.0	-2.0	370.0	-2.0	14.0	-2.0	-2.0	12.208250045776367	266854.5	9028.5	7803.0	-2.0	-2.0	-2.0	-2.0	5255960.0	-2.0	0.0003242295060772449	480169.0	-2.0	-2.0	-2.0	16912.0	79.9249496459961	20670.0	-2.0	-2.0	51.0	-2.0	-2.0	6.0	61755.5	0.00011451769751147367	-2.0	60542.5	17127.5	-2.0	40507.0	-2.0	-2.0	41181.0	-2.0	-2.0	6.483089923858643	474496.0	-2.0	-2.0	19.823399543762207	2.5	2.6543249305177596e-06	-2.0	60609.5	-2.0	59451.5	-2.0	663720.0	-2.0	-2.0	-2.0	90.32725143432617	1.5	-2.0	-2.0	-2.0	393.09100341796875	3086.0	42.0	-2.0	-2.0	-2.0	4703.0	-2.0	-2.0
# Feature
5	8	0	3	3	-2	-2	-2	2	8	1	3	2	2	-2	-2	-2	-2	-2	8	4	1	4	-2	-2	-2	-2	0	8	8	7	-2	-2	9	9	-2	8	-2	8	-2	-2	-2	8	-2	-2	1	-2	5	-2	2	3	-2	-2	-2	5	8	-2	-2	-2	5	3	5	2	-2	4	-2	-2	5	-2	2	7	0	2	-2	5	-2	-2	-2	3	8	4	-2	5	-2	0	7	-2	-2	-2	1	-2	-2	8	-2	1	-2	-2	-2	8	1	-2	3	-2	-2	5	4	1	-2	4	-2	9	-2	4	8	-2	-2	-2	8	-2	8	-2	-2	2	-2	5	-2	9	-2	-2	3	0	8	0	-2	-2	-2	-2	2	-2	4	1	-2	-2	-2	8	7	2	-2	-2	9	-2	-2	6	0	4	-2	8	5	-2	1	-2	-2	0	-2	-2	3	1	-2	-2	3	6	4	-2	8	-2	5	-2	0	-2	-2	-2	3	6	-2	-2	-2	7	5	9	-2	-2	-2	5	-2	-2
# Values
188.0	1404.0	34.0	2.0	55.0
72.0	1308.0	34.0	0.0	43.0
2.0	977.0	34.0	0.0	14.0
0.0	4.0	13.0	0.0	0.0
0.0	4.0	3.0	0.0	0.0
0.0	0.0	3.0	0.0	0.0
0.0	4.0	0.0	0.0	0.0
0.0	0.0	10.0	0.0	0.0
2.0	973.0	21.0	0.0	14.0
2.0	971.0	20.0	0.0	8.0
0.0	15.0	11.0	0.0	0.0
0.0	2.0	11.0	0.0	0.0
0.0	1.0	11.0	0.0	0.0
0.0	1.0	2.0	0.0	0.0
0.0	0.0	2.0	0.0	0.0
0.0	1.0	0.0	0.0	0.0
0.0	0.0	9.0	0.0	0.0
0.0	1.0	0.0	0.0	0.0
0.0	13.0	0.0	0.0	0.0
2.0	956.0	9.0	0.0	8.0
0.0	64.0	8.0	0.0	0.0
0.0	64.0	1.0	0.0	0.0
0.0	3.0	1.0	0.0	0.0
0.0	0.0	1.0	0.0	0.0
0.0	3.0	0.0	0.0	0.0
0.0	61.0	0.0	0.0	0.0
0.0	0.0	7.0	0.0	0.0
2.0	892.0	1.0	0.0	8.0
2.0	820.0	1.0	0.0	2.0
0.0	793.0	1.0	0.0	2.0
0.0	18.0	1.0	0.0	0.0
0.0	0.0	1.0	0.0	0.0
0.0	18.0	0.0	0.0	0.0
0.0	775.0	0.0	0.0	2.0
0.0	163.0	0.0	0.0	2.0
0.0	133.0	0.0	0.0	0.0
0.0	30.0	0.0	0.0	2.0
0.0	23.0	0.0	0.0	0.0
0.0	7.0	0.0	0.0	2.0
0.0	0.0	0.0	0.0	2.0
0.0	7.0	0.0	0.0	0.0
0.0	612.0	0.0	0.0	0.0
2.0	27.0	0.0	0.0	0.0
2.0	0.0	0.0	0.0	0.0
0.0	27.0	0.0	0.0	0.0
0.0	72.0	0.0	0.0	6.0
0.0	0.0	0.0	0.0	4.0
0.0	72.0	0.0	0.0	2.0
0.0	56.0	0.0	0.0	0.0
0.0	16.0	0.0	0.0	2.0
0.0	1.0	0.0	0.0	2.0
0.0	1.0	0.0	0.0	0.0
0.0	0.0	0.0	0.0	2.0
0.0	15.0	0.0	0.0	0.0
0.0	2.0	1.0	0.0	6.0
0.0	0.0	1.0	0.0	6.0
0.0	0.0	1.0	0.0	0.0
0.0	0.0	0.0	0.0	6.0
0.0	2.0	0.0	0.0	0.0
70.0	331.0	0.0	0.0	29.0
45.0	312.0	0.0	0.0	22.0
37.0	77.0	0.0	0.0	10.0
0.0	48.0	0.0	0.0	6.0
0.0	30.0	0.0	0.0	0.0
0.0	18.0	0.0	0.0	6.0
0.0	18.0	0.0	0.0	0.0
0.0	0.0	0.0	0.0	6.0
37.0	29.0	0.0	0.0	4.0
16.0	0.0	0.0	0.0	0.0
21.0	29.0	0.0	0.0	4.0
21.0	29.0	0.0	0.0	2.0
11.0	6.0	0.0	0.0	0.0
11.0	1.0	0.0	0.0	0.0
8.0	0.0	0.0	0.0	0.0
3.0	1.0	0.0	0.0	0.0
0.0	1.0	0.0	0.0	0.0
3.0	0.0	0.0	0.0	0.0
0.0	5.0	0.0	0.0	0.0
10.0	23.0	0.0	0.0	2.0
6.0	22.0	0.0	0.0	1.0
5.0	7.0	0.0	0.0	1.0
4.0	0.0	0.0	0.0	0.0
1.0	7.0	0.0	0.0	1.0
0.0	0.0	0.0	0.0	1.0
1.0	7.0	0.0	0.0	0.0
1.0	1.0	0.0	0.0	0.0
1.0	0.0	0.0	0.0	0.0
0.0	1.0	0.0	0.0	0.0
0.0	6.0	0.0	0.0	0.0
1.0	15.0	0.0	0.0	0.0
0.0	15.0	0.0	0.0	0.0
1.0	0.0	0.0	0.0	0.0
4.0	1.0	0.0	0.0	1.0
0.0	0.0	0.0	0.0	1.0
4.0	1.0	0.0	0.0	0.0
4.0	0.0	0.0	0.0	0.0
0.0	1.0	0.0	0.0	0.0
0.0	0.0	0.0	0.0	2.0
8.0	235.0	0.0	0.0	12.0
0.0	10.0	0.0	0.0	7.0
0.0	9.0	0.0	0.0	0.0
0.0	1.0	0.0	0.0	7.0
0.0	0.0	0.0	0.0	7.0
0.0	1.0	0.0	0.0	0.0
8.0	225.0	0.0	0.0	5.0
1.0	202.0	0.0	0.0	4.0
0.0	62.0	0.0	0.0	4.0
0.0	0.0	0.0	0.0	2.0
0.0	62.0	0.0	0.0	2.0
0.0	47.0	0.0	0.0	0.0
0.0	15.0	0.0	0.0	2.0
0.0	0.0	0.0	0.0	1.0
0.0	15.0	0.0	0.0	1.0
0.0	2.0	0.0	0.0	1.0
0.0	0.0	0.0	0.0	1.0
0.0	2.0	0.0	0.0	0.0
0.0	13.0	0.0	0.0	0.0
1.0	140.0	0.0	0.0	0.0
0.0	112.0	0.0	0.0	0.0
1.0	28.0	0.0	0.0	0.0
1.0	0.0	0.0	0.0	0.0
0.0	28.0	0.0	0.0	0.0
7.0	23.0	0.0	0.0	1.0
7.0	0.0	0.0	0.0	0.0
0.0	23.0	0.0	0.0	1.0
0.0	20.0	0.0	0.0	0.0
0.0	3.0	0.0	0.0	1.0
0.0	3.0	0.0	0.0	0.0
0.0	0.0	0.0	0.0	1.0
25.0	19.0	0.0	0.0	7.0
23.0	3.0	0.0	0.0	0.0
23.0	1.0	0.0	0.0	0.0
2.0	1.0	0.0	0.0	0.0
2.0	0.0	0.0	0.0	0.0
0.0	1.0	0.0	0.0	0.0
21.0	0.0	0.0	0.0	0.0
0.0	2.0	0.0	0.0	0.0
2.0	16.0	0.0	0.0	7.0
0.0	13.0	0.0	0.0	0.0
2.0	3.0	0.0	0.0	7.0
2.0	3.0	0.0	0.0	0.0
2.0	0.0	0.0	0.0	0.0
0.0	3.0	0.0	0.0	0.0
0.0	0.0	0.0	0.0	7.0
116.0	96.0	0.0	2.0	12.0
11.0	46.0	0.0	0.0	0.0
3.0	42.0	0.0	0.0	0.0
3.0	0.0	0.0	0.0	0.0
0.0	42.0	0.0	0.0	0.0
8.0	4.0	0.0	0.0	0.0
8.0	0.0	0.0	0.0	0.0
0.0	4.0	0.0	0.0	0.0
105.0	50.0	0.0	2.0	12.0
99.0	27.0	0.0	2.0	7.0
53.0	3.0	0.0	0.0	0.0
0.0	1.0	0.0	0.0	0.0
53.0	2.0	0.0	0.0	0.0
51.0	1.0	0.0	0.0	0.0
48.0	0.0	0.0	0.0	0.0
3.0	1.0	0.0	0.0	0.0
0.0	1.0	0.0	0.0	0.0
3.0	0.0	0.0	0.0	0.0
2.0	1.0	0.0	0.0	0.0
0.0	1.0	0.0	0.0	0.0
2.0	0.0	0.0	0.0	0.0
46.0	24.0	0.0	2.0	7.0
3.0	11.0	0.0	0.0	0.0
0.0	11.0	0.0	0.0	0.0
3.0	0.0	0.0	0.0	0.0
43.0	13.0	0.0	2.0	7.0
33.0	2.0	0.0	2.0	2.0
33.0	2.0	0.0	0.0	2.0
0.0	1.0	0.0	0.0	0.0
33.0	1.0	0.0	0.0	2.0
0.0	1.0	0.0	0.0	0.0
33.0	0.0	0.0	0.0	2.0
26.0	0.0	0.0	0.0	0.0
7.0	0.0	0.0	0.0	2.0
7.0	0.0	0.0	0.0	0.0
0.0	0.0	0.0	0.0	2.0
0.0	0.0	0.0	2.0	0.0
10.0	11.0	0.0	0.0	5.0
0.0	11.0	0.0	0.0	5.0
0.0	11.0	0.0	0.0	0.0
0.0	0.0	0.0	0.0	5.0
10.0	0.0	0.0	0.0	0.0
6.0	23.0	0.0	0.0	5.0
0.0	23.0	0.0	0.0	2.0
0.0	1.0	0.0	0.0	2.0
0.0	0.0	0.0	0.0	2.0
0.0	1.0	0.0	0.0	0.0
0.0	22.0	0.0	0.0	0.0
6.0	0.0	0.0	0.0	3.0
0.0	0.0	0.0	0.0	3.0
6.0	0.0	0.0	0.0	0.0
