# Sizes (NFeatures, Nclasses, NodeCount, MaxDepth)
10	5	187	16
# Classes
0.0	1.0	2.0	3.0	4.0
# Feature Names
Nrows	Ncols	Nnnz	AvgNnnz	Density	MaxRowNnnz	MinRowNnnz	StdRowNnnz	NDiags	NTrueDiags
# Left
1	2	3	4	5	-1	7	-1	9	10	-1	12	-1	14	-1	-1	-1	18	19	-1	-1	22	23	24	25	-1	-1	-1	29	-1	-1	32	33	34	-1	36	-1	-1	39	-1	41	42	-1	44	-1	-1	-1	48	-1	50	51	-1	-1	-1	55	56	-1	58	59	60	61	62	63	64	-1	-1	-1	-1	69	70	71	-1	-1	74	75	76	-1	78	-1	80	-1	-1	83	-1	-1	-1	-1	-1	89	-1	-1	-1	93	94	-1	96	-1	-1	99	-1	-1	102	103	104	105	106	-1	-1	-1	110	-1	-1	113	-1	-1	116	117	-1	119	120	121	122	-1	-1	-1	126	127	-1	-1	-1	-1	132	-1	-1	135	136	137	138	139	-1	-1	142	-1	144	145	-1	147	148	-1	-1	-1	152	-1	-1	155	156	-1	-1	-1	160	-1	162	163	-1	-1	166	-1	168	-1	170	-1	-1	173	-1	175	-1	177	178	-1	-1	181	-1	183	184	-1	-1	-1
# Right
134	101	54	17	6	-1	8	-1	16	11	-1	13	-1	15	-1	-1	-1	21	20	-1	-1	31	28	27	26	-1	-1	-1	30	-1	-1	47	38	35	-1	37	-1	-1	40	-1	46	43	-1	45	-1	-1	-1	49	-1	53	52	-1	-1	-1	92	57	-1	91	88	87	68	67	66	65	-1	-1	-1	-1	86	73	72	-1	-1	85	82	77	-1	79	-1	81	-1	-1	84	-1	-1	-1	-1	-1	90	-1	-1	-1	98	95	-1	97	-1	-1	100	-1	-1	115	112	109	108	107	-1	-1	-1	111	-1	-1	114	-1	-1	131	118	-1	130	125	124	123	-1	-1	-1	129	128	-1	-1	-1	-1	133	-1	-1	172	159	154	141	140	-1	-1	143	-1	151	146	-1	150	149	-1	-1	-1	153	-1	-1	158	157	-1	-1	-1	161	-1	165	164	-1	-1	167	-1	169	-1	171	-1	-1	174	-1	176	-1	180	179	-1	-1	182	-1	186	185	-1	-1	-1
# Threshold
1359.0	4851685.0	7150.0	37.5	1.5	-2.0	1.5	-2.0	6.235605001449585	3.2792201042175293	-2.0	1.0924299955368042	-2.0	13.0	-2.0	-2.0	-2.0	3.0	0.0004196859954390675	-2.0	-2.0	27.5	0.03675599955022335	2613.0	0.5232124924659729	-2.0	-2.0	-2.0	0.603516012430191	-2.0	-2.0	23615.0	2901.5	229257.0	-2.0	235633.0	-2.0	-2.0	2921.0	-2.0	0.0021301450906321406	15.018249988555908	-2.0	0.0015991749824024737	-2.0	-2.0	-2.0	23840.0	-2.0	1.5	3.942210078239441	-2.0	-2.0	-2.0	11.926849842071533	26.0	-2.0	4.5	12.725700378417969	0.0004195414949208498	32699.0	4.961009979248047	2.749660015106201	2.7091751098632812	-2.0	-2.0	-2.0	-2.0	1.5	809374.0	35359.5	-2.0	-2.0	3.5	325778.0	4.730449914932251	-2.0	105978.5	-2.0	137158.5	-2.0	-2.0	2.6381499767303467	-2.0	-2.0	-2.0	-2.0	-2.0	6.194210052490234	-2.0	-2.0	-2.0	199.6074981689453	70.35224914550781	-2.0	0.00206677004462108	-2.0	-2.0	0.01373569993302226	-2.0	-2.0	7884.5	47.0	1555085.0	5810245.0	863356.0	-2.0	-2.0	-2.0	16.5	-2.0	-2.0	212867.0	-2.0	-2.0	72.81424713134766	5020435.0	-2.0	948.0	12186450.0	355.5	2.0	-2.0	-2.0	-2.0	0.5	1368927.0	-2.0	-2.0	-2.0	-2.0	30394500.0	-2.0	-2.0	5.5	1.5	15.415299415588379	34088.0	5296.5	-2.0	-2.0	1.5	-2.0	91.19824981689453	2592.5	-2.0	12.068749904632568	47656.0	-2.0	-2.0	-2.0	10.350409984588623	-2.0	-2.0	196608.0	0.0008695694850757718	-2.0	-2.0	-2.0	55521.5	-2.0	58028.0	69.63759803771973	-2.0	-2.0	62411.0	-2.0	12.1003999710083	-2.0	9.5	-2.0	-2.0	100.56435012817383	-2.0	15.0	-2.0	4630.0	210.3794937133789	-2.0	-2.0	0.00047302049642894417	-2.0	0.0006763245037291199	29061.0	-2.0	-2.0	-2.0
# Feature
5	2	8	1	6	-2	9	-2	3	3	-2	7	-2	9	-2	-2	-2	8	4	-2	-2	8	4	2	7	-2	-2	-2	7	-2	-2	1	8	2	-2	2	-2	-2	8	-2	4	7	-2	4	-2	-2	-2	1	-2	9	7	-2	-2	-2	3	5	-2	9	7	4	8	3	7	7	-2	-2	-2	-2	6	2	8	-2	-2	9	1	3	-2	8	-2	8	-2	-2	7	-2	-2	-2	-2	-2	3	-2	-2	-2	7	7	-2	4	-2	-2	4	-2	-2	8	5	0	2	1	-2	-2	-2	5	-2	-2	1	-2	-2	7	2	-2	5	2	5	9	-2	-2	-2	6	8	-2	-2	-2	-2	2	-2	-2	9	6	3	8	5	-2	-2	9	-2	7	5	-2	3	8	-2	-2	-2	3	-2	-2	1	4	-2	-2	-2	1	-2	8	7	-2	-2	0	-2	3	-2	6	-2	-2	7	-2	9	-2	5	3	-2	-2	4	-2	4	8	-2	-2	-2
# Values
192.0	1382.0	36.0	2.0	71.0
73.0	1287.0	36.0	0.0	56.0
70.0	1199.0	35.0	0.0	12.0
5.0	968.0	35.0	0.0	7.0
0.0	10.0	17.0	0.0	0.0
0.0	5.0	0.0	0.0	0.0
0.0	5.0	17.0	0.0	0.0
0.0	2.0	0.0	0.0	0.0
0.0	3.0	17.0	0.0	0.0
0.0	3.0	7.0	0.0	0.0
0.0	0.0	5.0	0.0	0.0
0.0	3.0	2.0	0.0	0.0
0.0	2.0	0.0	0.0	0.0
0.0	1.0	2.0	0.0	0.0
0.0	0.0	2.0	0.0	0.0
0.0	1.0	0.0	0.0	0.0
0.0	0.0	10.0	0.0	0.0
5.0	958.0	18.0	0.0	7.0
0.0	9.0	7.0	0.0	0.0
0.0	9.0	0.0	0.0	0.0
0.0	0.0	7.0	0.0	0.0
5.0	949.0	11.0	0.0	7.0
0.0	95.0	11.0	0.0	0.0
0.0	94.0	2.0	0.0	0.0
0.0	7.0	2.0	0.0	0.0
0.0	0.0	2.0	0.0	0.0
0.0	7.0	0.0	0.0	0.0
0.0	87.0	0.0	0.0	0.0
0.0	1.0	9.0	0.0	0.0
0.0	1.0	0.0	0.0	0.0
0.0	0.0	9.0	0.0	0.0
5.0	854.0	0.0	0.0	7.0
5.0	778.0	0.0	0.0	1.0
0.0	626.0	0.0	0.0	1.0
0.0	572.0	0.0	0.0	0.0
0.0	54.0	0.0	0.0	1.0
0.0	0.0	0.0	0.0	1.0
0.0	54.0	0.0	0.0	0.0
5.0	152.0	0.0	0.0	0.0
2.0	0.0	0.0	0.0	0.0
3.0	152.0	0.0	0.0	0.0
3.0	45.0	0.0	0.0	0.0
0.0	40.0	0.0	0.0	0.0
3.0	5.0	0.0	0.0	0.0
0.0	5.0	0.0	0.0	0.0
3.0	0.0	0.0	0.0	0.0
0.0	107.0	0.0	0.0	0.0
0.0	76.0	0.0	0.0	6.0
0.0	0.0	0.0	0.0	4.0
0.0	76.0	0.0	0.0	2.0
0.0	6.0	0.0	0.0	2.0
0.0	6.0	0.0	0.0	0.0
0.0	0.0	0.0	0.0	2.0
0.0	70.0	0.0	0.0	0.0
65.0	231.0	0.0	0.0	5.0
63.0	110.0	0.0	0.0	5.0
0.0	62.0	0.0	0.0	0.0
63.0	48.0	0.0	0.0	5.0
63.0	35.0	0.0	0.0	5.0
41.0	34.0	0.0	0.0	5.0
41.0	23.0	0.0	0.0	5.0
27.0	1.0	0.0	0.0	2.0
27.0	1.0	0.0	0.0	0.0
6.0	1.0	0.0	0.0	0.0
6.0	0.0	0.0	0.0	0.0
0.0	1.0	0.0	0.0	0.0
21.0	0.0	0.0	0.0	0.0
0.0	0.0	0.0	0.0	2.0
14.0	22.0	0.0	0.0	3.0
14.0	22.0	0.0	0.0	0.0
7.0	3.0	0.0	0.0	0.0
0.0	3.0	0.0	0.0	0.0
7.0	0.0	0.0	0.0	0.0
7.0	19.0	0.0	0.0	0.0
5.0	19.0	0.0	0.0	0.0
3.0	18.0	0.0	0.0	0.0
1.0	0.0	0.0	0.0	0.0
2.0	18.0	0.0	0.0	0.0
0.0	14.0	0.0	0.0	0.0
2.0	4.0	0.0	0.0	0.0
2.0	0.0	0.0	0.0	0.0
0.0	4.0	0.0	0.0	0.0
2.0	1.0	0.0	0.0	0.0
0.0	1.0	0.0	0.0	0.0
2.0	0.0	0.0	0.0	0.0
2.0	0.0	0.0	0.0	0.0
0.0	0.0	0.0	0.0	3.0
0.0	11.0	0.0	0.0	0.0
22.0	1.0	0.0	0.0	0.0
0.0	1.0	0.0	0.0	0.0
22.0	0.0	0.0	0.0	0.0
0.0	13.0	0.0	0.0	0.0
2.0	121.0	0.0	0.0	0.0
1.0	120.0	0.0	0.0	0.0
0.0	109.0	0.0	0.0	0.0
1.0	11.0	0.0	0.0	0.0
1.0	0.0	0.0	0.0	0.0
0.0	11.0	0.0	0.0	0.0
1.0	1.0	0.0	0.0	0.0
0.0	1.0	0.0	0.0	0.0
1.0	0.0	0.0	0.0	0.0
3.0	88.0	1.0	0.0	44.0
0.0	8.0	1.0	0.0	28.0
0.0	1.0	1.0	0.0	27.0
0.0	1.0	0.0	0.0	26.0
0.0	1.0	0.0	0.0	2.0
0.0	1.0	0.0	0.0	0.0
0.0	0.0	0.0	0.0	2.0
0.0	0.0	0.0	0.0	24.0
0.0	0.0	1.0	0.0	1.0
0.0	0.0	1.0	0.0	0.0
0.0	0.0	0.0	0.0	1.0
0.0	7.0	0.0	0.0	1.0
0.0	0.0	0.0	0.0	1.0
0.0	7.0	0.0	0.0	0.0
3.0	80.0	0.0	0.0	16.0
2.0	80.0	0.0	0.0	6.0
0.0	0.0	0.0	0.0	2.0
2.0	80.0	0.0	0.0	4.0
1.0	80.0	0.0	0.0	4.0
0.0	12.0	0.0	0.0	4.0
0.0	12.0	0.0	0.0	2.0
0.0	0.0	0.0	0.0	2.0
0.0	12.0	0.0	0.0	0.0
0.0	0.0	0.0	0.0	2.0
1.0	68.0	0.0	0.0	0.0
1.0	7.0	0.0	0.0	0.0
0.0	7.0	0.0	0.0	0.0
1.0	0.0	0.0	0.0	0.0
0.0	61.0	0.0	0.0	0.0
1.0	0.0	0.0	0.0	0.0
1.0	0.0	0.0	0.0	10.0
0.0	0.0	0.0	0.0	10.0
1.0	0.0	0.0	0.0	0.0
119.0	95.0	0.0	2.0	15.0
100.0	35.0	0.0	2.0	7.0
53.0	33.0	0.0	0.0	4.0
53.0	18.0	0.0	0.0	2.0
1.0	8.0	0.0	0.0	0.0
0.0	8.0	0.0	0.0	0.0
1.0	0.0	0.0	0.0	0.0
52.0	10.0	0.0	0.0	2.0
35.0	0.0	0.0	0.0	0.0
17.0	10.0	0.0	0.0	2.0
5.0	10.0	0.0	0.0	0.0
3.0	0.0	0.0	0.0	0.0
2.0	10.0	0.0	0.0	0.0
1.0	10.0	0.0	0.0	0.0
1.0	0.0	0.0	0.0	0.0
0.0	10.0	0.0	0.0	0.0
1.0	0.0	0.0	0.0	0.0
12.0	0.0	0.0	0.0	2.0
12.0	0.0	0.0	0.0	0.0
0.0	0.0	0.0	0.0	2.0
0.0	15.0	0.0	0.0	2.0
0.0	3.0	0.0	0.0	2.0
0.0	0.0	0.0	0.0	2.0
0.0	3.0	0.0	0.0	0.0
0.0	12.0	0.0	0.0	0.0
47.0	2.0	0.0	2.0	3.0
36.0	0.0	0.0	0.0	0.0
11.0	2.0	0.0	2.0	3.0
0.0	2.0	0.0	0.0	3.0
0.0	2.0	0.0	0.0	0.0
0.0	0.0	0.0	0.0	3.0
11.0	0.0	0.0	2.0	0.0
0.0	0.0	0.0	1.0	0.0
11.0	0.0	0.0	1.0	0.0
9.0	0.0	0.0	0.0	0.0
2.0	0.0	0.0	1.0	0.0
0.0	0.0	0.0	1.0	0.0
2.0	0.0	0.0	0.0	0.0
19.0	60.0	0.0	0.0	8.0
0.0	53.0	0.0	0.0	0.0
19.0	7.0	0.0	0.0	8.0
0.0	0.0	0.0	0.0	8.0
19.0	7.0	0.0	0.0	0.0
3.0	5.0	0.0	0.0	0.0
0.0	5.0	0.0	0.0	0.0
3.0	0.0	0.0	0.0	0.0
16.0	2.0	0.0	0.0	0.0
0.0	1.0	0.0	0.0	0.0
16.0	1.0	0.0	0.0	0.0
3.0	1.0	0.0	0.0	0.0
3.0	0.0	0.0	0.0	0.0
0.0	1.0	0.0	0.0	0.0
13.0	0.0	0.0	0.0	0.0
