# Sizes (NFeatures, Nclasses, NodeCount, MaxDepth)
10	5	195	13
# Classes
0.0	1.0	2.0	3.0	4.0
# Feature Names
Nrows	Ncols	Nnnz	AvgNnnz	Density	MaxRowNnnz	MinRowNnnz	StdRowNnnz	NDiags	NTrueDiags
# Left
1	2	3	4	5	-1	7	-1	-1	-1	-1	12	13	14	15	-1	-1	18	19	20	21	22	23	-1	-1	-1	-1	28	29	30	-1	-1	-1	34	35	-1	37	-1	-1	40	-1	-1	43	-1	45	-1	47	-1	-1	50	51	-1	-1	54	-1	56	57	-1	-1	-1	61	-1	63	-1	65	-1	-1	68	69	70	71	72	-1	-1	-1	-1	77	78	79	80	81	82	83	-1	85	-1	-1	88	-1	-1	91	-1	93	94	-1	-1	-1	98	99	-1	101	-1	-1	-1	105	-1	107	-1	109	-1	111	112	-1	-1	-1	-1	117	118	-1	120	-1	-1	123	124	125	-1	-1	-1	-1	130	131	132	-1	-1	135	136	-1	-1	139	-1	141	-1	-1	144	145	-1	-1	-1	149	150	151	-1	-1	154	155	156	157	-1	-1	160	-1	-1	163	-1	165	166	-1	168	-1	-1	-1	172	173	-1	175	-1	-1	178	-1	-1	181	182	183	-1	-1	186	-1	188	-1	-1	191	-1	193	-1	-1
# Right
148	11	10	9	6	-1	8	-1	-1	-1	-1	67	60	17	16	-1	-1	49	42	27	26	25	24	-1	-1	-1	-1	33	32	31	-1	-1	-1	39	36	-1	38	-1	-1	41	-1	-1	44	-1	46	-1	48	-1	-1	53	52	-1	-1	55	-1	59	58	-1	-1	-1	62	-1	64	-1	66	-1	-1	129	76	75	74	73	-1	-1	-1	-1	116	115	104	97	90	87	84	-1	86	-1	-1	89	-1	-1	92	-1	96	95	-1	-1	-1	103	100	-1	102	-1	-1	-1	106	-1	108	-1	110	-1	114	113	-1	-1	-1	-1	122	119	-1	121	-1	-1	128	127	126	-1	-1	-1	-1	143	134	133	-1	-1	138	137	-1	-1	140	-1	142	-1	-1	147	146	-1	-1	-1	180	153	152	-1	-1	171	162	159	158	-1	-1	161	-1	-1	164	-1	170	167	-1	169	-1	-1	-1	177	174	-1	176	-1	-1	179	-1	-1	190	185	184	-1	-1	187	-1	189	-1	-1	192	-1	194	-1	-1
# Threshold
1353.5	35.5	10.5	0.2562360018491745	0.12201499938964844	-2.0	7.5	-2.0	-2.0	-2.0	-2.0	7150.0	460212.5	3.0	2742.0	-2.0	-2.0	23615.0	4874.5	7.5	589.5	5.5	3.6455700397491455	-2.0	-2.0	-2.0	-2.0	18.0	0.07794100046157837	14.443599700927734	-2.0	-2.0	-2.0	3665.0	2901.5	-2.0	2934.0	-2.0	-2.0	3721.5	-2.0	-2.0	5171.0	-2.0	4345.5	-2.0	1090.0	-2.0	-2.0	1.5	3.8418400287628174	-2.0	-2.0	23840.0	-2.0	28811.5	27581.0	-2.0	-2.0	-2.0	4906930.0	-2.0	20525700.0	-2.0	16.5	-2.0	-2.0	12.41225004196167	25.0	4.2469050640647765e-06	1242150.0	3.413385033607483	-2.0	-2.0	-2.0	-2.0	1228790.0	3.5	217.5	3.2963249683380127	4.7269299030303955	1.5	144982.0	-2.0	116859.0	-2.0	-2.0	0.000159020895807771	-2.0	-2.0	69210.0	-2.0	925871.0	2.8344950675964355	-2.0	-2.0	-2.0	10.937555074691772	128.0	-2.0	3.4825599193573	-2.0	-2.0	-2.0	47366.0	-2.0	16.37635040283203	-2.0	16.682600021362305	-2.0	636.5	69154.5	-2.0	-2.0	-2.0	-2.0	0.5	4.917220115661621	-2.0	505708.0	-2.0	-2.0	155040496.0	120847.0	65125.0	-2.0	-2.0	-2.0	-2.0	72.81424713134766	1.4755300283432007	472437.5	-2.0	-2.0	21.5	1273085.0	-2.0	-2.0	80042.0	-2.0	84020.0	-2.0	-2.0	5255960.0	10.0	-2.0	-2.0	-2.0	8.0	10034.0	0.002166984952054918	-2.0	-2.0	15.324649810791016	6.422669887542725	38.8887996673584	41205.5	-2.0	-2.0	6.038229942321777	-2.0	-2.0	159.90250396728516	-2.0	96145.0	225.58200073242188	-2.0	388362.5	-2.0	-2.0	-2.0	1.5	0.5	-2.0	3535200.0	-2.0	-2.0	36.799400329589844	-2.0	-2.0	8778.0	208.15050506591797	11.052450180053711	-2.0	-2.0	15020.0	-2.0	290.9312515258789	-2.0	-2.0	36900.0	-2.0	3209960.0	-2.0	-2.0
# Feature
5	0	5	4	4	-2	9	-2	-2	-2	-2	8	1	8	0	-2	-2	1	8	8	1	5	3	-2	-2	-2	-2	8	4	3	-2	-2	-2	8	8	-2	8	-2	-2	8	-2	-2	8	-2	1	-2	5	-2	-2	9	7	-2	-2	1	-2	1	1	-2	-2	-2	2	-2	2	-2	5	-2	-2	3	5	4	1	3	-2	-2	-2	-2	2	9	5	7	3	6	2	-2	1	-2	-2	4	-2	-2	0	-2	2	7	-2	-2	-2	7	5	-2	7	-2	-2	-2	2	-2	7	-2	7	-2	5	0	-2	-2	-2	-2	6	3	-2	0	-2	-2	1	8	8	-2	-2	-2	-2	7	7	1	-2	-2	5	1	-2	-2	8	-2	8	-2	-2	2	6	-2	-2	-2	9	8	4	-2	-2	3	3	7	1	-2	-2	3	-2	-2	7	-2	5	7	-2	0	-2	-2	-2	6	6	-2	1	-2	-2	3	-2	-2	5	7	3	-2	-2	1	-2	3	-2	-2	8	-2	2	-2	-2
# Values
207.0	1382.0	35.0	1.0	58.0
81.0	1300.0	35.0	0.0	52.0
0.0	7.0	21.0	0.0	0.0
0.0	2.0	21.0	0.0	0.0
0.0	2.0	8.0	0.0	0.0
0.0	0.0	7.0	0.0	0.0
0.0	2.0	1.0	0.0	0.0
0.0	2.0	0.0	0.0	0.0
0.0	0.0	1.0	0.0	0.0
0.0	0.0	13.0	0.0	0.0
0.0	5.0	0.0	0.0	0.0
81.0	1293.0	14.0	0.0	52.0
6.0	981.0	14.0	0.0	19.0
6.0	977.0	13.0	0.0	9.0
0.0	6.0	7.0	0.0	0.0
0.0	0.0	7.0	0.0	0.0
0.0	6.0	0.0	0.0	0.0
6.0	971.0	6.0	0.0	9.0
6.0	869.0	6.0	0.0	1.0
3.0	850.0	6.0	0.0	0.0
0.0	28.0	4.0	0.0	0.0
0.0	3.0	4.0	0.0	0.0
0.0	3.0	1.0	0.0	0.0
0.0	0.0	1.0	0.0	0.0
0.0	3.0	0.0	0.0	0.0
0.0	0.0	3.0	0.0	0.0
0.0	25.0	0.0	0.0	0.0
3.0	822.0	2.0	0.0	0.0
0.0	37.0	2.0	0.0	0.0
0.0	37.0	1.0	0.0	0.0
0.0	37.0	0.0	0.0	0.0
0.0	0.0	1.0	0.0	0.0
0.0	0.0	1.0	0.0	0.0
3.0	785.0	0.0	0.0	0.0
1.0	731.0	0.0	0.0	0.0
0.0	626.0	0.0	0.0	0.0
1.0	105.0	0.0	0.0	0.0
1.0	0.0	0.0	0.0	0.0
0.0	105.0	0.0	0.0	0.0
2.0	54.0	0.0	0.0	0.0
2.0	0.0	0.0	0.0	0.0
0.0	54.0	0.0	0.0	0.0
3.0	19.0	0.0	0.0	1.0
2.0	0.0	0.0	0.0	0.0
1.0	19.0	0.0	0.0	1.0
1.0	0.0	0.0	0.0	0.0
0.0	19.0	0.0	0.0	1.0
0.0	19.0	0.0	0.0	0.0
0.0	0.0	0.0	0.0	1.0
0.0	102.0	0.0	0.0	8.0
0.0	7.0	0.0	0.0	5.0
0.0	7.0	0.0	0.0	0.0
0.0	0.0	0.0	0.0	5.0
0.0	95.0	0.0	0.0	3.0
0.0	0.0	0.0	0.0	1.0
0.0	95.0	0.0	0.0	2.0
0.0	16.0	0.0	0.0	2.0
0.0	16.0	0.0	0.0	0.0
0.0	0.0	0.0	0.0	2.0
0.0	79.0	0.0	0.0	0.0
0.0	4.0	1.0	0.0	10.0
0.0	4.0	0.0	0.0	0.0
0.0	0.0	1.0	0.0	10.0
0.0	0.0	0.0	0.0	9.0
0.0	0.0	1.0	0.0	1.0
0.0	0.0	1.0	0.0	0.0
0.0	0.0	0.0	0.0	1.0
75.0	312.0	0.0	0.0	33.0
73.0	149.0	0.0	0.0	10.0
3.0	78.0	0.0	0.0	2.0
3.0	21.0	0.0	0.0	2.0
3.0	0.0	0.0	0.0	2.0
3.0	0.0	0.0	0.0	0.0
0.0	0.0	0.0	0.0	2.0
0.0	21.0	0.0	0.0	0.0
0.0	57.0	0.0	0.0	0.0
70.0	71.0	0.0	0.0	8.0
64.0	42.0	0.0	0.0	5.0
64.0	33.0	0.0	0.0	5.0
35.0	30.0	0.0	0.0	5.0
32.0	11.0	0.0	0.0	5.0
25.0	3.0	0.0	0.0	0.0
24.0	2.0	0.0	0.0	0.0
18.0	0.0	0.0	0.0	0.0
6.0	2.0	0.0	0.0	0.0
0.0	2.0	0.0	0.0	0.0
6.0	0.0	0.0	0.0	0.0
1.0	1.0	0.0	0.0	0.0
1.0	0.0	0.0	0.0	0.0
0.0	1.0	0.0	0.0	0.0
7.0	8.0	0.0	0.0	5.0
0.0	0.0	0.0	0.0	5.0
7.0	8.0	0.0	0.0	0.0
7.0	2.0	0.0	0.0	0.0
0.0	2.0	0.0	0.0	0.0
7.0	0.0	0.0	0.0	0.0
0.0	6.0	0.0	0.0	0.0
3.0	19.0	0.0	0.0	0.0
2.0	19.0	0.0	0.0	0.0
0.0	17.0	0.0	0.0	0.0
2.0	2.0	0.0	0.0	0.0
0.0	2.0	0.0	0.0	0.0
2.0	0.0	0.0	0.0	0.0
1.0	0.0	0.0	0.0	0.0
29.0	3.0	0.0	0.0	0.0
0.0	1.0	0.0	0.0	0.0
29.0	2.0	0.0	0.0	0.0
18.0	0.0	0.0	0.0	0.0
11.0	2.0	0.0	0.0	0.0
0.0	1.0	0.0	0.0	0.0
11.0	1.0	0.0	0.0	0.0
2.0	1.0	0.0	0.0	0.0
0.0	1.0	0.0	0.0	0.0
2.0	0.0	0.0	0.0	0.0
9.0	0.0	0.0	0.0	0.0
0.0	9.0	0.0	0.0	0.0
6.0	29.0	0.0	0.0	3.0
3.0	2.0	0.0	0.0	2.0
3.0	0.0	0.0	0.0	0.0
0.0	2.0	0.0	0.0	2.0
0.0	2.0	0.0	0.0	0.0
0.0	0.0	0.0	0.0	2.0
3.0	27.0	0.0	0.0	1.0
3.0	27.0	0.0	0.0	0.0
3.0	6.0	0.0	0.0	0.0
0.0	6.0	0.0	0.0	0.0
3.0	0.0	0.0	0.0	0.0
0.0	21.0	0.0	0.0	0.0
0.0	0.0	0.0	0.0	1.0
2.0	163.0	0.0	0.0	23.0
0.0	156.0	0.0	0.0	10.0
0.0	2.0	0.0	0.0	8.0
0.0	2.0	0.0	0.0	0.0
0.0	0.0	0.0	0.0	8.0
0.0	154.0	0.0	0.0	2.0
0.0	1.0	0.0	0.0	1.0
0.0	0.0	0.0	0.0	1.0
0.0	1.0	0.0	0.0	0.0
0.0	153.0	0.0	0.0	1.0
0.0	114.0	0.0	0.0	0.0
0.0	39.0	0.0	0.0	1.0
0.0	0.0	0.0	0.0	1.0
0.0	39.0	0.0	0.0	0.0
2.0	7.0	0.0	0.0	13.0
2.0	7.0	0.0	0.0	0.0
0.0	7.0	0.0	0.0	0.0
2.0	0.0	0.0	0.0	0.0
0.0	0.0	0.0	0.0	13.0
126.0	82.0	0.0	1.0	6.0
108.0	33.0	0.0	1.0	3.0
5.0	10.0	0.0	0.0	0.0
0.0	10.0	0.0	0.0	0.0
5.0	0.0	0.0	0.0	0.0
103.0	23.0	0.0	1.0	3.0
93.0	11.0	0.0	1.0	1.0
19.0	9.0	0.0	0.0	0.0
1.0	8.0	0.0	0.0	0.0
1.0	0.0	0.0	0.0	0.0
0.0	8.0	0.0	0.0	0.0
18.0	1.0	0.0	0.0	0.0
18.0	0.0	0.0	0.0	0.0
0.0	1.0	0.0	0.0	0.0
74.0	2.0	0.0	1.0	1.0
69.0	0.0	0.0	0.0	0.0
5.0	2.0	0.0	1.0	1.0
0.0	2.0	0.0	1.0	1.0
0.0	2.0	0.0	0.0	0.0
0.0	0.0	0.0	1.0	1.0
0.0	0.0	0.0	1.0	0.0
0.0	0.0	0.0	0.0	1.0
5.0	0.0	0.0	0.0	0.0
10.0	12.0	0.0	0.0	2.0
1.0	12.0	0.0	0.0	0.0
0.0	9.0	0.0	0.0	0.0
1.0	3.0	0.0	0.0	0.0
0.0	3.0	0.0	0.0	0.0
1.0	0.0	0.0	0.0	0.0
9.0	0.0	0.0	0.0	2.0
0.0	0.0	0.0	0.0	2.0
9.0	0.0	0.0	0.0	0.0
18.0	49.0	0.0	0.0	3.0
5.0	48.0	0.0	0.0	3.0
2.0	45.0	0.0	0.0	0.0
2.0	0.0	0.0	0.0	0.0
0.0	45.0	0.0	0.0	0.0
3.0	3.0	0.0	0.0	3.0
3.0	0.0	0.0	0.0	0.0
0.0	3.0	0.0	0.0	3.0
0.0	0.0	0.0	0.0	3.0
0.0	3.0	0.0	0.0	0.0
13.0	1.0	0.0	0.0	0.0
10.0	0.0	0.0	0.0	0.0
3.0	1.0	0.0	0.0	0.0
0.0	1.0	0.0	0.0	0.0
3.0	0.0	0.0	0.0	0.0
