# Sizes (NFeatures, Nclasses, NodeCount, MaxDepth)
10	6	137	13
# Classes
0.0	1.0	2.0	3.0	4.0	5.0
# Feature Names
Nrows	Ncols	Nnnz	AvgNnnz	Density	MaxRowNnnz	MinRowNnnz	StdRowNnnz	NDiags	NTrueDiags
# Left
1	2	3	4	-1	6	7	8	9	10	11	-1	13	14	15	-1	-1	-1	-1	20	21	-1	-1	-1	25	-1	-1	-1	29	-1	-1	32	33	34	35	-1	37	38	-1	-1	-1	-1	-1	-1	45	46	47	-1	49	-1	-1	52	53	54	-1	-1	-1	58	-1	-1	61	62	-1	64	65	-1	-1	-1	69	70	71	72	-1	-1	75	-1	77	-1	-1	80	-1	-1	83	84	-1	86	-1	88	-1	90	-1	-1	-1	94	95	96	97	-1	-1	-1	101	-1	-1	104	105	-1	-1	108	109	110	-1	-1	-1	114	-1	-1	117	118	-1	120	-1	-1	123	124	-1	126	127	-1	-1	-1	131	-1	133	134	-1	-1	-1
# Right
116	93	44	5	-1	31	28	27	24	19	12	-1	18	17	16	-1	-1	-1	-1	23	22	-1	-1	-1	26	-1	-1	-1	30	-1	-1	43	42	41	36	-1	40	39	-1	-1	-1	-1	-1	-1	60	51	48	-1	50	-1	-1	57	56	55	-1	-1	-1	59	-1	-1	68	63	-1	67	66	-1	-1	-1	82	79	74	73	-1	-1	76	-1	78	-1	-1	81	-1	-1	92	85	-1	87	-1	89	-1	91	-1	-1	-1	103	100	99	98	-1	-1	-1	102	-1	-1	107	106	-1	-1	113	112	111	-1	-1	-1	115	-1	-1	122	119	-1	121	-1	-1	130	125	-1	129	128	-1	-1	-1	132	-1	136	135	-1	-1	-1
# Threshold
3350.0	11464350.0	11631.0	25.5	-2.0	20.5	5.766664981842041	16450.5	4.868819952011108	3.1376150846481323	107.0	-2.0	2.5	0.008252165047451854	2528.0	-2.0	-2.0	-2.0	-2.0	18.5	3.5	-2.0	-2.0	-2.0	0.4933425188064575	-2.0	-2.0	-2.0	55389.5	-2.0	-2.0	2.7533650398254395	1964.0	367.0	23.5	-2.0	0.008539749775081873	3.3706449270248413	-2.0	-2.0	-2.0	-2.0	-2.0	-2.0	136.0	187402.0	17716.5	-2.0	4.0	-2.0	-2.0	1462055.0	34.0	6.971220136620104e-05	-2.0	-2.0	-2.0	6.818310022354126	-2.0	-2.0	9.253695011138916	3.5	-2.0	22965.0	2154.5	-2.0	-2.0	-2.0	4.851655006408691	22375.5	10.0	13380.0	-2.0	-2.0	15.925449848175049	-2.0	31.5	-2.0	-2.0	14.814849853515625	-2.0	-2.0	94.5	1.5	-2.0	6894.5	-2.0	8207.0	-2.0	1289605.0	-2.0	-2.0	-2.0	1.335889995098114	4.5	12815300.0	1.1440790331107564e-05	-2.0	-2.0	-2.0	16.5	-2.0	-2.0	1179035.0	10.930349826812744	-2.0	-2.0	649625.0	87.0	38.5	-2.0	-2.0	-2.0	17.056900024414062	-2.0	-2.0	9.839274883270264	22.026599884033203	-2.0	14609040.0	-2.0	-2.0	2.5	63800.0	-2.0	208226504.0	32.5080509185791	-2.0	-2.0	-2.0	122.88400268554688	-2.0	0.0035273550893180072	72213.0	-2.0	-2.0	-2.0
# Feature
5	2	0	2	-2	8	3	2	3	3	0	-2	5	4	0	-2	-2	-2	-2	8	6	-2	-2	-2	7	-2	-2	-2	2	-2	-2	7	2	8	1	-2	4	3	-2	-2	-2	-2	-2	-2	8	2	1	-2	8	-2	-2	2	8	4	-2	-2	-2	3	-2	-2	3	5	-2	1	5	-2	-2	-2	7	8	9	0	-2	-2	3	-2	5	-2	-2	3	-2	-2	5	6	-2	8	-2	8	-2	2	-2	-2	-2	7	6	1	4	-2	-2	-2	5	-2	-2	0	7	-2	-2	8	5	5	-2	-2	-2	3	-2	-2	3	7	-2	2	-2	-2	9	1	-2	2	7	-2	-2	-2	7	-2	4	0	-2	-2	-2
# Values
83.0	1468.0	42.0	48.0	12.0	23.0
4.0	1412.0	42.0	48.0	8.0	23.0
4.0	1361.0	41.0	37.0	0.0	2.0
3.0	936.0	16.0	4.0	0.0	0.0
3.0	0.0	0.0	0.0	0.0	0.0
0.0	936.0	16.0	4.0	0.0	0.0
0.0	78.0	16.0	0.0	0.0	0.0
0.0	54.0	15.0	0.0	0.0	0.0
0.0	43.0	15.0	0.0	0.0	0.0
0.0	37.0	8.0	0.0	0.0	0.0
0.0	13.0	6.0	0.0	0.0	0.0
0.0	3.0	0.0	0.0	0.0	0.0
0.0	10.0	6.0	0.0	0.0	0.0
0.0	10.0	4.0	0.0	0.0	0.0
0.0	10.0	3.0	0.0	0.0	0.0
0.0	7.0	1.0	0.0	0.0	0.0
0.0	3.0	2.0	0.0	0.0	0.0
0.0	0.0	1.0	0.0	0.0	0.0
0.0	0.0	2.0	0.0	0.0	0.0
0.0	24.0	2.0	0.0	0.0	0.0
0.0	24.0	1.0	0.0	0.0	0.0
0.0	19.0	0.0	0.0	0.0	0.0
0.0	5.0	1.0	0.0	0.0	0.0
0.0	0.0	1.0	0.0	0.0	0.0
0.0	6.0	7.0	0.0	0.0	0.0
0.0	2.0	6.0	0.0	0.0	0.0
0.0	4.0	1.0	0.0	0.0	0.0
0.0	11.0	0.0	0.0	0.0	0.0
0.0	24.0	1.0	0.0	0.0	0.0
0.0	22.0	0.0	0.0	0.0	0.0
0.0	2.0	1.0	0.0	0.0	0.0
0.0	858.0	0.0	4.0	0.0	0.0
0.0	256.0	0.0	4.0	0.0	0.0
0.0	120.0	0.0	4.0	0.0	0.0
0.0	118.0	0.0	2.0	0.0	0.0
0.0	1.0	0.0	1.0	0.0	0.0
0.0	117.0	0.0	1.0	0.0	0.0
0.0	59.0	0.0	1.0	0.0	0.0
0.0	8.0	0.0	0.0	0.0	0.0
0.0	51.0	0.0	1.0	0.0	0.0
0.0	58.0	0.0	0.0	0.0	0.0
0.0	2.0	0.0	2.0	0.0	0.0
0.0	136.0	0.0	0.0	0.0	0.0
0.0	602.0	0.0	0.0	0.0	0.0
1.0	425.0	25.0	33.0	0.0	2.0
0.0	12.0	25.0	3.0	0.0	1.0
0.0	9.0	4.0	0.0	0.0	0.0
0.0	0.0	3.0	0.0	0.0	0.0
0.0	9.0	1.0	0.0	0.0	0.0
0.0	1.0	1.0	0.0	0.0	0.0
0.0	8.0	0.0	0.0	0.0	0.0
0.0	3.0	21.0	3.0	0.0	1.0
0.0	3.0	11.0	3.0	0.0	0.0
0.0	1.0	10.0	0.0	0.0	0.0
0.0	1.0	0.0	0.0	0.0	0.0
0.0	0.0	10.0	0.0	0.0	0.0
0.0	2.0	1.0	3.0	0.0	0.0
0.0	0.0	10.0	0.0	0.0	1.0
0.0	0.0	1.0	0.0	0.0	1.0
0.0	0.0	9.0	0.0	0.0	0.0
1.0	413.0	0.0	30.0	0.0	1.0
1.0	216.0	0.0	1.0	0.0	0.0
0.0	4.0	0.0	1.0	0.0	0.0
1.0	212.0	0.0	0.0	0.0	0.0
1.0	42.0	0.0	0.0	0.0	0.0
0.0	42.0	0.0	0.0	0.0	0.0
1.0	0.0	0.0	0.0	0.0	0.0
0.0	170.0	0.0	0.0	0.0	0.0
0.0	197.0	0.0	29.0	0.0	1.0
0.0	26.0	0.0	25.0	0.0	1.0
0.0	10.0	0.0	21.0	0.0	1.0
0.0	1.0	0.0	14.0	0.0	0.0
0.0	1.0	0.0	1.0	0.0	0.0
0.0	0.0	0.0	13.0	0.0	0.0
0.0	9.0	0.0	7.0	0.0	1.0
0.0	5.0	0.0	0.0	0.0	0.0
0.0	4.0	0.0	7.0	0.0	1.0
0.0	0.0	0.0	6.0	0.0	0.0
0.0	4.0	0.0	1.0	0.0	1.0
0.0	16.0	0.0	4.0	0.0	0.0
0.0	12.0	0.0	0.0	0.0	0.0
0.0	4.0	0.0	4.0	0.0	0.0
0.0	171.0	0.0	4.0	0.0	0.0
0.0	43.0	0.0	4.0	0.0	0.0
0.0	19.0	0.0	0.0	0.0	0.0
0.0	24.0	0.0	4.0	0.0	0.0
0.0	10.0	0.0	0.0	0.0	0.0
0.0	14.0	0.0	4.0	0.0	0.0
0.0	0.0	0.0	2.0	0.0	0.0
0.0	14.0	0.0	2.0	0.0	0.0
0.0	10.0	0.0	0.0	0.0	0.0
0.0	4.0	0.0	2.0	0.0	0.0
0.0	128.0	0.0	0.0	0.0	0.0
0.0	51.0	1.0	11.0	8.0	21.0
0.0	16.0	1.0	0.0	0.0	17.0
0.0	16.0	0.0	0.0	0.0	4.0
0.0	13.0	0.0	0.0	0.0	1.0
0.0	13.0	0.0	0.0	0.0	0.0
0.0	0.0	0.0	0.0	0.0	1.0
0.0	3.0	0.0	0.0	0.0	3.0
0.0	0.0	1.0	0.0	0.0	13.0
0.0	0.0	1.0	0.0	0.0	0.0
0.0	0.0	0.0	0.0	0.0	13.0
0.0	35.0	0.0	11.0	8.0	4.0
0.0	25.0	0.0	3.0	0.0	1.0
0.0	3.0	0.0	3.0	0.0	1.0
0.0	22.0	0.0	0.0	0.0	0.0
0.0	10.0	0.0	8.0	8.0	3.0
0.0	3.0	0.0	8.0	6.0	0.0
0.0	1.0	0.0	8.0	3.0	0.0
0.0	1.0	0.0	4.0	0.0	0.0
0.0	0.0	0.0	4.0	3.0	0.0
0.0	2.0	0.0	0.0	3.0	0.0
0.0	7.0	0.0	0.0	2.0	3.0
0.0	7.0	0.0	0.0	0.0	0.0
0.0	0.0	0.0	0.0	2.0	3.0
79.0	56.0	0.0	0.0	4.0	0.0
54.0	2.0	0.0	0.0	1.0	0.0
2.0	2.0	0.0	0.0	0.0	0.0
52.0	0.0	0.0	0.0	1.0	0.0
50.0	0.0	0.0	0.0	0.0	0.0
2.0	0.0	0.0	0.0	1.0	0.0
25.0	54.0	0.0	0.0	3.0	0.0
17.0	7.0	0.0	0.0	1.0	0.0
0.0	5.0	0.0	0.0	0.0	0.0
17.0	2.0	0.0	0.0	1.0	0.0
17.0	0.0	0.0	0.0	1.0	0.0
1.0	0.0	0.0	0.0	1.0	0.0
16.0	0.0	0.0	0.0	0.0	0.0
0.0	2.0	0.0	0.0	0.0	0.0
8.0	47.0	0.0	0.0	2.0	0.0
0.0	39.0	0.0	0.0	0.0	0.0
8.0	8.0	0.0	0.0	2.0	0.0
8.0	3.0	0.0	0.0	2.0	0.0
7.0	0.0	0.0	0.0	0.0	0.0
1.0	3.0	0.0	0.0	2.0	0.0
0.0	5.0	0.0	0.0	0.0	0.0
