# Sizes (NFeatures, Nclasses, NodeCount, MaxDepth)
10	6	145	16
# Classes
0.0	1.0	2.0	3.0	4.0	5.0
# Feature Names
Nrows	Ncols	Nnnz	AvgNnnz	Density	MaxRowNnnz	MinRowNnnz	StdRowNnnz	NDiags	NTrueDiags
# Left
1	2	3	4	-1	6	7	8	9	-1	11	12	13	-1	15	16	17	18	-1	20	-1	-1	-1	-1	-1	26	-1	-1	-1	30	-1	-1	33	-1	-1	36	-1	38	39	-1	-1	-1	43	44	-1	-1	47	-1	-1	50	51	52	53	54	55	56	-1	58	-1	-1	-1	62	-1	-1	65	66	67	-1	69	70	71	-1	-1	-1	-1	76	-1	-1	-1	80	81	-1	83	-1	-1	86	87	88	-1	90	-1	-1	-1	94	-1	-1	97	98	99	100	-1	-1	-1	-1	105	106	107	108	109	-1	-1	-1	-1	-1	-1	116	117	-1	119	-1	121	-1	-1	124	-1	-1	127	128	-1	130	-1	-1	133	134	135	136	-1	-1	-1	-1	141	142	-1	-1	-1
# Right
126	49	42	5	-1	35	32	29	10	-1	28	25	14	-1	24	23	22	19	-1	21	-1	-1	-1	-1	-1	27	-1	-1	-1	31	-1	-1	34	-1	-1	37	-1	41	40	-1	-1	-1	46	45	-1	-1	48	-1	-1	115	96	79	64	61	60	57	-1	59	-1	-1	-1	63	-1	-1	78	75	68	-1	74	73	72	-1	-1	-1	-1	77	-1	-1	-1	85	82	-1	84	-1	-1	93	92	89	-1	91	-1	-1	-1	95	-1	-1	104	103	102	101	-1	-1	-1	-1	114	113	112	111	110	-1	-1	-1	-1	-1	-1	123	118	-1	120	-1	122	-1	-1	125	-1	-1	132	129	-1	131	-1	-1	140	139	138	137	-1	-1	-1	-1	144	143	-1	-1	-1
# Threshold
3350.0	1.2919400334358215	11231550.0	8.5	-2.0	0.48137401044368744	22.5	6.5	0.000256342493230477	-2.0	5.766664981842041	0.23613649606704712	0.5	-2.0	4.5	3348.0	3067.0	122.0	-2.0	1961.0	-2.0	-2.0	-2.0	-2.0	-2.0	4.868819952011108	-2.0	-2.0	-2.0	15.5	-2.0	-2.0	2.9736950397491455	-2.0	-2.0	8.0	-2.0	0.0017268000519834459	0.00040598949999548495	-2.0	-2.0	-2.0	0.8935439884662628	1.1440790331107564e-05	-2.0	-2.0	5.5	-2.0	-2.0	1179035.0	0.0016414349665865302	5.755640029907227	3.5	6159.5	588409.0	1708.5	-2.0	14.922349452972412	-2.0	-2.0	-2.0	37.0	-2.0	-2.0	44.54464912414551	32.0	193590.5	-2.0	3.8440150022506714	2.86360502243042	0.00010134879994438961	-2.0	-2.0	-2.0	-2.0	30.295949935913086	-2.0	-2.0	-2.0	17.216750144958496	32.545650482177734	-2.0	5.300479888916016	-2.0	-2.0	14.176000118255615	8.5	3615.5	-2.0	107889.0	-2.0	-2.0	-2.0	0.0016178300138562918	-2.0	-2.0	100.5	10618.0	33.5	1.9379200339317322	-2.0	-2.0	-2.0	-2.0	13.5	510.0	461.0	1.5078150033950806	1.4320300221443176	-2.0	-2.0	-2.0	-2.0	-2.0	-2.0	649625.0	1501010.0	-2.0	31976250.0	-2.0	3.8535200357437134	-2.0	-2.0	17.056900024414062	-2.0	-2.0	9.839274883270264	4508.0	-2.0	2696865.0	-2.0	-2.0	13983.0	1507855.0	4.0	8943.5	-2.0	-2.0	-2.0	-2.0	208226504.0	0.0016421399777755141	-2.0	-2.0	-2.0
# Feature
5	7	2	0	-2	7	8	5	4	-2	3	7	6	-2	5	0	1	2	-2	0	-2	-2	-2	-2	-2	3	-2	-2	-2	8	-2	-2	3	-2	-2	9	-2	4	4	-2	-2	-2	7	4	-2	-2	6	-2	-2	1	4	7	6	8	2	2	-2	3	-2	-2	-2	9	-2	-2	3	5	2	-2	7	7	4	-2	-2	-2	-2	3	-2	-2	-2	3	7	-2	3	-2	-2	7	6	8	-2	8	-2	-2	-2	4	-2	-2	8	0	1	7	-2	-2	-2	-2	5	0	0	7	7	-2	-2	-2	-2	-2	-2	8	0	-2	2	-2	7	-2	-2	3	-2	-2	3	5	-2	1	-2	-2	5	1	9	5	-2	-2	-2	-2	2	4	-2	-2	-2
# Values
83.0	1468.0	42.0	48.0	12.0	23.0
4.0	1412.0	42.0	48.0	8.0	23.0
3.0	245.0	35.0	1.0	0.0	17.0
3.0	229.0	34.0	1.0	0.0	1.0
3.0	0.0	0.0	0.0	0.0	0.0
0.0	229.0	34.0	1.0	0.0	1.0
0.0	86.0	27.0	1.0	0.0	1.0
0.0	40.0	27.0	0.0	0.0	1.0
0.0	38.0	18.0	0.0	0.0	0.0
0.0	2.0	7.0	0.0	0.0	0.0
0.0	36.0	11.0	0.0	0.0	0.0
0.0	30.0	11.0	0.0	0.0	0.0
0.0	24.0	5.0	0.0	0.0	0.0
0.0	0.0	1.0	0.0	0.0	0.0
0.0	24.0	4.0	0.0	0.0	0.0
0.0	23.0	3.0	0.0	0.0	0.0
0.0	17.0	3.0	0.0	0.0	0.0
0.0	17.0	2.0	0.0	0.0	0.0
0.0	2.0	1.0	0.0	0.0	0.0
0.0	15.0	1.0	0.0	0.0	0.0
0.0	11.0	0.0	0.0	0.0	0.0
0.0	4.0	1.0	0.0	0.0	0.0
0.0	0.0	1.0	0.0	0.0	0.0
0.0	6.0	0.0	0.0	0.0	0.0
0.0	1.0	1.0	0.0	0.0	0.0
0.0	6.0	6.0	0.0	0.0	0.0
0.0	4.0	0.0	0.0	0.0	0.0
0.0	2.0	6.0	0.0	0.0	0.0
0.0	6.0	0.0	0.0	0.0	0.0
0.0	2.0	9.0	0.0	0.0	1.0
0.0	0.0	7.0	0.0	0.0	1.0
0.0	2.0	2.0	0.0	0.0	0.0
0.0	46.0	0.0	1.0	0.0	0.0
0.0	6.0	0.0	1.0	0.0	0.0
0.0	40.0	0.0	0.0	0.0	0.0
0.0	143.0	7.0	0.0	0.0	0.0
0.0	116.0	0.0	0.0	0.0	0.0
0.0	27.0	7.0	0.0	0.0	0.0
0.0	8.0	7.0	0.0	0.0	0.0
0.0	6.0	0.0	0.0	0.0	0.0
0.0	2.0	7.0	0.0	0.0	0.0
0.0	19.0	0.0	0.0	0.0	0.0
0.0	16.0	1.0	0.0	0.0	16.0
0.0	16.0	0.0	0.0	0.0	1.0
0.0	16.0	0.0	0.0	0.0	0.0
0.0	0.0	0.0	0.0	0.0	1.0
0.0	0.0	1.0	0.0	0.0	15.0
0.0	0.0	1.0	0.0	0.0	2.0
0.0	0.0	0.0	0.0	0.0	13.0
1.0	1167.0	7.0	47.0	8.0	6.0
1.0	1156.0	7.0	39.0	0.0	2.0
1.0	425.0	1.0	36.0	0.0	2.0
0.0	185.0	0.0	31.0	0.0	2.0
0.0	154.0	0.0	8.0	0.0	1.0
0.0	38.0	0.0	8.0	0.0	0.0
0.0	38.0	0.0	2.0	0.0	0.0
0.0	1.0	0.0	1.0	0.0	0.0
0.0	37.0	0.0	1.0	0.0	0.0
0.0	37.0	0.0	0.0	0.0	0.0
0.0	0.0	0.0	1.0	0.0	0.0
0.0	0.0	0.0	6.0	0.0	0.0
0.0	116.0	0.0	0.0	0.0	1.0
0.0	116.0	0.0	0.0	0.0	0.0
0.0	0.0	0.0	0.0	0.0	1.0
0.0	31.0	0.0	23.0	0.0	1.0
0.0	27.0	0.0	23.0	0.0	0.0
0.0	10.0	0.0	20.0	0.0	0.0
0.0	4.0	0.0	1.0	0.0	0.0
0.0	6.0	0.0	19.0	0.0	0.0
0.0	6.0	0.0	10.0	0.0	0.0
0.0	2.0	0.0	9.0	0.0	0.0
0.0	2.0	0.0	2.0	0.0	0.0
0.0	0.0	0.0	7.0	0.0	0.0
0.0	4.0	0.0	1.0	0.0	0.0
0.0	0.0	0.0	9.0	0.0	0.0
0.0	17.0	0.0	3.0	0.0	0.0
0.0	16.0	0.0	0.0	0.0	0.0
0.0	1.0	0.0	3.0	0.0	0.0
0.0	4.0	0.0	0.0	0.0	1.0
1.0	240.0	1.0	5.0	0.0	0.0
1.0	157.0	0.0	0.0	0.0	0.0
0.0	133.0	0.0	0.0	0.0	0.0
1.0	24.0	0.0	0.0	0.0	0.0
1.0	0.0	0.0	0.0	0.0	0.0
0.0	24.0	0.0	0.0	0.0	0.0
0.0	83.0	1.0	5.0	0.0	0.0
0.0	21.0	1.0	4.0	0.0	0.0
0.0	6.0	1.0	4.0	0.0	0.0
0.0	0.0	1.0	0.0	0.0	0.0
0.0	6.0	0.0	4.0	0.0	0.0
0.0	4.0	0.0	4.0	0.0	0.0
0.0	2.0	0.0	0.0	0.0	0.0
0.0	15.0	0.0	0.0	0.0	0.0
0.0	62.0	0.0	1.0	0.0	0.0
0.0	62.0	0.0	0.0	0.0	0.0
0.0	0.0	0.0	1.0	0.0	0.0
0.0	731.0	6.0	3.0	0.0	0.0
0.0	95.0	6.0	1.0	0.0	0.0
0.0	93.0	2.0	1.0	0.0	0.0
0.0	11.0	2.0	1.0	0.0	0.0
0.0	7.0	0.0	0.0	0.0	0.0
0.0	4.0	2.0	1.0	0.0	0.0
0.0	82.0	0.0	0.0	0.0	0.0
0.0	2.0	4.0	0.0	0.0	0.0
0.0	636.0	0.0	2.0	0.0	0.0
0.0	79.0	0.0	2.0	0.0	0.0
0.0	62.0	0.0	2.0	0.0	0.0
0.0	62.0	0.0	1.0	0.0	0.0
0.0	52.0	0.0	1.0	0.0	0.0
0.0	1.0	0.0	0.0	0.0	0.0
0.0	51.0	0.0	1.0	0.0	0.0
0.0	10.0	0.0	0.0	0.0	0.0
0.0	0.0	0.0	1.0	0.0	0.0
0.0	17.0	0.0	0.0	0.0	0.0
0.0	557.0	0.0	0.0	0.0	0.0
0.0	11.0	0.0	8.0	8.0	4.0
0.0	3.0	0.0	8.0	6.0	0.0
0.0	2.0	0.0	0.0	3.0	0.0
0.0	1.0	0.0	8.0	3.0	0.0
0.0	1.0	0.0	0.0	0.0	0.0
0.0	0.0	0.0	8.0	3.0	0.0
0.0	0.0	0.0	5.0	0.0	0.0
0.0	0.0	0.0	3.0	3.0	0.0
0.0	8.0	0.0	0.0	2.0	4.0
0.0	8.0	0.0	0.0	0.0	1.0
0.0	0.0	0.0	0.0	2.0	3.0
79.0	56.0	0.0	0.0	4.0	0.0
54.0	2.0	0.0	0.0	1.0	0.0
5.0	2.0	0.0	0.0	0.0	0.0
49.0	0.0	0.0	0.0	1.0	0.0
47.0	0.0	0.0	0.0	0.0	0.0
2.0	0.0	0.0	0.0	1.0	0.0
25.0	54.0	0.0	0.0	3.0	0.0
7.0	52.0	0.0	0.0	2.0	0.0
3.0	52.0	0.0	0.0	0.0	0.0
3.0	13.0	0.0	0.0	0.0	0.0
0.0	12.0	0.0	0.0	0.0	0.0
3.0	1.0	0.0	0.0	0.0	0.0
0.0	39.0	0.0	0.0	0.0	0.0
4.0	0.0	0.0	0.0	2.0	0.0
18.0	2.0	0.0	0.0	1.0	0.0
18.0	0.0	0.0	0.0	1.0	0.0
16.0	0.0	0.0	0.0	0.0	0.0
2.0	0.0	0.0	0.0	1.0	0.0
0.0	2.0	0.0	0.0	0.0	0.0
