# Sizes (NFeatures, Nclasses, NodeCount, MaxDepth)
10	6	157	16
# Classes
0.0	1.0	2.0	3.0	4.0	5.0
# Feature Names
Nrows	Ncols	Nnnz	AvgNnnz	Density	MaxRowNnnz	MinRowNnnz	StdRowNnnz	NDiags	NTrueDiags
# Left
1	2	3	4	5	6	7	-1	9	10	11	-1	13	-1	15	16	-1	18	19	20	-1	-1	-1	-1	-1	-1	-1	-1	-1	30	31	32	-1	34	35	-1	-1	-1	39	40	-1	42	-1	44	-1	46	-1	-1	-1	50	51	-1	-1	-1	55	56	57	58	59	-1	-1	-1	63	64	-1	-1	-1	68	69	70	-1	-1	73	-1	75	76	77	78	-1	80	-1	82	-1	84	-1	-1	-1	-1	89	-1	-1	-1	93	-1	95	96	-1	98	99	-1	101	-1	-1	-1	105	106	-1	108	-1	110	-1	-1	113	114	-1	-1	-1	118	119	-1	121	-1	-1	124	125	-1	-1	128	129	-1	-1	132	133	-1	135	-1	137	-1	-1	-1	141	142	-1	144	-1	-1	147	148	-1	-1	151	-1	153	154	-1	-1	-1
# Right
140	117	54	29	28	27	8	-1	26	25	12	-1	14	-1	24	17	-1	23	22	21	-1	-1	-1	-1	-1	-1	-1	-1	-1	49	38	33	-1	37	36	-1	-1	-1	48	41	-1	43	-1	45	-1	47	-1	-1	-1	53	52	-1	-1	-1	92	67	62	61	60	-1	-1	-1	66	65	-1	-1	-1	91	72	71	-1	-1	74	-1	88	87	86	79	-1	81	-1	83	-1	85	-1	-1	-1	-1	90	-1	-1	-1	94	-1	104	97	-1	103	100	-1	102	-1	-1	-1	112	107	-1	109	-1	111	-1	-1	116	115	-1	-1	-1	123	120	-1	122	-1	-1	127	126	-1	-1	131	130	-1	-1	139	134	-1	136	-1	138	-1	-1	-1	146	143	-1	145	-1	-1	150	149	-1	-1	152	-1	156	155	-1	-1	-1
# Threshold
3350.0	480125.5	11631.0	0.3513469994068146	0.2101600021123886	4628.5	108.5	-2.0	5.5	4.435484886169434	0.5	-2.0	122.0	-2.0	3928.5	1142.0	-2.0	0.006253124913200736	0.031559448689222336	1961.0	-2.0	-2.0	-2.0	-2.0	-2.0	-2.0	-2.0	-2.0	-2.0	2604.0	22.5	9.5	-2.0	2.80745005607605	0.015423399396240711	-2.0	-2.0	-2.0	997.5	23.5	-2.0	307.5	-2.0	12.5	-2.0	316.0	-2.0	-2.0	-2.0	0.0009989680256694555	8.0	-2.0	-2.0	-2.0	43.0	12.5	22.5	8.0	0.4264014959335327	-2.0	-2.0	-2.0	90661.5	30234.5	-2.0	-2.0	-2.0	0.0013667549937963486	208570.0	14.0	-2.0	-2.0	9.130964756011963	-2.0	32.5	22.0	16.120349884033203	24.0	-2.0	2.5	-2.0	111.0	-2.0	19.0	-2.0	-2.0	-2.0	-2.0	66970.5	-2.0	-2.0	-2.0	142.0	-2.0	24.0	98324.5	-2.0	379126.0	82078.0	-2.0	54174.0	-2.0	-2.0	-2.0	0.0006253015017136931	45.0	-2.0	58.0	-2.0	43073.0	-2.0	-2.0	100.5	20.162799835205078	-2.0	-2.0	-2.0	11.805949687957764	390.0	-2.0	12815300.0	-2.0	-2.0	1.8490599989891052	16.5	-2.0	-2.0	1179035.0	67.0	-2.0	-2.0	489947.0	1501010.0	-2.0	14.146600246429443	-2.0	122204500.0	-2.0	-2.0	-2.0	9.839274883270264	4508.0	-2.0	14609040.0	-2.0	-2.0	0.5	13380.5	-2.0	-2.0	8955.5	-2.0	67.53210067749023	2.5	-2.0	-2.0	-2.0
# Feature
5	0	1	7	4	0	1	-2	5	3	6	-2	1	-2	0	2	-2	4	7	0	-2	-2	-2	-2	-2	-2	-2	-2	-2	2	8	0	-2	7	4	-2	-2	-2	8	0	-2	8	-2	5	-2	8	-2	-2	-2	4	9	-2	-2	-2	5	5	8	9	7	-2	-2	-2	2	0	-2	-2	-2	4	2	5	-2	-2	3	-2	5	9	3	8	-2	9	-2	8	-2	5	-2	-2	-2	-2	1	-2	-2	-2	8	-2	9	2	-2	0	8	-2	1	-2	-2	-2	4	9	-2	5	-2	8	-2	-2	5	7	-2	-2	-2	3	8	-2	1	-2	-2	7	9	-2	-2	0	5	-2	-2	8	1	-2	3	-2	2	-2	-2	-2	3	5	-2	2	-2	-2	6	5	-2	-2	5	-2	3	6	-2	-2	-2
# Values
83.0	1468.0	42.0	48.0	12.0	23.0
4.0	1412.0	42.0	48.0	8.0	23.0
4.0	1354.0	37.0	38.0	0.0	2.0
3.0	936.0	16.0	4.0	0.0	0.0
3.0	43.0	11.0	0.0	0.0	0.0
0.0	41.0	11.0	0.0	0.0	0.0
0.0	30.0	11.0	0.0	0.0	0.0
0.0	6.0	0.0	0.0	0.0	0.0
0.0	24.0	11.0	0.0	0.0	0.0
0.0	19.0	11.0	0.0	0.0	0.0
0.0	17.0	6.0	0.0	0.0	0.0
0.0	0.0	1.0	0.0	0.0	0.0
0.0	17.0	5.0	0.0	0.0	0.0
0.0	0.0	1.0	0.0	0.0	0.0
0.0	17.0	4.0	0.0	0.0	0.0
0.0	17.0	3.0	0.0	0.0	0.0
0.0	7.0	0.0	0.0	0.0	0.0
0.0	10.0	3.0	0.0	0.0	0.0
0.0	10.0	2.0	0.0	0.0	0.0
0.0	8.0	2.0	0.0	0.0	0.0
0.0	2.0	0.0	0.0	0.0	0.0
0.0	6.0	2.0	0.0	0.0	0.0
0.0	2.0	0.0	0.0	0.0	0.0
0.0	0.0	1.0	0.0	0.0	0.0
0.0	0.0	1.0	0.0	0.0	0.0
0.0	2.0	5.0	0.0	0.0	0.0
0.0	5.0	0.0	0.0	0.0	0.0
0.0	11.0	0.0	0.0	0.0	0.0
3.0	2.0	0.0	0.0	0.0	0.0
0.0	893.0	5.0	4.0	0.0	0.0
0.0	194.0	3.0	4.0	0.0	0.0
0.0	23.0	3.0	0.0	0.0	0.0
0.0	0.0	1.0	0.0	0.0	0.0
0.0	23.0	2.0	0.0	0.0	0.0
0.0	23.0	1.0	0.0	0.0	0.0
0.0	3.0	1.0	0.0	0.0	0.0
0.0	20.0	0.0	0.0	0.0	0.0
0.0	0.0	1.0	0.0	0.0	0.0
0.0	171.0	0.0	4.0	0.0	0.0
0.0	171.0	0.0	3.0	0.0	0.0
0.0	2.0	0.0	1.0	0.0	0.0
0.0	169.0	0.0	2.0	0.0	0.0
0.0	104.0	0.0	0.0	0.0	0.0
0.0	65.0	0.0	2.0	0.0	0.0
0.0	2.0	0.0	1.0	0.0	0.0
0.0	63.0	0.0	1.0	0.0	0.0
0.0	51.0	0.0	1.0	0.0	0.0
0.0	12.0	0.0	0.0	0.0	0.0
0.0	0.0	0.0	1.0	0.0	0.0
0.0	699.0	2.0	0.0	0.0	0.0
0.0	59.0	2.0	0.0	0.0	0.0
0.0	57.0	0.0	0.0	0.0	0.0
0.0	2.0	2.0	0.0	0.0	0.0
0.0	640.0	0.0	0.0	0.0	0.0
1.0	418.0	21.0	34.0	0.0	2.0
0.0	124.0	18.0	29.0	0.0	0.0
0.0	65.0	12.0	1.0	0.0	0.0
0.0	7.0	12.0	0.0	0.0	0.0
0.0	7.0	7.0	0.0	0.0	0.0
0.0	1.0	6.0	0.0	0.0	0.0
0.0	6.0	1.0	0.0	0.0	0.0
0.0	0.0	5.0	0.0	0.0	0.0
0.0	58.0	0.0	1.0	0.0	0.0
0.0	10.0	0.0	1.0	0.0	0.0
0.0	10.0	0.0	0.0	0.0	0.0
0.0	0.0	0.0	1.0	0.0	0.0
0.0	48.0	0.0	0.0	0.0	0.0
0.0	59.0	6.0	28.0	0.0	0.0
0.0	59.0	2.0	28.0	0.0	0.0
0.0	23.0	0.0	1.0	0.0	0.0
0.0	1.0	0.0	1.0	0.0	0.0
0.0	22.0	0.0	0.0	0.0	0.0
0.0	36.0	2.0	27.0	0.0	0.0
0.0	13.0	0.0	0.0	0.0	0.0
0.0	23.0	2.0	27.0	0.0	0.0
0.0	13.0	2.0	25.0	0.0	0.0
0.0	13.0	1.0	19.0	0.0	0.0
0.0	13.0	1.0	12.0	0.0	0.0
0.0	0.0	1.0	0.0	0.0	0.0
0.0	13.0	0.0	12.0	0.0	0.0
0.0	1.0	0.0	8.0	0.0	0.0
0.0	12.0	0.0	4.0	0.0	0.0
0.0	0.0	0.0	2.0	0.0	0.0
0.0	12.0	0.0	2.0	0.0	0.0
0.0	4.0	0.0	2.0	0.0	0.0
0.0	8.0	0.0	0.0	0.0	0.0
0.0	0.0	0.0	7.0	0.0	0.0
0.0	0.0	1.0	6.0	0.0	0.0
0.0	10.0	0.0	2.0	0.0	0.0
0.0	6.0	0.0	0.0	0.0	0.0
0.0	4.0	0.0	2.0	0.0	0.0
0.0	0.0	4.0	0.0	0.0	0.0
1.0	294.0	3.0	5.0	0.0	2.0
0.0	2.0	3.0	0.0	0.0	0.0
1.0	292.0	0.0	5.0	0.0	2.0
1.0	235.0	0.0	2.0	0.0	0.0
1.0	8.0	0.0	0.0	0.0	0.0
0.0	227.0	0.0	2.0	0.0	0.0
0.0	224.0	0.0	1.0	0.0	0.0
0.0	193.0	0.0	0.0	0.0	0.0
0.0	31.0	0.0	1.0	0.0	0.0
0.0	1.0	0.0	1.0	0.0	0.0
0.0	30.0	0.0	0.0	0.0	0.0
0.0	3.0	0.0	1.0	0.0	0.0
0.0	57.0	0.0	3.0	0.0	2.0
0.0	12.0	0.0	2.0	0.0	2.0
0.0	2.0	0.0	2.0	0.0	0.0
0.0	10.0	0.0	0.0	0.0	2.0
0.0	0.0	0.0	0.0	0.0	1.0
0.0	10.0	0.0	0.0	0.0	1.0
0.0	4.0	0.0	0.0	0.0	1.0
0.0	6.0	0.0	0.0	0.0	0.0
0.0	45.0	0.0	1.0	0.0	0.0
0.0	13.0	0.0	1.0	0.0	0.0
0.0	11.0	0.0	0.0	0.0	0.0
0.0	2.0	0.0	1.0	0.0	0.0
0.0	32.0	0.0	0.0	0.0	0.0
0.0	58.0	5.0	10.0	8.0	21.0
0.0	43.0	4.0	0.0	0.0	4.0
0.0	0.0	4.0	0.0	0.0	1.0
0.0	43.0	0.0	0.0	0.0	3.0
0.0	40.0	0.0	0.0	0.0	0.0
0.0	3.0	0.0	0.0	0.0	3.0
0.0	15.0	1.0	10.0	8.0	17.0
0.0	0.0	1.0	0.0	0.0	14.0
0.0	0.0	1.0	0.0	0.0	1.0
0.0	0.0	0.0	0.0	0.0	13.0
0.0	15.0	0.0	10.0	8.0	3.0
0.0	11.0	0.0	2.0	0.0	0.0
0.0	1.0	0.0	2.0	0.0	0.0
0.0	10.0	0.0	0.0	0.0	0.0
0.0	4.0	0.0	8.0	8.0	3.0
0.0	3.0	0.0	8.0	5.0	0.0
0.0	2.0	0.0	0.0	2.0	0.0
0.0	1.0	0.0	8.0	3.0	0.0
0.0	1.0	0.0	0.0	0.0	0.0
0.0	0.0	0.0	8.0	3.0	0.0
0.0	0.0	0.0	4.0	0.0	0.0
0.0	0.0	0.0	4.0	3.0	0.0
0.0	1.0	0.0	0.0	3.0	3.0
79.0	56.0	0.0	0.0	4.0	0.0
54.0	2.0	0.0	0.0	1.0	0.0
5.0	2.0	0.0	0.0	0.0	0.0
49.0	0.0	0.0	0.0	1.0	0.0
47.0	0.0	0.0	0.0	0.0	0.0
2.0	0.0	0.0	0.0	1.0	0.0
25.0	54.0	0.0	0.0	3.0	0.0
13.0	2.0	0.0	0.0	2.0	0.0
4.0	2.0	0.0	0.0	2.0	0.0
9.0	0.0	0.0	0.0	0.0	0.0
12.0	52.0	0.0	0.0	1.0	0.0
0.0	45.0	0.0	0.0	0.0	0.0
12.0	7.0	0.0	0.0	1.0	0.0
11.0	1.0	0.0	0.0	0.0	0.0
10.0	0.0	0.0	0.0	0.0	0.0
1.0	1.0	0.0	0.0	0.0	0.0
1.0	6.0	0.0	0.0	1.0	0.0
