# Sizes (NFeatures, Nclasses, NodeCount, MaxDepth)
10	6	157	15
# Classes
0.0	1.0	2.0	3.0	4.0	5.0
# Feature Names
Nrows	Ncols	Nnnz	AvgNnnz	Density	MaxRowNnnz	MinRowNnnz	StdRowNnnz	NDiags	NTrueDiags
# Left
1	2	3	-1	5	6	7	8	9	10	11	12	13	14	15	16	-1	-1	-1	-1	-1	-1	-1	24	-1	26	27	28	-1	-1	-1	-1	-1	34	-1	-1	-1	-1	39	40	41	-1	43	44	45	-1	-1	-1	49	50	51	-1	53	54	-1	-1	-1	58	-1	-1	-1	62	63	-1	65	66	-1	-1	-1	-1	71	72	-1	74	-1	-1	77	78	-1	-1	-1	82	83	-1	-1	86	-1	-1	89	90	91	92	93	-1	-1	96	97	-1	-1	100	-1	-1	103	-1	-1	106	-1	108	109	110	111	112	113	-1	-1	-1	117	118	-1	-1	-1	-1	123	124	-1	-1	-1	128	-1	130	-1	132	133	-1	-1	-1	137	138	139	-1	141	-1	-1	144	145	146	-1	-1	-1	150	151	-1	-1	-1	155	-1	-1
# Right
88	81	4	-1	38	37	36	33	32	23	22	21	20	19	18	17	-1	-1	-1	-1	-1	-1	-1	25	-1	31	30	29	-1	-1	-1	-1	-1	35	-1	-1	-1	-1	70	61	42	-1	48	47	46	-1	-1	-1	60	57	52	-1	56	55	-1	-1	-1	59	-1	-1	-1	69	64	-1	68	67	-1	-1	-1	-1	76	73	-1	75	-1	-1	80	79	-1	-1	-1	85	84	-1	-1	87	-1	-1	136	105	102	95	94	-1	-1	99	98	-1	-1	101	-1	-1	104	-1	-1	107	-1	127	122	121	116	115	114	-1	-1	-1	120	119	-1	-1	-1	-1	126	125	-1	-1	-1	129	-1	131	-1	135	134	-1	-1	-1	154	143	140	-1	142	-1	-1	149	148	147	-1	-1	-1	153	152	-1	-1	-1	156	-1	-1
# Threshold
37797.5	3959.0	9.5	-2.0	1.2897050380706787	0.01343954959884286	20.0	13.0	91039.0	6.5	13273.0	4.868819952011108	0.008252165047451854	5.5	2528.0	0.9987500011920929	-2.0	-2.0	-2.0	-2.0	-2.0	-2.0	-2.0	481.0	-2.0	8.0	2750.0	0.29276949912309647	-2.0	-2.0	-2.0	-2.0	-2.0	0.00010261925126542337	-2.0	-2.0	-2.0	-2.0	32.5	208570.0	1.33502995967865	-2.0	33.5	32.5	0.12201499938964844	-2.0	-2.0	-2.0	13.5	2.394824981689453	12.5	-2.0	3.672094941139221	1094.5	-2.0	-2.0	-2.0	371.0	-2.0	-2.0	-2.0	25517.5	14031.5	-2.0	25324.5	0.0005929210165049881	-2.0	-2.0	-2.0	-2.0	46.0	22899.0	-2.0	23007.5	-2.0	-2.0	0.0029169400222599506	288.5	-2.0	-2.0	-2.0	8529.0	8686.0	-2.0	-2.0	104.55230140686035	-2.0	-2.0	3350.0	1.335889995098114	16.5	4.919649839401245	12815300.0	-2.0	-2.0	866.5	7.5	-2.0	-2.0	1.5	-2.0	-2.0	3.0	-2.0	-2.0	10.289700031280518	-2.0	11.577849864959717	34865050.0	14.5	32.0	15.892449855804443	12.922450065612793	-2.0	-2.0	-2.0	4287175.0	0.0004196779918856919	-2.0	-2.0	-2.0	-2.0	178362000.0	56277.5	-2.0	-2.0	-2.0	1.5160249859036412e-05	-2.0	306.5	-2.0	99.5	2930510.0	-2.0	-2.0	-2.0	3.5	7.616684913635254	4.515020009421278e-05	-2.0	21.06599998474121	-2.0	-2.0	13659.0	1507855.0	1579785.5	-2.0	-2.0	-2.0	2.5	2837210.0	-2.0	-2.0	-2.0	28794.0	-2.0	-2.0
# Feature
0	5	0	-2	7	4	9	8	2	8	0	3	4	8	0	3	-2	-2	-2	-2	-2	-2	-2	0	-2	9	0	7	-2	-2	-2	-2	-2	4	-2	-2	-2	-2	5	2	7	-2	1	0	4	-2	-2	-2	5	7	5	-2	3	2	-2	-2	-2	8	-2	-2	-2	0	0	-2	8	4	-2	-2	-2	-2	9	1	-2	0	-2	-2	4	8	-2	-2	-2	5	0	-2	-2	3	-2	-2	5	7	5	3	0	-2	-2	8	5	-2	-2	6	-2	-2	9	-2	-2	3	-2	7	2	6	5	3	3	-2	-2	-2	2	4	-2	-2	-2	-2	2	8	-2	-2	-2	4	-2	8	-2	5	2	-2	-2	-2	6	3	4	-2	7	-2	-2	5	0	2	-2	-2	-2	9	1	-2	-2	-2	5	-2	-2
# Values
83.0	1468.0	42.0	48.0	12.0	23.0
18.0	1149.0	28.0	16.0	0.0	0.0
4.0	1128.0	28.0	16.0	0.0	0.0
3.0	0.0	1.0	0.0	0.0	0.0
1.0	1128.0	27.0	16.0	0.0	0.0
0.0	191.0	22.0	1.0	0.0	0.0
0.0	134.0	22.0	1.0	0.0	0.0
0.0	134.0	19.0	1.0	0.0	0.0
0.0	44.0	19.0	0.0	0.0	0.0
0.0	44.0	16.0	0.0	0.0	0.0
0.0	14.0	11.0	0.0	0.0	0.0
0.0	14.0	9.0	0.0	0.0	0.0
0.0	12.0	5.0	0.0	0.0	0.0
0.0	12.0	4.0	0.0	0.0	0.0
0.0	12.0	3.0	0.0	0.0	0.0
0.0	9.0	1.0	0.0	0.0	0.0
0.0	0.0	1.0	0.0	0.0	0.0
0.0	9.0	0.0	0.0	0.0	0.0
0.0	3.0	2.0	0.0	0.0	0.0
0.0	0.0	1.0	0.0	0.0	0.0
0.0	0.0	1.0	0.0	0.0	0.0
0.0	2.0	4.0	0.0	0.0	0.0
0.0	0.0	2.0	0.0	0.0	0.0
0.0	30.0	5.0	0.0	0.0	0.0
0.0	0.0	1.0	0.0	0.0	0.0
0.0	30.0	4.0	0.0	0.0	0.0
0.0	28.0	2.0	0.0	0.0	0.0
0.0	14.0	2.0	0.0	0.0	0.0
0.0	3.0	2.0	0.0	0.0	0.0
0.0	11.0	0.0	0.0	0.0	0.0
0.0	14.0	0.0	0.0	0.0	0.0
0.0	2.0	2.0	0.0	0.0	0.0
0.0	0.0	3.0	0.0	0.0	0.0
0.0	90.0	0.0	1.0	0.0	0.0
0.0	2.0	0.0	1.0	0.0	0.0
0.0	88.0	0.0	0.0	0.0	0.0
0.0	0.0	3.0	0.0	0.0	0.0
0.0	57.0	0.0	0.0	0.0	0.0
1.0	937.0	5.0	15.0	0.0	0.0
0.0	282.0	2.0	15.0	0.0	0.0
0.0	277.0	1.0	5.0	0.0	0.0
0.0	0.0	0.0	1.0	0.0	0.0
0.0	277.0	1.0	4.0	0.0	0.0
0.0	11.0	1.0	1.0	0.0	0.0
0.0	11.0	0.0	1.0	0.0	0.0
0.0	0.0	0.0	1.0	0.0	0.0
0.0	11.0	0.0	0.0	0.0	0.0
0.0	0.0	1.0	0.0	0.0	0.0
0.0	266.0	0.0	3.0	0.0	0.0
0.0	142.0	0.0	3.0	0.0	0.0
0.0	125.0	0.0	1.0	0.0	0.0
0.0	65.0	0.0	0.0	0.0	0.0
0.0	60.0	0.0	1.0	0.0	0.0
0.0	52.0	0.0	1.0	0.0	0.0
0.0	1.0	0.0	0.0	0.0	0.0
0.0	51.0	0.0	1.0	0.0	0.0
0.0	8.0	0.0	0.0	0.0	0.0
0.0	17.0	0.0	2.0	0.0	0.0
0.0	14.0	0.0	0.0	0.0	0.0
0.0	3.0	0.0	2.0	0.0	0.0
0.0	124.0	0.0	0.0	0.0	0.0
0.0	5.0	1.0	10.0	0.0	0.0
0.0	2.0	1.0	10.0	0.0	0.0
0.0	0.0	1.0	0.0	0.0	0.0
0.0	2.0	0.0	10.0	0.0	0.0
0.0	1.0	0.0	10.0	0.0	0.0
0.0	1.0	0.0	1.0	0.0	0.0
0.0	0.0	0.0	9.0	0.0	0.0
0.0	1.0	0.0	0.0	0.0	0.0
0.0	3.0	0.0	0.0	0.0	0.0
1.0	655.0	3.0	0.0	0.0	0.0
1.0	542.0	0.0	0.0	0.0	0.0
0.0	488.0	0.0	0.0	0.0	0.0
1.0	54.0	0.0	0.0	0.0	0.0
1.0	0.0	0.0	0.0	0.0	0.0
0.0	54.0	0.0	0.0	0.0	0.0
0.0	113.0	3.0	0.0	0.0	0.0
0.0	8.0	3.0	0.0	0.0	0.0
0.0	0.0	3.0	0.0	0.0	0.0
0.0	8.0	0.0	0.0	0.0	0.0
0.0	105.0	0.0	0.0	0.0	0.0
14.0	21.0	0.0	0.0	0.0	0.0
3.0	18.0	0.0	0.0	0.0	0.0
3.0	0.0	0.0	0.0	0.0	0.0
0.0	18.0	0.0	0.0	0.0	0.0
11.0	3.0	0.0	0.0	0.0	0.0
11.0	0.0	0.0	0.0	0.0	0.0
0.0	3.0	0.0	0.0	0.0	0.0
65.0	319.0	14.0	32.0	12.0	23.0
0.0	285.0	14.0	32.0	8.0	23.0
0.0	54.0	13.0	0.0	0.0	18.0
0.0	53.0	13.0	0.0	0.0	4.0
0.0	33.0	0.0	0.0	0.0	2.0
0.0	30.0	0.0	0.0	0.0	0.0
0.0	3.0	0.0	0.0	0.0	2.0
0.0	20.0	13.0	0.0	0.0	2.0
0.0	0.0	13.0	0.0	0.0	1.0
0.0	0.0	9.0	0.0	0.0	0.0
0.0	0.0	4.0	0.0	0.0	1.0
0.0	20.0	0.0	0.0	0.0	1.0
0.0	4.0	0.0	0.0	0.0	1.0
0.0	16.0	0.0	0.0	0.0	0.0
0.0	1.0	0.0	0.0	0.0	14.0
0.0	1.0	0.0	0.0	0.0	0.0
0.0	0.0	0.0	0.0	0.0	14.0
0.0	231.0	1.0	32.0	8.0	5.0
0.0	119.0	0.0	0.0	0.0	0.0
0.0	112.0	1.0	32.0	8.0	5.0
0.0	31.0	0.0	30.0	7.0	4.0
0.0	30.0	0.0	21.0	0.0	4.0
0.0	21.0	0.0	21.0	0.0	4.0
0.0	4.0	0.0	16.0	0.0	0.0
0.0	4.0	0.0	8.0	0.0	0.0
0.0	0.0	0.0	6.0	0.0	0.0
0.0	4.0	0.0	2.0	0.0	0.0
0.0	0.0	0.0	8.0	0.0	0.0
0.0	17.0	0.0	5.0	0.0	4.0
0.0	14.0	0.0	3.0	0.0	0.0
0.0	11.0	0.0	0.0	0.0	0.0
0.0	3.0	0.0	3.0	0.0	0.0
0.0	3.0	0.0	2.0	0.0	4.0
0.0	9.0	0.0	0.0	0.0	0.0
0.0	1.0	0.0	9.0	7.0	0.0
0.0	1.0	0.0	5.0	7.0	0.0
0.0	0.0	0.0	5.0	1.0	0.0
0.0	1.0	0.0	0.0	6.0	0.0
0.0	0.0	0.0	4.0	0.0	0.0
0.0	81.0	1.0	2.0	1.0	1.0
0.0	1.0	0.0	0.0	1.0	1.0
0.0	80.0	1.0	2.0	0.0	0.0
0.0	0.0	1.0	0.0	0.0	0.0
0.0	80.0	0.0	2.0	0.0	0.0
0.0	16.0	0.0	2.0	0.0	0.0
0.0	3.0	0.0	2.0	0.0	0.0
0.0	13.0	0.0	0.0	0.0	0.0
0.0	64.0	0.0	0.0	0.0	0.0
65.0	34.0	0.0	0.0	4.0	0.0
64.0	14.0	0.0	0.0	4.0	0.0
35.0	1.0	0.0	0.0	0.0	0.0
22.0	0.0	0.0	0.0	0.0	0.0
13.0	1.0	0.0	0.0	0.0	0.0
0.0	1.0	0.0	0.0	0.0	0.0
13.0	0.0	0.0	0.0	0.0	0.0
29.0	13.0	0.0	0.0	4.0	0.0
8.0	12.0	0.0	0.0	2.0	0.0
4.0	12.0	0.0	0.0	0.0	0.0
4.0	5.0	0.0	0.0	0.0	0.0
0.0	7.0	0.0	0.0	0.0	0.0
4.0	0.0	0.0	0.0	2.0	0.0
21.0	1.0	0.0	0.0	2.0	0.0
16.0	1.0	0.0	0.0	0.0	0.0
14.0	0.0	0.0	0.0	0.0	0.0
2.0	1.0	0.0	0.0	0.0	0.0
5.0	0.0	0.0	0.0	2.0	0.0
1.0	20.0	0.0	0.0	0.0	0.0
0.0	19.0	0.0	0.0	0.0	0.0
1.0	1.0	0.0	0.0	0.0	0.0
