# Sizes (NFeatures, Nclasses, NodeCount, MaxDepth)
10	6	151	14
# Classes
0.0	1.0	2.0	3.0	4.0	5.0
# Feature Names
Nrows	Ncols	Nnnz	AvgNnnz	Density	MaxRowNnnz	MinRowNnnz	StdRowNnnz	NDiags	NTrueDiags
# Left
1	2	3	4	-1	6	7	8	9	-1	-1	12	13	14	-1	16	17	-1	-1	-1	21	22	23	24	25	-1	-1	-1	-1	-1	-1	-1	33	34	-1	36	-1	-1	-1	-1	41	42	43	44	45	-1	47	-1	49	50	-1	52	-1	-1	-1	-1	-1	58	59	-1	61	-1	63	-1	-1	66	-1	-1	69	70	-1	-1	73	74	-1	-1	-1	78	-1	80	-1	-1	83	84	85	86	87	-1	-1	-1	91	-1	93	-1	-1	96	97	98	-1	100	-1	-1	103	104	105	106	-1	-1	-1	110	111	112	-1	114	-1	-1	-1	-1	119	120	-1	-1	-1	124	125	126	-1	-1	-1	-1	131	132	133	134	-1	-1	137	-1	-1	140	141	142	-1	-1	-1	146	-1	-1	149	-1	-1
# Right
82	77	40	5	-1	39	32	11	10	-1	-1	31	20	15	-1	19	18	-1	-1	-1	30	29	28	27	26	-1	-1	-1	-1	-1	-1	-1	38	35	-1	37	-1	-1	-1	-1	68	57	56	55	46	-1	48	-1	54	51	-1	53	-1	-1	-1	-1	-1	65	60	-1	62	-1	64	-1	-1	67	-1	-1	72	71	-1	-1	76	75	-1	-1	-1	79	-1	81	-1	-1	130	95	90	89	88	-1	-1	-1	92	-1	94	-1	-1	123	102	99	-1	101	-1	-1	118	109	108	107	-1	-1	-1	117	116	113	-1	115	-1	-1	-1	-1	122	121	-1	-1	-1	129	128	127	-1	-1	-1	-1	148	139	136	135	-1	-1	138	-1	-1	145	144	143	-1	-1	-1	147	-1	-1	150	-1	-1
# Threshold
37797.5	3959.0	34.0	25.5	-2.0	203571.5	1.0157449841499329	319.0	2.0	-2.0	-2.0	8.0	6.5	410.0	-2.0	4.868819952011108	2528.0	-2.0	-2.0	-2.0	13241.0	12190.5	9057.0	0.011100574862211943	1625.0	-2.0	-2.0	-2.0	-2.0	-2.0	-2.0	-2.0	34.5	0.13229599967598915	-2.0	9.5	-2.0	-2.0	-2.0	-2.0	32.5	12328.5	3.9937349557876587	3.9699249267578125	1.5716400146484375	-2.0	12.5	-2.0	13.5	1094.5	-2.0	316.0	-2.0	-2.0	-2.0	-2.0	-2.0	0.0005929210165049881	23189.5	-2.0	3.5	-2.0	23711.0	-2.0	-2.0	16675.5	-2.0	-2.0	100.5	0.0036201850743964314	-2.0	-2.0	0.00019101549696642905	35794.5	-2.0	-2.0	-2.0	9.96680498123169	-2.0	26395.5	-2.0	-2.0	3350.0	10.289700031280518	0.4843124896287918	7.20411007932853e-05	4.995644807815552	-2.0	-2.0	-2.0	1021305.0	-2.0	29516250.0	-2.0	-2.0	11.577849864959717	1.3528650403022766	12.933350086212158	-2.0	37.5	-2.0	-2.0	34865050.0	32.0	15.892449855804443	22440.0	-2.0	-2.0	-2.0	624374.5	14.5	28.217350006103516	-2.0	57.0	-2.0	-2.0	-2.0	-2.0	19.0	51.59084892272949	-2.0	-2.0	-2.0	2581205.0	62893.5	22.503199577331543	-2.0	-2.0	-2.0	-2.0	3.5	11682150.0	39.9827995300293	1.5	-2.0	-2.0	8943.5	-2.0	-2.0	8.278354926005704e-06	20.20550012588501	29638050.0	-2.0	-2.0	-2.0	45352.5	-2.0	-2.0	28794.0	-2.0	-2.0
# Feature
0	5	8	2	-2	2	7	1	5	-2	-2	9	8	0	-2	3	0	-2	-2	-2	2	2	2	4	1	-2	-2	-2	-2	-2	-2	-2	1	4	-2	0	-2	-2	-2	-2	5	1	3	3	3	-2	5	-2	5	2	-2	8	-2	-2	-2	-2	-2	4	1	-2	5	-2	0	-2	-2	1	-2	-2	8	4	-2	-2	4	8	-2	-2	-2	3	-2	1	-2	-2	5	3	7	4	3	-2	-2	-2	8	-2	2	-2	-2	7	7	3	-2	8	-2	-2	2	5	3	8	-2	-2	-2	8	6	3	-2	9	-2	-2	-2	-2	9	3	-2	-2	-2	8	1	7	-2	-2	-2	-2	6	2	7	6	-2	-2	5	-2	-2	4	3	2	-2	-2	-2	5	-2	-2	5	-2	-2
# Values
83.0	1468.0	42.0	48.0	12.0	23.0
18.0	1149.0	28.0	16.0	0.0	0.0
4.0	1128.0	28.0	16.0	0.0	0.0
3.0	107.0	25.0	1.0	0.0	0.0
3.0	0.0	0.0	0.0	0.0	0.0
0.0	107.0	25.0	1.0	0.0	0.0
0.0	107.0	20.0	1.0	0.0	0.0
0.0	62.0	18.0	0.0	0.0	0.0
0.0	18.0	1.0	0.0	0.0	0.0
0.0	3.0	1.0	0.0	0.0	0.0
0.0	15.0	0.0	0.0	0.0	0.0
0.0	44.0	17.0	0.0	0.0	0.0
0.0	42.0	13.0	0.0	0.0	0.0
0.0	12.0	10.0	0.0	0.0	0.0
0.0	0.0	2.0	0.0	0.0	0.0
0.0	12.0	8.0	0.0	0.0	0.0
0.0	10.0	4.0	0.0	0.0	0.0
0.0	7.0	0.0	0.0	0.0	0.0
0.0	3.0	4.0	0.0	0.0	0.0
0.0	2.0	4.0	0.0	0.0	0.0
0.0	30.0	3.0	0.0	0.0	0.0
0.0	15.0	3.0	0.0	0.0	0.0
0.0	15.0	2.0	0.0	0.0	0.0
0.0	9.0	2.0	0.0	0.0	0.0
0.0	9.0	1.0	0.0	0.0	0.0
0.0	7.0	0.0	0.0	0.0	0.0
0.0	2.0	1.0	0.0	0.0	0.0
0.0	0.0	1.0	0.0	0.0	0.0
0.0	6.0	0.0	0.0	0.0	0.0
0.0	0.0	1.0	0.0	0.0	0.0
0.0	15.0	0.0	0.0	0.0	0.0
0.0	2.0	4.0	0.0	0.0	0.0
0.0	45.0	2.0	1.0	0.0	0.0
0.0	10.0	2.0	1.0	0.0	0.0
0.0	1.0	1.0	1.0	0.0	0.0
0.0	9.0	1.0	0.0	0.0	0.0
0.0	0.0	1.0	0.0	0.0	0.0
0.0	9.0	0.0	0.0	0.0	0.0
0.0	35.0	0.0	0.0	0.0	0.0
0.0	0.0	5.0	0.0	0.0	0.0
1.0	1021.0	3.0	15.0	0.0	0.0
0.0	360.0	0.0	15.0	0.0	0.0
0.0	316.0	0.0	3.0	0.0	0.0
0.0	123.0	0.0	3.0	0.0	0.0
0.0	123.0	0.0	2.0	0.0	0.0
0.0	7.0	0.0	1.0	0.0	0.0
0.0	116.0	0.0	1.0	0.0	0.0
0.0	54.0	0.0	0.0	0.0	0.0
0.0	62.0	0.0	1.0	0.0	0.0
0.0	53.0	0.0	1.0	0.0	0.0
0.0	1.0	0.0	0.0	0.0	0.0
0.0	52.0	0.0	1.0	0.0	0.0
0.0	51.0	0.0	1.0	0.0	0.0
0.0	1.0	0.0	0.0	0.0	0.0
0.0	9.0	0.0	0.0	0.0	0.0
0.0	0.0	0.0	1.0	0.0	0.0
0.0	193.0	0.0	0.0	0.0	0.0
0.0	44.0	0.0	12.0	0.0	0.0
0.0	42.0	0.0	2.0	0.0	0.0
0.0	27.0	0.0	0.0	0.0	0.0
0.0	15.0	0.0	2.0	0.0	0.0
0.0	1.0	0.0	1.0	0.0	0.0
0.0	14.0	0.0	1.0	0.0	0.0
0.0	0.0	0.0	1.0	0.0	0.0
0.0	14.0	0.0	0.0	0.0	0.0
0.0	2.0	0.0	10.0	0.0	0.0
0.0	2.0	0.0	3.0	0.0	0.0
0.0	0.0	0.0	7.0	0.0	0.0
1.0	661.0	3.0	0.0	0.0	0.0
0.0	19.0	3.0	0.0	0.0	0.0
0.0	2.0	3.0	0.0	0.0	0.0
0.0	17.0	0.0	0.0	0.0	0.0
1.0	642.0	0.0	0.0	0.0	0.0
1.0	15.0	0.0	0.0	0.0	0.0
0.0	15.0	0.0	0.0	0.0	0.0
1.0	0.0	0.0	0.0	0.0	0.0
0.0	627.0	0.0	0.0	0.0	0.0
14.0	21.0	0.0	0.0	0.0	0.0
12.0	0.0	0.0	0.0	0.0	0.0
2.0	21.0	0.0	0.0	0.0	0.0
0.0	17.0	0.0	0.0	0.0	0.0
2.0	4.0	0.0	0.0	0.0	0.0
65.0	319.0	14.0	32.0	12.0	23.0
0.0	285.0	14.0	32.0	8.0	23.0
0.0	168.0	9.0	0.0	0.0	4.0
0.0	24.0	9.0	0.0	0.0	1.0
0.0	24.0	5.0	0.0	0.0	1.0
0.0	23.0	0.0	0.0	0.0	0.0
0.0	1.0	5.0	0.0	0.0	1.0
0.0	0.0	4.0	0.0	0.0	0.0
0.0	144.0	0.0	0.0	0.0	3.0
0.0	130.0	0.0	0.0	0.0	0.0
0.0	14.0	0.0	0.0	0.0	3.0
0.0	13.0	0.0	0.0	0.0	0.0
0.0	1.0	0.0	0.0	0.0	3.0
0.0	117.0	5.0	32.0	8.0	19.0
0.0	36.0	4.0	30.0	7.0	18.0
0.0	5.0	4.0	0.0	0.0	14.0
0.0	5.0	3.0	0.0	0.0	0.0
0.0	0.0	1.0	0.0	0.0	14.0
0.0	0.0	1.0	0.0	0.0	0.0
0.0	0.0	0.0	0.0	0.0	14.0
0.0	31.0	0.0	30.0	7.0	4.0
0.0	30.0	0.0	21.0	0.0	4.0
0.0	4.0	0.0	16.0	0.0	0.0
0.0	4.0	0.0	8.0	0.0	0.0
0.0	0.0	0.0	7.0	0.0	0.0
0.0	4.0	0.0	1.0	0.0	0.0
0.0	0.0	0.0	8.0	0.0	0.0
0.0	26.0	0.0	5.0	0.0	4.0
0.0	26.0	0.0	5.0	0.0	2.0
0.0	17.0	0.0	5.0	0.0	2.0
0.0	14.0	0.0	0.0	0.0	0.0
0.0	3.0	0.0	5.0	0.0	2.0
0.0	1.0	0.0	5.0	0.0	0.0
0.0	2.0	0.0	0.0	0.0	2.0
0.0	9.0	0.0	0.0	0.0	0.0
0.0	0.0	0.0	0.0	0.0	2.0
0.0	1.0	0.0	9.0	7.0	0.0
0.0	0.0	0.0	6.0	7.0	0.0
0.0	0.0	0.0	6.0	3.0	0.0
0.0	0.0	0.0	0.0	4.0	0.0
0.0	1.0	0.0	3.0	0.0	0.0
0.0	81.0	1.0	2.0	1.0	1.0
0.0	80.0	1.0	2.0	0.0	0.0
0.0	26.0	1.0	2.0	0.0	0.0
0.0	5.0	1.0	2.0	0.0	0.0
0.0	21.0	0.0	0.0	0.0	0.0
0.0	54.0	0.0	0.0	0.0	0.0
0.0	1.0	0.0	0.0	1.0	1.0
65.0	34.0	0.0	0.0	4.0	0.0
64.0	14.0	0.0	0.0	4.0	0.0
49.0	8.0	0.0	0.0	0.0	0.0
8.0	6.0	0.0	0.0	0.0	0.0
7.0	1.0	0.0	0.0	0.0	0.0
1.0	5.0	0.0	0.0	0.0	0.0
41.0	2.0	0.0	0.0	0.0	0.0
3.0	2.0	0.0	0.0	0.0	0.0
38.0	0.0	0.0	0.0	0.0	0.0
15.0	6.0	0.0	0.0	4.0	0.0
11.0	0.0	0.0	0.0	2.0	0.0
11.0	0.0	0.0	0.0	1.0	0.0
2.0	0.0	0.0	0.0	1.0	0.0
9.0	0.0	0.0	0.0	0.0	0.0
0.0	0.0	0.0	0.0	1.0	0.0
4.0	6.0	0.0	0.0	2.0	0.0
0.0	6.0	0.0	0.0	2.0	0.0
4.0	0.0	0.0	0.0	0.0	0.0
1.0	20.0	0.0	0.0	0.0	0.0
0.0	19.0	0.0	0.0	0.0	0.0
1.0	1.0	0.0	0.0	0.0	0.0
