# Sizes (NFeatures, Nclasses, NodeCount, MaxDepth)
10	4	195	13
# Classes
0.0	1.0	2.0	3.0
# Feature Names
Nrows	Ncols	Nnnz	AvgNnnz	Density	MaxRowNnnz	MinRowNnnz	StdRowNnnz	NDiags	NTrueDiags
# Left
1	2	3	4	5	-1	7	-1	-1	10	-1	12	-1	14	-1	-1	17	18	-1	-1	-1	22	-1	24	-1	26	27	28	-1	-1	31	-1	33	-1	-1	36	-1	-1	39	40	41	-1	43	44	45	-1	47	-1	-1	50	51	52	53	-1	-1	56	57	58	-1	60	-1	-1	-1	-1	65	66	-1	68	-1	-1	71	72	-1	74	-1	-1	-1	78	-1	80	81	-1	-1	84	85	-1	-1	-1	89	-1	-1	92	93	94	95	96	97	98	99	100	-1	102	-1	-1	-1	106	-1	108	-1	-1	111	-1	113	114	-1	-1	-1	118	119	-1	-1	122	-1	-1	125	-1	127	128	-1	-1	-1	132	133	134	-1	136	-1	138	-1	-1	-1	-1	143	144	145	146	147	-1	-1	-1	-1	152	-1	-1	155	-1	157	-1	159	-1	-1	162	163	164	165	-1	-1	-1	169	170	171	-1	-1	174	175	-1	177	-1	-1	-1	-1	182	-1	-1	185	-1	187	188	189	190	-1	-1	-1	-1	-1
# Right
38	21	16	9	6	-1	8	-1	-1	11	-1	13	-1	15	-1	-1	20	19	-1	-1	-1	23	-1	25	-1	35	30	29	-1	-1	32	-1	34	-1	-1	37	-1	-1	184	91	42	-1	88	49	46	-1	48	-1	-1	77	64	55	54	-1	-1	63	62	59	-1	61	-1	-1	-1	-1	70	67	-1	69	-1	-1	76	73	-1	75	-1	-1	-1	79	-1	83	82	-1	-1	87	86	-1	-1	-1	90	-1	-1	161	142	131	124	117	110	105	104	101	-1	103	-1	-1	-1	107	-1	109	-1	-1	112	-1	116	115	-1	-1	-1	121	120	-1	-1	123	-1	-1	126	-1	130	129	-1	-1	-1	141	140	135	-1	137	-1	139	-1	-1	-1	-1	154	151	150	149	148	-1	-1	-1	-1	153	-1	-1	156	-1	158	-1	160	-1	-1	181	168	167	166	-1	-1	-1	180	173	172	-1	-1	179	176	-1	178	-1	-1	-1	-1	183	-1	-1	186	-1	194	193	192	191	-1	-1	-1	-1	-1
# Threshold
5.699335098266602	2.5	5.53725004196167	5.5	10.452189922332764	-2.0	0.5	-2.0	-2.0	6.5	-2.0	0.03389025013893843	-2.0	85.5	-2.0	-2.0	5.643470048904419	1228.5	-2.0	-2.0	-2.0	6.0	-2.0	4.699655055999756	-2.0	0.6983755230903625	6.0	21282.0	-2.0	-2.0	5.222204923629761	-2.0	0.5232084840536118	-2.0	-2.0	7.5	-2.0	-2.0	13.5	7.392284870147705	10.0	-2.0	14.930350303649902	1.6214750409126282	2320030.0	-2.0	6276185.0	-2.0	-2.0	1571.5	15.5	40.0	6.7801899909973145	-2.0	-2.0	320.0	10.0	2224.5	-2.0	6.5	-2.0	-2.0	-2.0	-2.0	5.9281699657440186	148.0	-2.0	213.5	-2.0	-2.0	19.5	2.565845012664795	-2.0	0.004085060092620552	-2.0	-2.0	-2.0	6.554579973220825	-2.0	3.4153800010681152	11.5	-2.0	-2.0	1101616.0	11.852050304412842	-2.0	-2.0	-2.0	231038.0	-2.0	-2.0	5.5	24.75850009918213	1.5	18.514199256896973	399364.0	94529.5	617.0	0.07180975005030632	11.510550022125244	-2.0	11.52524471282959	-2.0	-2.0	-2.0	23.194050788879395	-2.0	67048.0	-2.0	-2.0	52392.5	-2.0	1393.0	60043.5	-2.0	-2.0	-2.0	65.34225082397461	25230.0	-2.0	-2.0	329160.5	-2.0	-2.0	0.0019935149466618896	-2.0	5719.0	20.091349601745605	-2.0	-2.0	-2.0	7.791064977645874	4.635540008544922	3.5	-2.0	2.5	-2.0	3.928290009498596	-2.0	-2.0	-2.0	-2.0	4.0	29.5	1.5	222.0	13980.0	-2.0	-2.0	-2.0	-2.0	1562.0	-2.0	-2.0	0.00011506270311656408	-2.0	16.5	-2.0	486266.0	-2.0	-2.0	29.81029987335205	10.5	10.0	19898.0	-2.0	-2.0	-2.0	60.10464859008789	7.5	11.114200115203857	-2.0	-2.0	1.615494966506958	1.3004350066184998	-2.0	9.5	-2.0	-2.0	-2.0	-2.0	5.5	-2.0	-2.0	21.5	-2.0	29.5	40.0	16.0	10470.0	-2.0	-2.0	-2.0	-2.0	-2.0
# Feature
3	6	3	9	7	-2	6	-2	-2	8	-2	4	-2	0	-2	-2	3	5	-2	-2	-2	8	-2	3	-2	7	9	8	-2	-2	3	-2	7	-2	-2	5	-2	-2	9	3	8	-2	7	7	8	-2	1	-2	-2	8	5	8	3	-2	-2	8	9	1	-2	9	-2	-2	-2	-2	3	0	-2	8	-2	-2	5	7	-2	4	-2	-2	-2	3	-2	7	5	-2	-2	2	7	-2	-2	-2	0	-2	-2	9	3	6	3	8	2	8	4	3	-2	7	-2	-2	-2	7	-2	2	-2	-2	8	-2	5	8	-2	-2	-2	7	5	-2	-2	5	-2	-2	4	-2	8	3	-2	-2	-2	7	7	6	-2	9	-2	7	-2	-2	-2	-2	9	6	6	5	0	-2	-2	-2	-2	8	-2	-2	4	-2	6	-2	2	-2	-2	7	5	8	1	-2	-2	-2	3	9	3	-2	-2	7	7	-2	9	-2	-2	-2	-2	6	-2	-2	8	-2	5	9	9	0	-2	-2	-2	-2	-2
# Values
462.0	746.0	42.0	265.0
413.0	10.0	14.0	11.0
381.0	7.0	4.0	2.0
376.0	5.0	4.0	0.0
360.0	4.0	0.0	0.0
334.0	0.0	0.0	0.0
26.0	4.0	0.0	0.0
0.0	4.0	0.0	0.0
26.0	0.0	0.0	0.0
16.0	1.0	4.0	0.0
0.0	0.0	4.0	0.0
16.0	1.0	0.0	0.0
15.0	0.0	0.0	0.0
1.0	1.0	0.0	0.0
1.0	0.0	0.0	0.0
0.0	1.0	0.0	0.0
5.0	2.0	0.0	2.0
0.0	2.0	0.0	2.0
0.0	2.0	0.0	0.0
0.0	0.0	0.0	2.0
5.0	0.0	0.0	0.0
32.0	3.0	10.0	9.0
0.0	0.0	9.0	0.0
32.0	3.0	1.0	9.0
25.0	0.0	0.0	0.0
7.0	3.0	1.0	9.0
2.0	1.0	1.0	9.0
1.0	0.0	0.0	9.0
0.0	0.0	0.0	9.0
1.0	0.0	0.0	0.0
1.0	1.0	1.0	0.0
0.0	0.0	1.0	0.0
1.0	1.0	0.0	0.0
0.0	1.0	0.0	0.0
1.0	0.0	0.0	0.0
5.0	2.0	0.0	0.0
0.0	2.0	0.0	0.0
5.0	0.0	0.0	0.0
49.0	736.0	28.0	254.0
49.0	434.0	26.0	251.0
36.0	196.0	19.0	22.0
0.0	0.0	19.0	0.0
36.0	196.0	0.0	22.0
36.0	114.0	0.0	21.0
2.0	67.0	0.0	0.0
0.0	63.0	0.0	0.0
2.0	4.0	0.0	0.0
2.0	0.0	0.0	0.0
0.0	4.0	0.0	0.0
34.0	47.0	0.0	21.0
14.0	39.0	0.0	7.0
13.0	11.0	0.0	1.0
0.0	7.0	0.0	1.0
0.0	7.0	0.0	0.0
0.0	0.0	0.0	1.0
13.0	4.0	0.0	0.0
13.0	2.0	0.0	0.0
13.0	1.0	0.0	0.0
12.0	0.0	0.0	0.0
1.0	1.0	0.0	0.0
1.0	0.0	0.0	0.0
0.0	1.0	0.0	0.0
0.0	1.0	0.0	0.0
0.0	2.0	0.0	0.0
1.0	28.0	0.0	6.0
0.0	4.0	0.0	5.0
0.0	0.0	0.0	3.0
0.0	4.0	0.0	2.0
0.0	2.0	0.0	0.0
0.0	2.0	0.0	2.0
1.0	24.0	0.0	1.0
1.0	3.0	0.0	1.0
0.0	3.0	0.0	0.0
1.0	0.0	0.0	1.0
1.0	0.0	0.0	0.0
0.0	0.0	0.0	1.0
0.0	21.0	0.0	0.0
20.0	8.0	0.0	14.0
17.0	0.0	0.0	0.0
3.0	8.0	0.0	14.0
0.0	7.0	0.0	2.0
0.0	0.0	0.0	2.0
0.0	7.0	0.0	0.0
3.0	1.0	0.0	12.0
0.0	1.0	0.0	12.0
0.0	0.0	0.0	12.0
0.0	1.0	0.0	0.0
3.0	0.0	0.0	0.0
0.0	82.0	0.0	1.0
0.0	82.0	0.0	0.0
0.0	0.0	0.0	1.0
13.0	238.0	7.0	229.0
11.0	135.0	0.0	195.0
11.0	83.0	0.0	184.0
11.0	66.0	0.0	43.0
11.0	64.0	0.0	27.0
2.0	59.0	0.0	22.0
0.0	21.0	0.0	21.0
0.0	16.0	0.0	2.0
0.0	16.0	0.0	1.0
0.0	15.0	0.0	0.0
0.0	1.0	0.0	1.0
0.0	0.0	0.0	1.0
0.0	1.0	0.0	0.0
0.0	0.0	0.0	1.0
0.0	5.0	0.0	19.0
0.0	0.0	0.0	15.0
0.0	5.0	0.0	4.0
0.0	5.0	0.0	0.0
0.0	0.0	0.0	4.0
2.0	38.0	0.0	1.0
0.0	30.0	0.0	0.0
2.0	8.0	0.0	1.0
2.0	0.0	0.0	1.0
0.0	0.0	0.0	1.0
2.0	0.0	0.0	0.0
0.0	8.0	0.0	0.0
9.0	5.0	0.0	5.0
9.0	1.0	0.0	0.0
9.0	0.0	0.0	0.0
0.0	1.0	0.0	0.0
0.0	4.0	0.0	5.0
0.0	0.0	0.0	5.0
0.0	4.0	0.0	0.0
0.0	2.0	0.0	16.0
0.0	0.0	0.0	13.0
0.0	2.0	0.0	3.0
0.0	1.0	0.0	3.0
0.0	0.0	0.0	1.0
0.0	1.0	0.0	2.0
0.0	1.0	0.0	0.0
0.0	17.0	0.0	141.0
0.0	17.0	0.0	41.0
0.0	6.0	0.0	41.0
0.0	5.0	0.0	0.0
0.0	1.0	0.0	41.0
0.0	0.0	0.0	33.0
0.0	1.0	0.0	8.0
0.0	0.0	0.0	8.0
0.0	1.0	0.0	0.0
0.0	11.0	0.0	0.0
0.0	0.0	0.0	100.0
0.0	52.0	0.0	11.0
0.0	47.0	0.0	5.0
0.0	46.0	0.0	2.0
0.0	15.0	0.0	2.0
0.0	1.0	0.0	2.0
0.0	1.0	0.0	0.0
0.0	0.0	0.0	2.0
0.0	14.0	0.0	0.0
0.0	31.0	0.0	0.0
0.0	1.0	0.0	3.0
0.0	0.0	0.0	3.0
0.0	1.0	0.0	0.0
0.0	5.0	0.0	6.0
0.0	0.0	0.0	3.0
0.0	5.0	0.0	3.0
0.0	4.0	0.0	0.0
0.0	1.0	0.0	3.0
0.0	1.0	0.0	0.0
0.0	0.0	0.0	3.0
2.0	103.0	7.0	34.0
2.0	101.0	7.0	15.0
0.0	1.0	7.0	5.0
0.0	1.0	7.0	0.0
0.0	0.0	7.0	0.0
0.0	1.0	0.0	0.0
0.0	0.0	0.0	5.0
2.0	100.0	0.0	10.0
2.0	100.0	0.0	7.0
0.0	19.0	0.0	6.0
0.0	19.0	0.0	0.0
0.0	0.0	0.0	6.0
2.0	81.0	0.0	1.0
2.0	3.0	0.0	1.0
0.0	3.0	0.0	0.0
2.0	0.0	0.0	1.0
0.0	0.0	0.0	1.0
2.0	0.0	0.0	0.0
0.0	78.0	0.0	0.0
0.0	0.0	0.0	3.0
0.0	2.0	0.0	19.0
0.0	2.0	0.0	0.0
0.0	0.0	0.0	19.0
0.0	302.0	2.0	3.0
0.0	0.0	2.0	0.0
0.0	302.0	0.0	3.0
0.0	33.0	0.0	3.0
0.0	33.0	0.0	1.0
0.0	5.0	0.0	1.0
0.0	5.0	0.0	0.0
0.0	0.0	0.0	1.0
0.0	28.0	0.0	0.0
0.0	0.0	0.0	2.0
0.0	269.0	0.0	0.0
