# Sizes (NFeatures, Nclasses, NodeCount, MaxDepth)
10	4	245	14
# Classes
0.0	1.0	2.0	3.0
# Feature Names
Nrows	Ncols	Nnnz	AvgNnnz	Density	MaxRowNnnz	MinRowNnnz	StdRowNnnz	NDiags	NTrueDiags
# Left
1	2	3	-1	5	6	-1	8	9	-1	-1	-1	13	-1	-1	16	17	18	19	-1	21	-1	-1	-1	25	26	-1	-1	-1	30	31	-1	33	34	35	-1	37	-1	-1	-1	41	-1	-1	44	-1	46	-1	48	49	-1	-1	-1	53	54	55	56	-1	58	59	-1	61	-1	-1	64	65	66	-1	68	-1	-1	71	72	-1	-1	75	76	-1	78	-1	-1	-1	82	83	-1	-1	-1	87	-1	-1	90	91	92	93	94	95	96	-1	-1	99	-1	101	102	103	-1	-1	106	107	-1	-1	-1	-1	112	-1	-1	115	-1	117	118	-1	120	-1	-1	123	124	125	-1	-1	-1	-1	130	131	132	-1	-1	135	-1	137	-1	-1	140	-1	142	143	-1	-1	-1	147	148	-1	-1	151	152	153	154	-1	-1	157	158	-1	-1	161	-1	-1	164	-1	166	167	168	-1	170	-1	-1	-1	-1	-1	176	-1	178	179	180	-1	-1	-1	184	185	186	187	-1	-1	190	-1	192	-1	-1	-1	196	197	198	-1	-1	-1	202	-1	-1	205	206	207	-1	209	210	-1	-1	213	214	-1	216	217	-1	-1	220	-1	222	-1	-1	-1	-1	227	228	229	-1	-1	-1	233	-1	235	236	237	-1	-1	240	241	-1	-1	-1	-1
# Right
52	15	4	-1	12	7	-1	11	10	-1	-1	-1	14	-1	-1	29	24	23	20	-1	22	-1	-1	-1	28	27	-1	-1	-1	43	32	-1	40	39	36	-1	38	-1	-1	-1	42	-1	-1	45	-1	47	-1	51	50	-1	-1	-1	204	89	86	57	-1	63	60	-1	62	-1	-1	81	70	67	-1	69	-1	-1	74	73	-1	-1	80	77	-1	79	-1	-1	-1	85	84	-1	-1	-1	88	-1	-1	175	146	129	114	111	98	97	-1	-1	100	-1	110	105	104	-1	-1	109	108	-1	-1	-1	-1	113	-1	-1	116	-1	122	119	-1	121	-1	-1	128	127	126	-1	-1	-1	-1	139	134	133	-1	-1	136	-1	138	-1	-1	141	-1	145	144	-1	-1	-1	150	149	-1	-1	174	163	156	155	-1	-1	160	159	-1	-1	162	-1	-1	165	-1	173	172	169	-1	171	-1	-1	-1	-1	-1	177	-1	183	182	181	-1	-1	-1	195	194	189	188	-1	-1	191	-1	193	-1	-1	-1	201	200	199	-1	-1	-1	203	-1	-1	226	225	208	-1	212	211	-1	-1	224	215	-1	219	218	-1	-1	221	-1	223	-1	-1	-1	-1	232	231	230	-1	-1	-1	234	-1	244	239	238	-1	-1	243	242	-1	-1	-1	-1
# Threshold
5.886250019073486	7.5	3.871000051498413	-2.0	265481.5	1041.0	-2.0	818.0	0.007564015220850706	-2.0	-2.0	-2.0	538239.5	-2.0	-2.0	5.021554946899414	9.92519998550415	13.5	6.5	-2.0	0.009498595260083675	-2.0	-2.0	-2.0	0.5	1425.5	-2.0	-2.0	-2.0	360.5	1.2295959889888763	-2.0	5.757390022277832	2.5	2.9760050773620605	-2.0	1530.0	-2.0	-2.0	-2.0	204.0	-2.0	-2.0	1.036694496870041	-2.0	14.702200412750244	-2.0	311199.0	1.5	-2.0	-2.0	-2.0	9.5	6.811089992523193	9.274789810180664	14.0	-2.0	1.734149992465973	2919215.0	-2.0	3.0	-2.0	-2.0	24031.5	1.5	6.172600030899048	-2.0	3151.5	-2.0	-2.0	40.0	2.5	-2.0	-2.0	227.0	4.1458799839019775	-2.0	1334.0	-2.0	-2.0	-2.0	5.7965099811553955	98125.0	-2.0	-2.0	-2.0	3.4027500078082085e-05	-2.0	-2.0	72528.0	4.5	21.766950607299805	1.5	1.5	0.5	37.28044891357422	-2.0	-2.0	0.0002857590006897226	-2.0	60.05215072631836	3187.0	2600.5	-2.0	-2.0	26398.0	7.115045070648193	-2.0	-2.0	-2.0	-2.0	38556.5	-2.0	-2.0	0.6670079827308655	-2.0	3.7655400037765503	3.2242099046707153	-2.0	10750.0	-2.0	-2.0	128.0	9.382265090942383	2288.5	-2.0	-2.0	-2.0	-2.0	13757.0	29.5	0.0017986749880947173	-2.0	-2.0	6.65301513671875	-2.0	5264.0	-2.0	-2.0	0.5	-2.0	175.0	19774.0	-2.0	-2.0	-2.0	53.5	0.016109945252537727	-2.0	-2.0	68.28269958496094	502.0	8.478314876556396	6.89666485786438	-2.0	-2.0	3.5	2701.5	-2.0	-2.0	3051.5	-2.0	-2.0	0.00015090650413185358	-2.0	113.89200210571289	23801.5	1129.0	-2.0	1056.5	-2.0	-2.0	-2.0	-2.0	-2.0	10.5	-2.0	3.0039150714874268	5.0	338871992.0	-2.0	-2.0	-2.0	1.5	3472360.0	8.82912015914917	7.879779815673828	-2.0	-2.0	822262.5	-2.0	942955.0	-2.0	-2.0	-2.0	4981.5	62842.0	7704965.0	-2.0	-2.0	-2.0	0.005260023703158367	-2.0	-2.0	13.5	29.81029987335205	20.5	-2.0	0.00011675329733407125	21002598.0	-2.0	-2.0	200489.5	12.5	-2.0	1.7603199481964111	467.5	-2.0	-2.0	10.0	-2.0	4113.0	-2.0	-2.0	-2.0	-2.0	29.0	214122.0	23.0	-2.0	-2.0	-2.0	1.3431045317702228e-05	-2.0	44072.5	32.5	16.758000373840332	-2.0	-2.0	14257.0	12914.0	-2.0	-2.0	-2.0	-2.0
# Feature
3	8	3	-2	2	2	-2	0	4	-2	-2	-2	0	-2	-2	3	7	8	5	-2	4	-2	-2	-2	6	5	-2	-2	-2	8	7	-2	3	6	7	-2	2	-2	-2	-2	1	-2	-2	7	-2	7	-2	2	9	-2	-2	-2	9	3	7	8	-2	7	8	-2	9	-2	-2	1	9	3	-2	0	-2	-2	8	6	-2	-2	5	7	-2	8	-2	-2	-2	7	8	-2	-2	-2	4	-2	-2	1	9	3	6	9	6	7	-2	-2	4	-2	7	8	1	-2	-2	2	3	-2	-2	-2	-2	0	-2	-2	7	-2	7	7	-2	1	-2	-2	5	3	8	-2	-2	-2	-2	1	6	4	-2	-2	7	-2	1	-2	-2	6	-2	5	0	-2	-2	-2	8	4	-2	-2	3	8	3	3	-2	-2	6	2	-2	-2	2	-2	-2	4	-2	7	2	8	-2	1	-2	-2	-2	-2	-2	5	-2	7	9	2	-2	-2	-2	6	0	3	3	-2	-2	8	-2	8	-2	-2	-2	5	8	2	-2	-2	-2	4	-2	-2	9	7	1	-2	4	2	-2	-2	1	9	-2	7	0	-2	-2	6	-2	8	-2	-2	-2	-2	8	2	8	-2	-2	-2	4	-2	5	8	3	-2	-2	2	2	-2	-2	-2	-2
# Values
465.0	760.0	42.0	248.0
421.0	21.0	22.0	10.0
27.0	0.0	22.0	1.0
21.0	0.0	0.0	0.0
6.0	0.0	22.0	1.0
3.0	0.0	22.0	0.0
2.0	0.0	0.0	0.0
1.0	0.0	22.0	0.0
1.0	0.0	4.0	0.0
1.0	0.0	0.0	0.0
0.0	0.0	4.0	0.0
0.0	0.0	18.0	0.0
3.0	0.0	0.0	1.0
3.0	0.0	0.0	0.0
0.0	0.0	0.0	1.0
394.0	21.0	0.0	9.0
362.0	7.0	0.0	4.0
336.0	0.0	0.0	4.0
18.0	0.0	0.0	4.0
15.0	0.0	0.0	0.0
3.0	0.0	0.0	4.0
0.0	0.0	0.0	3.0
3.0	0.0	0.0	1.0
318.0	0.0	0.0	0.0
26.0	7.0	0.0	0.0
4.0	7.0	0.0	0.0
0.0	7.0	0.0	0.0
4.0	0.0	0.0	0.0
22.0	0.0	0.0	0.0
32.0	14.0	0.0	5.0
5.0	10.0	0.0	4.0
0.0	0.0	0.0	3.0
5.0	10.0	0.0	1.0
2.0	9.0	0.0	0.0
1.0	9.0	0.0	0.0
0.0	7.0	0.0	0.0
1.0	2.0	0.0	0.0
0.0	2.0	0.0	0.0
1.0	0.0	0.0	0.0
1.0	0.0	0.0	0.0
3.0	1.0	0.0	1.0
0.0	1.0	0.0	1.0
3.0	0.0	0.0	0.0
27.0	4.0	0.0	1.0
0.0	2.0	0.0	0.0
27.0	2.0	0.0	1.0
23.0	0.0	0.0	0.0
4.0	2.0	0.0	1.0
0.0	2.0	0.0	1.0
0.0	0.0	0.0	1.0
0.0	2.0	0.0	0.0
4.0	0.0	0.0	0.0
44.0	739.0	20.0	238.0
39.0	325.0	13.0	216.0
25.0	139.0	7.0	10.0
25.0	53.0	7.0	9.0
0.0	0.0	7.0	0.0
25.0	53.0	0.0	9.0
6.0	35.0	0.0	0.0
0.0	33.0	0.0	0.0
6.0	2.0	0.0	0.0
6.0	0.0	0.0	0.0
0.0	2.0	0.0	0.0
19.0	18.0	0.0	9.0
17.0	5.0	0.0	8.0
0.0	2.0	0.0	6.0
0.0	0.0	0.0	5.0
0.0	2.0	0.0	1.0
0.0	2.0	0.0	0.0
0.0	0.0	0.0	1.0
17.0	3.0	0.0	2.0
0.0	1.0	0.0	1.0
0.0	0.0	0.0	1.0
0.0	1.0	0.0	0.0
17.0	2.0	0.0	1.0
17.0	2.0	0.0	0.0
13.0	0.0	0.0	0.0
4.0	2.0	0.0	0.0
0.0	2.0	0.0	0.0
4.0	0.0	0.0	0.0
0.0	0.0	0.0	1.0
2.0	13.0	0.0	1.0
0.0	13.0	0.0	1.0
0.0	13.0	0.0	0.0
0.0	0.0	0.0	1.0
2.0	0.0	0.0	0.0
0.0	86.0	0.0	1.0
0.0	0.0	0.0	1.0
0.0	86.0	0.0	0.0
14.0	186.0	6.0	206.0
3.0	126.0	6.0	191.0
1.0	72.0	0.0	159.0
1.0	40.0	0.0	144.0
1.0	32.0	0.0	40.0
0.0	13.0	0.0	40.0
0.0	5.0	0.0	1.0
0.0	5.0	0.0	0.0
0.0	0.0	0.0	1.0
0.0	8.0	0.0	39.0
0.0	2.0	0.0	0.0
0.0	6.0	0.0	39.0
0.0	4.0	0.0	39.0
0.0	3.0	0.0	7.0
0.0	0.0	0.0	7.0
0.0	3.0	0.0	0.0
0.0	1.0	0.0	32.0
0.0	1.0	0.0	2.0
0.0	0.0	0.0	2.0
0.0	1.0	0.0	0.0
0.0	0.0	0.0	30.0
0.0	2.0	0.0	0.0
1.0	19.0	0.0	0.0
0.0	19.0	0.0	0.0
1.0	0.0	0.0	0.0
0.0	8.0	0.0	104.0
0.0	3.0	0.0	0.0
0.0	5.0	0.0	104.0
0.0	3.0	0.0	11.0
0.0	0.0	0.0	10.0
0.0	3.0	0.0	1.0
0.0	3.0	0.0	0.0
0.0	0.0	0.0	1.0
0.0	2.0	0.0	93.0
0.0	2.0	0.0	23.0
0.0	2.0	0.0	1.0
0.0	0.0	0.0	1.0
0.0	2.0	0.0	0.0
0.0	0.0	0.0	22.0
0.0	0.0	0.0	70.0
0.0	32.0	0.0	15.0
0.0	28.0	0.0	6.0
0.0	24.0	0.0	1.0
0.0	0.0	0.0	1.0
0.0	24.0	0.0	0.0
0.0	4.0	0.0	5.0
0.0	0.0	0.0	3.0
0.0	4.0	0.0	2.0
0.0	2.0	0.0	2.0
0.0	2.0	0.0	0.0
0.0	4.0	0.0	9.0
0.0	2.0	0.0	0.0
0.0	2.0	0.0	9.0
0.0	2.0	0.0	2.0
0.0	0.0	0.0	2.0
0.0	2.0	0.0	0.0
0.0	0.0	0.0	7.0
2.0	54.0	6.0	32.0
0.0	0.0	6.0	10.0
0.0	0.0	6.0	0.0
0.0	0.0	0.0	10.0
2.0	54.0	0.0	22.0
2.0	54.0	0.0	17.0
2.0	13.0	0.0	12.0
2.0	7.0	0.0	0.0
2.0	0.0	0.0	0.0
0.0	7.0	0.0	0.0
0.0	6.0	0.0	12.0
0.0	5.0	0.0	2.0
0.0	0.0	0.0	2.0
0.0	5.0	0.0	0.0
0.0	1.0	0.0	10.0
0.0	1.0	0.0	0.0
0.0	0.0	0.0	10.0
0.0	41.0	0.0	5.0
0.0	0.0	0.0	1.0
0.0	41.0	0.0	4.0
0.0	41.0	0.0	3.0
0.0	12.0	0.0	3.0
0.0	11.0	0.0	0.0
0.0	1.0	0.0	3.0
0.0	1.0	0.0	0.0
0.0	0.0	0.0	3.0
0.0	29.0	0.0	0.0
0.0	0.0	0.0	1.0
0.0	0.0	0.0	5.0
11.0	60.0	0.0	15.0
7.0	0.0	0.0	0.0
4.0	60.0	0.0	15.0
0.0	3.0	0.0	6.0
0.0	1.0	0.0	6.0
0.0	0.0	0.0	6.0
0.0	1.0	0.0	0.0
0.0	2.0	0.0	0.0
4.0	57.0	0.0	9.0
4.0	36.0	0.0	1.0
3.0	36.0	0.0	1.0
3.0	6.0	0.0	0.0
0.0	6.0	0.0	0.0
3.0	0.0	0.0	0.0
0.0	30.0	0.0	1.0
0.0	24.0	0.0	0.0
0.0	6.0	0.0	1.0
0.0	0.0	0.0	1.0
0.0	6.0	0.0	0.0
1.0	0.0	0.0	0.0
0.0	21.0	0.0	8.0
0.0	20.0	0.0	4.0
0.0	2.0	0.0	4.0
0.0	2.0	0.0	0.0
0.0	0.0	0.0	4.0
0.0	18.0	0.0	0.0
0.0	1.0	0.0	4.0
0.0	0.0	0.0	4.0
0.0	1.0	0.0	0.0
5.0	414.0	7.0	22.0
5.0	73.0	0.0	18.0
5.0	73.0	0.0	2.0
2.0	0.0	0.0	0.0
3.0	73.0	0.0	2.0
2.0	2.0	0.0	0.0
2.0	0.0	0.0	0.0
0.0	2.0	0.0	0.0
1.0	71.0	0.0	2.0
1.0	71.0	0.0	1.0
0.0	57.0	0.0	0.0
1.0	14.0	0.0	1.0
1.0	1.0	0.0	0.0
0.0	1.0	0.0	0.0
1.0	0.0	0.0	0.0
0.0	13.0	0.0	1.0
0.0	11.0	0.0	0.0
0.0	2.0	0.0	1.0
0.0	2.0	0.0	0.0
0.0	0.0	0.0	1.0
0.0	0.0	0.0	1.0
0.0	0.0	0.0	16.0
0.0	341.0	7.0	4.0
0.0	8.0	7.0	0.0
0.0	8.0	1.0	0.0
0.0	0.0	1.0	0.0
0.0	8.0	0.0	0.0
0.0	0.0	6.0	0.0
0.0	333.0	0.0	4.0
0.0	0.0	0.0	1.0
0.0	333.0	0.0	3.0
0.0	333.0	0.0	2.0
0.0	4.0	0.0	1.0
0.0	0.0	0.0	1.0
0.0	4.0	0.0	0.0
0.0	329.0	0.0	1.0
0.0	29.0	0.0	1.0
0.0	29.0	0.0	0.0
0.0	0.0	0.0	1.0
0.0	300.0	0.0	0.0
0.0	0.0	0.0	1.0
