# Sizes (NFeatures, Nclasses, NodeCount, MaxDepth)
10	4	231	14
# Classes
0.0	1.0	2.0	3.0
# Feature Names
Nrows	Ncols	Nnnz	AvgNnnz	Density	MaxRowNnnz	MinRowNnnz	StdRowNnnz	NDiags	NTrueDiags
# Left
1	2	3	4	5	-1	7	-1	-1	10	-1	-1	13	-1	-1	16	-1	18	19	-1	21	-1	-1	24	25	-1	-1	28	-1	-1	31	32	33	34	35	36	37	-1	39	-1	41	42	-1	-1	-1	46	47	-1	-1	50	-1	-1	53	54	55	-1	-1	-1	59	-1	61	-1	-1	64	65	-1	-1	68	-1	-1	71	-1	-1	74	75	76	77	-1	79	80	-1	82	83	-1	85	-1	-1	88	-1	90	-1	-1	93	-1	-1	96	97	-1	-1	-1	101	102	-1	-1	105	106	107	-1	109	-1	-1	112	113	-1	115	-1	-1	118	-1	-1	-1	122	123	124	125	-1	-1	-1	129	130	131	-1	133	-1	-1	136	-1	-1	-1	140	141	142	-1	-1	-1	146	147	-1	149	-1	-1	152	153	-1	155	-1	-1	158	-1	-1	161	162	-1	-1	165	166	167	168	169	170	171	-1	-1	-1	-1	176	177	178	-1	-1	-1	182	-1	-1	185	186	187	188	189	190	-1	-1	193	194	195	-1	-1	-1	199	-1	201	-1	-1	-1	-1	-1	-1	208	-1	-1	211	212	213	214	215	-1	-1	-1	-1	220	221	222	223	224	-1	-1	-1	-1	-1	-1	-1
# Right
30	15	12	9	6	-1	8	-1	-1	11	-1	-1	14	-1	-1	17	-1	23	20	-1	22	-1	-1	27	26	-1	-1	29	-1	-1	160	73	70	63	52	45	38	-1	40	-1	44	43	-1	-1	-1	49	48	-1	-1	51	-1	-1	58	57	56	-1	-1	-1	60	-1	62	-1	-1	67	66	-1	-1	69	-1	-1	72	-1	-1	121	100	95	78	-1	92	81	-1	87	84	-1	86	-1	-1	89	-1	91	-1	-1	94	-1	-1	99	98	-1	-1	-1	104	103	-1	-1	120	111	108	-1	110	-1	-1	117	114	-1	116	-1	-1	119	-1	-1	-1	139	128	127	126	-1	-1	-1	138	135	132	-1	134	-1	-1	137	-1	-1	-1	145	144	143	-1	-1	-1	151	148	-1	150	-1	-1	157	154	-1	156	-1	-1	159	-1	-1	164	163	-1	-1	210	207	184	175	174	173	172	-1	-1	-1	-1	181	180	179	-1	-1	-1	183	-1	-1	206	205	204	203	192	191	-1	-1	198	197	196	-1	-1	-1	200	-1	202	-1	-1	-1	-1	-1	-1	209	-1	-1	230	219	218	217	216	-1	-1	-1	-1	229	228	227	226	225	-1	-1	-1	-1	-1	-1	-1
# Threshold
5.699335098266602	4.5	5.53725004196167	5.42808985710144	16.2221999168396	-2.0	21.597749710083008	-2.0	-2.0	5.4343249797821045	-2.0	-2.0	5.556220054626465	-2.0	-2.0	6.5	-2.0	4.916874885559082	4.852514982223511	-2.0	16386.0	-2.0	-2.0	3.5	0.5277290046215057	-2.0	-2.0	104.5	-2.0	-2.0	5.5	7.392284870147705	12.352100372314453	2.5	1291.5	22.0	2.559494972229004	-2.0	10.5	-2.0	1.5	632.5	-2.0	-2.0	-2.0	38.5	34.5	-2.0	-2.0	5.865409851074219	-2.0	-2.0	36.0	6.412220001220703	11.0	-2.0	-2.0	-2.0	6.684384822845459	-2.0	5.411640086094849e-05	-2.0	-2.0	2.5	1.5	-2.0	-2.0	3.4852349758148193	-2.0	-2.0	238534.5	-2.0	-2.0	1.5	22132.5	0.0055181251373142	7.669440031051636	-2.0	3950.5	12.735499858856201	-2.0	268744.0	0.5	-2.0	119595.0	-2.0	-2.0	44.31570053100586	-2.0	13980.0	-2.0	-2.0	18632.0	-2.0	-2.0	9.852920055389404	408.0	-2.0	-2.0	-2.0	3.018744945526123	12196395.0	-2.0	-2.0	3917290.0	35301.5	28823.5	-2.0	51921.5	-2.0	-2.0	3.5	822262.5	-2.0	18229605.0	-2.0	-2.0	4.5	-2.0	-2.0	-2.0	23.50434970855713	23.5	2.646250009536743	0.4417699873447418	-2.0	-2.0	-2.0	977237.5	4.5	1655905.0	-2.0	2090665.0	-2.0	-2.0	18.83465027809143	-2.0	-2.0	-2.0	34.91689872741699	62842.0	7704965.0	-2.0	-2.0	-2.0	0.002624550019390881	2057130.0	-2.0	1077535.0	-2.0	-2.0	29.0	122.39300155639648	-2.0	0.0099141551181674	-2.0	-2.0	46.0	-2.0	-2.0	10.0	0.0005807650013593957	-2.0	-2.0	14.0	29.81029987335205	5117.5	14.0	0.23888900130987167	26.0	143.5	-2.0	-2.0	-2.0	-2.0	2.5	0.09013139829039574	40.0	-2.0	-2.0	-2.0	4.841740131378174	-2.0	-2.0	60.10464859008789	519825.5	38.0	12.5	0.00015090650413185358	125244.5	-2.0	-2.0	0.009229795075953007	0.0010734759853221476	0.0009210850112140179	-2.0	-2.0	-2.0	0.010138520039618015	-2.0	32.5	-2.0	-2.0	-2.0	-2.0	-2.0	-2.0	4.0	-2.0	-2.0	3155030.0	32.5	9420.0	11.5	23.0	-2.0	-2.0	-2.0	-2.0	688.8329772949219	29.5	14.0	15.5	2.0	-2.0	-2.0	-2.0	-2.0	-2.0	-2.0	-2.0
# Feature
3	9	3	3	7	-2	7	-2	-2	3	-2	-2	3	-2	-2	8	-2	3	3	-2	8	-2	-2	6	7	-2	-2	0	-2	-2	9	3	7	6	8	5	7	-2	5	-2	9	1	-2	-2	-2	5	5	-2	-2	3	-2	-2	5	3	5	-2	-2	-2	3	-2	4	-2	-2	9	9	-2	-2	7	-2	-2	0	-2	-2	6	1	4	7	-2	5	3	-2	2	6	-2	2	-2	-2	3	-2	1	-2	-2	8	-2	-2	3	1	-2	-2	-2	7	2	-2	-2	1	1	0	-2	8	-2	-2	9	8	-2	2	-2	-2	9	-2	-2	-2	3	5	7	7	-2	-2	-2	0	9	2	-2	2	-2	-2	7	-2	-2	-2	3	8	2	-2	-2	-2	4	2	-2	8	-2	-2	6	3	-2	4	-2	-2	6	-2	-2	8	4	-2	-2	9	7	2	5	4	8	0	-2	-2	-2	-2	6	4	5	-2	-2	-2	7	-2	-2	3	8	5	9	4	1	-2	-2	4	4	4	-2	-2	-2	4	-2	5	-2	-2	-2	-2	-2	-2	6	-2	-2	0	8	1	6	8	-2	-2	-2	-2	7	5	6	9	6	-2	-2	-2	-2	-2	-2	-2
# Values
453.0	762.0	31.0	269.0
403.0	4.0	17.0	6.0
362.0	2.0	0.0	2.0
356.0	2.0	0.0	0.0
341.0	1.0	0.0	0.0
319.0	0.0	0.0	0.0
22.0	1.0	0.0	0.0
0.0	1.0	0.0	0.0
22.0	0.0	0.0	0.0
15.0	1.0	0.0	0.0
0.0	1.0	0.0	0.0
15.0	0.0	0.0	0.0
6.0	0.0	0.0	2.0
0.0	0.0	0.0	2.0
6.0	0.0	0.0	0.0
41.0	2.0	17.0	4.0
0.0	0.0	14.0	0.0
41.0	2.0	3.0	4.0
37.0	0.0	0.0	1.0
34.0	0.0	0.0	0.0
3.0	0.0	0.0	1.0
2.0	0.0	0.0	1.0
1.0	0.0	0.0	0.0
4.0	2.0	3.0	3.0
4.0	0.0	0.0	3.0
0.0	0.0	0.0	3.0
4.0	0.0	0.0	0.0
0.0	2.0	3.0	0.0
0.0	2.0	0.0	0.0
0.0	0.0	3.0	0.0
50.0	758.0	14.0	263.0
42.0	275.0	0.0	217.0
36.0	169.0	0.0	14.0
36.0	73.0	0.0	13.0
33.0	28.0	0.0	12.0
13.0	25.0	0.0	7.0
13.0	3.0	0.0	2.0
0.0	3.0	0.0	0.0
13.0	0.0	0.0	2.0
0.0	0.0	0.0	1.0
13.0	0.0	0.0	1.0
2.0	0.0	0.0	1.0
2.0	0.0	0.0	0.0
0.0	0.0	0.0	1.0
11.0	0.0	0.0	0.0
0.0	22.0	0.0	5.0
0.0	2.0	0.0	3.0
0.0	2.0	0.0	0.0
0.0	0.0	0.0	3.0
0.0	20.0	0.0	2.0
0.0	3.0	0.0	2.0
0.0	17.0	0.0	0.0
20.0	3.0	0.0	5.0
3.0	2.0	0.0	5.0
3.0	2.0	0.0	0.0
0.0	2.0	0.0	0.0
3.0	0.0	0.0	0.0
0.0	0.0	0.0	5.0
17.0	1.0	0.0	0.0
16.0	0.0	0.0	0.0
1.0	1.0	0.0	0.0
1.0	0.0	0.0	0.0
0.0	1.0	0.0	0.0
3.0	45.0	0.0	1.0
3.0	3.0	0.0	0.0
0.0	3.0	0.0	0.0
3.0	0.0	0.0	0.0
0.0	42.0	0.0	1.0
0.0	42.0	0.0	0.0
0.0	0.0	0.0	1.0
0.0	96.0	0.0	1.0
0.0	96.0	0.0	0.0
0.0	0.0	0.0	1.0
6.0	106.0	0.0	203.0
6.0	62.0	0.0	34.0
0.0	30.0	0.0	29.0
0.0	11.0	0.0	27.0
0.0	4.0	0.0	0.0
0.0	7.0	0.0	27.0
0.0	4.0	0.0	25.0
0.0	0.0	0.0	15.0
0.0	4.0	0.0	10.0
0.0	3.0	0.0	2.0
0.0	1.0	0.0	0.0
0.0	2.0	0.0	2.0
0.0	1.0	0.0	1.0
0.0	1.0	0.0	1.0
0.0	1.0	0.0	8.0
0.0	0.0	0.0	7.0
0.0	1.0	0.0	1.0
0.0	1.0	0.0	0.0
0.0	0.0	0.0	1.0
0.0	3.0	0.0	2.0
0.0	3.0	0.0	0.0
0.0	0.0	0.0	2.0
0.0	19.0	0.0	2.0
0.0	7.0	0.0	2.0
0.0	7.0	0.0	0.0
0.0	0.0	0.0	2.0
0.0	12.0	0.0	0.0
6.0	32.0	0.0	5.0
1.0	0.0	0.0	2.0
1.0	0.0	0.0	0.0
0.0	0.0	0.0	2.0
5.0	32.0	0.0	3.0
3.0	32.0	0.0	3.0
3.0	3.0	0.0	1.0
0.0	3.0	0.0	0.0
3.0	0.0	0.0	1.0
3.0	0.0	0.0	0.0
0.0	0.0	0.0	1.0
0.0	29.0	0.0	2.0
0.0	28.0	0.0	1.0
0.0	24.0	0.0	0.0
0.0	4.0	0.0	1.0
0.0	0.0	0.0	1.0
0.0	4.0	0.0	0.0
0.0	1.0	0.0	1.0
0.0	0.0	0.0	1.0
0.0	1.0	0.0	0.0
2.0	0.0	0.0	0.0
0.0	44.0	0.0	169.0
0.0	16.0	0.0	147.0
0.0	9.0	0.0	6.0
0.0	2.0	0.0	6.0
0.0	2.0	0.0	0.0
0.0	0.0	0.0	6.0
0.0	7.0	0.0	0.0
0.0	7.0	0.0	141.0
0.0	5.0	0.0	141.0
0.0	1.0	0.0	136.0
0.0	0.0	0.0	133.0
0.0	1.0	0.0	3.0
0.0	1.0	0.0	0.0
0.0	0.0	0.0	3.0
0.0	4.0	0.0	5.0
0.0	4.0	0.0	0.0
0.0	0.0	0.0	5.0
0.0	2.0	0.0	0.0
0.0	28.0	0.0	22.0
0.0	11.0	0.0	1.0
0.0	2.0	0.0	1.0
0.0	2.0	0.0	0.0
0.0	0.0	0.0	1.0
0.0	9.0	0.0	0.0
0.0	17.0	0.0	21.0
0.0	2.0	0.0	10.0
0.0	1.0	0.0	0.0
0.0	1.0	0.0	10.0
0.0	0.0	0.0	10.0
0.0	1.0	0.0	0.0
0.0	15.0	0.0	11.0
0.0	14.0	0.0	4.0
0.0	11.0	0.0	0.0
0.0	3.0	0.0	4.0
0.0	0.0	0.0	4.0
0.0	3.0	0.0	0.0
0.0	1.0	0.0	7.0
0.0	0.0	0.0	7.0
0.0	1.0	0.0	0.0
8.0	483.0	14.0	46.0
0.0	2.0	10.0	0.0
0.0	2.0	0.0	0.0
0.0	0.0	10.0	0.0
8.0	481.0	4.0	46.0
8.0	144.0	0.0	38.0
8.0	143.0	0.0	18.0
7.0	21.0	0.0	8.0
2.0	18.0	0.0	1.0
0.0	18.0	0.0	1.0
0.0	3.0	0.0	1.0
0.0	3.0	0.0	0.0
0.0	0.0	0.0	1.0
0.0	15.0	0.0	0.0
2.0	0.0	0.0	0.0
5.0	3.0	0.0	7.0
5.0	2.0	0.0	0.0
5.0	1.0	0.0	0.0
5.0	0.0	0.0	0.0
0.0	1.0	0.0	0.0
0.0	1.0	0.0	0.0
0.0	1.0	0.0	7.0
0.0	0.0	0.0	7.0
0.0	1.0	0.0	0.0
1.0	122.0	0.0	10.0
1.0	122.0	0.0	8.0
0.0	122.0	0.0	8.0
0.0	50.0	0.0	8.0
0.0	50.0	0.0	6.0
0.0	2.0	0.0	2.0
0.0	0.0	0.0	2.0
0.0	2.0	0.0	0.0
0.0	48.0	0.0	4.0
0.0	41.0	0.0	2.0
0.0	12.0	0.0	2.0
0.0	12.0	0.0	0.0
0.0	0.0	0.0	2.0
0.0	29.0	0.0	0.0
0.0	7.0	0.0	2.0
0.0	0.0	0.0	1.0
0.0	7.0	0.0	1.0
0.0	7.0	0.0	0.0
0.0	0.0	0.0	1.0
0.0	0.0	0.0	2.0
0.0	72.0	0.0	0.0
1.0	0.0	0.0	0.0
0.0	0.0	0.0	2.0
0.0	1.0	0.0	20.0
0.0	1.0	0.0	0.0
0.0	0.0	0.0	20.0
0.0	337.0	4.0	8.0
0.0	337.0	4.0	6.0
0.0	9.0	4.0	2.0
0.0	9.0	1.0	2.0
0.0	9.0	1.0	0.0
0.0	0.0	1.0	0.0
0.0	9.0	0.0	0.0
0.0	0.0	0.0	2.0
0.0	0.0	3.0	0.0
0.0	328.0	0.0	4.0
0.0	328.0	0.0	3.0
0.0	35.0	0.0	3.0
0.0	35.0	0.0	1.0
0.0	3.0	0.0	1.0
0.0	0.0	0.0	1.0
0.0	3.0	0.0	0.0
0.0	32.0	0.0	0.0
0.0	0.0	0.0	2.0
0.0	293.0	0.0	0.0
0.0	0.0	0.0	1.0
0.0	0.0	0.0	2.0
