# Sizes (NFeatures, Nclasses, NodeCount, MaxDepth)
10	4	243	13
# Classes
0.0	1.0	2.0	3.0
# Feature Names
Nrows	Ncols	Nnnz	AvgNnnz	Density	MaxRowNnnz	MinRowNnnz	StdRowNnnz	NDiags	NTrueDiags
# Left
1	2	3	4	-1	6	-1	-1	9	-1	11	12	-1	-1	-1	16	-1	18	19	-1	21	-1	23	24	-1	-1	-1	28	-1	30	-1	32	-1	-1	35	36	37	-1	39	40	41	42	43	-1	45	-1	47	-1	49	-1	-1	-1	53	54	-1	56	57	-1	-1	60	-1	-1	-1	64	65	66	67	68	-1	-1	-1	72	-1	-1	75	76	77	-1	79	-1	-1	82	83	-1	-1	86	-1	88	-1	-1	-1	92	93	94	-1	-1	-1	98	-1	-1	101	-1	103	-1	-1	106	107	108	109	110	-1	112	-1	-1	115	116	-1	-1	119	120	-1	122	-1	-1	125	-1	-1	128	129	-1	-1	132	133	-1	-1	-1	137	138	139	-1	141	142	143	-1	145	-1	147	-1	-1	-1	151	-1	-1	154	-1	156	157	158	-1	-1	161	162	163	-1	-1	166	-1	-1	-1	170	-1	-1	173	174	175	176	-1	178	-1	-1	-1	-1	-1	184	185	186	187	188	-1	190	191	-1	-1	-1	195	-1	-1	-1	199	200	201	-1	203	204	205	206	-1	-1	-1	-1	211	212	-1	-1	-1	216	-1	-1	-1	220	221	-1	223	-1	-1	-1	227	228	-1	230	-1	-1	233	234	-1	236	237	238	-1	-1	-1	-1	-1
# Right
34	15	8	5	-1	7	-1	-1	10	-1	14	13	-1	-1	-1	17	-1	27	20	-1	22	-1	26	25	-1	-1	-1	29	-1	31	-1	33	-1	-1	226	105	38	-1	100	63	52	51	44	-1	46	-1	48	-1	50	-1	-1	-1	62	55	-1	59	58	-1	-1	61	-1	-1	-1	91	74	71	70	69	-1	-1	-1	73	-1	-1	90	81	78	-1	80	-1	-1	85	84	-1	-1	87	-1	89	-1	-1	-1	97	96	95	-1	-1	-1	99	-1	-1	102	-1	104	-1	-1	183	136	127	114	111	-1	113	-1	-1	118	117	-1	-1	124	121	-1	123	-1	-1	126	-1	-1	131	130	-1	-1	135	134	-1	-1	-1	172	153	140	-1	150	149	144	-1	146	-1	148	-1	-1	-1	152	-1	-1	155	-1	169	160	159	-1	-1	168	165	164	-1	-1	167	-1	-1	-1	171	-1	-1	182	181	180	177	-1	179	-1	-1	-1	-1	-1	219	198	197	194	189	-1	193	192	-1	-1	-1	196	-1	-1	-1	218	215	202	-1	210	209	208	207	-1	-1	-1	-1	214	213	-1	-1	-1	217	-1	-1	-1	225	222	-1	224	-1	-1	-1	232	229	-1	231	-1	-1	242	235	-1	241	240	239	-1	-1	-1	-1	-1
# Threshold
5.583899974822998	4.5	9.92519998550415	5.42808985710144	-2.0	1816.5	-2.0	-2.0	263.5	-2.0	0.5	8.300999797938857e-05	-2.0	-2.0	-2.0	6.5	-2.0	0.6280514895915985	4.88034987449646	-2.0	6.0	-2.0	4.5	5.5	-2.0	-2.0	-2.0	8.0	-2.0	40.5	-2.0	15070.5	-2.0	-2.0	13.5	8.108495235443115	10.0	-2.0	274966.0	1.5	1.5	7.548094987869263	5.682585000991821	-2.0	2.442139983177185	-2.0	6.86503005027771	-2.0	7.206765174865723	-2.0	-2.0	-2.0	6.453774929046631	3.392145037651062	-2.0	22.5	312.5	-2.0	-2.0	49994.0	-2.0	-2.0	-2.0	7.580319881439209	2.5	3.1539149284362793	77500.0	3298.5	-2.0	-2.0	-2.0	6.5414650440216064	-2.0	-2.0	74876.0	26.0	6.719584941864014	-2.0	2.4586000442504883	-2.0	-2.0	56.0	10.5	-2.0	-2.0	22073.0	-2.0	36892.0	-2.0	-2.0	-2.0	20.474650382995605	147.0	2.0	-2.0	-2.0	-2.0	90553.0	-2.0	-2.0	2.5	-2.0	2.5	-2.0	-2.0	4.5	334562.0	21.686100006103516	30.5	0.02480300050228834	-2.0	12.0	-2.0	-2.0	408.0	2333.5	-2.0	-2.0	3.5	20.746350288391113	-2.0	10803.5	-2.0	-2.0	13502.5	-2.0	-2.0	1562.0	97.5	-2.0	-2.0	263809.5	1565.0	-2.0	-2.0	-2.0	27.550899505615234	0.5	9.28603458404541	-2.0	14.024700164794922	624660.5	27.5	-2.0	0.0002468650054652244	-2.0	387192.5	-2.0	-2.0	-2.0	103013052.0	-2.0	-2.0	369937.5	-2.0	546878.0	51.0	3.0039150714874268	-2.0	-2.0	7.216210178739857e-05	0.5	232543.0	-2.0	-2.0	49403.5	-2.0	-2.0	-2.0	48246350.0	-2.0	-2.0	2282.0499877929688	2269580.0	1616445.0	19406.5	-2.0	1217200.0	-2.0	-2.0	-2.0	-2.0	-2.0	29.585399627685547	327.0	6930.5	10.0	3.0	-2.0	8.467984676361084	60.0	-2.0	-2.0	-2.0	6228.5	-2.0	-2.0	-2.0	46866800.0	12.5	8.305624961853027	-2.0	12578.0	11599.5	0.026431450620293617	0.02149394992738962	-2.0	-2.0	-2.0	-2.0	1989.0	168277.0	-2.0	-2.0	-2.0	6461.5	-2.0	-2.0	-2.0	357.54150390625	81.56975173950195	-2.0	40881.5	-2.0	-2.0	-2.0	29.0	2.429965019226074	-2.0	15.43655014038086	-2.0	-2.0	40976.0	1.0971899628639221	-2.0	29.0	13.5	15.5	-2.0	-2.0	-2.0	-2.0	-2.0
# Feature
3	9	7	3	-2	2	-2	-2	5	-2	6	4	-2	-2	-2	8	-2	7	3	-2	9	-2	6	5	-2	-2	-2	9	-2	8	-2	0	-2	-2	9	3	8	-2	8	6	9	3	3	-2	7	-2	3	-2	3	-2	-2	-2	7	7	-2	5	0	-2	-2	1	-2	-2	-2	7	9	7	8	1	-2	-2	-2	3	-2	-2	1	8	3	-2	7	-2	-2	8	5	-2	-2	8	-2	8	-2	-2	-2	7	5	9	-2	-2	-2	8	-2	-2	6	-2	9	-2	-2	9	2	3	5	4	-2	6	-2	-2	0	2	-2	-2	9	3	-2	1	-2	-2	0	-2	-2	8	5	-2	-2	2	8	-2	-2	-2	3	6	3	-2	3	8	5	-2	4	-2	2	-2	-2	-2	2	-2	-2	2	-2	8	5	7	-2	-2	4	9	0	-2	-2	8	-2	-2	-2	2	-2	-2	7	2	2	8	-2	2	-2	-2	-2	-2	-2	7	8	0	9	6	-2	3	8	-2	-2	-2	2	-2	-2	-2	2	9	3	-2	2	2	4	4	-2	-2	-2	-2	8	2	-2	-2	-2	1	-2	-2	-2	7	3	-2	0	-2	-2	-2	8	7	-2	3	-2	-2	5	7	-2	5	6	9	-2	-2	-2	-2	-2
# Values
446.0	751.0	48.0	270.0
406.0	10.0	18.0	6.0
361.0	6.0	0.0	0.0
336.0	1.0	0.0	0.0
328.0	0.0	0.0	0.0
8.0	1.0	0.0	0.0
0.0	1.0	0.0	0.0
8.0	0.0	0.0	0.0
25.0	5.0	0.0	0.0
0.0	4.0	0.0	0.0
25.0	1.0	0.0	0.0
4.0	1.0	0.0	0.0
0.0	1.0	0.0	0.0
4.0	0.0	0.0	0.0
21.0	0.0	0.0	0.0
45.0	4.0	18.0	6.0
0.0	0.0	17.0	0.0
45.0	4.0	1.0	6.0
5.0	2.0	1.0	6.0
4.0	0.0	0.0	0.0
1.0	2.0	1.0	6.0
0.0	0.0	0.0	6.0
1.0	2.0	1.0	0.0
1.0	0.0	1.0	0.0
0.0	0.0	1.0	0.0
1.0	0.0	0.0	0.0
0.0	2.0	0.0	0.0
40.0	2.0	0.0	0.0
37.0	0.0	0.0	0.0
3.0	2.0	0.0	0.0
2.0	0.0	0.0	0.0
1.0	2.0	0.0	0.0
0.0	2.0	0.0	0.0
1.0	0.0	0.0	0.0
40.0	741.0	30.0	264.0
40.0	392.0	25.0	256.0
26.0	201.0	19.0	37.0
0.0	0.0	19.0	0.0
26.0	201.0	0.0	37.0
12.0	191.0	0.0	37.0
5.0	120.0	0.0	6.0
1.0	18.0	0.0	5.0
1.0	18.0	0.0	2.0
1.0	0.0	0.0	0.0
0.0	18.0	0.0	2.0
0.0	0.0	0.0	1.0
0.0	18.0	0.0	1.0
0.0	15.0	0.0	0.0
0.0	3.0	0.0	1.0
0.0	0.0	0.0	1.0
0.0	3.0	0.0	0.0
0.0	0.0	0.0	3.0
4.0	102.0	0.0	1.0
4.0	24.0	0.0	1.0
0.0	17.0	0.0	0.0
4.0	7.0	0.0	1.0
3.0	0.0	0.0	1.0
0.0	0.0	0.0	1.0
3.0	0.0	0.0	0.0
1.0	7.0	0.0	0.0
0.0	7.0	0.0	0.0
1.0	0.0	0.0	0.0
0.0	78.0	0.0	0.0
7.0	71.0	0.0	31.0
7.0	66.0	0.0	12.0
4.0	3.0	0.0	4.0
0.0	3.0	0.0	3.0
0.0	1.0	0.0	3.0
0.0	1.0	0.0	0.0
0.0	0.0	0.0	3.0
0.0	2.0	0.0	0.0
4.0	0.0	0.0	1.0
4.0	0.0	0.0	0.0
0.0	0.0	0.0	1.0
3.0	63.0	0.0	8.0
3.0	63.0	0.0	4.0
2.0	3.0	0.0	3.0
0.0	3.0	0.0	0.0
2.0	0.0	0.0	3.0
0.0	0.0	0.0	3.0
2.0	0.0	0.0	0.0
1.0	60.0	0.0	1.0
1.0	4.0	0.0	0.0
0.0	4.0	0.0	0.0
1.0	0.0	0.0	0.0
0.0	56.0	0.0	1.0
0.0	52.0	0.0	0.0
0.0	4.0	0.0	1.0
0.0	0.0	0.0	1.0
0.0	4.0	0.0	0.0
0.0	0.0	0.0	4.0
0.0	5.0	0.0	19.0
0.0	2.0	0.0	17.0
0.0	2.0	0.0	6.0
0.0	1.0	0.0	6.0
0.0	1.0	0.0	0.0
0.0	0.0	0.0	11.0
0.0	3.0	0.0	2.0
0.0	3.0	0.0	0.0
0.0	0.0	0.0	2.0
14.0	10.0	0.0	0.0
10.0	0.0	0.0	0.0
4.0	10.0	0.0	0.0
4.0	0.0	0.0	0.0
0.0	10.0	0.0	0.0
14.0	191.0	6.0	219.0
13.0	89.0	0.0	167.0
0.0	25.0	0.0	122.0
0.0	10.0	0.0	111.0
0.0	7.0	0.0	6.0
0.0	6.0	0.0	0.0
0.0	1.0	0.0	6.0
0.0	0.0	0.0	6.0
0.0	1.0	0.0	0.0
0.0	3.0	0.0	105.0
0.0	1.0	0.0	1.0
0.0	0.0	0.0	1.0
0.0	1.0	0.0	0.0
0.0	2.0	0.0	104.0
0.0	1.0	0.0	102.0
0.0	0.0	0.0	99.0
0.0	1.0	0.0	3.0
0.0	1.0	0.0	1.0
0.0	0.0	0.0	2.0
0.0	1.0	0.0	2.0
0.0	0.0	0.0	2.0
0.0	1.0	0.0	0.0
0.0	15.0	0.0	11.0
0.0	2.0	0.0	7.0
0.0	0.0	0.0	7.0
0.0	2.0	0.0	0.0
0.0	13.0	0.0	4.0
0.0	13.0	0.0	1.0
0.0	2.0	0.0	1.0
0.0	11.0	0.0	0.0
0.0	0.0	0.0	3.0
13.0	64.0	0.0	45.0
13.0	37.0	0.0	40.0
10.0	16.0	0.0	4.0
6.0	0.0	0.0	0.0
4.0	16.0	0.0	4.0
2.0	16.0	0.0	1.0
2.0	16.0	0.0	0.0
1.0	0.0	0.0	0.0
1.0	16.0	0.0	0.0
0.0	13.0	0.0	0.0
1.0	3.0	0.0	0.0
0.0	3.0	0.0	0.0
1.0	0.0	0.0	0.0
0.0	0.0	0.0	1.0
2.0	0.0	0.0	3.0
2.0	0.0	0.0	0.0
0.0	0.0	0.0	3.0
3.0	21.0	0.0	36.0
0.0	8.0	0.0	0.0
3.0	13.0	0.0	36.0
1.0	9.0	0.0	36.0
0.0	7.0	0.0	9.0
0.0	0.0	0.0	9.0
0.0	7.0	0.0	0.0
1.0	2.0	0.0	27.0
1.0	2.0	0.0	3.0
1.0	1.0	0.0	0.0
0.0	1.0	0.0	0.0
1.0	0.0	0.0	0.0
0.0	1.0	0.0	3.0
0.0	1.0	0.0	0.0
0.0	0.0	0.0	3.0
0.0	0.0	0.0	24.0
2.0	4.0	0.0	0.0
0.0	4.0	0.0	0.0
2.0	0.0	0.0	0.0
0.0	27.0	0.0	5.0
0.0	27.0	0.0	4.0
0.0	9.0	0.0	4.0
0.0	9.0	0.0	1.0
0.0	5.0	0.0	0.0
0.0	4.0	0.0	1.0
0.0	0.0	0.0	1.0
0.0	4.0	0.0	0.0
0.0	0.0	0.0	3.0
0.0	18.0	0.0	0.0
0.0	0.0	0.0	1.0
1.0	102.0	6.0	52.0
1.0	98.0	6.0	28.0
1.0	11.0	6.0	15.0
1.0	11.0	0.0	15.0
0.0	5.0	0.0	15.0
0.0	2.0	0.0	0.0
0.0	3.0	0.0	15.0
0.0	3.0	0.0	2.0
0.0	0.0	0.0	2.0
0.0	3.0	0.0	0.0
0.0	0.0	0.0	13.0
1.0	6.0	0.0	0.0
0.0	6.0	0.0	0.0
1.0	0.0	0.0	0.0
0.0	0.0	6.0	0.0
0.0	87.0	0.0	13.0
0.0	87.0	0.0	9.0
0.0	81.0	0.0	5.0
0.0	0.0	0.0	1.0
0.0	81.0	0.0	4.0
0.0	10.0	0.0	3.0
0.0	10.0	0.0	1.0
0.0	3.0	0.0	1.0
0.0	3.0	0.0	0.0
0.0	0.0	0.0	1.0
0.0	7.0	0.0	0.0
0.0	0.0	0.0	2.0
0.0	71.0	0.0	1.0
0.0	9.0	0.0	1.0
0.0	9.0	0.0	0.0
0.0	0.0	0.0	1.0
0.0	62.0	0.0	0.0
0.0	6.0	0.0	4.0
0.0	6.0	0.0	0.0
0.0	0.0	0.0	4.0
0.0	0.0	0.0	4.0
0.0	4.0	0.0	24.0
0.0	2.0	0.0	24.0
0.0	0.0	0.0	23.0
0.0	2.0	0.0	1.0
0.0	2.0	0.0	0.0
0.0	0.0	0.0	1.0
0.0	2.0	0.0	0.0
0.0	349.0	5.0	8.0
0.0	6.0	5.0	0.0
0.0	5.0	0.0	0.0
0.0	1.0	5.0	0.0
0.0	1.0	0.0	0.0
0.0	0.0	5.0	0.0
0.0	343.0	0.0	8.0
0.0	343.0	0.0	6.0
0.0	0.0	0.0	1.0
0.0	343.0	0.0	5.0
0.0	32.0	0.0	5.0
0.0	32.0	0.0	2.0
0.0	0.0	0.0	2.0
0.0	32.0	0.0	0.0
0.0	0.0	0.0	3.0
0.0	311.0	0.0	0.0
0.0	0.0	0.0	2.0
