# Sizes (NFeatures, Nclasses, NodeCount, MaxDepth)
10	4	223	18
# Classes
0.0	1.0	2.0	3.0
# Feature Names
Nrows	Ncols	Nnnz	AvgNnnz	Density	MaxRowNnnz	MinRowNnnz	StdRowNnnz	NDiags	NTrueDiags
# Left
1	2	3	-1	5	6	7	8	9	-1	-1	-1	13	-1	-1	16	17	-1	-1	-1	21	-1	-1	24	-1	26	27	28	-1	-1	-1	32	33	-1	-1	36	-1	38	-1	-1	41	42	43	-1	45	46	-1	48	49	-1	51	52	-1	-1	-1	56	-1	58	-1	-1	61	62	63	64	-1	-1	-1	68	69	-1	71	-1	-1	-1	75	-1	77	-1	-1	80	81	82	83	84	-1	-1	87	-1	89	-1	-1	92	93	-1	-1	96	97	98	-1	-1	-1	102	103	104	105	-1	107	-1	109	110	-1	-1	113	-1	115	-1	-1	118	-1	-1	121	122	123	-1	125	-1	-1	-1	129	130	-1	-1	-1	134	-1	-1	137	138	139	140	141	-1	-1	-1	145	146	-1	-1	149	150	-1	-1	-1	-1	155	-1	-1	158	159	160	161	162	-1	-1	-1	166	-1	-1	169	170	171	172	-1	174	-1	176	177	-1	179	-1	-1	182	183	-1	185	186	187	-1	189	-1	-1	-1	193	-1	-1	196	197	-1	-1	-1	-1	202	-1	-1	-1	206	207	208	-1	-1	-1	-1	213	-1	215	-1	217	218	219	-1	-1	-1	-1
# Right
40	23	4	-1	20	15	12	11	10	-1	-1	-1	14	-1	-1	19	18	-1	-1	-1	22	-1	-1	25	-1	31	30	29	-1	-1	-1	35	34	-1	-1	37	-1	39	-1	-1	212	79	44	-1	60	47	-1	55	50	-1	54	53	-1	-1	-1	57	-1	59	-1	-1	74	67	66	65	-1	-1	-1	73	70	-1	72	-1	-1	-1	76	-1	78	-1	-1	157	136	91	86	85	-1	-1	88	-1	90	-1	-1	95	94	-1	-1	101	100	99	-1	-1	-1	133	120	117	106	-1	108	-1	112	111	-1	-1	114	-1	116	-1	-1	119	-1	-1	128	127	124	-1	126	-1	-1	-1	132	131	-1	-1	-1	135	-1	-1	154	153	144	143	142	-1	-1	-1	148	147	-1	-1	152	151	-1	-1	-1	-1	156	-1	-1	205	168	165	164	163	-1	-1	-1	167	-1	-1	204	201	200	173	-1	175	-1	181	178	-1	180	-1	-1	195	184	-1	192	191	188	-1	190	-1	-1	-1	194	-1	-1	199	198	-1	-1	-1	-1	203	-1	-1	-1	211	210	209	-1	-1	-1	-1	214	-1	216	-1	222	221	220	-1	-1	-1	-1
# Threshold
5.717795133590698	2.5	4.5	-2.0	5.612450122833252	13.424949645996094	8.0	6.5	3.4972500801086426	-2.0	-2.0	-2.0	1.0	-2.0	-2.0	1596.5	3.285085082054138	-2.0	-2.0	-2.0	5.124565124511719	-2.0	-2.0	6.0	-2.0	4.918789863586426	2490.0	6.0	-2.0	-2.0	-2.0	5.259850025177002	3.5	-2.0	-2.0	192.5	-2.0	0.014144803935778327	-2.0	-2.0	13.5	6.811089992523193	10.0	-2.0	3198.0	27.0	-2.0	6.101264953613281	2.2805649638175964	-2.0	1.5	906.5	-2.0	-2.0	-2.0	19738.0	-2.0	495.0	-2.0	-2.0	3.5	6.448014974594116	1.0	6.194210052490234	-2.0	-2.0	-2.0	18.01134967803955	15.0	-2.0	298402.5	-2.0	-2.0	-2.0	5.863250017166138	-2.0	6.433874845504761	-2.0	-2.0	4.5	22.522449493408203	3.5471450246404856e-05	261261.0	14.076799869537354	-2.0	-2.0	22491.0	-2.0	2.8919799660798162e-05	-2.0	-2.0	1.1212010085582733	0.047346175415441394	-2.0	-2.0	0.5	45.69459915161133	131229.0	-2.0	-2.0	-2.0	16586.0	1.5	1.5	0.0002857590006897226	-2.0	3173.5	-2.0	25.0	3.154579997062683	-2.0	-2.0	21.32515048980713	-2.0	7728.0	-2.0	-2.0	2033011.0	-2.0	-2.0	9.084780216217041	8.92761516571045	3.5	-2.0	0.020868199702817947	-2.0	-2.0	-2.0	0.0001201725026476197	2090665.0	-2.0	-2.0	-2.0	959651.5	-2.0	-2.0	29.0	0.005384190008044243	23905.0	13980.0	6367.5	-2.0	-2.0	-2.0	1858550.0	4.0	-2.0	-2.0	27.550899505615234	192019.0	-2.0	-2.0	-2.0	-2.0	381748.0	-2.0	-2.0	29.81029987335205	45.5	1.2254299521446228	8.135309934616089	5274873.5	-2.0	-2.0	-2.0	422.0	-2.0	-2.0	68.8644027709961	41.5	28.562700271606445	3342.0	-2.0	439.5	-2.0	189.0	0.010003970004618168	-2.0	6.5	-2.0	-2.0	7.5	966.5	-2.0	1.5	3.0927900075912476	6.5	-2.0	2.7870250940322876	-2.0	-2.0	-2.0	0.010829249862581491	-2.0	-2.0	2.3232001066207886	2.11324006319046	-2.0	-2.0	-2.0	-2.0	1445935.0	-2.0	-2.0	-2.0	6375.0	237.5	0.005604485049843788	-2.0	-2.0	-2.0	-2.0	21.5	-2.0	1.1430245194787858e-05	-2.0	44072.5	29.0	22.62310028076172	-2.0	-2.0	-2.0	-2.0
# Feature
3	6	1	-2	3	7	9	8	3	-2	-2	-2	6	-2	-2	5	3	-2	-2	-2	7	-2	-2	8	-2	3	2	5	-2	-2	-2	3	6	-2	-2	0	-2	4	-2	-2	9	3	8	-2	8	1	-2	3	7	-2	9	1	-2	-2	-2	2	-2	8	-2	-2	9	3	9	3	-2	-2	-2	7	5	-2	8	-2	-2	-2	3	-2	3	-2	-2	9	3	4	8	3	-2	-2	5	-2	4	-2	-2	7	4	-2	-2	6	7	8	-2	-2	-2	5	6	9	4	-2	2	-2	5	7	-2	-2	3	-2	8	-2	-2	2	-2	-2	3	3	6	-2	4	-2	-2	-2	4	2	-2	-2	-2	2	-2	-2	6	4	8	0	8	-2	-2	-2	2	6	-2	-2	3	8	-2	-2	-2	-2	2	-2	-2	7	8	7	3	2	-2	-2	-2	2	-2	-2	3	5	3	2	-2	1	-2	8	4	-2	9	-2	-2	9	0	-2	6	7	9	-2	7	-2	-2	-2	4	-2	-2	7	7	-2	-2	-2	-2	1	-2	-2	-2	5	5	4	-2	-2	-2	-2	8	-2	4	-2	5	8	3	-2	-2	-2	-2
# Values
482.0	714.0	43.0	276.0
442.0	13.0	16.0	9.0
412.0	10.0	4.0	0.0
0.0	0.0	1.0	0.0
412.0	10.0	3.0	0.0
406.0	7.0	3.0	0.0
377.0	1.0	3.0	0.0
376.0	0.0	3.0	0.0
33.0	0.0	3.0	0.0
33.0	0.0	0.0	0.0
0.0	0.0	3.0	0.0
343.0	0.0	0.0	0.0
1.0	1.0	0.0	0.0
1.0	0.0	0.0	0.0
0.0	1.0	0.0	0.0
29.0	6.0	0.0	0.0
2.0	6.0	0.0	0.0
2.0	0.0	0.0	0.0
0.0	6.0	0.0	0.0
27.0	0.0	0.0	0.0
6.0	3.0	0.0	0.0
0.0	3.0	0.0	0.0
6.0	0.0	0.0	0.0
30.0	3.0	12.0	9.0
0.0	0.0	10.0	0.0
30.0	3.0	2.0	9.0
28.0	0.0	0.0	1.0
4.0	0.0	0.0	1.0
4.0	0.0	0.0	0.0
0.0	0.0	0.0	1.0
24.0	0.0	0.0	0.0
2.0	3.0	2.0	8.0
0.0	0.0	1.0	8.0
0.0	0.0	0.0	8.0
0.0	0.0	1.0	0.0
2.0	3.0	1.0	0.0
0.0	3.0	0.0	0.0
2.0	0.0	1.0	0.0
2.0	0.0	0.0	0.0
0.0	0.0	1.0	0.0
40.0	701.0	27.0	267.0
40.0	360.0	23.0	265.0
26.0	159.0	16.0	10.0
0.0	0.0	16.0	0.0
26.0	159.0	0.0	10.0
9.0	129.0	0.0	2.0
2.0	0.0	0.0	0.0
7.0	129.0	0.0	2.0
5.0	13.0	0.0	2.0
0.0	11.0	0.0	0.0
5.0	2.0	0.0	2.0
0.0	2.0	0.0	2.0
0.0	2.0	0.0	0.0
0.0	0.0	0.0	2.0
5.0	0.0	0.0	0.0
2.0	116.0	0.0	0.0
0.0	108.0	0.0	0.0
2.0	8.0	0.0	0.0
2.0	0.0	0.0	0.0
0.0	8.0	0.0	0.0
17.0	30.0	0.0	8.0
15.0	12.0	0.0	8.0
14.0	2.0	0.0	0.0
1.0	2.0	0.0	0.0
0.0	2.0	0.0	0.0
1.0	0.0	0.0	0.0
13.0	0.0	0.0	0.0
1.0	10.0	0.0	8.0
1.0	2.0	0.0	8.0
0.0	2.0	0.0	0.0
1.0	0.0	0.0	8.0
0.0	0.0	0.0	8.0
1.0	0.0	0.0	0.0
0.0	8.0	0.0	0.0
2.0	18.0	0.0	0.0
1.0	0.0	0.0	0.0
1.0	18.0	0.0	0.0
0.0	18.0	0.0	0.0
1.0	0.0	0.0	0.0
14.0	201.0	7.0	255.0
12.0	88.0	0.0	201.0
12.0	49.0	0.0	187.0
11.0	16.0	0.0	4.0
0.0	10.0	0.0	4.0
0.0	10.0	0.0	0.0
0.0	0.0	0.0	4.0
11.0	6.0	0.0	0.0
10.0	0.0	0.0	0.0
1.0	6.0	0.0	0.0
0.0	6.0	0.0	0.0
1.0	0.0	0.0	0.0
1.0	33.0	0.0	183.0
0.0	6.0	0.0	1.0
0.0	6.0	0.0	0.0
0.0	0.0	0.0	1.0
1.0	27.0	0.0	182.0
1.0	7.0	0.0	4.0
1.0	7.0	0.0	0.0
0.0	7.0	0.0	0.0
1.0	0.0	0.0	0.0
0.0	0.0	0.0	4.0
0.0	20.0	0.0	178.0
0.0	16.0	0.0	177.0
0.0	11.0	0.0	50.0
0.0	5.0	0.0	47.0
0.0	2.0	0.0	0.0
0.0	3.0	0.0	47.0
0.0	1.0	0.0	0.0
0.0	2.0	0.0	47.0
0.0	1.0	0.0	2.0
0.0	0.0	0.0	2.0
0.0	1.0	0.0	0.0
0.0	1.0	0.0	45.0
0.0	0.0	0.0	35.0
0.0	1.0	0.0	10.0
0.0	1.0	0.0	0.0
0.0	0.0	0.0	10.0
0.0	6.0	0.0	3.0
0.0	6.0	0.0	0.0
0.0	0.0	0.0	3.0
0.0	5.0	0.0	127.0
0.0	4.0	0.0	34.0
0.0	1.0	0.0	34.0
0.0	0.0	0.0	33.0
0.0	1.0	0.0	1.0
0.0	1.0	0.0	0.0
0.0	0.0	0.0	1.0
0.0	3.0	0.0	0.0
0.0	1.0	0.0	93.0
0.0	1.0	0.0	5.0
0.0	1.0	0.0	0.0
0.0	0.0	0.0	5.0
0.0	0.0	0.0	88.0
0.0	4.0	0.0	1.0
0.0	4.0	0.0	0.0
0.0	0.0	0.0	1.0
0.0	39.0	0.0	14.0
0.0	38.0	0.0	8.0
0.0	20.0	0.0	8.0
0.0	3.0	0.0	6.0
0.0	3.0	0.0	1.0
0.0	0.0	0.0	1.0
0.0	3.0	0.0	0.0
0.0	0.0	0.0	5.0
0.0	17.0	0.0	2.0
0.0	1.0	0.0	1.0
0.0	0.0	0.0	1.0
0.0	1.0	0.0	0.0
0.0	16.0	0.0	1.0
0.0	1.0	0.0	1.0
0.0	1.0	0.0	0.0
0.0	0.0	0.0	1.0
0.0	15.0	0.0	0.0
0.0	18.0	0.0	0.0
0.0	1.0	0.0	6.0
0.0	0.0	0.0	6.0
0.0	1.0	0.0	0.0
2.0	113.0	7.0	54.0
2.0	107.0	7.0	29.0
1.0	1.0	7.0	3.0
0.0	1.0	7.0	0.0
0.0	1.0	1.0	0.0
0.0	1.0	0.0	0.0
0.0	0.0	1.0	0.0
0.0	0.0	6.0	0.0
1.0	0.0	0.0	3.0
1.0	0.0	0.0	0.0
0.0	0.0	0.0	3.0
1.0	106.0	0.0	26.0
1.0	106.0	0.0	23.0
1.0	52.0	0.0	22.0
1.0	52.0	0.0	16.0
0.0	14.0	0.0	0.0
1.0	38.0	0.0	16.0
0.0	0.0	0.0	6.0
1.0	38.0	0.0	10.0
1.0	1.0	0.0	2.0
0.0	0.0	0.0	2.0
1.0	1.0	0.0	0.0
0.0	1.0	0.0	0.0
1.0	0.0	0.0	0.0
0.0	37.0	0.0	8.0
0.0	11.0	0.0	6.0
0.0	0.0	0.0	2.0
0.0	11.0	0.0	4.0
0.0	2.0	0.0	3.0
0.0	2.0	0.0	1.0
0.0	1.0	0.0	0.0
0.0	1.0	0.0	1.0
0.0	0.0	0.0	1.0
0.0	1.0	0.0	0.0
0.0	0.0	0.0	2.0
0.0	9.0	0.0	1.0
0.0	9.0	0.0	0.0
0.0	0.0	0.0	1.0
0.0	26.0	0.0	2.0
0.0	7.0	0.0	2.0
0.0	7.0	0.0	0.0
0.0	0.0	0.0	2.0
0.0	19.0	0.0	0.0
0.0	0.0	0.0	6.0
0.0	54.0	0.0	1.0
0.0	54.0	0.0	0.0
0.0	0.0	0.0	1.0
0.0	0.0	0.0	3.0
0.0	6.0	0.0	25.0
0.0	3.0	0.0	25.0
0.0	3.0	0.0	1.0
0.0	3.0	0.0	0.0
0.0	0.0	0.0	1.0
0.0	0.0	0.0	24.0
0.0	3.0	0.0	0.0
0.0	341.0	4.0	2.0
0.0	0.0	3.0	0.0
0.0	341.0	1.0	2.0
0.0	0.0	0.0	1.0
0.0	341.0	1.0	1.0
0.0	341.0	1.0	0.0
0.0	10.0	1.0	0.0
0.0	10.0	0.0	0.0
0.0	0.0	1.0	0.0
0.0	331.0	0.0	0.0
0.0	0.0	0.0	1.0
