# Sizes (NFeatures, Nclasses, NodeCount, MaxDepth)
10	4	215	15
# Classes
0.0	1.0	2.0	3.0
# Feature Names
Nrows	Ncols	Nnnz	AvgNnnz	Density	MaxRowNnnz	MinRowNnnz	StdRowNnnz	NDiags	NTrueDiags
# Left
1	2	3	4	-1	6	-1	-1	9	10	-1	-1	-1	14	-1	16	17	-1	19	-1	21	-1	-1	24	-1	26	-1	-1	29	30	31	32	33	34	-1	36	-1	38	-1	-1	41	42	43	-1	-1	-1	47	-1	-1	50	51	52	-1	54	-1	56	-1	-1	-1	60	-1	-1	-1	64	65	66	-1	-1	-1	70	71	72	73	74	-1	76	-1	-1	79	-1	-1	82	-1	-1	85	86	-1	88	89	90	91	-1	93	-1	95	-1	-1	-1	99	100	-1	102	-1	-1	105	-1	-1	-1	109	110	-1	-1	-1	114	115	116	117	118	-1	120	-1	-1	-1	124	-1	126	-1	-1	129	-1	-1	132	-1	-1	135	136	137	-1	-1	140	141	-1	143	-1	-1	146	-1	148	-1	-1	151	152	153	154	-1	-1	157	158	159	160	161	-1	163	-1	-1	166	-1	-1	169	-1	171	-1	-1	174	175	-1	177	-1	-1	180	181	182	183	184	185	-1	-1	-1	-1	-1	-1	-1	193	-1	-1	196	197	-1	199	-1	-1	202	-1	-1	205	206	207	-1	-1	-1	211	212	-1	-1	-1
# Right
28	13	8	5	-1	7	-1	-1	12	11	-1	-1	-1	15	-1	23	18	-1	20	-1	22	-1	-1	25	-1	27	-1	-1	134	63	62	49	40	35	-1	37	-1	39	-1	-1	46	45	44	-1	-1	-1	48	-1	-1	59	58	53	-1	55	-1	57	-1	-1	-1	61	-1	-1	-1	69	68	67	-1	-1	-1	113	84	81	78	75	-1	77	-1	-1	80	-1	-1	83	-1	-1	108	87	-1	107	98	97	92	-1	94	-1	96	-1	-1	-1	104	101	-1	103	-1	-1	106	-1	-1	-1	112	111	-1	-1	-1	131	128	123	122	119	-1	121	-1	-1	-1	125	-1	127	-1	-1	130	-1	-1	133	-1	-1	150	139	138	-1	-1	145	142	-1	144	-1	-1	147	-1	149	-1	-1	204	195	156	155	-1	-1	192	173	168	165	162	-1	164	-1	-1	167	-1	-1	170	-1	172	-1	-1	179	176	-1	178	-1	-1	191	190	189	188	187	186	-1	-1	-1	-1	-1	-1	-1	194	-1	-1	201	198	-1	200	-1	-1	203	-1	-1	210	209	208	-1	-1	-1	214	213	-1	-1	-1
# Threshold
5.688539981842041	4.5	13.539549827575684	5.612450122833252	-2.0	0.5	-2.0	-2.0	1596.5	861.0	-2.0	-2.0	-2.0	6.5	-2.0	0.6495784819126129	4.918789863586426	-2.0	3.5	-2.0	104.5	-2.0	-2.0	8.0	-2.0	0.08025695011019707	-2.0	-2.0	4.5	6.993989944458008	15.670350074768066	1654.5	154.0	2.6890000104904175	-2.0	169.0	-2.0	440.5	-2.0	-2.0	0.020047549158334732	370.5	299.5	-2.0	-2.0	-2.0	228.5	-2.0	-2.0	3.412245035171509	1368950.0	1.0	-2.0	2.305459976196289	-2.0	46422.0	-2.0	-2.0	-2.0	6.453690052032471	-2.0	-2.0	-2.0	0.5	1.5416900168929715e-05	934729.0	-2.0	-2.0	-2.0	21.766950607299805	33.5	0.024421549402177334	24915.0	31.5	-2.0	653.0	-2.0	-2.0	29.5	-2.0	-2.0	13.785699844360352	-2.0	-2.0	12567.5	7.483505010604858	-2.0	624374.5	9.509530067443848	9.317470073699951	7.711220026016235	-2.0	0.0035184549633413553	-2.0	8.50521993637085	-2.0	-2.0	-2.0	7054280.0	20.091349601745605	-2.0	7532.5	-2.0	-2.0	2.0	-2.0	-2.0	-2.0	1.5	278.2642936706543	-2.0	-2.0	-2.0	29.5	0.0099141551181674	35.932701110839844	5944000.0	50.246999740600586	-2.0	55162.5	-2.0	-2.0	-2.0	37105.0	-2.0	69.83665084838867	-2.0	-2.0	5102.0	-2.0	-2.0	10456.5	-2.0	-2.0	21.5	3.0	2.0779900550842285	-2.0	-2.0	2035.5	27.5	-2.0	108.5	-2.0	-2.0	7.302335023880005	-2.0	7.832465171813965	-2.0	-2.0	13.5	30.24660015106201	5.98904013633728	2.5	-2.0	-2.0	46866800.0	482.0	8.478314876556396	3624.5	31.0	-2.0	40.0	-2.0	-2.0	189.5	-2.0	-2.0	3.5	-2.0	5.1930201053619385	-2.0	-2.0	0.5	7.5	-2.0	798993.5	-2.0	-2.0	57116.5	46556.0	8.0	5.5	7449.0	7124.5	-2.0	-2.0	-2.0	-2.0	-2.0	-2.0	-2.0	6.785924911499023	-2.0	-2.0	10.0	113.89200210571289	-2.0	335.84000396728516	-2.0	-2.0	179.0	-2.0	-2.0	32.5	22.36520004272461	31.5	-2.0	-2.0	-2.0	18.5	17.5	-2.0	-2.0	-2.0
# Feature
3	9	7	3	-2	6	-2	-2	5	1	-2	-2	-2	8	-2	7	3	-2	6	-2	0	-2	-2	9	-2	4	-2	-2	9	3	7	8	8	7	-2	0	-2	0	-2	-2	4	8	8	-2	-2	-2	1	-2	-2	7	8	9	-2	7	-2	1	-2	-2	-2	3	-2	-2	-2	6	4	1	-2	-2	-2	3	5	4	8	5	-2	8	-2	-2	5	-2	-2	3	-2	-2	5	3	-2	8	3	3	7	-2	4	-2	3	-2	-2	-2	2	3	-2	1	-2	-2	6	-2	-2	-2	9	7	-2	-2	-2	6	4	3	0	7	-2	1	-2	-2	-2	8	-2	3	-2	-2	2	-2	-2	8	-2	-2	8	6	7	-2	-2	2	0	-2	0	-2	-2	3	-2	3	-2	-2	9	7	3	6	-2	-2	2	8	3	1	5	-2	5	-2	-2	8	-2	-2	6	-2	7	-2	-2	6	9	-2	1	-2	-2	2	2	9	6	2	2	-2	-2	-2	-2	-2	-2	-2	7	-2	-2	6	7	-2	7	-2	-2	5	-2	-2	8	3	8	-2	-2	-2	5	5	-2	-2	-2
# Values
455.0	756.0	53.0	251.0
419.0	9.0	15.0	7.0
383.0	7.0	0.0	0.0
355.0	1.0	0.0	0.0
352.0	0.0	0.0	0.0
3.0	1.0	0.0	0.0
0.0	1.0	0.0	0.0
3.0	0.0	0.0	0.0
28.0	6.0	0.0	0.0
3.0	6.0	0.0	0.0
3.0	0.0	0.0	0.0
0.0	6.0	0.0	0.0
25.0	0.0	0.0	0.0
36.0	2.0	15.0	7.0
0.0	0.0	12.0	0.0
36.0	2.0	3.0	7.0
4.0	1.0	3.0	7.0
4.0	0.0	0.0	0.0
0.0	1.0	3.0	7.0
0.0	0.0	0.0	7.0
0.0	1.0	3.0	0.0
0.0	1.0	0.0	0.0
0.0	0.0	3.0	0.0
32.0	1.0	0.0	0.0
31.0	0.0	0.0	0.0
1.0	1.0	0.0	0.0
0.0	1.0	0.0	0.0
1.0	0.0	0.0	0.0
36.0	747.0	38.0	244.0
23.0	212.0	0.0	201.0
23.0	116.0	0.0	17.0
23.0	48.0	0.0	17.0
2.0	29.0	0.0	6.0
1.0	1.0	0.0	4.0
0.0	1.0	0.0	0.0
1.0	0.0	0.0	4.0
0.0	0.0	0.0	2.0
1.0	0.0	0.0	2.0
1.0	0.0	0.0	0.0
0.0	0.0	0.0	2.0
1.0	28.0	0.0	2.0
0.0	26.0	0.0	1.0
0.0	4.0	0.0	1.0
0.0	4.0	0.0	0.0
0.0	0.0	0.0	1.0
0.0	22.0	0.0	0.0
1.0	2.0	0.0	1.0
0.0	2.0	0.0	1.0
1.0	0.0	0.0	0.0
21.0	19.0	0.0	11.0
6.0	19.0	0.0	2.0
1.0	19.0	0.0	2.0
0.0	0.0	0.0	2.0
1.0	19.0	0.0	0.0
0.0	17.0	0.0	0.0
1.0	2.0	0.0	0.0
1.0	0.0	0.0	0.0
0.0	2.0	0.0	0.0
5.0	0.0	0.0	0.0
15.0	0.0	0.0	9.0
15.0	0.0	0.0	0.0
0.0	0.0	0.0	9.0
0.0	68.0	0.0	0.0
0.0	96.0	0.0	184.0
0.0	22.0	0.0	1.0
0.0	3.0	0.0	1.0
0.0	0.0	0.0	1.0
0.0	3.0	0.0	0.0
0.0	19.0	0.0	0.0
0.0	74.0	0.0	183.0
0.0	42.0	0.0	162.0
0.0	24.0	0.0	16.0
0.0	23.0	0.0	8.0
0.0	21.0	0.0	2.0
0.0	19.0	0.0	0.0
0.0	2.0	0.0	2.0
0.0	2.0	0.0	0.0
0.0	0.0	0.0	2.0
0.0	2.0	0.0	6.0
0.0	0.0	0.0	6.0
0.0	2.0	0.0	0.0
0.0	1.0	0.0	8.0
0.0	0.0	0.0	8.0
0.0	1.0	0.0	0.0
0.0	18.0	0.0	146.0
0.0	11.0	0.0	144.0
0.0	2.0	0.0	0.0
0.0	9.0	0.0	144.0
0.0	8.0	0.0	144.0
0.0	6.0	0.0	27.0
0.0	4.0	0.0	27.0
0.0	2.0	0.0	0.0
0.0	2.0	0.0	27.0
0.0	0.0	0.0	25.0
0.0	2.0	0.0	2.0
0.0	2.0	0.0	0.0
0.0	0.0	0.0	2.0
0.0	2.0	0.0	0.0
0.0	2.0	0.0	117.0
0.0	1.0	0.0	115.0
0.0	0.0	0.0	106.0
0.0	1.0	0.0	9.0
0.0	1.0	0.0	0.0
0.0	0.0	0.0	9.0
0.0	1.0	0.0	2.0
0.0	0.0	0.0	2.0
0.0	1.0	0.0	0.0
0.0	1.0	0.0	0.0
0.0	7.0	0.0	2.0
0.0	1.0	0.0	2.0
0.0	1.0	0.0	0.0
0.0	0.0	0.0	2.0
0.0	6.0	0.0	0.0
0.0	32.0	0.0	21.0
0.0	31.0	0.0	15.0
0.0	11.0	0.0	13.0
0.0	9.0	0.0	2.0
0.0	9.0	0.0	1.0
0.0	8.0	0.0	0.0
0.0	1.0	0.0	1.0
0.0	0.0	0.0	1.0
0.0	1.0	0.0	0.0
0.0	0.0	0.0	1.0
0.0	2.0	0.0	11.0
0.0	0.0	0.0	8.0
0.0	2.0	0.0	3.0
0.0	2.0	0.0	0.0
0.0	0.0	0.0	3.0
0.0	20.0	0.0	2.0
0.0	0.0	0.0	2.0
0.0	20.0	0.0	0.0
0.0	1.0	0.0	6.0
0.0	0.0	0.0	6.0
0.0	1.0	0.0	0.0
13.0	535.0	38.0	43.0
0.0	6.0	34.0	2.0
0.0	3.0	0.0	1.0
0.0	3.0	0.0	0.0
0.0	0.0	0.0	1.0
0.0	3.0	34.0	1.0
0.0	2.0	3.0	1.0
0.0	0.0	3.0	0.0
0.0	2.0	0.0	1.0
0.0	2.0	0.0	0.0
0.0	0.0	0.0	1.0
0.0	1.0	31.0	0.0
0.0	0.0	22.0	0.0
0.0	1.0	9.0	0.0
0.0	1.0	0.0	0.0
0.0	0.0	9.0	0.0
13.0	529.0	4.0	41.0
13.0	187.0	0.0	39.0
13.0	181.0	0.0	21.0
6.0	1.0	0.0	0.0
6.0	0.0	0.0	0.0
0.0	1.0	0.0	0.0
7.0	180.0	0.0	21.0
7.0	179.0	0.0	17.0
5.0	50.0	0.0	12.0
5.0	44.0	0.0	0.0
2.0	43.0	0.0	0.0
0.0	38.0	0.0	0.0
2.0	5.0	0.0	0.0
2.0	0.0	0.0	0.0
0.0	5.0	0.0	0.0
3.0	1.0	0.0	0.0
0.0	1.0	0.0	0.0
3.0	0.0	0.0	0.0
0.0	6.0	0.0	12.0
0.0	5.0	0.0	0.0
0.0	1.0	0.0	12.0
0.0	0.0	0.0	12.0
0.0	1.0	0.0	0.0
2.0	129.0	0.0	5.0
2.0	2.0	0.0	2.0
0.0	0.0	0.0	2.0
2.0	2.0	0.0	0.0
2.0	0.0	0.0	0.0
0.0	2.0	0.0	0.0
0.0	127.0	0.0	3.0
0.0	40.0	0.0	3.0
0.0	40.0	0.0	2.0
0.0	11.0	0.0	2.0
0.0	11.0	0.0	1.0
0.0	1.0	0.0	1.0
0.0	1.0	0.0	0.0
0.0	0.0	0.0	1.0
0.0	10.0	0.0	0.0
0.0	0.0	0.0	1.0
0.0	29.0	0.0	0.0
0.0	0.0	0.0	1.0
0.0	87.0	0.0	0.0
0.0	1.0	0.0	4.0
0.0	1.0	0.0	0.0
0.0	0.0	0.0	4.0
0.0	6.0	0.0	18.0
0.0	5.0	0.0	2.0
0.0	4.0	0.0	0.0
0.0	1.0	0.0	2.0
0.0	0.0	0.0	2.0
0.0	1.0	0.0	0.0
0.0	1.0	0.0	16.0
0.0	1.0	0.0	0.0
0.0	0.0	0.0	16.0
0.0	342.0	4.0	2.0
0.0	10.0	4.0	1.0
0.0	10.0	0.0	1.0
0.0	10.0	0.0	0.0
0.0	0.0	0.0	1.0
0.0	0.0	4.0	0.0
0.0	332.0	0.0	1.0
0.0	13.0	0.0	1.0
0.0	13.0	0.0	0.0
0.0	0.0	0.0	1.0
0.0	319.0	0.0	0.0
