# Sizes (NFeatures, Nclasses, NodeCount, MaxDepth)
10	4	215	17
# Classes
0.0	1.0	2.0	3.0
# Feature Names
Nrows	Ncols	Nnnz	AvgNnnz	Density	MaxRowNnnz	MinRowNnnz	StdRowNnnz	NDiags	NTrueDiags
# Left
1	2	3	4	-1	6	-1	-1	9	10	-1	-1	13	-1	15	-1	-1	18	19	20	-1	22	-1	-1	25	26	-1	-1	29	-1	-1	32	-1	-1	35	36	37	-1	39	40	41	42	43	44	-1	46	-1	48	-1	50	-1	52	-1	-1	55	-1	-1	58	59	-1	61	-1	-1	64	-1	-1	67	-1	69	-1	-1	72	73	-1	-1	76	-1	78	-1	-1	81	-1	83	-1	-1	86	87	88	-1	90	91	-1	93	94	-1	-1	97	98	99	-1	-1	-1	-1	104	-1	106	107	108	-1	-1	111	112	-1	114	115	-1	117	-1	119	-1	121	-1	-1	-1	-1	-1	127	128	129	-1	-1	-1	133	-1	-1	136	137	138	-1	-1	141	142	143	144	-1	146	-1	-1	149	-1	-1	152	-1	154	155	156	-1	-1	-1	160	-1	-1	163	-1	165	166	-1	-1	169	170	-1	-1	173	-1	175	-1	177	178	-1	180	-1	-1	-1	-1	185	186	187	188	-1	190	191	-1	-1	-1	195	196	-1	-1	199	-1	-1	-1	203	204	-1	206	207	-1	-1	-1	211	212	-1	-1	-1
# Right
34	17	8	5	-1	7	-1	-1	12	11	-1	-1	14	-1	16	-1	-1	31	24	21	-1	23	-1	-1	28	27	-1	-1	30	-1	-1	33	-1	-1	184	85	38	-1	80	71	66	57	54	45	-1	47	-1	49	-1	51	-1	53	-1	-1	56	-1	-1	63	60	-1	62	-1	-1	65	-1	-1	68	-1	70	-1	-1	75	74	-1	-1	77	-1	79	-1	-1	82	-1	84	-1	-1	135	126	89	-1	103	92	-1	96	95	-1	-1	102	101	100	-1	-1	-1	-1	105	-1	125	110	109	-1	-1	124	113	-1	123	116	-1	118	-1	120	-1	122	-1	-1	-1	-1	-1	132	131	130	-1	-1	-1	134	-1	-1	183	140	139	-1	-1	162	151	148	145	-1	147	-1	-1	150	-1	-1	153	-1	159	158	157	-1	-1	-1	161	-1	-1	164	-1	168	167	-1	-1	172	171	-1	-1	174	-1	176	-1	182	179	-1	181	-1	-1	-1	-1	202	201	194	189	-1	193	192	-1	-1	-1	198	197	-1	-1	200	-1	-1	-1	210	205	-1	209	208	-1	-1	-1	214	213	-1	-1	-1
# Threshold
5.692934989929199	13.5	4.832984924316406	1.6246200203895569	-2.0	6.5	-2.0	-2.0	9.0	0.1652863435447216	-2.0	-2.0	5.270195007324219	-2.0	10.0	-2.0	-2.0	8.0	13.539549827575684	0.10965260118246078	-2.0	39.5	-2.0	-2.0	1848.5	3.285085082054138	-2.0	-2.0	0.00039848301094025373	-2.0	-2.0	85.5	-2.0	-2.0	9.5	7.765810012817383	8.0	-2.0	19.634750366210938	2.5	6.857899904251099	1291.5	23.0	2.1599950194358826	-2.0	3693.0	-2.0	1005.5	-2.0	3.0	-2.0	165.5	-2.0	-2.0	407.5	-2.0	-2.0	6.5012900829315186	5.730255126953125	-2.0	11.0	-2.0	-2.0	81468.0	-2.0	-2.0	159.0	-2.0	0.5	-2.0	-2.0	2.5	1.0384544730186462	-2.0	-2.0	1.9291599988937378	-2.0	49920.5	-2.0	-2.0	1.5	-2.0	89711.5	-2.0	-2.0	299247.0	22.522449493408203	10.0	-2.0	2.5	0.4417699873447418	-2.0	0.5	7411.0	-2.0	-2.0	21.32515048980713	3218.0	288.5	-2.0	-2.0	-2.0	-2.0	1.5	-2.0	15.221749782562256	0.0008938394894357771	24.639684438705444	-2.0	-2.0	799.0	2.5	-2.0	676.0	1.1564300060272217	-2.0	1.9675199389457703	-2.0	3.2706650495529175	-2.0	8.791845321655273	-2.0	-2.0	-2.0	-2.0	-2.0	29.5	5817.0	5102.0	-2.0	-2.0	-2.0	6.65301513671875	-2.0	-2.0	5.5	8.713229656219482	8.084484815597534	-2.0	-2.0	1.5	25.148550033569336	14.024700164794922	105117.5	-2.0	3189604.0	-2.0	-2.0	7659.5	-2.0	-2.0	0.5	-2.0	273.0	2.895085096359253	338871992.0	-2.0	-2.0	-2.0	884.7115020751953	-2.0	-2.0	1.5	-2.0	14.193699836730957	24742.5	-2.0	-2.0	2056800.0	21.0	-2.0	-2.0	1.8454849850968458e-05	-2.0	2.5	-2.0	1077535.0	0.0001280705037061125	-2.0	52.91459846496582	-2.0	-2.0	-2.0	-2.0	15.5	66.11149978637695	189091.0	24.0	-2.0	192.0	8.358264923095703	-2.0	-2.0	-2.0	28530.0	14931.0	-2.0	-2.0	34.07600021362305	-2.0	-2.0	-2.0	32.5	1.9599350094795227	-2.0	344554.5	23.0	-2.0	-2.0	-2.0	628.0	3.785794973373413	-2.0	-2.0	-2.0
# Feature
3	8	3	7	-2	8	-2	-2	8	7	-2	-2	3	-2	9	-2	-2	9	7	4	-2	1	-2	-2	5	3	-2	-2	4	-2	-2	0	-2	-2	9	3	8	-2	7	6	3	8	5	7	-2	2	-2	1	-2	9	-2	8	-2	-2	8	-2	-2	3	3	-2	5	-2	-2	1	-2	-2	1	-2	6	-2	-2	9	7	-2	-2	7	-2	1	-2	-2	6	-2	1	-2	-2	2	3	8	-2	9	7	-2	6	1	-2	-2	3	2	0	-2	-2	-2	-2	6	-2	3	4	7	-2	-2	0	6	-2	0	7	-2	7	-2	7	-2	3	-2	-2	-2	-2	-2	6	1	2	-2	-2	-2	7	-2	-2	9	3	3	-2	-2	9	3	3	8	-2	0	-2	-2	5	-2	-2	9	-2	5	7	2	-2	-2	-2	7	-2	-2	6	-2	3	5	-2	-2	2	6	-2	-2	4	-2	6	-2	8	4	-2	3	-2	-2	-2	-2	9	3	2	8	-2	8	3	-2	-2	-2	1	8	-2	-2	7	-2	-2	-2	8	7	-2	2	8	-2	-2	-2	1	7	-2	-2	-2
# Values
477.0	712.0	43.0	283.0
426.0	12.0	15.0	8.0
42.0	1.0	15.0	7.0
40.0	0.0	3.0	0.0
36.0	0.0	0.0	0.0
4.0	0.0	3.0	0.0
0.0	0.0	3.0	0.0
4.0	0.0	0.0	0.0
2.0	1.0	12.0	7.0
0.0	0.0	12.0	1.0
0.0	0.0	0.0	1.0
0.0	0.0	12.0	0.0
2.0	1.0	0.0	6.0
0.0	0.0	0.0	6.0
2.0	1.0	0.0	0.0
0.0	1.0	0.0	0.0
2.0	0.0	0.0	0.0
384.0	11.0	0.0	1.0
380.0	7.0	0.0	1.0
348.0	1.0	0.0	0.0
345.0	0.0	0.0	0.0
3.0	1.0	0.0	0.0
3.0	0.0	0.0	0.0
0.0	1.0	0.0	0.0
32.0	6.0	0.0	1.0
1.0	6.0	0.0	0.0
1.0	0.0	0.0	0.0
0.0	6.0	0.0	0.0
31.0	0.0	0.0	1.0
31.0	0.0	0.0	0.0
0.0	0.0	0.0	1.0
4.0	4.0	0.0	0.0
4.0	0.0	0.0	0.0
0.0	4.0	0.0	0.0
51.0	700.0	28.0	275.0
49.0	309.0	25.0	251.0
37.0	164.0	18.0	24.0
0.0	0.0	18.0	0.0
37.0	164.0	0.0	24.0
37.0	87.0	0.0	20.0
32.0	40.0	0.0	19.0
32.0	34.0	0.0	7.0
15.0	29.0	0.0	4.0
15.0	6.0	0.0	2.0
0.0	3.0	0.0	0.0
15.0	3.0	0.0	2.0
13.0	0.0	0.0	0.0
2.0	3.0	0.0	2.0
0.0	0.0	0.0	2.0
2.0	3.0	0.0	0.0
0.0	2.0	0.0	0.0
2.0	1.0	0.0	0.0
0.0	1.0	0.0	0.0
2.0	0.0	0.0	0.0
0.0	23.0	0.0	2.0
0.0	3.0	0.0	2.0
0.0	20.0	0.0	0.0
17.0	5.0	0.0	3.0
17.0	3.0	0.0	0.0
0.0	2.0	0.0	0.0
17.0	1.0	0.0	0.0
0.0	1.0	0.0	0.0
17.0	0.0	0.0	0.0
0.0	2.0	0.0	3.0
0.0	0.0	0.0	3.0
0.0	2.0	0.0	0.0
0.0	6.0	0.0	12.0
0.0	5.0	0.0	0.0
0.0	1.0	0.0	12.0
0.0	1.0	0.0	0.0
0.0	0.0	0.0	12.0
5.0	47.0	0.0	1.0
5.0	1.0	0.0	0.0
5.0	0.0	0.0	0.0
0.0	1.0	0.0	0.0
0.0	46.0	0.0	1.0
0.0	40.0	0.0	0.0
0.0	6.0	0.0	1.0
0.0	6.0	0.0	0.0
0.0	0.0	0.0	1.0
0.0	77.0	0.0	4.0
0.0	76.0	0.0	0.0
0.0	1.0	0.0	4.0
0.0	1.0	0.0	0.0
0.0	0.0	0.0	4.0
12.0	145.0	7.0	227.0
0.0	55.0	7.0	164.0
0.0	32.0	7.0	151.0
0.0	0.0	7.0	0.0
0.0	32.0	0.0	151.0
0.0	5.0	0.0	89.0
0.0	2.0	0.0	0.0
0.0	3.0	0.0	89.0
0.0	1.0	0.0	2.0
0.0	1.0	0.0	0.0
0.0	0.0	0.0	2.0
0.0	2.0	0.0	87.0
0.0	1.0	0.0	86.0
0.0	1.0	0.0	7.0
0.0	0.0	0.0	7.0
0.0	1.0	0.0	0.0
0.0	0.0	0.0	79.0
0.0	1.0	0.0	1.0
0.0	27.0	0.0	62.0
0.0	9.0	0.0	0.0
0.0	18.0	0.0	62.0
0.0	14.0	0.0	62.0
0.0	4.0	0.0	1.0
0.0	4.0	0.0	0.0
0.0	0.0	0.0	1.0
0.0	10.0	0.0	61.0
0.0	10.0	0.0	20.0
0.0	5.0	0.0	0.0
0.0	5.0	0.0	20.0
0.0	4.0	0.0	20.0
0.0	1.0	0.0	0.0
0.0	3.0	0.0	20.0
0.0	0.0	0.0	13.0
0.0	3.0	0.0	7.0
0.0	2.0	0.0	0.0
0.0	1.0	0.0	7.0
0.0	1.0	0.0	0.0
0.0	0.0	0.0	7.0
0.0	1.0	0.0	0.0
0.0	0.0	0.0	41.0
0.0	4.0	0.0	0.0
0.0	23.0	0.0	13.0
0.0	22.0	0.0	4.0
0.0	22.0	0.0	1.0
0.0	0.0	0.0	1.0
0.0	22.0	0.0	0.0
0.0	0.0	0.0	3.0
0.0	1.0	0.0	9.0
0.0	0.0	0.0	9.0
0.0	1.0	0.0	0.0
12.0	90.0	0.0	63.0
12.0	62.0	0.0	63.0
10.0	2.0	0.0	0.0
0.0	2.0	0.0	0.0
10.0	0.0	0.0	0.0
2.0	60.0	0.0	63.0
2.0	44.0	0.0	19.0
2.0	16.0	0.0	15.0
0.0	16.0	0.0	4.0
0.0	15.0	0.0	0.0
0.0	1.0	0.0	4.0
0.0	0.0	0.0	4.0
0.0	1.0	0.0	0.0
2.0	0.0	0.0	11.0
0.0	0.0	0.0	11.0
2.0	0.0	0.0	0.0
0.0	28.0	0.0	4.0
0.0	14.0	0.0	0.0
0.0	14.0	0.0	4.0
0.0	13.0	0.0	1.0
0.0	2.0	0.0	1.0
0.0	0.0	0.0	1.0
0.0	2.0	0.0	0.0
0.0	11.0	0.0	0.0
0.0	1.0	0.0	3.0
0.0	0.0	0.0	3.0
0.0	1.0	0.0	0.0
0.0	16.0	0.0	44.0
0.0	4.0	0.0	0.0
0.0	12.0	0.0	44.0
0.0	1.0	0.0	28.0
0.0	0.0	0.0	28.0
0.0	1.0	0.0	0.0
0.0	11.0	0.0	16.0
0.0	6.0	0.0	1.0
0.0	6.0	0.0	0.0
0.0	0.0	0.0	1.0
0.0	5.0	0.0	15.0
0.0	2.0	0.0	0.0
0.0	3.0	0.0	15.0
0.0	1.0	0.0	0.0
0.0	2.0	0.0	15.0
0.0	1.0	0.0	15.0
0.0	0.0	0.0	12.0
0.0	1.0	0.0	3.0
0.0	1.0	0.0	0.0
0.0	0.0	0.0	3.0
0.0	1.0	0.0	0.0
0.0	28.0	0.0	0.0
2.0	391.0	3.0	24.0
2.0	81.0	0.0	20.0
2.0	81.0	0.0	14.0
2.0	52.0	0.0	0.0
1.0	0.0	0.0	0.0
1.0	52.0	0.0	0.0
1.0	6.0	0.0	0.0
0.0	6.0	0.0	0.0
1.0	0.0	0.0	0.0
0.0	46.0	0.0	0.0
0.0	29.0	0.0	14.0
0.0	1.0	0.0	12.0
0.0	0.0	0.0	12.0
0.0	1.0	0.0	0.0
0.0	28.0	0.0	2.0
0.0	28.0	0.0	0.0
0.0	0.0	0.0	2.0
0.0	0.0	0.0	6.0
0.0	310.0	3.0	4.0
0.0	11.0	3.0	2.0
0.0	0.0	0.0	2.0
0.0	11.0	3.0	0.0
0.0	11.0	1.0	0.0
0.0	0.0	1.0	0.0
0.0	11.0	0.0	0.0
0.0	0.0	2.0	0.0
0.0	299.0	0.0	2.0
0.0	19.0	0.0	2.0
0.0	0.0	0.0	2.0
0.0	19.0	0.0	0.0
0.0	280.0	0.0	0.0
