# Sizes (NFeatures, Nclasses, NodeCount, MaxDepth)
10	6	203	15
# Classes
0.0	1.0	2.0	3.0	4.0	5.0
# Feature Names
Nrows	Ncols	Nnnz	AvgNnnz	Density	MaxRowNnnz	MinRowNnnz	StdRowNnnz	NDiags	NTrueDiags
# Left
1	2	3	4	5	6	7	8	-1	10	11	12	-1	-1	-1	16	17	-1	-1	-1	-1	-1	23	24	-1	-1	-1	28	-1	30	31	32	-1	-1	-1	36	-1	-1	-1	40	41	42	-1	-1	45	-1	-1	-1	49	50	51	-1	-1	54	55	56	57	58	59	-1	61	-1	-1	64	-1	-1	-1	68	69	-1	-1	-1	73	74	75	-1	77	-1	-1	-1	81	82	-1	-1	-1	86	87	-1	89	90	-1	-1	-1	-1	95	96	-1	98	99	100	101	102	103	-1	105	-1	-1	108	-1	110	111	112	-1	114	-1	-1	117	118	-1	120	-1	-1	123	-1	-1	-1	-1	128	129	130	-1	-1	-1	-1	135	136	137	138	-1	-1	-1	-1	143	-1	-1	146	147	148	149	-1	-1	152	-1	-1	155	156	-1	-1	159	160	-1	162	-1	164	-1	-1	167	-1	169	170	-1	-1	-1	174	175	-1	-1	178	179	180	-1	-1	-1	-1	185	186	187	-1	-1	190	191	-1	-1	-1	195	-1	197	-1	199	-1	201	-1	-1
# Right
48	39	38	27	22	21	20	9	-1	15	14	13	-1	-1	-1	19	18	-1	-1	-1	-1	-1	26	25	-1	-1	-1	29	-1	35	34	33	-1	-1	-1	37	-1	-1	-1	47	44	43	-1	-1	46	-1	-1	-1	94	53	52	-1	-1	85	72	67	66	63	60	-1	62	-1	-1	65	-1	-1	-1	71	70	-1	-1	-1	80	79	76	-1	78	-1	-1	-1	84	83	-1	-1	-1	93	88	-1	92	91	-1	-1	-1	-1	184	97	-1	145	134	127	126	107	104	-1	106	-1	-1	109	-1	125	116	113	-1	115	-1	-1	122	119	-1	121	-1	-1	124	-1	-1	-1	-1	133	132	131	-1	-1	-1	-1	142	141	140	139	-1	-1	-1	-1	144	-1	-1	173	154	151	150	-1	-1	153	-1	-1	158	157	-1	-1	166	161	-1	163	-1	165	-1	-1	168	-1	172	171	-1	-1	-1	177	176	-1	-1	183	182	181	-1	-1	-1	-1	194	189	188	-1	-1	193	192	-1	-1	-1	196	-1	198	-1	200	-1	202	-1	-1
# Threshold
0.5	2327.5	59213500.0	11172.0	153742.0	529.5	1.5	3.82955002784729	-2.0	37.5	2.951835036277771	2.2542099952697754	-2.0	-2.0	-2.0	0.0043249549344182014	42919.0	-2.0	-2.0	-2.0	-2.0	-2.0	107.5	26.27970027923584	-2.0	-2.0	-2.0	1.623075008392334	-2.0	1355.0	4345.0	1889412.0	-2.0	-2.0	-2.0	5.185160040855408	-2.0	-2.0	-2.0	383.0029525756836	32.5080509185791	11.078470230102539	-2.0	-2.0	208226504.0	-2.0	-2.0	-2.0	37797.5	3.5	1.5	-2.0	-2.0	5117.5	1575.5	886489.5	36566.5	1250.0	554014.0	-2.0	70.0	-2.0	-2.0	5.413374900817871	-2.0	-2.0	-2.0	44.863948822021484	25.0	-2.0	-2.0	-2.0	82000.5	12.33899974822998	5704.0	-2.0	1802.5	-2.0	-2.0	-2.0	9.624744892120361	23174.5	-2.0	-2.0	-2.0	124.0	193246.0	-2.0	224197.0	14104.0	-2.0	-2.0	-2.0	-2.0	4273.0	24.0	-2.0	14.145150184631348	5546655.0	7.5	2773.0	85698.5	1180.5	-2.0	50807.5	-2.0	-2.0	86883.0	-2.0	13.742050170898438	12376.5	2672.0	-2.0	97.0	-2.0	-2.0	6.5	501575.5	-2.0	1.0585714802145958	-2.0	-2.0	2.792340040206909	-2.0	-2.0	-2.0	-2.0	0.00020025249978061765	15.0	480887.0	-2.0	-2.0	-2.0	-2.0	4312845.0	3.5	9383270.0	5336.0	-2.0	-2.0	-2.0	-2.0	21.5	-2.0	-2.0	144.5	4277.0	31.0	44614697.0	-2.0	-2.0	92.0	-2.0	-2.0	55817.5	44.5	-2.0	-2.0	623824.0	4.0	-2.0	111.0	-2.0	13.0	-2.0	-2.0	4.096180081367493	-2.0	59.695098876953125	1592455.0	-2.0	-2.0	-2.0	114619.5	3699.0	-2.0	-2.0	64063.0	58966.0	5089180.0	-2.0	-2.0	-2.0	-2.0	17.301549434661865	529175.0	48.8577995300293	-2.0	-2.0	30.560449600219727	0.00014173299859976396	-2.0	-2.0	-2.0	3.0	-2.0	45832.0	-2.0	647912.0	-2.0	4277385.0	-2.0	-2.0
# Feature
9	5	2	0	2	5	6	3	-2	5	7	7	-2	-2	-2	4	2	-2	-2	-2	-2	-2	5	7	-2	-2	-2	3	-2	5	8	2	-2	-2	-2	3	-2	-2	-2	3	7	3	-2	-2	2	-2	-2	-2	0	8	9	-2	-2	5	5	2	0	5	2	-2	8	-2	-2	3	-2	-2	-2	3	9	-2	-2	-2	2	3	8	-2	5	-2	-2	-2	3	0	-2	-2	-2	9	2	-2	2	8	-2	-2	-2	-2	5	8	-2	3	2	9	5	1	5	-2	1	-2	-2	1	-2	3	8	8	-2	5	-2	-2	9	8	-2	7	-2	-2	7	-2	-2	-2	-2	4	5	1	-2	-2	-2	-2	8	6	0	8	-2	-2	-2	-2	5	-2	-2	5	8	5	2	-2	-2	9	-2	-2	0	5	-2	-2	0	9	-2	5	-2	6	-2	-2	7	-2	3	8	-2	-2	-2	0	8	-2	-2	8	8	2	-2	-2	-2	-2	3	2	7	-2	-2	7	4	-2	-2	-2	9	-2	1	-2	0	-2	1	-2	-2
# Values
112.0	1093.0	43.0	59.0	55.0	317.0
37.0	17.0	0.0	1.0	10.0	255.0
5.0	17.0	0.0	1.0	4.0	255.0
5.0	17.0	0.0	1.0	0.0	255.0
3.0	17.0	0.0	0.0	0.0	139.0
3.0	12.0	0.0	0.0	0.0	135.0
0.0	12.0	0.0	0.0	0.0	135.0
0.0	12.0	0.0	0.0	0.0	69.0
0.0	0.0	0.0	0.0	0.0	39.0
0.0	12.0	0.0	0.0	0.0	30.0
0.0	8.0	0.0	0.0	0.0	2.0
0.0	1.0	0.0	0.0	0.0	2.0
0.0	1.0	0.0	0.0	0.0	0.0
0.0	0.0	0.0	0.0	0.0	2.0
0.0	7.0	0.0	0.0	0.0	0.0
0.0	4.0	0.0	0.0	0.0	28.0
0.0	4.0	0.0	0.0	0.0	4.0
0.0	4.0	0.0	0.0	0.0	0.0
0.0	0.0	0.0	0.0	0.0	4.0
0.0	0.0	0.0	0.0	0.0	24.0
0.0	0.0	0.0	0.0	0.0	66.0
3.0	0.0	0.0	0.0	0.0	0.0
0.0	5.0	0.0	0.0	0.0	4.0
0.0	5.0	0.0	0.0	0.0	1.0
0.0	4.0	0.0	0.0	0.0	0.0
0.0	1.0	0.0	0.0	0.0	1.0
0.0	0.0	0.0	0.0	0.0	3.0
2.0	0.0	0.0	1.0	0.0	116.0
1.0	0.0	0.0	0.0	0.0	0.0
1.0	0.0	0.0	1.0	0.0	116.0
0.0	0.0	0.0	1.0	0.0	113.0
0.0	0.0	0.0	1.0	0.0	4.0
0.0	0.0	0.0	0.0	0.0	4.0
0.0	0.0	0.0	1.0	0.0	0.0
0.0	0.0	0.0	0.0	0.0	109.0
1.0	0.0	0.0	0.0	0.0	3.0
1.0	0.0	0.0	0.0	0.0	0.0
0.0	0.0	0.0	0.0	0.0	3.0
0.0	0.0	0.0	0.0	4.0	0.0
32.0	0.0	0.0	0.0	6.0	0.0
32.0	0.0	0.0	0.0	3.0	0.0
1.0	0.0	0.0	0.0	2.0	0.0
1.0	0.0	0.0	0.0	0.0	0.0
0.0	0.0	0.0	0.0	2.0	0.0
31.0	0.0	0.0	0.0	1.0	0.0
31.0	0.0	0.0	0.0	0.0	0.0
0.0	0.0	0.0	0.0	1.0	0.0
0.0	0.0	0.0	0.0	3.0	0.0
75.0	1076.0	43.0	58.0	45.0	62.0
27.0	949.0	18.0	0.0	3.0	9.0
2.0	0.0	17.0	0.0	0.0	0.0
0.0	0.0	17.0	0.0	0.0	0.0
2.0	0.0	0.0	0.0	0.0	0.0
25.0	949.0	1.0	0.0	3.0	9.0
12.0	947.0	1.0	0.0	0.0	9.0
3.0	919.0	1.0	0.0	0.0	9.0
3.0	884.0	1.0	0.0	0.0	1.0
3.0	884.0	1.0	0.0	0.0	0.0
0.0	807.0	1.0	0.0	0.0	0.0
0.0	782.0	0.0	0.0	0.0	0.0
0.0	25.0	1.0	0.0	0.0	0.0
0.0	0.0	1.0	0.0	0.0	0.0
0.0	25.0	0.0	0.0	0.0	0.0
3.0	77.0	0.0	0.0	0.0	0.0
3.0	0.0	0.0	0.0	0.0	0.0
0.0	77.0	0.0	0.0	0.0	0.0
0.0	0.0	0.0	0.0	0.0	1.0
0.0	35.0	0.0	0.0	0.0	8.0
0.0	1.0	0.0	0.0	0.0	8.0
0.0	0.0	0.0	0.0	0.0	8.0
0.0	1.0	0.0	0.0	0.0	0.0
0.0	34.0	0.0	0.0	0.0	0.0
9.0	28.0	0.0	0.0	0.0	0.0
8.0	4.0	0.0	0.0	0.0	0.0
8.0	1.0	0.0	0.0	0.0	0.0
6.0	0.0	0.0	0.0	0.0	0.0
2.0	1.0	0.0	0.0	0.0	0.0
2.0	0.0	0.0	0.0	0.0	0.0
0.0	1.0	0.0	0.0	0.0	0.0
0.0	3.0	0.0	0.0	0.0	0.0
1.0	24.0	0.0	0.0	0.0	0.0
1.0	1.0	0.0	0.0	0.0	0.0
1.0	0.0	0.0	0.0	0.0	0.0
0.0	1.0	0.0	0.0	0.0	0.0
0.0	23.0	0.0	0.0	0.0	0.0
13.0	2.0	0.0	0.0	3.0	0.0
13.0	0.0	0.0	0.0	3.0	0.0
10.0	0.0	0.0	0.0	0.0	0.0
3.0	0.0	0.0	0.0	3.0	0.0
1.0	0.0	0.0	0.0	3.0	0.0
1.0	0.0	0.0	0.0	0.0	0.0
0.0	0.0	0.0	0.0	3.0	0.0
2.0	0.0	0.0	0.0	0.0	0.0
0.0	2.0	0.0	0.0	0.0	0.0
48.0	127.0	25.0	58.0	42.0	53.0
4.0	123.0	25.0	58.0	18.0	53.0
0.0	0.0	24.0	0.0	0.0	0.0
4.0	123.0	1.0	58.0	18.0	53.0
4.0	93.0	0.0	5.0	0.0	22.0
3.0	85.0	0.0	4.0	0.0	7.0
3.0	79.0	0.0	2.0	0.0	4.0
2.0	79.0	0.0	2.0	0.0	4.0
1.0	48.0	0.0	0.0	0.0	0.0
0.0	43.0	0.0	0.0	0.0	0.0
1.0	5.0	0.0	0.0	0.0	0.0
1.0	0.0	0.0	0.0	0.0	0.0
0.0	5.0	0.0	0.0	0.0	0.0
1.0	31.0	0.0	2.0	0.0	4.0
1.0	0.0	0.0	0.0	0.0	0.0
0.0	31.0	0.0	2.0	0.0	4.0
0.0	31.0	0.0	1.0	0.0	4.0
0.0	5.0	0.0	0.0	0.0	3.0
0.0	4.0	0.0	0.0	0.0	0.0
0.0	1.0	0.0	0.0	0.0	3.0
0.0	0.0	0.0	0.0	0.0	3.0
0.0	1.0	0.0	0.0	0.0	0.0
0.0	26.0	0.0	1.0	0.0	1.0
0.0	25.0	0.0	0.0	0.0	1.0
0.0	22.0	0.0	0.0	0.0	0.0
0.0	3.0	0.0	0.0	0.0	1.0
0.0	3.0	0.0	0.0	0.0	0.0
0.0	0.0	0.0	0.0	0.0	1.0
0.0	1.0	0.0	1.0	0.0	0.0
0.0	0.0	0.0	1.0	0.0	0.0
0.0	1.0	0.0	0.0	0.0	0.0
0.0	0.0	0.0	1.0	0.0	0.0
1.0	0.0	0.0	0.0	0.0	0.0
0.0	6.0	0.0	2.0	0.0	3.0
0.0	1.0	0.0	2.0	0.0	3.0
0.0	1.0	0.0	2.0	0.0	0.0
0.0	0.0	0.0	2.0	0.0	0.0
0.0	1.0	0.0	0.0	0.0	0.0
0.0	0.0	0.0	0.0	0.0	3.0
0.0	5.0	0.0	0.0	0.0	0.0
1.0	8.0	0.0	1.0	0.0	15.0
1.0	1.0	0.0	1.0	0.0	14.0
1.0	1.0	0.0	0.0	0.0	14.0
0.0	1.0	0.0	0.0	0.0	14.0
0.0	1.0	0.0	0.0	0.0	0.0
0.0	0.0	0.0	0.0	0.0	14.0
1.0	0.0	0.0	0.0	0.0	0.0
0.0	0.0	0.0	1.0	0.0	0.0
0.0	7.0	0.0	0.0	0.0	1.0
0.0	7.0	0.0	0.0	0.0	0.0
0.0	0.0	0.0	0.0	0.0	1.0
0.0	30.0	1.0	53.0	18.0	31.0
0.0	6.0	1.0	53.0	9.0	22.0
0.0	0.0	1.0	5.0	0.0	16.0
0.0	0.0	0.0	5.0	0.0	1.0
0.0	0.0	0.0	5.0	0.0	0.0
0.0	0.0	0.0	0.0	0.0	1.0
0.0	0.0	1.0	0.0	0.0	15.0
0.0	0.0	0.0	0.0	0.0	15.0
0.0	0.0	1.0	0.0	0.0	0.0
0.0	6.0	0.0	48.0	9.0	6.0
0.0	3.0	0.0	0.0	0.0	6.0
0.0	0.0	0.0	0.0	0.0	6.0
0.0	3.0	0.0	0.0	0.0	0.0
0.0	3.0	0.0	48.0	9.0	0.0
0.0	3.0	0.0	37.0	0.0	0.0
0.0	2.0	0.0	0.0	0.0	0.0
0.0	1.0	0.0	37.0	0.0	0.0
0.0	0.0	0.0	34.0	0.0	0.0
0.0	1.0	0.0	3.0	0.0	0.0
0.0	1.0	0.0	0.0	0.0	0.0
0.0	0.0	0.0	3.0	0.0	0.0
0.0	0.0	0.0	11.0	9.0	0.0
0.0	0.0	0.0	8.0	0.0	0.0
0.0	0.0	0.0	3.0	9.0	0.0
0.0	0.0	0.0	1.0	9.0	0.0
0.0	0.0	0.0	0.0	9.0	0.0
0.0	0.0	0.0	1.0	0.0	0.0
0.0	0.0	0.0	2.0	0.0	0.0
0.0	24.0	0.0	0.0	9.0	9.0
0.0	22.0	0.0	0.0	0.0	2.0
0.0	0.0	0.0	0.0	0.0	2.0
0.0	22.0	0.0	0.0	0.0	0.0
0.0	2.0	0.0	0.0	9.0	7.0
0.0	2.0	0.0	0.0	1.0	7.0
0.0	0.0	0.0	0.0	1.0	7.0
0.0	0.0	0.0	0.0	1.0	0.0
0.0	0.0	0.0	0.0	0.0	7.0
0.0	2.0	0.0	0.0	0.0	0.0
0.0	0.0	0.0	0.0	8.0	0.0
44.0	4.0	0.0	0.0	24.0	0.0
43.0	0.0	0.0	0.0	4.0	0.0
3.0	0.0	0.0	0.0	3.0	0.0
0.0	0.0	0.0	0.0	3.0	0.0
3.0	0.0	0.0	0.0	0.0	0.0
40.0	0.0	0.0	0.0	1.0	0.0
3.0	0.0	0.0	0.0	1.0	0.0
3.0	0.0	0.0	0.0	0.0	0.0
0.0	0.0	0.0	0.0	1.0	0.0
37.0	0.0	0.0	0.0	0.0	0.0
1.0	4.0	0.0	0.0	20.0	0.0
0.0	3.0	0.0	0.0	0.0	0.0
1.0	1.0	0.0	0.0	20.0	0.0
1.0	0.0	0.0	0.0	0.0	0.0
0.0	1.0	0.0	0.0	20.0	0.0
0.0	0.0	0.0	0.0	19.0	0.0
0.0	1.0	0.0	0.0	1.0	0.0
0.0	1.0	0.0	0.0	0.0	0.0
0.0	0.0	0.0	0.0	1.0	0.0
