# Sizes (NFeatures, Nclasses, NodeCount, MaxDepth)
10	6	179	14
# Classes
0.0	1.0	2.0	3.0	4.0	5.0
# Feature Names
Nrows	Ncols	Nnnz	AvgNnnz	Density	MaxRowNnnz	MinRowNnnz	StdRowNnnz	NDiags	NTrueDiags
# Left
1	2	3	4	5	6	-1	8	-1	10	11	12	-1	14	15	16	17	-1	-1	-1	-1	-1	-1	24	-1	-1	27	-1	-1	30	-1	-1	33	-1	-1	36	-1	38	-1	-1	41	42	-1	44	45	46	-1	48	49	50	-1	52	-1	-1	-1	56	-1	-1	59	60	-1	62	-1	64	-1	66	-1	-1	69	70	71	-1	-1	74	75	76	-1	-1	-1	80	-1	-1	83	-1	-1	86	87	88	-1	90	-1	92	-1	-1	95	-1	-1	98	-1	-1	101	102	103	-1	105	106	107	-1	109	110	111	-1	-1	114	-1	-1	117	-1	119	120	121	-1	-1	-1	125	-1	127	-1	-1	-1	131	-1	-1	134	-1	136	-1	138	-1	-1	141	142	143	144	-1	-1	-1	148	149	150	-1	-1	153	154	155	156	-1	-1	-1	-1	-1	162	-1	-1	165	166	167	168	-1	-1	-1	172	-1	-1	175	176	-1	-1	-1
# Right
40	35	32	29	26	7	-1	9	-1	23	22	13	-1	21	20	19	18	-1	-1	-1	-1	-1	-1	25	-1	-1	28	-1	-1	31	-1	-1	34	-1	-1	37	-1	39	-1	-1	100	43	-1	85	58	47	-1	55	54	51	-1	53	-1	-1	-1	57	-1	-1	68	61	-1	63	-1	65	-1	67	-1	-1	82	73	72	-1	-1	79	78	77	-1	-1	-1	81	-1	-1	84	-1	-1	97	94	89	-1	91	-1	93	-1	-1	96	-1	-1	99	-1	-1	140	133	104	-1	130	129	108	-1	116	113	112	-1	-1	115	-1	-1	118	-1	124	123	122	-1	-1	-1	126	-1	128	-1	-1	-1	132	-1	-1	135	-1	137	-1	139	-1	-1	164	147	146	145	-1	-1	-1	161	152	151	-1	-1	160	159	158	157	-1	-1	-1	-1	-1	163	-1	-1	174	171	170	169	-1	-1	-1	173	-1	-1	178	177	-1	-1	-1
# Threshold
0.5	2230.0	927.0	26.33970069885254	2703535.0	0.001388349977787584	-2.0	0.0014369499986059964	-2.0	225959.0	0.006659480044618249	659.0	-2.0	106.5	68.0	2187.5	2229.5	-2.0	-2.0	-2.0	-2.0	-2.0	-2.0	10885.0	-2.0	-2.0	617216.5	-2.0	-2.0	13550.0	-2.0	-2.0	5.520395040512085	-2.0	-2.0	15.917750358581543	-2.0	25894250.0	-2.0	-2.0	62244.0	1.5	-2.0	2724.0	19837.5	19.0	-2.0	2019.5	1.5	1220.0	-2.0	4796.0	-2.0	-2.0	-2.0	9.761445045471191	-2.0	-2.0	10.0	6.0	-2.0	864.0	-2.0	1396.5	-2.0	7.136659860610962	-2.0	-2.0	49.21954917907715	367.5	41.0	-2.0	-2.0	21189.5	12.0	995080.0	-2.0	-2.0	-2.0	7.0	-2.0	-2.0	5.614624977111816	-2.0	-2.0	17.68499994277954	47954.5	20.0	-2.0	18314.0	-2.0	7159.5	-2.0	-2.0	148.64350128173828	-2.0	-2.0	0.0006788040045648813	-2.0	-2.0	13.857900142669678	2745.0	350.5	-2.0	9641310.0	25070850.0	4.848170042037964	-2.0	1.6876999779924517e-05	2.5	362.0	-2.0	-2.0	0.5	-2.0	-2.0	4.875205039978027	-2.0	5.5	12376.5	103763.0	-2.0	-2.0	-2.0	2.7441450357437134	-2.0	3.8114548921585083	-2.0	-2.0	-2.0	6.0	-2.0	-2.0	49816.0	-2.0	4.5	-2.0	9.597099781036377	-2.0	-2.0	183.5	981.0	78288.0	4.5	-2.0	-2.0	-2.0	639697.0	6.0	32.0	-2.0	-2.0	162.0	19.333250045776367	3.754725003091153e-05	69.10744857788086	-2.0	-2.0	-2.0	-2.0	-2.0	2.5	-2.0	-2.0	115094.0	114619.5	86378.5	80315.0	-2.0	-2.0	-2.0	14.022300243377686	-2.0	-2.0	20.485599517822266	16.30519962310791	-2.0	-2.0	-2.0
# Feature
9	5	5	7	2	4	-2	4	-2	2	4	0	-2	5	5	8	1	-2	-2	-2	-2	-2	-2	0	-2	-2	1	-2	-2	0	-2	-2	3	-2	-2	3	-2	2	-2	-2	1	8	-2	5	1	2	-2	5	9	5	-2	0	-2	-2	-2	3	-2	-2	9	8	-2	5	-2	5	-2	3	-2	-2	3	8	8	-2	-2	8	9	2	-2	-2	-2	6	-2	-2	7	-2	-2	3	8	9	-2	1	-2	5	-2	-2	7	-2	-2	4	-2	-2	3	5	8	-2	0	2	3	-2	4	9	5	-2	-2	6	-2	-2	3	-2	9	8	1	-2	-2	-2	7	-2	7	-2	-2	-2	5	-2	-2	8	-2	9	-2	3	-2	-2	5	8	1	6	-2	-2	-2	8	9	5	-2	-2	5	7	4	3	-2	-2	-2	-2	-2	6	-2	-2	8	0	0	0	-2	-2	-2	7	-2	-2	7	7	-2	-2	-2
# Values
115.0	1111.0	47.0	65.0	56.0	285.0
26.0	11.0	0.0	3.0	7.0	230.0
4.0	11.0	0.0	3.0	0.0	230.0
0.0	11.0	0.0	3.0	0.0	215.0
0.0	8.0	0.0	3.0	0.0	208.0
0.0	8.0	0.0	0.0	0.0	199.0
0.0	0.0	0.0	0.0	0.0	101.0
0.0	8.0	0.0	0.0	0.0	98.0
0.0	2.0	0.0	0.0	0.0	0.0
0.0	6.0	0.0	0.0	0.0	98.0
0.0	4.0	0.0	0.0	0.0	97.0
0.0	4.0	0.0	0.0	0.0	22.0
0.0	2.0	0.0	0.0	0.0	0.0
0.0	2.0	0.0	0.0	0.0	22.0
0.0	2.0	0.0	0.0	0.0	6.0
0.0	1.0	0.0	0.0	0.0	6.0
0.0	1.0	0.0	0.0	0.0	1.0
0.0	0.0	0.0	0.0	0.0	1.0
0.0	1.0	0.0	0.0	0.0	0.0
0.0	0.0	0.0	0.0	0.0	5.0
0.0	1.0	0.0	0.0	0.0	0.0
0.0	0.0	0.0	0.0	0.0	16.0
0.0	0.0	0.0	0.0	0.0	75.0
0.0	2.0	0.0	0.0	0.0	1.0
0.0	2.0	0.0	0.0	0.0	0.0
0.0	0.0	0.0	0.0	0.0	1.0
0.0	0.0	0.0	3.0	0.0	9.0
0.0	0.0	0.0	3.0	0.0	0.0
0.0	0.0	0.0	0.0	0.0	9.0
0.0	3.0	0.0	0.0	0.0	7.0
0.0	3.0	0.0	0.0	0.0	2.0
0.0	0.0	0.0	0.0	0.0	5.0
4.0	0.0	0.0	0.0	0.0	15.0
4.0	0.0	0.0	0.0	0.0	0.0
0.0	0.0	0.0	0.0	0.0	15.0
22.0	0.0	0.0	0.0	7.0	0.0
20.0	0.0	0.0	0.0	0.0	0.0
2.0	0.0	0.0	0.0	7.0	0.0
2.0	0.0	0.0	0.0	0.0	0.0
0.0	0.0	0.0	0.0	7.0	0.0
89.0	1100.0	47.0	62.0	49.0	55.0
37.0	1022.0	39.0	3.0	5.0	17.0
0.0	0.0	34.0	0.0	0.0	0.0
37.0	1022.0	5.0	3.0	5.0	17.0
6.0	1012.0	5.0	3.0	0.0	17.0
5.0	862.0	0.0	0.0	0.0	0.0
1.0	0.0	0.0	0.0	0.0	0.0
4.0	862.0	0.0	0.0	0.0	0.0
1.0	846.0	0.0	0.0	0.0	0.0
1.0	33.0	0.0	0.0	0.0	0.0
0.0	31.0	0.0	0.0	0.0	0.0
1.0	2.0	0.0	0.0	0.0	0.0
1.0	0.0	0.0	0.0	0.0	0.0
0.0	2.0	0.0	0.0	0.0	0.0
0.0	813.0	0.0	0.0	0.0	0.0
3.0	16.0	0.0	0.0	0.0	0.0
3.0	0.0	0.0	0.0	0.0	0.0
0.0	16.0	0.0	0.0	0.0	0.0
1.0	150.0	5.0	3.0	0.0	17.0
1.0	105.0	2.0	0.0	0.0	2.0
0.0	0.0	2.0	0.0	0.0	0.0
1.0	105.0	0.0	0.0	0.0	2.0
0.0	97.0	0.0	0.0	0.0	0.0
1.0	8.0	0.0	0.0	0.0	2.0
0.0	0.0	0.0	0.0	0.0	2.0
1.0	8.0	0.0	0.0	0.0	0.0
1.0	0.0	0.0	0.0	0.0	0.0
0.0	8.0	0.0	0.0	0.0	0.0
0.0	45.0	3.0	3.0	0.0	15.0
0.0	9.0	3.0	3.0	0.0	13.0
0.0	5.0	3.0	0.0	0.0	0.0
0.0	0.0	3.0	0.0	0.0	0.0
0.0	5.0	0.0	0.0	0.0	0.0
0.0	4.0	0.0	3.0	0.0	13.0
0.0	2.0	0.0	0.0	0.0	13.0
0.0	2.0	0.0	0.0	0.0	1.0
0.0	2.0	0.0	0.0	0.0	0.0
0.0	0.0	0.0	0.0	0.0	1.0
0.0	0.0	0.0	0.0	0.0	12.0
0.0	2.0	0.0	3.0	0.0	0.0
0.0	0.0	0.0	3.0	0.0	0.0
0.0	2.0	0.0	0.0	0.0	0.0
0.0	36.0	0.0	0.0	0.0	2.0
0.0	0.0	0.0	0.0	0.0	2.0
0.0	36.0	0.0	0.0	0.0	0.0
31.0	10.0	0.0	0.0	5.0	0.0
30.0	0.0	0.0	0.0	5.0	0.0
28.0	0.0	0.0	0.0	1.0	0.0
23.0	0.0	0.0	0.0	0.0	0.0
5.0	0.0	0.0	0.0	1.0	0.0
3.0	0.0	0.0	0.0	0.0	0.0
2.0	0.0	0.0	0.0	1.0	0.0
0.0	0.0	0.0	0.0	1.0	0.0
2.0	0.0	0.0	0.0	0.0	0.0
2.0	0.0	0.0	0.0	4.0	0.0
0.0	0.0	0.0	0.0	4.0	0.0
2.0	0.0	0.0	0.0	0.0	0.0
1.0	10.0	0.0	0.0	0.0	0.0
1.0	0.0	0.0	0.0	0.0	0.0
0.0	10.0	0.0	0.0	0.0	0.0
52.0	78.0	8.0	59.0	44.0	38.0
51.0	67.0	6.0	1.0	3.0	16.0
8.0	67.0	6.0	1.0	0.0	16.0
0.0	0.0	6.0	0.0	0.0	0.0
8.0	67.0	0.0	1.0	0.0	16.0
3.0	63.0	0.0	1.0	0.0	16.0
3.0	63.0	0.0	1.0	0.0	13.0
0.0	22.0	0.0	0.0	0.0	0.0
3.0	41.0	0.0	1.0	0.0	13.0
0.0	5.0	0.0	0.0	0.0	9.0
0.0	4.0	0.0	0.0	0.0	1.0
0.0	4.0	0.0	0.0	0.0	0.0
0.0	0.0	0.0	0.0	0.0	1.0
0.0	1.0	0.0	0.0	0.0	8.0
0.0	1.0	0.0	0.0	0.0	0.0
0.0	0.0	0.0	0.0	0.0	8.0
3.0	36.0	0.0	1.0	0.0	4.0
3.0	0.0	0.0	0.0	0.0	0.0
0.0	36.0	0.0	1.0	0.0	4.0
0.0	34.0	0.0	0.0	0.0	2.0
0.0	3.0	0.0	0.0	0.0	2.0
0.0	3.0	0.0	0.0	0.0	0.0
0.0	0.0	0.0	0.0	0.0	2.0
0.0	31.0	0.0	0.0	0.0	0.0
0.0	2.0	0.0	1.0	0.0	2.0
0.0	2.0	0.0	0.0	0.0	0.0
0.0	0.0	0.0	1.0	0.0	2.0
0.0	0.0	0.0	1.0	0.0	0.0
0.0	0.0	0.0	0.0	0.0	2.0
0.0	0.0	0.0	0.0	0.0	3.0
5.0	4.0	0.0	0.0	0.0	0.0
0.0	4.0	0.0	0.0	0.0	0.0
5.0	0.0	0.0	0.0	0.0	0.0
43.0	0.0	0.0	0.0	3.0	0.0
0.0	0.0	0.0	0.0	2.0	0.0
43.0	0.0	0.0	0.0	1.0	0.0
41.0	0.0	0.0	0.0	0.0	0.0
2.0	0.0	0.0	0.0	1.0	0.0
2.0	0.0	0.0	0.0	0.0	0.0
0.0	0.0	0.0	0.0	1.0	0.0
1.0	11.0	2.0	58.0	41.0	22.0
0.0	6.0	2.0	58.0	9.0	16.0
0.0	0.0	2.0	1.0	0.0	15.0
0.0	0.0	2.0	1.0	0.0	0.0
0.0	0.0	2.0	0.0	0.0	0.0
0.0	0.0	0.0	1.0	0.0	0.0
0.0	0.0	0.0	0.0	0.0	15.0
0.0	6.0	0.0	57.0	9.0	1.0
0.0	6.0	0.0	55.0	3.0	1.0
0.0	6.0	0.0	10.0	0.0	0.0
0.0	0.0	0.0	10.0	0.0	0.0
0.0	6.0	0.0	0.0	0.0	0.0
0.0	0.0	0.0	45.0	3.0	1.0
0.0	0.0	0.0	45.0	3.0	0.0
0.0	0.0	0.0	45.0	2.0	0.0
0.0	0.0	0.0	2.0	2.0	0.0
0.0	0.0	0.0	0.0	2.0	0.0
0.0	0.0	0.0	2.0	0.0	0.0
0.0	0.0	0.0	43.0	0.0	0.0
0.0	0.0	0.0	0.0	1.0	0.0
0.0	0.0	0.0	0.0	0.0	1.0
0.0	0.0	0.0	2.0	6.0	0.0
0.0	0.0	0.0	2.0	0.0	0.0
0.0	0.0	0.0	0.0	6.0	0.0
1.0	5.0	0.0	0.0	32.0	6.0
1.0	5.0	0.0	0.0	2.0	5.0
1.0	5.0	0.0	0.0	1.0	0.0
1.0	0.0	0.0	0.0	1.0	0.0
1.0	0.0	0.0	0.0	0.0	0.0
0.0	0.0	0.0	0.0	1.0	0.0
0.0	5.0	0.0	0.0	0.0	0.0
0.0	0.0	0.0	0.0	1.0	5.0
0.0	0.0	0.0	0.0	1.0	0.0
0.0	0.0	0.0	0.0	0.0	5.0
0.0	0.0	0.0	0.0	30.0	1.0
0.0	0.0	0.0	0.0	3.0	1.0
0.0	0.0	0.0	0.0	3.0	0.0
0.0	0.0	0.0	0.0	0.0	1.0
0.0	0.0	0.0	0.0	27.0	0.0
