# Sizes (NFeatures, Nclasses, NodeCount, MaxDepth)
10	6	181	11
# Classes
0.0	1.0	2.0	3.0	4.0	5.0
# Feature Names
Nrows	Ncols	Nnnz	AvgNnnz	Density	MaxRowNnnz	MinRowNnnz	StdRowNnnz	NDiags	NTrueDiags
# Left
1	2	3	4	5	-1	7	-1	-1	-1	11	12	13	-1	-1	16	17	-1	-1	-1	21	22	23	-1	25	-1	-1	-1	-1	30	31	-1	33	-1	-1	-1	37	38	39	-1	41	42	-1	-1	45	46	47	48	-1	50	-1	-1	53	-1	-1	56	57	58	-1	-1	61	62	-1	-1	-1	66	-1	68	-1	-1	71	72	-1	-1	-1	76	77	-1	79	80	81	82	83	84	-1	-1	-1	88	-1	-1	91	-1	-1	94	95	-1	-1	-1	99	100	101	102	-1	-1	-1	-1	107	-1	109	-1	-1	112	113	114	-1	-1	117	-1	119	120	-1	-1	123	-1	125	-1	-1	128	129	-1	131	-1	133	-1	135	-1	137	-1	-1	-1	141	142	143	-1	145	-1	147	148	149	-1	-1	-1	153	154	-1	156	-1	158	-1	-1	161	-1	-1	-1	165	166	-1	168	-1	-1	171	172	-1	174	175	-1	-1	-1	179	-1	-1
# Right
36	29	10	9	6	-1	8	-1	-1	-1	20	15	14	-1	-1	19	18	-1	-1	-1	28	27	24	-1	26	-1	-1	-1	-1	35	32	-1	34	-1	-1	-1	140	75	40	-1	44	43	-1	-1	70	55	52	49	-1	51	-1	-1	54	-1	-1	65	60	59	-1	-1	64	63	-1	-1	-1	67	-1	69	-1	-1	74	73	-1	-1	-1	111	78	-1	98	93	90	87	86	85	-1	-1	-1	89	-1	-1	92	-1	-1	97	96	-1	-1	-1	106	105	104	103	-1	-1	-1	-1	108	-1	110	-1	-1	127	116	115	-1	-1	118	-1	122	121	-1	-1	124	-1	126	-1	-1	139	130	-1	132	-1	134	-1	136	-1	138	-1	-1	-1	164	163	144	-1	146	-1	152	151	150	-1	-1	-1	160	155	-1	157	-1	159	-1	-1	162	-1	-1	-1	170	167	-1	169	-1	-1	178	173	-1	177	176	-1	-1	-1	180	-1	-1
# Threshold
0.5	2348.5	4.7140350341796875	529.5	4.010400056838989	-2.0	31.0	-2.0	-2.0	-2.0	25.741600036621094	32.0	0.00010266750177834183	-2.0	-2.0	27754.0	27495.0	-2.0	-2.0	-2.0	264354.5	198.0	5719.0	-2.0	6701.0	-2.0	-2.0	-2.0	-2.0	0.004190314619336277	18.052000045776367	-2.0	1078544.0	-2.0	-2.0	-2.0	2733.0	54444.5	2.0	-2.0	0.00013032700371695682	0.00011739299952751026	-2.0	-2.0	1594.5	731871.0	1365.5	479776.0	-2.0	490200.0	-2.0	-2.0	0.0002842344983946532	-2.0	-2.0	48.774749755859375	32.4532995223999	34.5	-2.0	-2.0	93.0	8039.0	-2.0	-2.0	-2.0	39468.0	-2.0	21957.0	-2.0	-2.0	9.050940036773682	18.545000076293945	-2.0	-2.0	-2.0	13.814650058746338	266.5	-2.0	4981720.0	5.5	876.0	501575.5	12376.5	4979.5	-2.0	-2.0	-2.0	457849.5	-2.0	-2.0	2359.0	-2.0	-2.0	130433.0	4.530894994735718	-2.0	-2.0	-2.0	4391390.0	5350540.0	3.5	0.5	-2.0	-2.0	-2.0	-2.0	0.44652849435806274	-2.0	22527350.0	-2.0	-2.0	106.0	659.0	5.5	-2.0	-2.0	1.2659000158309937	-2.0	15.739699840545654	15.23134994506836	-2.0	-2.0	659717.0	-2.0	10.196469783782959	-2.0	-2.0	17920950.0	10.204819679260254	-2.0	117404.5	-2.0	238.5	-2.0	26.207799911499023	-2.0	0.0004136585121159442	-2.0	-2.0	-2.0	15.433400630950928	3.5	7.672449827194214	-2.0	7.678099870681763	-2.0	36.88189888000488	5204.5	39496.0	-2.0	-2.0	-2.0	96145.0	20.0	-2.0	12.178350448608398	-2.0	12.191300392150879	-2.0	-2.0	2828835.0	-2.0	-2.0	-2.0	48274.5	13983.0	-2.0	307.1554069519043	-2.0	-2.0	64.52830123901367	4.0	-2.0	7.0	3818987.0	-2.0	-2.0	-2.0	110.0	-2.0	-2.0
# Feature
9	5	3	5	3	-2	5	-2	-2	-2	7	5	4	-2	-2	2	2	-2	-2	-2	2	5	0	-2	8	-2	-2	-2	-2	4	3	-2	1	-2	-2	-2	5	0	5	-2	4	4	-2	-2	5	2	5	2	-2	2	-2	-2	4	-2	-2	3	3	5	-2	-2	5	8	-2	-2	-2	1	-2	8	-2	-2	3	7	-2	-2	-2	3	8	-2	2	9	5	8	8	8	-2	-2	-2	0	-2	-2	5	-2	-2	1	7	-2	-2	-2	0	8	6	6	-2	-2	-2	-2	7	-2	2	-2	-2	5	8	6	-2	-2	7	-2	3	3	-2	-2	8	-2	7	-2	-2	2	7	-2	1	-2	5	-2	7	-2	4	-2	-2	-2	3	6	3	-2	3	-2	7	5	1	-2	-2	-2	5	9	-2	3	-2	3	-2	-2	1	-2	-2	-2	1	5	-2	3	-2	-2	3	9	-2	9	0	-2	-2	-2	9	-2	-2
# Values
126.0	1085.0	44.0	69.0	54.0	301.0
30.0	17.0	0.0	2.0	2.0	260.0
7.0	17.0	0.0	2.0	0.0	260.0
7.0	11.0	0.0	0.0	0.0	78.0
0.0	11.0	0.0	0.0	0.0	78.0
0.0	0.0	0.0	0.0	0.0	67.0
0.0	11.0	0.0	0.0	0.0	11.0
0.0	11.0	0.0	0.0	0.0	0.0
0.0	0.0	0.0	0.0	0.0	11.0
7.0	0.0	0.0	0.0	0.0	0.0
0.0	6.0	0.0	2.0	0.0	182.0
0.0	1.0	0.0	2.0	0.0	146.0
0.0	0.0	0.0	2.0	0.0	14.0
0.0	0.0	0.0	2.0	0.0	0.0
0.0	0.0	0.0	0.0	0.0	14.0
0.0	1.0	0.0	0.0	0.0	132.0
0.0	1.0	0.0	0.0	0.0	41.0
0.0	0.0	0.0	0.0	0.0	41.0
0.0	1.0	0.0	0.0	0.0	0.0
0.0	0.0	0.0	0.0	0.0	91.0
0.0	5.0	0.0	0.0	0.0	36.0
0.0	5.0	0.0	0.0	0.0	8.0
0.0	5.0	0.0	0.0	0.0	3.0
0.0	2.0	0.0	0.0	0.0	1.0
0.0	3.0	0.0	0.0	0.0	2.0
0.0	1.0	0.0	0.0	0.0	1.0
0.0	2.0	0.0	0.0	0.0	1.0
0.0	0.0	0.0	0.0	0.0	5.0
0.0	0.0	0.0	0.0	0.0	28.0
23.0	0.0	0.0	0.0	2.0	0.0
23.0	0.0	0.0	0.0	1.0	0.0
19.0	0.0	0.0	0.0	0.0	0.0
4.0	0.0	0.0	0.0	1.0	0.0
4.0	0.0	0.0	0.0	0.0	0.0
0.0	0.0	0.0	0.0	1.0	0.0
0.0	0.0	0.0	0.0	1.0	0.0
96.0	1068.0	44.0	67.0	52.0	41.0
15.0	1052.0	44.0	67.0	16.0	40.0
9.0	972.0	30.0	2.0	0.0	11.0
0.0	0.0	20.0	0.0	0.0	0.0
9.0	972.0	10.0	2.0	0.0	11.0
0.0	10.0	9.0	0.0	0.0	0.0
0.0	10.0	0.0	0.0	0.0	0.0
0.0	0.0	9.0	0.0	0.0	0.0
9.0	962.0	1.0	2.0	0.0	11.0
0.0	940.0	1.0	2.0	0.0	11.0
0.0	865.0	1.0	0.0	0.0	1.0
0.0	861.0	1.0	0.0	0.0	0.0
0.0	833.0	0.0	0.0	0.0	0.0
0.0	28.0	1.0	0.0	0.0	0.0
0.0	0.0	1.0	0.0	0.0	0.0
0.0	28.0	0.0	0.0	0.0	0.0
0.0	4.0	0.0	0.0	0.0	1.0
0.0	0.0	0.0	0.0	0.0	1.0
0.0	4.0	0.0	0.0	0.0	0.0
0.0	75.0	0.0	2.0	0.0	10.0
0.0	14.0	0.0	1.0	0.0	10.0
0.0	9.0	0.0	1.0	0.0	0.0
0.0	0.0	0.0	1.0	0.0	0.0
0.0	9.0	0.0	0.0	0.0	0.0
0.0	5.0	0.0	0.0	0.0	10.0
0.0	5.0	0.0	0.0	0.0	1.0
0.0	0.0	0.0	0.0	0.0	1.0
0.0	5.0	0.0	0.0	0.0	0.0
0.0	0.0	0.0	0.0	0.0	9.0
0.0	61.0	0.0	1.0	0.0	0.0
0.0	57.0	0.0	0.0	0.0	0.0
0.0	4.0	0.0	1.0	0.0	0.0
0.0	0.0	0.0	1.0	0.0	0.0
0.0	4.0	0.0	0.0	0.0	0.0
9.0	22.0	0.0	0.0	0.0	0.0
9.0	3.0	0.0	0.0	0.0	0.0
0.0	3.0	0.0	0.0	0.0	0.0
9.0	0.0	0.0	0.0	0.0	0.0
0.0	19.0	0.0	0.0	0.0	0.0
6.0	80.0	14.0	65.0	16.0	29.0
6.0	64.0	12.0	5.0	0.0	17.0
0.0	0.0	12.0	0.0	0.0	0.0
6.0	64.0	0.0	5.0	0.0	17.0
2.0	48.0	0.0	3.0	0.0	4.0
2.0	44.0	0.0	0.0	0.0	2.0
0.0	40.0	0.0	0.0	0.0	2.0
0.0	39.0	0.0	0.0	0.0	1.0
0.0	9.0	0.0	0.0	0.0	1.0
0.0	9.0	0.0	0.0	0.0	0.0
0.0	0.0	0.0	0.0	0.0	1.0
0.0	30.0	0.0	0.0	0.0	0.0
0.0	1.0	0.0	0.0	0.0	1.0
0.0	0.0	0.0	0.0	0.0	1.0
0.0	1.0	0.0	0.0	0.0	0.0
2.0	4.0	0.0	0.0	0.0	0.0
2.0	0.0	0.0	0.0	0.0	0.0
0.0	4.0	0.0	0.0	0.0	0.0
0.0	4.0	0.0	3.0	0.0	2.0
0.0	4.0	0.0	0.0	0.0	2.0
0.0	4.0	0.0	0.0	0.0	0.0
0.0	0.0	0.0	0.0	0.0	2.0
0.0	0.0	0.0	3.0	0.0	0.0
4.0	16.0	0.0	2.0	0.0	13.0
0.0	4.0	0.0	2.0	0.0	13.0
0.0	1.0	0.0	2.0	0.0	13.0
0.0	1.0	0.0	0.0	0.0	13.0
0.0	1.0	0.0	0.0	0.0	0.0
0.0	0.0	0.0	0.0	0.0	13.0
0.0	0.0	0.0	2.0	0.0	0.0
0.0	3.0	0.0	0.0	0.0	0.0
4.0	12.0	0.0	0.0	0.0	0.0
0.0	10.0	0.0	0.0	0.0	0.0
4.0	2.0	0.0	0.0	0.0	0.0
0.0	2.0	0.0	0.0	0.0	0.0
4.0	0.0	0.0	0.0	0.0	0.0
0.0	16.0	2.0	60.0	16.0	12.0
0.0	3.0	2.0	55.0	1.0	5.0
0.0	0.0	2.0	0.0	0.0	3.0
0.0	0.0	2.0	0.0	0.0	0.0
0.0	0.0	0.0	0.0	0.0	3.0
0.0	3.0	0.0	55.0	1.0	2.0
0.0	0.0	0.0	0.0	0.0	2.0
0.0	3.0	0.0	55.0	1.0	0.0
0.0	3.0	0.0	4.0	0.0	0.0
0.0	0.0	0.0	4.0	0.0	0.0
0.0	3.0	0.0	0.0	0.0	0.0
0.0	0.0	0.0	51.0	1.0	0.0
0.0	0.0	0.0	50.0	0.0	0.0
0.0	0.0	0.0	1.0	1.0	0.0
0.0	0.0	0.0	0.0	1.0	0.0
0.0	0.0	0.0	1.0	0.0	0.0
0.0	13.0	0.0	5.0	15.0	7.0
0.0	13.0	0.0	5.0	1.0	7.0
0.0	0.0	0.0	0.0	0.0	6.0
0.0	13.0	0.0	5.0	1.0	1.0
0.0	12.0	0.0	0.0	0.0	0.0
0.0	1.0	0.0	5.0	1.0	1.0
0.0	0.0	0.0	5.0	0.0	0.0
0.0	1.0	0.0	0.0	1.0	1.0
0.0	0.0	0.0	0.0	1.0	0.0
0.0	1.0	0.0	0.0	0.0	1.0
0.0	0.0	0.0	0.0	0.0	1.0
0.0	1.0	0.0	0.0	0.0	0.0
0.0	0.0	0.0	0.0	14.0	0.0
81.0	16.0	0.0	0.0	36.0	1.0
75.0	2.0	0.0	0.0	13.0	0.0
75.0	2.0	0.0	0.0	11.0	0.0
33.0	0.0	0.0	0.0	0.0	0.0
42.0	2.0	0.0	0.0	11.0	0.0
0.0	0.0	0.0	0.0	3.0	0.0
42.0	2.0	0.0	0.0	8.0	0.0
6.0	2.0	0.0	0.0	5.0	0.0
6.0	2.0	0.0	0.0	0.0	0.0
0.0	2.0	0.0	0.0	0.0	0.0
6.0	0.0	0.0	0.0	0.0	0.0
0.0	0.0	0.0	0.0	5.0	0.0
36.0	0.0	0.0	0.0	3.0	0.0
35.0	0.0	0.0	0.0	1.0	0.0
30.0	0.0	0.0	0.0	0.0	0.0
5.0	0.0	0.0	0.0	1.0	0.0
4.0	0.0	0.0	0.0	0.0	0.0
1.0	0.0	0.0	0.0	1.0	0.0
0.0	0.0	0.0	0.0	1.0	0.0
1.0	0.0	0.0	0.0	0.0	0.0
1.0	0.0	0.0	0.0	2.0	0.0
0.0	0.0	0.0	0.0	2.0	0.0
1.0	0.0	0.0	0.0	0.0	0.0
0.0	0.0	0.0	0.0	2.0	0.0
6.0	14.0	0.0	0.0	23.0	1.0
6.0	9.0	0.0	0.0	0.0	0.0
0.0	8.0	0.0	0.0	0.0	0.0
6.0	1.0	0.0	0.0	0.0	0.0
6.0	0.0	0.0	0.0	0.0	0.0
0.0	1.0	0.0	0.0	0.0	0.0
0.0	5.0	0.0	0.0	23.0	1.0
0.0	1.0	0.0	0.0	21.0	1.0
0.0	1.0	0.0	0.0	0.0	0.0
0.0	0.0	0.0	0.0	21.0	1.0
0.0	0.0	0.0	0.0	1.0	1.0
0.0	0.0	0.0	0.0	0.0	1.0
0.0	0.0	0.0	0.0	1.0	0.0
0.0	0.0	0.0	0.0	20.0	0.0
0.0	4.0	0.0	0.0	2.0	0.0
0.0	4.0	0.0	0.0	0.0	0.0
0.0	0.0	0.0	0.0	2.0	0.0
