# Sizes (NFeatures, Nclasses, NodeCount, MaxDepth)
10	6	199	13
# Classes
0.0	1.0	2.0	3.0	4.0	5.0
# Feature Names
Nrows	Ncols	Nnnz	AvgNnnz	Density	MaxRowNnnz	MinRowNnnz	StdRowNnnz	NDiags	NTrueDiags
# Left
1	2	3	4	5	6	7	8	9	10	-1	12	-1	-1	-1	16	17	-1	19	-1	-1	-1	-1	24	25	-1	27	-1	-1	30	-1	-1	33	-1	-1	36	-1	38	-1	40	-1	-1	-1	44	45	46	-1	-1	-1	-1	51	52	53	-1	-1	56	57	58	59	60	61	-1	63	-1	-1	66	-1	68	-1	-1	71	-1	-1	74	-1	76	-1	-1	79	-1	-1	82	83	84	-1	86	-1	-1	-1	90	91	-1	-1	-1	95	96	97	-1	-1	100	101	102	103	104	-1	106	-1	-1	-1	110	111	112	113	-1	-1	116	117	118	-1	-1	-1	122	-1	-1	-1	126	-1	128	-1	-1	131	132	133	-1	135	-1	-1	138	-1	140	-1	142	-1	-1	145	146	-1	-1	149	-1	-1	152	153	154	-1	156	-1	-1	159	160	-1	-1	163	-1	-1	-1	167	168	-1	170	-1	172	-1	-1	175	-1	177	178	-1	-1	181	182	-1	-1	185	-1	187	188	-1	190	-1	-1	193	194	-1	196	-1	-1	-1
# Right
50	43	42	35	32	23	22	15	14	11	-1	13	-1	-1	-1	21	18	-1	20	-1	-1	-1	-1	29	26	-1	28	-1	-1	31	-1	-1	34	-1	-1	37	-1	39	-1	41	-1	-1	-1	49	48	47	-1	-1	-1	-1	94	55	54	-1	-1	81	78	73	70	65	62	-1	64	-1	-1	67	-1	69	-1	-1	72	-1	-1	75	-1	77	-1	-1	80	-1	-1	89	88	85	-1	87	-1	-1	-1	93	92	-1	-1	-1	166	99	98	-1	-1	151	130	109	108	105	-1	107	-1	-1	-1	125	124	115	114	-1	-1	121	120	119	-1	-1	-1	123	-1	-1	-1	127	-1	129	-1	-1	144	137	134	-1	136	-1	-1	139	-1	141	-1	143	-1	-1	148	147	-1	-1	150	-1	-1	165	158	155	-1	157	-1	-1	162	161	-1	-1	164	-1	-1	-1	174	169	-1	171	-1	173	-1	-1	176	-1	180	179	-1	-1	184	183	-1	-1	186	-1	192	189	-1	191	-1	-1	198	195	-1	197	-1	-1	-1
# Threshold
0.5	2283.5	59213500.0	8146.0	194145.0	22.01884937286377	930.5	2475.5	611.0	372.0	-2.0	2.517030119895935	-2.0	-2.0	-2.0	0.0026019400684162974	1.662531465291977	-2.0	2873.0	-2.0	-2.0	-2.0	-2.0	7418.5	2553.0	-2.0	25.98194980621338	-2.0	-2.0	0.0036433900240808725	-2.0	-2.0	1.8163250388170127e-05	-2.0	-2.0	1.9734099507331848	-2.0	1246.5	-2.0	5.185160040855408	-2.0	-2.0	-2.0	0.004464515077415854	32.5080509185791	1.2798400348401628e-05	-2.0	-2.0	-2.0	-2.0	39490.5	3.5	1.5	-2.0	-2.0	2724.0	1951.0	36650.5	35569.0	1.5	1220.0	-2.0	14664.0	-2.0	-2.0	15.5	-2.0	1.3994199633598328	-2.0	-2.0	35749.0	-2.0	-2.0	0.00031977149774320424	-2.0	11939.0	-2.0	-2.0	9.761445045471191	-2.0	-2.0	28393.0	3.0	222903.0	-2.0	29.0	-2.0	-2.0	-2.0	387831.5	9.992170095443726	-2.0	-2.0	-2.0	770.5	802769.0	16.5	-2.0	-2.0	104.5	15.725500106811523	3.996024966239929	85844700.0	9842310.0	-2.0	2.563284993171692	-2.0	-2.0	-2.0	3.5	38790100.0	0.6551044881343842	0.13544799759984016	-2.0	-2.0	6.5	3938290.0	12.5691499710083	-2.0	-2.0	-2.0	3.3466700315475464	-2.0	-2.0	-2.0	6.827840115875006e-05	-2.0	1891480.0	-2.0	-2.0	41.0	52553.5	6.0	-2.0	63.0	-2.0	-2.0	1467990.0	-2.0	78808.0	-2.0	1579230.0	-2.0	-2.0	6.5	79379.0	-2.0	-2.0	68.5	-2.0	-2.0	534489.5	10.0	22.0	-2.0	96838.0	-2.0	-2.0	60.336700439453125	190.0	-2.0	-2.0	23.532849311828613	-2.0	-2.0	-2.0	9.597099781036377	1385.5	-2.0	2.5	-2.0	48.8577995300293	-2.0	-2.0	43416.0	-2.0	21.407750129699707	80735.5	-2.0	-2.0	2.0	2.0	-2.0	-2.0	36.88189888000488	-2.0	80637.0	2209665.0	-2.0	6367580.0	-2.0	-2.0	9.591700290911831e-05	3.5	-2.0	15.5	-2.0	-2.0	-2.0
# Feature
9	5	2	8	0	7	5	0	8	0	-2	3	-2	-2	-2	4	3	-2	1	-2	-2	-2	-2	0	0	-2	7	-2	-2	4	-2	-2	4	-2	-2	3	-2	5	-2	3	-2	-2	-2	4	7	4	-2	-2	-2	-2	1	8	9	-2	-2	5	5	0	0	9	5	-2	0	-2	-2	6	-2	7	-2	-2	1	-2	-2	4	-2	8	-2	-2	3	-2	-2	8	6	2	-2	9	-2	-2	-2	2	3	-2	-2	-2	5	2	8	-2	-2	5	3	3	2	0	-2	3	-2	-2	-2	6	2	7	7	-2	-2	9	0	3	-2	-2	-2	7	-2	-2	-2	4	-2	2	-2	-2	9	0	9	-2	5	-2	-2	1	-2	8	-2	0	-2	-2	6	0	-2	-2	5	-2	-2	1	6	9	-2	0	-2	-2	3	5	-2	-2	7	-2	-2	-2	3	5	-2	6	-2	7	-2	-2	1	-2	7	8	-2	-2	9	6	-2	-2	7	-2	8	2	-2	2	-2	-2	4	9	-2	9	-2	-2	-2
# Values
123.0	1091.0	38.0	64.0	64.0	299.0
28.0	15.0	0.0	4.0	8.0	246.0
4.0	15.0	0.0	4.0	4.0	246.0
4.0	15.0	0.0	4.0	0.0	246.0
2.0	15.0	0.0	4.0	0.0	125.0
2.0	15.0	0.0	0.0	0.0	124.0
2.0	9.0	0.0	0.0	0.0	118.0
1.0	9.0	0.0	0.0	0.0	118.0
0.0	3.0	0.0	0.0	0.0	90.0
0.0	3.0	0.0	0.0	0.0	28.0
0.0	0.0	0.0	0.0	0.0	27.0
0.0	3.0	0.0	0.0	0.0	1.0
0.0	0.0	0.0	0.0	0.0	1.0
0.0	3.0	0.0	0.0	0.0	0.0
0.0	0.0	0.0	0.0	0.0	62.0
1.0	6.0	0.0	0.0	0.0	28.0
1.0	1.0	0.0	0.0	0.0	28.0
1.0	0.0	0.0	0.0	0.0	0.0
0.0	1.0	0.0	0.0	0.0	28.0
0.0	1.0	0.0	0.0	0.0	0.0
0.0	0.0	0.0	0.0	0.0	28.0
0.0	5.0	0.0	0.0	0.0	0.0
1.0	0.0	0.0	0.0	0.0	0.0
0.0	6.0	0.0	0.0	0.0	6.0
0.0	3.0	0.0	0.0	0.0	5.0
0.0	0.0	0.0	0.0	0.0	1.0
0.0	3.0	0.0	0.0	0.0	4.0
0.0	2.0	0.0	0.0	0.0	2.0
0.0	1.0	0.0	0.0	0.0	2.0
0.0	3.0	0.0	0.0	0.0	1.0
0.0	2.0	0.0	0.0	0.0	1.0
0.0	1.0	0.0	0.0	0.0	0.0
0.0	0.0	0.0	4.0	0.0	1.0
0.0	0.0	0.0	0.0	0.0	1.0
0.0	0.0	0.0	4.0	0.0	0.0
2.0	0.0	0.0	0.0	0.0	121.0
1.0	0.0	0.0	0.0	0.0	0.0
1.0	0.0	0.0	0.0	0.0	121.0
0.0	0.0	0.0	0.0	0.0	116.0
1.0	0.0	0.0	0.0	0.0	5.0
1.0	0.0	0.0	0.0	0.0	0.0
0.0	0.0	0.0	0.0	0.0	5.0
0.0	0.0	0.0	0.0	4.0	0.0
24.0	0.0	0.0	0.0	4.0	0.0
24.0	0.0	0.0	0.0	1.0	0.0
3.0	0.0	0.0	0.0	1.0	0.0
0.0	0.0	0.0	0.0	1.0	0.0
3.0	0.0	0.0	0.0	0.0	0.0
21.0	0.0	0.0	0.0	0.0	0.0
0.0	0.0	0.0	0.0	3.0	0.0
95.0	1076.0	38.0	60.0	56.0	53.0
30.0	939.0	26.0	0.0	6.0	3.0
2.0	0.0	24.0	0.0	0.0	0.0
0.0	0.0	24.0	0.0	0.0	0.0
2.0	0.0	0.0	0.0	0.0	0.0
28.0	939.0	2.0	0.0	6.0	3.0
7.0	930.0	2.0	0.0	0.0	3.0
2.0	916.0	2.0	0.0	0.0	3.0
2.0	911.0	2.0	0.0	0.0	1.0
2.0	903.0	2.0	0.0	0.0	0.0
2.0	52.0	0.0	0.0	0.0	0.0
0.0	51.0	0.0	0.0	0.0	0.0
2.0	1.0	0.0	0.0	0.0	0.0
2.0	0.0	0.0	0.0	0.0	0.0
0.0	1.0	0.0	0.0	0.0	0.0
0.0	851.0	2.0	0.0	0.0	0.0
0.0	790.0	0.0	0.0	0.0	0.0
0.0	61.0	2.0	0.0	0.0	0.0
0.0	0.0	2.0	0.0	0.0	0.0
0.0	61.0	0.0	0.0	0.0	0.0
0.0	8.0	0.0	0.0	0.0	1.0
0.0	0.0	0.0	0.0	0.0	1.0
0.0	8.0	0.0	0.0	0.0	0.0
0.0	5.0	0.0	0.0	0.0	2.0
0.0	0.0	0.0	0.0	0.0	1.0
0.0	5.0	0.0	0.0	0.0	1.0
0.0	0.0	0.0	0.0	0.0	1.0
0.0	5.0	0.0	0.0	0.0	0.0
5.0	14.0	0.0	0.0	0.0	0.0
5.0	0.0	0.0	0.0	0.0	0.0
0.0	14.0	0.0	0.0	0.0	0.0
21.0	9.0	0.0	0.0	6.0	0.0
20.0	0.0	0.0	0.0	5.0	0.0
20.0	0.0	0.0	0.0	2.0	0.0
17.0	0.0	0.0	0.0	0.0	0.0
3.0	0.0	0.0	0.0	2.0	0.0
0.0	0.0	0.0	0.0	2.0	0.0
3.0	0.0	0.0	0.0	0.0	0.0
0.0	0.0	0.0	0.0	3.0	0.0
1.0	9.0	0.0	0.0	1.0	0.0
1.0	0.0	0.0	0.0	1.0	0.0
0.0	0.0	0.0	0.0	1.0	0.0
1.0	0.0	0.0	0.0	0.0	0.0
0.0	9.0	0.0	0.0	0.0	0.0
65.0	137.0	12.0	60.0	50.0	50.0
5.0	122.0	12.0	60.0	20.0	41.0
0.0	60.0	8.0	0.0	0.0	0.0
0.0	0.0	8.0	0.0	0.0	0.0
0.0	60.0	0.0	0.0	0.0	0.0
5.0	62.0	4.0	60.0	20.0	41.0
5.0	29.0	4.0	59.0	3.0	33.0
5.0	26.0	2.0	6.0	0.0	22.0
2.0	15.0	0.0	0.0	0.0	0.0
1.0	15.0	0.0	0.0	0.0	0.0
0.0	12.0	0.0	0.0	0.0	0.0
1.0	3.0	0.0	0.0	0.0	0.0
1.0	0.0	0.0	0.0	0.0	0.0
0.0	3.0	0.0	0.0	0.0	0.0
1.0	0.0	0.0	0.0	0.0	0.0
3.0	11.0	2.0	6.0	0.0	22.0
3.0	7.0	0.0	1.0	0.0	22.0
0.0	7.0	0.0	1.0	0.0	22.0
0.0	4.0	0.0	0.0	0.0	2.0
0.0	0.0	0.0	0.0	0.0	2.0
0.0	4.0	0.0	0.0	0.0	0.0
0.0	3.0	0.0	1.0	0.0	20.0
0.0	2.0	0.0	0.0	0.0	20.0
0.0	1.0	0.0	0.0	0.0	20.0
0.0	0.0	0.0	0.0	0.0	20.0
0.0	1.0	0.0	0.0	0.0	0.0
0.0	1.0	0.0	0.0	0.0	0.0
0.0	1.0	0.0	1.0	0.0	0.0
0.0	0.0	0.0	1.0	0.0	0.0
0.0	1.0	0.0	0.0	0.0	0.0
3.0	0.0	0.0	0.0	0.0	0.0
0.0	4.0	2.0	5.0	0.0	0.0
0.0	0.0	0.0	5.0	0.0	0.0
0.0	4.0	2.0	0.0	0.0	0.0
0.0	0.0	2.0	0.0	0.0	0.0
0.0	4.0	0.0	0.0	0.0	0.0
0.0	3.0	2.0	53.0	3.0	11.0
0.0	3.0	0.0	51.0	3.0	1.0
0.0	3.0	0.0	1.0	0.0	1.0
0.0	3.0	0.0	0.0	0.0	0.0
0.0	0.0	0.0	1.0	0.0	1.0
0.0	0.0	0.0	0.0	0.0	1.0
0.0	0.0	0.0	1.0	0.0	0.0
0.0	0.0	0.0	50.0	3.0	0.0
0.0	0.0	0.0	40.0	0.0	0.0
0.0	0.0	0.0	10.0	3.0	0.0
0.0	0.0	0.0	0.0	2.0	0.0
0.0	0.0	0.0	10.0	1.0	0.0
0.0	0.0	0.0	0.0	1.0	0.0
0.0	0.0	0.0	10.0	0.0	0.0
0.0	0.0	2.0	2.0	0.0	10.0
0.0	0.0	2.0	1.0	0.0	0.0
0.0	0.0	2.0	0.0	0.0	0.0
0.0	0.0	0.0	1.0	0.0	0.0
0.0	0.0	0.0	1.0	0.0	10.0
0.0	0.0	0.0	0.0	0.0	10.0
0.0	0.0	0.0	1.0	0.0	0.0
0.0	33.0	0.0	1.0	17.0	8.0
0.0	33.0	0.0	1.0	3.0	8.0
0.0	27.0	0.0	0.0	1.0	0.0
0.0	24.0	0.0	0.0	0.0	0.0
0.0	3.0	0.0	0.0	1.0	0.0
0.0	3.0	0.0	0.0	0.0	0.0
0.0	0.0	0.0	0.0	1.0	0.0
0.0	6.0	0.0	1.0	2.0	8.0
0.0	0.0	0.0	1.0	0.0	8.0
0.0	0.0	0.0	1.0	0.0	0.0
0.0	0.0	0.0	0.0	0.0	8.0
0.0	6.0	0.0	0.0	2.0	0.0
0.0	0.0	0.0	0.0	2.0	0.0
0.0	6.0	0.0	0.0	0.0	0.0
0.0	0.0	0.0	0.0	14.0	0.0
60.0	15.0	0.0	0.0	30.0	9.0
45.0	1.0	0.0	0.0	2.0	0.0
0.0	1.0	0.0	0.0	0.0	0.0
45.0	0.0	0.0	0.0	2.0	0.0
42.0	0.0	0.0	0.0	0.0	0.0
3.0	0.0	0.0	0.0	2.0	0.0
0.0	0.0	0.0	0.0	2.0	0.0
3.0	0.0	0.0	0.0	0.0	0.0
15.0	14.0	0.0	0.0	28.0	9.0
8.0	0.0	0.0	0.0	0.0	0.0
7.0	14.0	0.0	0.0	28.0	9.0
0.0	5.0	0.0	0.0	0.0	7.0
0.0	5.0	0.0	0.0	0.0	0.0
0.0	0.0	0.0	0.0	0.0	7.0
7.0	9.0	0.0	0.0	28.0	2.0
3.0	5.0	0.0	0.0	0.0	0.0
0.0	5.0	0.0	0.0	0.0	0.0
3.0	0.0	0.0	0.0	0.0	0.0
4.0	4.0	0.0	0.0	28.0	2.0
0.0	0.0	0.0	0.0	16.0	0.0
4.0	4.0	0.0	0.0	12.0	2.0
3.0	3.0	0.0	0.0	0.0	1.0
3.0	0.0	0.0	0.0	0.0	0.0
0.0	3.0	0.0	0.0	0.0	1.0
0.0	3.0	0.0	0.0	0.0	0.0
0.0	0.0	0.0	0.0	0.0	1.0
1.0	1.0	0.0	0.0	12.0	1.0
1.0	1.0	0.0	0.0	0.0	1.0
1.0	0.0	0.0	0.0	0.0	0.0
0.0	1.0	0.0	0.0	0.0	1.0
0.0	0.0	0.0	0.0	0.0	1.0
0.0	1.0	0.0	0.0	0.0	0.0
0.0	0.0	0.0	0.0	12.0	0.0
