# Sizes (NFeatures, Nclasses, NodeCount, MaxDepth)
10	6	193	14
# Classes
0.0	1.0	2.0	3.0	4.0	5.0
# Feature Names
Nrows	Ncols	Nnnz	AvgNnnz	Density	MaxRowNnnz	MinRowNnnz	StdRowNnnz	NDiags	NTrueDiags
# Left
1	2	3	4	5	6	7	-1	-1	-1	11	12	13	-1	-1	16	-1	18	-1	20	21	-1	-1	-1	-1	26	-1	-1	29	-1	-1	-1	33	34	-1	36	37	38	39	40	-1	42	-1	-1	45	46	-1	48	-1	50	-1	-1	53	-1	-1	56	-1	58	59	-1	61	-1	-1	64	65	66	-1	-1	-1	-1	71	-1	73	74	-1	76	-1	-1	79	-1	-1	82	83	84	-1	-1	-1	-1	89	90	-1	92	93	94	95	96	97	98	99	100	-1	-1	-1	104	105	-1	107	-1	-1	-1	111	-1	-1	114	-1	-1	-1	118	-1	-1	121	122	123	124	125	-1	-1	-1	-1	-1	131	-1	-1	134	135	-1	137	138	-1	-1	141	142	-1	144	-1	146	-1	-1	149	150	151	152	-1	-1	-1	-1	157	-1	159	-1	-1	162	163	-1	165	-1	-1	168	169	-1	-1	172	-1	-1	175	176	177	-1	-1	-1	181	182	183	184	-1	-1	-1	188	-1	-1	191	-1	-1
# Right
32	31	28	25	10	9	8	-1	-1	-1	24	15	14	-1	-1	17	-1	19	-1	23	22	-1	-1	-1	-1	27	-1	-1	30	-1	-1	-1	88	35	-1	81	70	55	44	41	-1	43	-1	-1	52	47	-1	49	-1	51	-1	-1	54	-1	-1	57	-1	63	60	-1	62	-1	-1	69	68	67	-1	-1	-1	-1	72	-1	78	75	-1	77	-1	-1	80	-1	-1	87	86	85	-1	-1	-1	-1	174	91	-1	133	120	117	116	113	110	103	102	101	-1	-1	-1	109	106	-1	108	-1	-1	-1	112	-1	-1	115	-1	-1	-1	119	-1	-1	130	129	128	127	126	-1	-1	-1	-1	-1	132	-1	-1	161	136	-1	140	139	-1	-1	148	143	-1	145	-1	147	-1	-1	156	155	154	153	-1	-1	-1	-1	158	-1	160	-1	-1	167	164	-1	166	-1	-1	171	170	-1	-1	173	-1	-1	180	179	178	-1	-1	-1	190	187	186	185	-1	-1	-1	189	-1	-1	192	-1	-1
# Threshold
0.5	2264.5	87463300.0	1084.5	8.266104698181152	596.5	4.154815077781677	-2.0	-2.0	-2.0	121021.5	9.394895076751709	1685.5	-2.0	-2.0	25.741600036621094	-2.0	26.192099571228027	-2.0	8146.0	194570.5	-2.0	-2.0	-2.0	-2.0	5.857725143432617	-2.0	-2.0	39.5	-2.0	-2.0	-2.0	37428.0	3.0	-2.0	5968.5	2299.5	21349.0	1.5	1220.0	-2.0	0.0015514250844717026	-2.0	-2.0	1575.5	19999.0	-2.0	26.38290023803711	-2.0	3.750515043735504	-2.0	-2.0	0.0008613669779151678	-2.0	-2.0	21599.5	-2.0	12.0	36650.5	-2.0	2.0	-2.0	-2.0	48.774749755859375	93.0	127.0	-2.0	-2.0	-2.0	-2.0	8.94299030303955	-2.0	1.5	52.121049880981445	-2.0	122.74790000915527	-2.0	-2.0	387831.5	-2.0	-2.0	0.0030363310943357646	47954.5	81347.0	-2.0	-2.0	-2.0	-2.0	2761.5	24.0	-2.0	14.145150184631348	5546655.0	9.5	6.0	501575.5	876.0	2.5	6.5	5.57778000831604	-2.0	-2.0	-2.0	3599810.0	4.530894994735718	-2.0	47.0	-2.0	-2.0	-2.0	15.412799835205078	-2.0	-2.0	614004.0	-2.0	-2.0	-2.0	163225.5	-2.0	-2.0	7274780.0	15.0	639.5	8120570.0	4.5	-2.0	-2.0	-2.0	-2.0	-2.0	10.5	-2.0	-2.0	144.5	1.2659000158309937	-2.0	659.0	60.0	-2.0	-2.0	56138.5	7.0	-2.0	30.0	-2.0	0.0012970615061931312	-2.0	-2.0	35946050.0	6.0	303836.5	15.24554967880249	-2.0	-2.0	-2.0	-2.0	4.435115098953247	-2.0	66.89595031738281	-2.0	-2.0	127214.0	5.912209987640381	-2.0	3699.0	-2.0	-2.0	67571.0	186624.5	-2.0	-2.0	89.97049713134766	-2.0	-2.0	15.433400630950928	525782.0	8.54492998123169	-2.0	-2.0	-2.0	115094.0	33.0	109794.0	1589080.0	-2.0	-2.0	-2.0	80315.0	-2.0	-2.0	21.08209991455078	-2.0	-2.0
# Feature
9	5	2	5	3	8	3	-2	-2	-2	0	3	1	-2	-2	7	-2	7	-2	8	2	-2	-2	-2	-2	3	-2	-2	5	-2	-2	-2	1	8	-2	5	5	0	9	5	-2	4	-2	-2	5	1	-2	3	-2	7	-2	-2	4	-2	-2	0	-2	9	1	-2	6	-2	-2	3	5	8	-2	-2	-2	-2	3	-2	6	7	-2	7	-2	-2	2	-2	-2	4	8	2	-2	-2	-2	-2	5	8	-2	3	2	9	6	8	5	6	5	3	-2	-2	-2	2	7	-2	5	-2	-2	-2	7	-2	-2	8	-2	-2	-2	1	-2	-2	0	9	5	2	9	-2	-2	-2	-2	-2	5	-2	-2	5	7	-2	8	5	-2	-2	0	9	-2	5	-2	4	-2	-2	2	9	1	3	-2	-2	-2	-2	7	-2	3	-2	-2	1	7	-2	8	-2	-2	8	1	-2	-2	3	-2	-2	3	2	3	-2	-2	-2	8	9	0	2	-2	-2	-2	1	-2	-2	7	-2	-2
# Values
118.0	1101.0	43.0	79.0	48.0	290.0
29.0	12.0	0.0	4.0	1.0	232.0
6.0	12.0	0.0	4.0	1.0	232.0
4.0	12.0	0.0	4.0	0.0	232.0
0.0	12.0	0.0	4.0	0.0	227.0
0.0	2.0	0.0	0.0	0.0	143.0
0.0	2.0	0.0	0.0	0.0	20.0
0.0	0.0	0.0	0.0	0.0	20.0
0.0	2.0	0.0	0.0	0.0	0.0
0.0	0.0	0.0	0.0	0.0	123.0
0.0	10.0	0.0	4.0	0.0	84.0
0.0	10.0	0.0	0.0	0.0	84.0
0.0	5.0	0.0	0.0	0.0	1.0
0.0	0.0	0.0	0.0	0.0	1.0
0.0	5.0	0.0	0.0	0.0	0.0
0.0	5.0	0.0	0.0	0.0	83.0
0.0	0.0	0.0	0.0	0.0	67.0
0.0	5.0	0.0	0.0	0.0	16.0
0.0	4.0	0.0	0.0	0.0	0.0
0.0	1.0	0.0	0.0	0.0	16.0
0.0	1.0	0.0	0.0	0.0	5.0
0.0	0.0	0.0	0.0	0.0	4.0
0.0	1.0	0.0	0.0	0.0	1.0
0.0	0.0	0.0	0.0	0.0	11.0
0.0	0.0	0.0	4.0	0.0	0.0
4.0	0.0	0.0	0.0	0.0	5.0
4.0	0.0	0.0	0.0	0.0	0.0
0.0	0.0	0.0	0.0	0.0	5.0
2.0	0.0	0.0	0.0	1.0	0.0
2.0	0.0	0.0	0.0	0.0	0.0
0.0	0.0	0.0	0.0	1.0	0.0
23.0	0.0	0.0	0.0	0.0	0.0
89.0	1089.0	43.0	75.0	47.0	58.0
28.0	942.0	16.0	0.0	4.0	9.0
0.0	0.0	14.0	0.0	0.0	0.0
28.0	942.0	2.0	0.0	4.0	9.0
10.0	933.0	2.0	0.0	0.0	9.0
4.0	914.0	2.0	0.0	0.0	9.0
4.0	849.0	1.0	0.0	0.0	0.0
3.0	38.0	0.0	0.0	0.0	0.0
0.0	36.0	0.0	0.0	0.0	0.0
3.0	2.0	0.0	0.0	0.0	0.0
3.0	0.0	0.0	0.0	0.0	0.0
0.0	2.0	0.0	0.0	0.0	0.0
1.0	811.0	1.0	0.0	0.0	0.0
0.0	798.0	1.0	0.0	0.0	0.0
0.0	784.0	0.0	0.0	0.0	0.0
0.0	14.0	1.0	0.0	0.0	0.0
0.0	13.0	0.0	0.0	0.0	0.0
0.0	1.0	1.0	0.0	0.0	0.0
0.0	0.0	1.0	0.0	0.0	0.0
0.0	1.0	0.0	0.0	0.0	0.0
1.0	13.0	0.0	0.0	0.0	0.0
1.0	0.0	0.0	0.0	0.0	0.0
0.0	13.0	0.0	0.0	0.0	0.0
0.0	65.0	1.0	0.0	0.0	9.0
0.0	0.0	0.0	0.0	0.0	3.0
0.0	65.0	1.0	0.0	0.0	6.0
0.0	47.0	0.0	0.0	0.0	1.0
0.0	45.0	0.0	0.0	0.0	0.0
0.0	2.0	0.0	0.0	0.0	1.0
0.0	0.0	0.0	0.0	0.0	1.0
0.0	2.0	0.0	0.0	0.0	0.0
0.0	18.0	1.0	0.0	0.0	5.0
0.0	4.0	1.0	0.0	0.0	5.0
0.0	4.0	1.0	0.0	0.0	0.0
0.0	0.0	1.0	0.0	0.0	0.0
0.0	4.0	0.0	0.0	0.0	0.0
0.0	0.0	0.0	0.0	0.0	5.0
0.0	14.0	0.0	0.0	0.0	0.0
6.0	19.0	0.0	0.0	0.0	0.0
3.0	0.0	0.0	0.0	0.0	0.0
3.0	19.0	0.0	0.0	0.0	0.0
1.0	17.0	0.0	0.0	0.0	0.0
0.0	13.0	0.0	0.0	0.0	0.0
1.0	4.0	0.0	0.0	0.0	0.0
1.0	0.0	0.0	0.0	0.0	0.0
0.0	4.0	0.0	0.0	0.0	0.0
2.0	2.0	0.0	0.0	0.0	0.0
2.0	0.0	0.0	0.0	0.0	0.0
0.0	2.0	0.0	0.0	0.0	0.0
18.0	9.0	0.0	0.0	4.0	0.0
18.0	0.0	0.0	0.0	4.0	0.0
18.0	0.0	0.0	0.0	1.0	0.0
0.0	0.0	0.0	0.0	1.0	0.0
18.0	0.0	0.0	0.0	0.0	0.0
0.0	0.0	0.0	0.0	3.0	0.0
0.0	9.0	0.0	0.0	0.0	0.0
61.0	147.0	27.0	75.0	43.0	49.0
7.0	139.0	27.0	75.0	21.0	46.0
0.0	0.0	26.0	0.0	0.0	0.0
7.0	139.0	1.0	75.0	21.0	46.0
7.0	103.0	0.0	4.0	0.0	27.0
2.0	95.0	0.0	2.0	0.0	7.0
2.0	95.0	0.0	1.0	0.0	6.0
2.0	95.0	0.0	0.0	0.0	6.0
2.0	93.0	0.0	0.0	0.0	4.0
0.0	86.0	0.0	0.0	0.0	4.0
0.0	69.0	0.0	0.0	0.0	1.0
0.0	16.0	0.0	0.0	0.0	1.0
0.0	16.0	0.0	0.0	0.0	0.0
0.0	0.0	0.0	0.0	0.0	1.0
0.0	53.0	0.0	0.0	0.0	0.0
0.0	17.0	0.0	0.0	0.0	3.0
0.0	17.0	0.0	0.0	0.0	2.0
0.0	15.0	0.0	0.0	0.0	0.0
0.0	2.0	0.0	0.0	0.0	2.0
0.0	0.0	0.0	0.0	0.0	2.0
0.0	2.0	0.0	0.0	0.0	0.0
0.0	0.0	0.0	0.0	0.0	1.0
2.0	7.0	0.0	0.0	0.0	0.0
2.0	0.0	0.0	0.0	0.0	0.0
0.0	7.0	0.0	0.0	0.0	0.0
0.0	2.0	0.0	0.0	0.0	2.0
0.0	0.0	0.0	0.0	0.0	2.0
0.0	2.0	0.0	0.0	0.0	0.0
0.0	0.0	0.0	1.0	0.0	0.0
0.0	0.0	0.0	1.0	0.0	1.0
0.0	0.0	0.0	0.0	0.0	1.0
0.0	0.0	0.0	1.0	0.0	0.0
5.0	8.0	0.0	2.0	0.0	20.0
0.0	2.0	0.0	2.0	0.0	20.0
0.0	2.0	0.0	0.0	0.0	20.0
0.0	1.0	0.0	0.0	0.0	20.0
0.0	1.0	0.0	0.0	0.0	3.0
0.0	0.0	0.0	0.0	0.0	3.0
0.0	1.0	0.0	0.0	0.0	0.0
0.0	0.0	0.0	0.0	0.0	17.0
0.0	1.0	0.0	0.0	0.0	0.0
0.0	0.0	0.0	2.0	0.0	0.0
5.0	6.0	0.0	0.0	0.0	0.0
0.0	6.0	0.0	0.0	0.0	0.0
5.0	0.0	0.0	0.0	0.0	0.0
0.0	36.0	1.0	71.0	21.0	19.0
0.0	6.0	1.0	71.0	6.0	13.0
0.0	0.0	0.0	0.0	0.0	7.0
0.0	6.0	1.0	71.0	6.0	6.0
0.0	0.0	1.0	0.0	0.0	3.0
0.0	0.0	0.0	0.0	0.0	3.0
0.0	0.0	1.0	0.0	0.0	0.0
0.0	6.0	0.0	71.0	6.0	3.0
0.0	3.0	0.0	3.0	0.0	3.0
0.0	3.0	0.0	0.0	0.0	0.0
0.0	0.0	0.0	3.0	0.0	3.0
0.0	0.0	0.0	2.0	0.0	0.0
0.0	0.0	0.0	1.0	0.0	3.0
0.0	0.0	0.0	0.0	0.0	3.0
0.0	0.0	0.0	1.0	0.0	0.0
0.0	3.0	0.0	68.0	6.0	0.0
0.0	3.0	0.0	58.0	0.0	0.0
0.0	3.0	0.0	4.0	0.0	0.0
0.0	3.0	0.0	1.0	0.0	0.0
0.0	0.0	0.0	1.0	0.0	0.0
0.0	3.0	0.0	0.0	0.0	0.0
0.0	0.0	0.0	3.0	0.0	0.0
0.0	0.0	0.0	54.0	0.0	0.0
0.0	0.0	0.0	10.0	6.0	0.0
0.0	0.0	0.0	8.0	0.0	0.0
0.0	0.0	0.0	2.0	6.0	0.0
0.0	0.0	0.0	0.0	6.0	0.0
0.0	0.0	0.0	2.0	0.0	0.0
0.0	30.0	0.0	0.0	15.0	6.0
0.0	28.0	0.0	0.0	0.0	2.0
0.0	0.0	0.0	0.0	0.0	1.0
0.0	28.0	0.0	0.0	0.0	1.0
0.0	0.0	0.0	0.0	0.0	1.0
0.0	28.0	0.0	0.0	0.0	0.0
0.0	2.0	0.0	0.0	15.0	4.0
0.0	1.0	0.0	0.0	0.0	4.0
0.0	1.0	0.0	0.0	0.0	0.0
0.0	0.0	0.0	0.0	0.0	4.0
0.0	1.0	0.0	0.0	15.0	0.0
0.0	0.0	0.0	0.0	15.0	0.0
0.0	1.0	0.0	0.0	0.0	0.0
54.0	8.0	0.0	0.0	22.0	3.0
51.0	0.0	0.0	0.0	2.0	0.0
6.0	0.0	0.0	0.0	2.0	0.0
6.0	0.0	0.0	0.0	0.0	0.0
0.0	0.0	0.0	0.0	2.0	0.0
45.0	0.0	0.0	0.0	0.0	0.0
3.0	8.0	0.0	0.0	20.0	3.0
3.0	8.0	0.0	0.0	5.0	2.0
0.0	8.0	0.0	0.0	1.0	2.0
0.0	8.0	0.0	0.0	1.0	0.0
0.0	0.0	0.0	0.0	1.0	0.0
0.0	8.0	0.0	0.0	0.0	0.0
0.0	0.0	0.0	0.0	0.0	2.0
3.0	0.0	0.0	0.0	4.0	0.0
3.0	0.0	0.0	0.0	0.0	0.0
0.0	0.0	0.0	0.0	4.0	0.0
0.0	0.0	0.0	0.0	15.0	1.0
0.0	0.0	0.0	0.0	0.0	1.0
0.0	0.0	0.0	0.0	15.0	0.0
