# Sizes (NFeatures, Nclasses, NodeCount, MaxDepth)
10	6	171	12
# Classes
0.0	1.0	2.0	3.0	4.0	5.0
# Feature Names
Nrows	Ncols	Nnnz	AvgNnnz	Density	MaxRowNnnz	MinRowNnnz	StdRowNnnz	NDiags	NTrueDiags
# Left
1	2	3	4	5	6	-1	-1	9	10	-1	12	13	14	-1	16	-1	-1	-1	20	-1	-1	-1	24	25	-1	-1	-1	29	-1	-1	32	-1	-1	35	36	37	-1	39	40	41	42	-1	-1	45	46	47	-1	49	-1	-1	-1	53	54	-1	-1	-1	58	-1	-1	61	62	63	64	-1	66	-1	-1	69	-1	-1	72	73	-1	-1	76	-1	78	79	-1	81	-1	-1	-1	85	-1	87	-1	-1	90	91	92	93	-1	95	-1	97	-1	-1	100	-1	-1	103	-1	105	-1	-1	108	109	110	-1	112	-1	-1	-1	-1	117	118	119	-1	121	-1	123	-1	125	126	127	128	-1	-1	-1	-1	133	-1	135	-1	-1	-1	139	140	141	-1	143	-1	-1	146	147	-1	149	-1	-1	152	153	154	-1	-1	-1	-1	159	160	161	162	-1	-1	165	166	-1	-1	-1	-1	-1
# Right
34	31	28	23	8	7	-1	-1	22	11	-1	19	18	15	-1	17	-1	-1	-1	21	-1	-1	-1	27	26	-1	-1	-1	30	-1	-1	33	-1	-1	116	89	38	-1	60	57	44	43	-1	-1	52	51	48	-1	50	-1	-1	-1	56	55	-1	-1	-1	59	-1	-1	84	71	68	65	-1	67	-1	-1	70	-1	-1	75	74	-1	-1	77	-1	83	80	-1	82	-1	-1	-1	86	-1	88	-1	-1	107	102	99	94	-1	96	-1	98	-1	-1	101	-1	-1	104	-1	106	-1	-1	115	114	111	-1	113	-1	-1	-1	-1	138	137	120	-1	122	-1	124	-1	132	131	130	129	-1	-1	-1	-1	134	-1	136	-1	-1	-1	158	145	142	-1	144	-1	-1	151	148	-1	150	-1	-1	157	156	155	-1	-1	-1	-1	170	169	164	163	-1	-1	168	167	-1	-1	-1	-1	-1
# Threshold
0.5	2262.5	1084.5	59213500.0	1.1053114831447601	4725.0	-2.0	-2.0	10719.0	2475.5	-2.0	0.0011445599957369268	1889412.0	0.0007566839922219515	-2.0	0.0009488305076956749	-2.0	-2.0	-2.0	12617.0	-2.0	-2.0	-2.0	61379300.0	8.302995204925537	-2.0	-2.0	-2.0	5.543375015258789	-2.0	-2.0	84804200.0	-2.0	-2.0	113030.5	2724.0	3.0	-2.0	729131.0	2170.0	7.5	22502.5	-2.0	-2.0	1365.5	1.5	882.5	-2.0	7.586270093917847	-2.0	-2.0	-2.0	36301.0	82.45919799804688	-2.0	-2.0	-2.0	8.261865139007568	-2.0	-2.0	105.0	1024286.5	77547.5	26.0	-2.0	857679.0	-2.0	-2.0	61315.5	-2.0	-2.0	662.0	64105.5	-2.0	-2.0	4.0	-2.0	0.0016966650146059692	66.0	-2.0	0.0009102740150410682	-2.0	-2.0	-2.0	9.818919658660889	-2.0	742937.0	-2.0	-2.0	17.604750156402588	49845.5	0.004027734976261854	12.176949977874756	-2.0	29.407099723815918	-2.0	63.49670219421387	-2.0	-2.0	12.33899974822998	-2.0	-2.0	50.85164833068848	-2.0	96817.0	-2.0	-2.0	17348.0	0.0010099610080942512	4864.0	-2.0	28.0	-2.0	-2.0	-2.0	-2.0	10.397759914398193	3278.5	2.1723300218582153	-2.0	261.0	-2.0	3.4986499547958374	-2.0	592429.0	5.855255126953125	175946.5	3.630560058809351e-05	-2.0	-2.0	-2.0	-2.0	5237300.0	-2.0	5.999200105667114	-2.0	-2.0	-2.0	323.0	4277.0	16.22255039215088	-2.0	52.15099906921387	-2.0	-2.0	7.0	32.0	-2.0	834337.5	-2.0	-2.0	162.0	2.793139992718352e-05	2.3151750610850286e-05	-2.0	-2.0	-2.0	-2.0	0.0004228140023769811	91.09894943237305	374.0	353.0	-2.0	-2.0	20.485599517822266	16.38695001602173	-2.0	-2.0	-2.0	-2.0	-2.0
# Feature
9	5	5	2	3	1	-2	-2	8	0	-2	4	2	4	-2	4	-2	-2	-2	1	-2	-2	-2	0	3	-2	-2	-2	3	-2	-2	2	-2	-2	0	5	8	-2	2	5	8	0	-2	-2	5	9	5	-2	3	-2	-2	-2	1	7	-2	-2	-2	3	-2	-2	5	2	8	6	-2	2	-2	-2	0	-2	-2	8	1	-2	-2	9	-2	4	9	-2	4	-2	-2	-2	7	-2	2	-2	-2	3	0	4	3	-2	7	-2	7	-2	-2	3	-2	-2	7	-2	0	-2	-2	5	4	5	-2	9	-2	-2	-2	-2	3	5	3	-2	8	-2	3	-2	0	3	1	4	-2	-2	-2	-2	8	-2	3	-2	-2	-2	5	8	3	-2	3	-2	-2	9	5	-2	1	-2	-2	5	4	4	-2	-2	-2	-2	4	3	5	5	-2	-2	7	7	-2	-2	-2	-2	-2
# Values
118.0	1093.0	27.0	75.0	63.0	303.0
30.0	13.0	0.0	2.0	5.0	258.0
10.0	13.0	0.0	2.0	1.0	258.0
4.0	13.0	0.0	2.0	1.0	247.0
2.0	13.0	0.0	2.0	0.0	244.0
2.0	0.0	0.0	0.0	0.0	3.0
0.0	0.0	0.0	0.0	0.0	3.0
2.0	0.0	0.0	0.0	0.0	0.0
0.0	13.0	0.0	2.0	0.0	241.0
0.0	13.0	0.0	2.0	0.0	130.0
0.0	0.0	0.0	0.0	0.0	110.0
0.0	13.0	0.0	2.0	0.0	20.0
0.0	2.0	0.0	2.0	0.0	17.0
0.0	2.0	0.0	0.0	0.0	17.0
0.0	0.0	0.0	0.0	0.0	14.0
0.0	2.0	0.0	0.0	0.0	3.0
0.0	2.0	0.0	0.0	0.0	0.0
0.0	0.0	0.0	0.0	0.0	3.0
0.0	0.0	0.0	2.0	0.0	0.0
0.0	11.0	0.0	0.0	0.0	3.0
0.0	11.0	0.0	0.0	0.0	0.0
0.0	0.0	0.0	0.0	0.0	3.0
0.0	0.0	0.0	0.0	0.0	111.0
2.0	0.0	0.0	0.0	1.0	3.0
2.0	0.0	0.0	0.0	1.0	0.0
2.0	0.0	0.0	0.0	0.0	0.0
0.0	0.0	0.0	0.0	1.0	0.0
0.0	0.0	0.0	0.0	0.0	3.0
6.0	0.0	0.0	0.0	0.0	11.0
6.0	0.0	0.0	0.0	0.0	0.0
0.0	0.0	0.0	0.0	0.0	11.0
20.0	0.0	0.0	0.0	4.0	0.0
20.0	0.0	0.0	0.0	0.0	0.0
0.0	0.0	0.0	0.0	4.0	0.0
88.0	1080.0	27.0	73.0	58.0	45.0
59.0	1040.0	21.0	15.0	11.0	16.0
8.0	1029.0	21.0	15.0	0.0	16.0
0.0	0.0	17.0	0.0	0.0	0.0
8.0	1029.0	4.0	15.0	0.0	16.0
8.0	933.0	4.0	0.0	0.0	1.0
2.0	923.0	4.0	0.0	0.0	1.0
0.0	40.0	4.0	0.0	0.0	0.0
0.0	40.0	0.0	0.0	0.0	0.0
0.0	0.0	4.0	0.0	0.0	0.0
2.0	883.0	0.0	0.0	0.0	1.0
1.0	872.0	0.0	0.0	0.0	0.0
1.0	48.0	0.0	0.0	0.0	0.0
0.0	46.0	0.0	0.0	0.0	0.0
1.0	2.0	0.0	0.0	0.0	0.0
1.0	0.0	0.0	0.0	0.0	0.0
0.0	2.0	0.0	0.0	0.0	0.0
0.0	824.0	0.0	0.0	0.0	0.0
1.0	11.0	0.0	0.0	0.0	1.0
1.0	11.0	0.0	0.0	0.0	0.0
0.0	11.0	0.0	0.0	0.0	0.0
1.0	0.0	0.0	0.0	0.0	0.0
0.0	0.0	0.0	0.0	0.0	1.0
6.0	10.0	0.0	0.0	0.0	0.0
6.0	0.0	0.0	0.0	0.0	0.0
0.0	10.0	0.0	0.0	0.0	0.0
0.0	96.0	0.0	15.0	0.0	15.0
0.0	18.0	0.0	15.0	0.0	12.0
0.0	15.0	0.0	0.0	0.0	6.0
0.0	13.0	0.0	0.0	0.0	2.0
0.0	12.0	0.0	0.0	0.0	0.0
0.0	1.0	0.0	0.0	0.0	2.0
0.0	1.0	0.0	0.0	0.0	0.0
0.0	0.0	0.0	0.0	0.0	2.0
0.0	2.0	0.0	0.0	0.0	4.0
0.0	2.0	0.0	0.0	0.0	0.0
0.0	0.0	0.0	0.0	0.0	4.0
0.0	3.0	0.0	15.0	0.0	6.0
0.0	2.0	0.0	0.0	0.0	4.0
0.0	2.0	0.0	0.0	0.0	0.0
0.0	0.0	0.0	0.0	0.0	4.0
0.0	1.0	0.0	15.0	0.0	2.0
0.0	1.0	0.0	0.0	0.0	0.0
0.0	0.0	0.0	15.0	0.0	2.0
0.0	0.0	0.0	15.0	0.0	1.0
0.0	0.0	0.0	14.0	0.0	0.0
0.0	0.0	0.0	1.0	0.0	1.0
0.0	0.0	0.0	1.0	0.0	0.0
0.0	0.0	0.0	0.0	0.0	1.0
0.0	0.0	0.0	0.0	0.0	1.0
0.0	78.0	0.0	0.0	0.0	3.0
0.0	0.0	0.0	0.0	0.0	2.0
0.0	78.0	0.0	0.0	0.0	1.0
0.0	0.0	0.0	0.0	0.0	1.0
0.0	78.0	0.0	0.0	0.0	0.0
51.0	11.0	0.0	0.0	11.0	0.0
48.0	2.0	0.0	0.0	10.0	0.0
42.0	2.0	0.0	0.0	1.0	0.0
41.0	1.0	0.0	0.0	1.0	0.0
32.0	0.0	0.0	0.0	0.0	0.0
9.0	1.0	0.0	0.0	1.0	0.0
0.0	1.0	0.0	0.0	0.0	0.0
9.0	0.0	0.0	0.0	1.0	0.0
9.0	0.0	0.0	0.0	0.0	0.0
0.0	0.0	0.0	0.0	1.0	0.0
1.0	1.0	0.0	0.0	0.0	0.0
1.0	0.0	0.0	0.0	0.0	0.0
0.0	1.0	0.0	0.0	0.0	0.0
6.0	0.0	0.0	0.0	9.0	0.0
0.0	0.0	0.0	0.0	6.0	0.0
6.0	0.0	0.0	0.0	3.0	0.0
6.0	0.0	0.0	0.0	0.0	0.0
0.0	0.0	0.0	0.0	3.0	0.0
3.0	9.0	0.0	0.0	1.0	0.0
1.0	9.0	0.0	0.0	1.0	0.0
1.0	2.0	0.0	0.0	1.0	0.0
0.0	2.0	0.0	0.0	0.0	0.0
1.0	0.0	0.0	0.0	1.0	0.0
0.0	0.0	0.0	0.0	1.0	0.0
1.0	0.0	0.0	0.0	0.0	0.0
0.0	7.0	0.0	0.0	0.0	0.0
2.0	0.0	0.0	0.0	0.0	0.0
29.0	40.0	6.0	58.0	47.0	29.0
29.0	24.0	4.0	0.0	0.0	16.0
7.0	24.0	4.0	0.0	0.0	16.0
5.0	0.0	0.0	0.0	0.0	0.0
2.0	24.0	4.0	0.0	0.0	16.0
0.0	0.0	4.0	0.0	0.0	0.0
2.0	24.0	0.0	0.0	0.0	16.0
0.0	11.0	0.0	0.0	0.0	0.0
2.0	13.0	0.0	0.0	0.0	16.0
0.0	12.0	0.0	0.0	0.0	3.0
0.0	2.0	0.0	0.0	0.0	3.0
0.0	2.0	0.0	0.0	0.0	1.0
0.0	2.0	0.0	0.0	0.0	0.0
0.0	0.0	0.0	0.0	0.0	1.0
0.0	0.0	0.0	0.0	0.0	2.0
0.0	10.0	0.0	0.0	0.0	0.0
2.0	1.0	0.0	0.0	0.0	13.0
0.0	0.0	0.0	0.0	0.0	13.0
2.0	1.0	0.0	0.0	0.0	0.0
0.0	1.0	0.0	0.0	0.0	0.0
2.0	0.0	0.0	0.0	0.0	0.0
22.0	0.0	0.0	0.0	0.0	0.0
0.0	16.0	2.0	58.0	47.0	13.0
0.0	6.0	2.0	58.0	7.0	9.0
0.0	0.0	2.0	1.0	0.0	7.0
0.0	0.0	2.0	0.0	0.0	0.0
0.0	0.0	0.0	1.0	0.0	7.0
0.0	0.0	0.0	0.0	0.0	7.0
0.0	0.0	0.0	1.0	0.0	0.0
0.0	6.0	0.0	57.0	7.0	2.0
0.0	6.0	0.0	10.0	5.0	0.0
0.0	0.0	0.0	10.0	0.0	0.0
0.0	6.0	0.0	0.0	5.0	0.0
0.0	6.0	0.0	0.0	0.0	0.0
0.0	0.0	0.0	0.0	5.0	0.0
0.0	0.0	0.0	47.0	2.0	2.0
0.0	0.0	0.0	47.0	2.0	0.0
0.0	0.0	0.0	10.0	2.0	0.0
0.0	0.0	0.0	10.0	0.0	0.0
0.0	0.0	0.0	0.0	2.0	0.0
0.0	0.0	0.0	37.0	0.0	0.0
0.0	0.0	0.0	0.0	0.0	2.0
0.0	10.0	0.0	0.0	40.0	4.0
0.0	3.0	0.0	0.0	40.0	4.0
0.0	0.0	0.0	0.0	40.0	4.0
0.0	0.0	0.0	0.0	2.0	2.0
0.0	0.0	0.0	0.0	2.0	0.0
0.0	0.0	0.0	0.0	0.0	2.0
0.0	0.0	0.0	0.0	38.0	2.0
0.0	0.0	0.0	0.0	5.0	2.0
0.0	0.0	0.0	0.0	5.0	0.0
0.0	0.0	0.0	0.0	0.0	2.0
0.0	0.0	0.0	0.0	33.0	0.0
0.0	3.0	0.0	0.0	0.0	0.0
0.0	7.0	0.0	0.0	0.0	0.0
