# Sizes (NFeatures, Nclasses, NodeCount, MaxDepth)
10	6	185	15
# Classes
0.0	1.0	2.0	3.0	4.0	5.0
# Feature Names
Nrows	Ncols	Nnnz	AvgNnnz	Density	MaxRowNnnz	MinRowNnnz	StdRowNnnz	NDiags	NTrueDiags
# Left
1	2	3	4	5	6	7	8	9	10	-1	12	-1	-1	-1	16	-1	18	-1	-1	21	-1	-1	24	-1	26	27	-1	29	-1	-1	-1	-1	34	-1	-1	37	-1	-1	40	-1	-1	43	44	45	-1	-1	48	49	50	51	52	53	-1	55	-1	-1	-1	59	60	-1	-1	-1	64	-1	-1	67	-1	-1	70	71	72	-1	-1	75	-1	77	-1	79	-1	-1	82	83	-1	-1	-1	87	88	89	-1	91	-1	93	94	95	96	-1	98	-1	100	101	-1	103	104	-1	-1	-1	108	-1	-1	111	112	-1	-1	-1	116	-1	-1	-1	120	121	122	123	-1	-1	-1	127	-1	-1	-1	131	132	133	-1	-1	136	-1	138	139	-1	-1	142	143	144	-1	-1	-1	148	-1	-1	151	152	153	-1	155	-1	-1	158	-1	160	161	-1	-1	-1	165	166	-1	168	169	-1	171	-1	173	-1	-1	-1	177	178	-1	-1	181	182	-1	-1	-1
# Right
42	39	36	33	32	23	20	15	14	11	-1	13	-1	-1	-1	17	-1	19	-1	-1	22	-1	-1	25	-1	31	28	-1	30	-1	-1	-1	-1	35	-1	-1	38	-1	-1	41	-1	-1	86	47	46	-1	-1	69	66	63	58	57	54	-1	56	-1	-1	-1	62	61	-1	-1	-1	65	-1	-1	68	-1	-1	81	74	73	-1	-1	76	-1	78	-1	80	-1	-1	85	84	-1	-1	-1	130	119	90	-1	92	-1	118	115	110	97	-1	99	-1	107	102	-1	106	105	-1	-1	-1	109	-1	-1	114	113	-1	-1	-1	117	-1	-1	-1	129	126	125	124	-1	-1	-1	128	-1	-1	-1	150	135	134	-1	-1	137	-1	141	140	-1	-1	147	146	145	-1	-1	-1	149	-1	-1	164	157	154	-1	156	-1	-1	159	-1	163	162	-1	-1	-1	176	167	-1	175	170	-1	172	-1	174	-1	-1	-1	180	179	-1	-1	184	183	-1	-1	-1
# Threshold
0.5	2262.5	59213500.0	927.0	76.5	10.431119918823242	6026885.0	12134.0	2475.0	4.3238149881362915	-2.0	2392.5	-2.0	-2.0	-2.0	8.295965194702148	-2.0	5421.5	-2.0	-2.0	0.5	-2.0	-2.0	16.015399932861328	-2.0	69.0	5719.0	-2.0	26.260000228881836	-2.0	-2.0	-2.0	-2.0	5.520395040512085	-2.0	-2.0	8.302995204925537	-2.0	-2.0	208226504.0	-2.0	-2.0	37797.5	3.5	1.5	-2.0	-2.0	1951.0	36650.5	1572.5	1085930.0	1.5	1220.0	-2.0	37209.0	-2.0	-2.0	-2.0	14.342699527740479	24277.5	-2.0	-2.0	-2.0	8.933990001678467	-2.0	-2.0	0.0005440729873953387	-2.0	-2.0	12.267450332641602	1.5	6888.5	-2.0	-2.0	14237.0	-2.0	7163.0	-2.0	7.0	-2.0	-2.0	0.0005602009914582595	51.52365016937256	-2.0	-2.0	-2.0	14.145150184631348	1385.5	24.0	-2.0	802769.0	-2.0	15.0	9641310.0	41.5	3.9972249269485474	-2.0	0.5	-2.0	4.449120024219155e-05	1.5	-2.0	5.110705137252808	4.4160850048065186	-2.0	-2.0	-2.0	141365.0	-2.0	-2.0	1.5	8.576304935559165e-06	-2.0	-2.0	-2.0	6.0	-2.0	-2.0	-2.0	7057.0	35.4245491027832	3160845.0	5890.0	-2.0	-2.0	-2.0	515471.0	-2.0	-2.0	-2.0	144.5	52553.5	2330530.0	-2.0	-2.0	1.2659000158309937	-2.0	3.6973700844100676e-05	55.5	-2.0	-2.0	43.0	15.725500106811523	137438.5	-2.0	-2.0	-2.0	4277.0	-2.0	-2.0	113030.5	5231.0	3699.0	-2.0	5.912209987640381	-2.0	-2.0	10.0	-2.0	2.5	80637.0	-2.0	-2.0	-2.0	38.43790054321289	183.5	-2.0	9140845.0	8.0	-2.0	34.7489013671875	-2.0	16.30519962310791	-2.0	-2.0	-2.0	49.21860122680664	161242.5	-2.0	-2.0	46.5	356.8785095214844	-2.0	-2.0	-2.0
# Feature
9	5	2	5	5	7	2	2	1	7	-2	2	-2	-2	-2	7	-2	8	-2	-2	6	-2	-2	7	-2	5	0	-2	7	-2	-2	-2	-2	3	-2	-2	3	-2	-2	2	-2	-2	1	8	9	-2	-2	5	0	5	2	9	5	-2	2	-2	-2	-2	7	1	-2	-2	-2	3	-2	-2	4	-2	-2	3	9	1	-2	-2	8	-2	5	-2	9	-2	-2	4	7	-2	-2	-2	3	5	8	-2	2	-2	9	1	5	3	-2	6	-2	4	9	-2	3	3	-2	-2	-2	1	-2	-2	9	4	-2	-2	-2	5	-2	-2	-2	5	7	2	5	-2	-2	-2	2	-2	-2	-2	5	0	2	-2	-2	7	-2	4	5	-2	-2	9	3	1	-2	-2	-2	8	-2	-2	0	5	8	-2	7	-2	-2	9	-2	6	8	-2	-2	-2	7	5	-2	2	9	-2	3	-2	7	-2	-2	-2	3	1	-2	-2	9	7	-2	-2	-2
# Values
115.0	1097.0	40.0	75.0	69.0	283.0
34.0	14.0	0.0	2.0	7.0	235.0
5.0	14.0	0.0	2.0	4.0	235.0
4.0	14.0	0.0	2.0	0.0	235.0
0.0	14.0	0.0	2.0	0.0	222.0
0.0	14.0	0.0	2.0	0.0	133.0
0.0	7.0	0.0	2.0	0.0	123.0
0.0	7.0	0.0	0.0	0.0	119.0
0.0	6.0	0.0	0.0	0.0	41.0
0.0	3.0	0.0	0.0	0.0	41.0
0.0	0.0	0.0	0.0	0.0	33.0
0.0	3.0	0.0	0.0	0.0	8.0
0.0	3.0	0.0	0.0	0.0	0.0
0.0	0.0	0.0	0.0	0.0	8.0
0.0	3.0	0.0	0.0	0.0	0.0
0.0	1.0	0.0	0.0	0.0	78.0
0.0	0.0	0.0	0.0	0.0	76.0
0.0	1.0	0.0	0.0	0.0	2.0
0.0	0.0	0.0	0.0	0.0	2.0
0.0	1.0	0.0	0.0	0.0	0.0
0.0	0.0	0.0	2.0	0.0	4.0
0.0	0.0	0.0	2.0	0.0	0.0
0.0	0.0	0.0	0.0	0.0	4.0
0.0	7.0	0.0	0.0	0.0	10.0
0.0	4.0	0.0	0.0	0.0	0.0
0.0	3.0	0.0	0.0	0.0	10.0
0.0	2.0	0.0	0.0	0.0	10.0
0.0	0.0	0.0	0.0	0.0	6.0
0.0	2.0	0.0	0.0	0.0	4.0
0.0	2.0	0.0	0.0	0.0	0.0
0.0	0.0	0.0	0.0	0.0	4.0
0.0	1.0	0.0	0.0	0.0	0.0
0.0	0.0	0.0	0.0	0.0	89.0
4.0	0.0	0.0	0.0	0.0	13.0
4.0	0.0	0.0	0.0	0.0	0.0
0.0	0.0	0.0	0.0	0.0	13.0
1.0	0.0	0.0	0.0	4.0	0.0
1.0	0.0	0.0	0.0	0.0	0.0
0.0	0.0	0.0	0.0	4.0	0.0
29.0	0.0	0.0	0.0	3.0	0.0
29.0	0.0	0.0	0.0	0.0	0.0
0.0	0.0	0.0	0.0	3.0	0.0
81.0	1083.0	40.0	73.0	62.0	48.0
26.0	954.0	24.0	0.0	4.0	3.0
3.0	0.0	24.0	0.0	0.0	0.0
0.0	0.0	24.0	0.0	0.0	0.0
3.0	0.0	0.0	0.0	0.0	0.0
23.0	954.0	0.0	0.0	4.0	3.0
3.0	929.0	0.0	0.0	0.0	3.0
3.0	926.0	0.0	0.0	0.0	2.0
2.0	922.0	0.0	0.0	0.0	2.0
2.0	896.0	0.0	0.0	0.0	0.0
2.0	63.0	0.0	0.0	0.0	0.0
0.0	59.0	0.0	0.0	0.0	0.0
2.0	4.0	0.0	0.0	0.0	0.0
2.0	0.0	0.0	0.0	0.0	0.0
0.0	4.0	0.0	0.0	0.0	0.0
0.0	833.0	0.0	0.0	0.0	0.0
0.0	26.0	0.0	0.0	0.0	2.0
0.0	1.0	0.0	0.0	0.0	2.0
0.0	1.0	0.0	0.0	0.0	0.0
0.0	0.0	0.0	0.0	0.0	2.0
0.0	25.0	0.0	0.0	0.0	0.0
1.0	4.0	0.0	0.0	0.0	0.0
1.0	0.0	0.0	0.0	0.0	0.0
0.0	4.0	0.0	0.0	0.0	0.0
0.0	3.0	0.0	0.0	0.0	1.0
0.0	0.0	0.0	0.0	0.0	1.0
0.0	3.0	0.0	0.0	0.0	0.0
20.0	25.0	0.0	0.0	4.0	0.0
19.0	6.0	0.0	0.0	4.0	0.0
2.0	6.0	0.0	0.0	0.0	0.0
2.0	0.0	0.0	0.0	0.0	0.0
0.0	6.0	0.0	0.0	0.0	0.0
17.0	0.0	0.0	0.0	4.0	0.0
11.0	0.0	0.0	0.0	0.0	0.0
6.0	0.0	0.0	0.0	4.0	0.0
0.0	0.0	0.0	0.0	2.0	0.0
6.0	0.0	0.0	0.0	2.0	0.0
0.0	0.0	0.0	0.0	2.0	0.0
6.0	0.0	0.0	0.0	0.0	0.0
1.0	19.0	0.0	0.0	0.0	0.0
1.0	2.0	0.0	0.0	0.0	0.0
0.0	2.0	0.0	0.0	0.0	0.0
1.0	0.0	0.0	0.0	0.0	0.0
0.0	17.0	0.0	0.0	0.0	0.0
55.0	129.0	16.0	73.0	58.0	45.0
53.0	94.0	16.0	8.0	4.0	18.0
6.0	89.0	16.0	8.0	0.0	18.0
0.0	0.0	16.0	0.0	0.0	0.0
6.0	89.0	0.0	8.0	0.0	18.0
0.0	66.0	0.0	0.0	0.0	0.0
6.0	23.0	0.0	8.0	0.0	18.0
6.0	23.0	0.0	3.0	0.0	18.0
0.0	20.0	0.0	3.0	0.0	18.0
0.0	9.0	0.0	3.0	0.0	16.0
0.0	4.0	0.0	0.0	0.0	0.0
0.0	5.0	0.0	3.0	0.0	16.0
0.0	3.0	0.0	0.0	0.0	0.0
0.0	2.0	0.0	3.0	0.0	16.0
0.0	2.0	0.0	0.0	0.0	14.0
0.0	1.0	0.0	0.0	0.0	0.0
0.0	1.0	0.0	0.0	0.0	14.0
0.0	1.0	0.0	0.0	0.0	1.0
0.0	0.0	0.0	0.0	0.0	1.0
0.0	1.0	0.0	0.0	0.0	0.0
0.0	0.0	0.0	0.0	0.0	13.0
0.0	0.0	0.0	3.0	0.0	2.0
0.0	0.0	0.0	0.0	0.0	2.0
0.0	0.0	0.0	3.0	0.0	0.0
0.0	11.0	0.0	0.0	0.0	2.0
0.0	1.0	0.0	0.0	0.0	2.0
0.0	1.0	0.0	0.0	0.0	0.0
0.0	0.0	0.0	0.0	0.0	2.0
0.0	10.0	0.0	0.0	0.0	0.0
6.0	3.0	0.0	0.0	0.0	0.0
0.0	3.0	0.0	0.0	0.0	0.0
6.0	0.0	0.0	0.0	0.0	0.0
0.0	0.0	0.0	5.0	0.0	0.0
47.0	5.0	0.0	0.0	4.0	0.0
13.0	5.0	0.0	0.0	4.0	0.0
13.0	1.0	0.0	0.0	1.0	0.0
13.0	0.0	0.0	0.0	1.0	0.0
13.0	0.0	0.0	0.0	0.0	0.0
0.0	0.0	0.0	0.0	1.0	0.0
0.0	1.0	0.0	0.0	0.0	0.0
0.0	4.0	0.0	0.0	3.0	0.0
0.0	0.0	0.0	0.0	3.0	0.0
0.0	4.0	0.0	0.0	0.0	0.0
34.0	0.0	0.0	0.0	0.0	0.0
2.0	35.0	0.0	65.0	54.0	27.0
0.0	3.0	0.0	65.0	5.0	15.0
0.0	2.0	0.0	0.0	0.0	9.0
0.0	0.0	0.0	0.0	0.0	9.0
0.0	2.0	0.0	0.0	0.0	0.0
0.0	1.0	0.0	65.0	5.0	6.0
0.0	0.0	0.0	0.0	0.0	3.0
0.0	1.0	0.0	65.0	5.0	3.0
0.0	0.0	0.0	7.0	5.0	0.0
0.0	0.0	0.0	7.0	0.0	0.0
0.0	0.0	0.0	0.0	5.0	0.0
0.0	1.0	0.0	58.0	0.0	3.0
0.0	1.0	0.0	53.0	0.0	0.0
0.0	1.0	0.0	2.0	0.0	0.0
0.0	1.0	0.0	0.0	0.0	0.0
0.0	0.0	0.0	2.0	0.0	0.0
0.0	0.0	0.0	51.0	0.0	0.0
0.0	0.0	0.0	5.0	0.0	3.0
0.0	0.0	0.0	0.0	0.0	3.0
0.0	0.0	0.0	5.0	0.0	0.0
2.0	32.0	0.0	0.0	49.0	12.0
2.0	27.0	0.0	0.0	7.0	4.0
0.0	25.0	0.0	0.0	0.0	4.0
0.0	0.0	0.0	0.0	0.0	3.0
0.0	25.0	0.0	0.0	0.0	1.0
0.0	0.0	0.0	0.0	0.0	1.0
0.0	25.0	0.0	0.0	0.0	0.0
2.0	2.0	0.0	0.0	7.0	0.0
0.0	2.0	0.0	0.0	0.0	0.0
2.0	0.0	0.0	0.0	7.0	0.0
2.0	0.0	0.0	0.0	1.0	0.0
2.0	0.0	0.0	0.0	0.0	0.0
0.0	0.0	0.0	0.0	1.0	0.0
0.0	0.0	0.0	0.0	6.0	0.0
0.0	5.0	0.0	0.0	42.0	8.0
0.0	0.0	0.0	0.0	40.0	3.0
0.0	0.0	0.0	0.0	0.0	1.0
0.0	0.0	0.0	0.0	40.0	2.0
0.0	0.0	0.0	0.0	13.0	2.0
0.0	0.0	0.0	0.0	0.0	1.0
0.0	0.0	0.0	0.0	13.0	1.0
0.0	0.0	0.0	0.0	12.0	0.0
0.0	0.0	0.0	0.0	1.0	1.0
0.0	0.0	0.0	0.0	1.0	0.0
0.0	0.0	0.0	0.0	0.0	1.0
0.0	0.0	0.0	0.0	27.0	0.0
0.0	5.0	0.0	0.0	2.0	5.0
0.0	0.0	0.0	0.0	1.0	4.0
0.0	0.0	0.0	0.0	1.0	0.0
0.0	0.0	0.0	0.0	0.0	4.0
0.0	5.0	0.0	0.0	1.0	1.0
0.0	5.0	0.0	0.0	0.0	1.0
0.0	5.0	0.0	0.0	0.0	0.0
0.0	0.0	0.0	0.0	0.0	1.0
0.0	0.0	0.0	0.0	1.0	0.0
