# Sizes (NFeatures, Nclasses, NodeCount, MaxDepth)
10	6	183	13
# Classes
0.0	1.0	2.0	3.0	4.0	5.0
# Feature Names
Nrows	Ncols	Nnnz	AvgNnnz	Density	MaxRowNnnz	MinRowNnnz	StdRowNnnz	NDiags	NTrueDiags
# Left
1	2	3	4	5	6	-1	-1	-1	10	11	12	-1	14	-1	-1	-1	18	19	20	21	-1	23	24	-1	26	-1	-1	-1	-1	-1	-1	33	-1	-1	36	-1	-1	39	40	41	-1	43	44	45	46	-1	48	49	-1	-1	52	-1	54	-1	-1	57	-1	-1	60	-1	62	-1	-1	65	-1	67	68	69	70	-1	72	-1	-1	75	76	77	78	-1	-1	-1	-1	-1	84	-1	-1	87	88	89	-1	91	-1	-1	94	-1	-1	97	-1	99	-1	-1	102	103	104	105	-1	107	-1	-1	110	111	112	113	-1	-1	-1	117	-1	-1	-1	121	122	123	-1	-1	-1	127	128	-1	-1	131	132	-1	134	-1	-1	-1	138	139	-1	141	-1	-1	144	-1	-1	147	148	-1	150	151	152	153	154	-1	-1	-1	158	-1	160	-1	-1	-1	-1	165	166	167	168	169	-1	-1	-1	173	-1	-1	-1	177	-1	179	-1	181	-1	-1
# Right
38	35	32	9	8	7	-1	-1	-1	17	16	13	-1	15	-1	-1	-1	31	30	29	22	-1	28	25	-1	27	-1	-1	-1	-1	-1	-1	34	-1	-1	37	-1	-1	146	101	42	-1	64	59	56	47	-1	51	50	-1	-1	53	-1	55	-1	-1	58	-1	-1	61	-1	63	-1	-1	66	-1	86	83	74	71	-1	73	-1	-1	82	81	80	79	-1	-1	-1	-1	-1	85	-1	-1	96	93	90	-1	92	-1	-1	95	-1	-1	98	-1	100	-1	-1	137	120	109	106	-1	108	-1	-1	119	116	115	114	-1	-1	-1	118	-1	-1	-1	126	125	124	-1	-1	-1	130	129	-1	-1	136	133	-1	135	-1	-1	-1	143	140	-1	142	-1	-1	145	-1	-1	164	149	-1	163	162	157	156	155	-1	-1	-1	159	-1	161	-1	-1	-1	-1	176	175	172	171	170	-1	-1	-1	174	-1	-1	-1	178	-1	180	-1	182	-1	-1
# Threshold
0.5	2264.5	927.0	0.0012093099649064243	8569.5	0.734191507101059	-2.0	-2.0	-2.0	2929.0	3066.5	1942.0	-2.0	373.5	-2.0	-2.0	-2.0	10719.0	68.0	12471.0	942.5	-2.0	0.004589984891936183	7042.0	-2.0	6701.0	-2.0	-2.0	-2.0	-2.0	-2.0	-2.0	5.704750061035156	-2.0	-2.0	383.0029525756836	-2.0	-2.0	2761.5	3492290.0	2.0	-2.0	33085.0	2280.5	1884.0	19997.0	-2.0	66.0	0.0005666075012413785	-2.0	-2.0	26.0	-2.0	30.0	-2.0	-2.0	158996.5	-2.0	-2.0	8.94299030303955	-2.0	2724.0	-2.0	-2.0	25.0	-2.0	9.5	1808.5	1634970.0	137254.5	-2.0	1046288.0	-2.0	-2.0	6.0	501575.5	2.7539950609207153	8.962324976921082	-2.0	-2.0	-2.0	-2.0	-2.0	15.412799835205078	-2.0	-2.0	45.65114974975586	18.0	998205.0	-2.0	1891.0	-2.0	-2.0	0.0007533585012424737	-2.0	-2.0	2714530.0	-2.0	24.0	-2.0	-2.0	183.5	9.02685022354126	3.49862003326416	8.0	-2.0	1419040.0	-2.0	-2.0	3.5	5350540.0	491577.0	824172.5	-2.0	-2.0	-2.0	1.0779375259062363e-06	-2.0	-2.0	-2.0	1965.0	3.5	3937035.0	-2.0	-2.0	-2.0	3.0	35.92294979095459	-2.0	-2.0	639727.0	13.7221999168396	-2.0	14.238950252532959	-2.0	-2.0	-2.0	0.00036535349499899894	9825580.0	-2.0	1.839970052242279	-2.0	-2.0	23.855899810791016	-2.0	-2.0	17.604750156402588	45335.5	-2.0	3.5	83466.0	47217.0	2920.5	2875.0	-2.0	-2.0	-2.0	50512.0	-2.0	72048.0	-2.0	-2.0	-2.0	-2.0	80637.0	17348.0	109794.0	23.0	6450.0	-2.0	-2.0	-2.0	0.0004008674877695739	-2.0	-2.0	-2.0	18.71745014190674	-2.0	840193.0	-2.0	4277385.0	-2.0	-2.0
# Feature
9	5	5	4	2	3	-2	-2	-2	0	2	2	-2	0	-2	-2	-2	8	5	1	8	-2	4	0	-2	8	-2	-2	-2	-2	-2	-2	3	-2	-2	3	-2	-2	5	2	5	-2	1	5	5	0	-2	8	4	-2	-2	6	-2	6	-2	-2	2	-2	-2	3	-2	5	-2	-2	8	-2	9	5	2	1	-2	2	-2	-2	9	8	7	3	-2	-2	-2	-2	-2	7	-2	-2	3	9	2	-2	8	-2	-2	4	-2	-2	2	-2	6	-2	-2	5	3	3	5	-2	8	-2	-2	6	8	8	0	-2	-2	-2	4	-2	-2	-2	8	6	2	-2	-2	-2	6	3	-2	-2	8	7	-2	7	-2	-2	-2	4	2	-2	7	-2	-2	7	-2	-2	3	2	-2	6	0	8	5	5	-2	-2	-2	1	-2	1	-2	-2	-2	-2	8	5	1	9	5	-2	-2	-2	4	-2	-2	-2	7	-2	1	-2	1	-2	-2
# Values
134.0	1106.0	37.0	72.0	43.0	287.0
23.0	14.0	0.0	0.0	5.0	239.0
6.0	14.0	0.0	0.0	0.0	239.0
1.0	14.0	0.0	0.0	0.0	227.0
1.0	0.0	0.0	0.0	0.0	108.0
1.0	0.0	0.0	0.0	0.0	1.0
0.0	0.0	0.0	0.0	0.0	1.0
1.0	0.0	0.0	0.0	0.0	0.0
0.0	0.0	0.0	0.0	0.0	107.0
0.0	14.0	0.0	0.0	0.0	119.0
0.0	4.0	0.0	0.0	0.0	100.0
0.0	4.0	0.0	0.0	0.0	27.0
0.0	0.0	0.0	0.0	0.0	26.0
0.0	4.0	0.0	0.0	0.0	1.0
0.0	0.0	0.0	0.0	0.0	1.0
0.0	4.0	0.0	0.0	0.0	0.0
0.0	0.0	0.0	0.0	0.0	73.0
0.0	10.0	0.0	0.0	0.0	19.0
0.0	10.0	0.0	0.0	0.0	7.0
0.0	5.0	0.0	0.0	0.0	7.0
0.0	5.0	0.0	0.0	0.0	5.0
0.0	0.0	0.0	0.0	0.0	2.0
0.0	5.0	0.0	0.0	0.0	3.0
0.0	5.0	0.0	0.0	0.0	2.0
0.0	2.0	0.0	0.0	0.0	0.0
0.0	3.0	0.0	0.0	0.0	2.0
0.0	2.0	0.0	0.0	0.0	1.0
0.0	1.0	0.0	0.0	0.0	1.0
0.0	0.0	0.0	0.0	0.0	1.0
0.0	0.0	0.0	0.0	0.0	2.0
0.0	5.0	0.0	0.0	0.0	0.0
0.0	0.0	0.0	0.0	0.0	12.0
5.0	0.0	0.0	0.0	0.0	12.0
5.0	0.0	0.0	0.0	0.0	0.0
0.0	0.0	0.0	0.0	0.0	12.0
17.0	0.0	0.0	0.0	5.0	0.0
17.0	0.0	0.0	0.0	0.0	0.0
0.0	0.0	0.0	0.0	5.0	0.0
111.0	1092.0	37.0	72.0	38.0	48.0
17.0	1075.0	37.0	72.0	14.0	46.0
11.0	1035.0	30.0	15.0	0.0	14.0
0.0	0.0	20.0	0.0	0.0	0.0
11.0	1035.0	10.0	15.0	0.0	14.0
7.0	929.0	2.0	0.0	0.0	1.0
1.0	919.0	2.0	0.0	0.0	1.0
0.0	914.0	2.0	0.0	0.0	1.0
0.0	835.0	0.0	0.0	0.0	0.0
0.0	79.0	2.0	0.0	0.0	1.0
0.0	5.0	2.0	0.0	0.0	0.0
0.0	5.0	0.0	0.0	0.0	0.0
0.0	0.0	2.0	0.0	0.0	0.0
0.0	74.0	0.0	0.0	0.0	1.0
0.0	72.0	0.0	0.0	0.0	0.0
0.0	2.0	0.0	0.0	0.0	1.0
0.0	0.0	0.0	0.0	0.0	1.0
0.0	2.0	0.0	0.0	0.0	0.0
1.0	5.0	0.0	0.0	0.0	0.0
0.0	5.0	0.0	0.0	0.0	0.0
1.0	0.0	0.0	0.0	0.0	0.0
6.0	10.0	0.0	0.0	0.0	0.0
4.0	0.0	0.0	0.0	0.0	0.0
2.0	10.0	0.0	0.0	0.0	0.0
0.0	10.0	0.0	0.0	0.0	0.0
2.0	0.0	0.0	0.0	0.0	0.0
4.0	106.0	8.0	15.0	0.0	13.0
0.0	0.0	8.0	0.0	0.0	0.0
4.0	106.0	0.0	15.0	0.0	13.0
4.0	97.0	0.0	7.0	0.0	3.0
0.0	94.0	0.0	7.0	0.0	3.0
0.0	77.0	0.0	0.0	0.0	1.0
0.0	71.0	0.0	0.0	0.0	0.0
0.0	6.0	0.0	0.0	0.0	1.0
0.0	0.0	0.0	0.0	0.0	1.0
0.0	6.0	0.0	0.0	0.0	0.0
0.0	17.0	0.0	7.0	0.0	2.0
0.0	17.0	0.0	3.0	0.0	2.0
0.0	17.0	0.0	3.0	0.0	0.0
0.0	3.0	0.0	3.0	0.0	0.0
0.0	3.0	0.0	0.0	0.0	0.0
0.0	0.0	0.0	3.0	0.0	0.0
0.0	14.0	0.0	0.0	0.0	0.0
0.0	0.0	0.0	0.0	0.0	2.0
0.0	0.0	0.0	4.0	0.0	0.0
4.0	3.0	0.0	0.0	0.0	0.0
4.0	0.0	0.0	0.0	0.0	0.0
0.0	3.0	0.0	0.0	0.0	0.0
0.0	9.0	0.0	8.0	0.0	10.0
0.0	2.0	0.0	6.0	0.0	9.0
0.0	2.0	0.0	1.0	0.0	8.0
0.0	2.0	0.0	0.0	0.0	0.0
0.0	0.0	0.0	1.0	0.0	8.0
0.0	0.0	0.0	1.0	0.0	0.0
0.0	0.0	0.0	0.0	0.0	8.0
0.0	0.0	0.0	5.0	0.0	1.0
0.0	0.0	0.0	5.0	0.0	0.0
0.0	0.0	0.0	0.0	0.0	1.0
0.0	7.0	0.0	2.0	0.0	1.0
0.0	7.0	0.0	0.0	0.0	0.0
0.0	0.0	0.0	2.0	0.0	1.0
0.0	0.0	0.0	2.0	0.0	0.0
0.0	0.0	0.0	0.0	0.0	1.0
6.0	40.0	7.0	57.0	14.0	32.0
6.0	16.0	7.0	57.0	3.0	28.0
6.0	16.0	6.0	0.0	0.0	14.0
4.0	12.0	0.0	0.0	0.0	0.0
0.0	11.0	0.0	0.0	0.0	0.0
4.0	1.0	0.0	0.0	0.0	0.0
0.0	1.0	0.0	0.0	0.0	0.0
4.0	0.0	0.0	0.0	0.0	0.0
2.0	4.0	6.0	0.0	0.0	14.0
2.0	4.0	0.0	0.0	0.0	14.0
0.0	2.0	0.0	0.0	0.0	14.0
0.0	2.0	0.0	0.0	0.0	1.0
0.0	0.0	0.0	0.0	0.0	1.0
0.0	2.0	0.0	0.0	0.0	0.0
0.0	0.0	0.0	0.0	0.0	13.0
2.0	2.0	0.0	0.0	0.0	0.0
2.0	0.0	0.0	0.0	0.0	0.0
0.0	2.0	0.0	0.0	0.0	0.0
0.0	0.0	6.0	0.0	0.0	0.0
0.0	0.0	1.0	57.0	3.0	14.0
0.0	0.0	1.0	1.0	0.0	11.0
0.0	0.0	1.0	1.0	0.0	0.0
0.0	0.0	0.0	1.0	0.0	0.0
0.0	0.0	1.0	0.0	0.0	0.0
0.0	0.0	0.0	0.0	0.0	11.0
0.0	0.0	0.0	56.0	3.0	3.0
0.0	0.0	0.0	1.0	0.0	3.0
0.0	0.0	0.0	1.0	0.0	0.0
0.0	0.0	0.0	0.0	0.0	3.0
0.0	0.0	0.0	55.0	3.0	0.0
0.0	0.0	0.0	55.0	2.0	0.0
0.0	0.0	0.0	46.0	0.0	0.0
0.0	0.0	0.0	9.0	2.0	0.0
0.0	0.0	0.0	0.0	2.0	0.0
0.0	0.0	0.0	9.0	0.0	0.0
0.0	0.0	0.0	0.0	1.0	0.0
0.0	24.0	0.0	0.0	11.0	4.0
0.0	3.0	0.0	0.0	10.0	4.0
0.0	0.0	0.0	0.0	0.0	4.0
0.0	3.0	0.0	0.0	10.0	0.0
0.0	3.0	0.0	0.0	0.0	0.0
0.0	0.0	0.0	0.0	10.0	0.0
0.0	21.0	0.0	0.0	1.0	0.0
0.0	0.0	0.0	0.0	1.0	0.0
0.0	21.0	0.0	0.0	0.0	0.0
94.0	17.0	0.0	0.0	24.0	2.0
88.0	2.0	0.0	0.0	7.0	0.0
0.0	1.0	0.0	0.0	0.0	0.0
88.0	1.0	0.0	0.0	7.0	0.0
88.0	1.0	0.0	0.0	6.0	0.0
46.0	1.0	0.0	0.0	6.0	0.0
39.0	1.0	0.0	0.0	0.0	0.0
2.0	1.0	0.0	0.0	0.0	0.0
2.0	0.0	0.0	0.0	0.0	0.0
0.0	1.0	0.0	0.0	0.0	0.0
37.0	0.0	0.0	0.0	0.0	0.0
7.0	0.0	0.0	0.0	6.0	0.0
0.0	0.0	0.0	0.0	4.0	0.0
7.0	0.0	0.0	0.0	2.0	0.0
7.0	0.0	0.0	0.0	0.0	0.0
0.0	0.0	0.0	0.0	2.0	0.0
42.0	0.0	0.0	0.0	0.0	0.0
0.0	0.0	0.0	0.0	1.0	0.0
6.0	15.0	0.0	0.0	17.0	2.0
6.0	14.0	0.0	0.0	3.0	1.0
0.0	14.0	0.0	0.0	3.0	1.0
0.0	14.0	0.0	0.0	2.0	0.0
0.0	2.0	0.0	0.0	2.0	0.0
0.0	0.0	0.0	0.0	2.0	0.0
0.0	2.0	0.0	0.0	0.0	0.0
0.0	12.0	0.0	0.0	0.0	0.0
0.0	0.0	0.0	0.0	1.0	1.0
0.0	0.0	0.0	0.0	1.0	0.0
0.0	0.0	0.0	0.0	0.0	1.0
6.0	0.0	0.0	0.0	0.0	0.0
0.0	1.0	0.0	0.0	14.0	1.0
0.0	0.0	0.0	0.0	0.0	1.0
0.0	1.0	0.0	0.0	14.0	0.0
0.0	0.0	0.0	0.0	13.0	0.0
0.0	1.0	0.0	0.0	1.0	0.0
0.0	1.0	0.0	0.0	0.0	0.0
0.0	0.0	0.0	0.0	1.0	0.0
