# Sizes (NFeatures, Nclasses, NodeCount, MaxDepth)
10	6	193	15
# Classes
0.0	1.0	2.0	3.0	4.0	5.0
# Feature Names
Nrows	Ncols	Nnnz	AvgNnnz	Density	MaxRowNnnz	MinRowNnnz	StdRowNnnz	NDiags	NTrueDiags
# Left
1	2	3	4	5	6	-1	8	-1	10	11	12	13	14	15	-1	17	-1	-1	20	21	-1	-1	24	-1	26	-1	-1	29	-1	-1	-1	33	-1	-1	-1	37	-1	-1	40	-1	-1	-1	44	-1	46	-1	48	49	-1	-1	-1	53	54	-1	56	57	58	-1	60	-1	62	-1	64	-1	66	-1	-1	69	-1	71	72	-1	74	75	76	-1	-1	-1	-1	81	-1	-1	84	85	-1	87	-1	-1	-1	91	92	93	94	-1	96	97	98	99	100	-1	-1	-1	104	-1	-1	107	-1	-1	110	111	-1	113	-1	115	-1	-1	118	-1	-1	121	-1	123	-1	-1	126	127	128	129	-1	-1	132	-1	-1	135	136	-1	138	-1	-1	141	142	-1	144	-1	146	-1	-1	149	-1	-1	152	153	154	-1	-1	-1	158	159	160	-1	-1	-1	-1	165	166	167	-1	169	-1	-1	172	173	174	-1	-1	-1	-1	179	180	181	-1	183	-1	-1	186	-1	188	-1	190	-1	-1	-1
# Right
52	43	42	39	36	7	-1	9	-1	35	32	31	28	19	16	-1	18	-1	-1	23	22	-1	-1	25	-1	27	-1	-1	30	-1	-1	-1	34	-1	-1	-1	38	-1	-1	41	-1	-1	-1	45	-1	47	-1	51	50	-1	-1	-1	90	55	-1	83	68	59	-1	61	-1	63	-1	65	-1	67	-1	-1	70	-1	80	73	-1	79	78	77	-1	-1	-1	-1	82	-1	-1	89	86	-1	88	-1	-1	-1	164	125	120	95	-1	109	106	103	102	101	-1	-1	-1	105	-1	-1	108	-1	-1	117	112	-1	114	-1	116	-1	-1	119	-1	-1	122	-1	124	-1	-1	151	134	131	130	-1	-1	133	-1	-1	140	137	-1	139	-1	-1	148	143	-1	145	-1	147	-1	-1	150	-1	-1	157	156	155	-1	-1	-1	163	162	161	-1	-1	-1	-1	178	171	168	-1	170	-1	-1	177	176	175	-1	-1	-1	-1	192	185	182	-1	184	-1	-1	187	-1	189	-1	191	-1	-1	-1
# Threshold
0.5	2327.5	161411300.0	2629515.0	1084.5	1.1053114831447601	-2.0	8.29353507469932e-06	-2.0	73.5	71.5	26.33970069885254	1239340.0	14.5	2.0112199187278748	-2.0	3.8193700313568115	-2.0	-2.0	2298.5	1917.0	-2.0	-2.0	25.98194980621338	-2.0	10803.5	-2.0	-2.0	3.129639983177185	-2.0	-2.0	-2.0	7.397605061531067	-2.0	-2.0	-2.0	1495.0	-2.0	-2.0	1.8163250388170127e-05	-2.0	-2.0	-2.0	18.052000045776367	-2.0	25894250.0	-2.0	0.5	44719.0	-2.0	-2.0	-2.0	37797.5	1.5	-2.0	2872.0	19837.5	6.5	-2.0	1541.0	-2.0	9.384335041046143	-2.0	2733.0	-2.0	5035.0	-2.0	-2.0	19945.0	-2.0	1884.0	16.0	-2.0	39.0	12.513450145721436	854638.0	-2.0	-2.0	-2.0	-2.0	4.0	-2.0	-2.0	16.491549968719482	94.95795059204102	-2.0	8.641525030136108	-2.0	-2.0	-2.0	2761.5	5.5	8039710.0	16.5	-2.0	3542875.0	1789.5	6.5	0.691783994436264	5.305109977722168	-2.0	-2.0	-2.0	132158.0	-2.0	-2.0	7.396435022354126	-2.0	-2.0	1.752639991536853e-05	1.5	-2.0	3039735.0	-2.0	26112300.0	-2.0	-2.0	228156.0	-2.0	-2.0	6.0	-2.0	1.5	-2.0	-2.0	144.5	1045385.0	4.530894994735718	550979.0	-2.0	-2.0	51.5	-2.0	-2.0	662.0	15.5	-2.0	76450.0	-2.0	-2.0	41.0	10.5	-2.0	0.859607994556427	-2.0	123.5	-2.0	-2.0	3681.0	-2.0	-2.0	140946.5	12.754619598388672	1836867.0	-2.0	-2.0	-2.0	21.0	43.14190101623535	10.0	-2.0	-2.0	-2.0	-2.0	15.11745023727417	4.0	10.962950229644775	-2.0	11.724400043487549	-2.0	-2.0	9.597099781036377	5.484179928316735e-05	362005.0	-2.0	-2.0	-2.0	-2.0	1001282.0	20.485599517822266	7523.5	-2.0	11.0	-2.0	-2.0	3281.0	-2.0	68.44885063171387	-2.0	0.0016042999923229218	-2.0	-2.0	-2.0
# Feature
9	5	2	2	5	3	-2	4	-2	5	5	7	2	5	7	-2	3	-2	-2	2	2	-2	-2	7	-2	0	-2	-2	7	-2	-2	-2	7	-2	-2	-2	5	-2	-2	4	-2	-2	-2	3	-2	2	-2	6	5	-2	-2	-2	1	8	-2	5	1	0	-2	5	-2	3	-2	5	-2	1	-2	-2	1	-2	5	9	-2	9	7	2	-2	-2	-2	-2	9	-2	-2	3	7	-2	3	-2	-2	-2	5	9	1	8	-2	2	5	6	7	3	-2	-2	-2	0	-2	-2	3	-2	-2	4	6	-2	8	-2	2	-2	-2	0	-2	-2	5	-2	9	-2	-2	5	2	7	2	-2	-2	5	-2	-2	8	5	-2	0	-2	-2	9	5	-2	7	-2	5	-2	-2	8	-2	-2	0	7	2	-2	-2	-2	9	7	9	-2	-2	-2	-2	3	9	3	-2	3	-2	-2	3	4	1	-2	-2	-2	-2	0	7	8	-2	6	-2	-2	5	-2	3	-2	4	-2	-2	-2
# Values
119.0	1084.0	33.0	78.0	63.0	302.0
33.0	13.0	0.0	7.0	13.0	258.0
7.0	13.0	0.0	7.0	3.0	258.0
7.0	13.0	0.0	7.0	0.0	258.0
7.0	13.0	0.0	2.0	0.0	250.0
2.0	13.0	0.0	2.0	0.0	237.0
1.0	0.0	0.0	0.0	0.0	0.0
1.0	13.0	0.0	2.0	0.0	237.0
1.0	0.0	0.0	0.0	0.0	0.0
0.0	13.0	0.0	2.0	0.0	237.0
0.0	13.0	0.0	2.0	0.0	128.0
0.0	9.0	0.0	2.0	0.0	127.0
0.0	8.0	0.0	2.0	0.0	127.0
0.0	8.0	0.0	0.0	0.0	123.0
0.0	6.0	0.0	0.0	0.0	31.0
0.0	0.0	0.0	0.0	0.0	27.0
0.0	6.0	0.0	0.0	0.0	4.0
0.0	0.0	0.0	0.0	0.0	4.0
0.0	6.0	0.0	0.0	0.0	0.0
0.0	2.0	0.0	0.0	0.0	92.0
0.0	1.0	0.0	0.0	0.0	2.0
0.0	0.0	0.0	0.0	0.0	2.0
0.0	1.0	0.0	0.0	0.0	0.0
0.0	1.0	0.0	0.0	0.0	90.0
0.0	0.0	0.0	0.0	0.0	82.0
0.0	1.0	0.0	0.0	0.0	8.0
0.0	1.0	0.0	0.0	0.0	2.0
0.0	0.0	0.0	0.0	0.0	6.0
0.0	0.0	0.0	2.0	0.0	4.0
0.0	0.0	0.0	0.0	0.0	4.0
0.0	0.0	0.0	2.0	0.0	0.0
0.0	1.0	0.0	0.0	0.0	0.0
0.0	4.0	0.0	0.0	0.0	1.0
0.0	0.0	0.0	0.0	0.0	1.0
0.0	4.0	0.0	0.0	0.0	0.0
0.0	0.0	0.0	0.0	0.0	109.0
5.0	0.0	0.0	0.0	0.0	13.0
5.0	0.0	0.0	0.0	0.0	0.0
0.0	0.0	0.0	0.0	0.0	13.0
0.0	0.0	0.0	5.0	0.0	8.0
0.0	0.0	0.0	0.0	0.0	8.0
0.0	0.0	0.0	5.0	0.0	0.0
0.0	0.0	0.0	0.0	3.0	0.0
26.0	0.0	0.0	0.0	10.0	0.0
22.0	0.0	0.0	0.0	0.0	0.0
4.0	0.0	0.0	0.0	10.0	0.0
3.0	0.0	0.0	0.0	0.0	0.0
1.0	0.0	0.0	0.0	10.0	0.0
1.0	0.0	0.0	0.0	3.0	0.0
0.0	0.0	0.0	0.0	3.0	0.0
1.0	0.0	0.0	0.0	0.0	0.0
0.0	0.0	0.0	0.0	7.0	0.0
86.0	1071.0	33.0	71.0	50.0	44.0
24.0	936.0	19.0	0.0	3.0	8.0
0.0	0.0	17.0	0.0	0.0	0.0
24.0	936.0	2.0	0.0	3.0	8.0
7.0	925.0	2.0	0.0	0.0	8.0
5.0	845.0	0.0	0.0	0.0	0.0
1.0	0.0	0.0	0.0	0.0	0.0
4.0	845.0	0.0	0.0	0.0	0.0
0.0	822.0	0.0	0.0	0.0	0.0
4.0	23.0	0.0	0.0	0.0	0.0
3.0	0.0	0.0	0.0	0.0	0.0
1.0	23.0	0.0	0.0	0.0	0.0
0.0	21.0	0.0	0.0	0.0	0.0
1.0	2.0	0.0	0.0	0.0	0.0
0.0	2.0	0.0	0.0	0.0	0.0
1.0	0.0	0.0	0.0	0.0	0.0
2.0	80.0	2.0	0.0	0.0	8.0
0.0	0.0	0.0	0.0	0.0	3.0
2.0	80.0	2.0	0.0	0.0	5.0
0.0	79.0	2.0	0.0	0.0	5.0
0.0	53.0	0.0	0.0	0.0	0.0
0.0	26.0	2.0	0.0	0.0	5.0
0.0	3.0	2.0	0.0	0.0	5.0
0.0	3.0	2.0	0.0	0.0	0.0
0.0	0.0	2.0	0.0	0.0	0.0
0.0	3.0	0.0	0.0	0.0	0.0
0.0	0.0	0.0	0.0	0.0	5.0
0.0	23.0	0.0	0.0	0.0	0.0
2.0	1.0	0.0	0.0	0.0	0.0
2.0	0.0	0.0	0.0	0.0	0.0
0.0	1.0	0.0	0.0	0.0	0.0
17.0	11.0	0.0	0.0	3.0	0.0
17.0	0.0	0.0	0.0	3.0	0.0
16.0	0.0	0.0	0.0	0.0	0.0
1.0	0.0	0.0	0.0	3.0	0.0
0.0	0.0	0.0	0.0	3.0	0.0
1.0	0.0	0.0	0.0	0.0	0.0
0.0	11.0	0.0	0.0	0.0	0.0
62.0	135.0	14.0	71.0	47.0	36.0
11.0	131.0	14.0	71.0	13.0	33.0
11.0	98.0	4.0	8.0	0.0	8.0
2.0	95.0	4.0	7.0	0.0	8.0
0.0	0.0	4.0	0.0	0.0	0.0
2.0	95.0	0.0	7.0	0.0	8.0
2.0	81.0	0.0	1.0	0.0	1.0
0.0	77.0	0.0	1.0	0.0	1.0
0.0	74.0	0.0	0.0	0.0	1.0
0.0	9.0	0.0	0.0	0.0	1.0
0.0	9.0	0.0	0.0	0.0	0.0
0.0	0.0	0.0	0.0	0.0	1.0
0.0	65.0	0.0	0.0	0.0	0.0
0.0	3.0	0.0	1.0	0.0	0.0
0.0	3.0	0.0	0.0	0.0	0.0
0.0	0.0	0.0	1.0	0.0	0.0
2.0	4.0	0.0	0.0	0.0	0.0
2.0	0.0	0.0	0.0	0.0	0.0
0.0	4.0	0.0	0.0	0.0	0.0
0.0	14.0	0.0	6.0	0.0	7.0
0.0	14.0	0.0	0.0	0.0	6.0
0.0	9.0	0.0	0.0	0.0	0.0
0.0	5.0	0.0	0.0	0.0	6.0
0.0	0.0	0.0	0.0	0.0	5.0
0.0	5.0	0.0	0.0	0.0	1.0
0.0	5.0	0.0	0.0	0.0	0.0
0.0	0.0	0.0	0.0	0.0	1.0
0.0	0.0	0.0	6.0	0.0	1.0
0.0	0.0	0.0	0.0	0.0	1.0
0.0	0.0	0.0	6.0	0.0	0.0
9.0	3.0	0.0	1.0	0.0	0.0
0.0	3.0	0.0	0.0	0.0	0.0
9.0	0.0	0.0	1.0	0.0	0.0
0.0	0.0	0.0	1.0	0.0	0.0
9.0	0.0	0.0	0.0	0.0	0.0
0.0	33.0	10.0	63.0	13.0	25.0
0.0	11.0	10.0	63.0	1.0	20.0
0.0	10.0	3.0	0.0	0.0	7.0
0.0	8.0	3.0	0.0	0.0	0.0
0.0	0.0	3.0	0.0	0.0	0.0
0.0	8.0	0.0	0.0	0.0	0.0
0.0	2.0	0.0	0.0	0.0	7.0
0.0	0.0	0.0	0.0	0.0	7.0
0.0	2.0	0.0	0.0	0.0	0.0
0.0	1.0	7.0	63.0	1.0	13.0
0.0	0.0	7.0	0.0	0.0	6.0
0.0	0.0	6.0	0.0	0.0	0.0
0.0	0.0	1.0	0.0	0.0	6.0
0.0	0.0	1.0	0.0	0.0	0.0
0.0	0.0	0.0	0.0	0.0	6.0
0.0	1.0	0.0	63.0	1.0	7.0
0.0	1.0	0.0	59.0	1.0	1.0
0.0	1.0	0.0	0.0	0.0	0.0
0.0	0.0	0.0	59.0	1.0	1.0
0.0	0.0	0.0	0.0	0.0	1.0
0.0	0.0	0.0	59.0	1.0	0.0
0.0	0.0	0.0	59.0	0.0	0.0
0.0	0.0	0.0	0.0	1.0	0.0
0.0	0.0	0.0	4.0	0.0	6.0
0.0	0.0	0.0	0.0	0.0	6.0
0.0	0.0	0.0	4.0	0.0	0.0
0.0	22.0	0.0	0.0	12.0	5.0
0.0	20.0	0.0	0.0	0.0	4.0
0.0	2.0	0.0	0.0	0.0	4.0
0.0	2.0	0.0	0.0	0.0	0.0
0.0	0.0	0.0	0.0	0.0	4.0
0.0	18.0	0.0	0.0	0.0	0.0
0.0	2.0	0.0	0.0	12.0	1.0
0.0	2.0	0.0	0.0	1.0	1.0
0.0	0.0	0.0	0.0	1.0	1.0
0.0	0.0	0.0	0.0	1.0	0.0
0.0	0.0	0.0	0.0	0.0	1.0
0.0	2.0	0.0	0.0	0.0	0.0
0.0	0.0	0.0	0.0	11.0	0.0
51.0	4.0	0.0	0.0	34.0	3.0
51.0	0.0	0.0	0.0	5.0	0.0
45.0	0.0	0.0	0.0	2.0	0.0
38.0	0.0	0.0	0.0	0.0	0.0
7.0	0.0	0.0	0.0	2.0	0.0
0.0	0.0	0.0	0.0	2.0	0.0
7.0	0.0	0.0	0.0	0.0	0.0
6.0	0.0	0.0	0.0	3.0	0.0
6.0	0.0	0.0	0.0	1.0	0.0
1.0	0.0	0.0	0.0	1.0	0.0
0.0	0.0	0.0	0.0	1.0	0.0
1.0	0.0	0.0	0.0	0.0	0.0
5.0	0.0	0.0	0.0	0.0	0.0
0.0	0.0	0.0	0.0	2.0	0.0
0.0	4.0	0.0	0.0	29.0	3.0
0.0	2.0	0.0	0.0	29.0	3.0
0.0	1.0	0.0	0.0	2.0	2.0
0.0	0.0	0.0	0.0	2.0	0.0
0.0	1.0	0.0	0.0	0.0	2.0
0.0	0.0	0.0	0.0	0.0	2.0
0.0	1.0	0.0	0.0	0.0	0.0
0.0	1.0	0.0	0.0	27.0	1.0
0.0	0.0	0.0	0.0	0.0	1.0
0.0	1.0	0.0	0.0	27.0	0.0
0.0	0.0	0.0	0.0	25.0	0.0
0.0	1.0	0.0	0.0	2.0	0.0
0.0	1.0	0.0	0.0	0.0	0.0
0.0	0.0	0.0	0.0	2.0	0.0
0.0	2.0	0.0	0.0	0.0	0.0
