# Sizes (NFeatures, Nclasses, NodeCount, MaxDepth)
10	6	175	16
# Classes
0.0	1.0	2.0	3.0	4.0	5.0
# Feature Names
Nrows	Ncols	Nnnz	AvgNnnz	Density	MaxRowNnnz	MinRowNnnz	StdRowNnnz	NDiags	NTrueDiags
# Left
1	2	3	4	5	6	-1	8	-1	10	11	12	-1	-1	15	-1	-1	-1	19	20	-1	22	-1	24	-1	-1	27	28	29	-1	-1	-1	-1	34	-1	-1	37	-1	39	-1	-1	42	-1	44	-1	-1	47	48	49	-1	51	52	53	-1	55	56	57	-1	-1	60	-1	62	-1	-1	65	-1	67	-1	69	-1	71	72	-1	74	75	-1	-1	78	79	-1	-1	-1	-1	84	85	-1	-1	-1	89	90	-1	-1	93	94	-1	-1	-1	98	99	-1	101	102	-1	104	-1	106	107	-1	-1	-1	111	-1	-1	114	115	116	117	118	119	-1	-1	-1	123	124	-1	126	-1	-1	-1	130	-1	-1	133	-1	-1	136	137	-1	-1	-1	141	142	143	144	-1	-1	-1	148	-1	150	-1	152	-1	154	-1	156	-1	-1	159	160	-1	-1	163	164	165	-1	-1	-1	169	-1	171	172	-1	-1	-1
# Right
46	41	36	33	18	7	-1	9	-1	17	14	13	-1	-1	16	-1	-1	-1	26	21	-1	23	-1	25	-1	-1	32	31	30	-1	-1	-1	-1	35	-1	-1	38	-1	40	-1	-1	43	-1	45	-1	-1	140	97	50	-1	88	83	54	-1	64	59	58	-1	-1	61	-1	63	-1	-1	66	-1	68	-1	70	-1	82	73	-1	77	76	-1	-1	81	80	-1	-1	-1	-1	87	86	-1	-1	-1	92	91	-1	-1	96	95	-1	-1	-1	113	100	-1	110	103	-1	105	-1	109	108	-1	-1	-1	112	-1	-1	135	132	129	122	121	120	-1	-1	-1	128	125	-1	127	-1	-1	-1	131	-1	-1	134	-1	-1	139	138	-1	-1	-1	158	147	146	145	-1	-1	-1	149	-1	151	-1	153	-1	155	-1	157	-1	-1	162	161	-1	-1	168	167	166	-1	-1	-1	170	-1	174	173	-1	-1	-1
# Threshold
0.5	2230.0	59213500.0	1084.5	34.5	4.010400056838989	-2.0	4.522239923477173	-2.0	8.295965194702148	121021.5	2612.5	-2.0	-2.0	8.55994987487793	-2.0	-2.0	-2.0	25.741600036621094	1.623075008392334	-2.0	11.78499984741211	-2.0	11.941199779510498	-2.0	-2.0	12617.0	4433.0	2553.0	-2.0	-2.0	-2.0	-2.0	5.543375015258789	-2.0	-2.0	35909800.0	-2.0	37.0	-2.0	-2.0	26406600.0	-2.0	18.052000045776367	-2.0	-2.0	2405.0	116678.5	1.5	-2.0	60051.5	1572.5	3.5	-2.0	30078.5	1.5	1220.0	-2.0	-2.0	23306.0	-2.0	23615.0	-2.0	-2.0	15.5	-2.0	30253.0	-2.0	12.0	-2.0	53599.5	0.0004908305127173662	-2.0	20.0	7.5	-2.0	-2.0	12541.0	1946420.0	-2.0	-2.0	-2.0	-2.0	9.050940036773682	18.545000076293945	-2.0	-2.0	-2.0	9.215879917144775	802.5	-2.0	-2.0	101.0	86891.5	-2.0	-2.0	-2.0	8.485360145568848	261.0	-2.0	49164600.0	3.9972249269485474	-2.0	495951.0	-2.0	2.5	5.984140157699585	-2.0	-2.0	-2.0	8.0	-2.0	-2.0	183.5	41.0	616287.0	2570155.0	35.0	5.0	-2.0	-2.0	-2.0	18.80644989013672	22.5	-2.0	5.40664005279541	-2.0	-2.0	-2.0	17.0	-2.0	-2.0	16.5	-2.0	-2.0	44.47650146484375	45895.5	-2.0	-2.0	-2.0	15.396999835968018	2827.0	7516.0	11.919399738311768	-2.0	-2.0	-2.0	47954.5	-2.0	50512.0	-2.0	49801.0	-2.0	10.962399959564209	-2.0	33.23334980010986	-2.0	-2.0	46123.0	34715.0	-2.0	-2.0	20.485599517822266	59314.5	33.0	-2.0	-2.0	-2.0	67.16354942321777	-2.0	127.76300430297852	345.72650146484375	-2.0	-2.0	-2.0
# Feature
9	5	2	5	5	3	-2	3	-2	7	1	2	-2	-2	3	-2	-2	-2	7	3	-2	7	-2	7	-2	-2	1	8	1	-2	-2	-2	-2	3	-2	-2	1	-2	5	-2	-2	2	-2	3	-2	-2	5	1	8	-2	0	5	8	-2	0	9	5	-2	-2	1	-2	1	-2	-2	8	-2	0	-2	9	-2	1	4	-2	9	6	-2	-2	8	2	-2	-2	-2	-2	3	7	-2	-2	-2	3	5	-2	-2	5	0	-2	-2	-2	3	8	-2	2	3	-2	8	-2	9	3	-2	-2	-2	5	-2	-2	5	9	8	2	5	6	-2	-2	-2	7	6	-2	7	-2	-2	-2	9	-2	-2	6	-2	-2	7	8	-2	-2	-2	3	5	1	3	-2	-2	-2	8	-2	0	-2	8	-2	3	-2	7	-2	-2	1	0	-2	-2	7	8	9	-2	-2	-2	3	-2	3	7	-2	-2	-2
# Values
124.0	1077.0	40.0	66.0	78.0	294.0
27.0	19.0	0.0	2.0	13.0	260.0
6.0	19.0	0.0	2.0	3.0	260.0
5.0	19.0	0.0	2.0	0.0	259.0
1.0	19.0	0.0	2.0	0.0	253.0
0.0	12.0	0.0	2.0	0.0	57.0
0.0	0.0	0.0	0.0	0.0	38.0
0.0	12.0	0.0	2.0	0.0	19.0
0.0	8.0	0.0	0.0	0.0	0.0
0.0	4.0	0.0	2.0	0.0	19.0
0.0	1.0	0.0	2.0	0.0	19.0
0.0	1.0	0.0	0.0	0.0	18.0
0.0	1.0	0.0	0.0	0.0	0.0
0.0	0.0	0.0	0.0	0.0	18.0
0.0	0.0	0.0	2.0	0.0	1.0
0.0	0.0	0.0	0.0	0.0	1.0
0.0	0.0	0.0	2.0	0.0	0.0
0.0	3.0	0.0	0.0	0.0	0.0
1.0	7.0	0.0	0.0	0.0	196.0
1.0	1.0	0.0	0.0	0.0	173.0
1.0	0.0	0.0	0.0	0.0	0.0
0.0	1.0	0.0	0.0	0.0	173.0
0.0	0.0	0.0	0.0	0.0	119.0
0.0	1.0	0.0	0.0	0.0	54.0
0.0	1.0	0.0	0.0	0.0	0.0
0.0	0.0	0.0	0.0	0.0	54.0
0.0	6.0	0.0	0.0	0.0	23.0
0.0	6.0	0.0	0.0	0.0	5.0
0.0	2.0	0.0	0.0	0.0	5.0
0.0	0.0	0.0	0.0	0.0	2.0
0.0	2.0	0.0	0.0	0.0	3.0
0.0	4.0	0.0	0.0	0.0	0.0
0.0	0.0	0.0	0.0	0.0	18.0
4.0	0.0	0.0	0.0	0.0	6.0
4.0	0.0	0.0	0.0	0.0	0.0
0.0	0.0	0.0	0.0	0.0	6.0
1.0	0.0	0.0	0.0	3.0	1.0
0.0	0.0	0.0	0.0	3.0	0.0
1.0	0.0	0.0	0.0	0.0	1.0
0.0	0.0	0.0	0.0	0.0	1.0
1.0	0.0	0.0	0.0	0.0	0.0
21.0	0.0	0.0	0.0	10.0	0.0
17.0	0.0	0.0	0.0	0.0	0.0
4.0	0.0	0.0	0.0	10.0	0.0
4.0	0.0	0.0	0.0	0.0	0.0
0.0	0.0	0.0	0.0	10.0	0.0
97.0	1058.0	40.0	64.0	65.0	34.0
20.0	1043.0	40.0	64.0	23.0	31.0
14.0	1008.0	32.0	16.0	0.0	9.0
0.0	0.0	28.0	0.0	0.0	0.0
14.0	1008.0	4.0	16.0	0.0	9.0
12.0	967.0	4.0	1.0	0.0	5.0
6.0	945.0	4.0	1.0	0.0	5.0
1.0	0.0	0.0	0.0	0.0	0.0
5.0	945.0	4.0	1.0	0.0	5.0
5.0	869.0	1.0	0.0	0.0	0.0
5.0	58.0	0.0	0.0	0.0	0.0
0.0	58.0	0.0	0.0	0.0	0.0
5.0	0.0	0.0	0.0	0.0	0.0
0.0	811.0	1.0	0.0	0.0	0.0
0.0	795.0	0.0	0.0	0.0	0.0
0.0	16.0	1.0	0.0	0.0	0.0
0.0	0.0	1.0	0.0	0.0	0.0
0.0	16.0	0.0	0.0	0.0	0.0
0.0	76.0	3.0	1.0	0.0	5.0
0.0	0.0	3.0	0.0	0.0	0.0
0.0	76.0	0.0	1.0	0.0	5.0
0.0	0.0	0.0	0.0	0.0	1.0
0.0	76.0	0.0	1.0	0.0	4.0
0.0	54.0	0.0	0.0	0.0	0.0
0.0	22.0	0.0	1.0	0.0	4.0
0.0	22.0	0.0	1.0	0.0	3.0
0.0	0.0	0.0	0.0	0.0	1.0
0.0	22.0	0.0	1.0	0.0	2.0
0.0	3.0	0.0	0.0	0.0	2.0
0.0	0.0	0.0	0.0	0.0	2.0
0.0	3.0	0.0	0.0	0.0	0.0
0.0	19.0	0.0	1.0	0.0	0.0
0.0	5.0	0.0	1.0	0.0	0.0
0.0	5.0	0.0	0.0	0.0	0.0
0.0	0.0	0.0	1.0	0.0	0.0
0.0	14.0	0.0	0.0	0.0	0.0
0.0	0.0	0.0	0.0	0.0	1.0
6.0	22.0	0.0	0.0	0.0	0.0
6.0	1.0	0.0	0.0	0.0	0.0
0.0	1.0	0.0	0.0	0.0	0.0
6.0	0.0	0.0	0.0	0.0	0.0
0.0	21.0	0.0	0.0	0.0	0.0
2.0	41.0	0.0	15.0	0.0	4.0
2.0	29.0	0.0	0.0	0.0	0.0
0.0	29.0	0.0	0.0	0.0	0.0
2.0	0.0	0.0	0.0	0.0	0.0
0.0	12.0	0.0	15.0	0.0	4.0
0.0	0.0	0.0	15.0	0.0	4.0
0.0	0.0	0.0	15.0	0.0	0.0
0.0	0.0	0.0	0.0	0.0	4.0
0.0	12.0	0.0	0.0	0.0	0.0
6.0	35.0	8.0	48.0	23.0	22.0
6.0	29.0	6.0	0.0	0.0	11.0
0.0	0.0	6.0	0.0	0.0	0.0
6.0	29.0	0.0	0.0	0.0	11.0
0.0	27.0	0.0	0.0	0.0	11.0
0.0	15.0	0.0	0.0	0.0	0.0
0.0	12.0	0.0	0.0	0.0	11.0
0.0	8.0	0.0	0.0	0.0	0.0
0.0	4.0	0.0	0.0	0.0	11.0
0.0	4.0	0.0	0.0	0.0	1.0
0.0	0.0	0.0	0.0	0.0	1.0
0.0	4.0	0.0	0.0	0.0	0.0
0.0	0.0	0.0	0.0	0.0	10.0
6.0	2.0	0.0	0.0	0.0	0.0
0.0	2.0	0.0	0.0	0.0	0.0
6.0	0.0	0.0	0.0	0.0	0.0
0.0	6.0	2.0	48.0	23.0	11.0
0.0	4.0	2.0	48.0	8.0	10.0
0.0	4.0	2.0	44.0	8.0	0.0
0.0	4.0	2.0	43.0	4.0	0.0
0.0	4.0	2.0	3.0	0.0	0.0
0.0	0.0	2.0	3.0	0.0	0.0
0.0	0.0	0.0	3.0	0.0	0.0
0.0	0.0	2.0	0.0	0.0	0.0
0.0	4.0	0.0	0.0	0.0	0.0
0.0	0.0	0.0	40.0	4.0	0.0
0.0	0.0	0.0	40.0	2.0	0.0
0.0	0.0	0.0	37.0	0.0	0.0
0.0	0.0	0.0	3.0	2.0	0.0
0.0	0.0	0.0	0.0	2.0	0.0
0.0	0.0	0.0	3.0	0.0	0.0
0.0	0.0	0.0	0.0	2.0	0.0
0.0	0.0	0.0	1.0	4.0	0.0
0.0	0.0	0.0	0.0	4.0	0.0
0.0	0.0	0.0	1.0	0.0	0.0
0.0	0.0	0.0	4.0	0.0	10.0
0.0	0.0	0.0	0.0	0.0	10.0
0.0	0.0	0.0	4.0	0.0	0.0
0.0	2.0	0.0	0.0	15.0	1.0
0.0	0.0	0.0	0.0	15.0	1.0
0.0	0.0	0.0	0.0	0.0	1.0
0.0	0.0	0.0	0.0	15.0	0.0
0.0	2.0	0.0	0.0	0.0	0.0
77.0	15.0	0.0	0.0	42.0	3.0
75.0	5.0	0.0	0.0	8.0	0.0
3.0	5.0	0.0	0.0	0.0	0.0
3.0	1.0	0.0	0.0	0.0	0.0
3.0	0.0	0.0	0.0	0.0	0.0
0.0	1.0	0.0	0.0	0.0	0.0
0.0	4.0	0.0	0.0	0.0	0.0
72.0	0.0	0.0	0.0	8.0	0.0
33.0	0.0	0.0	0.0	0.0	0.0
39.0	0.0	0.0	0.0	8.0	0.0
0.0	0.0	0.0	0.0	6.0	0.0
39.0	0.0	0.0	0.0	2.0	0.0
0.0	0.0	0.0	0.0	1.0	0.0
39.0	0.0	0.0	0.0	1.0	0.0
36.0	0.0	0.0	0.0	0.0	0.0
3.0	0.0	0.0	0.0	1.0	0.0
0.0	0.0	0.0	0.0	1.0	0.0
3.0	0.0	0.0	0.0	0.0	0.0
2.0	10.0	0.0	0.0	34.0	3.0
2.0	7.0	0.0	0.0	0.0	0.0
0.0	7.0	0.0	0.0	0.0	0.0
2.0	0.0	0.0	0.0	0.0	0.0
0.0	3.0	0.0	0.0	34.0	3.0
0.0	1.0	0.0	0.0	1.0	2.0
0.0	1.0	0.0	0.0	1.0	0.0
0.0	1.0	0.0	0.0	0.0	0.0
0.0	0.0	0.0	0.0	1.0	0.0
0.0	0.0	0.0	0.0	0.0	2.0
0.0	2.0	0.0	0.0	33.0	1.0
0.0	0.0	0.0	0.0	30.0	0.0
0.0	2.0	0.0	0.0	3.0	1.0
0.0	2.0	0.0	0.0	0.0	1.0
0.0	2.0	0.0	0.0	0.0	0.0
0.0	0.0	0.0	0.0	0.0	1.0
0.0	0.0	0.0	0.0	3.0	0.0
