# Sizes (NFeatures, Nclasses, NodeCount, MaxDepth)
10	6	175	14
# Classes
0.0	1.0	2.0	3.0	4.0	5.0
# Feature Names
Nrows	Ncols	Nnnz	AvgNnnz	Density	MaxRowNnnz	MinRowNnnz	StdRowNnnz	NDiags	NTrueDiags
# Left
1	2	3	4	5	6	7	8	9	10	11	-1	13	-1	15	16	-1	-1	-1	-1	-1	22	23	-1	-1	-1	-1	28	-1	-1	-1	32	-1	34	35	-1	-1	-1	39	-1	-1	42	43	-1	-1	-1	47	48	-1	50	51	52	-1	54	55	-1	57	-1	-1	60	61	62	63	-1	-1	-1	-1	-1	69	70	-1	-1	-1	74	75	76	-1	78	-1	-1	-1	-1	83	84	85	-1	87	88	89	90	91	92	-1	-1	-1	96	-1	-1	99	-1	101	-1	103	-1	105	-1	-1	108	-1	-1	111	112	113	114	-1	116	-1	118	-1	-1	121	-1	-1	124	-1	-1	-1	128	129	130	-1	132	-1	-1	135	136	137	-1	-1	140	141	-1	-1	-1	145	146	-1	-1	149	-1	-1	152	-1	154	-1	-1	157	158	159	160	-1	-1	-1	-1	165	166	-1	168	-1	-1	171	172	-1	-1	-1
# Right
46	41	38	31	30	27	26	21	20	19	12	-1	14	-1	18	17	-1	-1	-1	-1	-1	25	24	-1	-1	-1	-1	29	-1	-1	-1	33	-1	37	36	-1	-1	-1	40	-1	-1	45	44	-1	-1	-1	82	49	-1	73	68	53	-1	59	56	-1	58	-1	-1	67	66	65	64	-1	-1	-1	-1	-1	72	71	-1	-1	-1	81	80	77	-1	79	-1	-1	-1	-1	156	127	86	-1	110	107	98	95	94	93	-1	-1	-1	97	-1	-1	100	-1	102	-1	104	-1	106	-1	-1	109	-1	-1	126	123	120	115	-1	117	-1	119	-1	-1	122	-1	-1	125	-1	-1	-1	151	134	131	-1	133	-1	-1	144	139	138	-1	-1	143	142	-1	-1	-1	148	147	-1	-1	150	-1	-1	153	-1	155	-1	-1	164	163	162	161	-1	-1	-1	-1	170	167	-1	169	-1	-1	174	173	-1	-1	-1
# Threshold
0.5	2855.0	927.0	21.21755027770996	8351.5	130118.0	8127.5	3942.5	1159.0	1127.5	1942.0	-2.0	2278.5	-2.0	596.5	8076.5	-2.0	-2.0	-2.0	-2.0	-2.0	4682.0	0.5	-2.0	-2.0	-2.0	-2.0	33.5	-2.0	-2.0	-2.0	21.532050132751465	-2.0	43.63574981689453	38.65010070800781	-2.0	-2.0	-2.0	5.543375015258789	-2.0	-2.0	84804200.0	0.007481035136152059	-2.0	-2.0	-2.0	37797.5	3.0	-2.0	5056.0	2299.5	19837.5	-2.0	12.0	36650.5	-2.0	807.0	-2.0	-2.0	0.0019494749722070992	0.0014861450181342661	139.5	0.0013796600396744907	-2.0	-2.0	-2.0	-2.0	-2.0	80706.0	2785.0	-2.0	-2.0	-2.0	49.0	47954.5	222903.0	-2.0	21339.0	-2.0	-2.0	-2.0	-2.0	2761.5	15.788649559020996	24.0	-2.0	4835895.0	6.0	4.5	501575.5	6.5	0.5397684872150421	-2.0	-2.0	-2.0	1.3556999874708708e-05	-2.0	-2.0	76313.5	-2.0	91906.0	-2.0	144203.0	-2.0	6.9682652950286865	-2.0	-2.0	132158.0	-2.0	-2.0	12.5	49164600.0	4.5606600451719714e-06	3.0	-2.0	0.042684949934482574	-2.0	10121815.0	-2.0	-2.0	0.5	-2.0	-2.0	8.0	-2.0	-2.0	-2.0	144.5	4386.0	31.0	-2.0	57.49285125732422	-2.0	-2.0	547150.5	55049.0	0.0005454935017041862	-2.0	-2.0	6.0	11.014849662780762	-2.0	-2.0	-2.0	62.5	19.523000717163086	-2.0	-2.0	10818.0	-2.0	-2.0	176243.5	-2.0	11809750.0	-2.0	-2.0	4.0	20.852449893951416	527972.5	46803.5	-2.0	-2.0	-2.0	-2.0	78116.0	2.5	-2.0	4950.5	-2.0	-2.0	20.485599517822266	3919265.0	-2.0	-2.0	-2.0
# Feature
9	5	5	3	8	0	8	8	8	8	2	-2	2	-2	8	2	-2	-2	-2	-2	-2	8	6	-2	-2	-2	-2	5	-2	-2	-2	3	-2	3	3	-2	-2	-2	3	-2	-2	2	4	-2	-2	-2	0	8	-2	5	5	0	-2	9	1	-2	5	-2	-2	4	4	5	4	-2	-2	-2	-2	-2	2	5	-2	-2	-2	9	8	2	-2	8	-2	-2	-2	-2	5	3	8	-2	2	6	9	8	5	7	-2	-2	-2	4	-2	-2	8	-2	0	-2	0	-2	3	-2	-2	1	-2	-2	9	2	4	9	-2	7	-2	2	-2	-2	6	-2	-2	5	-2	-2	-2	5	8	5	-2	3	-2	-2	0	1	4	-2	-2	9	7	-2	-2	-2	5	3	-2	-2	8	-2	-2	1	-2	2	-2	-2	9	3	2	0	-2	-2	-2	-2	1	6	-2	5	-2	-2	7	2	-2	-2	-2
# Values
115.0	1091.0	42.0	80.0	56.0	295.0
33.0	15.0	0.0	2.0	6.0	251.0
8.0	15.0	0.0	2.0	0.0	251.0
1.0	15.0	0.0	2.0	0.0	236.0
1.0	8.0	0.0	2.0	0.0	214.0
1.0	8.0	0.0	2.0	0.0	113.0
1.0	8.0	0.0	0.0	0.0	112.0
1.0	7.0	0.0	0.0	0.0	112.0
0.0	3.0	0.0	0.0	0.0	95.0
0.0	3.0	0.0	0.0	0.0	43.0
0.0	2.0	0.0	0.0	0.0	43.0
0.0	0.0	0.0	0.0	0.0	23.0
0.0	2.0	0.0	0.0	0.0	20.0
0.0	1.0	0.0	0.0	0.0	0.0
0.0	1.0	0.0	0.0	0.0	20.0
0.0	1.0	0.0	0.0	0.0	2.0
0.0	1.0	0.0	0.0	0.0	0.0
0.0	0.0	0.0	0.0	0.0	2.0
0.0	0.0	0.0	0.0	0.0	18.0
0.0	1.0	0.0	0.0	0.0	0.0
0.0	0.0	0.0	0.0	0.0	52.0
1.0	4.0	0.0	0.0	0.0	17.0
1.0	4.0	0.0	0.0	0.0	0.0
1.0	0.0	0.0	0.0	0.0	0.0
0.0	4.0	0.0	0.0	0.0	0.0
0.0	0.0	0.0	0.0	0.0	17.0
0.0	1.0	0.0	0.0	0.0	0.0
0.0	0.0	0.0	2.0	0.0	1.0
0.0	0.0	0.0	2.0	0.0	0.0
0.0	0.0	0.0	0.0	0.0	1.0
0.0	0.0	0.0	0.0	0.0	101.0
0.0	7.0	0.0	0.0	0.0	22.0
0.0	5.0	0.0	0.0	0.0	1.0
0.0	2.0	0.0	0.0	0.0	21.0
0.0	2.0	0.0	0.0	0.0	8.0
0.0	0.0	0.0	0.0	0.0	8.0
0.0	2.0	0.0	0.0	0.0	0.0
0.0	0.0	0.0	0.0	0.0	13.0
7.0	0.0	0.0	0.0	0.0	15.0
7.0	0.0	0.0	0.0	0.0	0.0
0.0	0.0	0.0	0.0	0.0	15.0
25.0	0.0	0.0	0.0	6.0	0.0
25.0	0.0	0.0	0.0	1.0	0.0
25.0	0.0	0.0	0.0	0.0	0.0
0.0	0.0	0.0	0.0	1.0	0.0
0.0	0.0	0.0	0.0	5.0	0.0
82.0	1076.0	42.0	78.0	50.0	44.0
21.0	942.0	24.0	0.0	5.0	10.0
0.0	0.0	23.0	0.0	0.0	0.0
21.0	942.0	1.0	0.0	5.0	10.0
5.0	938.0	1.0	0.0	0.0	10.0
0.0	926.0	1.0	0.0	0.0	10.0
0.0	840.0	0.0	0.0	0.0	0.0
0.0	86.0	1.0	0.0	0.0	10.0
0.0	60.0	0.0	0.0	0.0	2.0
0.0	58.0	0.0	0.0	0.0	0.0
0.0	2.0	0.0	0.0	0.0	2.0
0.0	2.0	0.0	0.0	0.0	0.0
0.0	0.0	0.0	0.0	0.0	2.0
0.0	26.0	1.0	0.0	0.0	8.0
0.0	9.0	1.0	0.0	0.0	8.0
0.0	9.0	1.0	0.0	0.0	2.0
0.0	9.0	1.0	0.0	0.0	0.0
0.0	9.0	0.0	0.0	0.0	0.0
0.0	0.0	1.0	0.0	0.0	0.0
0.0	0.0	0.0	0.0	0.0	2.0
0.0	0.0	0.0	0.0	0.0	6.0
0.0	17.0	0.0	0.0	0.0	0.0
5.0	12.0	0.0	0.0	0.0	0.0
5.0	1.0	0.0	0.0	0.0	0.0
5.0	0.0	0.0	0.0	0.0	0.0
0.0	1.0	0.0	0.0	0.0	0.0
0.0	11.0	0.0	0.0	0.0	0.0
16.0	4.0	0.0	0.0	5.0	0.0
16.0	0.0	0.0	0.0	5.0	0.0
16.0	0.0	0.0	0.0	3.0	0.0
13.0	0.0	0.0	0.0	0.0	0.0
3.0	0.0	0.0	0.0	3.0	0.0
0.0	0.0	0.0	0.0	3.0	0.0
3.0	0.0	0.0	0.0	0.0	0.0
0.0	0.0	0.0	0.0	2.0	0.0
0.0	4.0	0.0	0.0	0.0	0.0
61.0	134.0	18.0	78.0	45.0	34.0
6.0	132.0	18.0	78.0	22.0	31.0
6.0	99.0	17.0	6.0	0.0	12.0
0.0	0.0	17.0	0.0	0.0	0.0
6.0	99.0	0.0	6.0	0.0	12.0
2.0	86.0	0.0	3.0	0.0	4.0
2.0	85.0	0.0	1.0	0.0	4.0
0.0	71.0	0.0	0.0	0.0	2.0
0.0	70.0	0.0	0.0	0.0	1.0
0.0	10.0	0.0	0.0	0.0	1.0
0.0	10.0	0.0	0.0	0.0	0.0
0.0	0.0	0.0	0.0	0.0	1.0
0.0	60.0	0.0	0.0	0.0	0.0
0.0	1.0	0.0	0.0	0.0	1.0
0.0	1.0	0.0	0.0	0.0	0.0
0.0	0.0	0.0	0.0	0.0	1.0
2.0	14.0	0.0	1.0	0.0	2.0
0.0	12.0	0.0	0.0	0.0	0.0
2.0	2.0	0.0	1.0	0.0	2.0
0.0	0.0	0.0	0.0	0.0	2.0
2.0	2.0	0.0	1.0	0.0	0.0
2.0	0.0	0.0	0.0	0.0	0.0
0.0	2.0	0.0	1.0	0.0	0.0
0.0	2.0	0.0	0.0	0.0	0.0
0.0	0.0	0.0	1.0	0.0	0.0
0.0	1.0	0.0	2.0	0.0	0.0
0.0	1.0	0.0	0.0	0.0	0.0
0.0	0.0	0.0	2.0	0.0	0.0
4.0	13.0	0.0	3.0	0.0	8.0
4.0	13.0	0.0	0.0	0.0	8.0
0.0	12.0	0.0	0.0	0.0	8.0
0.0	11.0	0.0	0.0	0.0	3.0
0.0	8.0	0.0	0.0	0.0	0.0
0.0	3.0	0.0	0.0	0.0	3.0
0.0	2.0	0.0	0.0	0.0	0.0
0.0	1.0	0.0	0.0	0.0	3.0
0.0	1.0	0.0	0.0	0.0	0.0
0.0	0.0	0.0	0.0	0.0	3.0
0.0	1.0	0.0	0.0	0.0	5.0
0.0	1.0	0.0	0.0	0.0	0.0
0.0	0.0	0.0	0.0	0.0	5.0
4.0	1.0	0.0	0.0	0.0	0.0
0.0	1.0	0.0	0.0	0.0	0.0
4.0	0.0	0.0	0.0	0.0	0.0
0.0	0.0	0.0	3.0	0.0	0.0
0.0	33.0	1.0	72.0	22.0	19.0
0.0	3.0	1.0	72.0	6.0	16.0
0.0	0.0	1.0	3.0	0.0	15.0
0.0	0.0	0.0	3.0	0.0	0.0
0.0	0.0	1.0	0.0	0.0	15.0
0.0	0.0	0.0	0.0	0.0	15.0
0.0	0.0	1.0	0.0	0.0	0.0
0.0	3.0	0.0	69.0	6.0	1.0
0.0	3.0	0.0	57.0	0.0	1.0
0.0	1.0	0.0	0.0	0.0	1.0
0.0	0.0	0.0	0.0	0.0	1.0
0.0	1.0	0.0	0.0	0.0	0.0
0.0	2.0	0.0	57.0	0.0	0.0
0.0	2.0	0.0	7.0	0.0	0.0
0.0	0.0	0.0	7.0	0.0	0.0
0.0	2.0	0.0	0.0	0.0	0.0
0.0	0.0	0.0	50.0	0.0	0.0
0.0	0.0	0.0	12.0	6.0	0.0
0.0	0.0	0.0	11.0	1.0	0.0
0.0	0.0	0.0	0.0	1.0	0.0
0.0	0.0	0.0	11.0	0.0	0.0
0.0	0.0	0.0	1.0	5.0	0.0
0.0	0.0	0.0	1.0	0.0	0.0
0.0	0.0	0.0	0.0	5.0	0.0
0.0	30.0	0.0	0.0	16.0	3.0
0.0	30.0	0.0	0.0	0.0	0.0
0.0	0.0	0.0	0.0	16.0	3.0
0.0	0.0	0.0	0.0	0.0	3.0
0.0	0.0	0.0	0.0	16.0	0.0
55.0	2.0	0.0	0.0	23.0	3.0
48.0	1.0	0.0	0.0	2.0	0.0
48.0	0.0	0.0	0.0	2.0	0.0
4.0	0.0	0.0	0.0	2.0	0.0
4.0	0.0	0.0	0.0	0.0	0.0
0.0	0.0	0.0	0.0	2.0	0.0
44.0	0.0	0.0	0.0	0.0	0.0
0.0	1.0	0.0	0.0	0.0	0.0
7.0	1.0	0.0	0.0	21.0	3.0
7.0	1.0	0.0	0.0	2.0	0.0
7.0	0.0	0.0	0.0	0.0	0.0
0.0	1.0	0.0	0.0	2.0	0.0
0.0	1.0	0.0	0.0	0.0	0.0
0.0	0.0	0.0	0.0	2.0	0.0
0.0	0.0	0.0	0.0	19.0	3.0
0.0	0.0	0.0	0.0	1.0	3.0
0.0	0.0	0.0	0.0	1.0	0.0
0.0	0.0	0.0	0.0	0.0	3.0
0.0	0.0	0.0	0.0	18.0	0.0
