# Sizes (NFeatures, Nclasses, NodeCount, MaxDepth)
10	6	195	15
# Classes
0.0	1.0	2.0	3.0	4.0	5.0
# Feature Names
Nrows	Ncols	Nnnz	AvgNnnz	Density	MaxRowNnnz	MinRowNnnz	StdRowNnnz	NDiags	NTrueDiags
# Left
1	2	3	4	-1	6	7	8	9	10	11	12	-1	-1	-1	16	-1	-1	-1	20	21	22	-1	-1	-1	-1	27	-1	-1	30	-1	-1	33	-1	-1	36	37	38	39	-1	-1	-1	-1	-1	45	46	-1	48	49	50	-1	52	53	54	55	-1	57	-1	-1	-1	61	-1	-1	64	65	-1	-1	-1	69	-1	71	-1	73	74	-1	-1	-1	78	79	-1	81	-1	-1	84	-1	-1	87	88	89	-1	91	92	-1	94	-1	-1	97	98	99	-1	-1	102	103	-1	-1	106	-1	108	-1	-1	111	112	-1	114	115	116	-1	118	119	120	-1	-1	-1	-1	-1	-1	-1	128	129	130	-1	132	133	134	-1	-1	-1	138	-1	140	-1	142	143	144	-1	-1	-1	-1	149	-1	151	-1	-1	154	155	-1	157	-1	159	-1	-1	162	163	164	165	166	-1	-1	-1	-1	-1	-1	173	174	175	-1	177	-1	-1	180	-1	-1	183	-1	185	186	-1	-1	189	-1	191	192	-1	-1	-1
# Right
44	35	32	5	-1	29	26	19	18	15	14	13	-1	-1	-1	17	-1	-1	-1	25	24	23	-1	-1	-1	-1	28	-1	-1	31	-1	-1	34	-1	-1	43	42	41	40	-1	-1	-1	-1	-1	86	47	-1	77	68	51	-1	63	60	59	56	-1	58	-1	-1	-1	62	-1	-1	67	66	-1	-1	-1	70	-1	72	-1	76	75	-1	-1	-1	83	80	-1	82	-1	-1	85	-1	-1	172	127	90	-1	96	93	-1	95	-1	-1	110	101	100	-1	-1	105	104	-1	-1	107	-1	109	-1	-1	126	113	-1	125	124	117	-1	123	122	121	-1	-1	-1	-1	-1	-1	-1	153	148	131	-1	137	136	135	-1	-1	-1	139	-1	141	-1	147	146	145	-1	-1	-1	-1	150	-1	152	-1	-1	161	156	-1	158	-1	160	-1	-1	171	170	169	168	167	-1	-1	-1	-1	-1	-1	182	179	176	-1	178	-1	-1	181	-1	-1	184	-1	188	187	-1	-1	190	-1	194	193	-1	-1	-1
# Threshold
0.5	2283.5	1074.0	1.0536815226078033	-2.0	10719.0	1456680.0	22.01884937286377	10368.5	4156.5	12.5	2.951835036277771	-2.0	-2.0	-2.0	4682.0	-2.0	-2.0	-2.0	29.74095058441162	7418.5	0.0039117899723351	-2.0	-2.0	-2.0	-2.0	655362.0	-2.0	-2.0	1.816605031490326	-2.0	-2.0	5.857725143432617	-2.0	-2.0	8.5	208226504.0	32.5080509185791	25187850.0	-2.0	-2.0	-2.0	-2.0	-2.0	37428.0	1.5	-2.0	5117.5	1594.5	5.5	-2.0	731871.0	479776.0	1.5	1220.0	-2.0	4796.0	-2.0	-2.0	-2.0	490200.0	-2.0	-2.0	45.685699462890625	5.0	-2.0	-2.0	-2.0	8.880040168762207	-2.0	2733.0	-2.0	387831.5	3057.0	-2.0	-2.0	-2.0	28393.0	221695.0	-2.0	14398.0	-2.0	-2.0	261.77850341796875	-2.0	-2.0	2789.5	14.145150184631348	24.0	-2.0	722338.0	1206.5	-2.0	0.0001575205023982562	-2.0	-2.0	2.5	2.1723300218582153	0.44652849435806274	-2.0	-2.0	3906.5	2072.0	-2.0	-2.0	20994500.0	-2.0	3756050.0	-2.0	-2.0	42.0	3.5	-2.0	16.0	13.432000160217285	0.5	-2.0	411974.0	9.492050170898438	8.707970142364502	-2.0	-2.0	-2.0	-2.0	-2.0	-2.0	-2.0	99.5	41.0	1045385.0	-2.0	15.788649559020996	29.5	1.916800081729889	-2.0	-2.0	-2.0	39289.0	-2.0	43741000.0	-2.0	82.5	59.695098876953125	2853580.0	-2.0	-2.0	-2.0	-2.0	57.49285125732422	-2.0	68.14680099487305	-2.0	-2.0	137235.0	10.118919849395752	-2.0	117404.5	-2.0	16.5	-2.0	-2.0	197.72350311279297	11846600.0	0.00033999449806287885	54.80830001831055	222640.0	-2.0	-2.0	-2.0	-2.0	-2.0	-2.0	17.604750156402588	2.5	10.962950229644775	-2.0	11.724400043487549	-2.0	-2.0	779226.0	-2.0	-2.0	4.0	-2.0	21.08209991455078	11.0	-2.0	-2.0	9952.5	-2.0	39783.0	57934300.0	-2.0	-2.0	-2.0
# Feature
9	5	5	3	-2	8	2	7	8	8	5	7	-2	-2	-2	8	-2	-2	-2	7	0	4	-2	-2	-2	-2	0	-2	-2	3	-2	-2	3	-2	-2	6	2	7	2	-2	-2	-2	-2	-2	1	8	-2	5	5	1	-2	2	2	9	5	-2	0	-2	-2	-2	2	-2	-2	3	6	-2	-2	-2	3	-2	5	-2	2	0	-2	-2	-2	8	2	-2	8	-2	-2	7	-2	-2	5	3	8	-2	2	5	-2	4	-2	-2	9	3	7	-2	-2	8	8	-2	-2	2	-2	0	-2	-2	5	5	-2	9	3	6	-2	8	3	3	-2	-2	-2	-2	-2	-2	-2	5	9	2	-2	3	5	7	-2	-2	-2	0	-2	2	-2	5	3	1	-2	-2	-2	-2	3	-2	3	-2	-2	0	7	-2	1	-2	6	-2	-2	7	2	4	3	1	-2	-2	-2	-2	-2	-2	3	6	3	-2	3	-2	-2	2	-2	-2	9	-2	7	6	-2	-2	5	-2	5	2	-2	-2	-2
# Values
125.0	1093.0	39.0	68.0	47.0	307.0
27.0	11.0	0.0	4.0	3.0	255.0
7.0	11.0	0.0	4.0	0.0	255.0
2.0	11.0	0.0	4.0	0.0	245.0
1.0	0.0	0.0	0.0	0.0	0.0
1.0	11.0	0.0	4.0	0.0	245.0
0.0	11.0	0.0	4.0	0.0	136.0
0.0	11.0	0.0	0.0	0.0	135.0
0.0	6.0	0.0	0.0	0.0	128.0
0.0	5.0	0.0	0.0	0.0	128.0
0.0	1.0	0.0	0.0	0.0	104.0
0.0	1.0	0.0	0.0	0.0	17.0
0.0	0.0	0.0	0.0	0.0	17.0
0.0	1.0	0.0	0.0	0.0	0.0
0.0	0.0	0.0	0.0	0.0	87.0
0.0	4.0	0.0	0.0	0.0	24.0
0.0	4.0	0.0	0.0	0.0	0.0
0.0	0.0	0.0	0.0	0.0	24.0
0.0	1.0	0.0	0.0	0.0	0.0
0.0	5.0	0.0	0.0	0.0	7.0
0.0	5.0	0.0	0.0	0.0	2.0
0.0	3.0	0.0	0.0	0.0	2.0
0.0	2.0	0.0	0.0	0.0	1.0
0.0	1.0	0.0	0.0	0.0	1.0
0.0	2.0	0.0	0.0	0.0	0.0
0.0	0.0	0.0	0.0	0.0	5.0
0.0	0.0	0.0	4.0	0.0	1.0
0.0	0.0	0.0	4.0	0.0	0.0
0.0	0.0	0.0	0.0	0.0	1.0
1.0	0.0	0.0	0.0	0.0	109.0
1.0	0.0	0.0	0.0	0.0	0.0
0.0	0.0	0.0	0.0	0.0	109.0
5.0	0.0	0.0	0.0	0.0	10.0
5.0	0.0	0.0	0.0	0.0	0.0
0.0	0.0	0.0	0.0	0.0	10.0
20.0	0.0	0.0	0.0	3.0	0.0
20.0	0.0	0.0	0.0	2.0	0.0
20.0	0.0	0.0	0.0	1.0	0.0
4.0	0.0	0.0	0.0	1.0	0.0
4.0	0.0	0.0	0.0	0.0	0.0
0.0	0.0	0.0	0.0	1.0	0.0
16.0	0.0	0.0	0.0	0.0	0.0
0.0	0.0	0.0	0.0	1.0	0.0
0.0	0.0	0.0	0.0	1.0	0.0
98.0	1082.0	39.0	64.0	44.0	52.0
31.0	944.0	24.0	0.0	2.0	4.0
0.0	0.0	23.0	0.0	0.0	0.0
31.0	944.0	1.0	0.0	2.0	4.0
11.0	940.0	1.0	0.0	0.0	4.0
2.0	908.0	1.0	0.0	0.0	4.0
1.0	0.0	0.0	0.0	0.0	0.0
1.0	908.0	1.0	0.0	0.0	4.0
1.0	868.0	1.0	0.0	0.0	0.0
1.0	851.0	0.0	0.0	0.0	0.0
1.0	52.0	0.0	0.0	0.0	0.0
0.0	50.0	0.0	0.0	0.0	0.0
1.0	2.0	0.0	0.0	0.0	0.0
1.0	0.0	0.0	0.0	0.0	0.0
0.0	2.0	0.0	0.0	0.0	0.0
0.0	799.0	0.0	0.0	0.0	0.0
0.0	17.0	1.0	0.0	0.0	0.0
0.0	0.0	1.0	0.0	0.0	0.0
0.0	17.0	0.0	0.0	0.0	0.0
0.0	40.0	0.0	0.0	0.0	4.0
0.0	2.0	0.0	0.0	0.0	4.0
0.0	2.0	0.0	0.0	0.0	0.0
0.0	0.0	0.0	0.0	0.0	4.0
0.0	38.0	0.0	0.0	0.0	0.0
9.0	32.0	0.0	0.0	0.0	0.0
6.0	0.0	0.0	0.0	0.0	0.0
3.0	32.0	0.0	0.0	0.0	0.0
0.0	22.0	0.0	0.0	0.0	0.0
3.0	10.0	0.0	0.0	0.0	0.0
3.0	2.0	0.0	0.0	0.0	0.0
0.0	2.0	0.0	0.0	0.0	0.0
3.0	0.0	0.0	0.0	0.0	0.0
0.0	8.0	0.0	0.0	0.0	0.0
20.0	4.0	0.0	0.0	2.0	0.0
20.0	0.0	0.0	0.0	1.0	0.0
18.0	0.0	0.0	0.0	0.0	0.0
2.0	0.0	0.0	0.0	1.0	0.0
0.0	0.0	0.0	0.0	1.0	0.0
2.0	0.0	0.0	0.0	0.0	0.0
0.0	4.0	0.0	0.0	1.0	0.0
0.0	0.0	0.0	0.0	1.0	0.0
0.0	4.0	0.0	0.0	0.0	0.0
67.0	138.0	15.0	64.0	42.0	48.0
5.0	130.0	15.0	64.0	22.0	46.0
5.0	98.0	12.0	4.0	0.0	25.0
0.0	0.0	12.0	0.0	0.0	0.0
5.0	98.0	0.0	4.0	0.0	25.0
2.0	45.0	0.0	0.0	0.0	0.0
0.0	41.0	0.0	0.0	0.0	0.0
2.0	4.0	0.0	0.0	0.0	0.0
2.0	0.0	0.0	0.0	0.0	0.0
0.0	4.0	0.0	0.0	0.0	0.0
3.0	53.0	0.0	4.0	0.0	25.0
3.0	36.0	0.0	0.0	0.0	3.0
3.0	2.0	0.0	0.0	0.0	0.0
0.0	2.0	0.0	0.0	0.0	0.0
3.0	0.0	0.0	0.0	0.0	0.0
0.0	34.0	0.0	0.0	0.0	3.0
0.0	1.0	0.0	0.0	0.0	2.0
0.0	1.0	0.0	0.0	0.0	0.0
0.0	0.0	0.0	0.0	0.0	2.0
0.0	33.0	0.0	0.0	0.0	1.0
0.0	25.0	0.0	0.0	0.0	0.0
0.0	8.0	0.0	0.0	0.0	1.0
0.0	0.0	0.0	0.0	0.0	1.0
0.0	8.0	0.0	0.0	0.0	0.0
0.0	17.0	0.0	4.0	0.0	22.0
0.0	8.0	0.0	4.0	0.0	22.0
0.0	5.0	0.0	0.0	0.0	0.0
0.0	3.0	0.0	4.0	0.0	22.0
0.0	3.0	0.0	2.0	0.0	22.0
0.0	3.0	0.0	1.0	0.0	22.0
0.0	1.0	0.0	0.0	0.0	0.0
0.0	2.0	0.0	1.0	0.0	22.0
0.0	2.0	0.0	1.0	0.0	7.0
0.0	2.0	0.0	1.0	0.0	0.0
0.0	2.0	0.0	0.0	0.0	0.0
0.0	0.0	0.0	1.0	0.0	0.0
0.0	0.0	0.0	0.0	0.0	7.0
0.0	0.0	0.0	0.0	0.0	15.0
0.0	0.0	0.0	1.0	0.0	0.0
0.0	0.0	0.0	2.0	0.0	0.0
0.0	9.0	0.0	0.0	0.0	0.0
0.0	32.0	3.0	60.0	22.0	21.0
0.0	5.0	3.0	57.0	2.0	14.0
0.0	5.0	1.0	53.0	2.0	4.0
0.0	0.0	0.0	0.0	0.0	4.0
0.0	5.0	1.0	53.0	2.0	0.0
0.0	4.0	1.0	4.0	0.0	0.0
0.0	0.0	1.0	4.0	0.0	0.0
0.0	0.0	1.0	0.0	0.0	0.0
0.0	0.0	0.0	4.0	0.0	0.0
0.0	4.0	0.0	0.0	0.0	0.0
0.0	1.0	0.0	49.0	2.0	0.0
0.0	1.0	0.0	0.0	0.0	0.0
0.0	0.0	0.0	49.0	2.0	0.0
0.0	0.0	0.0	41.0	0.0	0.0
0.0	0.0	0.0	8.0	2.0	0.0
0.0	0.0	0.0	8.0	1.0	0.0
0.0	0.0	0.0	2.0	1.0	0.0
0.0	0.0	0.0	0.0	1.0	0.0
0.0	0.0	0.0	2.0	0.0	0.0
0.0	0.0	0.0	6.0	0.0	0.0
0.0	0.0	0.0	0.0	1.0	0.0
0.0	0.0	2.0	4.0	0.0	10.0
0.0	0.0	0.0	0.0	0.0	10.0
0.0	0.0	2.0	4.0	0.0	0.0
0.0	0.0	2.0	0.0	0.0	0.0
0.0	0.0	0.0	4.0	0.0	0.0
0.0	27.0	0.0	3.0	20.0	7.0
0.0	25.0	0.0	1.0	0.0	4.0
0.0	0.0	0.0	0.0	0.0	4.0
0.0	25.0	0.0	1.0	0.0	0.0
0.0	24.0	0.0	0.0	0.0	0.0
0.0	1.0	0.0	1.0	0.0	0.0
0.0	1.0	0.0	0.0	0.0	0.0
0.0	0.0	0.0	1.0	0.0	0.0
0.0	2.0	0.0	2.0	20.0	3.0
0.0	0.0	0.0	2.0	20.0	3.0
0.0	0.0	0.0	2.0	5.0	3.0
0.0	0.0	0.0	2.0	1.0	3.0
0.0	0.0	0.0	0.0	1.0	3.0
0.0	0.0	0.0	0.0	0.0	3.0
0.0	0.0	0.0	0.0	1.0	0.0
0.0	0.0	0.0	2.0	0.0	0.0
0.0	0.0	0.0	0.0	4.0	0.0
0.0	0.0	0.0	0.0	15.0	0.0
0.0	2.0	0.0	0.0	0.0	0.0
62.0	8.0	0.0	0.0	20.0	2.0
61.0	0.0	0.0	0.0	2.0	0.0
59.0	0.0	0.0	0.0	1.0	0.0
56.0	0.0	0.0	0.0	0.0	0.0
3.0	0.0	0.0	0.0	1.0	0.0
0.0	0.0	0.0	0.0	1.0	0.0
3.0	0.0	0.0	0.0	0.0	0.0
2.0	0.0	0.0	0.0	1.0	0.0
0.0	0.0	0.0	0.0	1.0	0.0
2.0	0.0	0.0	0.0	0.0	0.0
1.0	8.0	0.0	0.0	18.0	2.0
0.0	4.0	0.0	0.0	0.0	0.0
1.0	4.0	0.0	0.0	18.0	2.0
0.0	2.0	0.0	0.0	0.0	2.0
0.0	0.0	0.0	0.0	0.0	2.0
0.0	2.0	0.0	0.0	0.0	0.0
1.0	2.0	0.0	0.0	18.0	0.0
0.0	0.0	0.0	0.0	15.0	0.0
1.0	2.0	0.0	0.0	3.0	0.0
1.0	2.0	0.0	0.0	0.0	0.0
1.0	0.0	0.0	0.0	0.0	0.0
0.0	2.0	0.0	0.0	0.0	0.0
0.0	0.0	0.0	0.0	3.0	0.0
