# Sizes (NFeatures, Nclasses, NodeCount, MaxDepth)
10	6	183	10
# Classes
0.0	1.0	2.0	3.0	4.0	5.0
# Feature Names
Nrows	Ncols	Nnnz	AvgNnnz	Density	MaxRowNnnz	MinRowNnnz	StdRowNnnz	NDiags	NTrueDiags
# Left
1	2	3	4	5	6	7	-1	9	-1	-1	12	13	14	-1	-1	-1	18	-1	-1	21	-1	23	24	-1	26	-1	-1	-1	30	31	32	-1	34	-1	-1	-1	-1	39	-1	41	-1	43	-1	-1	46	47	48	-1	-1	-1	-1	53	54	55	56	-1	-1	59	60	61	-1	-1	64	-1	66	-1	68	-1	70	-1	-1	73	74	-1	-1	77	78	-1	80	-1	-1	83	84	-1	-1	-1	88	89	90	91	-1	93	-1	-1	96	-1	-1	99	-1	101	-1	-1	104	-1	106	-1	108	109	110	-1	-1	-1	-1	115	116	117	118	119	120	121	-1	-1	-1	125	-1	-1	128	129	130	-1	-1	-1	134	135	-1	-1	138	-1	-1	-1	-1	143	144	145	146	-1	-1	149	-1	-1	152	153	154	155	156	-1	-1	-1	-1	161	-1	-1	164	-1	-1	167	168	-1	-1	171	172	173	174	-1	-1	-1	178	-1	180	-1	-1	-1
# Right
52	45	38	29	20	11	8	-1	10	-1	-1	17	16	15	-1	-1	-1	19	-1	-1	22	-1	28	25	-1	27	-1	-1	-1	37	36	33	-1	35	-1	-1	-1	-1	40	-1	42	-1	44	-1	-1	51	50	49	-1	-1	-1	-1	114	87	58	57	-1	-1	72	63	62	-1	-1	65	-1	67	-1	69	-1	71	-1	-1	76	75	-1	-1	82	79	-1	81	-1	-1	86	85	-1	-1	-1	103	98	95	92	-1	94	-1	-1	97	-1	-1	100	-1	102	-1	-1	105	-1	107	-1	113	112	111	-1	-1	-1	-1	142	141	140	127	124	123	122	-1	-1	-1	126	-1	-1	133	132	131	-1	-1	-1	137	136	-1	-1	139	-1	-1	-1	-1	166	151	148	147	-1	-1	150	-1	-1	163	160	159	158	157	-1	-1	-1	-1	162	-1	-1	165	-1	-1	170	169	-1	-1	182	177	176	175	-1	-1	-1	179	-1	181	-1	-1	-1
# Threshold
0.5	2855.0	75.5	10.431119918823242	1369615.0	10.5	2.0112199187278748	-2.0	1435.5	-2.0	-2.0	7.9384002685546875	426.5	22.0	-2.0	-2.0	-2.0	0.004863595007918775	-2.0	-2.0	230478.5	-2.0	3.720294952392578	39494850.0	-2.0	0.51927050948143	-2.0	-2.0	-2.0	26.192099571228027	0.00540556013584137	24.357199668884277	-2.0	20.74020004272461	-2.0	-2.0	-2.0	-2.0	1.623075008392334	-2.0	1084.5	-2.0	11867.5	-2.0	-2.0	0.004190314619336277	32.5080509185791	26.80900001525879	-2.0	-2.0	-2.0	-2.0	60006.0	1884.0	3.5	1.5	-2.0	-2.0	872804.5	0.00012697400234173983	4.494999885559082	-2.0	-2.0	4349.5	-2.0	4381.5	-2.0	12.0	-2.0	8.0	-2.0	-2.0	6.122655153274536	30.0	-2.0	-2.0	49.444950103759766	1085930.0	-2.0	0.0007841170008759946	-2.0	-2.0	0.0016435100114904344	12541.0	-2.0	-2.0	-2.0	0.000889330985955894	47954.5	579256.5	12.267450332641602	-2.0	40909.0	-2.0	-2.0	25.0	-2.0	-2.0	50852.0	-2.0	6130.5	-2.0	-2.0	38781.5	-2.0	8.90383005142212	-2.0	16998.0	5704.0	73169.0	-2.0	-2.0	-2.0	-2.0	10.802599906921387	2745.0	6.5	501575.5	1729.5	1.5	3.2144749638973735e-05	-2.0	-2.0	-2.0	15.412799835205078	-2.0	-2.0	2.5	2.5706499814987183	20525700.0	-2.0	-2.0	-2.0	8.2344149632263e-07	4.499210000038147	-2.0	-2.0	6.987634897232056	-2.0	-2.0	-2.0	-2.0	144.5	6051.5	2.838634967803955	2751940.0	-2.0	-2.0	60.0	-2.0	-2.0	639727.0	6.5	236960.5	15.23134994506836	111392.5	-2.0	-2.0	-2.0	-2.0	19.526350021362305	-2.0	-2.0	2.5	-2.0	-2.0	113030.5	23218.5	-2.0	-2.0	0.00040204249671660364	20.485599517822266	9.5	14.483950138092041	-2.0	-2.0	-2.0	4.0	-2.0	90.44620132446289	-2.0	-2.0	-2.0
# Feature
9	5	5	7	2	5	7	-2	1	-2	-2	7	0	5	-2	-2	-2	4	-2	-2	1	-2	7	1	-2	7	-2	-2	-2	7	4	7	-2	3	-2	-2	-2	-2	3	-2	5	-2	8	-2	-2	4	7	7	-2	-2	-2	-2	0	5	8	8	-2	-2	2	4	3	-2	-2	8	-2	8	-2	6	-2	9	-2	-2	7	5	-2	-2	3	2	-2	4	-2	-2	4	8	-2	-2	-2	4	8	2	3	-2	8	-2	-2	9	-2	-2	8	-2	5	-2	-2	2	-2	3	-2	5	8	2	-2	-2	-2	-2	3	5	9	8	5	9	4	-2	-2	-2	7	-2	-2	9	3	2	-2	-2	-2	4	3	-2	-2	3	-2	-2	-2	-2	5	8	7	2	-2	-2	9	-2	-2	8	9	0	3	1	-2	-2	-2	-2	7	-2	-2	6	-2	-2	0	5	-2	-2	4	7	6	7	-2	-2	-2	9	-2	3	-2	-2	-2
# Values
107.0	1158.0	27.0	66.0	44.0	277.0
22.0	15.0	0.0	4.0	6.0	232.0
3.0	15.0	0.0	4.0	1.0	232.0
1.0	15.0	0.0	4.0	1.0	131.0
1.0	7.0	0.0	4.0	1.0	122.0
0.0	7.0	0.0	0.0	0.0	110.0
0.0	5.0	0.0	0.0	0.0	22.0
0.0	0.0	0.0	0.0	0.0	21.0
0.0	5.0	0.0	0.0	0.0	1.0
0.0	0.0	0.0	0.0	0.0	1.0
0.0	5.0	0.0	0.0	0.0	0.0
0.0	2.0	0.0	0.0	0.0	88.0
0.0	1.0	0.0	0.0	0.0	85.0
0.0	1.0	0.0	0.0	0.0	6.0
0.0	0.0	0.0	0.0	0.0	6.0
0.0	1.0	0.0	0.0	0.0	0.0
0.0	0.0	0.0	0.0	0.0	79.0
0.0	1.0	0.0	0.0	0.0	3.0
0.0	1.0	0.0	0.0	0.0	0.0
0.0	0.0	0.0	0.0	0.0	3.0
1.0	0.0	0.0	4.0	1.0	12.0
0.0	0.0	0.0	4.0	0.0	0.0
1.0	0.0	0.0	0.0	1.0	12.0
1.0	0.0	0.0	0.0	0.0	12.0
0.0	0.0	0.0	0.0	0.0	10.0
1.0	0.0	0.0	0.0	0.0	2.0
0.0	0.0	0.0	0.0	0.0	2.0
1.0	0.0	0.0	0.0	0.0	0.0
0.0	0.0	0.0	0.0	1.0	0.0
0.0	8.0	0.0	0.0	0.0	9.0
0.0	8.0	0.0	0.0	0.0	4.0
0.0	8.0	0.0	0.0	0.0	2.0
0.0	4.0	0.0	0.0	0.0	0.0
0.0	4.0	0.0	0.0	0.0	2.0
0.0	3.0	0.0	0.0	0.0	2.0
0.0	1.0	0.0	0.0	0.0	0.0
0.0	0.0	0.0	0.0	0.0	2.0
0.0	0.0	0.0	0.0	0.0	5.0
2.0	0.0	0.0	0.0	0.0	101.0
1.0	0.0	0.0	0.0	0.0	0.0
1.0	0.0	0.0	0.0	0.0	101.0
0.0	0.0	0.0	0.0	0.0	90.0
1.0	0.0	0.0	0.0	0.0	11.0
1.0	0.0	0.0	0.0	0.0	0.0
0.0	0.0	0.0	0.0	0.0	11.0
19.0	0.0	0.0	0.0	5.0	0.0
19.0	0.0	0.0	0.0	1.0	0.0
1.0	0.0	0.0	0.0	1.0	0.0
1.0	0.0	0.0	0.0	0.0	0.0
0.0	0.0	0.0	0.0	1.0	0.0
18.0	0.0	0.0	0.0	0.0	0.0
0.0	0.0	0.0	0.0	4.0	0.0
85.0	1143.0	27.0	62.0	38.0	45.0
42.0	1054.0	21.0	3.0	4.0	16.0
3.0	1019.0	21.0	3.0	0.0	16.0
1.0	0.0	20.0	0.0	0.0	0.0
0.0	0.0	20.0	0.0	0.0	0.0
1.0	0.0	0.0	0.0	0.0	0.0
2.0	1019.0	1.0	3.0	0.0	16.0
2.0	954.0	1.0	0.0	0.0	1.0
0.0	9.0	1.0	0.0	0.0	0.0
0.0	9.0	0.0	0.0	0.0	0.0
0.0	0.0	1.0	0.0	0.0	0.0
2.0	945.0	0.0	0.0	0.0	1.0
0.0	850.0	0.0	0.0	0.0	0.0
2.0	95.0	0.0	0.0	0.0	1.0
2.0	0.0	0.0	0.0	0.0	0.0
0.0	95.0	0.0	0.0	0.0	1.0
0.0	91.0	0.0	0.0	0.0	0.0
0.0	4.0	0.0	0.0	0.0	1.0
0.0	4.0	0.0	0.0	0.0	0.0
0.0	0.0	0.0	0.0	0.0	1.0
0.0	65.0	0.0	3.0	0.0	15.0
0.0	0.0	0.0	2.0	0.0	8.0
0.0	0.0	0.0	2.0	0.0	0.0
0.0	0.0	0.0	0.0	0.0	8.0
0.0	65.0	0.0	1.0	0.0	7.0
0.0	12.0	0.0	0.0	0.0	7.0
0.0	9.0	0.0	0.0	0.0	0.0
0.0	3.0	0.0	0.0	0.0	7.0
0.0	3.0	0.0	0.0	0.0	0.0
0.0	0.0	0.0	0.0	0.0	7.0
0.0	53.0	0.0	1.0	0.0	0.0
0.0	5.0	0.0	1.0	0.0	0.0
0.0	0.0	0.0	1.0	0.0	0.0
0.0	5.0	0.0	0.0	0.0	0.0
0.0	48.0	0.0	0.0	0.0	0.0
39.0	35.0	0.0	0.0	4.0	0.0
30.0	4.0	0.0	0.0	4.0	0.0
29.0	2.0	0.0	0.0	1.0	0.0
29.0	1.0	0.0	0.0	0.0	0.0
26.0	0.0	0.0	0.0	0.0	0.0
3.0	1.0	0.0	0.0	0.0	0.0
0.0	1.0	0.0	0.0	0.0	0.0
3.0	0.0	0.0	0.0	0.0	0.0
0.0	1.0	0.0	0.0	1.0	0.0
0.0	0.0	0.0	0.0	1.0	0.0
0.0	1.0	0.0	0.0	0.0	0.0
1.0	2.0	0.0	0.0	3.0	0.0
0.0	0.0	0.0	0.0	3.0	0.0
1.0	2.0	0.0	0.0	0.0	0.0
0.0	2.0	0.0	0.0	0.0	0.0
1.0	0.0	0.0	0.0	0.0	0.0
9.0	31.0	0.0	0.0	0.0	0.0
6.0	0.0	0.0	0.0	0.0	0.0
3.0	31.0	0.0	0.0	0.0	0.0
1.0	0.0	0.0	0.0	0.0	0.0
2.0	31.0	0.0	0.0	0.0	0.0
1.0	31.0	0.0	0.0	0.0	0.0
1.0	3.0	0.0	0.0	0.0	0.0
0.0	3.0	0.0	0.0	0.0	0.0
1.0	0.0	0.0	0.0	0.0	0.0
0.0	28.0	0.0	0.0	0.0	0.0
1.0	0.0	0.0	0.0	0.0	0.0
43.0	89.0	6.0	59.0	34.0	29.0
41.0	59.0	5.0	0.0	0.0	8.0
6.0	59.0	5.0	0.0	0.0	8.0
6.0	59.0	0.0	0.0	0.0	8.0
1.0	48.0	0.0	0.0	0.0	1.0
0.0	45.0	0.0	0.0	0.0	1.0
0.0	5.0	0.0	0.0	0.0	1.0
0.0	0.0	0.0	0.0	0.0	1.0
0.0	5.0	0.0	0.0	0.0	0.0
0.0	40.0	0.0	0.0	0.0	0.0
1.0	3.0	0.0	0.0	0.0	0.0
1.0	0.0	0.0	0.0	0.0	0.0
0.0	3.0	0.0	0.0	0.0	0.0
5.0	11.0	0.0	0.0	0.0	7.0
4.0	9.0	0.0	0.0	0.0	0.0
4.0	1.0	0.0	0.0	0.0	0.0
0.0	1.0	0.0	0.0	0.0	0.0
4.0	0.0	0.0	0.0	0.0	0.0
0.0	8.0	0.0	0.0	0.0	0.0
1.0	2.0	0.0	0.0	0.0	7.0
1.0	1.0	0.0	0.0	0.0	0.0
0.0	1.0	0.0	0.0	0.0	0.0
1.0	0.0	0.0	0.0	0.0	0.0
0.0	1.0	0.0	0.0	0.0	7.0
0.0	0.0	0.0	0.0	0.0	7.0
0.0	1.0	0.0	0.0	0.0	0.0
0.0	0.0	5.0	0.0	0.0	0.0
35.0	0.0	0.0	0.0	0.0	0.0
2.0	30.0	1.0	59.0	34.0	21.0
0.0	6.0	1.0	59.0	8.0	16.0
0.0	0.0	1.0	6.0	0.0	14.0
0.0	0.0	1.0	0.0	0.0	11.0
0.0	0.0	1.0	0.0	0.0	0.0
0.0	0.0	0.0	0.0	0.0	11.0
0.0	0.0	0.0	6.0	0.0	3.0
0.0	0.0	0.0	6.0	0.0	0.0
0.0	0.0	0.0	0.0	0.0	3.0
0.0	6.0	0.0	53.0	8.0	2.0
0.0	6.0	0.0	52.0	2.0	2.0
0.0	6.0	0.0	9.0	0.0	2.0
0.0	6.0	0.0	2.0	0.0	2.0
0.0	0.0	0.0	2.0	0.0	2.0
0.0	0.0	0.0	0.0	0.0	2.0
0.0	0.0	0.0	2.0	0.0	0.0
0.0	6.0	0.0	0.0	0.0	0.0
0.0	0.0	0.0	7.0	0.0	0.0
0.0	0.0	0.0	43.0	2.0	0.0
0.0	0.0	0.0	43.0	0.0	0.0
0.0	0.0	0.0	0.0	2.0	0.0
0.0	0.0	0.0	1.0	6.0	0.0
0.0	0.0	0.0	1.0	0.0	0.0
0.0	0.0	0.0	0.0	6.0	0.0
2.0	24.0	0.0	0.0	26.0	5.0
1.0	20.0	0.0	0.0	0.0	0.0
0.0	20.0	0.0	0.0	0.0	0.0
1.0	0.0	0.0	0.0	0.0	0.0
1.0	4.0	0.0	0.0	26.0	5.0
1.0	1.0	0.0	0.0	26.0	5.0
0.0	0.0	0.0	0.0	3.0	5.0
0.0	0.0	0.0	0.0	3.0	1.0
0.0	0.0	0.0	0.0	3.0	0.0
0.0	0.0	0.0	0.0	0.0	1.0
0.0	0.0	0.0	0.0	0.0	4.0
1.0	1.0	0.0	0.0	23.0	0.0
1.0	0.0	0.0	0.0	0.0	0.0
0.0	1.0	0.0	0.0	23.0	0.0
0.0	0.0	0.0	0.0	23.0	0.0
0.0	1.0	0.0	0.0	0.0	0.0
0.0	3.0	0.0	0.0	0.0	0.0
