# Sizes (NFeatures, Nclasses, NodeCount, MaxDepth)
10	6	565	23
# Classes
0.0	1.0	2.0	3.0	4.0	5.0
# Feature Names
Nrows	Ncols	Nnnz	AvgNnnz	Density	MaxRowNnnz	MinRowNnnz	StdRowNnnz	NDiags	NTrueDiags
# Left
1	2	3	4	5	6	7	8	9	-1	11	12	13	-1	15	-1	17	-1	19	-1	21	-1	23	-1	-1	-1	27	28	29	-1	31	-1	-1	-1	-1	36	37	-1	-1	40	-1	42	43	44	45	46	47	-1	-1	50	-1	-1	-1	-1	-1	56	57	58	59	-1	61	62	-1	-1	-1	66	-1	68	-1	70	-1	72	-1	-1	75	76	-1	-1	-1	-1	-1	82	83	84	85	86	87	88	89	90	-1	-1	-1	-1	95	-1	97	-1	-1	100	101	102	-1	-1	105	106	107	108	-1	-1	111	-1	-1	114	115	-1	-1	118	119	120	-1	-1	-1	124	-1	126	-1	-1	129	-1	131	132	133	-1	-1	136	137	138	-1	-1	-1	-1	143	-1	145	-1	-1	148	149	150	151	-1	-1	154	-1	156	-1	158	-1	-1	-1	-1	-1	164	-1	-1	167	168	169	170	171	172	-1	-1	175	176	-1	178	-1	180	-1	-1	183	184	-1	186	187	-1	-1	-1	191	192	193	-1	-1	-1	-1	198	199	-1	-1	-1	203	-1	205	-1	207	-1	-1	210	-1	212	213	-1	215	-1	-1	-1	219	-1	221	222	223	224	-1	226	-1	-1	-1	230	-1	-1	233	234	235	-1	-1	238	-1	240	241	-1	243	-1	245	246	-1	-1	249	250	-1	252	253	-1	255	-1	-1	-1	-1	-1	-1	262	263	-1	-1	266	-1	268	-1	-1	271	272	273	274	-1	276	-1	278	-1	280	281	282	-1	284	-1	-1	287	288	289	-1	-1	292	293	-1	-1	-1	297	-1	-1	300	-1	-1	303	304	-1	306	-1	308	-1	-1	311	312	-1	-1	315	316	-1	318	-1	-1	-1	322	323	-1	325	326	-1	-1	-1	330	331	-1	-1	-1	335	-1	-1	338	339	340	341	-1	343	-1	-1	-1	347	-1	349	-1	-1	352	353	354	-1	-1	-1	-1	-1	360	361	362	-1	-1	365	366	367	368	369	370	371	372	-1	-1	-1	-1	377	378	379	-1	-1	-1	-1	-1	-1	386	387	388	389	390	391	-1	-1	-1	-1	-1	397	398	-1	400	-1	402	-1	-1	405	-1	407	-1	-1	410	-1	-1	413	-1	415	416	-1	-1	-1	420	421	422	423	424	-1	426	427	428	-1	430	-1	432	-1	-1	435	-1	437	-1	-1	440	441	-1	-1	-1	-1	446	447	448	449	-1	-1	-1	453	454	455	-1	-1	458	459	-1	461	462	-1	-1	-1	-1	-1	468	469	470	471	-1	-1	474	475	-1	-1	-1	479	-1	-1	482	-1	-1	485	486	-1	-1	489	490	491	-1	-1	494	-1	-1	497	-1	499	-1	-1	502	503	504	505	-1	-1	508	509	510	-1	512	-1	-1	-1	-1	517	518	-1	-1	521	522	523	524	525	-1	-1	-1	-1	-1	-1	532	533	-1	-1	-1	537	538	539	540	541	542	-1	544	-1	-1	-1	-1	-1	550	-1	-1	553	554	555	-1	-1	558	-1	-1	561	562	-1	-1	-1
# Right
536	359	358	337	270	81	80	35	10	-1	26	25	14	-1	16	-1	18	-1	20	-1	22	-1	24	-1	-1	-1	34	33	30	-1	32	-1	-1	-1	-1	39	38	-1	-1	41	-1	55	54	53	52	49	48	-1	-1	51	-1	-1	-1	-1	-1	79	74	65	60	-1	64	63	-1	-1	-1	67	-1	69	-1	71	-1	73	-1	-1	78	77	-1	-1	-1	-1	-1	261	166	163	162	99	94	93	92	91	-1	-1	-1	-1	96	-1	98	-1	-1	147	104	103	-1	-1	128	113	110	109	-1	-1	112	-1	-1	117	116	-1	-1	123	122	121	-1	-1	-1	125	-1	127	-1	-1	130	-1	142	135	134	-1	-1	141	140	139	-1	-1	-1	-1	144	-1	146	-1	-1	161	160	153	152	-1	-1	155	-1	157	-1	159	-1	-1	-1	-1	-1	165	-1	-1	218	209	202	197	174	173	-1	-1	182	177	-1	179	-1	181	-1	-1	190	185	-1	189	188	-1	-1	-1	196	195	194	-1	-1	-1	-1	201	200	-1	-1	-1	204	-1	206	-1	208	-1	-1	211	-1	217	214	-1	216	-1	-1	-1	220	-1	232	229	228	225	-1	227	-1	-1	-1	231	-1	-1	260	237	236	-1	-1	239	-1	259	242	-1	244	-1	248	247	-1	-1	258	251	-1	257	254	-1	256	-1	-1	-1	-1	-1	-1	265	264	-1	-1	267	-1	269	-1	-1	334	321	302	275	-1	277	-1	279	-1	299	286	283	-1	285	-1	-1	296	291	290	-1	-1	295	294	-1	-1	-1	298	-1	-1	301	-1	-1	310	305	-1	307	-1	309	-1	-1	314	313	-1	-1	320	317	-1	319	-1	-1	-1	329	324	-1	328	327	-1	-1	-1	333	332	-1	-1	-1	336	-1	-1	351	346	345	342	-1	344	-1	-1	-1	348	-1	350	-1	-1	357	356	355	-1	-1	-1	-1	-1	419	364	363	-1	-1	412	385	384	383	376	375	374	373	-1	-1	-1	-1	382	381	380	-1	-1	-1	-1	-1	-1	409	396	395	394	393	392	-1	-1	-1	-1	-1	404	399	-1	401	-1	403	-1	-1	406	-1	408	-1	-1	411	-1	-1	414	-1	418	417	-1	-1	-1	501	484	445	444	425	-1	439	434	429	-1	431	-1	433	-1	-1	436	-1	438	-1	-1	443	442	-1	-1	-1	-1	467	452	451	450	-1	-1	-1	466	457	456	-1	-1	465	460	-1	464	463	-1	-1	-1	-1	-1	481	478	473	472	-1	-1	477	476	-1	-1	-1	480	-1	-1	483	-1	-1	488	487	-1	-1	496	493	492	-1	-1	495	-1	-1	498	-1	500	-1	-1	531	516	507	506	-1	-1	515	514	511	-1	513	-1	-1	-1	-1	520	519	-1	-1	530	529	528	527	526	-1	-1	-1	-1	-1	-1	535	534	-1	-1	-1	552	549	548	547	546	543	-1	545	-1	-1	-1	-1	-1	551	-1	-1	560	557	556	-1	-1	559	-1	-1	564	563	-1	-1	-1
# Threshold
545.0	1233.0	15350600.0	574765.5	474.0	0.004698045086115599	29.416699409484863	0.20918449759483337	6.290309829637408e-05	-2.0	0.0005458599771372974	3.5	2528.0	-2.0	9.352849883725867e-05	-2.0	3348.0	-2.0	0.00012388350296532735	-2.0	3909.5	-2.0	101728.5	-2.0	-2.0	-2.0	3.9989999532699585	1278.0	0.9987500011920929	-2.0	784.0	-2.0	-2.0	-2.0	-2.0	1.3032699823379517	27870.0	-2.0	-2.0	5.5	-2.0	5.857500076293945	57.0	8.0	5973.5	3873.0	1.3422200083732605	-2.0	-2.0	0.5664835274219513	-2.0	-2.0	-2.0	-2.0	-2.0	15.45039987564087	97324.0	8.0	1952.0	-2.0	0.002356200013309717	0.2926745116710663	-2.0	-2.0	-2.0	11150.0	-2.0	0.5946705043315887	-2.0	4097.0	-2.0	6930.5	-2.0	-2.0	29.0	33.5	-2.0	-2.0	-2.0	-2.0	-2.0	410.0	6.544539928436279	4660.5	3679.0	108.0	0.6638794839382172	48.5	38.5	12.5	-2.0	-2.0	-2.0	-2.0	16.5	-2.0	17.0	-2.0	-2.0	6.5	0.5	96.5	-2.0	-2.0	10.5	258.5	39.5	185.5	-2.0	-2.0	117.0	-2.0	-2.0	6.5	0.33834950625896454	-2.0	-2.0	0.008546580094844103	74.5	3.945590019226074	-2.0	-2.0	-2.0	3.5	-2.0	9.5	-2.0	-2.0	3.179284930229187	-2.0	19.5	0.008539749775081873	335.0	-2.0	-2.0	14.0	461.0	311.5	-2.0	-2.0	-2.0	-2.0	5.197235107421875	-2.0	1.5	-2.0	-2.0	3.469449996948242	2.8896849155426025	0.5588139891624451	0.0239660507068038	-2.0	-2.0	6.3361499309539795	-2.0	0.9702670276165009	-2.0	290.0	-2.0	-2.0	-2.0	-2.0	-2.0	0.0058722649700939655	-2.0	-2.0	20584.0	584.5	3605.5	16.5	6.652374982833862	4.0	-2.0	-2.0	94.5	4.5	-2.0	279.0	-2.0	70.5	-2.0	-2.0	0.03371424973011017	0.02427770011126995	-2.0	88.0	62.0	-2.0	-2.0	-2.0	143.5	152.5	137.0	-2.0	-2.0	-2.0	-2.0	25.0	199.5	-2.0	-2.0	-2.0	6519.0	-2.0	7289.5	-2.0	368.5	-2.0	-2.0	20.5	-2.0	6630.5	14.5	-2.0	7.5	-2.0	-2.0	-2.0	18.5	-2.0	6.5	15.823100090026855	45.0	20.33240032196045	-2.0	4.0	-2.0	-2.0	-2.0	283.0	-2.0	-2.0	21.5	113.0	20.101499557495117	-2.0	-2.0	28.0	-2.0	0.051232798025012016	20.181649208068848	-2.0	217.0	-2.0	226.0	14.931650161743164	-2.0	-2.0	15.877150058746338	107277.0	-2.0	0.009291420225054026	0.006962914951145649	-2.0	75.0	-2.0	-2.0	-2.0	-2.0	-2.0	-2.0	294.5	25.5	-2.0	-2.0	851.5	-2.0	2.0	-2.0	-2.0	20.868900299072266	23772.5	0.010754999704658985	2.056155025959015	-2.0	482.0	-2.0	631.5	-2.0	16.824100494384766	811.0	15.5	-2.0	545.0	-2.0	-2.0	2747.0	2.925665020942688	2423.5	-2.0	-2.0	4100.0	0.005794130032882094	-2.0	-2.0	-2.0	4430.5	-2.0	-2.0	1.5	-2.0	-2.0	1.5	501.0	-2.0	0.011769049800932407	-2.0	22.0	-2.0	-2.0	571.5	0.012929149903357029	-2.0	-2.0	1041.0	11.0	-2.0	11.0	-2.0	-2.0	-2.0	647.5	49860.5	-2.0	592.0	10.325085163116455	-2.0	-2.0	-2.0	25.0	331477.5	-2.0	-2.0	-2.0	969.5	-2.0	-2.0	2012305.0	126.0	1127.0	12.0	-2.0	20.0	-2.0	-2.0	-2.0	179.0	-2.0	192.0	-2.0	-2.0	3.312685012817383	24.5	6.0	-2.0	-2.0	-2.0	-2.0	-2.0	6887.0	5627.0	197.0	-2.0	-2.0	20.5	4.016695022583008	4980.0	4364.0	3.797755002975464	4238.0	7976.0	1758.5	-2.0	-2.0	-2.0	-2.0	0.005406054900959134	4.0142951011657715	4.01308012008667	-2.0	-2.0	-2.0	-2.0	-2.0	-2.0	470.5	1025.0	1898.0	1561.0	11.553699970245361	1543.0	-2.0	-2.0	-2.0	-2.0	-2.0	4182.0	0.009282215032726526	-2.0	4.552839994430542	-2.0	2.5	-2.0	-2.0	4559.5	-2.0	2.5577449798583984	-2.0	-2.0	1.5	-2.0	-2.0	5.5	-2.0	59.0	25.74834966659546	-2.0	-2.0	-2.0	96938.0	139.5	11249.5	0.0032112449407577515	29.0	-2.0	9.15494990348816	6531.0	3.17282497882843	-2.0	40.5	-2.0	0.0002256499938084744	-2.0	-2.0	8237.5	-2.0	0.0002726259990595281	-2.0	-2.0	11231.0	9004.5	-2.0	-2.0	-2.0	-2.0	391878.5	15.5	10.0	9.456425323151052e-05	-2.0	-2.0	-2.0	26796.5	108816.0	10247.0	-2.0	-2.0	17362.0	2.5482900142669678	-2.0	1.0	14.79709529876709	-2.0	-2.0	-2.0	-2.0	-2.0	111894.0	12.0	27135.0	15789.0	-2.0	-2.0	2.516265034675598	9.5	-2.0	-2.0	-2.0	20.0	-2.0	-2.0	9.526489973068237	-2.0	-2.0	677718.5	38.58514976501465	-2.0	-2.0	37799.0	61.96390151977539	149.0	-2.0	-2.0	13038.5	-2.0	-2.0	58.36815071105957	-2.0	0.008757394971325994	-2.0	-2.0	82.0	8.654504776000977	2.217629955225675e-07	0.47844345308840275	-2.0	-2.0	4.629745006561279	2920940.0	4.7269299030303955	-2.0	6.977710008621216	-2.0	-2.0	-2.0	-2.0	2.0	39.5	-2.0	-2.0	0.00016452749696327373	11.689149856567383	4.5	7.975524931680411e-05	6.419820124392572e-06	-2.0	-2.0	-2.0	-2.0	-2.0	-2.0	779617.0	650165.0	-2.0	-2.0	-2.0	14098.5	710706.0	685.0	11476.0	661.5	3.0	-2.0	30.0	-2.0	-2.0	-2.0	-2.0	-2.0	1.0	-2.0	-2.0	11.894949913024902	0.5	9.046265125274658	-2.0	-2.0	48.93255043029785	-2.0	-2.0	0.5	19145.5	-2.0	-2.0	-2.0
# Feature
5	8	2	2	8	4	3	7	4	-2	4	6	1	-2	4	-2	2	-2	4	-2	1	-2	2	-2	-2	-2	3	0	3	-2	0	-2	-2	-2	-2	3	1	-2	-2	8	-2	3	5	9	2	2	7	-2	-2	7	-2	-2	-2	-2	-2	3	2	8	1	-2	4	7	-2	-2	-2	2	-2	7	-2	1	-2	0	-2	-2	9	5	-2	-2	-2	-2	-2	8	3	2	2	2	7	2	2	1	-2	-2	-2	-2	8	-2	1	-2	-2	9	6	8	-2	-2	5	2	8	2	-2	-2	8	-2	-2	8	7	-2	-2	4	8	3	-2	-2	-2	5	-2	5	-2	-2	3	-2	5	4	8	-2	-2	5	0	2	-2	-2	-2	-2	3	-2	9	-2	-2	7	7	7	4	-2	-2	3	-2	7	-2	1	-2	-2	-2	-2	-2	4	-2	-2	2	1	2	9	3	9	-2	-2	1	6	-2	2	-2	0	-2	-2	4	4	-2	8	8	-2	-2	-2	5	0	0	-2	-2	-2	-2	5	1	-2	-2	-2	2	-2	2	-2	0	-2	-2	8	-2	2	5	-2	9	-2	-2	-2	9	-2	6	7	5	3	-2	6	-2	-2	-2	8	-2	-2	6	8	3	-2	-2	9	-2	4	3	-2	8	-2	8	7	-2	-2	7	2	-2	4	4	-2	9	-2	-2	-2	-2	-2	-2	0	5	-2	-2	0	-2	6	-2	-2	7	2	4	3	-2	8	-2	0	-2	7	8	9	-2	8	-2	-2	0	7	0	-2	-2	2	4	-2	-2	-2	0	-2	-2	6	-2	-2	6	8	-2	4	-2	5	-2	-2	8	4	-2	-2	8	6	-2	9	-2	-2	-2	8	2	-2	8	3	-2	-2	-2	9	2	-2	-2	-2	8	-2	-2	2	9	8	6	-2	6	-2	-2	-2	5	-2	5	-2	-2	7	5	5	-2	-2	-2	-2	-2	1	2	5	-2	-2	9	7	0	0	7	8	2	0	-2	-2	-2	-2	4	7	7	-2	-2	-2	-2	-2	-2	5	0	8	8	7	8	-2	-2	-2	-2	-2	8	4	-2	7	-2	9	-2	-2	8	-2	3	-2	-2	9	-2	-2	6	-2	9	7	-2	-2	-2	0	5	8	4	5	-2	7	8	7	-2	5	-2	4	-2	-2	0	-2	4	-2	-2	0	0	-2	-2	-2	-2	2	5	5	4	-2	-2	-2	8	2	1	-2	-2	8	7	-2	9	7	-2	-2	-2	-2	-2	8	9	0	8	-2	-2	7	6	-2	-2	-2	6	-2	-2	7	-2	-2	2	3	-2	-2	8	7	5	-2	-2	0	-2	-2	7	-2	4	-2	-2	5	3	4	7	-2	-2	7	2	3	-2	3	-2	-2	-2	-2	6	5	-2	-2	4	7	6	4	4	-2	-2	-2	-2	-2	-2	2	2	-2	-2	-2	5	8	5	1	5	6	-2	6	-2	-2	-2	-2	-2	9	-2	-2	3	9	3	-2	-2	7	-2	-2	9	5	-2	-2	-2
# Values
32.0	920.0	197.0	476.0	9.0	43.0
1.0	605.0	197.0	471.0	9.0	25.0
1.0	252.0	195.0	227.0	9.0	13.0
1.0	252.0	195.0	227.0	9.0	0.0
1.0	238.0	191.0	192.0	9.0	0.0
1.0	184.0	136.0	179.0	7.0	0.0
0.0	35.0	54.0	35.0	7.0	0.0
0.0	26.0	54.0	35.0	7.0	0.0
0.0	12.0	2.0	10.0	7.0	0.0
0.0	0.0	0.0	4.0	0.0	0.0
0.0	12.0	2.0	6.0	7.0	0.0
0.0	11.0	1.0	4.0	2.0	0.0
0.0	5.0	1.0	4.0	2.0	0.0
0.0	3.0	0.0	0.0	0.0	0.0
0.0	2.0	1.0	4.0	2.0	0.0
0.0	0.0	1.0	0.0	0.0	0.0
0.0	2.0	0.0	4.0	2.0	0.0
0.0	0.0	0.0	2.0	0.0	0.0
0.0	2.0	0.0	2.0	2.0	0.0
0.0	0.0	0.0	2.0	0.0	0.0
0.0	2.0	0.0	0.0	2.0	0.0
0.0	1.0	0.0	0.0	0.0	0.0
0.0	1.0	0.0	0.0	2.0	0.0
0.0	0.0	0.0	0.0	2.0	0.0
0.0	1.0	0.0	0.0	0.0	0.0
0.0	6.0	0.0	0.0	0.0	0.0
0.0	1.0	1.0	2.0	5.0	0.0
0.0	1.0	1.0	2.0	1.0	0.0
0.0	1.0	1.0	0.0	1.0	0.0
0.0	1.0	0.0	0.0	0.0	0.0
0.0	0.0	1.0	0.0	1.0	0.0
0.0	0.0	1.0	0.0	0.0	0.0
0.0	0.0	0.0	0.0	1.0	0.0
0.0	0.0	0.0	2.0	0.0	0.0
0.0	0.0	0.0	0.0	4.0	0.0
0.0	14.0	52.0	25.0	0.0	0.0
0.0	0.0	1.0	7.0	0.0	0.0
0.0	0.0	0.0	7.0	0.0	0.0
0.0	0.0	1.0	0.0	0.0	0.0
0.0	14.0	51.0	18.0	0.0	0.0
0.0	3.0	0.0	0.0	0.0	0.0
0.0	11.0	51.0	18.0	0.0	0.0
0.0	3.0	27.0	3.0	0.0	0.0
0.0	2.0	27.0	3.0	0.0	0.0
0.0	2.0	27.0	2.0	0.0	0.0
0.0	2.0	6.0	2.0	0.0	0.0
0.0	1.0	6.0	0.0	0.0	0.0
0.0	0.0	5.0	0.0	0.0	0.0
0.0	1.0	1.0	0.0	0.0	0.0
0.0	1.0	0.0	2.0	0.0	0.0
0.0	1.0	0.0	0.0	0.0	0.0
0.0	0.0	0.0	2.0	0.0	0.0
0.0	0.0	21.0	0.0	0.0	0.0
0.0	0.0	0.0	1.0	0.0	0.0
0.0	1.0	0.0	0.0	0.0	0.0
0.0	8.0	24.0	15.0	0.0	0.0
0.0	8.0	16.0	15.0	0.0	0.0
0.0	7.0	14.0	5.0	0.0	0.0
0.0	2.0	0.0	4.0	0.0	0.0
0.0	1.0	0.0	0.0	0.0	0.0
0.0	1.0	0.0	4.0	0.0	0.0
0.0	1.0	0.0	1.0	0.0	0.0
0.0	0.0	0.0	1.0	0.0	0.0
0.0	1.0	0.0	0.0	0.0	0.0
0.0	0.0	0.0	3.0	0.0	0.0
0.0	5.0	14.0	1.0	0.0	0.0
0.0	2.0	0.0	0.0	0.0	0.0
0.0	3.0	14.0	1.0	0.0	0.0
0.0	2.0	1.0	0.0	0.0	0.0
0.0	1.0	13.0	1.0	0.0	0.0
0.0	0.0	8.0	0.0	0.0	0.0
0.0	1.0	5.0	1.0	0.0	0.0
0.0	1.0	2.0	1.0	0.0	0.0
0.0	0.0	3.0	0.0	0.0	0.0
0.0	1.0	2.0	10.0	0.0	0.0
0.0	1.0	0.0	8.0	0.0	0.0
0.0	0.0	0.0	5.0	0.0	0.0
0.0	1.0	0.0	3.0	0.0	0.0
0.0	0.0	2.0	2.0	0.0	0.0
0.0	0.0	8.0	0.0	0.0	0.0
0.0	9.0	0.0	0.0	0.0	0.0
1.0	149.0	82.0	144.0	0.0	0.0
1.0	147.0	81.0	129.0	0.0	0.0
1.0	83.0	48.0	48.0	0.0	0.0
1.0	72.0	48.0	47.0	0.0	0.0
1.0	72.0	40.0	47.0	0.0	0.0
1.0	16.0	4.0	1.0	0.0	0.0
1.0	3.0	4.0	0.0	0.0	0.0
1.0	1.0	4.0	0.0	0.0	0.0
1.0	1.0	0.0	0.0	0.0	0.0
1.0	0.0	0.0	0.0	0.0	0.0
0.0	1.0	0.0	0.0	0.0	0.0
0.0	0.0	4.0	0.0	0.0	0.0
0.0	2.0	0.0	0.0	0.0	0.0
0.0	13.0	0.0	1.0	0.0	0.0
0.0	10.0	0.0	0.0	0.0	0.0
0.0	3.0	0.0	1.0	0.0	0.0
0.0	0.0	0.0	1.0	0.0	0.0
0.0	3.0	0.0	0.0	0.0	0.0
0.0	56.0	36.0	46.0	0.0	0.0
0.0	52.0	25.0	38.0	0.0	0.0
0.0	1.0	0.0	7.0	0.0	0.0
0.0	0.0	0.0	7.0	0.0	0.0
0.0	1.0	0.0	0.0	0.0	0.0
0.0	51.0	25.0	31.0	0.0	0.0
0.0	28.0	4.0	13.0	0.0	0.0
0.0	3.0	2.0	5.0	0.0	0.0
0.0	3.0	1.0	0.0	0.0	0.0
0.0	3.0	0.0	0.0	0.0	0.0
0.0	0.0	1.0	0.0	0.0	0.0
0.0	0.0	1.0	5.0	0.0	0.0
0.0	0.0	0.0	5.0	0.0	0.0
0.0	0.0	1.0	0.0	0.0	0.0
0.0	25.0	2.0	8.0	0.0	0.0
0.0	0.0	1.0	3.0	0.0	0.0
0.0	0.0	0.0	3.0	0.0	0.0
0.0	0.0	1.0	0.0	0.0	0.0
0.0	25.0	1.0	5.0	0.0	0.0
0.0	5.0	0.0	4.0	0.0	0.0
0.0	3.0	0.0	4.0	0.0	0.0
0.0	0.0	0.0	2.0	0.0	0.0
0.0	3.0	0.0	2.0	0.0	0.0
0.0	2.0	0.0	0.0	0.0	0.0
0.0	20.0	1.0	1.0	0.0	0.0
0.0	0.0	1.0	0.0	0.0	0.0
0.0	20.0	0.0	1.0	0.0	0.0
0.0	20.0	0.0	0.0	0.0	0.0
0.0	0.0	0.0	1.0	0.0	0.0
0.0	23.0	21.0	18.0	0.0	0.0
0.0	3.0	0.0	0.0	0.0	0.0
0.0	20.0	21.0	18.0	0.0	0.0
0.0	15.0	21.0	15.0	0.0	0.0
0.0	14.0	14.0	7.0	0.0	0.0
0.0	13.0	14.0	7.0	0.0	0.0
0.0	1.0	0.0	0.0	0.0	0.0
0.0	1.0	7.0	8.0	0.0	0.0
0.0	1.0	3.0	8.0	0.0	0.0
0.0	1.0	0.0	8.0	0.0	0.0
0.0	1.0	0.0	0.0	0.0	0.0
0.0	0.0	0.0	8.0	0.0	0.0
0.0	0.0	3.0	0.0	0.0	0.0
0.0	0.0	4.0	0.0	0.0	0.0
0.0	5.0	0.0	3.0	0.0	0.0
0.0	0.0	0.0	2.0	0.0	0.0
0.0	5.0	0.0	1.0	0.0	0.0
0.0	2.0	0.0	1.0	0.0	0.0
0.0	3.0	0.0	0.0	0.0	0.0
0.0	4.0	11.0	8.0	0.0	0.0
0.0	2.0	11.0	8.0	0.0	0.0
0.0	2.0	11.0	5.0	0.0	0.0
0.0	1.0	0.0	3.0	0.0	0.0
0.0	1.0	0.0	1.0	0.0	0.0
0.0	0.0	0.0	2.0	0.0	0.0
0.0	1.0	11.0	2.0	0.0	0.0
0.0	0.0	10.0	0.0	0.0	0.0
0.0	1.0	1.0	2.0	0.0	0.0
0.0	1.0	0.0	0.0	0.0	0.0
0.0	0.0	1.0	2.0	0.0	0.0
0.0	0.0	1.0	1.0	0.0	0.0
0.0	0.0	0.0	1.0	0.0	0.0
0.0	0.0	0.0	3.0	0.0	0.0
0.0	2.0	0.0	0.0	0.0	0.0
0.0	0.0	8.0	0.0	0.0	0.0
0.0	11.0	0.0	1.0	0.0	0.0
0.0	11.0	0.0	0.0	0.0	0.0
0.0	0.0	0.0	1.0	0.0	0.0
0.0	64.0	33.0	81.0	0.0	0.0
0.0	37.0	9.0	57.0	0.0	0.0
0.0	35.0	7.0	31.0	0.0	0.0
0.0	20.0	6.0	29.0	0.0	0.0
0.0	16.0	3.0	29.0	0.0	0.0
0.0	6.0	0.0	1.0	0.0	0.0
0.0	1.0	0.0	1.0	0.0	0.0
0.0	5.0	0.0	0.0	0.0	0.0
0.0	10.0	3.0	28.0	0.0	0.0
0.0	3.0	2.0	2.0	0.0	0.0
0.0	0.0	0.0	2.0	0.0	0.0
0.0	3.0	2.0	0.0	0.0	0.0
0.0	2.0	0.0	0.0	0.0	0.0
0.0	1.0	2.0	0.0	0.0	0.0
0.0	0.0	2.0	0.0	0.0	0.0
0.0	1.0	0.0	0.0	0.0	0.0
0.0	7.0	1.0	26.0	0.0	0.0
0.0	5.0	1.0	8.0	0.0	0.0
0.0	0.0	0.0	7.0	0.0	0.0
0.0	5.0	1.0	1.0	0.0	0.0
0.0	0.0	1.0	1.0	0.0	0.0
0.0	0.0	1.0	0.0	0.0	0.0
0.0	0.0	0.0	1.0	0.0	0.0
0.0	5.0	0.0	0.0	0.0	0.0
0.0	2.0	0.0	18.0	0.0	0.0
0.0	1.0	0.0	18.0	0.0	0.0
0.0	1.0	0.0	4.0	0.0	0.0
0.0	0.0	0.0	4.0	0.0	0.0
0.0	1.0	0.0	0.0	0.0	0.0
0.0	0.0	0.0	14.0	0.0	0.0
0.0	1.0	0.0	0.0	0.0	0.0
0.0	4.0	3.0	0.0	0.0	0.0
0.0	1.0	3.0	0.0	0.0	0.0
0.0	0.0	3.0	0.0	0.0	0.0
0.0	1.0	0.0	0.0	0.0	0.0
0.0	3.0	0.0	0.0	0.0	0.0
0.0	15.0	1.0	2.0	0.0	0.0
0.0	12.0	0.0	0.0	0.0	0.0
0.0	3.0	1.0	2.0	0.0	0.0
0.0	0.0	0.0	2.0	0.0	0.0
0.0	3.0	1.0	0.0	0.0	0.0
0.0	1.0	1.0	0.0	0.0	0.0
0.0	2.0	0.0	0.0	0.0	0.0
0.0	2.0	2.0	26.0	0.0	0.0
0.0	1.0	0.0	0.0	0.0	0.0
0.0	1.0	2.0	26.0	0.0	0.0
0.0	1.0	2.0	4.0	0.0	0.0
0.0	0.0	2.0	0.0	0.0	0.0
0.0	1.0	0.0	4.0	0.0	0.0
0.0	1.0	0.0	1.0	0.0	0.0
0.0	0.0	0.0	3.0	0.0	0.0
0.0	0.0	0.0	22.0	0.0	0.0
0.0	27.0	24.0	24.0	0.0	0.0
0.0	8.0	0.0	0.0	0.0	0.0
0.0	19.0	24.0	24.0	0.0	0.0
0.0	1.0	14.0	8.0	0.0	0.0
0.0	1.0	12.0	2.0	0.0	0.0
0.0	1.0	4.0	2.0	0.0	0.0
0.0	0.0	4.0	0.0	0.0	0.0
0.0	1.0	0.0	2.0	0.0	0.0
0.0	0.0	0.0	2.0	0.0	0.0
0.0	1.0	0.0	0.0	0.0	0.0
0.0	0.0	8.0	0.0	0.0	0.0
0.0	0.0	2.0	6.0	0.0	0.0
0.0	0.0	1.0	1.0	0.0	0.0
0.0	0.0	1.0	5.0	0.0	0.0
0.0	18.0	10.0	16.0	0.0	0.0
0.0	18.0	5.0	16.0	0.0	0.0
0.0	0.0	1.0	6.0	0.0	0.0
0.0	0.0	1.0	0.0	0.0	0.0
0.0	0.0	0.0	6.0	0.0	0.0
0.0	18.0	4.0	10.0	0.0	0.0
0.0	0.0	0.0	3.0	0.0	0.0
0.0	18.0	4.0	7.0	0.0	0.0
0.0	18.0	4.0	4.0	0.0	0.0
0.0	0.0	0.0	1.0	0.0	0.0
0.0	18.0	4.0	3.0	0.0	0.0
0.0	7.0	0.0	0.0	0.0	0.0
0.0	11.0	4.0	3.0	0.0	0.0
0.0	0.0	1.0	1.0	0.0	0.0
0.0	0.0	0.0	1.0	0.0	0.0
0.0	0.0	1.0	0.0	0.0	0.0
0.0	11.0	3.0	2.0	0.0	0.0
0.0	11.0	3.0	1.0	0.0	0.0
0.0	4.0	0.0	0.0	0.0	0.0
0.0	7.0	3.0	1.0	0.0	0.0
0.0	7.0	2.0	1.0	0.0	0.0
0.0	2.0	1.0	1.0	0.0	0.0
0.0	5.0	1.0	0.0	0.0	0.0
0.0	4.0	1.0	0.0	0.0	0.0
0.0	1.0	0.0	0.0	0.0	0.0
0.0	0.0	1.0	0.0	0.0	0.0
0.0	0.0	0.0	1.0	0.0	0.0
0.0	0.0	0.0	3.0	0.0	0.0
0.0	0.0	5.0	0.0	0.0	0.0
0.0	2.0	1.0	15.0	0.0	0.0
0.0	1.0	1.0	0.0	0.0	0.0
0.0	0.0	1.0	0.0	0.0	0.0
0.0	1.0	0.0	0.0	0.0	0.0
0.0	1.0	0.0	15.0	0.0	0.0
0.0	0.0	0.0	12.0	0.0	0.0
0.0	1.0	0.0	3.0	0.0	0.0
0.0	0.0	0.0	3.0	0.0	0.0
0.0	1.0	0.0	0.0	0.0	0.0
0.0	54.0	55.0	13.0	2.0	0.0
0.0	54.0	43.0	11.0	2.0	0.0
0.0	33.0	39.0	7.0	2.0	0.0
0.0	11.0	31.0	4.0	2.0	0.0
0.0	4.0	0.0	0.0	0.0	0.0
0.0	7.0	31.0	4.0	2.0	0.0
0.0	3.0	0.0	0.0	0.0	0.0
0.0	4.0	31.0	4.0	2.0	0.0
0.0	0.0	0.0	0.0	2.0	0.0
0.0	4.0	31.0	4.0	0.0	0.0
0.0	3.0	31.0	3.0	0.0	0.0
0.0	0.0	21.0	1.0	0.0	0.0
0.0	0.0	20.0	0.0	0.0	0.0
0.0	0.0	1.0	1.0	0.0	0.0
0.0	0.0	0.0	1.0	0.0	0.0
0.0	0.0	1.0	0.0	0.0	0.0
0.0	3.0	10.0	2.0	0.0	0.0
0.0	3.0	9.0	0.0	0.0	0.0
0.0	2.0	1.0	0.0	0.0	0.0
0.0	2.0	0.0	0.0	0.0	0.0
0.0	0.0	1.0	0.0	0.0	0.0
0.0	1.0	8.0	0.0	0.0	0.0
0.0	1.0	1.0	0.0	0.0	0.0
0.0	0.0	1.0	0.0	0.0	0.0
0.0	1.0	0.0	0.0	0.0	0.0
0.0	0.0	7.0	0.0	0.0	0.0
0.0	0.0	1.0	2.0	0.0	0.0
0.0	0.0	1.0	1.0	0.0	0.0
0.0	0.0	0.0	1.0	0.0	0.0
0.0	1.0	0.0	1.0	0.0	0.0
0.0	1.0	0.0	0.0	0.0	0.0
0.0	0.0	0.0	1.0	0.0	0.0
0.0	22.0	8.0	3.0	0.0	0.0
0.0	4.0	6.0	0.0	0.0	0.0
0.0	2.0	0.0	0.0	0.0	0.0
0.0	2.0	6.0	0.0	0.0	0.0
0.0	1.0	0.0	0.0	0.0	0.0
0.0	1.0	6.0	0.0	0.0	0.0
0.0	1.0	1.0	0.0	0.0	0.0
0.0	0.0	5.0	0.0	0.0	0.0
0.0	18.0	2.0	3.0	0.0	0.0
0.0	1.0	0.0	3.0	0.0	0.0
0.0	1.0	0.0	0.0	0.0	0.0
0.0	0.0	0.0	3.0	0.0	0.0
0.0	17.0	2.0	0.0	0.0	0.0
0.0	17.0	1.0	0.0	0.0	0.0
0.0	14.0	0.0	0.0	0.0	0.0
0.0	3.0	1.0	0.0	0.0	0.0
0.0	3.0	0.0	0.0	0.0	0.0
0.0	0.0	1.0	0.0	0.0	0.0
0.0	0.0	1.0	0.0	0.0	0.0
0.0	21.0	4.0	4.0	0.0	0.0
0.0	2.0	4.0	2.0	0.0	0.0
0.0	2.0	0.0	0.0	0.0	0.0
0.0	0.0	4.0	2.0	0.0	0.0
0.0	0.0	1.0	2.0	0.0	0.0
0.0	0.0	1.0	0.0	0.0	0.0
0.0	0.0	0.0	2.0	0.0	0.0
0.0	0.0	3.0	0.0	0.0	0.0
0.0	19.0	0.0	2.0	0.0	0.0
0.0	19.0	0.0	1.0	0.0	0.0
0.0	18.0	0.0	0.0	0.0	0.0
0.0	1.0	0.0	1.0	0.0	0.0
0.0	0.0	0.0	1.0	0.0	0.0
0.0	0.0	12.0	2.0	0.0	0.0
0.0	0.0	12.0	0.0	0.0	0.0
0.0	0.0	0.0	2.0	0.0	0.0
0.0	14.0	4.0	35.0	0.0	0.0
0.0	5.0	3.0	30.0	0.0	0.0
0.0	3.0	0.0	29.0	0.0	0.0
0.0	2.0	0.0	29.0	0.0	0.0
0.0	0.0	0.0	20.0	0.0	0.0
0.0	2.0	0.0	9.0	0.0	0.0
0.0	2.0	0.0	0.0	0.0	0.0
0.0	0.0	0.0	9.0	0.0	0.0
0.0	1.0	0.0	0.0	0.0	0.0
0.0	2.0	3.0	1.0	0.0	0.0
0.0	0.0	3.0	0.0	0.0	0.0
0.0	2.0	0.0	1.0	0.0	0.0
0.0	0.0	0.0	1.0	0.0	0.0
0.0	2.0	0.0	0.0	0.0	0.0
0.0	9.0	1.0	5.0	0.0	0.0
0.0	2.0	1.0	5.0	0.0	0.0
0.0	2.0	1.0	0.0	0.0	0.0
0.0	2.0	0.0	0.0	0.0	0.0
0.0	0.0	1.0	0.0	0.0	0.0
0.0	0.0	0.0	5.0	0.0	0.0
0.0	7.0	0.0	0.0	0.0	0.0
0.0	0.0	0.0	0.0	0.0	13.0
0.0	353.0	2.0	244.0	0.0	12.0
0.0	127.0	2.0	46.0	0.0	0.0
0.0	1.0	0.0	5.0	0.0	0.0
0.0	1.0	0.0	0.0	0.0	0.0
0.0	0.0	0.0	5.0	0.0	0.0
0.0	126.0	2.0	41.0	0.0	0.0
0.0	123.0	2.0	36.0	0.0	0.0
0.0	48.0	0.0	24.0	0.0	0.0
0.0	38.0	0.0	24.0	0.0	0.0
0.0	38.0	0.0	19.0	0.0	0.0
0.0	20.0	0.0	3.0	0.0	0.0
0.0	20.0	0.0	1.0	0.0	0.0
0.0	3.0	0.0	1.0	0.0	0.0
0.0	3.0	0.0	0.0	0.0	0.0
0.0	0.0	0.0	1.0	0.0	0.0
0.0	17.0	0.0	0.0	0.0	0.0
0.0	0.0	0.0	2.0	0.0	0.0
0.0	18.0	0.0	16.0	0.0	0.0
0.0	18.0	0.0	13.0	0.0	0.0
0.0	18.0	0.0	12.0	0.0	0.0
0.0	15.0	0.0	12.0	0.0	0.0
0.0	3.0	0.0	0.0	0.0	0.0
0.0	0.0	0.0	1.0	0.0	0.0
0.0	0.0	0.0	3.0	0.0	0.0
0.0	0.0	0.0	5.0	0.0	0.0
0.0	10.0	0.0	0.0	0.0	0.0
0.0	75.0	2.0	12.0	0.0	0.0
0.0	74.0	2.0	9.0	0.0	0.0
0.0	9.0	2.0	4.0	0.0	0.0
0.0	5.0	2.0	4.0	0.0	0.0
0.0	5.0	2.0	1.0	0.0	0.0
0.0	4.0	2.0	0.0	0.0	0.0
0.0	3.0	1.0	0.0	0.0	0.0
0.0	1.0	1.0	0.0	0.0	0.0
0.0	1.0	0.0	1.0	0.0	0.0
0.0	0.0	0.0	3.0	0.0	0.0
0.0	4.0	0.0	0.0	0.0	0.0
0.0	65.0	0.0	5.0	0.0	0.0
0.0	57.0	0.0	1.0	0.0	0.0
0.0	43.0	0.0	0.0	0.0	0.0
0.0	14.0	0.0	1.0	0.0	0.0
0.0	8.0	0.0	0.0	0.0	0.0
0.0	6.0	0.0	1.0	0.0	0.0
0.0	0.0	0.0	1.0	0.0	0.0
0.0	6.0	0.0	0.0	0.0	0.0
0.0	8.0	0.0	4.0	0.0	0.0
0.0	0.0	0.0	3.0	0.0	0.0
0.0	8.0	0.0	1.0	0.0	0.0
0.0	0.0	0.0	1.0	0.0	0.0
0.0	8.0	0.0	0.0	0.0	0.0
0.0	1.0	0.0	3.0	0.0	0.0
0.0	1.0	0.0	0.0	0.0	0.0
0.0	0.0	0.0	3.0	0.0	0.0
0.0	3.0	0.0	5.0	0.0	0.0
0.0	0.0	0.0	4.0	0.0	0.0
0.0	3.0	0.0	1.0	0.0	0.0
0.0	1.0	0.0	1.0	0.0	0.0
0.0	0.0	0.0	1.0	0.0	0.0
0.0	1.0	0.0	0.0	0.0	0.0
0.0	2.0	0.0	0.0	0.0	0.0
0.0	226.0	0.0	198.0	0.0	12.0
0.0	99.0	0.0	148.0	0.0	0.0
0.0	58.0	0.0	120.0	0.0	0.0
0.0	17.0	0.0	66.0	0.0	0.0
0.0	13.0	0.0	66.0	0.0	0.0
0.0	0.0	0.0	29.0	0.0	0.0
0.0	13.0	0.0	37.0	0.0	0.0
0.0	12.0	0.0	16.0	0.0	0.0
0.0	10.0	0.0	5.0	0.0	0.0
0.0	6.0	0.0	0.0	0.0	0.0
0.0	4.0	0.0	5.0	0.0	0.0
0.0	0.0	0.0	3.0	0.0	0.0
0.0	4.0	0.0	2.0	0.0	0.0
0.0	0.0	0.0	2.0	0.0	0.0
0.0	4.0	0.0	0.0	0.0	0.0
0.0	2.0	0.0	11.0	0.0	0.0
0.0	1.0	0.0	0.0	0.0	0.0
0.0	1.0	0.0	11.0	0.0	0.0
0.0	1.0	0.0	0.0	0.0	0.0
0.0	0.0	0.0	11.0	0.0	0.0
0.0	1.0	0.0	21.0	0.0	0.0
0.0	1.0	0.0	2.0	0.0	0.0
0.0	0.0	0.0	2.0	0.0	0.0
0.0	1.0	0.0	0.0	0.0	0.0
0.0	0.0	0.0	19.0	0.0	0.0
0.0	4.0	0.0	0.0	0.0	0.0
0.0	41.0	0.0	54.0	0.0	0.0
0.0	31.0	0.0	22.0	0.0	0.0
0.0	5.0	0.0	10.0	0.0	0.0
0.0	5.0	0.0	2.0	0.0	0.0
0.0	0.0	0.0	2.0	0.0	0.0
0.0	5.0	0.0	0.0	0.0	0.0
0.0	0.0	0.0	8.0	0.0	0.0
0.0	26.0	0.0	12.0	0.0	0.0
0.0	16.0	0.0	12.0	0.0	0.0
0.0	10.0	0.0	1.0	0.0	0.0
0.0	0.0	0.0	1.0	0.0	0.0
0.0	10.0	0.0	0.0	0.0	0.0
0.0	6.0	0.0	11.0	0.0	0.0
0.0	6.0	0.0	5.0	0.0	0.0
0.0	0.0	0.0	3.0	0.0	0.0
0.0	6.0	0.0	2.0	0.0	0.0
0.0	1.0	0.0	2.0	0.0	0.0
0.0	0.0	0.0	1.0	0.0	0.0
0.0	1.0	0.0	1.0	0.0	0.0
0.0	5.0	0.0	0.0	0.0	0.0
0.0	0.0	0.0	6.0	0.0	0.0
0.0	10.0	0.0	0.0	0.0	0.0
0.0	10.0	0.0	32.0	0.0	0.0
0.0	5.0	0.0	31.0	0.0	0.0
0.0	2.0	0.0	29.0	0.0	0.0
0.0	1.0	0.0	1.0	0.0	0.0
0.0	0.0	0.0	1.0	0.0	0.0
0.0	1.0	0.0	0.0	0.0	0.0
0.0	1.0	0.0	28.0	0.0	0.0
0.0	1.0	0.0	5.0	0.0	0.0
0.0	0.0	0.0	3.0	0.0	0.0
0.0	1.0	0.0	2.0	0.0	0.0
0.0	0.0	0.0	23.0	0.0	0.0
0.0	3.0	0.0	2.0	0.0	0.0
0.0	3.0	0.0	0.0	0.0	0.0
0.0	0.0	0.0	2.0	0.0	0.0
0.0	5.0	0.0	1.0	0.0	0.0
0.0	5.0	0.0	0.0	0.0	0.0
0.0	0.0	0.0	1.0	0.0	0.0
0.0	41.0	0.0	28.0	0.0	0.0
0.0	28.0	0.0	2.0	0.0	0.0
0.0	28.0	0.0	0.0	0.0	0.0
0.0	0.0	0.0	2.0	0.0	0.0
0.0	13.0	0.0	26.0	0.0	0.0
0.0	6.0	0.0	23.0	0.0	0.0
0.0	2.0	0.0	22.0	0.0	0.0
0.0	2.0	0.0	0.0	0.0	0.0
0.0	0.0	0.0	22.0	0.0	0.0
0.0	4.0	0.0	1.0	0.0	0.0
0.0	0.0	0.0	1.0	0.0	0.0
0.0	4.0	0.0	0.0	0.0	0.0
0.0	7.0	0.0	3.0	0.0	0.0
0.0	6.0	0.0	0.0	0.0	0.0
0.0	1.0	0.0	3.0	0.0	0.0
0.0	0.0	0.0	3.0	0.0	0.0
0.0	1.0	0.0	0.0	0.0	0.0
0.0	127.0	0.0	50.0	0.0	12.0
0.0	69.0	0.0	47.0	0.0	12.0
0.0	54.0	0.0	7.0	0.0	7.0
0.0	2.0	0.0	0.0	0.0	5.0
0.0	2.0	0.0	0.0	0.0	0.0
0.0	0.0	0.0	0.0	0.0	5.0
0.0	52.0	0.0	7.0	0.0	2.0
0.0	52.0	0.0	7.0	0.0	0.0
0.0	12.0	0.0	7.0	0.0	0.0
0.0	0.0	0.0	4.0	0.0	0.0
0.0	12.0	0.0	3.0	0.0	0.0
0.0	12.0	0.0	0.0	0.0	0.0
0.0	0.0	0.0	3.0	0.0	0.0
0.0	40.0	0.0	0.0	0.0	0.0
0.0	0.0	0.0	0.0	0.0	2.0
0.0	15.0	0.0	40.0	0.0	5.0
0.0	0.0	0.0	1.0	0.0	5.0
0.0	0.0	0.0	0.0	0.0	5.0
0.0	0.0	0.0	1.0	0.0	0.0
0.0	15.0	0.0	39.0	0.0	0.0
0.0	10.0	0.0	39.0	0.0	0.0
0.0	5.0	0.0	39.0	0.0	0.0
0.0	5.0	0.0	7.0	0.0	0.0
0.0	5.0	0.0	2.0	0.0	0.0
0.0	0.0	0.0	2.0	0.0	0.0
0.0	5.0	0.0	0.0	0.0	0.0
0.0	0.0	0.0	5.0	0.0	0.0
0.0	0.0	0.0	32.0	0.0	0.0
0.0	5.0	0.0	0.0	0.0	0.0
0.0	5.0	0.0	0.0	0.0	0.0
0.0	58.0	0.0	3.0	0.0	0.0
0.0	2.0	0.0	3.0	0.0	0.0
0.0	2.0	0.0	0.0	0.0	0.0
0.0	0.0	0.0	3.0	0.0	0.0
0.0	56.0	0.0	0.0	0.0	0.0
31.0	315.0	0.0	5.0	0.0	18.0
0.0	293.0	0.0	5.0	0.0	5.0
0.0	275.0	0.0	5.0	0.0	0.0
0.0	20.0	0.0	5.0	0.0	0.0
0.0	5.0	0.0	5.0	0.0	0.0
0.0	5.0	0.0	2.0	0.0	0.0
0.0	4.0	0.0	0.0	0.0	0.0
0.0	1.0	0.0	2.0	0.0	0.0
0.0	0.0	0.0	1.0	0.0	0.0
0.0	1.0	0.0	1.0	0.0	0.0
0.0	0.0	0.0	3.0	0.0	0.0
0.0	15.0	0.0	0.0	0.0	0.0
0.0	255.0	0.0	0.0	0.0	0.0
0.0	18.0	0.0	0.0	0.0	5.0
0.0	0.0	0.0	0.0	0.0	5.0
0.0	18.0	0.0	0.0	0.0	0.0
31.0	22.0	0.0	0.0	0.0	13.0
31.0	4.0	0.0	0.0	0.0	6.0
0.0	3.0	0.0	0.0	0.0	6.0
0.0	0.0	0.0	0.0	0.0	6.0
0.0	3.0	0.0	0.0	0.0	0.0
31.0	1.0	0.0	0.0	0.0	0.0
0.0	1.0	0.0	0.0	0.0	0.0
31.0	0.0	0.0	0.0	0.0	0.0
0.0	18.0	0.0	0.0	0.0	7.0
0.0	2.0	0.0	0.0	0.0	7.0
0.0	2.0	0.0	0.0	0.0	0.0
0.0	0.0	0.0	0.0	0.0	7.0
0.0	16.0	0.0	0.0	0.0	0.0
