# Sizes (NFeatures, Nclasses, NodeCount, MaxDepth)
10	6	561	23
# Classes
0.0	1.0	2.0	3.0	4.0	5.0
# Feature Names
Nrows	Ncols	Nnnz	AvgNnnz	Density	MaxRowNnnz	MinRowNnnz	StdRowNnnz	NDiags	NTrueDiags
# Left
1	2	3	4	5	6	7	-1	9	10	11	12	-1	-1	15	-1	-1	18	19	-1	-1	-1	-1	24	25	26	27	-1	-1	-1	31	-1	33	34	-1	36	37	38	-1	40	-1	-1	43	-1	-1	-1	47	48	49	50	-1	-1	-1	-1	55	56	57	58	-1	60	61	-1	-1	-1	-1	-1	67	68	69	-1	71	-1	73	74	-1	-1	77	-1	-1	-1	81	-1	83	-1	85	86	87	88	89	-1	91	-1	93	94	-1	-1	-1	98	99	-1	-1	102	103	-1	105	-1	-1	108	-1	-1	-1	112	113	114	-1	-1	117	-1	-1	-1	121	122	-1	-1	125	-1	-1	128	129	130	-1	132	-1	134	135	-1	-1	138	139	140	-1	-1	143	-1	-1	146	147	-1	-1	-1	151	-1	153	-1	155	156	157	158	-1	-1	-1	162	-1	164	-1	-1	-1	168	169	170	171	172	173	174	175	176	-1	178	179	-1	-1	-1	183	184	-1	186	-1	-1	189	-1	191	-1	-1	-1	195	-1	197	-1	-1	200	201	202	203	-1	-1	-1	-1	-1	209	210	211	-1	-1	-1	-1	216	217	-1	-1	220	221	-1	-1	-1	225	226	227	228	229	230	-1	-1	233	-1	-1	236	237	238	239	-1	-1	242	243	-1	-1	-1	247	-1	249	250	-1	-1	-1	-1	255	-1	257	-1	259	-1	261	262	-1	-1	-1	-1	267	-1	269	270	-1	-1	-1	274	275	276	-1	-1	-1	280	-1	282	-1	-1	285	-1	287	288	-1	290	291	-1	-1	-1	295	-1	297	-1	-1	300	301	302	-1	304	305	-1	307	-1	-1	310	-1	-1	-1	314	315	316	-1	-1	319	320	321	322	-1	324	-1	-1	327	-1	-1	-1	-1	332	333	-1	-1	-1	337	-1	-1	340	341	342	343	344	-1	346	347	-1	349	-1	-1	352	353	-1	355	356	357	358	359	360	-1	-1	363	-1	-1	366	367	368	369	-1	371	372	-1	-1	-1	-1	377	378	-1	-1	-1	382	-1	-1	385	386	387	-1	-1	-1	391	-1	-1	394	395	396	397	398	-1	-1	401	-1	403	-1	-1	406	407	-1	409	-1	-1	412	-1	-1	415	416	-1	418	-1	-1	421	-1	-1	-1	425	426	427	428	429	-1	-1	432	-1	434	-1	-1	-1	-1	439	440	441	442	-1	444	-1	-1	447	-1	-1	-1	-1	-1	453	454	455	456	-1	-1	459	-1	-1	-1	463	-1	-1	466	-1	468	-1	470	-1	-1	473	474	475	476	-1	478	-1	-1	481	-1	483	-1	-1	-1	-1	488	489	490	-1	-1	493	-1	495	496	497	-1	-1	500	501	-1	-1	-1	505	-1	507	-1	-1	-1	511	512	513	514	515	516	-1	-1	-1	-1	521	-1	-1	524	525	526	527	-1	-1	530	531	532	533	534	-1	536	-1	538	-1	-1	-1	-1	543	544	-1	-1	547	548	-1	-1	-1	-1	553	-1	-1	556	-1	-1	559	-1	-1
# Right
510	339	336	299	284	23	8	-1	22	17	14	13	-1	-1	16	-1	-1	21	20	-1	-1	-1	-1	127	30	29	28	-1	-1	-1	32	-1	46	35	-1	45	42	39	-1	41	-1	-1	44	-1	-1	-1	54	53	52	51	-1	-1	-1	-1	66	65	64	59	-1	63	62	-1	-1	-1	-1	-1	80	79	70	-1	72	-1	76	75	-1	-1	78	-1	-1	-1	82	-1	84	-1	120	111	110	97	90	-1	92	-1	96	95	-1	-1	-1	101	100	-1	-1	107	104	-1	106	-1	-1	109	-1	-1	-1	119	116	115	-1	-1	118	-1	-1	-1	124	123	-1	-1	126	-1	-1	167	150	131	-1	133	-1	137	136	-1	-1	145	142	141	-1	-1	144	-1	-1	149	148	-1	-1	-1	152	-1	154	-1	166	161	160	159	-1	-1	-1	163	-1	165	-1	-1	-1	273	224	215	208	199	194	193	182	177	-1	181	180	-1	-1	-1	188	185	-1	187	-1	-1	190	-1	192	-1	-1	-1	196	-1	198	-1	-1	207	206	205	204	-1	-1	-1	-1	-1	214	213	212	-1	-1	-1	-1	219	218	-1	-1	223	222	-1	-1	-1	266	265	254	235	232	231	-1	-1	234	-1	-1	253	246	241	240	-1	-1	245	244	-1	-1	-1	248	-1	252	251	-1	-1	-1	-1	256	-1	258	-1	260	-1	264	263	-1	-1	-1	-1	268	-1	272	271	-1	-1	-1	279	278	277	-1	-1	-1	281	-1	283	-1	-1	286	-1	294	289	-1	293	292	-1	-1	-1	296	-1	298	-1	-1	313	312	303	-1	309	306	-1	308	-1	-1	311	-1	-1	-1	331	318	317	-1	-1	330	329	326	323	-1	325	-1	-1	328	-1	-1	-1	-1	335	334	-1	-1	-1	338	-1	-1	487	472	465	452	345	-1	351	348	-1	350	-1	-1	451	354	-1	424	393	384	365	362	361	-1	-1	364	-1	-1	381	376	375	370	-1	374	373	-1	-1	-1	-1	380	379	-1	-1	-1	383	-1	-1	390	389	388	-1	-1	-1	392	-1	-1	423	414	405	400	399	-1	-1	402	-1	404	-1	-1	411	408	-1	410	-1	-1	413	-1	-1	420	417	-1	419	-1	-1	422	-1	-1	-1	438	437	436	431	430	-1	-1	433	-1	435	-1	-1	-1	-1	450	449	446	443	-1	445	-1	-1	448	-1	-1	-1	-1	-1	462	461	458	457	-1	-1	460	-1	-1	-1	464	-1	-1	467	-1	469	-1	471	-1	-1	486	485	480	477	-1	479	-1	-1	482	-1	484	-1	-1	-1	-1	509	492	491	-1	-1	494	-1	504	499	498	-1	-1	503	502	-1	-1	-1	506	-1	508	-1	-1	-1	558	523	520	519	518	517	-1	-1	-1	-1	522	-1	-1	555	552	529	528	-1	-1	551	542	541	540	535	-1	537	-1	539	-1	-1	-1	-1	546	545	-1	-1	550	549	-1	-1	-1	-1	554	-1	-1	557	-1	-1	560	-1	-1
# Threshold
360.5	1584.5	15350600.0	504114.0	62.0	0.02201865427196026	7.12077016942203e-05	-2.0	866.0	1697.5	244.5	57.0	-2.0	-2.0	1145.0	-2.0	-2.0	3381.0	2.5	-2.0	-2.0	-2.0	-2.0	101.5	18.5	16.5	8.0	-2.0	-2.0	-2.0	0.34487849473953247	-2.0	52.5	7.5	-2.0	0.3949590027332306	0.12838949635624886	10.5	-2.0	27.5	-2.0	-2.0	28.0	-2.0	-2.0	-2.0	0.4343684911727905	5.390100002288818	4.5	1587.0	-2.0	-2.0	-2.0	-2.0	0.5810909867286682	16.0	0.0239569004625082	2.6686155200004578	-2.0	7.0	5.606215000152588	-2.0	-2.0	-2.0	-2.0	-2.0	3.9976000785827637	9.0	67.0	-2.0	0.6236009895801544	-2.0	1.5	3.4445899724960327	-2.0	-2.0	0.005990000208839774	-2.0	-2.0	-2.0	0.0008528940088581294	-2.0	4.073580026626587	-2.0	72.5	2886.5	20.982500076293945	13.5	0.8399555087089539	-2.0	60.5	-2.0	7748.5	65.0	-2.0	-2.0	-2.0	2881.5	1.1727449893951416	-2.0	-2.0	26.5	6251.0	-2.0	65.0	-2.0	-2.0	5.618545055389404	-2.0	-2.0	-2.0	0.0021790149621665478	0.0013406414946075529	0.5946705043315887	-2.0	-2.0	6.0	-2.0	-2.0	-2.0	82.5	3.5250450372695923	-2.0	-2.0	44.975900650024414	-2.0	-2.0	567.5	1740.0	0.007671054918318987	-2.0	103.5	-2.0	704.5	2.8096749782562256	-2.0	-2.0	221.0	6.9467151165008545	1.0848154723644257	-2.0	-2.0	951.0	-2.0	-2.0	327.0	1.5	-2.0	-2.0	-2.0	2667.5	-2.0	3000.0	-2.0	145.5	33.0	14.5	8.212049961090088	-2.0	-2.0	-2.0	6572.0	-2.0	15.277599811553955	-2.0	-2.0	-2.0	1285.5	5.362879991531372	4.108134984970093	811.0	1.7969000339508057	487.5	0.007817069767042994	3.813920021057129	10.0	-2.0	2.4425700902938843	1.5571000576019287	-2.0	-2.0	-2.0	8.0	6.7529449462890625	-2.0	1049.0	-2.0	-2.0	1181.0	-2.0	2740.5	-2.0	-2.0	-2.0	1507.5	-2.0	174393.5	-2.0	-2.0	26.0	19.0	3.3052200078964233	6894.0	-2.0	-2.0	-2.0	-2.0	-2.0	15.0	3.21028995513916	1.0	-2.0	-2.0	-2.0	-2.0	223864.5	20924.0	-2.0	-2.0	17.832699298858643	8.904834747314453	-2.0	-2.0	-2.0	734.5	9.5	6.5	370.0	16.887450218200684	6.668405055999756	-2.0	-2.0	3579.5	-2.0	-2.0	13.514750003814697	15.810349941253662	10.063250064849854	6.5217649936676025	-2.0	-2.0	1490.5	13.702049732208252	-2.0	-2.0	-2.0	0.004894975165370852	-2.0	146.5	55.0	-2.0	-2.0	-2.0	-2.0	20.181649208068848	-2.0	10.010215044021606	-2.0	0.005032520042732358	-2.0	3579.5	0.01738095050677657	-2.0	-2.0	-2.0	-2.0	0.003550715046003461	-2.0	4.987834930419922	4.762769937515259	-2.0	-2.0	-2.0	8.740954875946045	3.735814929008484	1392.5	-2.0	-2.0	-2.0	1485.5	-2.0	29.5	-2.0	-2.0	29.756199836730957	-2.0	17.5	101.0	-2.0	38.10970115661621	71.0	-2.0	-2.0	-2.0	160.5	-2.0	565.0	-2.0	-2.0	20599.5	231.0	63.99285125732422	-2.0	0.011872100178152323	88.5	-2.0	138.0	-2.0	-2.0	179.0	-2.0	-2.0	-2.0	2012305.0	6.74439001083374	25.5	-2.0	-2.0	54.35960006713867	38253.0	34475.5	80.5	-2.0	85.5	-2.0	-2.0	23.15174961090088	-2.0	-2.0	-2.0	-2.0	58.0	1.4635289758443832	-2.0	-2.0	-2.0	5.5	-2.0	-2.0	90363.5	19.0	3125810.0	0.00465303985401988	5876.0	-2.0	2.6155049800872803	22755.0	-2.0	101.0	-2.0	-2.0	272091.0	2.9810049533843994	-2.0	34159.5	2.5	0.002284254995174706	10921.5	10250.0	2873.0	-2.0	-2.0	82.5	-2.0	-2.0	0.00067196149029769	6.346960067749023	80816.0	2.7439299821853638	-2.0	3.678049921989441	3.6750450134277344	-2.0	-2.0	-2.0	-2.0	21.326600074768066	0.0002627709982334636	-2.0	-2.0	-2.0	26.252099990844727	-2.0	-2.0	0.0026961950352415442	7.187294960021973	1.5	-2.0	-2.0	-2.0	0.003911164938472211	-2.0	-2.0	38.79069900512695	12.819499969482422	9191.5	5.8558349609375	0.0024647204554639757	-2.0	-2.0	150151.5	-2.0	8.5	-2.0	-2.0	0.0014642449386883527	18114.0	-2.0	19468.5	-2.0	-2.0	13862.0	-2.0	-2.0	13677.0	48.0	-2.0	92.5	-2.0	-2.0	0.0021192600252106786	-2.0	-2.0	-2.0	3.834030032157898	85.0	0.0001374790008412674	0.7374300062656403	121463.5	-2.0	-2.0	3.3255550861358643	-2.0	132002.5	-2.0	-2.0	-2.0	-2.0	2.5	35510.0	109970.0	21.0	-2.0	49098.0	-2.0	-2.0	4.0	-2.0	-2.0	-2.0	-2.0	-2.0	27428.0	26492.5	1894.0	22.847150325775146	-2.0	-2.0	11.5	-2.0	-2.0	-2.0	37.5	-2.0	-2.0	1.0	-2.0	13.5	-2.0	4.440980076789856	-2.0	-2.0	0.019463650416582823	64832.0	5617.0	18473.5	-2.0	0.00016165749548235908	-2.0	-2.0	46.5	-2.0	0.0030398399685509503	-2.0	-2.0	-2.0	-2.0	165090500.0	2.7041200399398804	1.0	-2.0	-2.0	0.012844749726355076	-2.0	2735280.0	10.011980056762695	7.5	-2.0	-2.0	144058.0	62512.5	-2.0	-2.0	-2.0	17.17430019378662	-2.0	77.5	-2.0	-2.0	-2.0	20173.5	1431.0	969.5	0.022180849686264992	0.02217024937272072	8.5	-2.0	-2.0	-2.0	-2.0	478.5	-2.0	-2.0	642150.0	126.5	3.0987448692321777	0.5	-2.0	-2.0	0.11724550276994705	9997.0	668.5	665.0	556.0	-2.0	3.0	-2.0	5.5	-2.0	-2.0	-2.0	-2.0	5.748899936676025	112044.5	-2.0	-2.0	0.000211086000490468	134713.0	-2.0	-2.0	-2.0	-2.0	91.96780014038086	-2.0	-2.0	1.0	-2.0	-2.0	0.5	-2.0	-2.0
# Feature
5	8	2	2	9	7	4	-2	8	2	2	2	-2	-2	0	-2	-2	2	5	-2	-2	-2	-2	8	1	8	1	-2	-2	-2	7	-2	0	5	-2	4	4	5	-2	8	-2	-2	5	-2	-2	-2	7	3	9	1	-2	-2	-2	-2	7	8	4	3	-2	5	3	-2	-2	-2	-2	-2	3	5	0	-2	7	-2	6	3	-2	-2	4	-2	-2	-2	4	-2	3	-2	8	0	3	5	7	-2	0	-2	2	8	-2	-2	-2	2	7	-2	-2	5	2	-2	8	-2	-2	7	-2	-2	-2	4	4	7	-2	-2	9	-2	-2	-2	0	7	-2	-2	3	-2	-2	1	2	4	-2	8	-2	2	3	-2	-2	8	7	7	-2	-2	2	-2	-2	0	9	-2	-2	-2	2	-2	2	-2	5	9	5	3	-2	-2	-2	2	-2	7	-2	-2	-2	8	7	7	8	7	8	4	3	5	-2	3	3	-2	-2	-2	9	3	-2	1	-2	-2	0	-2	0	-2	-2	-2	0	-2	2	-2	-2	9	5	7	0	-2	-2	-2	-2	-2	9	3	6	-2	-2	-2	-2	2	2	-2	-2	3	3	-2	-2	-2	8	6	6	8	7	3	-2	-2	1	-2	-2	7	3	3	7	-2	-2	1	3	-2	-2	-2	4	-2	5	5	-2	-2	-2	-2	3	-2	7	-2	4	-2	1	4	-2	-2	-2	-2	4	-2	3	3	-2	-2	-2	3	3	8	-2	-2	-2	8	-2	6	-2	-2	3	-2	6	8	-2	3	5	-2	-2	-2	8	-2	8	-2	-2	0	8	3	-2	4	5	-2	8	-2	-2	5	-2	-2	-2	2	3	5	-2	-2	7	1	0	9	-2	9	-2	-2	3	-2	-2	-2	-2	5	7	-2	-2	-2	6	-2	-2	8	6	2	4	2	-2	3	8	-2	5	-2	-2	1	3	-2	1	9	4	0	8	0	-2	-2	5	-2	-2	4	7	2	7	-2	3	3	-2	-2	-2	-2	7	4	-2	-2	-2	7	-2	-2	4	3	9	-2	-2	-2	4	-2	-2	7	7	8	3	4	-2	-2	2	-2	6	-2	-2	4	1	-2	1	-2	-2	8	-2	-2	8	9	-2	5	-2	-2	4	-2	-2	-2	7	5	4	7	0	-2	-2	7	-2	1	-2	-2	-2	-2	6	8	0	9	-2	0	-2	-2	9	-2	-2	-2	-2	-2	2	2	8	7	-2	-2	9	-2	-2	-2	5	-2	-2	9	-2	6	-2	7	-2	-2	4	8	8	0	-2	4	-2	-2	6	-2	4	-2	-2	-2	-2	2	3	9	-2	-2	7	-2	2	3	5	-2	-2	8	1	-2	-2	-2	3	-2	5	-2	-2	-2	5	8	8	4	4	9	-2	-2	-2	-2	5	-2	-2	8	6	3	9	-2	-2	4	5	5	5	5	-2	6	-2	6	-2	-2	-2	-2	3	1	-2	-2	4	8	-2	-2	-2	-2	7	-2	-2	9	-2	-2	9	-2	-2
# Values
34.0	923.0	215.0	459.0	4.0	42.0
1.0	595.0	208.0	445.0	4.0	15.0
1.0	278.0	208.0	212.0	2.0	9.0
1.0	278.0	206.0	212.0	2.0	0.0
1.0	264.0	196.0	176.0	2.0	0.0
1.0	259.0	170.0	171.0	2.0	0.0
0.0	30.0	4.0	4.0	1.0	0.0
0.0	0.0	0.0	2.0	0.0	0.0
0.0	30.0	4.0	2.0	1.0	0.0
0.0	30.0	4.0	2.0	0.0	0.0
0.0	8.0	4.0	1.0	0.0	0.0
0.0	8.0	1.0	0.0	0.0	0.0
0.0	0.0	1.0	0.0	0.0	0.0
0.0	8.0	0.0	0.0	0.0	0.0
0.0	0.0	3.0	1.0	0.0	0.0
0.0	0.0	3.0	0.0	0.0	0.0
0.0	0.0	0.0	1.0	0.0	0.0
0.0	22.0	0.0	1.0	0.0	0.0
0.0	6.0	0.0	1.0	0.0	0.0
0.0	2.0	0.0	0.0	0.0	0.0
0.0	4.0	0.0	1.0	0.0	0.0
0.0	16.0	0.0	0.0	0.0	0.0
0.0	0.0	0.0	0.0	1.0	0.0
1.0	229.0	166.0	167.0	1.0	0.0
1.0	65.0	53.0	85.0	1.0	0.0
1.0	10.0	0.0	2.0	0.0	0.0
1.0	10.0	0.0	0.0	0.0	0.0
1.0	0.0	0.0	0.0	0.0	0.0
0.0	10.0	0.0	0.0	0.0	0.0
0.0	0.0	0.0	2.0	0.0	0.0
0.0	55.0	53.0	83.0	1.0	0.0
0.0	0.0	0.0	10.0	0.0	0.0
0.0	55.0	53.0	73.0	1.0	0.0
0.0	3.0	13.0	5.0	0.0	0.0
0.0	2.0	0.0	0.0	0.0	0.0
0.0	1.0	13.0	5.0	0.0	0.0
0.0	1.0	13.0	3.0	0.0	0.0
0.0	1.0	2.0	2.0	0.0	0.0
0.0	0.0	0.0	2.0	0.0	0.0
0.0	1.0	2.0	0.0	0.0	0.0
0.0	1.0	0.0	0.0	0.0	0.0
0.0	0.0	2.0	0.0	0.0	0.0
0.0	0.0	11.0	1.0	0.0	0.0
0.0	0.0	11.0	0.0	0.0	0.0
0.0	0.0	0.0	1.0	0.0	0.0
0.0	0.0	0.0	2.0	0.0	0.0
0.0	52.0	40.0	68.0	1.0	0.0
0.0	9.0	3.0	1.0	0.0	0.0
0.0	9.0	2.0	0.0	0.0	0.0
0.0	1.0	2.0	0.0	0.0	0.0
0.0	1.0	0.0	0.0	0.0	0.0
0.0	0.0	2.0	0.0	0.0	0.0
0.0	8.0	0.0	0.0	0.0	0.0
0.0	0.0	1.0	1.0	0.0	0.0
0.0	43.0	37.0	67.0	1.0	0.0
0.0	1.0	4.0	17.0	1.0	0.0
0.0	1.0	4.0	6.0	1.0	0.0
0.0	1.0	1.0	6.0	1.0	0.0
0.0	0.0	0.0	0.0	1.0	0.0
0.0	1.0	1.0	6.0	0.0	0.0
0.0	1.0	0.0	6.0	0.0	0.0
0.0	0.0	0.0	6.0	0.0	0.0
0.0	1.0	0.0	0.0	0.0	0.0
0.0	0.0	1.0	0.0	0.0	0.0
0.0	0.0	3.0	0.0	0.0	0.0
0.0	0.0	0.0	11.0	0.0	0.0
0.0	42.0	33.0	50.0	0.0	0.0
0.0	3.0	3.0	16.0	0.0	0.0
0.0	1.0	3.0	16.0	0.0	0.0
0.0	0.0	1.0	0.0	0.0	0.0
0.0	1.0	2.0	16.0	0.0	0.0
0.0	0.0	1.0	0.0	0.0	0.0
0.0	1.0	1.0	16.0	0.0	0.0
0.0	0.0	1.0	14.0	0.0	0.0
0.0	0.0	0.0	8.0	0.0	0.0
0.0	0.0	1.0	6.0	0.0	0.0
0.0	1.0	0.0	2.0	0.0	0.0
0.0	0.0	0.0	2.0	0.0	0.0
0.0	1.0	0.0	0.0	0.0	0.0
0.0	2.0	0.0	0.0	0.0	0.0
0.0	39.0	30.0	34.0	0.0	0.0
0.0	0.0	7.0	0.0	0.0	0.0
0.0	39.0	23.0	34.0	0.0	0.0
0.0	4.0	0.0	0.0	0.0	0.0
0.0	35.0	23.0	34.0	0.0	0.0
0.0	25.0	23.0	27.0	0.0	0.0
0.0	23.0	12.0	19.0	0.0	0.0
0.0	23.0	12.0	15.0	0.0	0.0
0.0	9.0	1.0	12.0	0.0	0.0
0.0	4.0	0.0	0.0	0.0	0.0
0.0	5.0	1.0	12.0	0.0	0.0
0.0	3.0	0.0	0.0	0.0	0.0
0.0	2.0	1.0	12.0	0.0	0.0
0.0	0.0	1.0	12.0	0.0	0.0
0.0	0.0	0.0	12.0	0.0	0.0
0.0	0.0	1.0	0.0	0.0	0.0
0.0	2.0	0.0	0.0	0.0	0.0
0.0	14.0	11.0	3.0	0.0	0.0
0.0	3.0	9.0	0.0	0.0	0.0
0.0	3.0	0.0	0.0	0.0	0.0
0.0	0.0	9.0	0.0	0.0	0.0
0.0	11.0	2.0	3.0	0.0	0.0
0.0	4.0	1.0	3.0	0.0	0.0
0.0	4.0	0.0	0.0	0.0	0.0
0.0	0.0	1.0	3.0	0.0	0.0
0.0	0.0	0.0	3.0	0.0	0.0
0.0	0.0	1.0	0.0	0.0	0.0
0.0	7.0	1.0	0.0	0.0	0.0
0.0	0.0	1.0	0.0	0.0	0.0
0.0	7.0	0.0	0.0	0.0	0.0
0.0	0.0	0.0	4.0	0.0	0.0
0.0	2.0	11.0	8.0	0.0	0.0
0.0	2.0	4.0	8.0	0.0	0.0
0.0	2.0	3.0	1.0	0.0	0.0
0.0	2.0	1.0	1.0	0.0	0.0
0.0	0.0	2.0	0.0	0.0	0.0
0.0	0.0	1.0	7.0	0.0	0.0
0.0	0.0	1.0	0.0	0.0	0.0
0.0	0.0	0.0	7.0	0.0	0.0
0.0	0.0	7.0	0.0	0.0	0.0
0.0	10.0	0.0	7.0	0.0	0.0
0.0	1.0	0.0	5.0	0.0	0.0
0.0	1.0	0.0	0.0	0.0	0.0
0.0	0.0	0.0	5.0	0.0	0.0
0.0	9.0	0.0	2.0	0.0	0.0
0.0	9.0	0.0	0.0	0.0	0.0
0.0	0.0	0.0	2.0	0.0	0.0
0.0	164.0	113.0	82.0	0.0	0.0
0.0	83.0	26.0	35.0	0.0	0.0
0.0	40.0	20.0	28.0	0.0	0.0
0.0	0.0	0.0	4.0	0.0	0.0
0.0	40.0	20.0	24.0	0.0	0.0
0.0	0.0	3.0	0.0	0.0	0.0
0.0	40.0	17.0	24.0	0.0	0.0
0.0	8.0	1.0	0.0	0.0	0.0
0.0	0.0	1.0	0.0	0.0	0.0
0.0	8.0	0.0	0.0	0.0	0.0
0.0	32.0	16.0	24.0	0.0	0.0
0.0	2.0	1.0	7.0	0.0	0.0
0.0	1.0	0.0	7.0	0.0	0.0
0.0	1.0	0.0	0.0	0.0	0.0
0.0	0.0	0.0	7.0	0.0	0.0
0.0	1.0	1.0	0.0	0.0	0.0
0.0	0.0	1.0	0.0	0.0	0.0
0.0	1.0	0.0	0.0	0.0	0.0
0.0	30.0	15.0	17.0	0.0	0.0
0.0	5.0	2.0	0.0	0.0	0.0
0.0	3.0	2.0	0.0	0.0	0.0
0.0	2.0	0.0	0.0	0.0	0.0
0.0	25.0	13.0	17.0	0.0	0.0
0.0	43.0	6.0	7.0	0.0	0.0
0.0	22.0	0.0	0.0	0.0	0.0
0.0	21.0	6.0	7.0	0.0	0.0
0.0	0.0	0.0	5.0	0.0	0.0
0.0	21.0	6.0	2.0	0.0	0.0
0.0	21.0	4.0	2.0	0.0	0.0
0.0	17.0	0.0	1.0	0.0	0.0
0.0	1.0	0.0	1.0	0.0	0.0
0.0	1.0	0.0	0.0	0.0	0.0
0.0	0.0	0.0	1.0	0.0	0.0
0.0	16.0	0.0	0.0	0.0	0.0
0.0	4.0	4.0	1.0	0.0	0.0
0.0	0.0	0.0	1.0	0.0	0.0
0.0	4.0	4.0	0.0	0.0	0.0
0.0	1.0	2.0	0.0	0.0	0.0
0.0	3.0	2.0	0.0	0.0	0.0
0.0	0.0	2.0	0.0	0.0	0.0
0.0	81.0	87.0	47.0	0.0	0.0
0.0	77.0	83.0	37.0	0.0	0.0
0.0	58.0	48.0	16.0	0.0	0.0
0.0	41.0	48.0	11.0	0.0	0.0
0.0	28.0	46.0	10.0	0.0	0.0
0.0	26.0	24.0	8.0	0.0	0.0
0.0	24.0	11.0	5.0	0.0	0.0
0.0	24.0	11.0	2.0	0.0	0.0
0.0	6.0	9.0	0.0	0.0	0.0
0.0	0.0	6.0	0.0	0.0	0.0
0.0	6.0	3.0	0.0	0.0	0.0
0.0	1.0	3.0	0.0	0.0	0.0
0.0	1.0	0.0	0.0	0.0	0.0
0.0	0.0	3.0	0.0	0.0	0.0
0.0	5.0	0.0	0.0	0.0	0.0
0.0	18.0	2.0	2.0	0.0	0.0
0.0	16.0	1.0	0.0	0.0	0.0
0.0	15.0	0.0	0.0	0.0	0.0
0.0	1.0	1.0	0.0	0.0	0.0
0.0	1.0	0.0	0.0	0.0	0.0
0.0	0.0	1.0	0.0	0.0	0.0
0.0	2.0	1.0	2.0	0.0	0.0
0.0	0.0	0.0	1.0	0.0	0.0
0.0	2.0	1.0	1.0	0.0	0.0
0.0	1.0	0.0	0.0	0.0	0.0
0.0	1.0	1.0	1.0	0.0	0.0
0.0	0.0	0.0	3.0	0.0	0.0
0.0	2.0	13.0	3.0	0.0	0.0
0.0	0.0	0.0	3.0	0.0	0.0
0.0	2.0	13.0	0.0	0.0	0.0
0.0	0.0	13.0	0.0	0.0	0.0
0.0	2.0	0.0	0.0	0.0	0.0
0.0	2.0	22.0	2.0	0.0	0.0
0.0	2.0	22.0	0.0	0.0	0.0
0.0	2.0	10.0	0.0	0.0	0.0
0.0	1.0	10.0	0.0	0.0	0.0
0.0	0.0	9.0	0.0	0.0	0.0
0.0	1.0	1.0	0.0	0.0	0.0
0.0	1.0	0.0	0.0	0.0	0.0
0.0	0.0	12.0	0.0	0.0	0.0
0.0	0.0	0.0	2.0	0.0	0.0
0.0	13.0	2.0	1.0	0.0	0.0
0.0	13.0	0.0	1.0	0.0	0.0
0.0	1.0	0.0	1.0	0.0	0.0
0.0	1.0	0.0	0.0	0.0	0.0
0.0	0.0	0.0	1.0	0.0	0.0
0.0	12.0	0.0	0.0	0.0	0.0
0.0	0.0	2.0	0.0	0.0	0.0
0.0	17.0	0.0	5.0	0.0	0.0
0.0	13.0	0.0	1.0	0.0	0.0
0.0	0.0	0.0	1.0	0.0	0.0
0.0	13.0	0.0	0.0	0.0	0.0
0.0	4.0	0.0	4.0	0.0	0.0
0.0	3.0	0.0	4.0	0.0	0.0
0.0	3.0	0.0	3.0	0.0	0.0
0.0	0.0	0.0	1.0	0.0	0.0
0.0	1.0	0.0	0.0	0.0	0.0
0.0	19.0	35.0	21.0	0.0	0.0
0.0	18.0	22.0	19.0	0.0	0.0
0.0	18.0	16.0	19.0	0.0	0.0
0.0	13.0	16.0	11.0	0.0	0.0
0.0	0.0	10.0	5.0	0.0	0.0
0.0	0.0	9.0	1.0	0.0	0.0
0.0	0.0	0.0	1.0	0.0	0.0
0.0	0.0	9.0	0.0	0.0	0.0
0.0	0.0	1.0	4.0	0.0	0.0
0.0	0.0	1.0	0.0	0.0	0.0
0.0	0.0	0.0	4.0	0.0	0.0
0.0	13.0	6.0	6.0	0.0	0.0
0.0	7.0	6.0	6.0	0.0	0.0
0.0	3.0	6.0	3.0	0.0	0.0
0.0	3.0	0.0	2.0	0.0	0.0
0.0	0.0	0.0	2.0	0.0	0.0
0.0	3.0	0.0	0.0	0.0	0.0
0.0	0.0	6.0	1.0	0.0	0.0
0.0	0.0	2.0	1.0	0.0	0.0
0.0	0.0	2.0	0.0	0.0	0.0
0.0	0.0	0.0	1.0	0.0	0.0
0.0	0.0	4.0	0.0	0.0	0.0
0.0	4.0	0.0	3.0	0.0	0.0
0.0	0.0	0.0	1.0	0.0	0.0
0.0	4.0	0.0	2.0	0.0	0.0
0.0	4.0	0.0	1.0	0.0	0.0
0.0	2.0	0.0	1.0	0.0	0.0
0.0	2.0	0.0	0.0	0.0	0.0
0.0	0.0	0.0	1.0	0.0	0.0
0.0	6.0	0.0	0.0	0.0	0.0
0.0	5.0	0.0	8.0	0.0	0.0
0.0	0.0	0.0	2.0	0.0	0.0
0.0	5.0	0.0	6.0	0.0	0.0
0.0	1.0	0.0	0.0	0.0	0.0
0.0	4.0	0.0	6.0	0.0	0.0
0.0	0.0	0.0	1.0	0.0	0.0
0.0	4.0	0.0	5.0	0.0	0.0
0.0	1.0	0.0	2.0	0.0	0.0
0.0	0.0	0.0	1.0	0.0	0.0
0.0	1.0	0.0	1.0	0.0	0.0
0.0	3.0	0.0	3.0	0.0	0.0
0.0	0.0	6.0	0.0	0.0	0.0
0.0	1.0	13.0	2.0	0.0	0.0
0.0	0.0	1.0	2.0	0.0	0.0
0.0	1.0	12.0	0.0	0.0	0.0
0.0	1.0	1.0	0.0	0.0	0.0
0.0	0.0	1.0	0.0	0.0	0.0
0.0	1.0	0.0	0.0	0.0	0.0
0.0	0.0	11.0	0.0	0.0	0.0
0.0	4.0	4.0	10.0	0.0	0.0
0.0	1.0	0.0	9.0	0.0	0.0
0.0	1.0	0.0	1.0	0.0	0.0
0.0	0.0	0.0	1.0	0.0	0.0
0.0	1.0	0.0	0.0	0.0	0.0
0.0	0.0	0.0	8.0	0.0	0.0
0.0	3.0	4.0	1.0	0.0	0.0
0.0	3.0	0.0	0.0	0.0	0.0
0.0	0.0	4.0	1.0	0.0	0.0
0.0	0.0	4.0	0.0	0.0	0.0
0.0	0.0	0.0	1.0	0.0	0.0
0.0	5.0	26.0	5.0	0.0	0.0
0.0	0.0	0.0	3.0	0.0	0.0
0.0	5.0	26.0	2.0	0.0	0.0
0.0	0.0	19.0	2.0	0.0	0.0
0.0	0.0	0.0	1.0	0.0	0.0
0.0	0.0	19.0	1.0	0.0	0.0
0.0	0.0	3.0	1.0	0.0	0.0
0.0	0.0	3.0	0.0	0.0	0.0
0.0	0.0	0.0	1.0	0.0	0.0
0.0	0.0	16.0	0.0	0.0	0.0
0.0	5.0	7.0	0.0	0.0	0.0
0.0	0.0	6.0	0.0	0.0	0.0
0.0	5.0	1.0	0.0	0.0	0.0
0.0	5.0	0.0	0.0	0.0	0.0
0.0	0.0	1.0	0.0	0.0	0.0
0.0	14.0	10.0	36.0	0.0	0.0
0.0	5.0	6.0	5.0	0.0	0.0
0.0	1.0	6.0	5.0	0.0	0.0
0.0	0.0	3.0	0.0	0.0	0.0
0.0	1.0	3.0	5.0	0.0	0.0
0.0	1.0	0.0	4.0	0.0	0.0
0.0	0.0	0.0	3.0	0.0	0.0
0.0	1.0	0.0	1.0	0.0	0.0
0.0	1.0	0.0	0.0	0.0	0.0
0.0	0.0	0.0	1.0	0.0	0.0
0.0	0.0	3.0	1.0	0.0	0.0
0.0	0.0	3.0	0.0	0.0	0.0
0.0	0.0	0.0	1.0	0.0	0.0
0.0	4.0	0.0	0.0	0.0	0.0
0.0	9.0	4.0	31.0	0.0	0.0
0.0	4.0	2.0	28.0	0.0	0.0
0.0	2.0	0.0	1.0	0.0	0.0
0.0	2.0	0.0	0.0	0.0	0.0
0.0	0.0	0.0	1.0	0.0	0.0
0.0	2.0	2.0	27.0	0.0	0.0
0.0	1.0	2.0	27.0	0.0	0.0
0.0	1.0	2.0	12.0	0.0	0.0
0.0	0.0	1.0	12.0	0.0	0.0
0.0	0.0	0.0	8.0	0.0	0.0
0.0	0.0	1.0	4.0	0.0	0.0
0.0	0.0	1.0	0.0	0.0	0.0
0.0	0.0	0.0	4.0	0.0	0.0
0.0	1.0	1.0	0.0	0.0	0.0
0.0	0.0	1.0	0.0	0.0	0.0
0.0	1.0	0.0	0.0	0.0	0.0
0.0	0.0	0.0	15.0	0.0	0.0
0.0	1.0	0.0	0.0	0.0	0.0
0.0	5.0	2.0	3.0	0.0	0.0
0.0	0.0	2.0	3.0	0.0	0.0
0.0	0.0	2.0	0.0	0.0	0.0
0.0	0.0	0.0	3.0	0.0	0.0
0.0	5.0	0.0	0.0	0.0	0.0
0.0	0.0	2.0	0.0	0.0	9.0
0.0	0.0	2.0	0.0	0.0	0.0
0.0	0.0	0.0	0.0	0.0	9.0
0.0	317.0	0.0	233.0	2.0	6.0
0.0	234.0	0.0	220.0	0.0	1.0
0.0	228.0	0.0	193.0	0.0	1.0
0.0	200.0	0.0	192.0	0.0	0.0
0.0	162.0	0.0	183.0	0.0	0.0
0.0	10.0	0.0	0.0	0.0	0.0
0.0	152.0	0.0	183.0	0.0	0.0
0.0	12.0	0.0	1.0	0.0	0.0
0.0	11.0	0.0	0.0	0.0	0.0
0.0	1.0	0.0	1.0	0.0	0.0
0.0	0.0	0.0	1.0	0.0	0.0
0.0	1.0	0.0	0.0	0.0	0.0
0.0	140.0	0.0	182.0	0.0	0.0
0.0	134.0	0.0	182.0	0.0	0.0
0.0	0.0	0.0	12.0	0.0	0.0
0.0	134.0	0.0	170.0	0.0	0.0
0.0	111.0	0.0	114.0	0.0	0.0
0.0	60.0	0.0	40.0	0.0	0.0
0.0	56.0	0.0	29.0	0.0	0.0
0.0	25.0	0.0	5.0	0.0	0.0
0.0	19.0	0.0	1.0	0.0	0.0
0.0	0.0	0.0	1.0	0.0	0.0
0.0	19.0	0.0	0.0	0.0	0.0
0.0	6.0	0.0	4.0	0.0	0.0
0.0	0.0	0.0	4.0	0.0	0.0
0.0	6.0	0.0	0.0	0.0	0.0
0.0	31.0	0.0	24.0	0.0	0.0
0.0	30.0	0.0	17.0	0.0	0.0
0.0	9.0	0.0	12.0	0.0	0.0
0.0	9.0	0.0	3.0	0.0	0.0
0.0	8.0	0.0	0.0	0.0	0.0
0.0	1.0	0.0	3.0	0.0	0.0
0.0	1.0	0.0	1.0	0.0	0.0
0.0	0.0	0.0	1.0	0.0	0.0
0.0	1.0	0.0	0.0	0.0	0.0
0.0	0.0	0.0	2.0	0.0	0.0
0.0	0.0	0.0	9.0	0.0	0.0
0.0	21.0	0.0	5.0	0.0	0.0
0.0	18.0	0.0	1.0	0.0	0.0
0.0	0.0	0.0	1.0	0.0	0.0
0.0	18.0	0.0	0.0	0.0	0.0
0.0	3.0	0.0	4.0	0.0	0.0
0.0	1.0	0.0	7.0	0.0	0.0
0.0	0.0	0.0	5.0	0.0	0.0
0.0	1.0	0.0	2.0	0.0	0.0
0.0	4.0	0.0	11.0	0.0	0.0
0.0	1.0	0.0	9.0	0.0	0.0
0.0	1.0	0.0	2.0	0.0	0.0
0.0	1.0	0.0	0.0	0.0	0.0
0.0	0.0	0.0	2.0	0.0	0.0
0.0	0.0	0.0	7.0	0.0	0.0
0.0	3.0	0.0	2.0	0.0	0.0
0.0	3.0	0.0	0.0	0.0	0.0
0.0	0.0	0.0	2.0	0.0	0.0
0.0	51.0	0.0	74.0	0.0	0.0
0.0	45.0	0.0	74.0	0.0	0.0
0.0	42.0	0.0	51.0	0.0	0.0
0.0	39.0	0.0	32.0	0.0	0.0
0.0	19.0	0.0	29.0	0.0	0.0
0.0	0.0	0.0	5.0	0.0	0.0
0.0	19.0	0.0	24.0	0.0	0.0
0.0	20.0	0.0	3.0	0.0	0.0
0.0	14.0	0.0	0.0	0.0	0.0
0.0	6.0	0.0	3.0	0.0	0.0
0.0	0.0	0.0	3.0	0.0	0.0
0.0	6.0	0.0	0.0	0.0	0.0
0.0	3.0	0.0	19.0	0.0	0.0
0.0	1.0	0.0	18.0	0.0	0.0
0.0	0.0	0.0	16.0	0.0	0.0
0.0	1.0	0.0	2.0	0.0	0.0
0.0	1.0	0.0	0.0	0.0	0.0
0.0	0.0	0.0	2.0	0.0	0.0
0.0	2.0	0.0	1.0	0.0	0.0
0.0	0.0	0.0	1.0	0.0	0.0
0.0	2.0	0.0	0.0	0.0	0.0
0.0	3.0	0.0	23.0	0.0	0.0
0.0	1.0	0.0	22.0	0.0	0.0
0.0	0.0	0.0	21.0	0.0	0.0
0.0	1.0	0.0	1.0	0.0	0.0
0.0	1.0	0.0	0.0	0.0	0.0
0.0	0.0	0.0	1.0	0.0	0.0
0.0	2.0	0.0	1.0	0.0	0.0
0.0	2.0	0.0	0.0	0.0	0.0
0.0	0.0	0.0	1.0	0.0	0.0
0.0	6.0	0.0	0.0	0.0	0.0
0.0	23.0	0.0	56.0	0.0	0.0
0.0	17.0	0.0	22.0	0.0	0.0
0.0	8.0	0.0	22.0	0.0	0.0
0.0	3.0	0.0	22.0	0.0	0.0
0.0	2.0	0.0	1.0	0.0	0.0
0.0	0.0	0.0	1.0	0.0	0.0
0.0	2.0	0.0	0.0	0.0	0.0
0.0	1.0	0.0	21.0	0.0	0.0
0.0	0.0	0.0	19.0	0.0	0.0
0.0	1.0	0.0	2.0	0.0	0.0
0.0	0.0	0.0	2.0	0.0	0.0
0.0	1.0	0.0	0.0	0.0	0.0
0.0	5.0	0.0	0.0	0.0	0.0
0.0	9.0	0.0	0.0	0.0	0.0
0.0	6.0	0.0	34.0	0.0	0.0
0.0	6.0	0.0	17.0	0.0	0.0
0.0	3.0	0.0	17.0	0.0	0.0
0.0	1.0	0.0	15.0	0.0	0.0
0.0	0.0	0.0	14.0	0.0	0.0
0.0	1.0	0.0	1.0	0.0	0.0
0.0	1.0	0.0	0.0	0.0	0.0
0.0	0.0	0.0	1.0	0.0	0.0
0.0	2.0	0.0	2.0	0.0	0.0
0.0	2.0	0.0	0.0	0.0	0.0
0.0	0.0	0.0	2.0	0.0	0.0
0.0	3.0	0.0	0.0	0.0	0.0
0.0	0.0	0.0	17.0	0.0	0.0
0.0	6.0	0.0	0.0	0.0	0.0
0.0	38.0	0.0	9.0	0.0	0.0
0.0	13.0	0.0	8.0	0.0	0.0
0.0	13.0	0.0	4.0	0.0	0.0
0.0	1.0	0.0	3.0	0.0	0.0
0.0	0.0	0.0	3.0	0.0	0.0
0.0	1.0	0.0	0.0	0.0	0.0
0.0	12.0	0.0	1.0	0.0	0.0
0.0	12.0	0.0	0.0	0.0	0.0
0.0	0.0	0.0	1.0	0.0	0.0
0.0	0.0	0.0	4.0	0.0	0.0
0.0	25.0	0.0	1.0	0.0	0.0
0.0	1.0	0.0	1.0	0.0	0.0
0.0	24.0	0.0	0.0	0.0	0.0
0.0	28.0	0.0	1.0	0.0	1.0
0.0	0.0	0.0	0.0	0.0	1.0
0.0	28.0	0.0	1.0	0.0	0.0
0.0	24.0	0.0	0.0	0.0	0.0
0.0	4.0	0.0	1.0	0.0	0.0
0.0	0.0	0.0	1.0	0.0	0.0
0.0	4.0	0.0	0.0	0.0	0.0
0.0	6.0	0.0	27.0	0.0	0.0
0.0	4.0	0.0	27.0	0.0	0.0
0.0	3.0	0.0	27.0	0.0	0.0
0.0	2.0	0.0	3.0	0.0	0.0
0.0	0.0	0.0	2.0	0.0	0.0
0.0	2.0	0.0	1.0	0.0	0.0
0.0	0.0	0.0	1.0	0.0	0.0
0.0	2.0	0.0	0.0	0.0	0.0
0.0	1.0	0.0	24.0	0.0	0.0
0.0	0.0	0.0	23.0	0.0	0.0
0.0	1.0	0.0	1.0	0.0	0.0
0.0	1.0	0.0	0.0	0.0	0.0
0.0	0.0	0.0	1.0	0.0	0.0
0.0	1.0	0.0	0.0	0.0	0.0
0.0	2.0	0.0	0.0	0.0	0.0
0.0	83.0	0.0	13.0	2.0	5.0
0.0	83.0	0.0	10.0	2.0	5.0
0.0	5.0	0.0	0.0	0.0	5.0
0.0	0.0	0.0	0.0	0.0	5.0
0.0	5.0	0.0	0.0	0.0	0.0
0.0	78.0	0.0	10.0	2.0	0.0
0.0	0.0	0.0	0.0	2.0	0.0
0.0	78.0	0.0	10.0	0.0	0.0
0.0	14.0	0.0	6.0	0.0	0.0
0.0	12.0	0.0	2.0	0.0	0.0
0.0	0.0	0.0	2.0	0.0	0.0
0.0	12.0	0.0	0.0	0.0	0.0
0.0	2.0	0.0	4.0	0.0	0.0
0.0	2.0	0.0	1.0	0.0	0.0
0.0	0.0	0.0	1.0	0.0	0.0
0.0	2.0	0.0	0.0	0.0	0.0
0.0	0.0	0.0	3.0	0.0	0.0
0.0	64.0	0.0	4.0	0.0	0.0
0.0	49.0	0.0	0.0	0.0	0.0
0.0	15.0	0.0	4.0	0.0	0.0
0.0	0.0	0.0	4.0	0.0	0.0
0.0	15.0	0.0	0.0	0.0	0.0
0.0	0.0	0.0	3.0	0.0	0.0
33.0	328.0	7.0	14.0	0.0	27.0
1.0	328.0	7.0	14.0	0.0	13.0
0.0	5.0	7.0	5.0	0.0	0.0
0.0	4.0	7.0	0.0	0.0	0.0
0.0	4.0	3.0	0.0	0.0	0.0
0.0	1.0	3.0	0.0	0.0	0.0
0.0	1.0	0.0	0.0	0.0	0.0
0.0	0.0	3.0	0.0	0.0	0.0
0.0	3.0	0.0	0.0	0.0	0.0
0.0	0.0	4.0	0.0	0.0	0.0
0.0	1.0	0.0	5.0	0.0	0.0
0.0	1.0	0.0	0.0	0.0	0.0
0.0	0.0	0.0	5.0	0.0	0.0
1.0	323.0	0.0	9.0	0.0	13.0
1.0	311.0	0.0	9.0	0.0	2.0
1.0	310.0	0.0	7.0	0.0	2.0
0.0	1.0	0.0	2.0	0.0	0.0
0.0	1.0	0.0	0.0	0.0	0.0
0.0	0.0	0.0	2.0	0.0	0.0
1.0	309.0	0.0	5.0	0.0	2.0
1.0	309.0	0.0	4.0	0.0	2.0
0.0	292.0	0.0	4.0	0.0	0.0
0.0	58.0	0.0	4.0	0.0	0.0
0.0	58.0	0.0	3.0	0.0	0.0
0.0	45.0	0.0	0.0	0.0	0.0
0.0	13.0	0.0	3.0	0.0	0.0
0.0	10.0	0.0	0.0	0.0	0.0
0.0	3.0	0.0	3.0	0.0	0.0
0.0	0.0	0.0	3.0	0.0	0.0
0.0	3.0	0.0	0.0	0.0	0.0
0.0	0.0	0.0	1.0	0.0	0.0
0.0	234.0	0.0	0.0	0.0	0.0
1.0	17.0	0.0	0.0	0.0	2.0
1.0	0.0	0.0	0.0	0.0	1.0
0.0	0.0	0.0	0.0	0.0	1.0
1.0	0.0	0.0	0.0	0.0	0.0
0.0	17.0	0.0	0.0	0.0	1.0
0.0	3.0	0.0	0.0	0.0	1.0
0.0	0.0	0.0	0.0	0.0	1.0
0.0	3.0	0.0	0.0	0.0	0.0
0.0	14.0	0.0	0.0	0.0	0.0
0.0	0.0	0.0	1.0	0.0	0.0
0.0	1.0	0.0	2.0	0.0	0.0
0.0	1.0	0.0	0.0	0.0	0.0
0.0	0.0	0.0	2.0	0.0	0.0
0.0	12.0	0.0	0.0	0.0	11.0
0.0	0.0	0.0	0.0	0.0	11.0
0.0	12.0	0.0	0.0	0.0	0.0
32.0	0.0	0.0	0.0	0.0	14.0
0.0	0.0	0.0	0.0	0.0	14.0
32.0	0.0	0.0	0.0	0.0	0.0
