# Sizes (NFeatures, Nclasses, NodeCount, MaxDepth)
10	6	617	23
# Classes
0.0	1.0	2.0	3.0	4.0	5.0
# Feature Names
Nrows	Ncols	Nnnz	AvgNnnz	Density	MaxRowNnnz	MinRowNnnz	StdRowNnnz	NDiags	NTrueDiags
# Left
1	2	3	4	5	6	7	8	9	10	11	12	13	14	15	-1	-1	18	-1	-1	-1	22	-1	-1	25	26	27	28	29	-1	-1	-1	-1	-1	-1	36	-1	38	39	-1	41	-1	-1	-1	-1	46	-1	-1	49	-1	51	-1	-1	54	55	56	57	-1	59	-1	-1	62	-1	64	-1	66	-1	68	-1	70	71	72	-1	-1	-1	76	77	78	-1	-1	-1	-1	-1	84	85	86	87	-1	89	-1	-1	92	-1	94	-1	-1	-1	98	-1	100	-1	-1	103	104	-1	-1	-1	108	109	-1	-1	-1	113	114	115	116	117	-1	119	-1	121	122	-1	-1	-1	-1	127	128	129	130	131	-1	133	134	135	-1	-1	-1	-1	-1	-1	-1	143	144	-1	-1	147	148	149	-1	-1	152	-1	154	-1	156	157	158	-1	-1	-1	162	-1	164	-1	-1	167	168	169	-1	171	172	173	174	-1	-1	177	-1	-1	-1	-1	182	183	184	-1	-1	187	188	189	-1	191	-1	-1	194	-1	-1	197	-1	-1	200	201	-1	203	-1	-1	206	-1	-1	209	210	211	-1	213	214	215	-1	-1	-1	219	-1	-1	222	-1	224	225	226	-1	228	229	-1	-1	-1	-1	234	235	-1	-1	238	-1	240	-1	-1	-1	244	245	246	247	248	249	-1	251	-1	253	-1	255	-1	-1	-1	-1	260	-1	262	263	264	-1	-1	-1	268	-1	-1	271	272	-1	274	275	-1	-1	-1	279	280	-1	282	-1	-1	-1	286	287	288	289	-1	291	-1	-1	294	295	-1	-1	298	299	300	301	302	303	-1	-1	306	307	-1	-1	-1	311	312	-1	314	-1	-1	-1	-1	319	-1	321	322	-1	-1	-1	-1	327	-1	329	-1	-1	332	333	334	335	-1	-1	-1	-1	-1	341	342	343	-1	345	-1	347	-1	-1	350	-1	352	-1	-1	-1	356	-1	-1	359	360	361	362	-1	364	365	-1	-1	-1	369	-1	371	-1	-1	374	375	376	377	-1	-1	380	-1	382	-1	384	385	-1	387	-1	-1	390	-1	392	-1	-1	395	396	397	398	399	400	-1	402	-1	404	-1	-1	407	408	-1	410	411	412	413	-1	-1	-1	417	-1	419	420	421	422	-1	-1	-1	-1	-1	428	-1	-1	431	432	433	-1	-1	-1	437	438	439	440	-1	442	443	-1	-1	446	-1	448	-1	-1	-1	-1	453	454	455	-1	-1	458	459	-1	-1	-1	463	-1	-1	466	-1	-1	469	470	-1	472	-1	474	-1	476	477	-1	-1	-1	-1	482	483	-1	-1	-1	487	488	489	490	491	492	493	494	-1	496	497	-1	-1	500	501	502	-1	-1	505	-1	507	508	509	-1	511	-1	-1	514	515	-1	-1	-1	519	520	-1	522	-1	-1	-1	526	527	528	529	-1	-1	532	533	-1	535	-1	-1	-1	539	540	541	542	543	-1	-1	-1	547	-1	-1	550	-1	-1	-1	-1	-1	556	-1	-1	559	560	561	562	563	-1	-1	-1	567	-1	-1	-1	-1	572	573	-1	-1	576	577	-1	579	580	581	582	-1	-1	-1	-1	-1	-1	589	-1	-1	-1	593	594	-1	-1	-1	-1	599	600	601	-1	603	-1	605	606	-1	-1	-1	610	-1	-1	613	-1	615	-1	-1
# Right
358	355	112	107	102	53	48	45	44	35	24	21	20	17	16	-1	-1	19	-1	-1	-1	23	-1	-1	34	33	32	31	30	-1	-1	-1	-1	-1	-1	37	-1	43	40	-1	42	-1	-1	-1	-1	47	-1	-1	50	-1	52	-1	-1	83	82	61	58	-1	60	-1	-1	63	-1	65	-1	67	-1	69	-1	75	74	73	-1	-1	-1	81	80	79	-1	-1	-1	-1	-1	97	96	91	88	-1	90	-1	-1	93	-1	95	-1	-1	-1	99	-1	101	-1	-1	106	105	-1	-1	-1	111	110	-1	-1	-1	340	243	126	125	118	-1	120	-1	124	123	-1	-1	-1	-1	142	141	140	139	132	-1	138	137	136	-1	-1	-1	-1	-1	-1	-1	146	145	-1	-1	166	151	150	-1	-1	153	-1	155	-1	161	160	159	-1	-1	-1	163	-1	165	-1	-1	208	181	170	-1	180	179	176	175	-1	-1	178	-1	-1	-1	-1	199	186	185	-1	-1	196	193	190	-1	192	-1	-1	195	-1	-1	198	-1	-1	205	202	-1	204	-1	-1	207	-1	-1	242	221	212	-1	218	217	216	-1	-1	-1	220	-1	-1	223	-1	233	232	227	-1	231	230	-1	-1	-1	-1	237	236	-1	-1	239	-1	241	-1	-1	-1	285	270	259	258	257	250	-1	252	-1	254	-1	256	-1	-1	-1	-1	261	-1	267	266	265	-1	-1	-1	269	-1	-1	278	273	-1	277	276	-1	-1	-1	284	281	-1	283	-1	-1	-1	331	326	293	290	-1	292	-1	-1	297	296	-1	-1	325	318	317	310	305	304	-1	-1	309	308	-1	-1	-1	316	313	-1	315	-1	-1	-1	-1	320	-1	324	323	-1	-1	-1	-1	328	-1	330	-1	-1	339	338	337	336	-1	-1	-1	-1	-1	354	349	344	-1	346	-1	348	-1	-1	351	-1	353	-1	-1	-1	357	-1	-1	598	373	368	363	-1	367	366	-1	-1	-1	370	-1	372	-1	-1	597	394	379	378	-1	-1	381	-1	383	-1	389	386	-1	388	-1	-1	391	-1	393	-1	-1	486	481	468	465	406	401	-1	403	-1	405	-1	-1	430	409	-1	427	416	415	414	-1	-1	-1	418	-1	426	425	424	423	-1	-1	-1	-1	-1	429	-1	-1	436	435	434	-1	-1	-1	452	451	450	441	-1	445	444	-1	-1	447	-1	449	-1	-1	-1	-1	462	457	456	-1	-1	461	460	-1	-1	-1	464	-1	-1	467	-1	-1	480	471	-1	473	-1	475	-1	479	478	-1	-1	-1	-1	485	484	-1	-1	-1	592	591	588	571	558	555	554	495	-1	499	498	-1	-1	525	504	503	-1	-1	506	-1	518	513	510	-1	512	-1	-1	517	516	-1	-1	-1	524	521	-1	523	-1	-1	-1	553	538	531	530	-1	-1	537	534	-1	536	-1	-1	-1	552	549	546	545	544	-1	-1	-1	548	-1	-1	551	-1	-1	-1	-1	-1	557	-1	-1	570	569	566	565	564	-1	-1	-1	568	-1	-1	-1	-1	575	574	-1	-1	587	578	-1	586	585	584	583	-1	-1	-1	-1	-1	-1	590	-1	-1	-1	596	595	-1	-1	-1	-1	612	609	602	-1	604	-1	608	607	-1	-1	-1	611	-1	-1	614	-1	616	-1	-1
# Threshold
1241.5	13182790.0	4.934149980545044	0.07568195089697838	4.741285085678101	0.9398795068264008	0.02037355024367571	0.7869485020637512	0.6567659974098206	4.5	3948.5	344.0	3167.0	374.0	0.017894349992275238	-2.0	-2.0	1338.0	-2.0	-2.0	-2.0	778.0	-2.0	-2.0	0.001999500091187656	104.5	4.5	15733.5	3628.5	-2.0	-2.0	-2.0	-2.0	-2.0	-2.0	1605.0	-2.0	4105.0	2105.0	-2.0	3105.0	-2.0	-2.0	-2.0	-2.0	201.5	-2.0	-2.0	0.03319284971803427	-2.0	3.5216649770736694	-2.0	-2.0	3445.5	724.0	2.1276150345802307	1.1667450070381165	-2.0	6.0	-2.0	-2.0	3.1434749364852905	-2.0	6.5	-2.0	3.4954899549484253	-2.0	1.5	-2.0	3.627179980278015	0.035971499979496	1.5	-2.0	-2.0	-2.0	114.5	50.0	405.5	-2.0	-2.0	-2.0	-2.0	-2.0	832.5	71.0	6.5	4.1228450536727905	-2.0	40600.0	-2.0	-2.0	510.5	-2.0	1.7074350118637085	-2.0	-2.0	-2.0	1.0	-2.0	3.038439989089966	-2.0	-2.0	0.00568439019843936	4.868819952011108	-2.0	-2.0	-2.0	3.500885009765625	0.3677684962749481	-2.0	-2.0	-2.0	37676.5	264.0	0.0020599201088771224	4.187179923057556	0.0003434195095906034	-2.0	7.5	-2.0	10.0	8.878584861755371	-2.0	-2.0	-2.0	-2.0	7.5	0.8548884987831116	255.0	16613.0	5.657145023345947	-2.0	5.8090901374816895	625.0	306.5	-2.0	-2.0	-2.0	-2.0	-2.0	-2.0	-2.0	2.5	0.007986260228790343	-2.0	-2.0	738.0	25.0	15.5	-2.0	-2.0	0.5	-2.0	56.0	-2.0	461.0	396.0	323.0	-2.0	-2.0	-2.0	8.10557508468628	-2.0	9.586874961853027	-2.0	-2.0	59.5	60.5	1765.5	-2.0	12.0	6.06082010269165	1.1727449893951416	7.0	-2.0	-2.0	9.5	-2.0	-2.0	-2.0	-2.0	4.5	8.176424980163574	4.285490036010742	-2.0	-2.0	144.5	96.0	1390.0	-2.0	2380.0	-2.0	-2.0	24.0	-2.0	-2.0	11.5	-2.0	-2.0	10.807199954986572	7.4468300342559814	-2.0	7.800335168838501	-2.0	-2.0	61870.5	-2.0	-2.0	192.0	73174.0	61.5	-2.0	32514.5	170.0	452.5	-2.0	-2.0	-2.0	0.020805400796234608	-2.0	-2.0	61.0	-2.0	85.5	111.0	5.5108301639556885	-2.0	88898.0	2600.0	-2.0	-2.0	-2.0	-2.0	108.0	11.0	-2.0	-2.0	0.011872100178152323	-2.0	1432820.0	-2.0	-2.0	-2.0	6.1762001514434814	13.5	6.0	998.0	1.8444949984550476	0.2518544550985098	-2.0	391.0	-2.0	11822.0	-2.0	2819.5	-2.0	-2.0	-2.0	-2.0	406.0	-2.0	40147.5	1125.5	7.362144947052002	-2.0	-2.0	-2.0	12.0	-2.0	-2.0	480.0	403.5	-2.0	6683.5	0.030931399203836918	-2.0	-2.0	-2.0	82.5	16.5	-2.0	34.5	-2.0	-2.0	-2.0	34.26780128479004	838.0	41.5	0.024421549402177334	-2.0	529.0	-2.0	-2.0	7.744070053100586	50.5	-2.0	-2.0	32.37030029296875	580.0	194.5	370.0	1.5	56.0	-2.0	-2.0	9.0	5.0	-2.0	-2.0	-2.0	0.01247729966416955	0.002394925046246499	-2.0	172.0	-2.0	-2.0	-2.0	-2.0	18.71275043487549	-2.0	574.5	0.02207494992762804	-2.0	-2.0	-2.0	-2.0	17.045400142669678	-2.0	18390.0	-2.0	-2.0	126.52099990844727	1251860.0	10.457679748535156	8.5	-2.0	-2.0	-2.0	-2.0	-2.0	4.5	0.00012289550068089738	6.473694801330566	-2.0	96505.5	-2.0	691320.5	-2.0	-2.0	109957.5	-2.0	44.5	-2.0	-2.0	-2.0	37.5	-2.0	-2.0	621.0	1.0875399766518967e-05	13069600.0	4.629745006561279	-2.0	6.568540096282959	2.391909958987526e-06	-2.0	-2.0	-2.0	0.5	-2.0	4.0	-2.0	-2.0	1501010.0	2.8786650545953307e-05	0.14719299972057343	434943.0	-2.0	-2.0	1.2912999864056474e-05	-2.0	5.5	-2.0	38104.0	4.752964973449707	-2.0	320.5	-2.0	-2.0	18152650.0	-2.0	10.0	-2.0	-2.0	10869.0	454.5	13.253600120544434	13.5	811.0	1512.0	-2.0	9.091625213623047	-2.0	11.65910005569458	-2.0	-2.0	5.835625171661377	0.00043380248825997114	-2.0	7900.0	3.9861150979995728	1779.0	0.0011939245159737766	-2.0	-2.0	-2.0	33.0	-2.0	309.5	4.016695022583008	4.0142951011657715	0.003957269946113229	-2.0	-2.0	-2.0	-2.0	-2.0	5532.0	-2.0	-2.0	1110.0	1901.0	3.0	-2.0	-2.0	-2.0	7.656055212020874	4918.5	4038.5	6.5	-2.0	27541.0	3.7378499507904053	-2.0	-2.0	3793.0	-2.0	37.5	-2.0	-2.0	-2.0	-2.0	5965.0	22251.0	9.97224497795105	-2.0	-2.0	0.5	0.0028270650655031204	-2.0	-2.0	-2.0	10308.5	-2.0	-2.0	59.0	-2.0	-2.0	14064.5	8.91553020477295	-2.0	4182.0	-2.0	5787.5	-2.0	7418.5	7.5	-2.0	-2.0	-2.0	-2.0	4415.0	3061.0	-2.0	-2.0	-2.0	360.5	278085.0	0.0023410600842908025	15.293200016021729	1860765.0	110897.5	69236.0	11869.0	-2.0	2244.5	0.3734760135412216	-2.0	-2.0	239342.5	2.9810049533843994	4.326114892959595	-2.0	-2.0	48958.0	-2.0	15284.5	3258.5	12821.0	-2.0	0.00039096099499147385	-2.0	-2.0	15452.0	28.5	-2.0	-2.0	-2.0	38343.5	0.1587737533263862	-2.0	5.537550091743469	-2.0	-2.0	-2.0	1773075.0	23.5	19411.0	3.5	-2.0	-2.0	7.0	1.7738149762153625	-2.0	451944.5	-2.0	-2.0	-2.0	53481.0	0.0019362900056876242	107298.0	19335.0	17907.5	-2.0	-2.0	-2.0	4.898159980773926	-2.0	-2.0	22.0	-2.0	-2.0	-2.0	-2.0	-2.0	157173.0	-2.0	-2.0	55.0609016418457	297.0	0.0007373510161414742	32.0	16.13629961013794	-2.0	-2.0	-2.0	3046285.0	-2.0	-2.0	-2.0	-2.0	72.0	26.320000648498535	-2.0	-2.0	62.222999572753906	20.80970001220703	-2.0	26.406399726867676	701946.0	35550.0	12.704949855804443	-2.0	-2.0	-2.0	-2.0	-2.0	-2.0	3.5	-2.0	-2.0	-2.0	472681.0	20.42074966430664	-2.0	-2.0	-2.0	-2.0	21395.5	710706.0	1431.0	-2.0	9737.5	-2.0	0.000211086000490468	0.00014996949903434142	-2.0	-2.0	-2.0	1.0	-2.0	-2.0	2972475.0	-2.0	0.5	-2.0	-2.0
# Feature
8	2	3	4	3	7	4	7	7	5	2	8	2	0	4	-2	-2	2	-2	-2	-2	0	-2	-2	4	8	9	0	0	-2	-2	-2	-2	-2	-2	0	-2	0	1	-2	1	-2	-2	-2	-2	8	-2	-2	4	-2	3	-2	-2	2	1	3	3	-2	5	-2	-2	3	-2	5	-2	3	-2	9	-2	3	4	6	-2	-2	-2	8	8	1	-2	-2	-2	-2	-2	8	5	5	3	-2	0	-2	-2	8	-2	7	-2	-2	-2	9	-2	3	-2	-2	4	3	-2	-2	-2	7	4	-2	-2	-2	0	8	4	7	4	-2	8	-2	8	3	-2	-2	-2	-2	5	7	8	2	3	-2	3	0	0	-2	-2	-2	-2	-2	-2	-2	9	4	-2	-2	2	0	0	-2	-2	6	-2	8	-2	2	2	2	-2	-2	-2	3	-2	3	-2	-2	5	8	2	-2	6	7	7	9	-2	-2	5	-2	-2	-2	-2	6	3	7	-2	-2	8	8	1	-2	1	-2	-2	5	-2	-2	5	-2	-2	7	7	-2	7	-2	-2	2	-2	-2	5	2	5	-2	2	8	1	-2	-2	-2	4	-2	-2	5	-2	5	9	7	-2	2	1	-2	-2	-2	-2	5	6	-2	-2	4	-2	2	-2	-2	-2	7	5	9	8	7	7	-2	1	-2	2	-2	0	-2	-2	-2	-2	8	-2	2	0	3	-2	-2	-2	5	-2	-2	8	8	-2	1	4	-2	-2	-2	5	9	-2	9	-2	-2	-2	3	8	5	4	-2	8	-2	-2	7	5	-2	-2	3	8	5	8	6	9	-2	-2	6	6	-2	-2	-2	4	4	-2	5	-2	-2	-2	-2	7	-2	5	4	-2	-2	-2	-2	7	-2	2	-2	-2	7	2	7	6	-2	-2	-2	-2	-2	6	4	3	-2	1	-2	0	-2	-2	1	-2	5	-2	-2	-2	8	-2	-2	5	4	0	7	-2	7	4	-2	-2	-2	9	-2	6	-2	-2	0	4	7	8	-2	-2	4	-2	5	-2	8	3	-2	5	-2	-2	2	-2	9	-2	-2	0	5	7	9	1	8	-2	7	-2	7	-2	-2	3	4	-2	8	3	8	4	-2	-2	-2	5	-2	5	7	7	4	-2	-2	-2	-2	-2	0	-2	-2	0	8	6	-2	-2	-2	7	0	1	6	-2	2	7	-2	-2	8	-2	5	-2	-2	-2	-2	8	2	7	-2	-2	9	4	-2	-2	-2	1	-2	-2	9	-2	-2	8	3	-2	8	-2	0	-2	1	6	-2	-2	-2	-2	0	1	-2	-2	-2	5	8	4	7	2	8	8	0	-2	8	7	-2	-2	2	3	7	-2	-2	2	-2	8	8	1	-2	4	-2	-2	1	5	-2	-2	-2	8	7	-2	7	-2	-2	-2	2	5	8	6	-2	-2	9	7	-2	2	-2	-2	-2	8	4	1	0	1	-2	-2	-2	3	-2	-2	9	-2	-2	-2	-2	-2	8	-2	-2	3	5	4	5	3	-2	-2	-2	2	-2	-2	-2	-2	5	7	-2	-2	7	7	-2	7	2	1	3	-2	-2	-2	-2	-2	-2	6	-2	-2	-2	2	3	-2	-2	-2	-2	5	8	8	-2	5	-2	4	4	-2	-2	-2	9	-2	-2	2	-2	9	-2	-2
# Values
27.0	885.0	236.0	474.0	10.0	45.0
0.0	247.0	231.0	189.0	9.0	9.0
0.0	247.0	230.0	189.0	9.0	0.0
0.0	107.0	56.0	51.0	9.0	0.0
0.0	88.0	55.0	50.0	9.0	0.0
0.0	77.0	54.0	50.0	9.0	0.0
0.0	31.0	9.0	21.0	9.0	0.0
0.0	31.0	2.0	19.0	9.0	0.0
0.0	30.0	2.0	14.0	9.0	0.0
0.0	21.0	2.0	14.0	9.0	0.0
0.0	17.0	2.0	6.0	9.0	0.0
0.0	10.0	2.0	3.0	1.0	0.0
0.0	10.0	1.0	3.0	0.0	0.0
0.0	4.0	1.0	3.0	0.0	0.0
0.0	4.0	0.0	1.0	0.0	0.0
0.0	4.0	0.0	0.0	0.0	0.0
0.0	0.0	0.0	1.0	0.0	0.0
0.0	0.0	1.0	2.0	0.0	0.0
0.0	0.0	1.0	0.0	0.0	0.0
0.0	0.0	0.0	2.0	0.0	0.0
0.0	6.0	0.0	0.0	0.0	0.0
0.0	0.0	1.0	0.0	1.0	0.0
0.0	0.0	0.0	0.0	1.0	0.0
0.0	0.0	1.0	0.0	0.0	0.0
0.0	7.0	0.0	3.0	8.0	0.0
0.0	3.0	0.0	3.0	8.0	0.0
0.0	0.0	0.0	3.0	8.0	0.0
0.0	0.0	0.0	2.0	8.0	0.0
0.0	0.0	0.0	1.0	8.0	0.0
0.0	0.0	0.0	1.0	3.0	0.0
0.0	0.0	0.0	0.0	5.0	0.0
0.0	0.0	0.0	1.0	0.0	0.0
0.0	0.0	0.0	1.0	0.0	0.0
0.0	3.0	0.0	0.0	0.0	0.0
0.0	4.0	0.0	0.0	0.0	0.0
0.0	4.0	0.0	8.0	0.0	0.0
0.0	0.0	0.0	4.0	0.0	0.0
0.0	4.0	0.0	4.0	0.0	0.0
0.0	3.0	0.0	4.0	0.0	0.0
0.0	2.0	0.0	1.0	0.0	0.0
0.0	1.0	0.0	3.0	0.0	0.0
0.0	1.0	0.0	2.0	0.0	0.0
0.0	0.0	0.0	1.0	0.0	0.0
0.0	1.0	0.0	0.0	0.0	0.0
0.0	9.0	0.0	0.0	0.0	0.0
0.0	1.0	0.0	5.0	0.0	0.0
0.0	0.0	0.0	5.0	0.0	0.0
0.0	1.0	0.0	0.0	0.0	0.0
0.0	0.0	7.0	2.0	0.0	0.0
0.0	0.0	6.0	0.0	0.0	0.0
0.0	0.0	1.0	2.0	0.0	0.0
0.0	0.0	1.0	0.0	0.0	0.0
0.0	0.0	0.0	2.0	0.0	0.0
0.0	46.0	45.0	29.0	0.0	0.0
0.0	40.0	23.0	25.0	0.0	0.0
0.0	34.0	23.0	25.0	0.0	0.0
0.0	0.0	6.0	3.0	0.0	0.0
0.0	0.0	0.0	2.0	0.0	0.0
0.0	0.0	6.0	1.0	0.0	0.0
0.0	0.0	0.0	1.0	0.0	0.0
0.0	0.0	6.0	0.0	0.0	0.0
0.0	34.0	17.0	22.0	0.0	0.0
0.0	10.0	0.0	0.0	0.0	0.0
0.0	24.0	17.0	22.0	0.0	0.0
0.0	6.0	0.0	0.0	0.0	0.0
0.0	18.0	17.0	22.0	0.0	0.0
0.0	0.0	0.0	4.0	0.0	0.0
0.0	18.0	17.0	18.0	0.0	0.0
0.0	4.0	0.0	0.0	0.0	0.0
0.0	14.0	17.0	18.0	0.0	0.0
0.0	14.0	14.0	11.0	0.0	0.0
0.0	14.0	13.0	11.0	0.0	0.0
0.0	13.0	13.0	11.0	0.0	0.0
0.0	1.0	0.0	0.0	0.0	0.0
0.0	0.0	1.0	0.0	0.0	0.0
0.0	0.0	3.0	7.0	0.0	0.0
0.0	0.0	3.0	3.0	0.0	0.0
0.0	0.0	2.0	3.0	0.0	0.0
0.0	0.0	0.0	1.0	0.0	0.0
0.0	0.0	2.0	2.0	0.0	0.0
0.0	0.0	1.0	0.0	0.0	0.0
0.0	0.0	0.0	4.0	0.0	0.0
0.0	6.0	0.0	0.0	0.0	0.0
0.0	6.0	22.0	4.0	0.0	0.0
0.0	1.0	20.0	3.0	0.0	0.0
0.0	1.0	20.0	2.0	0.0	0.0
0.0	0.0	5.0	2.0	0.0	0.0
0.0	0.0	4.0	0.0	0.0	0.0
0.0	0.0	1.0	2.0	0.0	0.0
0.0	0.0	0.0	2.0	0.0	0.0
0.0	0.0	1.0	0.0	0.0	0.0
0.0	1.0	15.0	0.0	0.0	0.0
0.0	0.0	12.0	0.0	0.0	0.0
0.0	1.0	3.0	0.0	0.0	0.0
0.0	1.0	0.0	0.0	0.0	0.0
0.0	0.0	3.0	0.0	0.0	0.0
0.0	0.0	0.0	1.0	0.0	0.0
0.0	5.0	2.0	1.0	0.0	0.0
0.0	5.0	0.0	0.0	0.0	0.0
0.0	0.0	2.0	1.0	0.0	0.0
0.0	0.0	0.0	1.0	0.0	0.0
0.0	0.0	2.0	0.0	0.0	0.0
0.0	11.0	1.0	0.0	0.0	0.0
0.0	2.0	1.0	0.0	0.0	0.0
0.0	0.0	1.0	0.0	0.0	0.0
0.0	2.0	0.0	0.0	0.0	0.0
0.0	9.0	0.0	0.0	0.0	0.0
0.0	19.0	1.0	1.0	0.0	0.0
0.0	19.0	0.0	1.0	0.0	0.0
0.0	19.0	0.0	0.0	0.0	0.0
0.0	0.0	0.0	1.0	0.0	0.0
0.0	0.0	1.0	0.0	0.0	0.0
0.0	140.0	174.0	138.0	0.0	0.0
0.0	132.0	173.0	120.0	0.0	0.0
0.0	65.0	91.0	91.0	0.0	0.0
0.0	0.0	22.0	7.0	0.0	0.0
0.0	0.0	22.0	4.0	0.0	0.0
0.0	0.0	0.0	2.0	0.0	0.0
0.0	0.0	22.0	2.0	0.0	0.0
0.0	0.0	0.0	1.0	0.0	0.0
0.0	0.0	22.0	1.0	0.0	0.0
0.0	0.0	5.0	1.0	0.0	0.0
0.0	0.0	4.0	0.0	0.0	0.0
0.0	0.0	1.0	1.0	0.0	0.0
0.0	0.0	17.0	0.0	0.0	0.0
0.0	0.0	0.0	3.0	0.0	0.0
0.0	65.0	69.0	84.0	0.0	0.0
0.0	5.0	3.0	18.0	0.0	0.0
0.0	3.0	3.0	18.0	0.0	0.0
0.0	1.0	3.0	18.0	0.0	0.0
0.0	1.0	2.0	18.0	0.0	0.0
0.0	0.0	1.0	0.0	0.0	0.0
0.0	1.0	1.0	18.0	0.0	0.0
0.0	1.0	1.0	4.0	0.0	0.0
0.0	1.0	0.0	4.0	0.0	0.0
0.0	0.0	0.0	3.0	0.0	0.0
0.0	1.0	0.0	1.0	0.0	0.0
0.0	0.0	1.0	0.0	0.0	0.0
0.0	0.0	0.0	14.0	0.0	0.0
0.0	0.0	1.0	0.0	0.0	0.0
0.0	2.0	0.0	0.0	0.0	0.0
0.0	2.0	0.0	0.0	0.0	0.0
0.0	60.0	66.0	66.0	0.0	0.0
0.0	3.0	0.0	10.0	0.0	0.0
0.0	3.0	0.0	0.0	0.0	0.0
0.0	0.0	0.0	10.0	0.0	0.0
0.0	57.0	66.0	56.0	0.0	0.0
0.0	4.0	19.0	8.0	0.0	0.0
0.0	2.0	0.0	2.0	0.0	0.0
0.0	0.0	0.0	2.0	0.0	0.0
0.0	2.0	0.0	0.0	0.0	0.0
0.0	2.0	19.0	6.0	0.0	0.0
0.0	0.0	0.0	2.0	0.0	0.0
0.0	2.0	19.0	4.0	0.0	0.0
0.0	0.0	8.0	0.0	0.0	0.0
0.0	2.0	11.0	4.0	0.0	0.0
0.0	2.0	2.0	3.0	0.0	0.0
0.0	0.0	2.0	3.0	0.0	0.0
0.0	0.0	2.0	1.0	0.0	0.0
0.0	0.0	0.0	2.0	0.0	0.0
0.0	2.0	0.0	0.0	0.0	0.0
0.0	0.0	9.0	1.0	0.0	0.0
0.0	0.0	7.0	0.0	0.0	0.0
0.0	0.0	2.0	1.0	0.0	0.0
0.0	0.0	0.0	1.0	0.0	0.0
0.0	0.0	2.0	0.0	0.0	0.0
0.0	53.0	47.0	48.0	0.0	0.0
0.0	41.0	21.0	29.0	0.0	0.0
0.0	4.0	12.0	7.0	0.0	0.0
0.0	0.0	0.0	4.0	0.0	0.0
0.0	4.0	12.0	3.0	0.0	0.0
0.0	4.0	12.0	1.0	0.0	0.0
0.0	2.0	12.0	1.0	0.0	0.0
0.0	2.0	1.0	0.0	0.0	0.0
0.0	0.0	1.0	0.0	0.0	0.0
0.0	2.0	0.0	0.0	0.0	0.0
0.0	0.0	11.0	1.0	0.0	0.0
0.0	0.0	0.0	1.0	0.0	0.0
0.0	0.0	11.0	0.0	0.0	0.0
0.0	2.0	0.0	0.0	0.0	0.0
0.0	0.0	0.0	2.0	0.0	0.0
0.0	37.0	9.0	22.0	0.0	0.0
0.0	14.0	8.0	19.0	0.0	0.0
0.0	10.0	0.0	1.0	0.0	0.0
0.0	9.0	0.0	0.0	0.0	0.0
0.0	1.0	0.0	1.0	0.0	0.0
0.0	4.0	8.0	18.0	0.0	0.0
0.0	2.0	8.0	5.0	0.0	0.0
0.0	1.0	1.0	5.0	0.0	0.0
0.0	0.0	0.0	5.0	0.0	0.0
0.0	1.0	1.0	0.0	0.0	0.0
0.0	1.0	0.0	0.0	0.0	0.0
0.0	0.0	1.0	0.0	0.0	0.0
0.0	1.0	7.0	0.0	0.0	0.0
0.0	0.0	7.0	0.0	0.0	0.0
0.0	1.0	0.0	0.0	0.0	0.0
0.0	2.0	0.0	13.0	0.0	0.0
0.0	2.0	0.0	1.0	0.0	0.0
0.0	0.0	0.0	12.0	0.0	0.0
0.0	23.0	1.0	3.0	0.0	0.0
0.0	23.0	0.0	2.0	0.0	0.0
0.0	19.0	0.0	0.0	0.0	0.0
0.0	4.0	0.0	2.0	0.0	0.0
0.0	0.0	0.0	2.0	0.0	0.0
0.0	4.0	0.0	0.0	0.0	0.0
0.0	0.0	1.0	1.0	0.0	0.0
0.0	0.0	0.0	1.0	0.0	0.0
0.0	0.0	1.0	0.0	0.0	0.0
0.0	12.0	26.0	19.0	0.0	0.0
0.0	8.0	26.0	19.0	0.0	0.0
0.0	3.0	18.0	5.0	0.0	0.0
0.0	0.0	0.0	5.0	0.0	0.0
0.0	3.0	18.0	0.0	0.0	0.0
0.0	1.0	16.0	0.0	0.0	0.0
0.0	1.0	1.0	0.0	0.0	0.0
0.0	0.0	1.0	0.0	0.0	0.0
0.0	1.0	0.0	0.0	0.0	0.0
0.0	0.0	15.0	0.0	0.0	0.0
0.0	2.0	2.0	0.0	0.0	0.0
0.0	0.0	2.0	0.0	0.0	0.0
0.0	2.0	0.0	0.0	0.0	0.0
0.0	5.0	8.0	14.0	0.0	0.0
0.0	0.0	3.0	0.0	0.0	0.0
0.0	5.0	5.0	14.0	0.0	0.0
0.0	2.0	2.0	12.0	0.0	0.0
0.0	2.0	1.0	12.0	0.0	0.0
0.0	0.0	1.0	0.0	0.0	0.0
0.0	2.0	0.0	12.0	0.0	0.0
0.0	2.0	0.0	2.0	0.0	0.0
0.0	1.0	0.0	2.0	0.0	0.0
0.0	1.0	0.0	0.0	0.0	0.0
0.0	0.0	0.0	10.0	0.0	0.0
0.0	0.0	1.0	0.0	0.0	0.0
0.0	3.0	3.0	2.0	0.0	0.0
0.0	3.0	1.0	0.0	0.0	0.0
0.0	0.0	1.0	0.0	0.0	0.0
0.0	3.0	0.0	0.0	0.0	0.0
0.0	0.0	2.0	2.0	0.0	0.0
0.0	0.0	0.0	1.0	0.0	0.0
0.0	0.0	2.0	1.0	0.0	0.0
0.0	0.0	2.0	0.0	0.0	0.0
0.0	0.0	0.0	1.0	0.0	0.0
0.0	4.0	0.0	0.0	0.0	0.0
0.0	67.0	82.0	29.0	0.0	0.0
0.0	43.0	23.0	10.0	0.0	0.0
0.0	12.0	16.0	8.0	0.0	0.0
0.0	4.0	7.0	8.0	0.0	0.0
0.0	1.0	7.0	8.0	0.0	0.0
0.0	1.0	3.0	8.0	0.0	0.0
0.0	0.0	2.0	0.0	0.0	0.0
0.0	1.0	1.0	8.0	0.0	0.0
0.0	1.0	0.0	0.0	0.0	0.0
0.0	0.0	1.0	8.0	0.0	0.0
0.0	0.0	0.0	6.0	0.0	0.0
0.0	0.0	1.0	2.0	0.0	0.0
0.0	0.0	1.0	0.0	0.0	0.0
0.0	0.0	0.0	2.0	0.0	0.0
0.0	0.0	4.0	0.0	0.0	0.0
0.0	3.0	0.0	0.0	0.0	0.0
0.0	8.0	9.0	0.0	0.0	0.0
0.0	3.0	0.0	0.0	0.0	0.0
0.0	5.0	9.0	0.0	0.0	0.0
0.0	2.0	7.0	0.0	0.0	0.0
0.0	2.0	3.0	0.0	0.0	0.0
0.0	1.0	2.0	0.0	0.0	0.0
0.0	1.0	1.0	0.0	0.0	0.0
0.0	0.0	4.0	0.0	0.0	0.0
0.0	3.0	2.0	0.0	0.0	0.0
0.0	1.0	0.0	0.0	0.0	0.0
0.0	2.0	2.0	0.0	0.0	0.0
0.0	31.0	7.0	2.0	0.0	0.0
0.0	9.0	6.0	1.0	0.0	0.0
0.0	8.0	0.0	0.0	0.0	0.0
0.0	1.0	6.0	1.0	0.0	0.0
0.0	1.0	6.0	0.0	0.0	0.0
0.0	0.0	6.0	0.0	0.0	0.0
0.0	1.0	0.0	0.0	0.0	0.0
0.0	0.0	0.0	1.0	0.0	0.0
0.0	22.0	1.0	1.0	0.0	0.0
0.0	22.0	1.0	0.0	0.0	0.0
0.0	20.0	0.0	0.0	0.0	0.0
0.0	2.0	1.0	0.0	0.0	0.0
0.0	0.0	1.0	0.0	0.0	0.0
0.0	2.0	0.0	0.0	0.0	0.0
0.0	0.0	0.0	1.0	0.0	0.0
0.0	24.0	59.0	19.0	0.0	0.0
0.0	23.0	36.0	15.0	0.0	0.0
0.0	23.0	22.0	14.0	0.0	0.0
0.0	1.0	7.0	1.0	0.0	0.0
0.0	0.0	7.0	0.0	0.0	0.0
0.0	1.0	0.0	1.0	0.0	0.0
0.0	0.0	0.0	1.0	0.0	0.0
0.0	1.0	0.0	0.0	0.0	0.0
0.0	22.0	15.0	13.0	0.0	0.0
0.0	1.0	0.0	4.0	0.0	0.0
0.0	1.0	0.0	1.0	0.0	0.0
0.0	0.0	0.0	3.0	0.0	0.0
0.0	21.0	15.0	9.0	0.0	0.0
0.0	21.0	15.0	7.0	0.0	0.0
0.0	13.0	12.0	7.0	0.0	0.0
0.0	13.0	9.0	7.0	0.0	0.0
0.0	6.0	8.0	4.0	0.0	0.0
0.0	0.0	3.0	1.0	0.0	0.0
0.0	0.0	1.0	1.0	0.0	0.0
0.0	0.0	2.0	0.0	0.0	0.0
0.0	6.0	5.0	3.0	0.0	0.0
0.0	6.0	4.0	3.0	0.0	0.0
0.0	4.0	3.0	2.0	0.0	0.0
0.0	2.0	1.0	1.0	0.0	0.0
0.0	0.0	1.0	0.0	0.0	0.0
0.0	7.0	1.0	3.0	0.0	0.0
0.0	7.0	1.0	1.0	0.0	0.0
0.0	0.0	1.0	0.0	0.0	0.0
0.0	7.0	0.0	1.0	0.0	0.0
0.0	7.0	0.0	0.0	0.0	0.0
0.0	0.0	0.0	1.0	0.0	0.0
0.0	0.0	0.0	2.0	0.0	0.0
0.0	0.0	3.0	0.0	0.0	0.0
0.0	8.0	3.0	0.0	0.0	0.0
0.0	5.0	0.0	0.0	0.0	0.0
0.0	3.0	3.0	0.0	0.0	0.0
0.0	1.0	3.0	0.0	0.0	0.0
0.0	0.0	3.0	0.0	0.0	0.0
0.0	1.0	0.0	0.0	0.0	0.0
0.0	2.0	0.0	0.0	0.0	0.0
0.0	0.0	0.0	2.0	0.0	0.0
0.0	0.0	14.0	1.0	0.0	0.0
0.0	0.0	12.0	0.0	0.0	0.0
0.0	0.0	2.0	1.0	0.0	0.0
0.0	0.0	0.0	1.0	0.0	0.0
0.0	0.0	2.0	0.0	0.0	0.0
0.0	1.0	23.0	4.0	0.0	0.0
0.0	1.0	23.0	1.0	0.0	0.0
0.0	1.0	23.0	0.0	0.0	0.0
0.0	1.0	2.0	0.0	0.0	0.0
0.0	0.0	2.0	0.0	0.0	0.0
0.0	1.0	0.0	0.0	0.0	0.0
0.0	0.0	21.0	0.0	0.0	0.0
0.0	0.0	0.0	1.0	0.0	0.0
0.0	0.0	0.0	3.0	0.0	0.0
0.0	8.0	1.0	18.0	0.0	0.0
0.0	8.0	1.0	7.0	0.0	0.0
0.0	2.0	1.0	6.0	0.0	0.0
0.0	0.0	0.0	5.0	0.0	0.0
0.0	2.0	1.0	1.0	0.0	0.0
0.0	2.0	0.0	0.0	0.0	0.0
0.0	0.0	1.0	1.0	0.0	0.0
0.0	0.0	0.0	1.0	0.0	0.0
0.0	0.0	1.0	0.0	0.0	0.0
0.0	6.0	0.0	1.0	0.0	0.0
0.0	4.0	0.0	0.0	0.0	0.0
0.0	2.0	0.0	1.0	0.0	0.0
0.0	0.0	0.0	1.0	0.0	0.0
0.0	2.0	0.0	0.0	0.0	0.0
0.0	0.0	0.0	11.0	0.0	0.0
0.0	0.0	1.0	0.0	0.0	9.0
0.0	0.0	1.0	0.0	0.0	0.0
0.0	0.0	0.0	0.0	0.0	9.0
27.0	638.0	5.0	285.0	1.0	36.0
0.0	391.0	5.0	284.0	1.0	10.0
0.0	50.0	0.0	2.0	0.0	9.0
0.0	45.0	0.0	1.0	0.0	1.0
0.0	43.0	0.0	0.0	0.0	0.0
0.0	2.0	0.0	1.0	0.0	1.0
0.0	0.0	0.0	1.0	0.0	1.0
0.0	0.0	0.0	0.0	0.0	1.0
0.0	0.0	0.0	1.0	0.0	0.0
0.0	2.0	0.0	0.0	0.0	0.0
0.0	5.0	0.0	1.0	0.0	8.0
0.0	0.0	0.0	0.0	0.0	8.0
0.0	5.0	0.0	1.0	0.0	0.0
0.0	5.0	0.0	0.0	0.0	0.0
0.0	0.0	0.0	1.0	0.0	0.0
0.0	341.0	5.0	282.0	1.0	1.0
0.0	341.0	5.0	269.0	1.0	1.0
0.0	34.0	0.0	7.0	1.0	1.0
0.0	0.0	0.0	2.0	1.0	0.0
0.0	0.0	0.0	0.0	1.0	0.0
0.0	0.0	0.0	2.0	0.0	0.0
0.0	34.0	0.0	5.0	0.0	1.0
0.0	0.0	0.0	0.0	0.0	1.0
0.0	34.0	0.0	5.0	0.0	0.0
0.0	0.0	0.0	1.0	0.0	0.0
0.0	34.0	0.0	4.0	0.0	0.0
0.0	6.0	0.0	3.0	0.0	0.0
0.0	5.0	0.0	0.0	0.0	0.0
0.0	1.0	0.0	3.0	0.0	0.0
0.0	0.0	0.0	3.0	0.0	0.0
0.0	1.0	0.0	0.0	0.0	0.0
0.0	28.0	0.0	1.0	0.0	0.0
0.0	21.0	0.0	0.0	0.0	0.0
0.0	7.0	0.0	1.0	0.0	0.0
0.0	0.0	0.0	1.0	0.0	0.0
0.0	7.0	0.0	0.0	0.0	0.0
0.0	307.0	5.0	262.0	0.0	0.0
0.0	148.0	5.0	91.0	0.0	0.0
0.0	146.0	5.0	79.0	0.0	0.0
0.0	112.0	5.0	73.0	0.0	0.0
0.0	111.0	5.0	65.0	0.0	0.0
0.0	2.0	5.0	1.0	0.0	0.0
0.0	1.0	0.0	1.0	0.0	0.0
0.0	1.0	5.0	0.0	0.0	0.0
0.0	0.0	2.0	0.0	0.0	0.0
0.0	1.0	3.0	0.0	0.0	0.0
0.0	1.0	1.0	0.0	0.0	0.0
0.0	0.0	2.0	0.0	0.0	0.0
0.0	109.0	0.0	64.0	0.0	0.0
0.0	51.0	0.0	44.0	0.0	0.0
0.0	7.0	0.0	0.0	0.0	0.0
0.0	44.0	0.0	44.0	0.0	0.0
0.0	43.0	0.0	35.0	0.0	0.0
0.0	15.0	0.0	3.0	0.0	0.0
0.0	1.0	0.0	3.0	0.0	0.0
0.0	0.0	0.0	3.0	0.0	0.0
0.0	1.0	0.0	0.0	0.0	0.0
0.0	14.0	0.0	0.0	0.0	0.0
0.0	28.0	0.0	32.0	0.0	0.0
0.0	0.0	0.0	12.0	0.0	0.0
0.0	28.0	0.0	20.0	0.0	0.0
0.0	28.0	0.0	18.0	0.0	0.0
0.0	24.0	0.0	18.0	0.0	0.0
0.0	24.0	0.0	17.0	0.0	0.0
0.0	2.0	0.0	0.0	0.0	0.0
0.0	22.0	0.0	17.0	0.0	0.0
0.0	0.0	0.0	1.0	0.0	0.0
0.0	4.0	0.0	0.0	0.0	0.0
0.0	0.0	0.0	2.0	0.0	0.0
0.0	1.0	0.0	9.0	0.0	0.0
0.0	1.0	0.0	0.0	0.0	0.0
0.0	0.0	0.0	9.0	0.0	0.0
0.0	58.0	0.0	20.0	0.0	0.0
0.0	3.0	0.0	7.0	0.0	0.0
0.0	1.0	0.0	7.0	0.0	0.0
0.0	1.0	0.0	0.0	0.0	0.0
0.0	0.0	0.0	7.0	0.0	0.0
0.0	2.0	0.0	0.0	0.0	0.0
0.0	55.0	0.0	13.0	0.0	0.0
0.0	42.0	0.0	4.0	0.0	0.0
0.0	27.0	0.0	4.0	0.0	0.0
0.0	27.0	0.0	3.0	0.0	0.0
0.0	12.0	0.0	0.0	0.0	0.0
0.0	15.0	0.0	3.0	0.0	0.0
0.0	3.0	0.0	2.0	0.0	0.0
0.0	3.0	0.0	0.0	0.0	0.0
0.0	0.0	0.0	2.0	0.0	0.0
0.0	12.0	0.0	1.0	0.0	0.0
0.0	11.0	0.0	0.0	0.0	0.0
0.0	1.0	0.0	1.0	0.0	0.0
0.0	1.0	0.0	0.0	0.0	0.0
0.0	0.0	0.0	1.0	0.0	0.0
0.0	0.0	0.0	1.0	0.0	0.0
0.0	15.0	0.0	0.0	0.0	0.0
0.0	13.0	0.0	9.0	0.0	0.0
0.0	12.0	0.0	4.0	0.0	0.0
0.0	1.0	0.0	3.0	0.0	0.0
0.0	1.0	0.0	0.0	0.0	0.0
0.0	0.0	0.0	3.0	0.0	0.0
0.0	11.0	0.0	1.0	0.0	0.0
0.0	2.0	0.0	1.0	0.0	0.0
0.0	0.0	0.0	1.0	0.0	0.0
0.0	2.0	0.0	0.0	0.0	0.0
0.0	9.0	0.0	0.0	0.0	0.0
0.0	1.0	0.0	5.0	0.0	0.0
0.0	0.0	0.0	5.0	0.0	0.0
0.0	1.0	0.0	0.0	0.0	0.0
0.0	1.0	0.0	8.0	0.0	0.0
0.0	0.0	0.0	8.0	0.0	0.0
0.0	1.0	0.0	0.0	0.0	0.0
0.0	34.0	0.0	6.0	0.0	0.0
0.0	34.0	0.0	5.0	0.0	0.0
0.0	0.0	0.0	1.0	0.0	0.0
0.0	34.0	0.0	4.0	0.0	0.0
0.0	21.0	0.0	0.0	0.0	0.0
0.0	13.0	0.0	4.0	0.0	0.0
0.0	0.0	0.0	3.0	0.0	0.0
0.0	13.0	0.0	1.0	0.0	0.0
0.0	5.0	0.0	1.0	0.0	0.0
0.0	3.0	0.0	1.0	0.0	0.0
0.0	2.0	0.0	0.0	0.0	0.0
0.0	8.0	0.0	0.0	0.0	0.0
0.0	0.0	0.0	1.0	0.0	0.0
0.0	2.0	0.0	12.0	0.0	0.0
0.0	2.0	0.0	4.0	0.0	0.0
0.0	0.0	0.0	4.0	0.0	0.0
0.0	2.0	0.0	0.0	0.0	0.0
0.0	0.0	0.0	8.0	0.0	0.0
0.0	159.0	0.0	171.0	0.0	0.0
0.0	134.0	0.0	169.0	0.0	0.0
0.0	125.0	0.0	169.0	0.0	0.0
0.0	123.0	0.0	151.0	0.0	0.0
0.0	84.0	0.0	134.0	0.0	0.0
0.0	76.0	0.0	96.0	0.0	0.0
0.0	66.0	0.0	94.0	0.0	0.0
0.0	66.0	0.0	84.0	0.0	0.0
0.0	0.0	0.0	8.0	0.0	0.0
0.0	66.0	0.0	76.0	0.0	0.0
0.0	11.0	0.0	2.0	0.0	0.0
0.0	0.0	0.0	2.0	0.0	0.0
0.0	11.0	0.0	0.0	0.0	0.0
0.0	55.0	0.0	74.0	0.0	0.0
0.0	31.0	0.0	25.0	0.0	0.0
0.0	1.0	0.0	9.0	0.0	0.0
0.0	0.0	0.0	9.0	0.0	0.0
0.0	1.0	0.0	0.0	0.0	0.0
0.0	30.0	0.0	16.0	0.0	0.0
0.0	0.0	0.0	4.0	0.0	0.0
0.0	30.0	0.0	12.0	0.0	0.0
0.0	23.0	0.0	4.0	0.0	0.0
0.0	4.0	0.0	3.0	0.0	0.0
0.0	2.0	0.0	0.0	0.0	0.0
0.0	2.0	0.0	3.0	0.0	0.0
0.0	0.0	0.0	1.0	0.0	0.0
0.0	2.0	0.0	2.0	0.0	0.0
0.0	19.0	0.0	1.0	0.0	0.0
0.0	3.0	0.0	1.0	0.0	0.0
0.0	0.0	0.0	1.0	0.0	0.0
0.0	3.0	0.0	0.0	0.0	0.0
0.0	16.0	0.0	0.0	0.0	0.0
0.0	7.0	0.0	8.0	0.0	0.0
0.0	2.0	0.0	8.0	0.0	0.0
0.0	1.0	0.0	0.0	0.0	0.0
0.0	1.0	0.0	8.0	0.0	0.0
0.0	0.0	0.0	8.0	0.0	0.0
0.0	1.0	0.0	0.0	0.0	0.0
0.0	5.0	0.0	0.0	0.0	0.0
0.0	24.0	0.0	49.0	0.0	0.0
0.0	20.0	0.0	49.0	0.0	0.0
0.0	9.0	0.0	8.0	0.0	0.0
0.0	5.0	0.0	1.0	0.0	0.0
0.0	5.0	0.0	0.0	0.0	0.0
0.0	0.0	0.0	1.0	0.0	0.0
0.0	4.0	0.0	7.0	0.0	0.0
0.0	3.0	0.0	7.0	0.0	0.0
0.0	0.0	0.0	3.0	0.0	0.0
0.0	3.0	0.0	4.0	0.0	0.0
0.0	2.0	0.0	4.0	0.0	0.0
0.0	1.0	0.0	0.0	0.0	0.0
0.0	1.0	0.0	0.0	0.0	0.0
0.0	11.0	0.0	41.0	0.0	0.0
0.0	9.0	0.0	41.0	0.0	0.0
0.0	6.0	0.0	39.0	0.0	0.0
0.0	2.0	0.0	34.0	0.0	0.0
0.0	2.0	0.0	5.0	0.0	0.0
0.0	0.0	0.0	5.0	0.0	0.0
0.0	2.0	0.0	0.0	0.0	0.0
0.0	0.0	0.0	29.0	0.0	0.0
0.0	4.0	0.0	5.0	0.0	0.0
0.0	0.0	0.0	5.0	0.0	0.0
0.0	4.0	0.0	0.0	0.0	0.0
0.0	3.0	0.0	2.0	0.0	0.0
0.0	3.0	0.0	0.0	0.0	0.0
0.0	0.0	0.0	2.0	0.0	0.0
0.0	2.0	0.0	0.0	0.0	0.0
0.0	4.0	0.0	0.0	0.0	0.0
0.0	0.0	0.0	10.0	0.0	0.0
0.0	10.0	0.0	2.0	0.0	0.0
0.0	10.0	0.0	0.0	0.0	0.0
0.0	0.0	0.0	2.0	0.0	0.0
0.0	8.0	0.0	38.0	0.0	0.0
0.0	5.0	0.0	38.0	0.0	0.0
0.0	4.0	0.0	38.0	0.0	0.0
0.0	2.0	0.0	35.0	0.0	0.0
0.0	2.0	0.0	3.0	0.0	0.0
0.0	0.0	0.0	3.0	0.0	0.0
0.0	2.0	0.0	0.0	0.0	0.0
0.0	0.0	0.0	32.0	0.0	0.0
0.0	2.0	0.0	3.0	0.0	0.0
0.0	0.0	0.0	3.0	0.0	0.0
0.0	2.0	0.0	0.0	0.0	0.0
0.0	1.0	0.0	0.0	0.0	0.0
0.0	3.0	0.0	0.0	0.0	0.0
0.0	39.0	0.0	17.0	0.0	0.0
0.0	1.0	0.0	8.0	0.0	0.0
0.0	0.0	0.0	8.0	0.0	0.0
0.0	1.0	0.0	0.0	0.0	0.0
0.0	38.0	0.0	9.0	0.0	0.0
0.0	38.0	0.0	7.0	0.0	0.0
0.0	20.0	0.0	0.0	0.0	0.0
0.0	18.0	0.0	7.0	0.0	0.0
0.0	3.0	0.0	7.0	0.0	0.0
0.0	3.0	0.0	2.0	0.0	0.0
0.0	1.0	0.0	2.0	0.0	0.0
0.0	1.0	0.0	0.0	0.0	0.0
0.0	0.0	0.0	2.0	0.0	0.0
0.0	2.0	0.0	0.0	0.0	0.0
0.0	0.0	0.0	5.0	0.0	0.0
0.0	15.0	0.0	0.0	0.0	0.0
0.0	0.0	0.0	2.0	0.0	0.0
0.0	2.0	0.0	18.0	0.0	0.0
0.0	2.0	0.0	0.0	0.0	0.0
0.0	0.0	0.0	18.0	0.0	0.0
0.0	9.0	0.0	0.0	0.0	0.0
0.0	25.0	0.0	2.0	0.0	0.0
0.0	5.0	0.0	2.0	0.0	0.0
0.0	5.0	0.0	0.0	0.0	0.0
0.0	0.0	0.0	2.0	0.0	0.0
0.0	20.0	0.0	0.0	0.0	0.0
0.0	0.0	0.0	13.0	0.0	0.0
27.0	247.0	0.0	1.0	0.0	26.0
0.0	240.0	0.0	1.0	0.0	14.0
0.0	235.0	0.0	1.0	0.0	3.0
0.0	0.0	0.0	1.0	0.0	0.0
0.0	235.0	0.0	0.0	0.0	3.0
0.0	218.0	0.0	0.0	0.0	0.0
0.0	17.0	0.0	0.0	0.0	3.0
0.0	2.0	0.0	0.0	0.0	3.0
0.0	2.0	0.0	0.0	0.0	0.0
0.0	0.0	0.0	0.0	0.0	3.0
0.0	15.0	0.0	0.0	0.0	0.0
0.0	5.0	0.0	0.0	0.0	11.0
0.0	0.0	0.0	0.0	0.0	11.0
0.0	5.0	0.0	0.0	0.0	0.0
27.0	7.0	0.0	0.0	0.0	12.0
27.0	0.0	0.0	0.0	0.0	0.0
0.0	7.0	0.0	0.0	0.0	12.0
0.0	0.0	0.0	0.0	0.0	12.0
0.0	7.0	0.0	0.0	0.0	0.0
