# Sizes (NFeatures, Nclasses, NodeCount, MaxDepth)
10	6	605	27
# Classes
0.0	1.0	2.0	3.0	4.0	5.0
# Feature Names
Nrows	Ncols	Nnnz	AvgNnnz	Density	MaxRowNnnz	MinRowNnnz	StdRowNnnz	NDiags	NTrueDiags
# Left
1	2	3	4	5	6	7	8	-1	10	11	-1	-1	14	-1	16	17	18	19	-1	-1	-1	23	24	-1	-1	-1	-1	29	-1	31	-1	-1	34	35	36	37	-1	-1	40	41	-1	-1	44	-1	-1	47	-1	-1	-1	51	52	53	54	-1	-1	57	58	-1	60	-1	-1	63	64	65	66	67	68	69	70	71	-1	73	-1	-1	76	-1	-1	79	80	-1	-1	-1	84	85	86	87	-1	-1	-1	-1	92	93	94	95	96	-1	-1	99	100	-1	102	103	-1	105	-1	-1	-1	109	-1	-1	112	113	-1	115	-1	-1	118	-1	-1	-1	122	-1	124	125	-1	-1	-1	129	130	131	132	133	-1	135	136	-1	-1	-1	-1	141	142	-1	-1	-1	146	-1	148	149	150	151	152	153	154	155	156	-1	158	-1	-1	-1	162	-1	164	-1	-1	167	-1	-1	170	171	172	-1	174	175	-1	-1	-1	-1	180	-1	-1	183	-1	185	186	-1	-1	189	190	191	192	-1	-1	-1	196	-1	-1	199	200	-1	-1	203	-1	-1	206	-1	-1	209	210	-1	-1	213	214	-1	-1	217	218	219	220	-1	-1	-1	-1	225	-1	-1	228	229	-1	231	-1	-1	234	-1	236	237	238	239	-1	241	-1	-1	-1	-1	246	-1	-1	-1	250	-1	-1	253	254	-1	256	257	258	-1	-1	261	262	-1	-1	-1	-1	-1	-1	-1	270	271	272	273	-1	-1	-1	277	-1	-1	280	281	282	-1	284	285	-1	-1	-1	289	290	-1	292	-1	294	-1	-1	297	298	299	-1	-1	-1	-1	304	305	306	-1	308	309	-1	-1	312	313	-1	-1	316	-1	318	-1	320	-1	-1	323	324	-1	-1	-1	328	329	330	-1	-1	-1	-1	335	336	337	-1	-1	340	-1	342	343	-1	345	-1	-1	-1	-1	350	351	-1	353	-1	355	-1	-1	-1	359	-1	-1	362	363	-1	365	366	367	368	369	370	-1	-1	-1	-1	-1	376	-1	-1	-1	380	381	382	383	384	385	386	387	388	-1	390	-1	-1	393	-1	-1	396	397	-1	-1	-1	401	402	-1	-1	405	406	-1	408	409	410	-1	-1	-1	-1	-1	416	-1	-1	419	-1	421	-1	423	-1	425	426	427	-1	429	430	431	-1	433	-1	435	-1	-1	-1	-1	440	-1	442	-1	444	-1	-1	-1	448	449	-1	451	-1	-1	-1	455	456	457	-1	459	-1	-1	462	463	464	465	466	467	468	469	-1	-1	-1	-1	474	-1	476	-1	478	479	-1	481	-1	483	-1	-1	-1	487	-1	489	490	491	-1	-1	-1	-1	496	-1	498	499	-1	501	-1	-1	-1	505	506	-1	-1	-1	510	511	-1	-1	-1	515	516	517	518	519	520	521	522	523	-1	-1	-1	-1	-1	-1	530	-1	532	-1	-1	535	-1	-1	538	539	540	541	-1	543	-1	-1	546	-1	-1	549	-1	551	-1	-1	-1	555	-1	557	-1	-1	560	-1	562	563	564	565	-1	-1	568	569	-1	-1	-1	573	-1	-1	-1	577	578	579	580	581	582	-1	-1	-1	-1	587	588	-1	590	-1	-1	593	-1	595	-1	-1	598	-1	-1	601	-1	603	-1	-1
# Right
576	361	358	349	50	33	28	9	-1	13	12	-1	-1	15	-1	27	22	21	20	-1	-1	-1	26	25	-1	-1	-1	-1	30	-1	32	-1	-1	49	46	39	38	-1	-1	43	42	-1	-1	45	-1	-1	48	-1	-1	-1	334	269	56	55	-1	-1	62	59	-1	61	-1	-1	268	267	252	249	128	83	78	75	72	-1	74	-1	-1	77	-1	-1	82	81	-1	-1	-1	91	90	89	88	-1	-1	-1	-1	121	120	111	98	97	-1	-1	108	101	-1	107	104	-1	106	-1	-1	-1	110	-1	-1	117	114	-1	116	-1	-1	119	-1	-1	-1	123	-1	127	126	-1	-1	-1	248	145	140	139	134	-1	138	137	-1	-1	-1	-1	144	143	-1	-1	-1	147	-1	227	208	205	182	169	166	161	160	157	-1	159	-1	-1	-1	163	-1	165	-1	-1	168	-1	-1	179	178	173	-1	177	176	-1	-1	-1	-1	181	-1	-1	184	-1	188	187	-1	-1	198	195	194	193	-1	-1	-1	197	-1	-1	202	201	-1	-1	204	-1	-1	207	-1	-1	212	211	-1	-1	216	215	-1	-1	224	223	222	221	-1	-1	-1	-1	226	-1	-1	233	230	-1	232	-1	-1	235	-1	245	244	243	240	-1	242	-1	-1	-1	-1	247	-1	-1	-1	251	-1	-1	266	255	-1	265	260	259	-1	-1	264	263	-1	-1	-1	-1	-1	-1	-1	279	276	275	274	-1	-1	-1	278	-1	-1	303	288	283	-1	287	286	-1	-1	-1	296	291	-1	293	-1	295	-1	-1	302	301	300	-1	-1	-1	-1	327	322	307	-1	311	310	-1	-1	315	314	-1	-1	317	-1	319	-1	321	-1	-1	326	325	-1	-1	-1	333	332	331	-1	-1	-1	-1	348	339	338	-1	-1	341	-1	347	344	-1	346	-1	-1	-1	-1	357	352	-1	354	-1	356	-1	-1	-1	360	-1	-1	379	364	-1	378	375	374	373	372	371	-1	-1	-1	-1	-1	377	-1	-1	-1	559	454	447	418	415	400	395	392	389	-1	391	-1	-1	394	-1	-1	399	398	-1	-1	-1	404	403	-1	-1	414	407	-1	413	412	411	-1	-1	-1	-1	-1	417	-1	-1	420	-1	422	-1	424	-1	446	439	428	-1	438	437	432	-1	434	-1	436	-1	-1	-1	-1	441	-1	443	-1	445	-1	-1	-1	453	450	-1	452	-1	-1	-1	514	461	458	-1	460	-1	-1	509	504	495	486	473	472	471	470	-1	-1	-1	-1	475	-1	477	-1	485	480	-1	482	-1	484	-1	-1	-1	488	-1	494	493	492	-1	-1	-1	-1	497	-1	503	500	-1	502	-1	-1	-1	508	507	-1	-1	-1	513	512	-1	-1	-1	554	537	534	529	528	527	526	525	524	-1	-1	-1	-1	-1	-1	531	-1	533	-1	-1	536	-1	-1	553	548	545	542	-1	544	-1	-1	547	-1	-1	550	-1	552	-1	-1	-1	556	-1	558	-1	-1	561	-1	575	572	567	566	-1	-1	571	570	-1	-1	-1	574	-1	-1	-1	600	597	586	585	584	583	-1	-1	-1	-1	592	589	-1	591	-1	-1	594	-1	596	-1	-1	599	-1	-1	602	-1	604	-1	-1
# Threshold
518.0	1575.5	15350600.0	302.5	5.5	0.1405389979481697	26180.0	229.5	-2.0	1009.0	4.0	-2.0	-2.0	0.5	-2.0	0.022338299080729485	10000.0	3400.0	1967.0	-2.0	-2.0	-2.0	17899.5	2.5	-2.0	-2.0	-2.0	-2.0	6.0	-2.0	3.5	-2.0	-2.0	0.007959119975566864	0.5387764871120453	4530.5	757.5	-2.0	-2.0	0.26459700614213943	8517.0	-2.0	-2.0	0.4616844952106476	-2.0	-2.0	5541.5	-2.0	-2.0	-2.0	680346.5	519.0	0.0008528940088581294	0.5066895037889481	-2.0	-2.0	0.4436490088701248	1109.0	-2.0	0.0037703251000493765	-2.0	-2.0	23.713699340820312	17.891550064086914	73.0	0.2343904972076416	69.0	10.0	12746.5	5.6666648387908936	1.2725875079631805	-2.0	6.5	-2.0	-2.0	589.5	-2.0	-2.0	9702.5	49698.5	-2.0	-2.0	-2.0	0.009281125385314226	0.0023384749656543136	10.0	3251.5	-2.0	-2.0	-2.0	-2.0	301.0	4.767285108566284	5.857145071029663	107.0	2.6190249919891357	-2.0	-2.0	4.5	0.0631331019103527	-2.0	0.12899750098586082	275.5	-2.0	2.5	-2.0	-2.0	-2.0	60.5	-2.0	-2.0	12.0	7.767449855804443	-2.0	0.1081243995577097	-2.0	-2.0	31.0	-2.0	-2.0	-2.0	6.496999979019165	-2.0	1.5	37.5	-2.0	-2.0	-2.0	0.1333785019814968	86.0	76.0	13.713749885559082	4565.5	-2.0	83044.0	10.257780075073242	-2.0	-2.0	-2.0	-2.0	0.004405864980071783	394812.0	-2.0	-2.0	-2.0	105.0	-2.0	0.02151154913008213	42.5	7.5	1203.0	0.008450224995613098	1067.5	3.6639299392700195	2.6947550177574158	0.6236009895801544	-2.0	479.0	-2.0	-2.0	-2.0	5955.0	-2.0	1000.0	-2.0	-2.0	142.0	-2.0	-2.0	6.552145004272461	5.77231502532959	1.7247399687767029	-2.0	5.1297149658203125	0.016921750269830227	-2.0	-2.0	-2.0	-2.0	0.713140994310379	-2.0	-2.0	2.5	-2.0	163.0	15.0	-2.0	-2.0	2365.0	5.5	2.5	12.84677505493164	-2.0	-2.0	-2.0	6.5	-2.0	-2.0	5.5	3.955103039741516	-2.0	-2.0	6.508955001831055	-2.0	-2.0	437.5	-2.0	-2.0	51.5	197.0	-2.0	-2.0	95.0	0.004731315188109875	-2.0	-2.0	16.887450218200684	31.09174919128418	30.589749336242676	0.005845810053870082	-2.0	-2.0	-2.0	-2.0	17.036200523376465	-2.0	-2.0	33.0	0.03386420011520386	-2.0	14.5	-2.0	-2.0	61.0	-2.0	32514.5	843.5	305.5	14.477564811706543	-2.0	25.09375	-2.0	-2.0	-2.0	-2.0	14.618800163269043	-2.0	-2.0	-2.0	0.4011010080575943	-2.0	-2.0	0.10261999815702438	126.0	-2.0	11.0	146.5	5.4811049699783325	-2.0	-2.0	0.035720400512218475	0.5	-2.0	-2.0	-2.0	-2.0	-2.0	-2.0	-2.0	756.0	14.108599662780762	566.0	8.10786485671997	-2.0	-2.0	-2.0	1.0	-2.0	-2.0	0.0022853149566799402	1.4268150329589844	618.5	-2.0	12.0	6.89067006111145	-2.0	-2.0	-2.0	4.3493499755859375	3.5320650339126587	-2.0	35.5	-2.0	4.334614992141724	-2.0	-2.0	1136.5	229158.5	15348.0	-2.0	-2.0	-2.0	-2.0	11.553699970245361	11.0	811.0	-2.0	3.000535011291504	2423.5	-2.0	-2.0	6.65301513671875	0.005451344884932041	-2.0	-2.0	6.665215015411377	-2.0	8.180149793624878	-2.0	29.837499141693115	-2.0	-2.0	3192.5	0.00415671500377357	-2.0	-2.0	-2.0	19.867950439453125	18.0	1479.5	-2.0	-2.0	-2.0	-2.0	763215.0	62.5	0.36554449796676636	-2.0	-2.0	14.109350204467773	-2.0	0.016702299937605858	139.0	-2.0	179.0	-2.0	-2.0	-2.0	-2.0	45491.5	3130.0	-2.0	0.02217024937272072	-2.0	0.022180849686264992	-2.0	-2.0	-2.0	5.5	-2.0	-2.0	2220.5	3.80179500579834	-2.0	0.013751199934631586	6.0	0.011824999935925007	4.017560005187988	4.0142951011657715	4.82787013053894	-2.0	-2.0	-2.0	-2.0	-2.0	3809.0	-2.0	-2.0	-2.0	230309.0	7.879045009613037	82.0	21036.0	15452.0	6887.0	5304.0	4.907259941101074	7.0	-2.0	47.5	-2.0	-2.0	4918.5	-2.0	-2.0	0.0004528199933702126	5961.0	-2.0	-2.0	-2.0	11.5	75204.0	-2.0	-2.0	17296.5	3.439020037651062	-2.0	3.7702499628067017	48958.0	13279.5	-2.0	-2.0	-2.0	-2.0	-2.0	0.3153815045952797	-2.0	-2.0	32396.0	-2.0	3.191004991531372	-2.0	39904.0	-2.0	264591.0	719116.0	49418.5	-2.0	50.5	31.0	7.959220238262787e-05	-2.0	1.6695149540901184	-2.0	10.0	-2.0	-2.0	-2.0	-2.0	4405.5	-2.0	3.0093750953674316	-2.0	1009129.0	-2.0	-2.0	-2.0	3.5	2731.0	-2.0	490.5	-2.0	-2.0	-2.0	15.293200016021729	1.5847200302232523e-05	2.0	-2.0	4.5	-2.0	-2.0	25006150.0	27.55905055999756	9.5	9.5	1.5	8.591259956359863	8.0	0.0012617900501936674	-2.0	-2.0	-2.0	-2.0	5.646559953689575	-2.0	5.769579887390137	-2.0	0.0006854055100120604	59.5	-2.0	23230.0	-2.0	36894.5	-2.0	-2.0	-2.0	6942.5	-2.0	20.0	29.0	60682.5	-2.0	-2.0	-2.0	-2.0	26.0	-2.0	59.5	14.295899868011475	-2.0	14.0	-2.0	-2.0	-2.0	251687.5	4459.5	-2.0	-2.0	-2.0	1501010.0	10.0	-2.0	-2.0	-2.0	3933120.0	592722.0	434.5	170.0	30.917449951171875	21.65329933166504	25.97344970703125	13.179949760437012	26640.0	-2.0	-2.0	-2.0	-2.0	-2.0	-2.0	34.35740089416504	-2.0	0.007506510009989142	-2.0	-2.0	38.60245132446289	-2.0	-2.0	98.0	33794.0	61.96390151977539	2289570.0	-2.0	43825.5	-2.0	-2.0	36.0	-2.0	-2.0	2909830.0	-2.0	77078.0	-2.0	-2.0	-2.0	39.0	-2.0	89.0	-2.0	-2.0	1378075.0	-2.0	165090500.0	17.406500816345215	1.0	7265247.5	-2.0	-2.0	2920940.0	483512.5	-2.0	-2.0	-2.0	1353195.0	-2.0	-2.0	-2.0	20158.5	2073140.0	685.0	13514.5	5398.5	638.0	-2.0	-2.0	-2.0	-2.0	5.4024200439453125	57.74610137939453	-2.0	112044.5	-2.0	-2.0	710706.0	-2.0	1.0	-2.0	-2.0	5594820.0	-2.0	-2.0	0.5	-2.0	6816870.0	-2.0	-2.0
# Feature
5	8	2	5	5	7	2	2	-2	2	9	-2	-2	9	-2	7	2	2	0	-2	-2	-2	2	5	-2	-2	-2	-2	8	-2	5	-2	-2	4	7	2	1	-2	-2	7	1	-2	-2	7	-2	-2	1	-2	-2	-2	2	8	4	7	-2	-2	7	0	-2	4	-2	-2	7	7	5	4	8	8	2	3	7	-2	9	-2	-2	0	-2	-2	0	2	-2	-2	-2	4	4	9	0	-2	-2	-2	-2	0	7	3	2	7	-2	-2	9	4	-2	4	2	-2	6	-2	-2	-2	0	-2	-2	9	3	-2	4	-2	-2	8	-2	-2	-2	3	-2	6	5	-2	-2	-2	4	8	8	3	2	-2	2	3	-2	-2	-2	-2	4	2	-2	-2	-2	1	-2	4	5	6	0	4	1	3	7	7	-2	1	-2	-2	-2	2	-2	0	-2	-2	8	-2	-2	3	3	3	-2	3	4	-2	-2	-2	-2	7	-2	-2	9	-2	8	5	-2	-2	0	6	6	3	-2	-2	-2	6	-2	-2	6	7	-2	-2	7	-2	-2	8	-2	-2	5	8	-2	-2	8	4	-2	-2	7	3	3	4	-2	-2	-2	-2	7	-2	-2	5	4	-2	5	-2	-2	5	-2	2	1	8	3	-2	3	-2	-2	-2	-2	7	-2	-2	-2	4	-2	-2	4	5	-2	6	5	7	-2	-2	4	6	-2	-2	-2	-2	-2	-2	-2	0	7	8	3	-2	-2	-2	9	-2	-2	4	7	8	-2	5	3	-2	-2	-2	7	3	-2	5	-2	7	-2	-2	8	2	1	-2	-2	-2	-2	7	9	8	-2	7	0	-2	-2	7	4	-2	-2	7	-2	3	-2	3	-2	-2	0	4	-2	-2	-2	7	9	8	-2	-2	-2	-2	1	5	7	-2	-2	7	-2	4	9	-2	5	-2	-2	-2	-2	2	2	-2	4	-2	4	-2	-2	-2	6	-2	-2	1	7	-2	4	6	4	7	7	3	-2	-2	-2	-2	-2	8	-2	-2	-2	8	3	5	1	0	0	1	3	5	-2	5	-2	-2	1	-2	-2	4	0	-2	-2	-2	5	2	-2	-2	8	3	-2	3	2	0	-2	-2	-2	-2	-2	7	-2	-2	1	-2	3	-2	0	-2	1	2	1	-2	5	5	4	-2	7	-2	5	-2	-2	-2	-2	8	-2	7	-2	2	-2	-2	-2	9	1	-2	5	-2	-2	-2	7	4	6	-2	6	-2	-2	2	3	6	9	6	7	9	4	-2	-2	-2	-2	7	-2	7	-2	4	5	-2	0	-2	0	-2	-2	-2	8	-2	9	5	8	-2	-2	-2	-2	5	-2	5	3	-2	6	-2	-2	-2	2	0	-2	-2	-2	0	6	-2	-2	-2	2	2	5	5	3	3	7	3	0	-2	-2	-2	-2	-2	-2	3	-2	4	-2	-2	7	-2	-2	9	8	7	2	-2	0	-2	-2	9	-2	-2	2	-2	8	-2	-2	-2	6	-2	6	-2	-2	2	-2	2	3	9	0	-2	-2	2	8	-2	-2	-2	1	-2	-2	-2	5	8	5	0	0	5	-2	-2	-2	-2	3	7	-2	1	-2	-2	8	-2	9	-2	-2	1	-2	-2	9	-2	2	-2	-2
# Values
32.0	880.0	227.0	480.0	5.0	53.0
0.0	620.0	227.0	471.0	5.0	15.0
0.0	296.0	227.0	204.0	3.0	10.0
0.0	296.0	226.0	204.0	3.0	0.0
0.0	294.0	209.0	202.0	3.0	0.0
0.0	53.0	13.0	22.0	3.0	0.0
0.0	20.0	5.0	18.0	2.0	0.0
0.0	10.0	5.0	16.0	2.0	0.0
0.0	6.0	0.0	0.0	0.0	0.0
0.0	4.0	5.0	16.0	2.0	0.0
0.0	0.0	4.0	1.0	0.0	0.0
0.0	0.0	4.0	0.0	0.0	0.0
0.0	0.0	0.0	1.0	0.0	0.0
0.0	4.0	1.0	15.0	2.0	0.0
0.0	0.0	0.0	0.0	1.0	0.0
0.0	4.0	1.0	15.0	1.0	0.0
0.0	4.0	1.0	9.0	1.0	0.0
0.0	4.0	0.0	4.0	0.0	0.0
0.0	2.0	0.0	4.0	0.0	0.0
0.0	2.0	0.0	3.0	0.0	0.0
0.0	0.0	0.0	1.0	0.0	0.0
0.0	2.0	0.0	0.0	0.0	0.0
0.0	0.0	1.0	5.0	1.0	0.0
0.0	0.0	1.0	3.0	1.0	0.0
0.0	0.0	1.0	0.0	0.0	0.0
0.0	0.0	0.0	3.0	1.0	0.0
0.0	0.0	0.0	2.0	0.0	0.0
0.0	0.0	0.0	6.0	0.0	0.0
0.0	10.0	0.0	2.0	0.0	0.0
0.0	0.0	0.0	1.0	0.0	0.0
0.0	10.0	0.0	1.0	0.0	0.0
0.0	0.0	0.0	1.0	0.0	0.0
0.0	10.0	0.0	0.0	0.0	0.0
0.0	33.0	8.0	4.0	1.0	0.0
0.0	16.0	8.0	4.0	1.0	0.0
0.0	15.0	8.0	0.0	1.0	0.0
0.0	1.0	5.0	0.0	0.0	0.0
0.0	1.0	0.0	0.0	0.0	0.0
0.0	0.0	5.0	0.0	0.0	0.0
0.0	14.0	3.0	0.0	1.0	0.0
0.0	2.0	3.0	0.0	0.0	0.0
0.0	0.0	3.0	0.0	0.0	0.0
0.0	2.0	0.0	0.0	0.0	0.0
0.0	12.0	0.0	0.0	1.0	0.0
0.0	12.0	0.0	0.0	0.0	0.0
0.0	0.0	0.0	0.0	1.0	0.0
0.0	1.0	0.0	4.0	0.0	0.0
0.0	0.0	0.0	4.0	0.0	0.0
0.0	1.0	0.0	0.0	0.0	0.0
0.0	17.0	0.0	0.0	0.0	0.0
0.0	241.0	196.0	180.0	0.0	0.0
0.0	235.0	192.0	160.0	0.0	0.0
0.0	164.0	139.0	143.0	0.0	0.0
0.0	0.0	15.0	4.0	0.0	0.0
0.0	0.0	0.0	4.0	0.0	0.0
0.0	0.0	15.0	0.0	0.0	0.0
0.0	164.0	124.0	139.0	0.0	0.0
0.0	0.0	1.0	7.0	0.0	0.0
0.0	0.0	0.0	5.0	0.0	0.0
0.0	0.0	1.0	2.0	0.0	0.0
0.0	0.0	0.0	1.0	0.0	0.0
0.0	0.0	1.0	1.0	0.0	0.0
0.0	164.0	123.0	132.0	0.0	0.0
0.0	164.0	118.0	132.0	0.0	0.0
0.0	156.0	118.0	132.0	0.0	0.0
0.0	151.0	114.0	114.0	0.0	0.0
0.0	142.0	114.0	112.0	0.0	0.0
0.0	30.0	44.0	32.0	0.0	0.0
0.0	15.0	6.0	4.0	0.0	0.0
0.0	13.0	5.0	1.0	0.0	0.0
0.0	6.0	5.0	0.0	0.0	0.0
0.0	0.0	2.0	0.0	0.0	0.0
0.0	6.0	3.0	0.0	0.0	0.0
0.0	2.0	0.0	0.0	0.0	0.0
0.0	4.0	3.0	0.0	0.0	0.0
0.0	7.0	0.0	1.0	0.0	0.0
0.0	3.0	0.0	1.0	0.0	0.0
0.0	4.0	0.0	0.0	0.0	0.0
0.0	2.0	1.0	3.0	0.0	0.0
0.0	0.0	1.0	1.0	0.0	0.0
0.0	0.0	0.0	1.0	0.0	0.0
0.0	0.0	1.0	0.0	0.0	0.0
0.0	2.0	0.0	2.0	0.0	0.0
0.0	15.0	38.0	28.0	0.0	0.0
0.0	0.0	14.0	4.0	0.0	0.0
0.0	0.0	2.0	4.0	0.0	0.0
0.0	0.0	2.0	1.0	0.0	0.0
0.0	0.0	0.0	1.0	0.0	0.0
0.0	0.0	2.0	0.0	0.0	0.0
0.0	0.0	0.0	3.0	0.0	0.0
0.0	0.0	12.0	0.0	0.0	0.0
0.0	15.0	24.0	24.0	0.0	0.0
0.0	8.0	24.0	14.0	0.0	0.0
0.0	8.0	16.0	14.0	0.0	0.0
0.0	6.0	6.0	12.0	0.0	0.0
0.0	3.0	2.0	0.0	0.0	0.0
0.0	0.0	2.0	0.0	0.0	0.0
0.0	3.0	0.0	0.0	0.0	0.0
0.0	3.0	4.0	12.0	0.0	0.0
0.0	0.0	4.0	7.0	0.0	0.0
0.0	0.0	2.0	0.0	0.0	0.0
0.0	0.0	2.0	7.0	0.0	0.0
0.0	0.0	1.0	7.0	0.0	0.0
0.0	0.0	0.0	6.0	0.0	0.0
0.0	0.0	1.0	1.0	0.0	0.0
0.0	0.0	1.0	0.0	0.0	0.0
0.0	0.0	0.0	1.0	0.0	0.0
0.0	0.0	1.0	0.0	0.0	0.0
0.0	3.0	0.0	5.0	0.0	0.0
0.0	3.0	0.0	0.0	0.0	0.0
0.0	0.0	0.0	5.0	0.0	0.0
0.0	2.0	10.0	2.0	0.0	0.0
0.0	0.0	10.0	1.0	0.0	0.0
0.0	0.0	9.0	0.0	0.0	0.0
0.0	0.0	1.0	1.0	0.0	0.0
0.0	0.0	0.0	1.0	0.0	0.0
0.0	0.0	1.0	0.0	0.0	0.0
0.0	2.0	0.0	1.0	0.0	0.0
0.0	2.0	0.0	0.0	0.0	0.0
0.0	0.0	0.0	1.0	0.0	0.0
0.0	0.0	8.0	0.0	0.0	0.0
0.0	7.0	0.0	10.0	0.0	0.0
0.0	3.0	0.0	0.0	0.0	0.0
0.0	4.0	0.0	10.0	0.0	0.0
0.0	4.0	0.0	1.0	0.0	0.0
0.0	4.0	0.0	0.0	0.0	0.0
0.0	0.0	0.0	1.0	0.0	0.0
0.0	0.0	0.0	9.0	0.0	0.0
0.0	112.0	70.0	80.0	0.0	0.0
0.0	112.0	70.0	75.0	0.0	0.0
0.0	20.0	3.0	4.0	0.0	0.0
0.0	6.0	1.0	4.0	0.0	0.0
0.0	6.0	0.0	4.0	0.0	0.0
0.0	2.0	0.0	0.0	0.0	0.0
0.0	4.0	0.0	4.0	0.0	0.0
0.0	3.0	0.0	2.0	0.0	0.0
0.0	2.0	0.0	2.0	0.0	0.0
0.0	1.0	0.0	0.0	0.0	0.0
0.0	1.0	0.0	2.0	0.0	0.0
0.0	0.0	1.0	0.0	0.0	0.0
0.0	14.0	2.0	0.0	0.0	0.0
0.0	4.0	2.0	0.0	0.0	0.0
0.0	3.0	2.0	0.0	0.0	0.0
0.0	1.0	0.0	0.0	0.0	0.0
0.0	10.0	0.0	0.0	0.0	0.0
0.0	92.0	67.0	71.0	0.0	0.0
0.0	0.0	6.0	0.0	0.0	0.0
0.0	92.0	61.0	71.0	0.0	0.0
0.0	62.0	54.0	61.0	0.0	0.0
0.0	57.0	35.0	51.0	0.0	0.0
0.0	57.0	30.0	50.0	0.0	0.0
0.0	32.0	25.0	40.0	0.0	0.0
0.0	29.0	20.0	24.0	0.0	0.0
0.0	29.0	18.0	19.0	0.0	0.0
0.0	21.0	16.0	19.0	0.0	0.0
0.0	21.0	16.0	17.0	0.0	0.0
0.0	0.0	1.0	0.0	0.0	0.0
0.0	21.0	15.0	17.0	0.0	0.0
0.0	19.0	15.0	16.0	0.0	0.0
0.0	2.0	0.0	1.0	0.0	0.0
0.0	0.0	0.0	2.0	0.0	0.0
0.0	8.0	2.0	0.0	0.0	0.0
0.0	7.0	0.0	0.0	0.0	0.0
0.0	1.0	2.0	0.0	0.0	0.0
0.0	0.0	1.0	0.0	0.0	0.0
0.0	1.0	1.0	0.0	0.0	0.0
0.0	0.0	2.0	5.0	0.0	0.0
0.0	0.0	2.0	0.0	0.0	0.0
0.0	0.0	0.0	5.0	0.0	0.0
0.0	3.0	5.0	16.0	0.0	0.0
0.0	2.0	5.0	7.0	0.0	0.0
0.0	2.0	1.0	7.0	0.0	0.0
0.0	0.0	1.0	0.0	0.0	0.0
0.0	2.0	0.0	7.0	0.0	0.0
0.0	1.0	0.0	7.0	0.0	0.0
0.0	0.0	0.0	7.0	0.0	0.0
0.0	1.0	0.0	0.0	0.0	0.0
0.0	1.0	0.0	0.0	0.0	0.0
0.0	0.0	4.0	0.0	0.0	0.0
0.0	1.0	0.0	9.0	0.0	0.0
0.0	1.0	0.0	0.0	0.0	0.0
0.0	0.0	0.0	9.0	0.0	0.0
0.0	25.0	5.0	10.0	0.0	0.0
0.0	0.0	2.0	0.0	0.0	0.0
0.0	25.0	3.0	10.0	0.0	0.0
0.0	2.0	0.0	4.0	0.0	0.0
0.0	2.0	0.0	3.0	0.0	0.0
0.0	0.0	0.0	1.0	0.0	0.0
0.0	23.0	3.0	6.0	0.0	0.0
0.0	18.0	0.0	5.0	0.0	0.0
0.0	17.0	0.0	3.0	0.0	0.0
0.0	8.0	0.0	3.0	0.0	0.0
0.0	5.0	0.0	2.0	0.0	0.0
0.0	3.0	0.0	1.0	0.0	0.0
0.0	9.0	0.0	0.0	0.0	0.0
0.0	1.0	0.0	2.0	0.0	0.0
0.0	1.0	0.0	1.0	0.0	0.0
0.0	0.0	0.0	1.0	0.0	0.0
0.0	5.0	3.0	1.0	0.0	0.0
0.0	1.0	2.0	1.0	0.0	0.0
0.0	1.0	1.0	1.0	0.0	0.0
0.0	0.0	1.0	0.0	0.0	0.0
0.0	4.0	1.0	0.0	0.0	0.0
0.0	2.0	1.0	0.0	0.0	0.0
0.0	2.0	0.0	0.0	0.0	0.0
0.0	0.0	5.0	1.0	0.0	0.0
0.0	0.0	1.0	0.0	0.0	0.0
0.0	0.0	4.0	1.0	0.0	0.0
0.0	5.0	19.0	10.0	0.0	0.0
0.0	0.0	11.0	1.0	0.0	0.0
0.0	0.0	0.0	1.0	0.0	0.0
0.0	0.0	11.0	0.0	0.0	0.0
0.0	5.0	8.0	9.0	0.0	0.0
0.0	1.0	0.0	4.0	0.0	0.0
0.0	1.0	0.0	0.0	0.0	0.0
0.0	0.0	0.0	4.0	0.0	0.0
0.0	4.0	8.0	5.0	0.0	0.0
0.0	4.0	7.0	2.0	0.0	0.0
0.0	4.0	4.0	2.0	0.0	0.0
0.0	3.0	4.0	2.0	0.0	0.0
0.0	0.0	1.0	0.0	0.0	0.0
0.0	3.0	3.0	2.0	0.0	0.0
0.0	1.0	0.0	0.0	0.0	0.0
0.0	0.0	3.0	0.0	0.0	0.0
0.0	0.0	1.0	3.0	0.0	0.0
0.0	0.0	0.0	2.0	0.0	0.0
0.0	0.0	1.0	1.0	0.0	0.0
0.0	30.0	7.0	10.0	0.0	0.0
0.0	19.0	0.0	2.0	0.0	0.0
0.0	14.0	0.0	0.0	0.0	0.0
0.0	5.0	0.0	2.0	0.0	0.0
0.0	0.0	0.0	2.0	0.0	0.0
0.0	5.0	0.0	0.0	0.0	0.0
0.0	11.0	7.0	8.0	0.0	0.0
0.0	0.0	0.0	4.0	0.0	0.0
0.0	11.0	7.0	4.0	0.0	0.0
0.0	6.0	7.0	3.0	0.0	0.0
0.0	6.0	3.0	3.0	0.0	0.0
0.0	6.0	3.0	2.0	0.0	0.0
0.0	3.0	2.0	2.0	0.0	0.0
0.0	3.0	1.0	0.0	0.0	0.0
0.0	2.0	1.0	0.0	0.0	0.0
0.0	1.0	0.0	0.0	0.0	0.0
0.0	0.0	0.0	1.0	0.0	0.0
0.0	0.0	4.0	0.0	0.0	0.0
0.0	5.0	0.0	1.0	0.0	0.0
0.0	1.0	0.0	1.0	0.0	0.0
0.0	4.0	0.0	0.0	0.0	0.0
0.0	0.0	0.0	5.0	0.0	0.0
0.0	9.0	0.0	2.0	0.0	0.0
0.0	9.0	0.0	0.0	0.0	0.0
0.0	0.0	0.0	2.0	0.0	0.0
0.0	5.0	4.0	18.0	0.0	0.0
0.0	5.0	2.0	18.0	0.0	0.0
0.0	0.0	0.0	12.0	0.0	0.0
0.0	5.0	2.0	6.0	0.0	0.0
0.0	3.0	2.0	6.0	0.0	0.0
0.0	2.0	1.0	0.0	0.0	0.0
0.0	0.0	1.0	0.0	0.0	0.0
0.0	2.0	0.0	0.0	0.0	0.0
0.0	1.0	1.0	6.0	0.0	0.0
0.0	0.0	1.0	6.0	0.0	0.0
0.0	0.0	1.0	0.0	0.0	0.0
0.0	0.0	0.0	6.0	0.0	0.0
0.0	1.0	0.0	0.0	0.0	0.0
0.0	2.0	0.0	0.0	0.0	0.0
0.0	0.0	2.0	0.0	0.0	0.0
0.0	8.0	0.0	0.0	0.0	0.0
0.0	0.0	5.0	0.0	0.0	0.0
0.0	71.0	53.0	17.0	0.0	0.0
0.0	22.0	3.0	0.0	0.0	0.0
0.0	18.0	1.0	0.0	0.0	0.0
0.0	4.0	1.0	0.0	0.0	0.0
0.0	3.0	1.0	0.0	0.0	0.0
0.0	1.0	0.0	0.0	0.0	0.0
0.0	14.0	0.0	0.0	0.0	0.0
0.0	4.0	2.0	0.0	0.0	0.0
0.0	0.0	2.0	0.0	0.0	0.0
0.0	4.0	0.0	0.0	0.0	0.0
0.0	49.0	50.0	17.0	0.0	0.0
0.0	29.0	7.0	13.0	0.0	0.0
0.0	3.0	2.0	8.0	0.0	0.0
0.0	0.0	2.0	0.0	0.0	0.0
0.0	3.0	0.0	8.0	0.0	0.0
0.0	1.0	0.0	8.0	0.0	0.0
0.0	0.0	0.0	8.0	0.0	0.0
0.0	1.0	0.0	0.0	0.0	0.0
0.0	2.0	0.0	0.0	0.0	0.0
0.0	26.0	5.0	5.0	0.0	0.0
0.0	19.0	4.0	0.0	0.0	0.0
0.0	0.0	1.0	0.0	0.0	0.0
0.0	19.0	3.0	0.0	0.0	0.0
0.0	11.0	0.0	0.0	0.0	0.0
0.0	8.0	3.0	0.0	0.0	0.0
0.0	3.0	3.0	0.0	0.0	0.0
0.0	5.0	0.0	0.0	0.0	0.0
0.0	7.0	1.0	5.0	0.0	0.0
0.0	1.0	1.0	5.0	0.0	0.0
0.0	1.0	1.0	0.0	0.0	0.0
0.0	1.0	0.0	0.0	0.0	0.0
0.0	0.0	1.0	0.0	0.0	0.0
0.0	0.0	0.0	5.0	0.0	0.0
0.0	6.0	0.0	0.0	0.0	0.0
0.0	20.0	43.0	4.0	0.0	0.0
0.0	14.0	40.0	2.0	0.0	0.0
0.0	7.0	32.0	2.0	0.0	0.0
0.0	0.0	14.0	0.0	0.0	0.0
0.0	7.0	18.0	2.0	0.0	0.0
0.0	4.0	1.0	0.0	0.0	0.0
0.0	4.0	0.0	0.0	0.0	0.0
0.0	0.0	1.0	0.0	0.0	0.0
0.0	3.0	17.0	2.0	0.0	0.0
0.0	0.0	11.0	1.0	0.0	0.0
0.0	0.0	1.0	1.0	0.0	0.0
0.0	0.0	10.0	0.0	0.0	0.0
0.0	3.0	6.0	1.0	0.0	0.0
0.0	0.0	0.0	1.0	0.0	0.0
0.0	3.0	6.0	0.0	0.0	0.0
0.0	0.0	3.0	0.0	0.0	0.0
0.0	3.0	3.0	0.0	0.0	0.0
0.0	1.0	2.0	0.0	0.0	0.0
0.0	2.0	1.0	0.0	0.0	0.0
0.0	7.0	8.0	0.0	0.0	0.0
0.0	7.0	2.0	0.0	0.0	0.0
0.0	0.0	2.0	0.0	0.0	0.0
0.0	7.0	0.0	0.0	0.0	0.0
0.0	0.0	6.0	0.0	0.0	0.0
0.0	6.0	3.0	2.0	0.0	0.0
0.0	6.0	0.0	2.0	0.0	0.0
0.0	6.0	0.0	1.0	0.0	0.0
0.0	5.0	0.0	0.0	0.0	0.0
0.0	1.0	0.0	1.0	0.0	0.0
0.0	0.0	0.0	1.0	0.0	0.0
0.0	0.0	3.0	0.0	0.0	0.0
0.0	6.0	4.0	20.0	0.0	0.0
0.0	6.0	1.0	20.0	0.0	0.0
0.0	1.0	0.0	13.0	0.0	0.0
0.0	1.0	0.0	0.0	0.0	0.0
0.0	0.0	0.0	13.0	0.0	0.0
0.0	5.0	1.0	7.0	0.0	0.0
0.0	4.0	0.0	0.0	0.0	0.0
0.0	1.0	1.0	7.0	0.0	0.0
0.0	0.0	1.0	7.0	0.0	0.0
0.0	0.0	0.0	5.0	0.0	0.0
0.0	0.0	1.0	2.0	0.0	0.0
0.0	0.0	1.0	0.0	0.0	0.0
0.0	0.0	0.0	2.0	0.0	0.0
0.0	1.0	0.0	0.0	0.0	0.0
0.0	0.0	3.0	0.0	0.0	0.0
0.0	2.0	17.0	2.0	0.0	0.0
0.0	2.0	17.0	0.0	0.0	0.0
0.0	1.0	0.0	0.0	0.0	0.0
0.0	1.0	17.0	0.0	0.0	0.0
0.0	0.0	14.0	0.0	0.0	0.0
0.0	1.0	3.0	0.0	0.0	0.0
0.0	1.0	0.0	0.0	0.0	0.0
0.0	0.0	3.0	0.0	0.0	0.0
0.0	0.0	0.0	2.0	0.0	0.0
0.0	0.0	1.0	0.0	0.0	10.0
0.0	0.0	1.0	0.0	0.0	0.0
0.0	0.0	0.0	0.0	0.0	10.0
0.0	324.0	0.0	267.0	2.0	5.0
0.0	75.0	0.0	16.0	0.0	0.0
0.0	19.0	0.0	0.0	0.0	0.0
0.0	56.0	0.0	16.0	0.0	0.0
0.0	42.0	0.0	16.0	0.0	0.0
0.0	41.0	0.0	11.0	0.0	0.0
0.0	41.0	0.0	10.0	0.0	0.0
0.0	27.0	0.0	10.0	0.0	0.0
0.0	27.0	0.0	8.0	0.0	0.0
0.0	4.0	0.0	0.0	0.0	0.0
0.0	23.0	0.0	8.0	0.0	0.0
0.0	0.0	0.0	2.0	0.0	0.0
0.0	14.0	0.0	0.0	0.0	0.0
0.0	0.0	0.0	1.0	0.0	0.0
0.0	1.0	0.0	5.0	0.0	0.0
0.0	0.0	0.0	5.0	0.0	0.0
0.0	1.0	0.0	0.0	0.0	0.0
0.0	14.0	0.0	0.0	0.0	0.0
0.0	249.0	0.0	251.0	2.0	5.0
0.0	194.0	0.0	245.0	0.0	4.0
0.0	107.0	0.0	87.0	0.0	0.0
0.0	78.0	0.0	82.0	0.0	0.0
0.0	52.0	0.0	30.0	0.0	0.0
0.0	35.0	0.0	29.0	0.0	0.0
0.0	26.0	0.0	9.0	0.0	0.0
0.0	9.0	0.0	8.0	0.0	0.0
0.0	3.0	0.0	7.0	0.0	0.0
0.0	2.0	0.0	0.0	0.0	0.0
0.0	1.0	0.0	7.0	0.0	0.0
0.0	0.0	0.0	7.0	0.0	0.0
0.0	1.0	0.0	0.0	0.0	0.0
0.0	6.0	0.0	1.0	0.0	0.0
0.0	0.0	0.0	1.0	0.0	0.0
0.0	6.0	0.0	0.0	0.0	0.0
0.0	17.0	0.0	1.0	0.0	0.0
0.0	1.0	0.0	1.0	0.0	0.0
0.0	0.0	0.0	1.0	0.0	0.0
0.0	1.0	0.0	0.0	0.0	0.0
0.0	16.0	0.0	0.0	0.0	0.0
0.0	9.0	0.0	20.0	0.0	0.0
0.0	5.0	0.0	1.0	0.0	0.0
0.0	5.0	0.0	0.0	0.0	0.0
0.0	0.0	0.0	1.0	0.0	0.0
0.0	4.0	0.0	19.0	0.0	0.0
0.0	3.0	0.0	19.0	0.0	0.0
0.0	1.0	0.0	0.0	0.0	0.0
0.0	2.0	0.0	19.0	0.0	0.0
0.0	2.0	0.0	5.0	0.0	0.0
0.0	1.0	0.0	5.0	0.0	0.0
0.0	1.0	0.0	3.0	0.0	0.0
0.0	0.0	0.0	2.0	0.0	0.0
0.0	1.0	0.0	0.0	0.0	0.0
0.0	0.0	0.0	14.0	0.0	0.0
0.0	1.0	0.0	0.0	0.0	0.0
0.0	17.0	0.0	1.0	0.0	0.0
0.0	0.0	0.0	1.0	0.0	0.0
0.0	17.0	0.0	0.0	0.0	0.0
0.0	26.0	0.0	52.0	0.0	0.0
0.0	0.0	0.0	14.0	0.0	0.0
0.0	26.0	0.0	38.0	0.0	0.0
0.0	5.0	0.0	0.0	0.0	0.0
0.0	21.0	0.0	38.0	0.0	0.0
0.0	3.0	0.0	0.0	0.0	0.0
0.0	18.0	0.0	38.0	0.0	0.0
0.0	15.0	0.0	38.0	0.0	0.0
0.0	13.0	0.0	18.0	0.0	0.0
0.0	0.0	0.0	9.0	0.0	0.0
0.0	13.0	0.0	9.0	0.0	0.0
0.0	9.0	0.0	9.0	0.0	0.0
0.0	9.0	0.0	5.0	0.0	0.0
0.0	4.0	0.0	0.0	0.0	0.0
0.0	5.0	0.0	5.0	0.0	0.0
0.0	0.0	0.0	3.0	0.0	0.0
0.0	5.0	0.0	2.0	0.0	0.0
0.0	1.0	0.0	2.0	0.0	0.0
0.0	4.0	0.0	0.0	0.0	0.0
0.0	0.0	0.0	4.0	0.0	0.0
0.0	4.0	0.0	0.0	0.0	0.0
0.0	2.0	0.0	20.0	0.0	0.0
0.0	1.0	0.0	0.0	0.0	0.0
0.0	1.0	0.0	20.0	0.0	0.0
0.0	0.0	0.0	18.0	0.0	0.0
0.0	1.0	0.0	2.0	0.0	0.0
0.0	0.0	0.0	2.0	0.0	0.0
0.0	1.0	0.0	0.0	0.0	0.0
0.0	3.0	0.0	0.0	0.0	0.0
0.0	29.0	0.0	5.0	0.0	0.0
0.0	29.0	0.0	3.0	0.0	0.0
0.0	0.0	0.0	2.0	0.0	0.0
0.0	29.0	0.0	1.0	0.0	0.0
0.0	29.0	0.0	0.0	0.0	0.0
0.0	0.0	0.0	1.0	0.0	0.0
0.0	0.0	0.0	2.0	0.0	0.0
0.0	87.0	0.0	158.0	0.0	4.0
0.0	33.0	0.0	110.0	0.0	4.0
0.0	2.0	0.0	1.0	0.0	4.0
0.0	0.0	0.0	0.0	0.0	4.0
0.0	2.0	0.0	1.0	0.0	0.0
0.0	2.0	0.0	0.0	0.0	0.0
0.0	0.0	0.0	1.0	0.0	0.0
0.0	31.0	0.0	109.0	0.0	0.0
0.0	21.0	0.0	95.0	0.0	0.0
0.0	20.0	0.0	57.0	0.0	0.0
0.0	13.0	0.0	52.0	0.0	0.0
0.0	8.0	0.0	46.0	0.0	0.0
0.0	5.0	0.0	7.0	0.0	0.0
0.0	2.0	0.0	7.0	0.0	0.0
0.0	1.0	0.0	7.0	0.0	0.0
0.0	0.0	0.0	7.0	0.0	0.0
0.0	1.0	0.0	0.0	0.0	0.0
0.0	1.0	0.0	0.0	0.0	0.0
0.0	3.0	0.0	0.0	0.0	0.0
0.0	3.0	0.0	39.0	0.0	0.0
0.0	0.0	0.0	26.0	0.0	0.0
0.0	3.0	0.0	13.0	0.0	0.0
0.0	1.0	0.0	0.0	0.0	0.0
0.0	2.0	0.0	13.0	0.0	0.0
0.0	2.0	0.0	5.0	0.0	0.0
0.0	0.0	0.0	4.0	0.0	0.0
0.0	2.0	0.0	1.0	0.0	0.0
0.0	1.0	0.0	0.0	0.0	0.0
0.0	1.0	0.0	1.0	0.0	0.0
0.0	0.0	0.0	1.0	0.0	0.0
0.0	1.0	0.0	0.0	0.0	0.0
0.0	0.0	0.0	8.0	0.0	0.0
0.0	5.0	0.0	6.0	0.0	0.0
0.0	0.0	0.0	4.0	0.0	0.0
0.0	5.0	0.0	2.0	0.0	0.0
0.0	5.0	0.0	1.0	0.0	0.0
0.0	1.0	0.0	1.0	0.0	0.0
0.0	0.0	0.0	1.0	0.0	0.0
0.0	1.0	0.0	0.0	0.0	0.0
0.0	4.0	0.0	0.0	0.0	0.0
0.0	0.0	0.0	1.0	0.0	0.0
0.0	7.0	0.0	5.0	0.0	0.0
0.0	0.0	0.0	2.0	0.0	0.0
0.0	7.0	0.0	3.0	0.0	0.0
0.0	5.0	0.0	3.0	0.0	0.0
0.0	0.0	0.0	1.0	0.0	0.0
0.0	5.0	0.0	2.0	0.0	0.0
0.0	2.0	0.0	0.0	0.0	0.0
0.0	3.0	0.0	2.0	0.0	0.0
0.0	2.0	0.0	0.0	0.0	0.0
0.0	1.0	0.0	38.0	0.0	0.0
0.0	1.0	0.0	4.0	0.0	0.0
0.0	0.0	0.0	4.0	0.0	0.0
0.0	1.0	0.0	0.0	0.0	0.0
0.0	0.0	0.0	34.0	0.0	0.0
0.0	10.0	0.0	14.0	0.0	0.0
0.0	10.0	0.0	4.0	0.0	0.0
0.0	0.0	0.0	4.0	0.0	0.0
0.0	10.0	0.0	0.0	0.0	0.0
0.0	0.0	0.0	10.0	0.0	0.0
0.0	54.0	0.0	48.0	0.0	0.0
0.0	32.0	0.0	47.0	0.0	0.0
0.0	21.0	0.0	15.0	0.0	0.0
0.0	20.0	0.0	10.0	0.0	0.0
0.0	9.0	0.0	9.0	0.0	0.0
0.0	9.0	0.0	5.0	0.0	0.0
0.0	5.0	0.0	5.0	0.0	0.0
0.0	5.0	0.0	2.0	0.0	0.0
0.0	1.0	0.0	2.0	0.0	0.0
0.0	1.0	0.0	0.0	0.0	0.0
0.0	0.0	0.0	2.0	0.0	0.0
0.0	4.0	0.0	0.0	0.0	0.0
0.0	0.0	0.0	3.0	0.0	0.0
0.0	4.0	0.0	0.0	0.0	0.0
0.0	0.0	0.0	4.0	0.0	0.0
0.0	11.0	0.0	1.0	0.0	0.0
0.0	8.0	0.0	0.0	0.0	0.0
0.0	3.0	0.0	1.0	0.0	0.0
0.0	0.0	0.0	1.0	0.0	0.0
0.0	3.0	0.0	0.0	0.0	0.0
0.0	1.0	0.0	5.0	0.0	0.0
0.0	0.0	0.0	5.0	0.0	0.0
0.0	1.0	0.0	0.0	0.0	0.0
0.0	11.0	0.0	32.0	0.0	0.0
0.0	7.0	0.0	32.0	0.0	0.0
0.0	3.0	0.0	28.0	0.0	0.0
0.0	1.0	0.0	26.0	0.0	0.0
0.0	0.0	0.0	23.0	0.0	0.0
0.0	1.0	0.0	3.0	0.0	0.0
0.0	0.0	0.0	3.0	0.0	0.0
0.0	1.0	0.0	0.0	0.0	0.0
0.0	2.0	0.0	2.0	0.0	0.0
0.0	2.0	0.0	0.0	0.0	0.0
0.0	0.0	0.0	2.0	0.0	0.0
0.0	4.0	0.0	4.0	0.0	0.0
0.0	3.0	0.0	0.0	0.0	0.0
0.0	1.0	0.0	4.0	0.0	0.0
0.0	0.0	0.0	4.0	0.0	0.0
0.0	1.0	0.0	0.0	0.0	0.0
0.0	4.0	0.0	0.0	0.0	0.0
0.0	22.0	0.0	1.0	0.0	0.0
0.0	21.0	0.0	0.0	0.0	0.0
0.0	1.0	0.0	1.0	0.0	0.0
0.0	0.0	0.0	1.0	0.0	0.0
0.0	1.0	0.0	0.0	0.0	0.0
0.0	55.0	0.0	6.0	2.0	1.0
0.0	0.0	0.0	0.0	2.0	0.0
0.0	55.0	0.0	6.0	0.0	1.0
0.0	55.0	0.0	4.0	0.0	1.0
0.0	45.0	0.0	1.0	0.0	1.0
0.0	3.0	0.0	0.0	0.0	1.0
0.0	3.0	0.0	0.0	0.0	0.0
0.0	0.0	0.0	0.0	0.0	1.0
0.0	42.0	0.0	1.0	0.0	0.0
0.0	1.0	0.0	1.0	0.0	0.0
0.0	1.0	0.0	0.0	0.0	0.0
0.0	0.0	0.0	1.0	0.0	0.0
0.0	41.0	0.0	0.0	0.0	0.0
0.0	10.0	0.0	3.0	0.0	0.0
0.0	10.0	0.0	0.0	0.0	0.0
0.0	0.0	0.0	3.0	0.0	0.0
0.0	0.0	0.0	2.0	0.0	0.0
32.0	260.0	0.0	9.0	0.0	38.0
1.0	256.0	0.0	9.0	0.0	9.0
1.0	255.0	0.0	9.0	0.0	3.0
0.0	26.0	0.0	9.0	0.0	0.0
0.0	4.0	0.0	9.0	0.0	0.0
0.0	4.0	0.0	1.0	0.0	0.0
0.0	4.0	0.0	0.0	0.0	0.0
0.0	0.0	0.0	1.0	0.0	0.0
0.0	0.0	0.0	8.0	0.0	0.0
0.0	22.0	0.0	0.0	0.0	0.0
1.0	229.0	0.0	0.0	0.0	3.0
1.0	15.0	0.0	0.0	0.0	2.0
0.0	15.0	0.0	0.0	0.0	0.0
1.0	0.0	0.0	0.0	0.0	2.0
0.0	0.0	0.0	0.0	0.0	2.0
1.0	0.0	0.0	0.0	0.0	0.0
0.0	214.0	0.0	0.0	0.0	1.0
0.0	209.0	0.0	0.0	0.0	0.0
0.0	5.0	0.0	0.0	0.0	1.0
0.0	0.0	0.0	0.0	0.0	1.0
0.0	5.0	0.0	0.0	0.0	0.0
0.0	1.0	0.0	0.0	0.0	6.0
0.0	0.0	0.0	0.0	0.0	6.0
0.0	1.0	0.0	0.0	0.0	0.0
31.0	4.0	0.0	0.0	0.0	29.0
0.0	0.0	0.0	0.0	0.0	29.0
31.0	4.0	0.0	0.0	0.0	0.0
31.0	0.0	0.0	0.0	0.0	0.0
0.0	4.0	0.0	0.0	0.0	0.0
