# Sizes (NFeatures, Nclasses, NodeCount, MaxDepth)
10	6	593	25
# Classes
0.0	1.0	2.0	3.0	4.0	5.0
# Feature Names
Nrows	Ncols	Nnnz	AvgNnnz	Density	MaxRowNnnz	MinRowNnnz	StdRowNnnz	NDiags	NTrueDiags
# Left
1	2	3	4	5	6	-1	-1	9	10	11	12	-1	-1	-1	-1	17	18	-1	-1	21	-1	23	-1	-1	26	27	-1	29	30	-1	-1	-1	34	-1	36	-1	-1	39	40	41	42	43	44	45	-1	47	48	49	50	-1	-1	53	-1	-1	56	57	58	59	-1	61	-1	-1	64	-1	-1	67	-1	69	70	71	72	73	-1	75	-1	-1	78	-1	-1	81	82	83	-1	-1	-1	87	88	-1	-1	-1	92	-1	-1	95	-1	-1	98	99	100	-1	-1	-1	-1	105	106	107	-1	-1	110	111	112	-1	114	-1	-1	-1	118	-1	-1	121	122	123	-1	-1	-1	127	-1	-1	130	131	-1	133	-1	135	136	-1	-1	139	-1	141	-1	-1	-1	145	146	147	148	-1	-1	151	-1	153	-1	155	-1	-1	158	-1	-1	161	162	163	164	165	-1	167	-1	169	170	-1	-1	-1	-1	175	176	177	178	-1	180	-1	-1	183	184	-1	-1	187	-1	189	190	-1	-1	-1	-1	195	196	197	198	199	-1	-1	-1	203	204	-1	-1	-1	208	209	210	211	-1	-1	214	-1	216	-1	218	-1	220	-1	-1	223	-1	-1	226	-1	228	229	230	-1	-1	233	234	235	-1	-1	238	-1	240	-1	242	-1	244	-1	-1	247	-1	-1	250	251	-1	-1	-1	255	-1	257	258	259	-1	261	-1	-1	264	-1	-1	267	268	269	270	-1	-1	-1	274	-1	-1	277	-1	279	280	-1	-1	-1	284	-1	286	-1	-1	289	-1	-1	292	293	-1	295	-1	-1	298	-1	-1	301	-1	303	-1	-1	306	307	308	309	310	-1	-1	313	-1	315	-1	317	-1	-1	-1	321	322	-1	324	325	-1	-1	-1	329	330	-1	332	-1	-1	335	-1	-1	-1	339	-1	-1	342	343	344	345	346	-1	-1	-1	-1	351	352	-1	-1	-1	356	357	358	359	360	361	362	-1	364	-1	366	-1	368	369	-1	-1	-1	373	374	375	376	377	-1	-1	-1	-1	-1	383	-1	-1	386	387	388	-1	-1	-1	392	-1	-1	395	-1	-1	398	399	400	-1	-1	403	-1	405	-1	-1	-1	409	410	411	-1	-1	414	-1	416	-1	-1	419	420	-1	422	-1	-1	-1	426	427	428	429	430	-1	432	-1	-1	435	436	-1	438	439	440	-1	-1	-1	444	445	446	447	448	-1	-1	-1	-1	-1	-1	455	456	457	-1	-1	-1	461	-1	-1	464	465	466	467	468	-1	-1	-1	472	473	474	475	-1	-1	478	479	-1	-1	-1	483	484	-1	-1	487	488	-1	490	-1	-1	493	494	495	496	-1	498	-1	-1	-1	502	-1	504	505	506	-1	-1	-1	-1	-1	512	513	-1	515	-1	-1	518	-1	-1	521	522	523	-1	525	-1	-1	528	-1	-1	-1	532	533	-1	-1	536	537	-1	539	540	-1	-1	-1	544	545	546	-1	-1	-1	-1	551	552	553	-1	-1	556	-1	558	-1	560	-1	-1	563	564	-1	-1	-1	-1	569	570	571	-1	-1	574	575	576	-1	-1	579	-1	581	-1	583	-1	-1	586	-1	-1	589	-1	591	-1	-1
# Right
568	341	38	25	8	7	-1	-1	16	15	14	13	-1	-1	-1	-1	20	19	-1	-1	22	-1	24	-1	-1	33	28	-1	32	31	-1	-1	-1	35	-1	37	-1	-1	338	305	300	291	144	129	46	-1	104	55	52	51	-1	-1	54	-1	-1	97	66	63	60	-1	62	-1	-1	65	-1	-1	68	-1	94	91	80	77	74	-1	76	-1	-1	79	-1	-1	86	85	84	-1	-1	-1	90	89	-1	-1	-1	93	-1	-1	96	-1	-1	103	102	101	-1	-1	-1	-1	120	109	108	-1	-1	117	116	113	-1	115	-1	-1	-1	119	-1	-1	126	125	124	-1	-1	-1	128	-1	-1	143	132	-1	134	-1	138	137	-1	-1	140	-1	142	-1	-1	-1	160	157	150	149	-1	-1	152	-1	154	-1	156	-1	-1	159	-1	-1	288	283	174	173	166	-1	168	-1	172	171	-1	-1	-1	-1	194	193	182	179	-1	181	-1	-1	186	185	-1	-1	188	-1	192	191	-1	-1	-1	-1	254	207	202	201	200	-1	-1	-1	206	205	-1	-1	-1	225	222	213	212	-1	-1	215	-1	217	-1	219	-1	221	-1	-1	224	-1	-1	227	-1	249	232	231	-1	-1	246	237	236	-1	-1	239	-1	241	-1	243	-1	245	-1	-1	248	-1	-1	253	252	-1	-1	-1	256	-1	266	263	260	-1	262	-1	-1	265	-1	-1	276	273	272	271	-1	-1	-1	275	-1	-1	278	-1	282	281	-1	-1	-1	285	-1	287	-1	-1	290	-1	-1	297	294	-1	296	-1	-1	299	-1	-1	302	-1	304	-1	-1	337	320	319	312	311	-1	-1	314	-1	316	-1	318	-1	-1	-1	328	323	-1	327	326	-1	-1	-1	334	331	-1	333	-1	-1	336	-1	-1	-1	340	-1	-1	355	350	349	348	347	-1	-1	-1	-1	354	353	-1	-1	-1	425	408	397	394	385	372	363	-1	365	-1	367	-1	371	370	-1	-1	-1	382	381	380	379	378	-1	-1	-1	-1	-1	384	-1	-1	391	390	389	-1	-1	-1	393	-1	-1	396	-1	-1	407	402	401	-1	-1	404	-1	406	-1	-1	-1	418	413	412	-1	-1	415	-1	417	-1	-1	424	421	-1	423	-1	-1	-1	567	550	463	434	431	-1	433	-1	-1	454	437	-1	443	442	441	-1	-1	-1	453	452	451	450	449	-1	-1	-1	-1	-1	-1	460	459	458	-1	-1	-1	462	-1	-1	531	520	471	470	469	-1	-1	-1	511	482	477	476	-1	-1	481	480	-1	-1	-1	486	485	-1	-1	492	489	-1	491	-1	-1	510	501	500	497	-1	499	-1	-1	-1	503	-1	509	508	507	-1	-1	-1	-1	-1	517	514	-1	516	-1	-1	519	-1	-1	530	527	524	-1	526	-1	-1	529	-1	-1	-1	535	534	-1	-1	543	538	-1	542	541	-1	-1	-1	549	548	547	-1	-1	-1	-1	562	555	554	-1	-1	557	-1	559	-1	561	-1	-1	566	565	-1	-1	-1	-1	588	573	572	-1	-1	585	578	577	-1	-1	580	-1	582	-1	584	-1	-1	587	-1	-1	590	-1	592	-1	-1
# Threshold
603.5	1242.0	0.23257499933242798	6.5	274.5	57.0	-2.0	-2.0	3348.0	1142.0	950.0	0.09797950088977814	-2.0	-2.0	-2.0	-2.0	9.46354994084686e-05	5.694344872608781e-05	-2.0	-2.0	3909.5	-2.0	2.0	-2.0	-2.0	10000.0	2.027780055999756	-2.0	0.021625699941068888	5600.0	-2.0	-2.0	-2.0	0.0005079364927951247	-2.0	5000.0	-2.0	-2.0	13182790.0	91.0	1009.0	608316.0	550.5	10.186899662017822	0.007953439839184284	-2.0	2.9318350553512573	33.5	40.5	0.31835050880908966	-2.0	-2.0	10.0	-2.0	-2.0	3.5	3.109844923019409	7.5	0.03953704982995987	-2.0	62.5	-2.0	-2.0	0.01762349996715784	-2.0	-2.0	265.5	-2.0	6.562424898147583	5.950034856796265	905.5	11.5	112.0	-2.0	8.0	-2.0	-2.0	58.0	-2.0	-2.0	365.5	4.736414909362793	0.018156399484723806	-2.0	-2.0	-2.0	316.0	1.08923801779747	-2.0	-2.0	-2.0	3315.0	-2.0	-2.0	1600.0	-2.0	-2.0	6.678164958953857	126.0	5.657145023345947	-2.0	-2.0	-2.0	-2.0	0.03458604961633682	12.5	321.0	-2.0	-2.0	550.0	327.5	18.0	-2.0	171.0	-2.0	-2.0	-2.0	0.011769049800932407	-2.0	-2.0	24.0	3.351485013961792	6.19354510307312	-2.0	-2.0	-2.0	34.5	-2.0	-2.0	82.5	14.45609998703003	-2.0	15.63415002822876	-2.0	0.042632101103663445	22.0	-2.0	-2.0	15.96399974822998	-2.0	1.5	-2.0	-2.0	-2.0	0.0005007635045330971	22.0	1.5	8562.0	-2.0	-2.0	0.00018731849559117109	-2.0	0.3359064981341362	-2.0	5.5	-2.0	-2.0	5.367000102996826	-2.0	-2.0	50.30179977416992	38.825599670410156	5.5	0.7834195196628571	3.6991249322891235	-2.0	0.26459700614213943	-2.0	4530.5	0.37699998915195465	-2.0	-2.0	-2.0	-2.0	7.5	1.9984949827194214	6.5	1310.0	-2.0	2232.5	-2.0	-2.0	0.002991319983266294	6.493255138397217	-2.0	-2.0	0.0038405698724091053	-2.0	0.005203005159273744	330.0	-2.0	-2.0	-2.0	-2.0	19.5	3.407800078392029	0.001279100019019097	2105.0	1490.5	-2.0	-2.0	-2.0	69.5	0.6610909998416901	-2.0	-2.0	-2.0	0.0028044600039720535	4.2346649169921875	3.685244917869568	1533.0	-2.0	-2.0	0.4490650147199631	-2.0	8.399775266647339	-2.0	6930.5	-2.0	0.5946705043315887	-2.0	-2.0	792.5	-2.0	-2.0	15.5	-2.0	3106.5	0.006841529859229922	1.7726100087165833	-2.0	-2.0	576.5	670.5	1.9882550239562988	-2.0	-2.0	12.0	-2.0	4.333894968032837	-2.0	0.008471890352666378	-2.0	321.5	-2.0	-2.0	1046.0	-2.0	-2.0	7620.5	796.0	-2.0	-2.0	-2.0	5.25483512878418	-2.0	11.414899826049805	48258.0	0.014191099908202887	-2.0	299.5	-2.0	-2.0	20.723549842834473	-2.0	-2.0	29.544349670410156	0.019663400016725063	3.5	6601.0	-2.0	-2.0	-2.0	265.0	-2.0	-2.0	263.0	-2.0	0.013546659843996167	16.022300243377686	-2.0	-2.0	-2.0	44.975900650024414	-2.0	1375.5	-2.0	-2.0	19.575149536132812	-2.0	-2.0	4343790.0	7.031440019607544	-2.0	35136.0	-2.0	-2.0	680439.5	-2.0	-2.0	0.004558949964120984	-2.0	24.0	-2.0	-2.0	126.52099990844727	498.0	25.482600212097168	213.0	150.0	-2.0	-2.0	128.5	-2.0	231.0	-2.0	251.0	-2.0	-2.0	-2.0	826.5	11.087699890136719	-2.0	587.0	21.510299682617188	-2.0	-2.0	-2.0	212.5	21301.5	-2.0	39.0	-2.0	-2.0	18.71275043487549	-2.0	-2.0	-2.0	16.22255039215088	-2.0	-2.0	2.4275999749079347e-05	12.019750118255615	21702700.0	262127.5	1232680.0	-2.0	-2.0	-2.0	-2.0	2.0	51916.5	-2.0	-2.0	-2.0	4024.0	3392.0	0.014634350314736366	13.857550144195557	3.5	1676.5	1292.5	-2.0	1.9080700278282166	-2.0	0.003945174859836698	-2.0	4.0142951011657715	4.82787013053894	-2.0	-2.0	-2.0	3230.5	2658.0	6.926270008087158	12.0	1575.5	-2.0	-2.0	-2.0	-2.0	-2.0	17154.0	-2.0	-2.0	2066.5	12.83299970626831	10588.0	-2.0	-2.0	-2.0	2.115999937057495	-2.0	-2.0	1757.0	-2.0	-2.0	13.562450408935547	51.0	34.5	-2.0	-2.0	6.660049915313721	-2.0	1543.0	-2.0	-2.0	-2.0	6.5	0.5582145154476166	6.5	-2.0	-2.0	14.526150226593018	-2.0	14.344104766845703	-2.0	-2.0	3809.0	38.0	-2.0	4.533329963684082	-2.0	-2.0	-2.0	282109.0	297.0	0.5	2.90733003616333	29646.0	-2.0	5.5	-2.0	-2.0	8.20497989654541	2.437609910964966	-2.0	3.13104510307312	119.5	74583.5	-2.0	-2.0	-2.0	17819.0	101.0	13655.0	2.5577449798583984	0.0004195414949208498	-2.0	-2.0	-2.0	-2.0	-2.0	-2.0	21.65329933166504	131.5	0.0027568850200623274	-2.0	-2.0	-2.0	64326.0	-2.0	-2.0	0.0006544094940181822	87.0	3.6383050680160522	28880.5	21036.0	-2.0	-2.0	-2.0	137254.5	1.3488749861717224	13782.0	9531.5	-2.0	-2.0	13.5	2.0	-2.0	-2.0	-2.0	7159.5	12480.0	-2.0	-2.0	11.5	1.6050249934196472	-2.0	59446.0	-2.0	-2.0	0.00046101200859993696	38.0	119911.0	5.0	-2.0	0.00015090650413185358	-2.0	-2.0	-2.0	42.0	-2.0	6.01377010345459	5.149894952774048	2.8161699771881104	-2.0	-2.0	-2.0	-2.0	-2.0	59.695098876953125	195518.0	-2.0	203239.0	-2.0	-2.0	3.0158400535583496	-2.0	-2.0	7.5	0.00030160699679981917	90030.0	-2.0	7096210.0	-2.0	-2.0	401666.0	-2.0	-2.0	-2.0	7794.5	101.0	-2.0	-2.0	838375.0	0.0007377504953183234	-2.0	6.0	13.937550067901611	-2.0	-2.0	-2.0	141.5	3.5	52206.0	-2.0	-2.0	-2.0	-2.0	20155.0	2.0	4391.5	-2.0	-2.0	7.896345138549805	-2.0	37.12834930419922	-2.0	5687.0	-2.0	-2.0	312.0	116.3004035949707	-2.0	-2.0	-2.0	-2.0	20173.5	1431.0	18.23115062713623	-2.0	-2.0	2041195.0	668.5	12.708199977874756	-2.0	-2.0	9997.0	-2.0	10337.0	-2.0	5.631769895553589	-2.0	-2.0	52256100.0	-2.0	-2.0	0.5	-2.0	12.31719970703125	-2.0	-2.0
# Feature
5	8	7	8	2	2	-2	-2	1	2	2	7	-2	-2	-2	-2	4	4	-2	-2	0	-2	6	-2	-2	2	3	-2	4	2	-2	-2	-2	4	-2	0	-2	-2	2	5	8	2	0	3	4	-2	7	1	2	4	-2	-2	5	-2	-2	6	3	5	4	-2	0	-2	-2	4	-2	-2	2	-2	3	3	2	5	8	-2	5	-2	-2	1	-2	-2	1	3	4	-2	-2	-2	8	7	-2	-2	-2	2	-2	-2	2	-2	-2	3	8	3	-2	-2	-2	-2	4	5	0	-2	-2	8	1	5	-2	8	-2	-2	-2	4	-2	-2	5	7	3	-2	-2	-2	5	-2	-2	5	3	-2	3	-2	4	5	-2	-2	7	-2	6	-2	-2	-2	4	5	6	2	-2	-2	4	-2	7	-2	6	-2	-2	7	-2	-2	3	3	5	7	3	-2	7	-2	2	7	-2	-2	-2	-2	5	7	9	0	-2	0	-2	-2	4	3	-2	-2	4	-2	4	8	-2	-2	-2	-2	9	3	4	1	0	-2	-2	-2	5	7	-2	-2	-2	4	7	3	1	-2	-2	7	-2	3	-2	1	-2	7	-2	-2	8	-2	-2	8	-2	0	4	7	-2	-2	8	1	7	-2	-2	5	-2	7	-2	4	-2	8	-2	-2	1	-2	-2	1	8	-2	-2	-2	7	-2	7	2	4	-2	8	-2	-2	3	-2	-2	3	4	6	0	-2	-2	-2	8	-2	-2	8	-2	4	7	-2	-2	-2	3	-2	0	-2	-2	7	-2	-2	2	7	-2	1	-2	-2	0	-2	-2	4	-2	5	-2	-2	7	8	7	8	8	-2	-2	5	-2	8	-2	5	-2	-2	-2	1	7	-2	8	7	-2	-2	-2	5	2	-2	6	-2	-2	7	-2	-2	-2	3	-2	-2	4	3	0	0	2	-2	-2	-2	-2	6	8	-2	-2	-2	8	8	4	7	6	8	8	-2	7	-2	4	-2	7	3	-2	-2	-2	8	0	3	5	1	-2	-2	-2	-2	-2	1	-2	-2	8	3	2	-2	-2	-2	7	-2	-2	8	-2	-2	7	5	5	-2	-2	7	-2	8	-2	-2	-2	6	7	5	-2	-2	7	-2	3	-2	-2	8	5	-2	7	-2	-2	-2	8	5	9	7	2	-2	6	-2	-2	3	3	-2	7	5	2	-2	-2	-2	8	5	8	3	4	-2	-2	-2	-2	-2	-2	3	5	4	-2	-2	-2	1	-2	-2	4	5	3	1	0	-2	-2	-2	0	7	8	1	-2	-2	5	6	-2	-2	-2	8	0	-2	-2	5	7	-2	8	-2	-2	4	5	8	9	-2	4	-2	-2	-2	5	-2	7	7	7	-2	-2	-2	-2	-2	3	8	-2	1	-2	-2	7	-2	-2	9	4	0	-2	2	-2	-2	2	-2	-2	-2	8	9	-2	-2	2	4	-2	9	3	-2	-2	-2	9	6	8	-2	-2	-2	-2	1	9	1	-2	-2	3	-2	3	-2	0	-2	-2	5	3	-2	-2	-2	-2	5	8	7	-2	-2	8	5	3	-2	-2	5	-2	5	-2	3	-2	-2	2	-2	-2	9	-2	3	-2	-2
# Values
30.0	889.0	225.0	485.0	12.0	36.0
2.0	619.0	225.0	481.0	12.0	14.0
2.0	256.0	219.0	206.0	11.0	7.0
0.0	36.0	4.0	10.0	10.0	0.0
0.0	7.0	4.0	7.0	3.0	0.0
0.0	4.0	1.0	0.0	0.0	0.0
0.0	0.0	1.0	0.0	0.0	0.0
0.0	4.0	0.0	0.0	0.0	0.0
0.0	3.0	3.0	7.0	3.0	0.0
0.0	0.0	2.0	6.0	2.0	0.0
0.0	0.0	2.0	1.0	2.0	0.0
0.0	0.0	2.0	1.0	0.0	0.0
0.0	0.0	2.0	0.0	0.0	0.0
0.0	0.0	0.0	1.0	0.0	0.0
0.0	0.0	0.0	0.0	2.0	0.0
0.0	0.0	0.0	5.0	0.0	0.0
0.0	3.0	1.0	1.0	1.0	0.0
0.0	0.0	1.0	1.0	0.0	0.0
0.0	0.0	0.0	1.0	0.0	0.0
0.0	0.0	1.0	0.0	0.0	0.0
0.0	3.0	0.0	0.0	1.0	0.0
0.0	2.0	0.0	0.0	0.0	0.0
0.0	1.0	0.0	0.0	1.0	0.0
0.0	0.0	0.0	0.0	1.0	0.0
0.0	1.0	0.0	0.0	0.0	0.0
0.0	29.0	0.0	3.0	7.0	0.0
0.0	19.0	0.0	2.0	0.0	0.0
0.0	0.0	0.0	1.0	0.0	0.0
0.0	19.0	0.0	1.0	0.0	0.0
0.0	11.0	0.0	1.0	0.0	0.0
0.0	5.0	0.0	1.0	0.0	0.0
0.0	6.0	0.0	0.0	0.0	0.0
0.0	8.0	0.0	0.0	0.0	0.0
0.0	10.0	0.0	1.0	7.0	0.0
0.0	10.0	0.0	0.0	0.0	0.0
0.0	0.0	0.0	1.0	7.0	0.0
0.0	0.0	0.0	1.0	4.0	0.0
0.0	0.0	0.0	0.0	3.0	0.0
2.0	220.0	215.0	196.0	1.0	7.0
2.0	220.0	214.0	196.0	1.0	0.0
2.0	197.0	172.0	184.0	1.0	0.0
2.0	182.0	169.0	184.0	1.0	0.0
2.0	180.0	167.0	164.0	1.0	0.0
2.0	100.0	54.0	79.0	0.0	0.0
2.0	74.0	53.0	74.0	0.0	0.0
0.0	0.0	0.0	9.0	0.0	0.0
2.0	74.0	53.0	65.0	0.0	0.0
2.0	64.0	33.0	60.0	0.0	0.0
2.0	14.0	1.0	1.0	0.0	0.0
2.0	0.0	1.0	0.0	0.0	0.0
2.0	0.0	0.0	0.0	0.0	0.0
0.0	0.0	1.0	0.0	0.0	0.0
0.0	14.0	0.0	1.0	0.0	0.0
0.0	14.0	0.0	0.0	0.0	0.0
0.0	0.0	0.0	1.0	0.0	0.0
0.0	50.0	32.0	59.0	0.0	0.0
0.0	46.0	30.0	41.0	0.0	0.0
0.0	2.0	9.0	4.0	0.0	0.0
0.0	1.0	1.0	4.0	0.0	0.0
0.0	0.0	0.0	4.0	0.0	0.0
0.0	1.0	1.0	0.0	0.0	0.0
0.0	1.0	0.0	0.0	0.0	0.0
0.0	0.0	1.0	0.0	0.0	0.0
0.0	1.0	8.0	0.0	0.0	0.0
0.0	1.0	0.0	0.0	0.0	0.0
0.0	0.0	8.0	0.0	0.0	0.0
0.0	44.0	21.0	37.0	0.0	0.0
0.0	0.0	0.0	4.0	0.0	0.0
0.0	44.0	21.0	33.0	0.0	0.0
0.0	37.0	21.0	32.0	0.0	0.0
0.0	37.0	14.0	31.0	0.0	0.0
0.0	12.0	1.0	2.0	0.0	0.0
0.0	12.0	0.0	1.0	0.0	0.0
0.0	10.0	0.0	0.0	0.0	0.0
0.0	2.0	0.0	1.0	0.0	0.0
0.0	2.0	0.0	0.0	0.0	0.0
0.0	0.0	0.0	1.0	0.0	0.0
0.0	0.0	1.0	1.0	0.0	0.0
0.0	0.0	1.0	0.0	0.0	0.0
0.0	0.0	0.0	1.0	0.0	0.0
0.0	25.0	13.0	29.0	0.0	0.0
0.0	0.0	1.0	7.0	0.0	0.0
0.0	0.0	1.0	1.0	0.0	0.0
0.0	0.0	0.0	1.0	0.0	0.0
0.0	0.0	1.0	0.0	0.0	0.0
0.0	0.0	0.0	6.0	0.0	0.0
0.0	25.0	12.0	22.0	0.0	0.0
0.0	25.0	12.0	20.0	0.0	0.0
0.0	2.0	0.0	0.0	0.0	0.0
0.0	23.0	12.0	20.0	0.0	0.0
0.0	0.0	0.0	2.0	0.0	0.0
0.0	0.0	7.0	1.0	0.0	0.0
0.0	0.0	7.0	0.0	0.0	0.0
0.0	0.0	0.0	1.0	0.0	0.0
0.0	7.0	0.0	1.0	0.0	0.0
0.0	0.0	0.0	1.0	0.0	0.0
0.0	7.0	0.0	0.0	0.0	0.0
0.0	4.0	2.0	18.0	0.0	0.0
0.0	4.0	2.0	4.0	0.0	0.0
0.0	0.0	2.0	4.0	0.0	0.0
0.0	0.0	2.0	0.0	0.0	0.0
0.0	0.0	0.0	4.0	0.0	0.0
0.0	4.0	0.0	0.0	0.0	0.0
0.0	0.0	0.0	14.0	0.0	0.0
0.0	10.0	20.0	5.0	0.0	0.0
0.0	9.0	7.0	2.0	0.0	0.0
0.0	0.0	1.0	2.0	0.0	0.0
0.0	0.0	0.0	2.0	0.0	0.0
0.0	0.0	1.0	0.0	0.0	0.0
0.0	9.0	6.0	0.0	0.0	0.0
0.0	8.0	3.0	0.0	0.0	0.0
0.0	4.0	3.0	0.0	0.0	0.0
0.0	0.0	1.0	0.0	0.0	0.0
0.0	4.0	2.0	0.0	0.0	0.0
0.0	1.0	0.0	0.0	0.0	0.0
0.0	3.0	2.0	0.0	0.0	0.0
0.0	4.0	0.0	0.0	0.0	0.0
0.0	1.0	3.0	0.0	0.0	0.0
0.0	1.0	0.0	0.0	0.0	0.0
0.0	0.0	3.0	0.0	0.0	0.0
0.0	1.0	13.0	3.0	0.0	0.0
0.0	1.0	12.0	0.0	0.0	0.0
0.0	1.0	2.0	0.0	0.0	0.0
0.0	0.0	2.0	0.0	0.0	0.0
0.0	1.0	0.0	0.0	0.0	0.0
0.0	0.0	10.0	0.0	0.0	0.0
0.0	0.0	1.0	3.0	0.0	0.0
0.0	0.0	0.0	3.0	0.0	0.0
0.0	0.0	1.0	0.0	0.0	0.0
0.0	26.0	1.0	5.0	0.0	0.0
0.0	26.0	1.0	4.0	0.0	0.0
0.0	13.0	0.0	0.0	0.0	0.0
0.0	13.0	1.0	4.0	0.0	0.0
0.0	0.0	0.0	2.0	0.0	0.0
0.0	13.0	1.0	2.0	0.0	0.0
0.0	1.0	0.0	2.0	0.0	0.0
0.0	1.0	0.0	0.0	0.0	0.0
0.0	0.0	0.0	2.0	0.0	0.0
0.0	12.0	1.0	0.0	0.0	0.0
0.0	10.0	0.0	0.0	0.0	0.0
0.0	2.0	1.0	0.0	0.0	0.0
0.0	1.0	1.0	0.0	0.0	0.0
0.0	1.0	0.0	0.0	0.0	0.0
0.0	0.0	0.0	1.0	0.0	0.0
0.0	80.0	113.0	85.0	1.0	0.0
0.0	16.0	6.0	7.0	1.0	0.0
0.0	4.0	6.0	6.0	1.0	0.0
0.0	0.0	5.0	0.0	1.0	0.0
0.0	0.0	0.0	0.0	1.0	0.0
0.0	0.0	5.0	0.0	0.0	0.0
0.0	4.0	1.0	6.0	0.0	0.0
0.0	3.0	0.0	0.0	0.0	0.0
0.0	1.0	1.0	6.0	0.0	0.0
0.0	0.0	1.0	0.0	0.0	0.0
0.0	1.0	0.0	6.0	0.0	0.0
0.0	0.0	0.0	6.0	0.0	0.0
0.0	1.0	0.0	0.0	0.0	0.0
0.0	12.0	0.0	1.0	0.0	0.0
0.0	12.0	0.0	0.0	0.0	0.0
0.0	0.0	0.0	1.0	0.0	0.0
0.0	64.0	107.0	78.0	0.0	0.0
0.0	61.0	96.0	78.0	0.0	0.0
0.0	52.0	95.0	76.0	0.0	0.0
0.0	10.0	6.0	2.0	0.0	0.0
0.0	10.0	6.0	0.0	0.0	0.0
0.0	0.0	3.0	0.0	0.0	0.0
0.0	10.0	3.0	0.0	0.0	0.0
0.0	0.0	1.0	0.0	0.0	0.0
0.0	10.0	2.0	0.0	0.0	0.0
0.0	2.0	2.0	0.0	0.0	0.0
0.0	0.0	2.0	0.0	0.0	0.0
0.0	2.0	0.0	0.0	0.0	0.0
0.0	8.0	0.0	0.0	0.0	0.0
0.0	0.0	0.0	2.0	0.0	0.0
0.0	42.0	89.0	74.0	0.0	0.0
0.0	6.0	9.0	22.0	0.0	0.0
0.0	6.0	6.0	22.0	0.0	0.0
0.0	1.0	0.0	12.0	0.0	0.0
0.0	0.0	0.0	9.0	0.0	0.0
0.0	1.0	0.0	3.0	0.0	0.0
0.0	1.0	0.0	0.0	0.0	0.0
0.0	0.0	0.0	3.0	0.0	0.0
0.0	5.0	6.0	10.0	0.0	0.0
0.0	0.0	2.0	9.0	0.0	0.0
0.0	0.0	0.0	8.0	0.0	0.0
0.0	0.0	2.0	1.0	0.0	0.0
0.0	5.0	4.0	1.0	0.0	0.0
0.0	4.0	0.0	0.0	0.0	0.0
0.0	1.0	4.0	1.0	0.0	0.0
0.0	0.0	4.0	1.0	0.0	0.0
0.0	0.0	2.0	1.0	0.0	0.0
0.0	0.0	2.0	0.0	0.0	0.0
0.0	1.0	0.0	0.0	0.0	0.0
0.0	0.0	3.0	0.0	0.0	0.0
0.0	36.0	80.0	52.0	0.0	0.0
0.0	25.0	53.0	19.0	0.0	0.0
0.0	3.0	5.0	9.0	0.0	0.0
0.0	3.0	0.0	5.0	0.0	0.0
0.0	3.0	0.0	2.0	0.0	0.0
0.0	1.0	0.0	0.0	0.0	0.0
0.0	2.0	0.0	2.0	0.0	0.0
0.0	0.0	0.0	3.0	0.0	0.0
0.0	0.0	5.0	4.0	0.0	0.0
0.0	0.0	5.0	2.0	0.0	0.0
0.0	0.0	2.0	2.0	0.0	0.0
0.0	0.0	3.0	0.0	0.0	0.0
0.0	0.0	0.0	2.0	0.0	0.0
0.0	22.0	48.0	10.0	0.0	0.0
0.0	2.0	22.0	6.0	0.0	0.0
0.0	2.0	21.0	3.0	0.0	0.0
0.0	1.0	0.0	1.0	0.0	0.0
0.0	0.0	0.0	1.0	0.0	0.0
0.0	1.0	0.0	0.0	0.0	0.0
0.0	1.0	21.0	2.0	0.0	0.0
0.0	1.0	0.0	0.0	0.0	0.0
0.0	0.0	21.0	2.0	0.0	0.0
0.0	0.0	15.0	0.0	0.0	0.0
0.0	0.0	6.0	2.0	0.0	0.0
0.0	0.0	0.0	1.0	0.0	0.0
0.0	0.0	6.0	1.0	0.0	0.0
0.0	0.0	1.0	1.0	0.0	0.0
0.0	0.0	5.0	0.0	0.0	0.0
0.0	0.0	1.0	3.0	0.0	0.0
0.0	0.0	0.0	2.0	0.0	0.0
0.0	0.0	1.0	1.0	0.0	0.0
0.0	20.0	26.0	4.0	0.0	0.0
0.0	5.0	0.0	0.0	0.0	0.0
0.0	15.0	26.0	4.0	0.0	0.0
0.0	10.0	24.0	4.0	0.0	0.0
0.0	2.0	14.0	0.0	0.0	0.0
0.0	2.0	0.0	0.0	0.0	0.0
0.0	0.0	14.0	0.0	0.0	0.0
0.0	8.0	10.0	4.0	0.0	0.0
0.0	7.0	4.0	4.0	0.0	0.0
0.0	0.0	3.0	1.0	0.0	0.0
0.0	0.0	0.0	1.0	0.0	0.0
0.0	0.0	3.0	0.0	0.0	0.0
0.0	7.0	1.0	3.0	0.0	0.0
0.0	0.0	0.0	2.0	0.0	0.0
0.0	7.0	1.0	1.0	0.0	0.0
0.0	5.0	0.0	0.0	0.0	0.0
0.0	2.0	1.0	1.0	0.0	0.0
0.0	0.0	1.0	0.0	0.0	0.0
0.0	2.0	0.0	1.0	0.0	0.0
0.0	1.0	0.0	1.0	0.0	0.0
0.0	1.0	0.0	0.0	0.0	0.0
0.0	1.0	6.0	0.0	0.0	0.0
0.0	0.0	6.0	0.0	0.0	0.0
0.0	1.0	0.0	0.0	0.0	0.0
0.0	5.0	2.0	0.0	0.0	0.0
0.0	5.0	1.0	0.0	0.0	0.0
0.0	5.0	0.0	0.0	0.0	0.0
0.0	0.0	1.0	0.0	0.0	0.0
0.0	0.0	1.0	0.0	0.0	0.0
0.0	11.0	27.0	33.0	0.0	0.0
0.0	0.0	0.0	11.0	0.0	0.0
0.0	11.0	27.0	22.0	0.0	0.0
0.0	4.0	18.0	3.0	0.0	0.0
0.0	2.0	1.0	3.0	0.0	0.0
0.0	0.0	0.0	3.0	0.0	0.0
0.0	2.0	1.0	0.0	0.0	0.0
0.0	2.0	0.0	0.0	0.0	0.0
0.0	0.0	1.0	0.0	0.0	0.0
0.0	2.0	17.0	0.0	0.0	0.0
0.0	2.0	0.0	0.0	0.0	0.0
0.0	0.0	17.0	0.0	0.0	0.0
0.0	7.0	9.0	19.0	0.0	0.0
0.0	6.0	0.0	15.0	0.0	0.0
0.0	2.0	0.0	14.0	0.0	0.0
0.0	2.0	0.0	7.0	0.0	0.0
0.0	1.0	0.0	3.0	0.0	0.0
0.0	1.0	0.0	4.0	0.0	0.0
0.0	0.0	0.0	7.0	0.0	0.0
0.0	4.0	0.0	1.0	0.0	0.0
0.0	4.0	0.0	0.0	0.0	0.0
0.0	0.0	0.0	1.0	0.0	0.0
0.0	1.0	9.0	4.0	0.0	0.0
0.0	0.0	5.0	0.0	0.0	0.0
0.0	1.0	4.0	4.0	0.0	0.0
0.0	1.0	4.0	3.0	0.0	0.0
0.0	1.0	3.0	2.0	0.0	0.0
0.0	0.0	1.0	1.0	0.0	0.0
0.0	0.0	0.0	1.0	0.0	0.0
0.0	9.0	1.0	2.0	0.0	0.0
0.0	9.0	0.0	0.0	0.0	0.0
0.0	0.0	1.0	2.0	0.0	0.0
0.0	0.0	1.0	0.0	0.0	0.0
0.0	0.0	0.0	2.0	0.0	0.0
0.0	3.0	11.0	0.0	0.0	0.0
0.0	0.0	11.0	0.0	0.0	0.0
0.0	3.0	0.0	0.0	0.0	0.0
0.0	2.0	2.0	20.0	0.0	0.0
0.0	1.0	0.0	20.0	0.0	0.0
0.0	0.0	0.0	14.0	0.0	0.0
0.0	1.0	0.0	6.0	0.0	0.0
0.0	0.0	0.0	6.0	0.0	0.0
0.0	1.0	0.0	0.0	0.0	0.0
0.0	1.0	2.0	0.0	0.0	0.0
0.0	1.0	0.0	0.0	0.0	0.0
0.0	0.0	2.0	0.0	0.0	0.0
0.0	15.0	3.0	0.0	0.0	0.0
0.0	14.0	0.0	0.0	0.0	0.0
0.0	1.0	3.0	0.0	0.0	0.0
0.0	1.0	0.0	0.0	0.0	0.0
0.0	0.0	3.0	0.0	0.0	0.0
0.0	23.0	42.0	12.0	0.0	0.0
0.0	23.0	42.0	7.0	0.0	0.0
0.0	11.0	4.0	4.0	0.0	0.0
0.0	11.0	2.0	4.0	0.0	0.0
0.0	1.0	2.0	0.0	0.0	0.0
0.0	1.0	0.0	0.0	0.0	0.0
0.0	0.0	2.0	0.0	0.0	0.0
0.0	10.0	0.0	4.0	0.0	0.0
0.0	0.0	0.0	2.0	0.0	0.0
0.0	10.0	0.0	2.0	0.0	0.0
0.0	0.0	0.0	1.0	0.0	0.0
0.0	10.0	0.0	1.0	0.0	0.0
0.0	10.0	0.0	0.0	0.0	0.0
0.0	0.0	0.0	1.0	0.0	0.0
0.0	0.0	2.0	0.0	0.0	0.0
0.0	12.0	38.0	3.0	0.0	0.0
0.0	3.0	24.0	0.0	0.0	0.0
0.0	1.0	0.0	0.0	0.0	0.0
0.0	2.0	24.0	0.0	0.0	0.0
0.0	2.0	2.0	0.0	0.0	0.0
0.0	0.0	2.0	0.0	0.0	0.0
0.0	2.0	0.0	0.0	0.0	0.0
0.0	0.0	22.0	0.0	0.0	0.0
0.0	9.0	14.0	3.0	0.0	0.0
0.0	0.0	13.0	3.0	0.0	0.0
0.0	0.0	0.0	2.0	0.0	0.0
0.0	0.0	13.0	1.0	0.0	0.0
0.0	0.0	13.0	0.0	0.0	0.0
0.0	0.0	0.0	1.0	0.0	0.0
0.0	9.0	1.0	0.0	0.0	0.0
0.0	9.0	0.0	0.0	0.0	0.0
0.0	0.0	1.0	0.0	0.0	0.0
0.0	0.0	0.0	5.0	0.0	0.0
0.0	0.0	1.0	0.0	0.0	7.0
0.0	0.0	1.0	0.0	0.0	0.0
0.0	0.0	0.0	0.0	0.0	7.0
0.0	363.0	6.0	275.0	1.0	7.0
0.0	65.0	0.0	9.0	0.0	7.0
0.0	64.0	0.0	2.0	0.0	1.0
0.0	64.0	0.0	2.0	0.0	0.0
0.0	8.0	0.0	2.0	0.0	0.0
0.0	8.0	0.0	0.0	0.0	0.0
0.0	0.0	0.0	2.0	0.0	0.0
0.0	56.0	0.0	0.0	0.0	0.0
0.0	0.0	0.0	0.0	0.0	1.0
0.0	1.0	0.0	7.0	0.0	6.0
0.0	1.0	0.0	0.0	0.0	6.0
0.0	0.0	0.0	0.0	0.0	6.0
0.0	1.0	0.0	0.0	0.0	0.0
0.0	0.0	0.0	7.0	0.0	0.0
0.0	298.0	6.0	266.0	1.0	0.0
0.0	127.0	6.0	69.0	0.0	0.0
0.0	88.0	6.0	61.0	0.0	0.0
0.0	71.0	0.0	60.0	0.0	0.0
0.0	69.0	0.0	49.0	0.0	0.0
0.0	61.0	0.0	34.0	0.0	0.0
0.0	33.0	0.0	29.0	0.0	0.0
0.0	3.0	0.0	0.0	0.0	0.0
0.0	30.0	0.0	29.0	0.0	0.0
0.0	0.0	0.0	4.0	0.0	0.0
0.0	30.0	0.0	25.0	0.0	0.0
0.0	5.0	0.0	0.0	0.0	0.0
0.0	25.0	0.0	25.0	0.0	0.0
0.0	25.0	0.0	21.0	0.0	0.0
0.0	3.0	0.0	0.0	0.0	0.0
0.0	22.0	0.0	21.0	0.0	0.0
0.0	0.0	0.0	4.0	0.0	0.0
0.0	28.0	0.0	5.0	0.0	0.0
0.0	26.0	0.0	2.0	0.0	0.0
0.0	7.0	0.0	2.0	0.0	0.0
0.0	7.0	0.0	1.0	0.0	0.0
0.0	1.0	0.0	1.0	0.0	0.0
0.0	1.0	0.0	0.0	0.0	0.0
0.0	0.0	0.0	1.0	0.0	0.0
0.0	6.0	0.0	0.0	0.0	0.0
0.0	0.0	0.0	1.0	0.0	0.0
0.0	19.0	0.0	0.0	0.0	0.0
0.0	2.0	0.0	3.0	0.0	0.0
0.0	1.0	0.0	3.0	0.0	0.0
0.0	1.0	0.0	0.0	0.0	0.0
0.0	8.0	0.0	15.0	0.0	0.0
0.0	7.0	0.0	5.0	0.0	0.0
0.0	2.0	0.0	5.0	0.0	0.0
0.0	2.0	0.0	3.0	0.0	0.0
0.0	0.0	0.0	2.0	0.0	0.0
0.0	5.0	0.0	0.0	0.0	0.0
0.0	1.0	0.0	10.0	0.0	0.0
0.0	1.0	0.0	0.0	0.0	0.0
0.0	0.0	0.0	10.0	0.0	0.0
0.0	2.0	0.0	11.0	0.0	0.0
0.0	2.0	0.0	0.0	0.0	0.0
0.0	0.0	0.0	11.0	0.0	0.0
0.0	17.0	6.0	1.0	0.0	0.0
0.0	5.0	6.0	1.0	0.0	0.0
0.0	2.0	0.0	1.0	0.0	0.0
0.0	0.0	0.0	1.0	0.0	0.0
0.0	2.0	0.0	0.0	0.0	0.0
0.0	3.0	6.0	0.0	0.0	0.0
0.0	0.0	4.0	0.0	0.0	0.0
0.0	3.0	2.0	0.0	0.0	0.0
0.0	0.0	2.0	0.0	0.0	0.0
0.0	3.0	0.0	0.0	0.0	0.0
0.0	12.0	0.0	0.0	0.0	0.0
0.0	39.0	0.0	8.0	0.0	0.0
0.0	32.0	0.0	2.0	0.0	0.0
0.0	1.0	0.0	1.0	0.0	0.0
0.0	1.0	0.0	0.0	0.0	0.0
0.0	0.0	0.0	1.0	0.0	0.0
0.0	31.0	0.0	1.0	0.0	0.0
0.0	24.0	0.0	0.0	0.0	0.0
0.0	7.0	0.0	1.0	0.0	0.0
0.0	0.0	0.0	1.0	0.0	0.0
0.0	7.0	0.0	0.0	0.0	0.0
0.0	7.0	0.0	6.0	0.0	0.0
0.0	3.0	0.0	6.0	0.0	0.0
0.0	0.0	0.0	3.0	0.0	0.0
0.0	3.0	0.0	3.0	0.0	0.0
0.0	2.0	0.0	2.0	0.0	0.0
0.0	1.0	0.0	1.0	0.0	0.0
0.0	4.0	0.0	0.0	0.0	0.0
0.0	171.0	0.0	197.0	1.0	0.0
0.0	160.0	0.0	197.0	1.0	0.0
0.0	126.0	0.0	178.0	1.0	0.0
0.0	49.0	0.0	33.0	1.0	0.0
0.0	2.0	0.0	10.0	1.0	0.0
0.0	2.0	0.0	0.0	0.0	0.0
0.0	0.0	0.0	10.0	1.0	0.0
0.0	0.0	0.0	10.0	0.0	0.0
0.0	0.0	0.0	0.0	1.0	0.0
0.0	47.0	0.0	23.0	0.0	0.0
0.0	33.0	0.0	8.0	0.0	0.0
0.0	0.0	0.0	1.0	0.0	0.0
0.0	33.0	0.0	7.0	0.0	0.0
0.0	3.0	0.0	3.0	0.0	0.0
0.0	1.0	0.0	3.0	0.0	0.0
0.0	1.0	0.0	0.0	0.0	0.0
0.0	0.0	0.0	3.0	0.0	0.0
0.0	2.0	0.0	0.0	0.0	0.0
0.0	30.0	0.0	4.0	0.0	0.0
0.0	16.0	0.0	4.0	0.0	0.0
0.0	16.0	0.0	2.0	0.0	0.0
0.0	16.0	0.0	1.0	0.0	0.0
0.0	2.0	0.0	1.0	0.0	0.0
0.0	2.0	0.0	0.0	0.0	0.0
0.0	0.0	0.0	1.0	0.0	0.0
0.0	14.0	0.0	0.0	0.0	0.0
0.0	0.0	0.0	1.0	0.0	0.0
0.0	0.0	0.0	2.0	0.0	0.0
0.0	14.0	0.0	0.0	0.0	0.0
0.0	14.0	0.0	15.0	0.0	0.0
0.0	5.0	0.0	14.0	0.0	0.0
0.0	3.0	0.0	14.0	0.0	0.0
0.0	0.0	0.0	12.0	0.0	0.0
0.0	3.0	0.0	2.0	0.0	0.0
0.0	2.0	0.0	0.0	0.0	0.0
0.0	9.0	0.0	1.0	0.0	0.0
0.0	9.0	0.0	0.0	0.0	0.0
0.0	0.0	0.0	1.0	0.0	0.0
0.0	77.0	0.0	145.0	0.0	0.0
0.0	64.0	0.0	86.0	0.0	0.0
0.0	43.0	0.0	78.0	0.0	0.0
0.0	9.0	0.0	2.0	0.0	0.0
0.0	1.0	0.0	2.0	0.0	0.0
0.0	1.0	0.0	0.0	0.0	0.0
0.0	0.0	0.0	2.0	0.0	0.0
0.0	8.0	0.0	0.0	0.0	0.0
0.0	34.0	0.0	76.0	0.0	0.0
0.0	30.0	0.0	47.0	0.0	0.0
0.0	12.0	0.0	4.0	0.0	0.0
0.0	1.0	0.0	3.0	0.0	0.0
0.0	1.0	0.0	0.0	0.0	0.0
0.0	0.0	0.0	3.0	0.0	0.0
0.0	11.0	0.0	1.0	0.0	0.0
0.0	2.0	0.0	1.0	0.0	0.0
0.0	0.0	0.0	1.0	0.0	0.0
0.0	2.0	0.0	0.0	0.0	0.0
0.0	9.0	0.0	0.0	0.0	0.0
0.0	18.0	0.0	43.0	0.0	0.0
0.0	5.0	0.0	1.0	0.0	0.0
0.0	0.0	0.0	1.0	0.0	0.0
0.0	5.0	0.0	0.0	0.0	0.0
0.0	13.0	0.0	42.0	0.0	0.0
0.0	3.0	0.0	2.0	0.0	0.0
0.0	0.0	0.0	1.0	0.0	0.0
0.0	3.0	0.0	1.0	0.0	0.0
0.0	2.0	0.0	0.0	0.0	0.0
0.0	1.0	0.0	1.0	0.0	0.0
0.0	10.0	0.0	40.0	0.0	0.0
0.0	9.0	0.0	40.0	0.0	0.0
0.0	2.0	0.0	25.0	0.0	0.0
0.0	1.0	0.0	25.0	0.0	0.0
0.0	0.0	0.0	20.0	0.0	0.0
0.0	1.0	0.0	5.0	0.0	0.0
0.0	1.0	0.0	0.0	0.0	0.0
0.0	0.0	0.0	5.0	0.0	0.0
0.0	1.0	0.0	0.0	0.0	0.0
0.0	7.0	0.0	15.0	0.0	0.0
0.0	3.0	0.0	0.0	0.0	0.0
0.0	4.0	0.0	15.0	0.0	0.0
0.0	4.0	0.0	8.0	0.0	0.0
0.0	2.0	0.0	8.0	0.0	0.0
0.0	2.0	0.0	3.0	0.0	0.0
0.0	0.0	0.0	5.0	0.0	0.0
0.0	2.0	0.0	0.0	0.0	0.0
0.0	0.0	0.0	7.0	0.0	0.0
0.0	1.0	0.0	0.0	0.0	0.0
0.0	4.0	0.0	29.0	0.0	0.0
0.0	2.0	0.0	28.0	0.0	0.0
0.0	0.0	0.0	26.0	0.0	0.0
0.0	2.0	0.0	2.0	0.0	0.0
0.0	0.0	0.0	2.0	0.0	0.0
0.0	2.0	0.0	0.0	0.0	0.0
0.0	2.0	0.0	1.0	0.0	0.0
0.0	0.0	0.0	1.0	0.0	0.0
0.0	2.0	0.0	0.0	0.0	0.0
0.0	21.0	0.0	8.0	0.0	0.0
0.0	6.0	0.0	8.0	0.0	0.0
0.0	1.0	0.0	7.0	0.0	0.0
0.0	0.0	0.0	6.0	0.0	0.0
0.0	1.0	0.0	1.0	0.0	0.0
0.0	1.0	0.0	0.0	0.0	0.0
0.0	0.0	0.0	1.0	0.0	0.0
0.0	5.0	0.0	1.0	0.0	0.0
0.0	4.0	0.0	0.0	0.0	0.0
0.0	1.0	0.0	1.0	0.0	0.0
0.0	15.0	0.0	0.0	0.0	0.0
0.0	13.0	0.0	59.0	0.0	0.0
0.0	1.0	0.0	25.0	0.0	0.0
0.0	0.0	0.0	25.0	0.0	0.0
0.0	1.0	0.0	0.0	0.0	0.0
0.0	12.0	0.0	34.0	0.0	0.0
0.0	9.0	0.0	4.0	0.0	0.0
0.0	0.0	0.0	2.0	0.0	0.0
0.0	9.0	0.0	2.0	0.0	0.0
0.0	1.0	0.0	2.0	0.0	0.0
0.0	1.0	0.0	0.0	0.0	0.0
0.0	0.0	0.0	2.0	0.0	0.0
0.0	8.0	0.0	0.0	0.0	0.0
0.0	3.0	0.0	30.0	0.0	0.0
0.0	2.0	0.0	30.0	0.0	0.0
0.0	2.0	0.0	7.0	0.0	0.0
0.0	2.0	0.0	0.0	0.0	0.0
0.0	0.0	0.0	7.0	0.0	0.0
0.0	0.0	0.0	23.0	0.0	0.0
0.0	1.0	0.0	0.0	0.0	0.0
0.0	34.0	0.0	19.0	0.0	0.0
0.0	12.0	0.0	18.0	0.0	0.0
0.0	1.0	0.0	13.0	0.0	0.0
0.0	1.0	0.0	0.0	0.0	0.0
0.0	0.0	0.0	13.0	0.0	0.0
0.0	11.0	0.0	5.0	0.0	0.0
0.0	4.0	0.0	0.0	0.0	0.0
0.0	7.0	0.0	5.0	0.0	0.0
0.0	0.0	0.0	3.0	0.0	0.0
0.0	7.0	0.0	2.0	0.0	0.0
0.0	3.0	0.0	2.0	0.0	0.0
0.0	4.0	0.0	0.0	0.0	0.0
0.0	22.0	0.0	1.0	0.0	0.0
0.0	2.0	0.0	1.0	0.0	0.0
0.0	2.0	0.0	0.0	0.0	0.0
0.0	0.0	0.0	1.0	0.0	0.0
0.0	20.0	0.0	0.0	0.0	0.0
0.0	11.0	0.0	0.0	0.0	0.0
28.0	270.0	0.0	4.0	0.0	22.0
1.0	266.0	0.0	4.0	0.0	6.0
0.0	2.0	0.0	2.0	0.0	0.0
0.0	0.0	0.0	2.0	0.0	0.0
0.0	2.0	0.0	0.0	0.0	0.0
1.0	264.0	0.0	2.0	0.0	6.0
1.0	258.0	0.0	2.0	0.0	3.0
0.0	4.0	0.0	2.0	0.0	0.0
0.0	4.0	0.0	0.0	0.0	0.0
0.0	0.0	0.0	2.0	0.0	0.0
1.0	254.0	0.0	0.0	0.0	3.0
0.0	225.0	0.0	0.0	0.0	0.0
1.0	29.0	0.0	0.0	0.0	3.0
0.0	0.0	0.0	0.0	0.0	3.0
1.0	29.0	0.0	0.0	0.0	0.0
1.0	0.0	0.0	0.0	0.0	0.0
0.0	29.0	0.0	0.0	0.0	0.0
0.0	6.0	0.0	0.0	0.0	3.0
0.0	0.0	0.0	0.0	0.0	3.0
0.0	6.0	0.0	0.0	0.0	0.0
27.0	4.0	0.0	0.0	0.0	16.0
0.0	0.0	0.0	0.0	0.0	16.0
27.0	4.0	0.0	0.0	0.0	0.0
27.0	0.0	0.0	0.0	0.0	0.0
0.0	4.0	0.0	0.0	0.0	0.0
