# Sizes (NFeatures, Nclasses, NodeCount, MaxDepth)
14	5	211	14
# Classes
0.0	1.0	2.0	3.0	4.0
# Feature Names
Nrows	Ncols	Nnnz	AvgNnnz	Density	MaxRowNnnz	MinRowNnnz	StdRowNnnz	NDiags	NTrueDiags	AvgNnnzDia	AvgNnnzELL	AvgNnnzHyb	AvgNnnzHdc
# Left
1	2	3	4	5	6	-1	-1	-1	10	11	-1	13	14	15	16	-1	18	-1	-1	21	-1	23	-1	25	-1	-1	-1	-1	-1	-1	32	-1	-1	35	36	37	38	39	-1	-1	42	43	44	-1	-1	-1	48	-1	-1	51	52	53	54	55	-1	-1	-1	59	60	-1	62	-1	-1	-1	66	-1	68	69	70	71	72	-1	-1	-1	-1	77	78	-1	80	81	-1	83	-1	-1	86	87	-1	-1	90	-1	-1	93	-1	95	-1	97	-1	-1	-1	101	102	103	104	-1	-1	107	-1	-1	110	111	-1	-1	114	115	116	117	-1	119	-1	-1	122	-1	-1	-1	-1	127	-1	129	-1	131	132	133	134	-1	-1	-1	138	139	-1	-1	-1	-1	144	145	-1	147	148	149	-1	151	152	-1	154	-1	-1	-1	-1	159	160	161	162	-1	-1	-1	-1	167	-1	-1	170	171	-1	173	174	175	-1	177	178	-1	-1	-1	182	183	184	-1	-1	187	-1	-1	-1	-1	-1	193	194	195	-1	-1	198	199	-1	-1	202	-1	-1	205	206	-1	-1	209	-1	-1
# Right
34	31	30	9	8	7	-1	-1	-1	29	12	-1	28	27	20	17	-1	19	-1	-1	22	-1	24	-1	26	-1	-1	-1	-1	-1	-1	33	-1	-1	192	143	50	41	40	-1	-1	47	46	45	-1	-1	-1	49	-1	-1	100	65	58	57	56	-1	-1	-1	64	61	-1	63	-1	-1	-1	67	-1	99	76	75	74	73	-1	-1	-1	-1	92	79	-1	85	82	-1	84	-1	-1	89	88	-1	-1	91	-1	-1	94	-1	96	-1	98	-1	-1	-1	126	109	106	105	-1	-1	108	-1	-1	113	112	-1	-1	125	124	121	118	-1	120	-1	-1	123	-1	-1	-1	-1	128	-1	130	-1	142	137	136	135	-1	-1	-1	141	140	-1	-1	-1	-1	169	146	-1	158	157	150	-1	156	153	-1	155	-1	-1	-1	-1	166	165	164	163	-1	-1	-1	-1	168	-1	-1	191	172	-1	190	181	176	-1	180	179	-1	-1	-1	189	186	185	-1	-1	188	-1	-1	-1	-1	-1	204	197	196	-1	-1	201	200	-1	-1	203	-1	-1	208	207	-1	-1	210	-1	-1
# Threshold
41.5	2921.5	1.995479941368103	48.0	13.5	0.23625650256872177	-2.0	-2.0	-2.0	28.0	0.7209819853305817	-2.0	1584.0	1101.5	409.5	117.0	-2.0	265.5	-2.0	-2.0	102.0	-2.0	0.9531134963035583	-2.0	706.0	-2.0	-2.0	-2.0	-2.0	-2.0	-2.0	627999.5	-2.0	-2.0	299.79949951171875	0.15947150439023972	43514.5	3654.0	0.4116394966840744	-2.0	-2.0	0.8190355002880096	5000.0	0.012501250021159649	-2.0	-2.0	-2.0	0.0003764005086850375	-2.0	-2.0	0.5655149817466736	7133.0	0.001364764990285039	0.0012776500079780817	8691.5	-2.0	-2.0	-2.0	6.0	44061.5	-2.0	10.5	-2.0	-2.0	-2.0	0.6007339954376221	-2.0	1.1172099709510803	0.001428144983947277	97.33140182495117	2.5	0.22886550426483154	-2.0	-2.0	-2.0	-2.0	0.48193949460983276	0.2864539921283722	-2.0	0.7391065061092377	7703.5	-2.0	7.5	-2.0	-2.0	47841.0	0.5	-2.0	-2.0	0.9031699895858765	-2.0	-2.0	40118.0	-2.0	2.5	-2.0	0.0014601550064980984	-2.0	-2.0	-2.0	5.532624959945679	18008.0	0.00012246529877302237	8431.5	-2.0	-2.0	44.5	-2.0	-2.0	1.1293700337409973	4.953179836273193	-2.0	-2.0	4.891810178756714	55779.0	944214.0	0.00015021250146673992	-2.0	0.00016963150119408965	-2.0	-2.0	0.00010254250082653016	-2.0	-2.0	-2.0	-2.0	2.8257899430172984e-05	-2.0	23252.5	-2.0	0.9642730057239532	217.0	12.704949855804443	78403.5	-2.0	-2.0	-2.0	0.004703144892118871	43082.0	-2.0	-2.0	-2.0	-2.0	4030495.0	33.5	-2.0	0.20191050320863724	91.0	0.5	-2.0	1.2890049815177917	0.0009228280105162412	-2.0	7.837500095367432	-2.0	-2.0	-2.0	-2.0	0.4868054986000061	0.9915654957294464	0.2507155016064644	0.5	-2.0	-2.0	-2.0	-2.0	0.497749999165535	-2.0	-2.0	2822725.0	1.1774849891662598	-2.0	28845800.0	47.0	3.15431998387794e-06	-2.0	9.962600231170654	2.5	-2.0	-2.0	-2.0	66.07144927978516	15.0	0.7875805199146271	-2.0	-2.0	0.2914009988307953	-2.0	-2.0	-2.0	-2.0	-2.0	1.5	0.46741850674152374	338.86199951171875	-2.0	-2.0	23967.0	0.12116729840636253	-2.0	-2.0	0.00019044744476559572	-2.0	-2.0	27341.5	6085.5	-2.0	-2.0	3.7759805763926124e-05	-2.0	-2.0
# Feature
8	2	7	0	9	13	-2	-2	-2	8	11	-2	2	2	2	0	-2	2	-2	-2	0	-2	11	-2	2	-2	-2	-2	-2	-2	-2	1	-2	-2	7	11	2	8	12	-2	-2	12	0	11	-2	-2	-2	4	-2	-2	13	8	4	4	1	-2	-2	-2	9	2	-2	6	-2	-2	-2	7	-2	12	11	7	6	12	-2	-2	-2	-2	13	13	-2	12	0	-2	6	-2	-2	0	6	-2	-2	12	-2	-2	0	-2	9	-2	11	-2	-2	-2	7	8	4	8	-2	-2	5	-2	-2	12	3	-2	-2	3	8	2	10	-2	10	-2	-2	10	-2	-2	-2	-2	10	-2	0	-2	12	5	3	0	-2	-2	-2	11	5	-2	-2	-2	-2	2	5	-2	11	5	9	-2	12	4	-2	3	-2	-2	-2	-2	13	12	11	6	-2	-2	-2	-2	13	-2	-2	1	12	-2	2	5	10	-2	3	9	-2	-2	-2	7	9	13	-2	-2	11	-2	-2	-2	-2	-2	6	12	7	-2	-2	5	11	-2	-2	10	-2	-2	5	5	-2	-2	10	-2	-2
# Values
336.6000000000001	336.59999999999684	336.6	336.59999999999997	336.6
0.0	33.56410256410256	336.6	0.0	9.221917808219178
0.0	10.548717948717949	336.6	0.0	0.0
0.0	7.671794871794872	336.6	0.0	0.0
0.0	0.4794871794871795	148.104	0.0	0.0
0.0	0.23974358974358975	148.104	0.0	0.0
0.0	0.23974358974358975	0.0	0.0	0.0
0.0	0.0	148.104	0.0	0.0
0.0	0.23974358974358975	0.0	0.0	0.0
0.0	7.1923076923076925	188.496	0.0	0.0
0.0	4.075641025641025	188.496	0.0	0.0
0.0	1.917948717948718	0.0	0.0	0.0
0.0	2.1576923076923076	188.496	0.0	0.0
0.0	2.1576923076923076	94.248	0.0	0.0
0.0	1.1987179487179487	94.248	0.0	0.0
0.0	0.23974358974358975	67.32000000000001	0.0	0.0
0.0	0.0	53.856	0.0	0.0
0.0	0.23974358974358975	13.464	0.0	0.0
0.0	0.23974358974358975	0.0	0.0	0.0
0.0	0.0	13.464	0.0	0.0
0.0	0.958974358974359	26.928	0.0	0.0
0.0	0.23974358974358975	0.0	0.0	0.0
0.0	0.7192307692307692	26.928	0.0	0.0
0.0	0.23974358974358975	0.0	0.0	0.0
0.0	0.4794871794871795	26.928	0.0	0.0
0.0	0.4794871794871795	0.0	0.0	0.0
0.0	0.0	26.928	0.0	0.0
0.0	0.958974358974359	0.0	0.0	0.0
0.0	0.0	94.248	0.0	0.0
0.0	3.1166666666666667	0.0	0.0	0.0
0.0	2.876923076923077	0.0	0.0	0.0
0.0	23.015384615384615	0.0	0.0	9.221917808219178
0.0	23.015384615384615	0.0	0.0	0.0
0.0	0.0	0.0	0.0	9.221917808219178
336.60000000000014	303.03589743589487	0.0	336.59999999999997	327.3780821917809
288.7874999999999	301.1179487179464	0.0	0.0	318.1561643835616
284.9625	98.77435897435855	0.0	0.0	115.27397260273973
5.737500000000001	55.14102564102564	0.0	0.0	0.0
0.0	47.94871794871795	0.0	0.0	0.0
0.0	0.4794871794871795	0.0	0.0	0.0
0.0	47.46923076923077	0.0	0.0	0.0
5.737500000000001	7.1923076923076925	0.0	0.0	0.0
5.737500000000001	1.917948717948718	0.0	0.0	0.0
5.737500000000001	0.7192307692307692	0.0	0.0	0.0
0.0	0.7192307692307692	0.0	0.0	0.0
5.737500000000001	0.0	0.0	0.0	0.0
0.0	1.1987179487179487	0.0	0.0	0.0
0.0	5.274358974358974	0.0	0.0	0.0
0.0	0.4794871794871795	0.0	0.0	0.0
0.0	4.794871794871795	0.0	0.0	0.0
279.225	43.63333333333333	0.0	0.0	115.27397260273972
231.41249999999977	29.00897435897436	0.0	0.0	13.832876712328767
3.825	6.233333333333333	0.0	0.0	9.221917808219178
0.0	1.1987179487179487	0.0	0.0	9.221917808219178
0.0	1.1987179487179487	0.0	0.0	0.0
0.0	0.23974358974358975	0.0	0.0	0.0
0.0	0.958974358974359	0.0	0.0	0.0
0.0	0.0	0.0	0.0	9.221917808219178
3.825	5.0346153846153845	0.0	0.0	0.0
3.825	2.876923076923077	0.0	0.0	0.0
1.9125	0.0	0.0	0.0	0.0
1.9125	2.876923076923077	0.0	0.0	0.0
0.0	2.876923076923077	0.0	0.0	0.0
1.9125	0.0	0.0	0.0	0.0
0.0	2.1576923076923076	0.0	0.0	0.0
227.5874999999998	22.775641025641026	0.0	0.0	4.610958904109589
0.0	0.0	0.0	0.0	4.610958904109589
227.58749999999984	22.775641025641026	0.0	0.0	0.0
227.58749999999984	16.78205128205128	0.0	0.0	0.0
76.50000000000001	1.1987179487179487	0.0	0.0	0.0
32.51250000000001	1.1987179487179487	0.0	0.0	0.0
32.5125	0.7192307692307692	0.0	0.0	0.0
0.0	0.7192307692307692	0.0	0.0	0.0
32.5125	0.0	0.0	0.0	0.0
0.0	0.4794871794871795	0.0	0.0	0.0
43.987500000000004	0.0	0.0	0.0	0.0
151.0874999999999	15.583333333333334	0.0	0.0	0.0
143.43749999999991	10.548717948717949	0.0	0.0	0.0
0.0	1.6782051282051282	0.0	0.0	0.0
143.43749999999991	8.87051282051282	0.0	0.0	0.0
59.28750000000002	0.7192307692307692	0.0	0.0	0.0
0.0	0.23974358974358975	0.0	0.0	0.0
59.28750000000003	0.4794871794871795	0.0	0.0	0.0
59.28750000000002	0.23974358974358975	0.0	0.0	0.0
0.0	0.23974358974358975	0.0	0.0	0.0
84.14999999999999	8.15128205128205	0.0	0.0	0.0
70.76250000000002	2.3974358974358974	0.0	0.0	0.0
0.0	1.1987179487179487	0.0	0.0	0.0
70.76249999999999	1.1987179487179487	0.0	0.0	0.0
13.387500000000001	5.753846153846154	0.0	0.0	0.0
13.3875	1.6782051282051282	0.0	0.0	0.0
0.0	4.075641025641025	0.0	0.0	0.0
7.65	5.0346153846153845	0.0	0.0	0.0
0.0	3.835897435897436	0.0	0.0	0.0
7.65	1.1987179487179487	0.0	0.0	0.0
7.65	0.0	0.0	0.0	0.0
0.0	1.1987179487179487	0.0	0.0	0.0
0.0	0.4794871794871795	0.0	0.0	0.0
0.0	0.7192307692307692	0.0	0.0	0.0
0.0	5.993589743589744	0.0	0.0	0.0
47.81250000000001	14.624358974358975	0.0	0.0	101.44109589041095
43.98750000000001	7.432051282051282	0.0	0.0	23.054794520547944
3.825	1.6782051282051282	0.0	0.0	23.054794520547944
3.825	0.23974358974358975	0.0	0.0	0.0
0.0	0.23974358974358975	0.0	0.0	0.0
3.825	0.0	0.0	0.0	0.0
0.0	1.4384615384615385	0.0	0.0	23.054794520547944
0.0	1.4384615384615385	0.0	0.0	0.0
0.0	0.0	0.0	0.0	23.054794520547944
40.16250000000001	5.753846153846154	0.0	0.0	0.0
22.950000000000006	0.23974358974358975	0.0	0.0	0.0
22.95	0.0	0.0	0.0	0.0
0.0	0.23974358974358975	0.0	0.0	0.0
17.2125	5.514102564102564	0.0	0.0	0.0
17.2125	2.637179487179487	0.0	0.0	0.0
17.2125	1.917948717948718	0.0	0.0	0.0
9.5625	0.23974358974358975	0.0	0.0	0.0
5.737500000000001	0.0	0.0	0.0	0.0
3.825	0.23974358974358975	0.0	0.0	0.0
0.0	0.23974358974358975	0.0	0.0	0.0
3.825	0.0	0.0	0.0	0.0
7.65	1.6782051282051282	0.0	0.0	0.0
7.65	0.0	0.0	0.0	0.0
0.0	1.6782051282051282	0.0	0.0	0.0
0.0	0.7192307692307692	0.0	0.0	0.0
0.0	2.876923076923077	0.0	0.0	0.0
3.825	7.1923076923076925	0.0	0.0	78.38630136986299
3.825	0.0	0.0	0.0	0.0
0.0	7.1923076923076925	0.0	0.0	78.386301369863
0.0	3.5961538461538463	0.0	0.0	0.0
0.0	3.5961538461538463	0.0	0.0	78.38630136986302
0.0	2.1576923076923076	0.0	0.0	78.38630136986302
0.0	1.917948717948718	0.0	0.0	18.443835616438356
0.0	0.23974358974358975	0.0	0.0	18.443835616438356
0.0	0.0	0.0	0.0	18.443835616438356
0.0	0.23974358974358975	0.0	0.0	0.0
0.0	1.6782051282051282	0.0	0.0	0.0
0.0	0.23974358974358975	0.0	0.0	59.942465753424656
0.0	0.23974358974358975	0.0	0.0	9.221917808219178
0.0	0.23974358974358975	0.0	0.0	0.0
0.0	0.0	0.0	0.0	9.221917808219178
0.0	0.0	0.0	0.0	50.72054794520547
0.0	1.4384615384615385	0.0	0.0	0.0
3.825	202.3435897435889	0.0	0.0	202.88219178082198
3.825	182.68461538461426	0.0	0.0	36.88767123287671
0.0	100.45256410256363	0.0	0.0	0.0
3.825	82.2320512820511	0.0	0.0	36.88767123287671
0.0	4.315384615384615	0.0	0.0	27.66575342465753
0.0	1.6782051282051282	0.0	0.0	27.665753424657535
0.0	1.1987179487179487	0.0	0.0	0.0
0.0	0.4794871794871795	0.0	0.0	27.665753424657535
0.0	0.23974358974358975	0.0	0.0	27.665753424657535
0.0	0.0	0.0	0.0	23.054794520547944
0.0	0.23974358974358975	0.0	0.0	4.610958904109589
0.0	0.23974358974358975	0.0	0.0	0.0
0.0	0.0	0.0	0.0	4.610958904109589
0.0	0.23974358974358975	0.0	0.0	0.0
0.0	2.637179487179487	0.0	0.0	0.0
3.825	77.91666666666653	0.0	0.0	9.221917808219178
3.825	64.73076923076921	0.0	0.0	0.0
3.825	2.3974358974358974	0.0	0.0	0.0
0.0	2.3974358974358974	0.0	0.0	0.0
0.0	0.7192307692307692	0.0	0.0	0.0
0.0	1.6782051282051282	0.0	0.0	0.0
3.825	0.0	0.0	0.0	0.0
0.0	62.333333333333336	0.0	0.0	0.0
0.0	13.185897435897436	0.0	0.0	9.221917808219178
0.0	0.0	0.0	0.0	9.221917808219178
0.0	13.185897435897436	0.0	0.0	0.0
0.0	19.65897435897436	0.0	0.0	165.99452054794526
0.0	11.987179487179487	0.0	0.0	165.99452054794526
0.0	4.315384615384615	0.0	0.0	0.0
0.0	7.671794871794872	0.0	0.0	165.99452054794526
0.0	4.794871794871795	0.0	0.0	165.99452054794526
0.0	0.7192307692307692	0.0	0.0	119.88493150684933
0.0	0.23974358974358975	0.0	0.0	0.0
0.0	0.4794871794871795	0.0	0.0	119.88493150684933
0.0	0.4794871794871795	0.0	0.0	23.054794520547944
0.0	0.0	0.0	0.0	23.054794520547944
0.0	0.4794871794871795	0.0	0.0	0.0
0.0	0.0	0.0	0.0	96.83013698630135
0.0	4.075641025641025	0.0	0.0	46.109589041095894
0.0	4.075641025641025	0.0	0.0	13.832876712328767
0.0	0.7192307692307692	0.0	0.0	13.832876712328767
0.0	0.7192307692307692	0.0	0.0	0.0
0.0	0.0	0.0	0.0	13.832876712328767
0.0	3.3564102564102565	0.0	0.0	0.0
0.0	0.23974358974358975	0.0	0.0	0.0
0.0	3.1166666666666667	0.0	0.0	0.0
0.0	0.0	0.0	0.0	32.276712328767125
0.0	2.876923076923077	0.0	0.0	0.0
0.0	7.671794871794872	0.0	0.0	0.0
47.812500000000014	1.917948717948718	0.0	336.59999999999997	9.221917808219178
40.16250000000001	1.4384615384615385	0.0	0.0	9.221917808219178
38.25	0.4794871794871795	0.0	0.0	0.0
0.0	0.4794871794871795	0.0	0.0	0.0
38.25000000000001	0.0	0.0	0.0	0.0
1.9125	0.958974358974359	0.0	0.0	9.221917808219178
1.9125	0.4794871794871795	0.0	0.0	0.0
0.0	0.4794871794871795	0.0	0.0	0.0
1.9125	0.0	0.0	0.0	0.0
0.0	0.4794871794871795	0.0	0.0	9.221917808219178
0.0	0.4794871794871795	0.0	0.0	0.0
0.0	0.0	0.0	0.0	9.221917808219178
7.65	0.4794871794871795	0.0	336.59999999999997	0.0
5.737500000000001	0.4794871794871795	0.0	0.0	0.0
0.0	0.4794871794871795	0.0	0.0	0.0
5.737500000000001	0.0	0.0	0.0	0.0
1.9125	0.0	0.0	336.59999999999997	0.0
1.9125	0.0	0.0	0.0	0.0
0.0	0.0	0.0	336.59999999999997	0.0
