# Sizes (NFeatures, Nclasses, NodeCount, MaxDepth)
10	4	197	16
# Classes
0.0	1.0	2.0	3.0
# Feature Names
Nrows	Ncols	Nnnz	AvgNnnz	Density	MaxRowNnnz	MinRowNnnz	StdRowNnnz	NDiags	NTrueDiags
# Left
1	2	3	4	-1	-1	7	-1	9	10	-1	12	-1	-1	15	16	17	-1	-1	20	-1	22	-1	24	-1	26	-1	-1	29	30	-1	-1	33	-1	-1	36	37	38	-1	40	41	42	-1	-1	-1	46	47	48	49	-1	-1	-1	53	54	55	56	-1	-1	59	60	61	-1	-1	-1	65	-1	-1	68	-1	70	-1	-1	73	-1	-1	76	-1	78	-1	80	81	82	83	-1	-1	86	-1	88	-1	90	91	-1	-1	-1	95	-1	-1	98	99	-1	-1	-1	103	104	-1	-1	-1	108	109	110	-1	-1	113	114	-1	-1	-1	-1	119	120	121	122	123	-1	-1	126	127	128	-1	-1	-1	132	-1	134	135	-1	-1	-1	139	-1	141	142	143	-1	-1	146	147	148	149	-1	-1	152	153	-1	-1	-1	157	-1	159	-1	-1	162	-1	-1	-1	166	167	168	-1	-1	-1	172	-1	-1	175	176	177	178	-1	180	-1	-1	183	184	-1	-1	187	188	-1	-1	-1	192	-1	-1	195	-1	-1
# Right
118	35	6	5	-1	-1	8	-1	14	11	-1	13	-1	-1	28	19	18	-1	-1	21	-1	23	-1	25	-1	27	-1	-1	32	31	-1	-1	34	-1	-1	107	102	39	-1	45	44	43	-1	-1	-1	75	52	51	50	-1	-1	-1	72	67	58	57	-1	-1	64	63	62	-1	-1	-1	66	-1	-1	69	-1	71	-1	-1	74	-1	-1	77	-1	79	-1	97	94	85	84	-1	-1	87	-1	89	-1	93	92	-1	-1	-1	96	-1	-1	101	100	-1	-1	-1	106	105	-1	-1	-1	117	112	111	-1	-1	116	115	-1	-1	-1	-1	174	165	138	125	124	-1	-1	131	130	129	-1	-1	-1	133	-1	137	136	-1	-1	-1	140	-1	164	145	144	-1	-1	161	156	151	150	-1	-1	155	154	-1	-1	-1	158	-1	160	-1	-1	163	-1	-1	-1	171	170	169	-1	-1	-1	173	-1	-1	194	191	182	179	-1	181	-1	-1	186	185	-1	-1	190	189	-1	-1	-1	193	-1	-1	196	-1	-1
# Threshold
26744.0	17.0	69.0	6.380000114440918	-2.0	-2.0	0.8397065103054047	-2.0	0.0009648835111875087	10.0	-2.0	809922.5	-2.0	-2.0	2024.0	117.0	3.041664958000183	-2.0	-2.0	3.5	-2.0	2160.0	-2.0	5250.0	-2.0	0.003336000139825046	-2.0	-2.0	0.2926745116710663	4.960000038146973	-2.0	-2.0	0.0028877300210297108	-2.0	-2.0	1487.0	17569800.0	53.5	-2.0	35.5	158.0	34.5	-2.0	-2.0	-2.0	4874.5	28.5	27.5	6.0	-2.0	-2.0	-2.0	3489765.0	1259.5	43.5	27.0	-2.0	-2.0	18.659249305725098	3.598439931869507	3.5327749252319336	-2.0	-2.0	-2.0	18.86804962158203	-2.0	-2.0	0.0034212350146844983	-2.0	1813.5	-2.0	-2.0	3880420.0	-2.0	-2.0	4998.0	-2.0	2.28815495967865	-2.0	651.5	25227.0	2.604255041660508e-05	0.8528139889240265	-2.0	-2.0	13090.0	-2.0	13225.0	-2.0	13356.5	15721.0	-2.0	-2.0	-2.0	41705.5	-2.0	-2.0	970.0	1.5	-2.0	-2.0	-2.0	33.0	99334652.0	-2.0	-2.0	-2.0	58.17704963684082	2202.5	0.0047238006663974375	-2.0	-2.0	0.5	4.809299945831299	-2.0	-2.0	-2.0	-2.0	2.5	14.2846999168396	2.830984950065613	2.999559998512268	1.031404972076416	-2.0	-2.0	29.0	0.5	138432.0	-2.0	-2.0	-2.0	1.8957399725914001	-2.0	2.316510017408291e-05	4.796264886856079	-2.0	-2.0	-2.0	92600.0	-2.0	0.0005307094834279269	2.7487249099067412e-06	2131255.0	-2.0	-2.0	6.5	4.5	23975.5	38274.5	-2.0	-2.0	8.882544994354248	2.5	-2.0	-2.0	-2.0	6.916734933853149	-2.0	10.746840000152588	-2.0	-2.0	35865.0	-2.0	-2.0	-2.0	25.0	6963380.0	173109.5	-2.0	-2.0	-2.0	57.54460000991821	-2.0	-2.0	202.52850341796875	91.85654830932617	1.5	11.934879779815674	-2.0	52206.0	-2.0	-2.0	30130.0	46367.0	-2.0	-2.0	57048.0	52418.0	-2.0	-2.0	-2.0	84287.5	-2.0	-2.0	114.20485305786133	-2.0	-2.0
# Feature
8	8	1	3	-2	-2	3	-2	4	9	-2	2	-2	-2	1	0	3	-2	-2	6	-2	2	-2	2	-2	4	-2	-2	7	3	-2	-2	4	-2	-2	5	2	2	-2	0	2	1	-2	-2	-2	8	8	8	6	-2	-2	-2	2	5	8	5	-2	-2	7	3	3	-2	-2	-2	7	-2	-2	4	-2	0	-2	-2	2	-2	-2	8	-2	3	-2	5	8	4	7	-2	-2	8	-2	8	-2	8	0	-2	-2	-2	1	-2	-2	5	9	-2	-2	-2	9	2	-2	-2	-2	7	5	4	-2	-2	9	3	-2	-2	-2	-2	6	3	7	3	7	-2	-2	5	6	8	-2	-2	-2	7	-2	4	3	-2	-2	-2	2	-2	4	4	8	-2	-2	9	9	1	8	-2	-2	7	9	-2	-2	-2	7	-2	3	-2	-2	8	-2	-2	-2	9	2	8	-2	-2	-2	7	-2	-2	7	7	9	7	-2	8	-2	-2	8	1	-2	-2	8	8	-2	-2	-2	1	-2	-2	3	-2	-2
# Values
237.0	1281.0	93.0	28.0
47.0	1098.0	93.0	15.0
0.0	28.0	83.0	0.0
0.0	9.0	1.0	0.0
0.0	9.0	0.0	0.0
0.0	0.0	1.0	0.0
0.0	19.0	82.0	0.0
0.0	2.0	0.0	0.0
0.0	17.0	82.0	0.0
0.0	1.0	40.0	0.0
0.0	0.0	38.0	0.0
0.0	1.0	2.0	0.0
0.0	1.0	0.0	0.0
0.0	0.0	2.0	0.0
0.0	16.0	42.0	0.0
0.0	4.0	36.0	0.0
0.0	2.0	4.0	0.0
0.0	2.0	0.0	0.0
0.0	0.0	4.0	0.0
0.0	2.0	32.0	0.0
0.0	0.0	28.0	0.0
0.0	2.0	4.0	0.0
0.0	0.0	1.0	0.0
0.0	2.0	3.0	0.0
0.0	1.0	0.0	0.0
0.0	1.0	3.0	0.0
0.0	0.0	1.0	0.0
0.0	1.0	2.0	0.0
0.0	12.0	6.0	0.0
0.0	2.0	5.0	0.0
0.0	2.0	4.0	0.0
0.0	0.0	1.0	0.0
0.0	10.0	1.0	0.0
0.0	10.0	0.0	0.0
0.0	0.0	1.0	0.0
47.0	1070.0	10.0	15.0
15.0	1041.0	10.0	15.0
15.0	1037.0	10.0	7.0
0.0	0.0	3.0	0.0
15.0	1037.0	7.0	7.0
0.0	9.0	4.0	0.0
0.0	9.0	1.0	0.0
0.0	9.0	0.0	0.0
0.0	0.0	1.0	0.0
0.0	0.0	3.0	0.0
15.0	1028.0	3.0	7.0
1.0	838.0	3.0	5.0
1.0	9.0	1.0	0.0
0.0	9.0	1.0	0.0
0.0	9.0	0.0	0.0
0.0	0.0	1.0	0.0
1.0	0.0	0.0	0.0
0.0	829.0	2.0	5.0
0.0	815.0	2.0	3.0
0.0	759.0	2.0	1.0
0.0	20.0	1.0	0.0
0.0	20.0	0.0	0.0
0.0	0.0	1.0	0.0
0.0	739.0	1.0	1.0
0.0	666.0	1.0	0.0
0.0	95.0	1.0	0.0
0.0	56.0	0.0	0.0
0.0	39.0	1.0	0.0
0.0	571.0	0.0	0.0
0.0	73.0	0.0	1.0
0.0	0.0	0.0	1.0
0.0	73.0	0.0	0.0
0.0	56.0	0.0	2.0
0.0	7.0	0.0	0.0
0.0	49.0	0.0	2.0
0.0	48.0	0.0	2.0
0.0	1.0	0.0	0.0
0.0	14.0	0.0	2.0
0.0	0.0	0.0	2.0
0.0	14.0	0.0	0.0
14.0	190.0	0.0	2.0
4.0	0.0	0.0	0.0
10.0	190.0	0.0	2.0
2.0	0.0	0.0	0.0
8.0	190.0	0.0	2.0
3.0	175.0	0.0	2.0
3.0	169.0	0.0	0.0
1.0	4.0	0.0	0.0
1.0	0.0	0.0	0.0
0.0	4.0	0.0	0.0
2.0	165.0	0.0	0.0
0.0	105.0	0.0	0.0
2.0	60.0	0.0	0.0
1.0	0.0	0.0	0.0
1.0	60.0	0.0	0.0
1.0	2.0	0.0	0.0
1.0	0.0	0.0	0.0
0.0	2.0	0.0	0.0
0.0	58.0	0.0	0.0
0.0	6.0	0.0	2.0
0.0	6.0	0.0	0.0
0.0	0.0	0.0	2.0
5.0	15.0	0.0	0.0
5.0	2.0	0.0	0.0
0.0	2.0	0.0	0.0
5.0	0.0	0.0	0.0
0.0	13.0	0.0	0.0
0.0	4.0	0.0	8.0
0.0	2.0	0.0	8.0
0.0	0.0	0.0	8.0
0.0	2.0	0.0	0.0
0.0	2.0	0.0	0.0
32.0	29.0	0.0	0.0
11.0	29.0	0.0	0.0
10.0	1.0	0.0	0.0
10.0	0.0	0.0	0.0
0.0	1.0	0.0	0.0
1.0	28.0	0.0	0.0
1.0	3.0	0.0	0.0
1.0	0.0	0.0	0.0
0.0	3.0	0.0	0.0
0.0	25.0	0.0	0.0
21.0	0.0	0.0	0.0
190.0	183.0	0.0	13.0
179.0	66.0	0.0	4.0
170.0	39.0	0.0	4.0
21.0	27.0	0.0	4.0
15.0	1.0	0.0	0.0
15.0	0.0	0.0	0.0
0.0	1.0	0.0	0.0
6.0	26.0	0.0	4.0
1.0	23.0	0.0	1.0
1.0	0.0	0.0	1.0
0.0	0.0	0.0	1.0
1.0	0.0	0.0	0.0
0.0	23.0	0.0	0.0
5.0	3.0	0.0	3.0
0.0	0.0	0.0	3.0
5.0	3.0	0.0	0.0
5.0	1.0	0.0	0.0
5.0	0.0	0.0	0.0
0.0	1.0	0.0	0.0
0.0	2.0	0.0	0.0
149.0	12.0	0.0	0.0
0.0	1.0	0.0	0.0
149.0	11.0	0.0	0.0
149.0	10.0	0.0	0.0
5.0	3.0	0.0	0.0
0.0	3.0	0.0	0.0
5.0	0.0	0.0	0.0
144.0	7.0	0.0	0.0
142.0	5.0	0.0	0.0
131.0	3.0	0.0	0.0
3.0	1.0	0.0	0.0
3.0	0.0	0.0	0.0
0.0	1.0	0.0	0.0
128.0	2.0	0.0	0.0
34.0	2.0	0.0	0.0
34.0	0.0	0.0	0.0
0.0	2.0	0.0	0.0
94.0	0.0	0.0	0.0
11.0	2.0	0.0	0.0
0.0	1.0	0.0	0.0
11.0	1.0	0.0	0.0
11.0	0.0	0.0	0.0
0.0	1.0	0.0	0.0
2.0	2.0	0.0	0.0
2.0	0.0	0.0	0.0
0.0	2.0	0.0	0.0
0.0	1.0	0.0	0.0
9.0	27.0	0.0	0.0
1.0	26.0	0.0	0.0
1.0	3.0	0.0	0.0
0.0	3.0	0.0	0.0
1.0	0.0	0.0	0.0
0.0	23.0	0.0	0.0
8.0	1.0	0.0	0.0
0.0	1.0	0.0	0.0
8.0	0.0	0.0	0.0
11.0	117.0	0.0	9.0
5.0	117.0	0.0	7.0
5.0	114.0	0.0	4.0
5.0	13.0	0.0	0.0
0.0	12.0	0.0	0.0
5.0	1.0	0.0	0.0
0.0	1.0	0.0	0.0
5.0	0.0	0.0	0.0
0.0	101.0	0.0	4.0
0.0	2.0	0.0	2.0
0.0	2.0	0.0	0.0
0.0	0.0	0.0	2.0
0.0	99.0	0.0	2.0
0.0	22.0	0.0	2.0
0.0	22.0	0.0	0.0
0.0	0.0	0.0	2.0
0.0	77.0	0.0	0.0
0.0	3.0	0.0	3.0
0.0	3.0	0.0	0.0
0.0	0.0	0.0	3.0
6.0	0.0	0.0	2.0
0.0	0.0	0.0	2.0
6.0	0.0	0.0	0.0
