# Sizes (NFeatures, Nclasses, NodeCount, MaxDepth)
10	4	177	12
# Classes
0.0	1.0	2.0	3.0
# Feature Names
Nrows	Ncols	Nnnz	AvgNnnz	Density	MaxRowNnnz	MinRowNnnz	StdRowNnnz	NDiags	NTrueDiags
# Left
1	2	3	4	-1	6	-1	-1	9	-1	11	-1	13	14	15	-1	-1	-1	-1	20	21	22	23	24	-1	26	-1	28	29	30	31	-1	-1	-1	-1	36	-1	38	-1	-1	-1	42	43	-1	45	46	47	48	-1	50	-1	-1	53	-1	-1	56	57	58	-1	-1	-1	62	-1	-1	65	-1	-1	68	69	70	-1	-1	-1	74	75	76	-1	78	-1	-1	81	82	-1	-1	-1	86	87	88	-1	-1	91	-1	-1	-1	95	96	97	-1	-1	-1	-1	102	103	104	-1	-1	-1	108	109	-1	111	-1	-1	-1	115	116	117	118	119	-1	121	-1	123	124	125	126	-1	-1	-1	130	-1	-1	133	-1	-1	136	-1	-1	139	140	141	142	-1	-1	-1	146	-1	-1	-1	150	151	-1	-1	-1	155	156	-1	158	159	160	-1	-1	-1	164	165	-1	-1	168	169	-1	-1	-1	173	174	-1	-1	-1
# Right
114	19	8	5	-1	7	-1	-1	10	-1	12	-1	18	17	16	-1	-1	-1	-1	101	94	41	40	25	-1	27	-1	35	34	33	32	-1	-1	-1	-1	37	-1	39	-1	-1	-1	67	44	-1	64	55	52	49	-1	51	-1	-1	54	-1	-1	61	60	59	-1	-1	-1	63	-1	-1	66	-1	-1	73	72	71	-1	-1	-1	85	80	77	-1	79	-1	-1	84	83	-1	-1	-1	93	90	89	-1	-1	92	-1	-1	-1	100	99	98	-1	-1	-1	-1	107	106	105	-1	-1	-1	113	110	-1	112	-1	-1	-1	154	149	138	135	120	-1	122	-1	132	129	128	127	-1	-1	-1	131	-1	-1	134	-1	-1	137	-1	-1	148	145	144	143	-1	-1	-1	147	-1	-1	-1	153	152	-1	-1	-1	172	157	-1	163	162	161	-1	-1	-1	167	166	-1	-1	171	170	-1	-1	-1	176	175	-1	-1	-1
# Threshold
27876.5	10.0	0.0009648835111875087	97979.5	-2.0	149591.0	-2.0	-2.0	6.5	-2.0	0.0030832199845463037	-2.0	0.4834589809179306	0.006072015035897493	5.0	-2.0	-2.0	-2.0	-2.0	1497.0	17569800.0	43.5	17.990500450134277	9.5	-2.0	0.5	-2.0	15.5	6.254700183868408	1280.0	12.0	-2.0	-2.0	-2.0	-2.0	0.2731045037508011	-2.0	17.5	-2.0	-2.0	-2.0	4928.0	120.0	-2.0	80.82490158081055	0.5	17.771499633789062	17.937349796295166	-2.0	34.5	-2.0	-2.0	4117.5	-2.0	-2.0	2926840.0	0.36919599771499634	0.34367699921131134	-2.0	-2.0	-2.0	0.000436837988672778	-2.0	-2.0	61.7043514251709	-2.0	-2.0	5353.5	5231.5	278.0	-2.0	-2.0	-2.0	224.0	9.213314842781983e-05	3.0288299322128296	-2.0	3.566175103187561	-2.0	-2.0	3.5742900371551514	3.5579700469970703	-2.0	-2.0	-2.0	157113.5	9151.5	30.992850303649902	-2.0	-2.0	859.5	-2.0	-2.0	-2.0	3.5	3145725.0	33057250.0	-2.0	-2.0	-2.0	-2.0	57.820899963378906	2095.5	12.0	-2.0	-2.0	-2.0	0.04897389933466911	18359.0	-2.0	18467.0	-2.0	-2.0	-2.0	2.5	6.5	8.989954948425293	5.1728150844573975	0.01438882970251143	-2.0	118110.0	-2.0	3.0	4.797840118408203	2.7825900316238403	2.58404004573822	-2.0	-2.0	-2.0	57.0	-2.0	-2.0	6320145.0	-2.0	-2.0	0.5	-2.0	-2.0	0.0008006319694686681	0.00031207798747345805	2.7487249099067412e-06	1806910.0	-2.0	-2.0	-2.0	0.0003203389933332801	-2.0	-2.0	-2.0	10330.5	3264465.0	-2.0	-2.0	-2.0	89.66184997558594	4.5	-2.0	34226.0	64724.0	33.0	-2.0	-2.0	-2.0	2.604455039545428e-05	2.3915649762784597e-05	-2.0	-2.0	0.5	767.0	-2.0	-2.0	-2.0	8367.0	82739.0	-2.0	-2.0	-2.0
# Feature
8	8	4	2	-2	2	-2	-2	8	-2	4	-2	7	4	5	-2	-2	-2	-2	5	2	8	3	0	-2	9	-2	8	3	1	8	-2	-2	-2	-2	4	-2	0	-2	-2	-2	8	2	-2	7	9	7	3	-2	5	-2	-2	1	-2	-2	2	7	7	-2	-2	-2	4	-2	-2	3	-2	-2	8	8	5	-2	-2	-2	5	4	3	-2	7	-2	-2	3	3	-2	-2	-2	2	8	7	-2	-2	5	-2	-2	-2	6	1	2	-2	-2	-2	-2	7	5	9	-2	-2	-2	4	0	-2	1	-2	-2	-2	6	9	7	3	7	-2	2	-2	9	3	3	3	-2	-2	-2	5	-2	-2	1	-2	-2	6	-2	-2	4	4	4	8	-2	-2	-2	4	-2	-2	-2	5	1	-2	-2	-2	7	5	-2	8	1	9	-2	-2	-2	4	4	-2	-2	9	5	-2	-2	-2	5	8	-2	-2	-2
# Values
287.0	1245.0	82.0	25.0
66.0	1104.0	82.0	14.0
0.0	11.0	67.0	0.0
0.0	1.0	40.0	0.0
0.0	0.0	32.0	0.0
0.0	1.0	8.0	0.0
0.0	1.0	0.0	0.0
0.0	0.0	8.0	0.0
0.0	10.0	27.0	0.0
0.0	0.0	18.0	0.0
0.0	10.0	9.0	0.0
0.0	5.0	0.0	0.0
0.0	5.0	9.0	0.0
0.0	5.0	4.0	0.0
0.0	4.0	4.0	0.0
0.0	2.0	2.0	0.0
0.0	2.0	2.0	0.0
0.0	1.0	0.0	0.0
0.0	0.0	5.0	0.0
66.0	1093.0	15.0	14.0
28.0	1063.0	15.0	14.0
28.0	1060.0	15.0	6.0
0.0	53.0	14.0	0.0
0.0	53.0	10.0	0.0
0.0	0.0	2.0	0.0
0.0	53.0	8.0	0.0
0.0	0.0	2.0	0.0
0.0	53.0	6.0	0.0
0.0	7.0	4.0	0.0
0.0	7.0	2.0	0.0
0.0	1.0	2.0	0.0
0.0	0.0	2.0	0.0
0.0	1.0	0.0	0.0
0.0	6.0	0.0	0.0
0.0	0.0	2.0	0.0
0.0	46.0	2.0	0.0
0.0	41.0	0.0	0.0
0.0	5.0	2.0	0.0
0.0	5.0	0.0	0.0
0.0	0.0	2.0	0.0
0.0	0.0	4.0	0.0
28.0	1007.0	1.0	6.0
3.0	826.0	1.0	6.0
0.0	0.0	1.0	0.0
3.0	826.0	0.0	6.0
1.0	823.0	0.0	6.0
0.0	135.0	0.0	5.0
0.0	130.0	0.0	1.0
0.0	106.0	0.0	0.0
0.0	24.0	0.0	1.0
0.0	0.0	0.0	1.0
0.0	24.0	0.0	0.0
0.0	5.0	0.0	4.0
0.0	5.0	0.0	0.0
0.0	0.0	0.0	4.0
1.0	688.0	0.0	1.0
1.0	679.0	0.0	0.0
1.0	15.0	0.0	0.0
0.0	15.0	0.0	0.0
1.0	0.0	0.0	0.0
0.0	664.0	0.0	0.0
0.0	9.0	0.0	1.0
0.0	9.0	0.0	0.0
0.0	0.0	0.0	1.0
2.0	3.0	0.0	0.0
2.0	0.0	0.0	0.0
0.0	3.0	0.0	0.0
25.0	181.0	0.0	0.0
6.0	3.0	0.0	0.0
1.0	3.0	0.0	0.0
0.0	3.0	0.0	0.0
1.0	0.0	0.0	0.0
5.0	0.0	0.0	0.0
19.0	178.0	0.0	0.0
6.0	138.0	0.0	0.0
5.0	12.0	0.0	0.0
4.0	0.0	0.0	0.0
1.0	12.0	0.0	0.0
0.0	12.0	0.0	0.0
1.0	0.0	0.0	0.0
1.0	126.0	0.0	0.0
1.0	18.0	0.0	0.0
0.0	18.0	0.0	0.0
1.0	0.0	0.0	0.0
0.0	108.0	0.0	0.0
13.0	40.0	0.0	0.0
13.0	11.0	0.0	0.0
2.0	10.0	0.0	0.0
0.0	10.0	0.0	0.0
2.0	0.0	0.0	0.0
11.0	1.0	0.0	0.0
11.0	0.0	0.0	0.0
0.0	1.0	0.0	0.0
0.0	29.0	0.0	0.0
0.0	3.0	0.0	8.0
0.0	3.0	0.0	1.0
0.0	1.0	0.0	1.0
0.0	0.0	0.0	1.0
0.0	1.0	0.0	0.0
0.0	2.0	0.0	0.0
0.0	0.0	0.0	7.0
38.0	30.0	0.0	0.0
11.0	26.0	0.0	0.0
11.0	1.0	0.0	0.0
11.0	0.0	0.0	0.0
0.0	1.0	0.0	0.0
0.0	25.0	0.0	0.0
27.0	4.0	0.0	0.0
27.0	1.0	0.0	0.0
24.0	0.0	0.0	0.0
3.0	1.0	0.0	0.0
0.0	1.0	0.0	0.0
3.0	0.0	0.0	0.0
0.0	3.0	0.0	0.0
221.0	141.0	0.0	11.0
208.0	45.0	0.0	2.0
202.0	30.0	0.0	0.0
71.0	25.0	0.0	0.0
65.0	10.0	0.0	0.0
0.0	3.0	0.0	0.0
65.0	7.0	0.0	0.0
0.0	1.0	0.0	0.0
65.0	6.0	0.0	0.0
61.0	4.0	0.0	0.0
44.0	1.0	0.0	0.0
12.0	1.0	0.0	0.0
12.0	0.0	0.0	0.0
0.0	1.0	0.0	0.0
32.0	0.0	0.0	0.0
17.0	3.0	0.0	0.0
0.0	3.0	0.0	0.0
17.0	0.0	0.0	0.0
4.0	2.0	0.0	0.0
4.0	0.0	0.0	0.0
0.0	2.0	0.0	0.0
6.0	15.0	0.0	0.0
6.0	0.0	0.0	0.0
0.0	15.0	0.0	0.0
131.0	5.0	0.0	0.0
131.0	2.0	0.0	0.0
123.0	1.0	0.0	0.0
9.0	1.0	0.0	0.0
0.0	1.0	0.0	0.0
9.0	0.0	0.0	0.0
114.0	0.0	0.0	0.0
8.0	1.0	0.0	0.0
0.0	1.0	0.0	0.0
8.0	0.0	0.0	0.0
0.0	3.0	0.0	0.0
6.0	15.0	0.0	2.0
0.0	15.0	0.0	2.0
0.0	15.0	0.0	0.0
0.0	0.0	0.0	2.0
6.0	0.0	0.0	0.0
13.0	96.0	0.0	9.0
5.0	94.0	0.0	3.0
1.0	0.0	0.0	0.0
4.0	94.0	0.0	3.0
0.0	8.0	0.0	3.0
0.0	8.0	0.0	2.0
0.0	5.0	0.0	2.0
0.0	3.0	0.0	0.0
0.0	0.0	0.0	1.0
4.0	86.0	0.0	0.0
3.0	10.0	0.0	0.0
0.0	10.0	0.0	0.0
3.0	0.0	0.0	0.0
1.0	76.0	0.0	0.0
1.0	3.0	0.0	0.0
0.0	3.0	0.0	0.0
1.0	0.0	0.0	0.0
0.0	73.0	0.0	0.0
8.0	2.0	0.0	6.0
0.0	2.0	0.0	6.0
0.0	0.0	0.0	6.0
0.0	2.0	0.0	0.0
8.0	0.0	0.0	0.0
