# Sizes (NFeatures, Nclasses, NodeCount, MaxDepth)
10	4	193	12
# Classes
0.0	1.0	2.0	3.0
# Feature Names
Nrows	Ncols	Nnnz	AvgNnnz	Density	MaxRowNnnz	MinRowNnnz	StdRowNnnz	NDiags	NTrueDiags
# Left
1	2	3	4	5	-1	-1	8	-1	10	11	12	13	-1	15	16	-1	-1	-1	-1	21	22	-1	-1	-1	-1	27	28	29	-1	-1	32	33	-1	35	-1	-1	-1	39	-1	-1	42	43	44	45	46	47	48	49	-1	51	-1	-1	-1	-1	56	57	58	59	-1	61	-1	-1	-1	-1	-1	67	68	-1	-1	-1	72	-1	-1	75	76	-1	78	79	-1	81	-1	83	84	-1	-1	-1	-1	89	-1	91	-1	-1	94	95	96	97	-1	-1	-1	101	102	103	104	-1	-1	107	108	-1	-1	111	112	-1	-1	115	-1	117	-1	-1	120	-1	122	123	-1	125	126	-1	-1	-1	130	-1	-1	133	-1	-1	136	137	-1	139	-1	-1	142	143	-1	145	146	147	148	-1	-1	-1	-1	153	-1	-1	-1	157	158	159	160	-1	-1	-1	164	165	-1	-1	168	169	-1	171	-1	-1	174	-1	176	-1	-1	179	180	181	-1	183	-1	-1	186	-1	188	-1	-1	191	-1	-1
# Right
156	41	26	7	6	-1	-1	9	-1	25	20	19	14	-1	18	17	-1	-1	-1	-1	24	23	-1	-1	-1	-1	38	31	30	-1	-1	37	34	-1	36	-1	-1	-1	40	-1	-1	93	74	71	66	55	54	53	50	-1	52	-1	-1	-1	-1	65	64	63	60	-1	62	-1	-1	-1	-1	-1	70	69	-1	-1	-1	73	-1	-1	88	77	-1	87	80	-1	82	-1	86	85	-1	-1	-1	-1	90	-1	92	-1	-1	135	100	99	98	-1	-1	-1	132	119	106	105	-1	-1	110	109	-1	-1	114	113	-1	-1	116	-1	118	-1	-1	121	-1	129	124	-1	128	127	-1	-1	-1	131	-1	-1	134	-1	-1	141	138	-1	140	-1	-1	155	144	-1	152	151	150	149	-1	-1	-1	-1	154	-1	-1	-1	178	163	162	161	-1	-1	-1	167	166	-1	-1	173	170	-1	172	-1	-1	175	-1	177	-1	-1	190	185	182	-1	184	-1	-1	187	-1	189	-1	-1	192	-1	-1
# Threshold
1370.0	28.5	10.0	117.0	0.4839720129966736	-2.0	-2.0	6.5	-2.0	4102.5	2024.0	0.4127485007047653	0.003336000139825046	-2.0	0.006072015035897493	5.5	-2.0	-2.0	-2.0	-2.0	0.0028877300210297108	0.15411050617694855	-2.0	-2.0	-2.0	-2.0	4.5	6.289350130828097e-05	5.5	-2.0	-2.0	2573.0	4.084260106086731	-2.0	2.4048399925231934	-2.0	-2.0	-2.0	0.23692050576210022	-2.0	-2.0	0.00010082650260301307	2.5	10.558000087738037	1.5	3.815565105469432e-05	57.0	42.0	0.9942840039730072	-2.0	1.9133549928665161	-2.0	-2.0	-2.0	-2.0	99764.0	4.419814825057983	137.5	8.616649938630871e-05	-2.0	9.142825001617894e-05	-2.0	-2.0	-2.0	-2.0	-2.0	30570200.0	7.999054908752441	-2.0	-2.0	-2.0	591126.0	-2.0	-2.0	6.816005043219775e-05	3.5	-2.0	129392000.0	414.5	-2.0	0.5	-2.0	4.2242701053619385	4.0583600997924805	-2.0	-2.0	-2.0	-2.0	6.910225056344643e-05	-2.0	13.0	-2.0	-2.0	29774.0	43.0	0.2731045037508011	34.5	-2.0	-2.0	-2.0	86891.5	457.0	0.00017257699801120907	0.00017097999807447195	-2.0	-2.0	43.5	27.0	-2.0	-2.0	3.594974994659424	3.576545000076294	-2.0	-2.0	18.659249305725098	-2.0	18.86804962158203	-2.0	-2.0	54671.0	-2.0	16.206650257110596	1.0	-2.0	15.298500061035156	0.0009240314830094576	-2.0	-2.0	-2.0	1080.0	-2.0	-2.0	94013.5	-2.0	-2.0	0.5	490676.0	-2.0	115.0	-2.0	-2.0	91.85654830932617	30130.0	-2.0	220830.5	928.0	35333.0	34490.0	-2.0	-2.0	-2.0	-2.0	0.00020579650299623609	-2.0	-2.0	-2.0	16.005749702453613	10729.5	2207.5	41614.0	-2.0	-2.0	-2.0	16726.5	18413.0	-2.0	-2.0	4.5	51093450.0	-2.0	3808.605911254883	-2.0	-2.0	4.597275018692017	-2.0	10.75695514678955	-2.0	-2.0	10512.5	2002.0	8.0	-2.0	57684.0	-2.0	-2.0	8222.5	-2.0	192.24190521240234	-2.0	-2.0	0.5	-2.0	-2.0
# Feature
5	8	8	1	7	-2	-2	8	-2	1	1	7	4	-2	4	9	-2	-2	-2	-2	4	7	-2	-2	-2	-2	6	4	5	-2	-2	2	3	-2	7	-2	-2	-2	7	-2	-2	4	9	3	6	4	5	5	7	-2	7	-2	-2	-2	-2	8	7	5	4	-2	4	-2	-2	-2	-2	-2	2	3	-2	-2	-2	8	-2	-2	4	5	-2	2	8	-2	6	-2	3	3	-2	-2	-2	-2	4	-2	5	-2	-2	8	0	4	0	-2	-2	-2	0	5	4	4	-2	-2	8	5	-2	-2	3	3	-2	-2	7	-2	7	-2	-2	2	-2	3	6	-2	7	4	-2	-2	-2	5	-2	-2	0	-2	-2	6	2	-2	5	-2	-2	7	8	-2	1	5	8	8	-2	-2	-2	-2	4	-2	-2	-2	3	8	5	2	-2	-2	-2	8	0	-2	-2	9	2	-2	7	-2	-2	3	-2	3	-2	-2	5	5	9	-2	1	-2	-2	5	-2	7	-2	-2	6	-2	-2
# Values
215.0	1298.0	93.0	33.0
91.0	1238.0	93.0	32.0
4.0	42.0	87.0	2.0
0.0	18.0	71.0	0.0
0.0	6.0	4.0	0.0
0.0	6.0	0.0	0.0
0.0	0.0	4.0	0.0
0.0	12.0	67.0	0.0
0.0	0.0	33.0	0.0
0.0	12.0	34.0	0.0
0.0	12.0	17.0	0.0
0.0	4.0	15.0	0.0
0.0	4.0	9.0	0.0
0.0	0.0	5.0	0.0
0.0	4.0	4.0	0.0
0.0	3.0	4.0	0.0
0.0	1.0	2.0	0.0
0.0	2.0	2.0	0.0
0.0	1.0	0.0	0.0
0.0	0.0	6.0	0.0
0.0	8.0	2.0	0.0
0.0	8.0	1.0	0.0
0.0	1.0	1.0	0.0
0.0	7.0	0.0	0.0
0.0	0.0	1.0	0.0
0.0	0.0	17.0	0.0
4.0	24.0	16.0	2.0
4.0	22.0	4.0	2.0
4.0	0.0	0.0	2.0
4.0	0.0	0.0	0.0
0.0	0.0	0.0	2.0
0.0	22.0	4.0	0.0
0.0	5.0	4.0	0.0
0.0	4.0	0.0	0.0
0.0	1.0	4.0	0.0
0.0	0.0	4.0	0.0
0.0	1.0	0.0	0.0
0.0	17.0	0.0	0.0
0.0	2.0	12.0	0.0
0.0	2.0	0.0	0.0
0.0	0.0	12.0	0.0
87.0	1196.0	6.0	30.0
63.0	113.0	0.0	13.0
57.0	40.0	0.0	0.0
55.0	23.0	0.0	0.0
50.0	12.0	0.0	0.0
42.0	4.0	0.0	0.0
19.0	4.0	0.0	0.0
19.0	1.0	0.0	0.0
16.0	0.0	0.0	0.0
3.0	1.0	0.0	0.0
0.0	1.0	0.0	0.0
3.0	0.0	0.0	0.0
0.0	3.0	0.0	0.0
23.0	0.0	0.0	0.0
8.0	8.0	0.0	0.0
4.0	8.0	0.0	0.0
3.0	8.0	0.0	0.0
2.0	8.0	0.0	0.0
0.0	6.0	0.0	0.0
2.0	2.0	0.0	0.0
2.0	0.0	0.0	0.0
0.0	2.0	0.0	0.0
1.0	0.0	0.0	0.0
1.0	0.0	0.0	0.0
4.0	0.0	0.0	0.0
5.0	11.0	0.0	0.0
1.0	11.0	0.0	0.0
0.0	11.0	0.0	0.0
1.0	0.0	0.0	0.0
4.0	0.0	0.0	0.0
2.0	17.0	0.0	0.0
0.0	17.0	0.0	0.0
2.0	0.0	0.0	0.0
6.0	73.0	0.0	13.0
6.0	65.0	0.0	2.0
2.0	0.0	0.0	0.0
4.0	65.0	0.0	2.0
4.0	65.0	0.0	1.0
0.0	0.0	0.0	1.0
4.0	65.0	0.0	0.0
1.0	0.0	0.0	0.0
3.0	65.0	0.0	0.0
3.0	6.0	0.0	0.0
0.0	6.0	0.0	0.0
3.0	0.0	0.0	0.0
0.0	59.0	0.0	0.0
0.0	0.0	0.0	1.0
0.0	8.0	0.0	11.0
0.0	0.0	0.0	8.0
0.0	8.0	0.0	3.0
0.0	0.0	0.0	3.0
0.0	8.0	0.0	0.0
24.0	1083.0	6.0	17.0
13.0	1014.0	6.0	5.0
0.0	6.0	4.0	0.0
0.0	6.0	2.0	0.0
0.0	6.0	0.0	0.0
0.0	0.0	2.0	0.0
0.0	0.0	2.0	0.0
13.0	1008.0	2.0	5.0
13.0	997.0	2.0	1.0
2.0	883.0	2.0	1.0
2.0	24.0	0.0	0.0
0.0	24.0	0.0	0.0
2.0	0.0	0.0	0.0
0.0	859.0	2.0	1.0
0.0	27.0	1.0	0.0
0.0	25.0	0.0	0.0
0.0	2.0	1.0	0.0
0.0	832.0	1.0	1.0
0.0	79.0	1.0	0.0
0.0	46.0	0.0	0.0
0.0	33.0	1.0	0.0
0.0	753.0	0.0	1.0
0.0	650.0	0.0	0.0
0.0	103.0	0.0	1.0
0.0	0.0	0.0	1.0
0.0	103.0	0.0	0.0
11.0	114.0	0.0	0.0
0.0	95.0	0.0	0.0
11.0	19.0	0.0	0.0
10.0	3.0	0.0	0.0
0.0	2.0	0.0	0.0
10.0	1.0	0.0	0.0
1.0	1.0	0.0	0.0
1.0	0.0	0.0	0.0
0.0	1.0	0.0	0.0
9.0	0.0	0.0	0.0
1.0	16.0	0.0	0.0
0.0	16.0	0.0	0.0
1.0	0.0	0.0	0.0
0.0	11.0	0.0	4.0
0.0	0.0	0.0	4.0
0.0	11.0	0.0	0.0
11.0	69.0	0.0	12.0
10.0	1.0	0.0	2.0
10.0	0.0	0.0	0.0
0.0	1.0	0.0	2.0
0.0	0.0	0.0	2.0
0.0	1.0	0.0	0.0
1.0	68.0	0.0	10.0
1.0	68.0	0.0	5.0
0.0	0.0	0.0	2.0
1.0	68.0	0.0	3.0
1.0	67.0	0.0	1.0
0.0	67.0	0.0	1.0
0.0	8.0	0.0	1.0
0.0	8.0	0.0	0.0
0.0	0.0	0.0	1.0
0.0	59.0	0.0	0.0
1.0	0.0	0.0	0.0
0.0	1.0	0.0	2.0
0.0	0.0	0.0	2.0
0.0	1.0	0.0	0.0
0.0	0.0	0.0	5.0
124.0	60.0	0.0	1.0
110.0	25.0	0.0	0.0
5.0	17.0	0.0	0.0
5.0	2.0	0.0	0.0
0.0	2.0	0.0	0.0
5.0	0.0	0.0	0.0
0.0	15.0	0.0	0.0
105.0	8.0	0.0	0.0
9.0	5.0	0.0	0.0
9.0	0.0	0.0	0.0
0.0	5.0	0.0	0.0
96.0	3.0	0.0	0.0
88.0	1.0	0.0	0.0
86.0	0.0	0.0	0.0
2.0	1.0	0.0	0.0
0.0	1.0	0.0	0.0
2.0	0.0	0.0	0.0
8.0	2.0	0.0	0.0
0.0	1.0	0.0	0.0
8.0	1.0	0.0	0.0
8.0	0.0	0.0	0.0
0.0	1.0	0.0	0.0
14.0	35.0	0.0	1.0
3.0	29.0	0.0	1.0
2.0	1.0	0.0	1.0
2.0	0.0	0.0	0.0
0.0	1.0	0.0	1.0
0.0	1.0	0.0	0.0
0.0	0.0	0.0	1.0
1.0	28.0	0.0	0.0
0.0	26.0	0.0	0.0
1.0	2.0	0.0	0.0
0.0	2.0	0.0	0.0
1.0	0.0	0.0	0.0
11.0	6.0	0.0	0.0
0.0	6.0	0.0	0.0
11.0	0.0	0.0	0.0
