# Sizes (NFeatures, Nclasses, NodeCount, MaxDepth)
10	4	207	16
# Classes
0.0	1.0	2.0	3.0
# Feature Names
Nrows	Ncols	Nnnz	AvgNnnz	Density	MaxRowNnnz	MinRowNnnz	StdRowNnnz	NDiags	NTrueDiags
# Left
1	2	-1	4	5	-1	7	8	9	-1	11	12	-1	-1	-1	16	-1	-1	19	-1	-1	22	23	24	-1	26	-1	-1	-1	-1	31	32	33	34	35	-1	37	38	39	-1	-1	-1	-1	44	45	-1	-1	48	49	-1	-1	52	53	54	-1	-1	57	58	59	60	-1	-1	63	64	-1	66	-1	68	-1	-1	-1	72	-1	74	-1	76	-1	-1	79	-1	-1	82	83	-1	-1	-1	87	-1	-1	90	-1	-1	93	94	95	96	97	98	99	100	-1	102	-1	-1	-1	106	107	-1	-1	-1	111	112	-1	-1	-1	116	-1	118	-1	-1	121	122	-1	-1	125	-1	127	-1	-1	130	131	132	-1	-1	135	136	137	138	-1	140	141	-1	-1	144	-1	146	-1	-1	-1	-1	-1	152	153	-1	-1	-1	157	158	159	160	161	162	163	164	-1	166	-1	-1	-1	-1	171	-1	-1	174	-1	176	-1	-1	-1	180	181	182	183	-1	185	-1	187	-1	-1	190	-1	-1	193	-1	-1	196	-1	-1	199	200	201	-1	-1	-1	205	-1	-1
# Right
30	3	-1	21	6	-1	18	15	10	-1	14	13	-1	-1	-1	17	-1	-1	20	-1	-1	29	28	25	-1	27	-1	-1	-1	-1	92	89	86	43	36	-1	42	41	40	-1	-1	-1	-1	47	46	-1	-1	51	50	-1	-1	81	56	55	-1	-1	78	71	62	61	-1	-1	70	65	-1	67	-1	69	-1	-1	-1	73	-1	75	-1	77	-1	-1	80	-1	-1	85	84	-1	-1	-1	88	-1	-1	91	-1	-1	156	129	120	115	110	105	104	101	-1	103	-1	-1	-1	109	108	-1	-1	-1	114	113	-1	-1	-1	117	-1	119	-1	-1	124	123	-1	-1	126	-1	128	-1	-1	151	134	133	-1	-1	150	149	148	139	-1	143	142	-1	-1	145	-1	147	-1	-1	-1	-1	-1	155	154	-1	-1	-1	198	179	178	173	170	169	168	165	-1	167	-1	-1	-1	-1	172	-1	-1	175	-1	177	-1	-1	-1	195	192	189	184	-1	186	-1	188	-1	-1	191	-1	-1	194	-1	-1	197	-1	-1	204	203	202	-1	-1	-1	206	-1	-1
# Threshold
17.0	49.0	-2.0	5.047960042953491	45.0	-2.0	7.5	0.0062757201958447695	3.5	-2.0	0.0016666650190018117	20000.0	-2.0	-2.0	-2.0	593.5	-2.0	-2.0	4.910645008087158	-2.0	-2.0	6.643594980239868	0.005960999988019466	0.2926745116710663	-2.0	9666.0	-2.0	-2.0	-2.0	-2.0	10597.0	17569800.0	65.91140174865723	28.5	408.0	-2.0	1.9984199404716492	24.5	0.003755495068617165	-2.0	-2.0	-2.0	-2.0	120.0	33.5	-2.0	-2.0	2.5276750420744065e-05	1.6445250366814435e-05	-2.0	-2.0	9370.5	0.3743479996919632	0.3265469968318939	-2.0	-2.0	3489765.0	4928.0	3.598439931869507	3.576545000076294	-2.0	-2.0	0.5	7.5	-2.0	1735.0	-2.0	34.5	-2.0	-2.0	-2.0	5358.5	-2.0	663.0	-2.0	819.0	-2.0	-2.0	3810075.0	-2.0	-2.0	38.83199882507324	5772.5	-2.0	-2.0	-2.0	46.228349685668945	-2.0	-2.0	57.0	-2.0	-2.0	13.47854995727539	80.0	4.23163000959903e-05	3.0	2.552989959716797	1.031404972076416	4.992170095443726	3.4996650218963623	-2.0	3.0	-2.0	-2.0	-2.0	54858.0	215976.0	-2.0	-2.0	-2.0	32679.0	3.1281501054763794	-2.0	-2.0	-2.0	3.5	-2.0	2.520319938659668	-2.0	-2.0	3.598555088043213	71950.0	-2.0	-2.0	506199.5	-2.0	564441.5	-2.0	-2.0	2.5	17788.5	0.0006612789875362068	-2.0	-2.0	28.8193998336792	5408375.0	26.329099655151367	20175.0	-2.0	23540.5	171989.0	-2.0	-2.0	319375.5	-2.0	323614.0	-2.0	-2.0	-2.0	-2.0	-2.0	7498.0	9.501124858856201	-2.0	-2.0	-2.0	9952.5	38.61599922180176	0.008199524832889438	819395.0	72.11375045776367	30430.0	29774.0	24462.0	-2.0	0.0007114559994079173	-2.0	-2.0	-2.0	-2.0	15.0	-2.0	-2.0	990497.5	-2.0	3178.5	-2.0	-2.0	-2.0	74.8864517211914	11.0	962.0	61.69889831542969	-2.0	1566015.0	-2.0	0.5	-2.0	-2.0	199739.0	-2.0	-2.0	0.0010398114973213524	-2.0	-2.0	8274.0	-2.0	-2.0	74398.0	0.5	36869.0	-2.0	-2.0	-2.0	714975.0	-2.0	-2.0
# Feature
8	2	-2	3	1	-2	5	4	6	-2	4	2	-2	-2	-2	1	-2	-2	3	-2	-2	3	4	7	-2	2	-2	-2	-2	-2	8	2	7	8	1	-2	7	8	4	-2	-2	-2	-2	2	1	-2	-2	4	4	-2	-2	8	7	7	-2	-2	2	8	3	3	-2	-2	9	6	-2	8	-2	5	-2	-2	-2	8	-2	5	-2	5	-2	-2	2	-2	-2	7	1	-2	-2	-2	3	-2	-2	5	-2	-2	3	5	4	9	7	7	3	3	-2	6	-2	-2	-2	8	1	-2	-2	-2	8	7	-2	-2	-2	5	-2	7	-2	-2	3	2	-2	-2	2	-2	2	-2	-2	6	8	4	-2	-2	7	2	7	8	-2	1	2	-2	-2	0	-2	1	-2	-2	-2	-2	-2	5	3	-2	-2	-2	5	7	4	8	3	8	8	8	-2	4	-2	-2	-2	-2	6	-2	-2	8	-2	5	-2	-2	-2	3	9	5	3	-2	2	-2	9	-2	-2	2	-2	-2	4	-2	-2	1	-2	-2	5	9	5	-2	-2	-2	8	-2	-2
# Values
257.0	1235.0	108.0	39.0
0.0	21.0	98.0	0.0
0.0	6.0	0.0	0.0
0.0	15.0	98.0	0.0
0.0	4.0	69.0	0.0
0.0	1.0	0.0	0.0
0.0	3.0	69.0	0.0
0.0	2.0	66.0	0.0
0.0	1.0	56.0	0.0
0.0	0.0	35.0	0.0
0.0	1.0	21.0	0.0
0.0	1.0	8.0	0.0
0.0	1.0	0.0	0.0
0.0	0.0	8.0	0.0
0.0	0.0	13.0	0.0
0.0	1.0	10.0	0.0
0.0	0.0	10.0	0.0
0.0	1.0	0.0	0.0
0.0	1.0	3.0	0.0
0.0	0.0	3.0	0.0
0.0	1.0	0.0	0.0
0.0	11.0	29.0	0.0
0.0	11.0	11.0	0.0
0.0	11.0	3.0	0.0
0.0	0.0	1.0	0.0
0.0	11.0	2.0	0.0
0.0	2.0	2.0	0.0
0.0	9.0	0.0	0.0
0.0	0.0	8.0	0.0
0.0	0.0	18.0	0.0
257.0	1214.0	10.0	39.0
22.0	953.0	10.0	17.0
22.0	948.0	10.0	4.0
14.0	932.0	10.0	4.0
2.0	17.0	6.0	0.0
0.0	12.0	0.0	0.0
2.0	5.0	6.0	0.0
2.0	5.0	2.0	0.0
0.0	5.0	2.0	0.0
0.0	4.0	0.0	0.0
0.0	1.0	2.0	0.0
2.0	0.0	0.0	0.0
0.0	0.0	4.0	0.0
12.0	915.0	4.0	4.0
0.0	5.0	3.0	0.0
0.0	5.0	0.0	0.0
0.0	0.0	3.0	0.0
12.0	910.0	1.0	4.0
2.0	4.0	0.0	0.0
0.0	4.0	0.0	0.0
2.0	0.0	0.0	0.0
10.0	906.0	1.0	4.0
6.0	884.0	1.0	4.0
3.0	14.0	0.0	0.0
0.0	14.0	0.0	0.0
3.0	0.0	0.0	0.0
3.0	870.0	1.0	4.0
3.0	848.0	1.0	1.0
0.0	779.0	1.0	1.0
0.0	73.0	1.0	0.0
0.0	40.0	0.0	0.0
0.0	33.0	1.0	0.0
0.0	706.0	0.0	1.0
0.0	115.0	0.0	1.0
0.0	92.0	0.0	0.0
0.0	23.0	0.0	1.0
0.0	19.0	0.0	0.0
0.0	4.0	0.0	1.0
0.0	0.0	0.0	1.0
0.0	4.0	0.0	0.0
0.0	591.0	0.0	0.0
3.0	69.0	0.0	0.0
2.0	0.0	0.0	0.0
1.0	69.0	0.0	0.0
0.0	61.0	0.0	0.0
1.0	8.0	0.0	0.0
1.0	0.0	0.0	0.0
0.0	8.0	0.0	0.0
0.0	22.0	0.0	3.0
0.0	0.0	0.0	3.0
0.0	22.0	0.0	0.0
4.0	22.0	0.0	0.0
1.0	22.0	0.0	0.0
1.0	0.0	0.0	0.0
0.0	22.0	0.0	0.0
3.0	0.0	0.0	0.0
8.0	16.0	0.0	0.0
8.0	0.0	0.0	0.0
0.0	16.0	0.0	0.0
0.0	5.0	0.0	13.0
0.0	0.0	0.0	13.0
0.0	5.0	0.0	0.0
235.0	261.0	0.0	22.0
205.0	104.0	0.0	2.0
44.0	84.0	0.0	2.0
38.0	22.0	0.0	0.0
36.0	10.0	0.0	0.0
16.0	9.0	0.0	0.0
15.0	3.0	0.0	0.0
15.0	1.0	0.0	0.0
13.0	0.0	0.0	0.0
2.0	1.0	0.0	0.0
0.0	1.0	0.0	0.0
2.0	0.0	0.0	0.0
0.0	2.0	0.0	0.0
1.0	6.0	0.0	0.0
1.0	1.0	0.0	0.0
0.0	1.0	0.0	0.0
1.0	0.0	0.0	0.0
0.0	5.0	0.0	0.0
20.0	1.0	0.0	0.0
1.0	1.0	0.0	0.0
0.0	1.0	0.0	0.0
1.0	0.0	0.0	0.0
19.0	0.0	0.0	0.0
2.0	12.0	0.0	0.0
1.0	0.0	0.0	0.0
1.0	12.0	0.0	0.0
0.0	12.0	0.0	0.0
1.0	0.0	0.0	0.0
6.0	62.0	0.0	2.0
6.0	8.0	0.0	0.0
0.0	8.0	0.0	0.0
6.0	0.0	0.0	0.0
0.0	54.0	0.0	2.0
0.0	44.0	0.0	0.0
0.0	10.0	0.0	2.0
0.0	0.0	0.0	2.0
0.0	10.0	0.0	0.0
161.0	20.0	0.0	0.0
154.0	14.0	0.0	0.0
15.0	7.0	0.0	0.0
0.0	7.0	0.0	0.0
15.0	0.0	0.0	0.0
139.0	7.0	0.0	0.0
60.0	7.0	0.0	0.0
60.0	5.0	0.0	0.0
60.0	3.0	0.0	0.0
0.0	1.0	0.0	0.0
60.0	2.0	0.0	0.0
1.0	1.0	0.0	0.0
1.0	0.0	0.0	0.0
0.0	1.0	0.0	0.0
59.0	1.0	0.0	0.0
53.0	0.0	0.0	0.0
6.0	1.0	0.0	0.0
0.0	1.0	0.0	0.0
6.0	0.0	0.0	0.0
0.0	2.0	0.0	0.0
0.0	2.0	0.0	0.0
79.0	0.0	0.0	0.0
7.0	6.0	0.0	0.0
2.0	6.0	0.0	0.0
0.0	6.0	0.0	0.0
2.0	0.0	0.0	0.0
5.0	0.0	0.0	0.0
30.0	157.0	0.0	20.0
16.0	152.0	0.0	20.0
4.0	108.0	0.0	6.0
4.0	108.0	0.0	4.0
0.0	99.0	0.0	4.0
0.0	94.0	0.0	2.0
0.0	36.0	0.0	2.0
0.0	36.0	0.0	1.0
0.0	32.0	0.0	0.0
0.0	4.0	0.0	1.0
0.0	0.0	0.0	1.0
0.0	4.0	0.0	0.0
0.0	0.0	0.0	1.0
0.0	58.0	0.0	0.0
0.0	5.0	0.0	2.0
0.0	0.0	0.0	2.0
0.0	5.0	0.0	0.0
4.0	9.0	0.0	0.0
3.0	0.0	0.0	0.0
1.0	9.0	0.0	0.0
0.0	9.0	0.0	0.0
1.0	0.0	0.0	0.0
0.0	0.0	0.0	2.0
12.0	44.0	0.0	14.0
9.0	7.0	0.0	14.0
9.0	6.0	0.0	2.0
2.0	5.0	0.0	2.0
0.0	4.0	0.0	0.0
2.0	1.0	0.0	2.0
0.0	0.0	0.0	2.0
2.0	1.0	0.0	0.0
0.0	1.0	0.0	0.0
2.0	0.0	0.0	0.0
7.0	1.0	0.0	0.0
0.0	1.0	0.0	0.0
7.0	0.0	0.0	0.0
0.0	1.0	0.0	12.0
0.0	0.0	0.0	12.0
0.0	1.0	0.0	0.0
3.0	37.0	0.0	0.0
3.0	0.0	0.0	0.0
0.0	37.0	0.0	0.0
14.0	5.0	0.0	0.0
13.0	1.0	0.0	0.0
3.0	1.0	0.0	0.0
3.0	0.0	0.0	0.0
0.0	1.0	0.0	0.0
10.0	0.0	0.0	0.0
1.0	4.0	0.0	0.0
1.0	0.0	0.0	0.0
0.0	4.0	0.0	0.0
