# Sizes (NFeatures, Nclasses, NodeCount, MaxDepth)
10	4	191	13
# Classes
0.0	1.0	2.0	3.0
# Feature Names
Nrows	Ncols	Nnnz	AvgNnnz	Density	MaxRowNnnz	MinRowNnnz	StdRowNnnz	NDiags	NTrueDiags
# Left
1	2	3	4	-1	-1	7	8	-1	10	-1	12	13	-1	-1	-1	17	-1	19	20	21	22	-1	24	25	26	-1	28	-1	-1	-1	-1	-1	-1	-1	36	37	38	-1	-1	-1	42	43	-1	45	46	47	48	-1	-1	-1	-1	-1	54	55	56	57	-1	-1	60	61	62	-1	-1	-1	66	-1	68	69	-1	-1	-1	73	74	-1	-1	-1	78	79	-1	81	-1	-1	84	-1	86	-1	88	89	-1	-1	-1	93	94	95	96	97	98	-1	-1	101	-1	103	-1	-1	106	-1	108	109	110	111	-1	-1	-1	-1	-1	117	118	119	-1	-1	-1	123	124	-1	126	-1	-1	-1	130	-1	132	133	134	135	-1	-1	138	-1	-1	141	-1	143	-1	-1	146	-1	-1	149	150	151	152	153	-1	155	-1	157	-1	-1	160	-1	162	-1	-1	165	-1	-1	168	-1	170	171	172	-1	174	-1	-1	177	-1	-1	-1	181	182	-1	184	-1	-1	187	-1	189	-1	-1
# Right
92	35	6	5	-1	-1	16	9	-1	11	-1	15	14	-1	-1	-1	18	-1	34	33	32	23	-1	31	30	27	-1	29	-1	-1	-1	-1	-1	-1	-1	41	40	39	-1	-1	-1	53	44	-1	52	51	50	49	-1	-1	-1	-1	-1	77	72	59	58	-1	-1	65	64	63	-1	-1	-1	67	-1	71	70	-1	-1	-1	76	75	-1	-1	-1	83	80	-1	82	-1	-1	85	-1	87	-1	91	90	-1	-1	-1	148	129	116	105	100	99	-1	-1	102	-1	104	-1	-1	107	-1	115	114	113	112	-1	-1	-1	-1	-1	122	121	120	-1	-1	-1	128	125	-1	127	-1	-1	-1	131	-1	145	140	137	136	-1	-1	139	-1	-1	142	-1	144	-1	-1	147	-1	-1	180	167	164	159	154	-1	156	-1	158	-1	-1	161	-1	163	-1	-1	166	-1	-1	169	-1	179	176	173	-1	175	-1	-1	178	-1	-1	-1	186	183	-1	185	-1	-1	188	-1	190	-1	-1
# Threshold
11027.0	15.5	117.0	1.4859750270843506	-2.0	-2.0	7.5	4.989799976348877	-2.0	4.99978494644165	-2.0	0.36299699544906616	0.3097275048494339	-2.0	-2.0	-2.0	3.4989999532699585	-2.0	402288.0	8596.0	8096.0	2840.0	-2.0	4.469239950180054	16000.0	5600.0	-2.0	0.0016666650190018117	-2.0	-2.0	-2.0	-2.0	-2.0	-2.0	-2.0	6.910225056344643e-05	14.5	3.4970749616622925	-2.0	-2.0	-2.0	53.0	0.5	-2.0	7.0	17.990500450134277	20.5	1.9984199404716492	-2.0	-2.0	-2.0	-2.0	-2.0	4924.0	3675325.0	0.36919599771499634	0.3265469968318939	-2.0	-2.0	18.67175006866455	3.598439931869507	3.58351993560791	-2.0	-2.0	-2.0	19.412349700927734	-2.0	7.119955062866211	11239.0	-2.0	-2.0	-2.0	108836.5	0.0008083885186351836	-2.0	-2.0	-2.0	6427.0	10.856215000152588	-2.0	4.0	-2.0	-2.0	27.879600524902344	-2.0	0.0012549699749797583	-2.0	0.0016039250185713172	1516.0	-2.0	-2.0	-2.0	13.25255012512207	10.973700046539307	4.95627498626709	155887.0	31.0	2.7643250226974487	-2.0	-2.0	4.197655081748962	-2.0	4.879204988479614	-2.0	-2.0	32679.0	-2.0	2.5639150142669678	2.433215022087097	1461635.0	3471630.0	-2.0	-2.0	-2.0	-2.0	-2.0	0.5	1880107.0	19.5	-2.0	-2.0	-2.0	1309.5	6.839080095291138	-2.0	265581.5	-2.0	-2.0	-2.0	67725.5	-2.0	2991420.0	17162.0	18413.0	0.5	-2.0	-2.0	74.72800064086914	-2.0	-2.0	11.77239990234375	-2.0	11.9441499710083	-2.0	-2.0	4197415.0	-2.0	-2.0	118.93000030517578	33.55724906921387	72.3786506652832	819395.0	13.0	-2.0	40.5	-2.0	50.5	-2.0	-2.0	1305685.0	-2.0	10155995.0	-2.0	-2.0	142.5	-2.0	-2.0	15.152650356292725	-2.0	75.34490203857422	66.43099975585938	2.0	-2.0	1403430.0	-2.0	-2.0	5.0	-2.0	-2.0	-2.0	7821.0	10944.0	-2.0	7.5	-2.0	-2.0	64913.0	-2.0	1729.0759582519531	-2.0	-2.0
# Feature
8	8	1	7	-2	-2	8	3	-2	3	-2	7	7	-2	-2	-2	3	-2	0	1	1	2	-2	3	2	2	-2	4	-2	-2	-2	-2	-2	-2	-2	4	9	3	-2	-2	-2	8	9	-2	6	3	8	7	-2	-2	-2	-2	-2	8	2	7	7	-2	-2	7	3	3	-2	-2	-2	7	-2	3	2	-2	-2	-2	0	4	-2	-2	-2	1	7	-2	9	-2	-2	7	-2	4	-2	4	5	-2	-2	-2	3	7	3	0	5	3	-2	-2	3	-2	3	-2	-2	8	-2	7	7	8	2	-2	-2	-2	-2	-2	6	2	5	-2	-2	-2	5	7	-2	8	-2	-2	-2	2	-2	0	8	0	6	-2	-2	7	-2	-2	3	-2	3	-2	-2	8	-2	-2	7	7	3	8	6	-2	5	-2	5	-2	-2	1	-2	0	-2	-2	5	-2	-2	3	-2	3	7	6	-2	2	-2	-2	6	-2	-2	-2	5	0	-2	6	-2	-2	5	-2	7	-2	-2
# Values
239.0	1277.0	86.0	37.0
24.0	1019.0	86.0	21.0
0.0	22.0	71.0	1.0
0.0	12.0	3.0	0.0
0.0	12.0	0.0	0.0
0.0	0.0	3.0	0.0
0.0	10.0	68.0	1.0
0.0	2.0	50.0	0.0
0.0	0.0	35.0	0.0
0.0	2.0	15.0	0.0
0.0	1.0	0.0	0.0
0.0	1.0	15.0	0.0
0.0	1.0	7.0	0.0
0.0	0.0	7.0	0.0
0.0	1.0	0.0	0.0
0.0	0.0	8.0	0.0
0.0	8.0	18.0	1.0
0.0	2.0	0.0	0.0
0.0	6.0	18.0	1.0
0.0	6.0	18.0	0.0
0.0	6.0	12.0	0.0
0.0	4.0	12.0	0.0
0.0	0.0	4.0	0.0
0.0	4.0	8.0	0.0
0.0	3.0	8.0	0.0
0.0	3.0	6.0	0.0
0.0	1.0	1.0	0.0
0.0	2.0	5.0	0.0
0.0	2.0	3.0	0.0
0.0	0.0	2.0	0.0
0.0	0.0	2.0	0.0
0.0	1.0	0.0	0.0
0.0	2.0	0.0	0.0
0.0	0.0	6.0	0.0
0.0	0.0	0.0	1.0
24.0	997.0	15.0	20.0
7.0	14.0	0.0	12.0
7.0	14.0	0.0	0.0
7.0	0.0	0.0	0.0
0.0	14.0	0.0	0.0
0.0	0.0	0.0	12.0
17.0	983.0	15.0	8.0
0.0	47.0	14.0	0.0
0.0	0.0	6.0	0.0
0.0	47.0	8.0	0.0
0.0	47.0	3.0	0.0
0.0	47.0	2.0	0.0
0.0	8.0	2.0	0.0
0.0	8.0	0.0	0.0
0.0	0.0	2.0	0.0
0.0	39.0	0.0	0.0
0.0	0.0	1.0	0.0
0.0	0.0	5.0	0.0
17.0	936.0	1.0	8.0
2.0	819.0	1.0	8.0
2.0	810.0	1.0	4.0
2.0	10.0	0.0	0.0
0.0	10.0	0.0	0.0
2.0	0.0	0.0	0.0
0.0	800.0	1.0	4.0
0.0	643.0	1.0	0.0
0.0	75.0	1.0	0.0
0.0	45.0	0.0	0.0
0.0	30.0	1.0	0.0
0.0	568.0	0.0	0.0
0.0	157.0	0.0	4.0
0.0	0.0	0.0	2.0
0.0	157.0	0.0	2.0
0.0	60.0	0.0	2.0
0.0	10.0	0.0	0.0
0.0	50.0	0.0	2.0
0.0	97.0	0.0	0.0
0.0	9.0	0.0	4.0
0.0	1.0	0.0	4.0
0.0	0.0	0.0	4.0
0.0	1.0	0.0	0.0
0.0	8.0	0.0	0.0
15.0	117.0	0.0	0.0
12.0	16.0	0.0	0.0
0.0	13.0	0.0	0.0
12.0	3.0	0.0	0.0
12.0	0.0	0.0	0.0
0.0	3.0	0.0	0.0
3.0	101.0	0.0	0.0
0.0	80.0	0.0	0.0
3.0	21.0	0.0	0.0
2.0	0.0	0.0	0.0
1.0	21.0	0.0	0.0
1.0	5.0	0.0	0.0
1.0	0.0	0.0	0.0
0.0	5.0	0.0	0.0
0.0	16.0	0.0	0.0
215.0	258.0	0.0	16.0
185.0	99.0	0.0	1.0
60.0	89.0	0.0	1.0
51.0	21.0	0.0	0.0
8.0	15.0	0.0	0.0
1.0	13.0	0.0	0.0
1.0	0.0	0.0	0.0
0.0	13.0	0.0	0.0
7.0	2.0	0.0	0.0
6.0	0.0	0.0	0.0
1.0	2.0	0.0	0.0
0.0	2.0	0.0	0.0
1.0	0.0	0.0	0.0
43.0	6.0	0.0	0.0
0.0	1.0	0.0	0.0
43.0	5.0	0.0	0.0
20.0	5.0	0.0	0.0
20.0	3.0	0.0	0.0
8.0	3.0	0.0	0.0
8.0	0.0	0.0	0.0
0.0	3.0	0.0	0.0
12.0	0.0	0.0	0.0
0.0	2.0	0.0	0.0
23.0	0.0	0.0	0.0
9.0	68.0	0.0	1.0
6.0	4.0	0.0	1.0
0.0	4.0	0.0	1.0
0.0	0.0	0.0	1.0
0.0	4.0	0.0	0.0
6.0	0.0	0.0	0.0
3.0	64.0	0.0	0.0
2.0	64.0	0.0	0.0
0.0	55.0	0.0	0.0
2.0	9.0	0.0	0.0
0.0	9.0	0.0	0.0
2.0	0.0	0.0	0.0
1.0	0.0	0.0	0.0
125.0	10.0	0.0	0.0
0.0	2.0	0.0	0.0
125.0	8.0	0.0	0.0
117.0	5.0	0.0	0.0
19.0	4.0	0.0	0.0
18.0	1.0	0.0	0.0
0.0	1.0	0.0	0.0
18.0	0.0	0.0	0.0
1.0	3.0	0.0	0.0
0.0	3.0	0.0	0.0
1.0	0.0	0.0	0.0
98.0	1.0	0.0	0.0
85.0	0.0	0.0	0.0
13.0	1.0	0.0	0.0
0.0	1.0	0.0	0.0
13.0	0.0	0.0	0.0
8.0	3.0	0.0	0.0
0.0	3.0	0.0	0.0
8.0	0.0	0.0	0.0
30.0	159.0	0.0	15.0
8.0	153.0	0.0	11.0
3.0	124.0	0.0	6.0
3.0	120.0	0.0	3.0
0.0	112.0	0.0	3.0
0.0	91.0	0.0	0.0
0.0	21.0	0.0	3.0
0.0	0.0	0.0	2.0
0.0	21.0	0.0	1.0
0.0	2.0	0.0	1.0
0.0	19.0	0.0	0.0
3.0	8.0	0.0	0.0
0.0	7.0	0.0	0.0
3.0	1.0	0.0	0.0
3.0	0.0	0.0	0.0
0.0	1.0	0.0	0.0
0.0	4.0	0.0	3.0
0.0	0.0	0.0	3.0
0.0	4.0	0.0	0.0
5.0	29.0	0.0	5.0
3.0	0.0	0.0	0.0
2.0	29.0	0.0	5.0
2.0	13.0	0.0	5.0
0.0	13.0	0.0	3.0
0.0	10.0	0.0	0.0
0.0	3.0	0.0	3.0
0.0	3.0	0.0	0.0
0.0	0.0	0.0	3.0
2.0	0.0	0.0	2.0
2.0	0.0	0.0	0.0
0.0	0.0	0.0	2.0
0.0	16.0	0.0	0.0
22.0	6.0	0.0	4.0
5.0	4.0	0.0	4.0
5.0	0.0	0.0	0.0
0.0	4.0	0.0	4.0
0.0	4.0	0.0	0.0
0.0	0.0	0.0	4.0
17.0	2.0	0.0	0.0
16.0	0.0	0.0	0.0
1.0	2.0	0.0	0.0
0.0	2.0	0.0	0.0
1.0	0.0	0.0	0.0
