# Sizes (NFeatures, Nclasses, NodeCount, MaxDepth)
14	3	137	19
# Classes
0.0	1.0	2.0
# Feature Names
Nrows	Ncols	Nnnz	AvgNnnz	Density	MaxRowNnnz	MinRowNnnz	StdRowNnnz	NDiags	NTrueDiags	AvgNnnzDia	AvgNnnzELL	AvgNnnzHyb	AvgNnnzHdc
# Left
1	2	3	4	-1	-1	7	8	9	-1	-1	-1	-1	14	-1	-1	17	18	19	20	21	-1	-1	-1	-1	26	27	28	29	-1	31	32	-1	-1	-1	36	37	38	39	-1	-1	-1	43	44	45	-1	47	-1	-1	50	51	-1	-1	54	55	56	57	-1	-1	60	-1	62	-1	64	65	66	-1	-1	69	-1	-1	72	-1	-1	75	76	77	-1	-1	-1	-1	82	-1	-1	85	-1	-1	88	89	-1	-1	-1	93	-1	-1	96	97	98	-1	100	101	102	103	-1	-1	106	107	-1	-1	110	111	-1	-1	-1	-1	-1	-1	118	-1	120	-1	122	-1	-1	125	126	127	-1	-1	130	-1	132	-1	-1	135	-1	-1
# Right
16	13	6	5	-1	-1	12	11	10	-1	-1	-1	-1	15	-1	-1	124	25	24	23	22	-1	-1	-1	-1	95	92	35	30	-1	34	33	-1	-1	-1	87	42	41	40	-1	-1	-1	84	49	46	-1	48	-1	-1	53	52	-1	-1	81	74	59	58	-1	-1	61	-1	63	-1	71	68	67	-1	-1	70	-1	-1	73	-1	-1	80	79	78	-1	-1	-1	-1	83	-1	-1	86	-1	-1	91	90	-1	-1	-1	94	-1	-1	117	116	99	-1	115	114	105	104	-1	-1	109	108	-1	-1	113	112	-1	-1	-1	-1	-1	-1	119	-1	121	-1	123	-1	-1	134	129	128	-1	-1	131	-1	133	-1	-1	136	-1	-1
# Threshold
4.5	0.31961649656295776	3.388890027999878	0.681084007024765	-2.0	-2.0	3.0	0.008145255036652088	0.5038045048713684	-2.0	-2.0	-2.0	-2.0	0.025122550316154957	-2.0	-2.0	0.8120099902153015	2.250124931335449	2.3904699087142944	176347496.0	194.0	-2.0	-2.0	-2.0	-2.0	2.5	11.5	2.30591501804156e-06	3.5915300846099854	-2.0	5.99120020866394	5.180045127868652	-2.0	-2.0	-2.0	0.708191990852356	8.5	2301.5	3.2925549745559692	-2.0	-2.0	-2.0	167652.0	4516.5	0.07565874978899956	-2.0	0.13915875181555748	-2.0	-2.0	4748.0	0.0016860849573276937	-2.0	-2.0	0.6265684962272644	69.65380096435547	9.5	0.5	-2.0	-2.0	0.38811299204826355	-2.0	0.3890804946422577	-2.0	257005.0	0.5433554947376251	0.0014946699957363307	-2.0	-2.0	1.1860250234603882	-2.0	-2.0	2.6453149075678084e-05	-2.0	-2.0	1.0016629695892334	0.002124544989783317	0.0011447454744484276	-2.0	-2.0	-2.0	-2.0	0.07073935121297836	-2.0	-2.0	1.1579539659578586e-05	-2.0	-2.0	0.08427960053086281	0.0018298279901500791	-2.0	-2.0	-2.0	0.3335845023393631	-2.0	-2.0	0.17960800230503082	0.1748095005750656	29.0	-2.0	9785.0	9200.0	4.731549978256226	0.8416954874992371	-2.0	-2.0	0.001317129994276911	0.008723819861188531	-2.0	-2.0	4.01308012008667	1.225600004196167	-2.0	-2.0	-2.0	-2.0	-2.0	-2.0	0.03389884904026985	-2.0	0.03404879942536354	-2.0	0.5271410048007965	-2.0	-2.0	4.966304779052734	2.4591000080108643	3380.0	-2.0	-2.0	0.0001820270044845529	-2.0	0.057670701295137405	-2.0	-2.0	8.16604995727539	-2.0	-2.0
# Feature
5	10	3	11	-2	-2	9	10	13	-2	-2	-2	-2	4	-2	-2	13	3	7	8	1	-2	-2	-2	-2	9	6	4	3	-2	3	3	-2	-2	-2	13	5	0	3	-2	-2	-2	5	8	4	-2	11	-2	-2	8	4	-2	-2	13	3	5	9	-2	-2	13	-2	13	-2	8	13	4	-2	-2	12	-2	-2	4	-2	-2	12	11	11	-2	-2	-2	-2	11	-2	-2	10	-2	-2	11	4	-2	-2	-2	13	-2	-2	11	11	5	-2	0	0	3	12	-2	-2	10	11	-2	-2	7	12	-2	-2	-2	-2	-2	-2	4	-2	4	-2	13	-2	-2	3	7	8	-2	-2	10	-2	11	-2	-2	12	-2	-2
# Values
73.0	1512.0	99.0
45.0	22.0	8.0
9.0	21.0	8.0
0.0	21.0	1.0
0.0	0.0	1.0
0.0	21.0	0.0
9.0	0.0	7.0
3.0	0.0	7.0
3.0	0.0	1.0
0.0	0.0	1.0
3.0	0.0	0.0
0.0	0.0	6.0
6.0	0.0	0.0
36.0	1.0	0.0
36.0	0.0	0.0
0.0	1.0	0.0
28.0	1490.0	91.0
20.0	1461.0	61.0
13.0	10.0	3.0
13.0	1.0	3.0
13.0	1.0	0.0
0.0	1.0	0.0
13.0	0.0	0.0
0.0	0.0	3.0
0.0	9.0	0.0
7.0	1451.0	58.0
6.0	371.0	49.0
6.0	370.0	39.0
3.0	3.0	4.0
3.0	0.0	0.0
0.0	3.0	4.0
0.0	3.0	1.0
0.0	0.0	1.0
0.0	3.0	0.0
0.0	0.0	3.0
3.0	367.0	35.0
3.0	350.0	24.0
2.0	6.0	3.0
2.0	0.0	3.0
2.0	0.0	0.0
0.0	0.0	3.0
0.0	6.0	0.0
1.0	344.0	21.0
1.0	343.0	19.0
0.0	176.0	2.0
0.0	169.0	0.0
0.0	7.0	2.0
0.0	0.0	2.0
0.0	7.0	0.0
1.0	167.0	17.0
0.0	1.0	4.0
0.0	1.0	0.0
0.0	0.0	4.0
1.0	166.0	13.0
0.0	166.0	12.0
0.0	149.0	8.0
0.0	6.0	2.0
0.0	0.0	2.0
0.0	6.0	0.0
0.0	143.0	6.0
0.0	68.0	0.0
0.0	75.0	6.0
0.0	0.0	2.0
0.0	75.0	4.0
0.0	70.0	2.0
0.0	66.0	1.0
0.0	66.0	0.0
0.0	0.0	1.0
0.0	4.0	1.0
0.0	4.0	0.0
0.0	0.0	1.0
0.0	5.0	2.0
0.0	5.0	0.0
0.0	0.0	2.0
0.0	17.0	4.0
0.0	17.0	2.0
0.0	6.0	2.0
0.0	6.0	0.0
0.0	0.0	2.0
0.0	11.0	0.0
0.0	0.0	2.0
1.0	0.0	1.0
0.0	0.0	1.0
1.0	0.0	0.0
0.0	1.0	2.0
0.0	1.0	0.0
0.0	0.0	2.0
0.0	17.0	11.0
0.0	3.0	11.0
0.0	0.0	11.0
0.0	3.0	0.0
0.0	14.0	0.0
0.0	1.0	10.0
0.0	1.0	0.0
0.0	0.0	10.0
1.0	1080.0	9.0
1.0	347.0	7.0
1.0	347.0	5.0
1.0	0.0	0.0
0.0	347.0	5.0
0.0	173.0	5.0
0.0	173.0	3.0
0.0	2.0	1.0
0.0	0.0	1.0
0.0	2.0	0.0
0.0	171.0	2.0
0.0	11.0	1.0
0.0	0.0	1.0
0.0	11.0	0.0
0.0	160.0	1.0
0.0	25.0	1.0
0.0	23.0	1.0
0.0	2.0	0.0
0.0	135.0	0.0
0.0	0.0	2.0
0.0	174.0	0.0
0.0	0.0	2.0
0.0	733.0	2.0
0.0	641.0	0.0
0.0	92.0	2.0
0.0	0.0	1.0
0.0	92.0	1.0
0.0	92.0	0.0
0.0	0.0	1.0
8.0	29.0	30.0
8.0	5.0	29.0
8.0	2.0	0.0
0.0	2.0	0.0
8.0	0.0	0.0
0.0	3.0	29.0
0.0	0.0	26.0
0.0	3.0	3.0
0.0	0.0	3.0
0.0	3.0	0.0
0.0	24.0	1.0
0.0	24.0	0.0
0.0	0.0	1.0
