# Sizes (NFeatures, Nclasses, NodeCount, MaxDepth)
14	3	129	14
# Classes
0.0	1.0	2.0
# Feature Names
Nrows	Ncols	Nnnz	AvgNnnz	Density	MaxRowNnnz	MinRowNnnz	StdRowNnnz	NDiags	NTrueDiags	AvgNnnzDia	AvgNnnzELL	AvgNnnzHyb	AvgNnnzHdc
# Left
1	2	3	-1	5	6	-1	-1	9	-1	-1	-1	13	14	-1	16	17	-1	-1	20	21	22	-1	-1	-1	-1	27	28	29	30	-1	32	-1	34	35	36	-1	-1	-1	-1	41	42	43	-1	45	-1	-1	48	-1	-1	51	-1	-1	54	55	56	57	58	-1	-1	-1	62	63	64	-1	-1	-1	-1	69	70	-1	-1	73	74	75	76	77	78	-1	-1	-1	-1	83	-1	85	86	-1	88	-1	-1	-1	-1	93	-1	95	-1	-1	98	-1	-1	101	102	103	-1	-1	-1	107	108	109	110	-1	-1	113	114	115	116	-1	-1	-1	-1	-1	122	-1	-1	125	126	-1	-1	-1
# Right
12	11	4	-1	8	7	-1	-1	10	-1	-1	-1	26	15	-1	19	18	-1	-1	25	24	23	-1	-1	-1	-1	100	53	40	31	-1	33	-1	39	38	37	-1	-1	-1	-1	50	47	44	-1	46	-1	-1	49	-1	-1	52	-1	-1	97	68	61	60	59	-1	-1	-1	67	66	65	-1	-1	-1	-1	72	71	-1	-1	92	91	82	81	80	79	-1	-1	-1	-1	84	-1	90	87	-1	89	-1	-1	-1	-1	94	-1	96	-1	-1	99	-1	-1	106	105	104	-1	-1	-1	124	121	112	111	-1	-1	120	119	118	117	-1	-1	-1	-1	-1	123	-1	-1	128	127	-1	-1	-1
# Threshold
2.241160035133362	155040496.0	1.702589988708496	-2.0	2.0975550413131714	1.3583149909973145	-2.0	-2.0	1.5	-2.0	-2.0	-2.0	4.5	3.5	-2.0	1.5	1.5	-2.0	-2.0	0.6510570049285889	0.8509415090084076	0.3016824945807457	-2.0	-2.0	-2.0	-2.0	1.5	4.19589505327167e-05	4.9515299797058105	0.556331992149353	-2.0	2.265304923057556	-2.0	1.142295002937317	1.1340450048446655	0.8635149896144867	-2.0	-2.0	-2.0	-2.0	27.550899505615234	5729720.0	320.40049743652344	-2.0	1.1579539659578586e-05	-2.0	-2.0	0.0014794950257055461	-2.0	-2.0	4989105.0	-2.0	-2.0	16.0	0.38802699744701385	79.38885116577148	9.5	0.6955235004425049	-2.0	-2.0	-2.0	250.31299591064453	11.5	82.92354965209961	-2.0	-2.0	-2.0	-2.0	0.39832450449466705	7.697044849395752	-2.0	-2.0	0.01647324999794364	0.32615600526332855	0.9233255088329315	0.014783550053834915	1116.0	3.6538599729537964	-2.0	-2.0	-2.0	-2.0	2083.0	-2.0	1.2453100085258484	4.720790147781372	-2.0	0.4762825071811676	-2.0	-2.0	-2.0	-2.0	0.433120995759964	-2.0	3.2925549745559692	-2.0	-2.0	0.03584485035389662	-2.0	-2.0	2.2704799675921095e-06	2.860454969777493e-06	12.0	-2.0	-2.0	-2.0	0.708464503288269	41.02120018005371	3.480334997177124	43276.5	-2.0	-2.0	0.1345909982919693	0.13378849625587463	0.001317129994276911	0.0013468450051732361	-2.0	-2.0	-2.0	-2.0	-2.0	41.2859001159668	-2.0	-2.0	29610.0	10.767750263214111	-2.0	-2.0	-2.0
# Feature
3	0	3	-2	3	12	-2	-2	6	-2	-2	-2	5	5	-2	9	6	-2	-2	13	11	13	-2	-2	-2	-2	9	4	3	13	-2	7	-2	12	12	13	-2	-2	-2	-2	3	8	7	-2	10	-2	-2	11	-2	-2	8	-2	-2	6	13	3	5	11	-2	-2	-2	3	6	3	-2	-2	-2	-2	13	3	-2	-2	4	11	12	11	5	3	-2	-2	-2	-2	8	-2	12	3	-2	13	-2	-2	-2	-2	13	-2	3	-2	-2	10	-2	-2	4	10	5	-2	-2	-2	13	7	3	0	-2	-2	11	11	10	4	-2	-2	-2	-2	-2	7	-2	-2	0	3	-2	-2	-2
# Values
77.0	1511.0	96.0
40.0	7.0	3.0
40.0	7.0	0.0
29.0	0.0	0.0
11.0	7.0	0.0
1.0	6.0	0.0
0.0	6.0	0.0
1.0	0.0	0.0
10.0	1.0	0.0
10.0	0.0	0.0
0.0	1.0	0.0
0.0	0.0	3.0
37.0	1504.0	93.0
26.0	21.0	11.0
0.0	19.0	0.0
26.0	2.0	11.0
2.0	0.0	9.0
2.0	0.0	0.0
0.0	0.0	9.0
24.0	2.0	2.0
24.0	2.0	0.0
1.0	2.0	0.0
1.0	0.0	0.0
0.0	2.0	0.0
23.0	0.0	0.0
0.0	0.0	2.0
11.0	1483.0	82.0
5.0	287.0	71.0
3.0	37.0	30.0
3.0	8.0	24.0
0.0	4.0	0.0
3.0	4.0	24.0
3.0	0.0	0.0
0.0	4.0	24.0
0.0	4.0	7.0
0.0	1.0	7.0
0.0	0.0	7.0
0.0	1.0	0.0
0.0	3.0	0.0
0.0	0.0	17.0
0.0	29.0	6.0
0.0	28.0	2.0
0.0	27.0	1.0
0.0	25.0	0.0
0.0	2.0	1.0
0.0	2.0	0.0
0.0	0.0	1.0
0.0	1.0	1.0
0.0	0.0	1.0
0.0	1.0	0.0
0.0	1.0	4.0
0.0	0.0	4.0
0.0	1.0	0.0
2.0	250.0	41.0
2.0	248.0	32.0
0.0	118.0	5.0
0.0	109.0	1.0
0.0	4.0	1.0
0.0	0.0	1.0
0.0	4.0	0.0
0.0	105.0	0.0
0.0	9.0	4.0
0.0	3.0	4.0
0.0	3.0	1.0
0.0	0.0	1.0
0.0	3.0	0.0
0.0	0.0	3.0
0.0	6.0	0.0
2.0	130.0	27.0
0.0	4.0	7.0
0.0	4.0	0.0
0.0	0.0	7.0
2.0	126.0	20.0
1.0	122.0	16.0
1.0	77.0	16.0
0.0	65.0	5.0
0.0	25.0	5.0
0.0	6.0	5.0
0.0	6.0	0.0
0.0	0.0	5.0
0.0	19.0	0.0
0.0	40.0	0.0
1.0	12.0	11.0
0.0	8.0	0.0
1.0	4.0	11.0
1.0	1.0	11.0
1.0	0.0	0.0
0.0	1.0	11.0
0.0	1.0	2.0
0.0	0.0	9.0
0.0	3.0	0.0
0.0	45.0	0.0
1.0	4.0	4.0
0.0	4.0	0.0
1.0	0.0	4.0
1.0	0.0	0.0
0.0	0.0	4.0
0.0	2.0	9.0
0.0	0.0	8.0
0.0	2.0	1.0
6.0	1196.0	11.0
5.0	5.0	3.0
0.0	5.0	3.0
0.0	0.0	3.0
0.0	5.0	0.0
5.0	0.0	0.0
1.0	1191.0	8.0
1.0	1149.0	5.0
1.0	1029.0	2.0
1.0	29.0	0.0
0.0	29.0	0.0
1.0	0.0	0.0
0.0	1000.0	2.0
0.0	289.0	2.0
0.0	267.0	1.0
0.0	93.0	1.0
0.0	93.0	0.0
0.0	0.0	1.0
0.0	174.0	0.0
0.0	22.0	1.0
0.0	711.0	0.0
0.0	120.0	3.0
0.0	0.0	3.0
0.0	120.0	0.0
0.0	42.0	3.0
0.0	2.0	3.0
0.0	2.0	0.0
0.0	0.0	3.0
0.0	40.0	0.0
