# Sizes (NFeatures, Nclasses, NodeCount, MaxDepth)
14	3	127	15
# Classes
0.0	1.0	2.0
# Feature Names
Nrows	Ncols	Nnnz	AvgNnnz	Density	MaxRowNnnz	MinRowNnnz	StdRowNnnz	NDiags	NTrueDiags	AvgNnnzDia	AvgNnnzELL	AvgNnnzHyb	AvgNnnzHdc
# Left
1	2	3	4	5	-1	-1	-1	9	10	11	-1	-1	-1	-1	-1	17	18	19	20	21	-1	23	-1	-1	26	27	-1	29	-1	-1	-1	33	-1	35	36	37	-1	39	-1	-1	42	-1	-1	45	-1	-1	48	49	-1	51	52	-1	54	55	-1	-1	58	59	-1	61	-1	-1	64	65	-1	-1	68	69	-1	71	-1	-1	74	75	76	-1	78	-1	-1	-1	82	-1	84	-1	-1	-1	88	89	-1	-1	92	-1	-1	95	96	-1	-1	99	-1	101	102	103	-1	-1	106	107	108	109	-1	111	-1	-1	114	-1	116	-1	-1	-1	120	121	-1	-1	-1	125	-1	-1
# Right
16	15	8	7	6	-1	-1	-1	14	13	12	-1	-1	-1	-1	-1	94	47	32	25	22	-1	24	-1	-1	31	28	-1	30	-1	-1	-1	34	-1	44	41	38	-1	40	-1	-1	43	-1	-1	46	-1	-1	87	50	-1	86	53	-1	57	56	-1	-1	63	60	-1	62	-1	-1	67	66	-1	-1	73	70	-1	72	-1	-1	81	80	77	-1	79	-1	-1	-1	83	-1	85	-1	-1	-1	91	90	-1	-1	93	-1	-1	98	97	-1	-1	100	-1	124	105	104	-1	-1	119	118	113	110	-1	112	-1	-1	115	-1	117	-1	-1	-1	123	122	-1	-1	-1	126	-1	-1
# Threshold
4.5	0.41666649281978607	3.487950086593628	8.0	0.681084007024765	-2.0	-2.0	-2.0	3.0	0.9784529805183411	0.6160340011119843	-2.0	-2.0	-2.0	-2.0	-2.0	1.5	4.490755054575857e-05	3.7259100675582886	2.265304923057556	155040496.0	-2.0	0.16232354752719402	-2.0	-2.0	0.9653869867324829	111.0	-2.0	0.038259800523519516	-2.0	-2.0	-2.0	1.8160800337791443	-2.0	3.2524649213883094e-05	15.583099842071533	335.7969970703125	-2.0	2.0153000605205307e-05	-2.0	-2.0	2943534.5	-2.0	-2.0	127415.0	-2.0	-2.0	11.0	1.3081049919128418	-2.0	1183.5549926757812	0.38287949562072754	-2.0	1.0640319883823395	2459.5	-2.0	-2.0	0.00011217499923077412	0.6197890043258667	-2.0	55.5	-2.0	-2.0	5.5	2175.0	-2.0	-2.0	0.39832450449466705	5.880419969558716	-2.0	0.00047816900769248605	-2.0	-2.0	0.0011086800368502736	0.0010157700162380934	0.5228155106306076	-2.0	0.14054149761795998	-2.0	-2.0	-2.0	17.080749988555908	-2.0	4117.5	-2.0	-2.0	-2.0	250.31299591064453	3.4032288938760757	-2.0	-2.0	200590008.0	-2.0	-2.0	2.29851496219635	1.0913750529289246	-2.0	-2.0	1.485050006522215e-06	-2.0	0.8834024965763092	2.784795045852661	2.62746000289917	-2.0	-2.0	0.708191990852356	4.830690145492554	4.632194995880127	0.49289698898792267	-2.0	2.5	-2.0	-2.0	1188.5	-2.0	0.0030155350686982274	-2.0	-2.0	-2.0	29610.0	0.22697649896144867	-2.0	-2.0	-2.0	0.4718659967184067	-2.0	-2.0
# Feature
5	10	3	9	11	-2	-2	-2	9	11	13	-2	-2	-2	-2	-2	9	4	7	7	0	-2	11	-2	-2	13	5	-2	11	-2	-2	-2	3	-2	4	3	7	-2	11	-2	-2	8	-2	-2	0	-2	-2	6	3	-2	3	13	-2	7	0	-2	-2	4	13	-2	5	-2	-2	5	8	-2	-2	13	3	-2	4	-2	-2	10	4	13	-2	11	-2	-2	-2	3	-2	1	-2	-2	-2	3	7	-2	-2	2	-2	-2	3	12	-2	-2	4	-2	10	3	3	-2	-2	13	3	3	13	-2	9	-2	-2	0	-2	10	-2	-2	-2	1	11	-2	-2	-2	13	-2	-2
# Values
86.0	1499.0	99.0
50.0	18.0	9.0
17.0	18.0	9.0
1.0	18.0	1.0
0.0	18.0	1.0
0.0	0.0	1.0
0.0	18.0	0.0
1.0	0.0	0.0
16.0	0.0	8.0
3.0	0.0	8.0
3.0	0.0	1.0
0.0	0.0	1.0
3.0	0.0	0.0
0.0	0.0	7.0
13.0	0.0	0.0
33.0	0.0	0.0
36.0	1481.0	90.0
19.0	283.0	81.0
10.0	29.0	37.0
8.0	5.0	32.0
8.0	0.0	3.0
7.0	0.0	0.0
1.0	0.0	3.0
0.0	0.0	3.0
1.0	0.0	0.0
0.0	5.0	29.0
0.0	3.0	29.0
0.0	0.0	24.0
0.0	3.0	5.0
0.0	0.0	5.0
0.0	3.0	0.0
0.0	2.0	0.0
2.0	24.0	5.0
2.0	0.0	0.0
0.0	24.0	5.0
0.0	23.0	2.0
0.0	22.0	1.0
0.0	19.0	0.0
0.0	3.0	1.0
0.0	3.0	0.0
0.0	0.0	1.0
0.0	1.0	1.0
0.0	1.0	0.0
0.0	0.0	1.0
0.0	1.0	3.0
0.0	1.0	0.0
0.0	0.0	3.0
9.0	254.0	44.0
9.0	245.0	25.0
6.0	0.0	0.0
3.0	245.0	25.0
3.0	245.0	23.0
0.0	88.0	0.0
3.0	157.0	23.0
0.0	7.0	5.0
0.0	0.0	5.0
0.0	7.0	0.0
3.0	150.0	18.0
1.0	10.0	6.0
0.0	10.0	0.0
1.0	0.0	6.0
1.0	0.0	0.0
0.0	0.0	6.0
2.0	140.0	12.0
2.0	1.0	0.0
2.0	0.0	0.0
0.0	1.0	0.0
0.0	139.0	12.0
0.0	11.0	5.0
0.0	10.0	0.0
0.0	1.0	5.0
0.0	1.0	0.0
0.0	0.0	5.0
0.0	128.0	7.0
0.0	30.0	5.0
0.0	30.0	2.0
0.0	28.0	0.0
0.0	2.0	2.0
0.0	0.0	2.0
0.0	2.0	0.0
0.0	0.0	3.0
0.0	98.0	2.0
0.0	77.0	0.0
0.0	21.0	2.0
0.0	0.0	2.0
0.0	21.0	0.0
0.0	0.0	2.0
0.0	9.0	19.0
0.0	4.0	17.0
0.0	4.0	1.0
0.0	0.0	16.0
0.0	5.0	2.0
0.0	5.0	0.0
0.0	0.0	2.0
17.0	1198.0	9.0
12.0	2.0	0.0
0.0	2.0	0.0
12.0	0.0	0.0
5.0	1196.0	9.0
2.0	0.0	0.0
3.0	1196.0	9.0
3.0	1170.0	6.0
2.0	13.0	0.0
0.0	13.0	0.0
2.0	0.0	0.0
1.0	1157.0	6.0
1.0	1102.0	3.0
1.0	173.0	3.0
1.0	148.0	0.0
0.0	145.0	0.0
1.0	3.0	0.0
0.0	3.0	0.0
1.0	0.0	0.0
0.0	25.0	3.0
0.0	0.0	1.0
0.0	25.0	2.0
0.0	5.0	0.0
0.0	20.0	2.0
0.0	929.0	0.0
0.0	55.0	3.0
0.0	5.0	3.0
0.0	0.0	3.0
0.0	5.0	0.0
0.0	50.0	0.0
0.0	26.0	3.0
0.0	0.0	3.0
0.0	26.0	0.0
