# Sizes (NFeatures, Nclasses, NodeCount, MaxDepth)
14	3	133	14
# Classes
0.0	1.0	2.0
# Feature Names
Nrows	Ncols	Nnnz	AvgNnnz	Density	MaxRowNnnz	MinRowNnnz	StdRowNnnz	NDiags	NTrueDiags	AvgNnnzDia	AvgNnnzELL	AvgNnnzHyb	AvgNnnzHdc
# Left
1	2	3	4	5	-1	-1	8	-1	10	-1	12	-1	-1	-1	-1	17	18	19	-1	-1	22	-1	24	-1	-1	27	28	29	30	31	-1	33	34	-1	36	37	-1	-1	-1	41	-1	43	44	45	-1	47	-1	-1	50	51	-1	-1	54	55	-1	-1	-1	59	60	-1	-1	63	64	-1	66	-1	-1	-1	70	-1	-1	-1	74	75	76	-1	78	-1	-1	81	-1	-1	84	85	86	-1	-1	-1	90	-1	92	-1	-1	95	96	-1	-1	99	100	101	102	-1	-1	105	106	107	-1	-1	110	111	-1	-1	114	-1	-1	117	118	-1	120	-1	-1	123	-1	-1	126	127	-1	-1	-1	131	-1	-1
# Right
16	15	14	7	6	-1	-1	9	-1	11	-1	13	-1	-1	-1	-1	26	21	20	-1	-1	23	-1	25	-1	-1	94	73	72	69	32	-1	40	35	-1	39	38	-1	-1	-1	42	-1	58	49	46	-1	48	-1	-1	53	52	-1	-1	57	56	-1	-1	-1	62	61	-1	-1	68	65	-1	67	-1	-1	-1	71	-1	-1	-1	83	80	77	-1	79	-1	-1	82	-1	-1	89	88	87	-1	-1	-1	91	-1	93	-1	-1	98	97	-1	-1	130	125	104	103	-1	-1	116	109	108	-1	-1	113	112	-1	-1	115	-1	-1	122	119	-1	121	-1	-1	124	-1	-1	129	128	-1	-1	-1	132	-1	-1
# Threshold
2.4105499982833862	0.029079999774694443	176347496.0	2.6787149906158447	2.5	-2.0	-2.0	97.0	-2.0	1.8724750876426697	-2.0	2.1986700296401978	-2.0	-2.0	-2.0	-2.0	4.5	3.473050117492676	0.6810390055179596	-2.0	-2.0	1.5	-2.0	0.6505725085735321	-2.0	-2.0	1.5	149314.0	1183.5549926757812	22.0	3.143585036013974e-05	-2.0	0.383030503988266	94.52960205078125	-2.0	4607.0	9191.0	-2.0	-2.0	-2.0	0.38335199654102325	-2.0	0.0021078300196677446	6.58943499729503e-05	0.6197890043258667	-2.0	0.07073935121297836	-2.0	-2.0	0.698670506477356	21.79659938812256	-2.0	-2.0	0.00010605799980112351	0.00010362200191593729	-2.0	-2.0	-2.0	0.002199884969741106	0.4081050008535385	-2.0	-2.0	1.49099999666214	2701.0	-2.0	88545.0	-2.0	-2.0	-2.0	32.5	-2.0	-2.0	-2.0	3.464924931526184	4.9515299797058105	0.00014949499745853245	-2.0	55.5	-2.0	-2.0	338871992.0	-2.0	-2.0	311.1875	3.685355067253113	1.1193349957466125	-2.0	-2.0	-2.0	502341.5	-2.0	85.96474838256836	-2.0	-2.0	1.516634995368804e-06	0.12023948295973241	-2.0	-2.0	385.16600036621094	0.708191990852356	3.480334997177124	0.009851125068962574	-2.0	-2.0	4.830690145492554	0.6817429959774017	0.0038962360995355994	-2.0	-2.0	307.5	4.826230049133301	-2.0	-2.0	0.0021802450937684625	-2.0	-2.0	0.06363004818558693	40.50469970703125	-2.0	41.2859001159668	-2.0	-2.0	0.5202505141496658	-2.0	-2.0	29610.0	9.670981695875525	-2.0	-2.0	-2.0	25.0	-2.0	-2.0
# Feature
3	4	8	7	9	-2	-2	5	-2	3	-2	3	-2	-2	-2	-2	5	3	11	-2	-2	9	-2	13	-2	-2	9	0	3	6	4	-2	13	3	-2	5	8	-2	-2	-2	13	-2	4	4	13	-2	11	-2	-2	12	7	-2	-2	4	4	-2	-2	-2	10	13	-2	-2	12	1	-2	2	-2	-2	-2	6	-2	-2	-2	7	3	10	-2	5	-2	-2	2	-2	-2	7	7	12	-2	-2	-2	0	-2	3	-2	-2	4	11	-2	-2	7	13	3	10	-2	-2	3	7	4	-2	-2	5	3	-2	-2	4	-2	-2	4	7	-2	7	-2	-2	13	-2	-2	0	7	-2	-2	-2	9	-2	-2
# Values
86.0	1522.0	76.0
56.0	11.0	2.0
56.0	7.0	2.0
56.0	7.0	0.0
51.0	2.0	0.0
51.0	0.0	0.0
0.0	2.0	0.0
5.0	5.0	0.0
0.0	3.0	0.0
5.0	2.0	0.0
4.0	0.0	0.0
1.0	2.0	0.0
0.0	2.0	0.0
1.0	0.0	0.0
0.0	0.0	2.0
0.0	4.0	0.0
30.0	1511.0	74.0
21.0	24.0	6.0
2.0	24.0	0.0
2.0	0.0	0.0
0.0	24.0	0.0
19.0	0.0	6.0
0.0	0.0	5.0
19.0	0.0	1.0
19.0	0.0	0.0
0.0	0.0	1.0
9.0	1487.0	68.0
3.0	295.0	57.0
2.0	256.0	31.0
2.0	256.0	28.0
2.0	251.0	22.0
1.0	0.0	0.0
1.0	251.0	22.0
0.0	112.0	2.0
0.0	106.0	0.0
0.0	6.0	2.0
0.0	1.0	2.0
0.0	1.0	0.0
0.0	0.0	2.0
0.0	5.0	0.0
1.0	139.0	20.0
0.0	0.0	1.0
1.0	139.0	19.0
1.0	84.0	5.0
1.0	2.0	1.0
0.0	2.0	0.0
1.0	0.0	1.0
0.0	0.0	1.0
1.0	0.0	0.0
0.0	82.0	4.0
0.0	6.0	3.0
0.0	0.0	3.0
0.0	6.0	0.0
0.0	76.0	1.0
0.0	6.0	1.0
0.0	6.0	0.0
0.0	0.0	1.0
0.0	70.0	0.0
0.0	55.0	14.0
0.0	1.0	6.0
0.0	0.0	4.0
0.0	1.0	2.0
0.0	54.0	8.0
0.0	54.0	4.0
0.0	44.0	0.0
0.0	10.0	4.0
0.0	0.0	4.0
0.0	10.0	0.0
0.0	0.0	4.0
0.0	5.0	6.0
0.0	0.0	6.0
0.0	5.0	0.0
0.0	0.0	3.0
1.0	39.0	26.0
1.0	7.0	21.0
1.0	2.0	20.0
0.0	0.0	20.0
1.0	2.0	0.0
1.0	0.0	0.0
0.0	2.0	0.0
0.0	5.0	1.0
0.0	5.0	0.0
0.0	0.0	1.0
0.0	32.0	5.0
0.0	30.0	1.0
0.0	2.0	1.0
0.0	0.0	1.0
0.0	2.0	0.0
0.0	28.0	0.0
0.0	2.0	4.0
0.0	0.0	3.0
0.0	2.0	1.0
0.0	2.0	0.0
0.0	0.0	1.0
6.0	1192.0	11.0
2.0	1.0	0.0
0.0	1.0	0.0
2.0	0.0	0.0
4.0	1191.0	11.0
4.0	1179.0	8.0
4.0	1155.0	4.0
3.0	27.0	0.0
3.0	0.0	0.0
0.0	27.0	0.0
1.0	1128.0	4.0
1.0	179.0	2.0
1.0	3.0	0.0
1.0	0.0	0.0
0.0	3.0	0.0
0.0	176.0	2.0
0.0	171.0	1.0
0.0	129.0	0.0
0.0	42.0	1.0
0.0	5.0	1.0
0.0	5.0	0.0
0.0	0.0	1.0
0.0	949.0	2.0
0.0	884.0	1.0
0.0	794.0	0.0
0.0	90.0	1.0
0.0	0.0	1.0
0.0	90.0	0.0
0.0	65.0	1.0
0.0	65.0	0.0
0.0	0.0	1.0
0.0	24.0	4.0
0.0	1.0	4.0
0.0	1.0	0.0
0.0	0.0	4.0
0.0	23.0	0.0
0.0	12.0	3.0
0.0	0.0	3.0
0.0	12.0	0.0
