# Sizes (NFeatures, Nclasses, NodeCount, MaxDepth)
14	3	133	18
# Classes
0.0	1.0	2.0
# Feature Names
Nrows	Ncols	Nnnz	AvgNnnz	Density	MaxRowNnnz	MinRowNnnz	StdRowNnnz	NDiags	NTrueDiags	AvgNnnzDia	AvgNnnzELL	AvgNnnzHyb	AvgNnnzHdc
# Left
1	2	3	4	-1	-1	7	-1	-1	10	11	-1	13	-1	-1	16	17	-1	-1	-1	21	22	23	24	25	-1	27	-1	-1	30	-1	-1	33	-1	35	-1	-1	38	39	40	41	42	-1	44	-1	46	47	-1	49	-1	51	52	-1	54	-1	-1	57	58	-1	60	-1	62	-1	64	-1	-1	-1	68	69	70	-1	-1	-1	-1	75	-1	-1	78	79	80	-1	82	83	-1	85	86	-1	-1	-1	-1	-1	-1	93	-1	95	-1	97	98	-1	-1	101	102	-1	-1	-1	106	107	-1	-1	110	-1	-1	113	114	-1	116	117	118	119	-1	-1	-1	123	-1	-1	-1	127	128	-1	130	-1	-1	-1
# Right
20	9	6	5	-1	-1	8	-1	-1	15	12	-1	14	-1	-1	19	18	-1	-1	-1	112	37	32	29	26	-1	28	-1	-1	31	-1	-1	34	-1	36	-1	-1	105	92	77	74	43	-1	45	-1	67	48	-1	50	-1	56	53	-1	55	-1	-1	66	59	-1	61	-1	63	-1	65	-1	-1	-1	73	72	71	-1	-1	-1	-1	76	-1	-1	91	90	81	-1	89	84	-1	88	87	-1	-1	-1	-1	-1	-1	94	-1	96	-1	100	99	-1	-1	104	103	-1	-1	-1	109	108	-1	-1	111	-1	-1	126	115	-1	125	122	121	120	-1	-1	-1	124	-1	-1	-1	132	129	-1	131	-1	-1	-1
# Threshold
4.5	0.43974149227142334	3.47406005859375	0.3272700011730194	-2.0	-2.0	3.944939970970154	-2.0	-2.0	0.00421398994512856	3.5	-2.0	14810.5	-2.0	-2.0	0.655412495136261	0.8490085005760193	-2.0	-2.0	-2.0	0.7897115051746368	2.290405035018921	2.109719932079315	329207504.0	1.1950550079345703	-2.0	608.5	-2.0	-2.0	0.47340649366378784	-2.0	-2.0	0.6293214857578278	-2.0	3.543049931526184	-2.0	-2.0	3465270.0	2.5	45.04144859313965	0.6753534972667694	31.5	-2.0	2.2627549469689257e-06	-2.0	0.034699950367212296	0.38811299204826355	-2.0	0.38904300332069397	-2.0	0.5	0.0005276534939184785	-2.0	20255.5	-2.0	-2.0	4231.0	1921.0	-2.0	0.12113199755549431	-2.0	11.585659980773926	-2.0	55048.0	-2.0	-2.0	-2.0	0.047413598746061325	1.5	552.5	-2.0	-2.0	-2.0	-2.0	0.08427960053086281	-2.0	-2.0	0.34553349018096924	1183.5549926757812	0.0005265349900582805	-2.0	0.0021806699805893004	86487.5	-2.0	0.001966079988051206	0.5913070142269135	-2.0	-2.0	-2.0	-2.0	-2.0	-2.0	0.4476504921913147	-2.0	0.4487590044736862	-2.0	3.9496350288391113	1174.5	-2.0	-2.0	0.18471000343561172	0.1722330003976822	-2.0	-2.0	-2.0	4439620.0	16.5	-2.0	-2.0	0.5	-2.0	-2.0	0.09144524857401848	4.674930095672607	-2.0	1189685.5	0.00018441300198901445	1.142295002937317	175452.0	-2.0	-2.0	-2.0	0.846219003200531	-2.0	-2.0	-2.0	0.0006092780095059425	3.0	-2.0	12292800.0	-2.0	-2.0	-2.0
# Feature
5	13	3	10	-2	-2	3	-2	-2	10	5	-2	1	-2	-2	13	11	-2	-2	-2	13	3	7	2	7	-2	1	-2	-2	13	-2	-2	13	-2	7	-2	-2	0	9	3	13	8	-2	4	-2	10	13	-2	13	-2	6	4	-2	2	-2	-2	0	8	-2	11	-2	3	-2	2	-2	-2	-2	10	9	8	-2	-2	-2	-2	11	-2	-2	11	3	11	-2	10	8	-2	11	12	-2	-2	-2	-2	-2	-2	13	-2	13	-2	3	8	-2	-2	11	11	-2	-2	-2	8	5	-2	-2	6	-2	-2	11	3	-2	0	10	12	0	-2	-2	-2	13	-2	-2	-2	10	6	-2	1	-2	-2	-2
# Values
105.0	1479.0	100.0
63.0	17.0	5.0
5.0	12.0	2.0
2.0	12.0	0.0
0.0	12.0	0.0
2.0	0.0	0.0
3.0	0.0	2.0
3.0	0.0	0.0
0.0	0.0	2.0
58.0	5.0	3.0
9.0	4.0	2.0
0.0	4.0	0.0
9.0	0.0	2.0
0.0	0.0	2.0
9.0	0.0	0.0
49.0	1.0	1.0
49.0	1.0	0.0
0.0	1.0	0.0
49.0	0.0	0.0
0.0	0.0	1.0
42.0	1462.0	95.0
32.0	1436.0	59.0
21.0	13.0	1.0
20.0	1.0	1.0
19.0	1.0	0.0
15.0	0.0	0.0
4.0	1.0	0.0
0.0	1.0	0.0
4.0	0.0	0.0
1.0	0.0	1.0
0.0	0.0	1.0
1.0	0.0	0.0
1.0	12.0	0.0
0.0	10.0	0.0
1.0	2.0	0.0
0.0	2.0	0.0
1.0	0.0	0.0
11.0	1423.0	58.0
8.0	1419.0	51.0
6.0	372.0	47.0
6.0	345.0	30.0
6.0	332.0	17.0
3.0	0.0	0.0
3.0	332.0	17.0
3.0	0.0	0.0
0.0	332.0	17.0
0.0	320.0	12.0
0.0	167.0	0.0
0.0	153.0	12.0
0.0	0.0	2.0
0.0	153.0	10.0
0.0	19.0	5.0
0.0	17.0	0.0
0.0	2.0	5.0
0.0	2.0	0.0
0.0	0.0	5.0
0.0	134.0	5.0
0.0	39.0	5.0
0.0	33.0	0.0
0.0	6.0	5.0
0.0	4.0	0.0
0.0	2.0	5.0
0.0	0.0	4.0
0.0	2.0	1.0
0.0	1.0	0.0
0.0	1.0	1.0
0.0	95.0	0.0
0.0	12.0	5.0
0.0	3.0	5.0
0.0	2.0	5.0
0.0	0.0	4.0
0.0	2.0	1.0
0.0	1.0	0.0
0.0	9.0	0.0
0.0	13.0	13.0
0.0	0.0	13.0
0.0	13.0	0.0
0.0	27.0	17.0
0.0	27.0	7.0
0.0	27.0	3.0
0.0	0.0	1.0
0.0	27.0	2.0
0.0	8.0	2.0
0.0	0.0	1.0
0.0	8.0	1.0
0.0	2.0	1.0
0.0	2.0	0.0
0.0	0.0	1.0
0.0	6.0	0.0
0.0	19.0	0.0
0.0	0.0	4.0
0.0	0.0	10.0
2.0	1047.0	4.0
0.0	770.0	0.0
2.0	277.0	4.0
0.0	0.0	3.0
2.0	277.0	1.0
2.0	5.0	0.0
0.0	5.0	0.0
2.0	0.0	0.0
0.0	272.0	1.0
0.0	68.0	1.0
0.0	68.0	0.0
0.0	0.0	1.0
0.0	204.0	0.0
3.0	4.0	7.0
3.0	3.0	0.0
3.0	0.0	0.0
0.0	3.0	0.0
0.0	1.0	7.0
0.0	1.0	0.0
0.0	0.0	7.0
10.0	26.0	36.0
2.0	3.0	35.0
2.0	0.0	0.0
0.0	3.0	35.0
0.0	2.0	35.0
0.0	1.0	32.0
0.0	1.0	3.0
0.0	0.0	3.0
0.0	1.0	0.0
0.0	0.0	29.0
0.0	1.0	3.0
0.0	0.0	3.0
0.0	1.0	0.0
0.0	1.0	0.0
8.0	23.0	1.0
8.0	2.0	1.0
8.0	0.0	0.0
0.0	2.0	1.0
0.0	2.0	0.0
0.0	0.0	1.0
0.0	21.0	0.0
