# Sizes (NFeatures, Nclasses, NodeCount, MaxDepth)
14	3	133	13
# Classes
0.0	1.0	2.0
# Feature Names
Nrows	Ncols	Nnnz	AvgNnnz	Density	MaxRowNnnz	MinRowNnnz	StdRowNnnz	NDiags	NTrueDiags	AvgNnnzDia	AvgNnnzELL	AvgNnnzHyb	AvgNnnzHdc
# Left
1	2	3	-1	5	-1	-1	8	9	10	-1	-1	-1	-1	15	16	17	18	-1	-1	-1	22	-1	-1	25	26	27	28	29	-1	31	-1	-1	-1	35	36	-1	-1	39	-1	-1	42	43	44	45	-1	-1	-1	49	50	51	-1	-1	54	-1	56	-1	-1	59	60	61	-1	-1	64	65	-1	-1	-1	69	70	71	-1	-1	-1	75	76	77	-1	79	-1	-1	-1	-1	84	85	-1	-1	88	-1	90	-1	-1	93	94	-1	96	-1	-1	99	100	101	102	-1	-1	105	106	107	108	109	-1	-1	-1	113	-1	-1	-1	117	118	-1	120	-1	-1	123	-1	-1	126	-1	-1	129	130	-1	-1	-1
# Right
14	7	4	-1	6	-1	-1	13	12	11	-1	-1	-1	-1	24	21	20	19	-1	-1	-1	23	-1	-1	92	41	34	33	30	-1	32	-1	-1	-1	38	37	-1	-1	40	-1	-1	83	48	47	46	-1	-1	-1	58	53	52	-1	-1	55	-1	57	-1	-1	68	63	62	-1	-1	67	66	-1	-1	-1	74	73	72	-1	-1	-1	82	81	78	-1	80	-1	-1	-1	-1	87	86	-1	-1	89	-1	91	-1	-1	98	95	-1	97	-1	-1	128	125	104	103	-1	-1	116	115	112	111	110	-1	-1	-1	114	-1	-1	-1	122	119	-1	121	-1	-1	124	-1	-1	127	-1	-1	132	131	-1	-1	-1
# Threshold
4.5	0.43986649811267853	3.40215003490448	-2.0	0.40624600648880005	-2.0	-2.0	0.6510570049285889	0.5	1.2680950164794922	-2.0	-2.0	-2.0	-2.0	2.408144950866699	0.000856324506457895	0.00958387996070087	246647.0	-2.0	-2.0	-2.0	7.0	-2.0	-2.0	1.5	3.938705049222335e-05	4.960909843444824	0.8713925182819366	2.4445599592581857e-05	-2.0	0.00018441300198901445	-2.0	-2.0	-2.0	3573200.0	0.00011164404895680491	-2.0	-2.0	7.35080502636265e-05	-2.0	-2.0	11.5	2855.0	7.5	67.5	-2.0	-2.0	-2.0	4231.0	0.12113199755549431	242.0	-2.0	-2.0	0.00219413498416543	-2.0	3592.0	-2.0	-2.0	0.9599055051803589	6091.0	5851.5	-2.0	-2.0	8571.5	8206.0	-2.0	-2.0	-2.0	32.5	0.3848450034856796	5.966794967651367	-2.0	-2.0	-2.0	4.0	59176.0	9142.5	-2.0	86449.0	-2.0	-2.0	-2.0	-2.0	640.0	0.24494899809360504	-2.0	-2.0	50736870.0	-2.0	147455.0	-2.0	-2.0	2.726094976424065e-06	4.724030017852783	-2.0	4439620.0	-2.0	-2.0	0.7073290050029755	399.66551208496094	3.480334997177124	3.408584952354431	-2.0	-2.0	0.8424745202064514	0.8413375020027161	14.736649990081787	11.376799583435059	0.0022684999275952578	-2.0	-2.0	-2.0	834.0	-2.0	-2.0	-2.0	0.8834024965763092	0.498695507645607	-2.0	0.499160498380661	-2.0	-2.0	0.02747449930757284	-2.0	-2.0	0.887274980545044	-2.0	-2.0	29610.0	0.9924710094928741	-2.0	-2.0	-2.0
# Feature
5	13	3	-2	13	-2	-2	13	9	12	-2	-2	-2	-2	3	4	11	2	-2	-2	-2	5	-2	-2	9	4	3	13	10	-2	10	-2	-2	-2	0	11	-2	-2	10	-2	-2	6	0	5	8	-2	-2	-2	0	11	5	-2	-2	4	-2	1	-2	-2	12	0	1	-2	-2	0	0	-2	-2	-2	5	13	3	-2	-2	-2	6	8	8	-2	1	-2	-2	-2	-2	1	7	-2	-2	2	-2	1	-2	-2	4	3	-2	8	-2	-2	13	7	3	3	-2	-2	12	12	3	7	10	-2	-2	-2	5	-2	-2	-2	10	13	-2	13	-2	-2	4	-2	-2	12	-2	-2	0	12	-2	-2	-2
# Values
83.0	1499.0	102.0
46.0	14.0	7.0
6.0	14.0	3.0
0.0	14.0	0.0
6.0	0.0	3.0
6.0	0.0	0.0
0.0	0.0	3.0
40.0	0.0	4.0
40.0	0.0	2.0
1.0	0.0	2.0
1.0	0.0	0.0
0.0	0.0	2.0
39.0	0.0	0.0
0.0	0.0	2.0
37.0	1485.0	95.0
25.0	10.0	0.0
23.0	1.0	0.0
1.0	1.0	0.0
0.0	1.0	0.0
1.0	0.0	0.0
22.0	0.0	0.0
2.0	9.0	0.0
2.0	0.0	0.0
0.0	9.0	0.0
12.0	1475.0	95.0
7.0	290.0	75.0
5.0	25.0	30.0
5.0	5.0	26.0
0.0	5.0	26.0
0.0	4.0	0.0
0.0	1.0	26.0
0.0	0.0	26.0
0.0	1.0	0.0
5.0	0.0	0.0
0.0	20.0	4.0
0.0	18.0	1.0
0.0	0.0	1.0
0.0	18.0	0.0
0.0	2.0	3.0
0.0	0.0	3.0
0.0	2.0	0.0
2.0	265.0	45.0
2.0	261.0	34.0
1.0	95.0	1.0
1.0	0.0	1.0
1.0	0.0	0.0
0.0	0.0	1.0
0.0	95.0	0.0
1.0	166.0	33.0
0.0	12.0	13.0
0.0	10.0	2.0
0.0	5.0	2.0
0.0	5.0	0.0
0.0	2.0	11.0
0.0	1.0	0.0
0.0	1.0	11.0
0.0	0.0	9.0
0.0	1.0	2.0
1.0	154.0	20.0
0.0	99.0	3.0
0.0	7.0	2.0
0.0	7.0	0.0
0.0	0.0	2.0
0.0	92.0	1.0
0.0	18.0	1.0
0.0	18.0	0.0
0.0	0.0	1.0
0.0	74.0	0.0
1.0	55.0	17.0
0.0	39.0	1.0
0.0	6.0	1.0
0.0	0.0	1.0
0.0	6.0	0.0
0.0	33.0	0.0
1.0	16.0	16.0
1.0	7.0	16.0
1.0	3.0	16.0
0.0	3.0	0.0
1.0	0.0	16.0
0.0	0.0	16.0
1.0	0.0	0.0
0.0	4.0	0.0
0.0	9.0	0.0
0.0	4.0	11.0
0.0	3.0	1.0
0.0	1.0	0.0
0.0	2.0	1.0
0.0	1.0	10.0
0.0	0.0	9.0
0.0	1.0	1.0
0.0	1.0	0.0
0.0	0.0	1.0
5.0	1185.0	20.0
3.0	2.0	2.0
3.0	0.0	0.0
0.0	2.0	2.0
0.0	2.0	0.0
0.0	0.0	2.0
2.0	1183.0	18.0
2.0	1144.0	11.0
2.0	1130.0	9.0
2.0	25.0	0.0
0.0	25.0	0.0
2.0	0.0	0.0
0.0	1105.0	9.0
0.0	223.0	6.0
0.0	223.0	4.0
0.0	207.0	1.0
0.0	2.0	1.0
0.0	2.0	0.0
0.0	0.0	1.0
0.0	205.0	0.0
0.0	16.0	3.0
0.0	0.0	3.0
0.0	16.0	0.0
0.0	0.0	2.0
0.0	882.0	3.0
0.0	851.0	1.0
0.0	721.0	0.0
0.0	130.0	1.0
0.0	0.0	1.0
0.0	130.0	0.0
0.0	31.0	2.0
0.0	31.0	0.0
0.0	0.0	2.0
0.0	14.0	2.0
0.0	14.0	0.0
0.0	0.0	2.0
0.0	39.0	7.0
0.0	5.0	7.0
0.0	0.0	7.0
0.0	5.0	0.0
0.0	34.0	0.0
