# Sizes (NFeatures, Nclasses, NodeCount, MaxDepth)
14	3	127	14
# Classes
0.0	1.0	2.0
# Feature Names
Nrows	Ncols	Nnnz	AvgNnnz	Density	MaxRowNnnz	MinRowNnnz	StdRowNnnz	NDiags	NTrueDiags	AvgNnnzDia	AvgNnnzELL	AvgNnnzHyb	AvgNnnzHdc
# Left
1	2	-1	4	-1	-1	7	8	9	10	-1	-1	-1	14	-1	16	17	-1	-1	-1	21	22	23	24	-1	26	27	-1	-1	-1	31	-1	33	34	-1	-1	-1	38	39	40	41	42	43	-1	-1	46	47	-1	49	-1	51	-1	53	-1	-1	56	-1	-1	-1	60	61	-1	63	-1	-1	66	67	-1	69	-1	-1	-1	73	74	-1	76	77	-1	-1	-1	81	-1	-1	84	85	-1	87	-1	-1	-1	91	92	93	-1	-1	-1	97	98	99	-1	101	-1	-1	104	105	106	-1	-1	109	-1	-1	112	113	114	115	-1	-1	-1	119	-1	-1	122	-1	-1	125	-1	-1
# Right
6	3	-1	5	-1	-1	20	13	12	11	-1	-1	-1	15	-1	19	18	-1	-1	-1	90	37	30	25	-1	29	28	-1	-1	-1	32	-1	36	35	-1	-1	-1	83	72	59	58	45	44	-1	-1	55	48	-1	50	-1	52	-1	54	-1	-1	57	-1	-1	-1	65	62	-1	64	-1	-1	71	68	-1	70	-1	-1	-1	80	75	-1	79	78	-1	-1	-1	82	-1	-1	89	86	-1	88	-1	-1	-1	96	95	94	-1	-1	-1	124	103	100	-1	102	-1	-1	111	108	107	-1	-1	110	-1	-1	121	118	117	116	-1	-1	-1	120	-1	-1	123	-1	-1	126	-1	-1
# Threshold
2.226300001144409	104.0	-2.0	0.31666415743529797	-2.0	-2.0	4.5	3.40215003490448	0.3272700011730194	1.0	-2.0	-2.0	-2.0	13991.5	-2.0	71976.0	0.3095795065164566	-2.0	-2.0	-2.0	1.5	3.169649971823674e-05	3.464924931526184	2.265304923057556	-2.0	4.9515299797058105	29160.0	-2.0	-2.0	-2.0	1.7594399537301797e-06	-2.0	403151.0	0.5	-2.0	-2.0	-2.0	0.030203950591385365	60.609397888183594	0.5292580127716064	41.49680137634277	3.773854950850364e-05	0.006226669996976852	-2.0	-2.0	0.6467549800872803	0.39627601206302643	-2.0	0.39826200902462006	-2.0	12.350299835205078	-2.0	12.534150123596191	-2.0	-2.0	5.966794967651367	-2.0	-2.0	-2.0	0.0008608110074419528	4.676340103149414	-2.0	0.542156994342804	-2.0	-2.0	0.5509314835071564	6.300340056419373	-2.0	0.5	-2.0	-2.0	-2.0	0.0028519449988380075	40120.0	-2.0	1.5	82.92354965209961	-2.0	-2.0	-2.0	1.2887449860572815	-2.0	-2.0	0.04700459912419319	0.7334560006856918	-2.0	0.01870026020333171	-2.0	-2.0	-2.0	2.2704799675921095e-06	13.0	2.5	-2.0	-2.0	-2.0	0.708191990852356	3.480334997177124	0.4920964986085892	-2.0	0.4645794928073883	-2.0	-2.0	4.835355043411255	0.030339200049638748	0.007346387370489538	-2.0	-2.0	4.82787013053894	-2.0	-2.0	0.8905855119228363	0.4981050044298172	0.00671300501562655	0.006577169988304377	-2.0	-2.0	-2.0	0.4992310106754303	-2.0	-2.0	700.0	-2.0	-2.0	231759.0	-2.0	-2.0
# Feature
3	2	-2	12	-2	-2	5	3	10	9	-2	-2	-2	0	-2	1	7	-2	-2	-2	9	4	7	7	-2	3	8	-2	-2	-2	10	-2	1	6	-2	-2	-2	10	3	13	3	4	11	-2	-2	11	13	-2	13	-2	3	-2	3	-2	-2	3	-2	-2	-2	10	3	-2	13	-2	-2	13	3	-2	9	-2	-2	-2	10	0	-2	6	3	-2	-2	-2	12	-2	-2	10	7	-2	4	-2	-2	-2	4	5	6	-2	-2	-2	13	3	13	-2	11	-2	-2	3	11	11	-2	-2	3	-2	-2	10	13	11	11	-2	-2	-2	13	-2	-2	0	-2	-2	2	-2	-2
# Values
95.0	1498.0	91.0
49.0	9.0	0.0
0.0	6.0	0.0
49.0	3.0	0.0
0.0	3.0	0.0
49.0	0.0	0.0
46.0	1489.0	91.0
31.0	21.0	8.0
2.0	21.0	1.0
0.0	21.0	1.0
0.0	0.0	1.0
0.0	21.0	0.0
2.0	0.0	0.0
29.0	0.0	7.0
26.0	0.0	0.0
3.0	0.0	7.0
1.0	0.0	7.0
0.0	0.0	7.0
1.0	0.0	0.0
2.0	0.0	0.0
15.0	1468.0	83.0
9.0	250.0	71.0
6.0	28.0	31.0
6.0	3.0	26.0
6.0	0.0	0.0
0.0	3.0	26.0
0.0	1.0	26.0
0.0	1.0	0.0
0.0	0.0	26.0
0.0	2.0	0.0
0.0	25.0	5.0
0.0	0.0	2.0
0.0	25.0	3.0
0.0	3.0	3.0
0.0	3.0	0.0
0.0	0.0	3.0
0.0	22.0	0.0
3.0	222.0	40.0
3.0	214.0	26.0
3.0	195.0	15.0
0.0	143.0	5.0
0.0	143.0	4.0
0.0	2.0	1.0
0.0	0.0	1.0
0.0	2.0	0.0
0.0	141.0	3.0
0.0	134.0	2.0
0.0	78.0	0.0
0.0	56.0	2.0
0.0	0.0	1.0
0.0	56.0	1.0
0.0	47.0	0.0
0.0	9.0	1.0
0.0	0.0	1.0
0.0	9.0	0.0
0.0	7.0	1.0
0.0	0.0	1.0
0.0	7.0	0.0
0.0	0.0	1.0
3.0	52.0	10.0
3.0	1.0	7.0
3.0	0.0	0.0
0.0	1.0	7.0
0.0	1.0	0.0
0.0	0.0	7.0
0.0	51.0	3.0
0.0	5.0	3.0
0.0	4.0	0.0
0.0	1.0	3.0
0.0	1.0	2.0
0.0	0.0	1.0
0.0	46.0	0.0
0.0	19.0	11.0
0.0	3.0	10.0
0.0	0.0	7.0
0.0	3.0	3.0
0.0	1.0	3.0
0.0	0.0	3.0
0.0	1.0	0.0
0.0	2.0	0.0
0.0	16.0	1.0
0.0	16.0	0.0
0.0	0.0	1.0
0.0	8.0	14.0
0.0	3.0	14.0
0.0	2.0	0.0
0.0	1.0	14.0
0.0	1.0	0.0
0.0	0.0	14.0
0.0	5.0	0.0
6.0	1218.0	12.0
3.0	5.0	1.0
3.0	0.0	1.0
3.0	0.0	0.0
0.0	0.0	1.0
0.0	5.0	0.0
3.0	1213.0	11.0
3.0	1188.0	8.0
3.0	31.0	0.0
0.0	30.0	0.0
3.0	1.0	0.0
3.0	0.0	0.0
0.0	1.0	0.0
0.0	1157.0	8.0
0.0	170.0	4.0
0.0	2.0	2.0
0.0	2.0	0.0
0.0	0.0	2.0
0.0	168.0	2.0
0.0	134.0	0.0
0.0	34.0	2.0
0.0	987.0	4.0
0.0	965.0	3.0
0.0	820.0	1.0
0.0	164.0	1.0
0.0	164.0	0.0
0.0	0.0	1.0
0.0	656.0	0.0
0.0	145.0	2.0
0.0	0.0	2.0
0.0	145.0	0.0
0.0	22.0	1.0
0.0	0.0	1.0
0.0	22.0	0.0
0.0	25.0	3.0
0.0	0.0	3.0
0.0	25.0	0.0
