# Sizes (NFeatures, Nclasses, NodeCount, MaxDepth)
14	3	123	16
# Classes
0.0	1.0	2.0
# Feature Names
Nrows	Ncols	Nnnz	AvgNnnz	Density	MaxRowNnnz	MinRowNnnz	StdRowNnnz	NDiags	NTrueDiags	AvgNnnzDia	AvgNnnzELL	AvgNnnzHyb	AvgNnnzHdc
# Left
1	2	3	4	-1	-1	7	8	-1	10	-1	-1	-1	-1	15	16	17	-1	-1	20	-1	22	-1	-1	25	26	27	28	29	30	-1	32	-1	34	35	-1	37	-1	-1	40	41	42	-1	-1	45	-1	-1	48	-1	50	51	52	-1	54	-1	-1	-1	58	59	-1	-1	-1	-1	64	-1	-1	67	-1	69	-1	-1	72	73	74	75	-1	77	-1	79	-1	-1	-1	-1	84	85	86	-1	-1	89	-1	91	-1	-1	-1	95	96	97	-1	-1	-1	101	102	103	104	-1	-1	-1	108	-1	110	111	112	113	-1	115	-1	-1	-1	-1	-1	121	-1	-1
# Right
14	13	6	5	-1	-1	12	9	-1	11	-1	-1	-1	-1	24	19	18	-1	-1	21	-1	23	-1	-1	94	71	66	63	62	31	-1	33	-1	39	36	-1	38	-1	-1	47	44	43	-1	-1	46	-1	-1	49	-1	57	56	53	-1	55	-1	-1	-1	61	60	-1	-1	-1	-1	65	-1	-1	68	-1	70	-1	-1	83	82	81	76	-1	78	-1	80	-1	-1	-1	-1	93	88	87	-1	-1	90	-1	92	-1	-1	-1	100	99	98	-1	-1	-1	120	107	106	105	-1	-1	-1	109	-1	119	118	117	114	-1	116	-1	-1	-1	-1	-1	122	-1	-1
# Threshold
4.5	0.31961649656295776	3.40215003490448	1.5	-2.0	-2.0	0.9997369945049286	1.0	-2.0	0.6510570049285889	-2.0	-2.0	-2.0	-2.0	2.29851496219635	1.1950550079345703	0.08322654850780964	-2.0	-2.0	774.0	-2.0	1329797.0	-2.0	-2.0	1.5	143183.5	21.5	97.46795272827148	0.0940433032810688	0.38811299204826355	-2.0	0.39357300102710724	-2.0	7.5	0.49320800602436066	-2.0	6.5	-2.0	-2.0	0.0002309615010744892	0.00019272149802418426	0.6197890043258667	-2.0	-2.0	35.5	-2.0	-2.0	2083.0	-2.0	4961.5	0.005884859943762422	27513.5	-2.0	3684.5	-2.0	-2.0	-2.0	0.5	0.0005849014996783808	-2.0	-2.0	-2.0	-2.0	3068785.0	-2.0	-2.0	32.5	-2.0	0.04091466008685529	-2.0	-2.0	1419870.0	1.2666450142860413	0.5	26448.0	-2.0	4.965549945831299	-2.0	0.02371536521241069	-2.0	-2.0	-2.0	-2.0	311.1875	3.2491250038146973	304979.0	-2.0	-2.0	3782435.0	-2.0	3.072194942888018e-06	-2.0	-2.0	-2.0	2.787484959299036e-06	1.4795104561926564e-05	0.39444099366664886	-2.0	-2.0	-2.0	0.8834024965763092	0.48193100094795227	4.835355043411255	4.826230049133301	-2.0	-2.0	-2.0	0.48284949362277985	-2.0	0.054068299010396004	0.18375050276517868	0.1742660030722618	0.708191990852356	-2.0	26640.0	-2.0	-2.0	-2.0	-2.0	-2.0	0.8933604955673218	-2.0	-2.0
# Feature
5	10	3	6	-2	-2	11	9	-2	13	-2	-2	-2	-2	3	7	11	-2	-2	1	-2	1	-2	-2	9	0	6	3	10	13	-2	13	-2	5	13	-2	5	-2	-2	4	10	13	-2	-2	5	-2	-2	8	-2	1	4	2	-2	1	-2	-2	-2	6	10	-2	-2	-2	-2	2	-2	-2	6	-2	4	-2	-2	2	12	9	8	-2	3	-2	11	-2	-2	-2	-2	7	7	0	-2	-2	0	-2	4	-2	-2	-2	4	10	13	-2	-2	-2	10	13	3	3	-2	-2	-2	13	-2	4	11	11	13	-2	1	-2	-2	-2	-2	-2	10	-2	-2
# Values
90.0	1499.0	95.0
57.0	11.0	12.0
15.0	11.0	12.0
0.0	11.0	1.0
0.0	0.0	1.0
0.0	11.0	0.0
15.0	0.0	11.0
15.0	0.0	4.0
0.0	0.0	3.0
15.0	0.0	1.0
15.0	0.0	0.0
0.0	0.0	1.0
0.0	0.0	7.0
42.0	0.0	0.0
33.0	1488.0	83.0
22.0	17.0	2.0
17.0	0.0	2.0
0.0	0.0	2.0
17.0	0.0	0.0
5.0	17.0	0.0
0.0	12.0	0.0
5.0	5.0	0.0
5.0	0.0	0.0
0.0	5.0	0.0
11.0	1471.0	81.0
5.0	317.0	72.0
4.0	284.0	38.0
4.0	280.0	26.0
4.0	273.0	20.0
2.0	273.0	20.0
0.0	126.0	0.0
2.0	147.0	20.0
0.0	0.0	3.0
2.0	147.0	17.0
1.0	5.0	4.0
0.0	0.0	4.0
1.0	5.0	0.0
0.0	5.0	0.0
1.0	0.0	0.0
1.0	142.0	13.0
1.0	18.0	7.0
1.0	16.0	0.0
0.0	16.0	0.0
1.0	0.0	0.0
0.0	2.0	7.0
0.0	2.0	0.0
0.0	0.0	7.0
0.0	124.0	6.0
0.0	66.0	0.0
0.0	58.0	6.0
0.0	8.0	4.0
0.0	2.0	4.0
0.0	0.0	1.0
0.0	2.0	3.0
0.0	1.0	2.0
0.0	1.0	1.0
0.0	6.0	0.0
0.0	50.0	2.0
0.0	8.0	2.0
0.0	8.0	0.0
0.0	0.0	2.0
0.0	42.0	0.0
2.0	0.0	0.0
0.0	7.0	6.0
0.0	0.0	6.0
0.0	7.0	0.0
0.0	4.0	12.0
0.0	0.0	9.0
0.0	4.0	3.0
0.0	2.0	0.0
0.0	2.0	3.0
1.0	33.0	34.0
1.0	3.0	18.0
0.0	3.0	18.0
0.0	2.0	18.0
0.0	1.0	0.0
0.0	1.0	18.0
0.0	0.0	16.0
0.0	1.0	2.0
0.0	0.0	2.0
0.0	1.0	0.0
0.0	1.0	0.0
1.0	0.0	0.0
0.0	30.0	16.0
0.0	30.0	7.0
0.0	2.0	6.0
0.0	2.0	0.0
0.0	0.0	6.0
0.0	28.0	1.0
0.0	25.0	0.0
0.0	3.0	1.0
0.0	3.0	0.0
0.0	0.0	1.0
0.0	0.0	9.0
6.0	1154.0	9.0
4.0	2.0	1.0
0.0	2.0	1.0
0.0	0.0	1.0
0.0	2.0	0.0
4.0	0.0	0.0
2.0	1152.0	8.0
2.0	1132.0	6.0
0.0	909.0	2.0
0.0	174.0	2.0
0.0	148.0	0.0
0.0	26.0	2.0
0.0	735.0	0.0
2.0	223.0	4.0
2.0	0.0	0.0
0.0	223.0	4.0
0.0	223.0	2.0
0.0	70.0	2.0
0.0	70.0	1.0
0.0	59.0	0.0
0.0	11.0	1.0
0.0	0.0	1.0
0.0	11.0	0.0
0.0	0.0	1.0
0.0	153.0	0.0
0.0	0.0	2.0
0.0	20.0	2.0
0.0	0.0	2.0
0.0	20.0	0.0
