# Sizes (NFeatures, Nclasses, NodeCount, MaxDepth)
14	3	129	19
# Classes
0.0	1.0	2.0
# Feature Names
Nrows	Ncols	Nnnz	AvgNnnz	Density	MaxRowNnnz	MinRowNnnz	StdRowNnnz	NDiags	NTrueDiags	AvgNnnzDia	AvgNnnzELL	AvgNnnzHyb	AvgNnnzHdc
# Left
1	2	3	-1	-1	6	7	-1	-1	-1	11	12	13	-1	15	-1	-1	18	19	-1	-1	-1	23	24	25	26	-1	-1	29	-1	31	-1	-1	34	35	36	37	38	-1	40	-1	-1	43	44	45	-1	-1	-1	49	50	51	-1	53	54	-1	-1	57	58	-1	-1	61	-1	63	-1	65	66	67	-1	-1	-1	-1	72	-1	-1	-1	76	-1	-1	79	-1	-1	82	83	84	85	86	87	-1	-1	90	91	-1	-1	94	-1	96	97	-1	99	-1	-1	-1	-1	-1	105	-1	-1	108	-1	-1	111	112	113	-1	115	116	-1	118	-1	-1	121	-1	-1	124	-1	-1	127	-1	-1
# Right
10	5	4	-1	-1	9	8	-1	-1	-1	22	17	14	-1	16	-1	-1	21	20	-1	-1	-1	110	33	28	27	-1	-1	30	-1	32	-1	-1	81	78	75	42	39	-1	41	-1	-1	48	47	46	-1	-1	-1	74	71	52	-1	56	55	-1	-1	60	59	-1	-1	62	-1	64	-1	70	69	68	-1	-1	-1	-1	73	-1	-1	-1	77	-1	-1	80	-1	-1	107	104	103	102	89	88	-1	-1	93	92	-1	-1	95	-1	101	98	-1	100	-1	-1	-1	-1	-1	106	-1	-1	109	-1	-1	126	123	114	-1	120	117	-1	119	-1	-1	122	-1	-1	125	-1	-1	128	-1	-1
# Threshold
2.1579099893569946	2.4373350143432617	61.5	-2.0	-2.0	1.8553550839424133	106.0	-2.0	-2.0	-2.0	4.5	3.40215003490448	2.724334955215454	-2.0	6.5	-2.0	-2.0	3.0	0.2731194943189621	-2.0	-2.0	-2.0	0.7472130060195923	2.8080299898647354e-06	4.188225030899048	0.5776914954185486	-2.0	-2.0	12.0	-2.0	1.5	-2.0	-2.0	1.5	16.5	167652.0	0.3850325047969818	98.06430053710938	-2.0	1128.5	-2.0	-2.0	0.3984045088291168	8.085344791412354	0.39627601206302643	-2.0	-2.0	-2.0	1104.0	683.5	2.7285449505143333e-05	-2.0	1.0876419842243195	2.6921099424362183	-2.0	-2.0	6.493960245279595e-05	6.411345020751469e-05	-2.0	-2.0	42.0	-2.0	0.9233255088329315	-2.0	0.5574615001678467	0.945252001285553	0.003892234934028238	-2.0	-2.0	-2.0	-2.0	0.002045239962171763	-2.0	-2.0	-2.0	581.3789978027344	-2.0	-2.0	0.33321450650691986	-2.0	-2.0	0.708464503288269	0.8905855119228363	0.17862699925899506	0.1754015013575554	29.0	45563.5	-2.0	-2.0	5625.5	1060.0	-2.0	-2.0	4.5	-2.0	5.5	0.0008789675048319623	-2.0	41.24040126800537	-2.0	-2.0	-2.0	-2.0	-2.0	0.02747449930757284	-2.0	-2.0	0.08371780067682266	-2.0	-2.0	0.10260609909892082	4.966304779052734	2.4569599628448486	-2.0	0.864683985710144	107.0	-2.0	128.0	-2.0	-2.0	212437.0	-2.0	-2.0	384636.0	-2.0	-2.0	3.1812950372695923	-2.0	-2.0
# Feature
3	7	2	-2	-2	3	5	-2	-2	-2	5	3	3	-2	9	-2	-2	9	7	-2	-2	-2	13	4	3	13	-2	-2	5	-2	9	-2	-2	9	6	5	13	3	-2	5	-2	-2	13	3	13	-2	-2	-2	5	5	4	-2	7	12	-2	-2	4	4	-2	-2	5	-2	12	-2	13	12	10	-2	-2	-2	-2	4	-2	-2	-2	7	-2	-2	13	-2	-2	13	10	11	11	5	0	-2	-2	2	8	-2	-2	9	-2	9	4	-2	7	-2	-2	-2	-2	-2	4	-2	-2	11	-2	-2	11	3	7	-2	13	5	-2	5	-2	-2	0	-2	-2	2	-2	-2	3	-2	-2
# Values
91.0	1507.0	86.0
44.0	7.0	0.0
40.0	1.0	0.0
0.0	1.0	0.0
40.0	0.0	0.0
4.0	6.0	0.0
4.0	1.0	0.0
0.0	1.0	0.0
4.0	0.0	0.0
0.0	5.0	0.0
47.0	1500.0	86.0
31.0	23.0	6.0
1.0	23.0	2.0
0.0	0.0	2.0
1.0	23.0	0.0
0.0	23.0	0.0
1.0	0.0	0.0
30.0	0.0	4.0
3.0	0.0	4.0
0.0	0.0	4.0
3.0	0.0	0.0
27.0	0.0	0.0
16.0	1477.0	80.0
12.0	1434.0	48.0
9.0	11.0	4.0
9.0	1.0	0.0
9.0	0.0	0.0
0.0	1.0	0.0
0.0	10.0	4.0
0.0	0.0	2.0
0.0	10.0	2.0
0.0	0.0	2.0
0.0	10.0	0.0
3.0	1423.0	44.0
2.0	259.0	38.0
2.0	257.0	29.0
2.0	255.0	26.0
0.0	121.0	3.0
0.0	111.0	0.0
0.0	10.0	3.0
0.0	0.0	3.0
0.0	10.0	0.0
2.0	134.0	23.0
0.0	9.0	8.0
0.0	9.0	2.0
0.0	9.0	0.0
0.0	0.0	2.0
0.0	0.0	6.0
2.0	125.0	15.0
2.0	88.0	15.0
2.0	85.0	9.0
0.0	0.0	2.0
2.0	85.0	7.0
0.0	3.0	2.0
0.0	0.0	2.0
0.0	3.0	0.0
2.0	82.0	5.0
2.0	5.0	0.0
0.0	5.0	0.0
2.0	0.0	0.0
0.0	77.0	5.0
0.0	46.0	0.0
0.0	31.0	5.0
0.0	21.0	0.0
0.0	10.0	5.0
0.0	2.0	5.0
0.0	2.0	3.0
0.0	1.0	1.0
0.0	1.0	2.0
0.0	0.0	2.0
0.0	8.0	0.0
0.0	3.0	6.0
0.0	0.0	6.0
0.0	3.0	0.0
0.0	37.0	0.0
0.0	2.0	3.0
0.0	0.0	3.0
0.0	2.0	0.0
0.0	2.0	9.0
0.0	2.0	0.0
0.0	0.0	9.0
1.0	1164.0	6.0
1.0	1157.0	5.0
1.0	1132.0	4.0
1.0	417.0	4.0
1.0	417.0	3.0
1.0	4.0	0.0
0.0	4.0	0.0
1.0	0.0	0.0
0.0	413.0	3.0
0.0	17.0	1.0
0.0	17.0	0.0
0.0	0.0	1.0
0.0	396.0	2.0
0.0	250.0	0.0
0.0	146.0	2.0
0.0	28.0	2.0
0.0	25.0	0.0
0.0	3.0	2.0
0.0	0.0	2.0
0.0	3.0	0.0
0.0	118.0	0.0
0.0	0.0	1.0
0.0	715.0	0.0
0.0	25.0	1.0
0.0	25.0	0.0
0.0	0.0	1.0
0.0	7.0	1.0
0.0	0.0	1.0
0.0	7.0	0.0
4.0	43.0	32.0
2.0	10.0	32.0
2.0	4.0	28.0
2.0	0.0	0.0
0.0	4.0	28.0
0.0	1.0	27.0
0.0	0.0	20.0
0.0	1.0	7.0
0.0	1.0	0.0
0.0	0.0	7.0
0.0	3.0	1.0
0.0	3.0	0.0
0.0	0.0	1.0
0.0	6.0	4.0
0.0	0.0	4.0
0.0	6.0	0.0
2.0	33.0	0.0
2.0	0.0	0.0
0.0	33.0	0.0
