# Sizes (NFeatures, Nclasses, NodeCount, MaxDepth)
14	3	131	12
# Classes
0.0	1.0	2.0
# Feature Names
Nrows	Ncols	Nnnz	AvgNnnz	Density	MaxRowNnnz	MinRowNnnz	StdRowNnnz	NDiags	NTrueDiags	AvgNnnzDia	AvgNnnzELL	AvgNnnzHyb	AvgNnnzHdc
# Left
1	2	3	-1	5	-1	7	8	-1	-1	-1	12	-1	14	-1	-1	17	18	19	20	-1	-1	23	-1	25	26	-1	28	-1	30	-1	-1	-1	34	35	36	37	38	39	40	-1	42	-1	44	-1	-1	47	-1	-1	50	-1	-1	53	-1	55	-1	-1	58	-1	-1	61	62	-1	64	-1	-1	67	-1	-1	70	-1	-1	73	74	-1	-1	77	78	79	-1	-1	82	-1	-1	85	86	-1	-1	89	90	91	92	-1	-1	95	96	-1	-1	99	100	-1	102	-1	-1	105	-1	-1	108	109	-1	111	-1	-1	114	115	116	-1	118	-1	-1	-1	-1	123	124	125	126	-1	-1	-1	-1	-1
# Right
16	11	4	-1	6	-1	10	9	-1	-1	-1	13	-1	15	-1	-1	72	33	22	21	-1	-1	24	-1	32	27	-1	29	-1	31	-1	-1	-1	69	60	57	52	49	46	41	-1	43	-1	45	-1	-1	48	-1	-1	51	-1	-1	54	-1	56	-1	-1	59	-1	-1	66	63	-1	65	-1	-1	68	-1	-1	71	-1	-1	76	75	-1	-1	84	81	80	-1	-1	83	-1	-1	88	87	-1	-1	122	107	94	93	-1	-1	98	97	-1	-1	104	101	-1	103	-1	-1	106	-1	-1	113	110	-1	112	-1	-1	121	120	117	-1	119	-1	-1	-1	-1	130	129	128	127	-1	-1	-1	-1	-1
# Threshold
4.5	0.3272700011730194	3.5	-2.0	1.5	-2.0	0.656112015247345	1.5	-2.0	-2.0	-2.0	0.025122550316154957	-2.0	0.034505899995565414	-2.0	-2.0	0.5	3.70067500625737e-05	0.7127989828586578	15.730340003967285	-2.0	-2.0	3.1887600421905518	-2.0	0.24280060082674026	0.3877130001783371	-2.0	4.960909843444824	-2.0	0.02371536521241069	-2.0	-2.0	-2.0	20.5	8.607359886169434	8.20497989654541	1.4924499988555908	0.7459934949874878	0.6291465163230896	1.6204249858856201	-2.0	635.0	-2.0	9456.5	-2.0	-2.0	0.000832670513773337	-2.0	-2.0	130652.0	-2.0	-2.0	0.5144030004739761	-2.0	1.0	-2.0	-2.0	0.0013284864835441113	-2.0	-2.0	98.06430053710938	0.5237320065498352	-2.0	0.9281580150127411	-2.0	-2.0	0.9189989864826202	-2.0	-2.0	0.3474170118570328	-2.0	-2.0	2.29851496219635	257.5	-2.0	-2.0	2.726094976424065e-06	13.0	2780313.0	-2.0	-2.0	1.5	-2.0	-2.0	2.705940008163452	0.32843250036239624	-2.0	-2.0	0.5679075121879578	4.830690145492554	0.6817429959774017	920.5	-2.0	-2.0	0.33779700100421906	4.527220010757446	-2.0	-2.0	3.486554980278015	1.2429850101470947	-2.0	1.1005499958992004	-2.0	-2.0	4.82787013053894	-2.0	-2.0	1.5	55.04869842529297	-2.0	63692.0	-2.0	-2.0	0.001364614989142865	0.0013592700124718249	8.5	-2.0	18.292499542236328	-2.0	-2.0	-2.0	-2.0	0.1027323491871357	389.9455108642578	0.8792549967765808	21.767650604248047	-2.0	-2.0	-2.0	-2.0	-2.0
# Feature
5	10	5	-2	9	-2	13	6	-2	-2	-2	4	-2	4	-2	-2	9	4	12	7	-2	-2	3	-2	11	13	-2	3	-2	11	-2	-2	-2	6	3	3	12	13	13	3	-2	5	-2	8	-2	-2	10	-2	-2	2	-2	-2	13	-2	6	-2	-2	10	-2	-2	3	13	-2	12	-2	-2	12	-2	-2	13	-2	-2	3	2	-2	-2	4	5	8	-2	-2	9	-2	-2	3	11	-2	-2	13	3	7	8	-2	-2	13	3	-2	-2	3	12	-2	7	-2	-2	3	-2	-2	9	3	-2	8	-2	-2	4	4	6	-2	3	-2	-2	-2	-2	10	7	12	7	-2	-2	-2	-2	-2
# Values
91.0	1484.0	109.0
51.0	18.0	8.0
13.0	16.0	8.0
0.0	15.0	0.0
13.0	1.0	8.0
0.0	0.0	7.0
13.0	1.0	1.0
13.0	1.0	0.0
0.0	1.0	0.0
13.0	0.0	0.0
0.0	0.0	1.0
38.0	2.0	0.0
36.0	0.0	0.0
2.0	2.0	0.0
0.0	2.0	0.0
2.0	0.0	0.0
40.0	1466.0	101.0
16.0	210.0	74.0
12.0	25.0	36.0
1.0	16.0	0.0
1.0	0.0	0.0
0.0	16.0	0.0
11.0	9.0	36.0
11.0	0.0	0.0
0.0	9.0	36.0
0.0	5.0	36.0
0.0	2.0	0.0
0.0	3.0	36.0
0.0	0.0	29.0
0.0	3.0	7.0
0.0	0.0	7.0
0.0	3.0	0.0
0.0	4.0	0.0
4.0	185.0	38.0
4.0	184.0	22.0
4.0	74.0	17.0
4.0	73.0	12.0
3.0	71.0	8.0
3.0	66.0	2.0
1.0	63.0	2.0
1.0	0.0	0.0
0.0	63.0	2.0
0.0	57.0	0.0
0.0	6.0	2.0
0.0	0.0	2.0
0.0	6.0	0.0
2.0	3.0	0.0
2.0	0.0	0.0
0.0	3.0	0.0
0.0	5.0	6.0
0.0	5.0	0.0
0.0	0.0	6.0
1.0	2.0	4.0
0.0	0.0	4.0
1.0	2.0	0.0
1.0	0.0	0.0
0.0	2.0	0.0
0.0	1.0	5.0
0.0	0.0	2.0
0.0	1.0	3.0
0.0	110.0	5.0
0.0	107.0	2.0
0.0	78.0	0.0
0.0	29.0	2.0
0.0	3.0	2.0
0.0	26.0	0.0
0.0	3.0	3.0
0.0	3.0	0.0
0.0	0.0	3.0
0.0	1.0	16.0
0.0	0.0	14.0
0.0	1.0	2.0
24.0	1256.0	27.0
12.0	1.0	0.0
0.0	1.0	0.0
12.0	0.0	0.0
12.0	1255.0	27.0
2.0	5.0	3.0
2.0	0.0	2.0
2.0	0.0	0.0
0.0	0.0	2.0
0.0	5.0	1.0
0.0	0.0	1.0
0.0	5.0	0.0
10.0	1250.0	24.0
4.0	15.0	0.0
0.0	15.0	0.0
4.0	0.0	0.0
6.0	1235.0	24.0
6.0	1106.0	13.0
6.0	197.0	6.0
4.0	5.0	0.0
0.0	5.0	0.0
4.0	0.0	0.0
2.0	192.0	6.0
0.0	12.0	4.0
0.0	12.0	0.0
0.0	0.0	4.0
2.0	180.0	2.0
2.0	13.0	0.0
0.0	12.0	0.0
2.0	1.0	0.0
0.0	1.0	0.0
2.0	0.0	0.0
0.0	167.0	2.0
0.0	138.0	0.0
0.0	29.0	2.0
0.0	909.0	7.0
0.0	44.0	4.0
0.0	43.0	0.0
0.0	1.0	4.0
0.0	0.0	4.0
0.0	1.0	0.0
0.0	865.0	3.0
0.0	307.0	3.0
0.0	307.0	1.0
0.0	269.0	0.0
0.0	38.0	1.0
0.0	0.0	1.0
0.0	38.0	0.0
0.0	0.0	2.0
0.0	558.0	0.0
0.0	129.0	11.0
0.0	129.0	8.0
0.0	129.0	5.0
0.0	15.0	5.0
0.0	0.0	5.0
0.0	15.0	0.0
0.0	114.0	0.0
0.0	0.0	3.0
0.0	0.0	3.0
