# Sizes (NFeatures, Nclasses, NodeCount, MaxDepth)
14	3	125	16
# Classes
0.0	1.0	2.0
# Feature Names
Nrows	Ncols	Nnnz	AvgNnnz	Density	MaxRowNnnz	MinRowNnnz	StdRowNnnz	NDiags	NTrueDiags	AvgNnnzDia	AvgNnnzELL	AvgNnnzHyb	AvgNnnzHdc
# Left
1	2	3	4	-1	-1	7	8	9	-1	-1	-1	-1	-1	15	16	17	18	19	-1	-1	22	23	24	-1	26	-1	-1	29	30	31	32	33	-1	-1	36	-1	38	-1	40	-1	42	43	-1	-1	-1	47	-1	49	-1	51	52	-1	-1	-1	56	-1	-1	59	-1	61	-1	-1	64	65	66	-1	-1	-1	-1	71	-1	73	-1	-1	76	77	-1	-1	80	-1	82	83	84	-1	86	87	-1	-1	-1	-1	92	-1	94	-1	96	-1	-1	99	100	-1	-1	103	104	105	-1	107	-1	-1	-1	111	112	113	-1	-1	116	-1	-1	119	-1	121	-1	123	-1	-1
# Right
14	13	6	5	-1	-1	12	11	10	-1	-1	-1	-1	-1	98	75	70	21	20	-1	-1	63	28	25	-1	27	-1	-1	58	55	46	35	34	-1	-1	37	-1	39	-1	41	-1	45	44	-1	-1	-1	48	-1	50	-1	54	53	-1	-1	-1	57	-1	-1	60	-1	62	-1	-1	69	68	67	-1	-1	-1	-1	72	-1	74	-1	-1	79	78	-1	-1	81	-1	91	90	85	-1	89	88	-1	-1	-1	-1	93	-1	95	-1	97	-1	-1	102	101	-1	-1	110	109	106	-1	108	-1	-1	-1	118	115	114	-1	-1	117	-1	-1	120	-1	122	-1	124	-1	-1
# Threshold
4.5	0.41666649281978607	3.40215003490448	0.681084007024765	-2.0	-2.0	3.0	0.9784529805183411	12131.0	-2.0	-2.0	-2.0	-2.0	-2.0	2.5	144948.0	11.5	1.6204249858856201	0.019161204807460308	-2.0	-2.0	0.6733215153217316	1.1846050024032593	0.8427145183086395	-2.0	1.2274900078773499	-2.0	-2.0	61.14459800720215	0.6467549800872803	0.5292580127716064	2.3829050064086914	320.0	-2.0	-2.0	8.20497989654541	-2.0	8.376754760742188	-2.0	1396.0	-2.0	9.583624839782715	8.842649936676025	-2.0	-2.0	-2.0	0.005157065112143755	-2.0	0.5348744988441467	-2.0	0.5477344989776611	0.5433074831962585	-2.0	-2.0	-2.0	2.5	-2.0	-2.0	0.9889324903488159	-2.0	0.3610900044441223	-2.0	-2.0	0.08427960053086281	0.0006859870045445859	86449.0	-2.0	-2.0	-2.0	-2.0	0.3336685001850128	-2.0	0.03584485035389662	-2.0	-2.0	9.5	6.0	-2.0	-2.0	0.001198409969219938	-2.0	4.960909843444824	62313950.0	28970.0	-2.0	1.142295002937317	0.7518549859523773	-2.0	-2.0	-2.0	-2.0	0.017438500188291073	-2.0	0.8506574928760529	-2.0	12314305.0	-2.0	-2.0	1.3013919897275628e-06	2.840529987224727e-06	-2.0	-2.0	3.9275150299072266	2.2612000107765198	0.4922439903020859	-2.0	0.4982589930295944	-2.0	-2.0	-2.0	4.830690145492554	7.650309801101685	4.82787013053894	-2.0	-2.0	0.4788784831762314	-2.0	-2.0	0.498695507645607	-2.0	434.0	-2.0	0.498989000916481	-2.0	-2.0
# Feature
5	10	3	11	-2	-2	9	11	1	-2	-2	-2	-2	-2	9	0	6	3	4	-2	-2	13	7	7	-2	12	-2	-2	3	11	13	3	5	-2	-2	3	-2	3	-2	2	-2	3	3	-2	-2	-2	11	-2	13	-2	13	13	-2	-2	-2	6	-2	-2	12	-2	13	-2	-2	11	4	1	-2	-2	-2	-2	13	-2	10	-2	-2	5	5	-2	-2	11	-2	3	2	8	-2	12	13	-2	-2	-2	-2	11	-2	7	-2	1	-2	-2	4	10	-2	-2	3	12	13	-2	13	-2	-2	-2	3	7	3	-2	-2	12	-2	-2	13	-2	1	-2	13	-2	-2
# Values
83.0	1503.0	98.0
54.0	24.0	12.0
18.0	24.0	12.0
0.0	24.0	1.0
0.0	0.0	1.0
0.0	24.0	0.0
18.0	0.0	11.0
2.0	0.0	11.0
2.0	0.0	1.0
0.0	0.0	1.0
2.0	0.0	0.0
0.0	0.0	10.0
16.0	0.0	0.0
36.0	0.0	0.0
29.0	1479.0	86.0
25.0	399.0	82.0
14.0	363.0	42.0
14.0	355.0	25.0
8.0	3.0	0.0
8.0	0.0	0.0
0.0	3.0	0.0
6.0	352.0	25.0
4.0	314.0	14.0
3.0	4.0	0.0
0.0	3.0	0.0
3.0	1.0	0.0
0.0	1.0	0.0
3.0	0.0	0.0
1.0	310.0	14.0
1.0	297.0	9.0
1.0	294.0	7.0
1.0	264.0	4.0
1.0	6.0	0.0
0.0	6.0	0.0
1.0	0.0	0.0
0.0	258.0	4.0
0.0	165.0	0.0
0.0	93.0	4.0
0.0	0.0	2.0
0.0	93.0	2.0
0.0	0.0	1.0
0.0	93.0	1.0
0.0	5.0	1.0
0.0	5.0	0.0
0.0	0.0	1.0
0.0	88.0	0.0
0.0	30.0	3.0
0.0	0.0	1.0
0.0	30.0	2.0
0.0	0.0	1.0
0.0	30.0	1.0
0.0	4.0	1.0
0.0	4.0	0.0
0.0	0.0	1.0
0.0	26.0	0.0
0.0	3.0	2.0
0.0	3.0	0.0
0.0	0.0	2.0
0.0	13.0	5.0
0.0	11.0	0.0
0.0	2.0	5.0
0.0	2.0	0.0
0.0	0.0	5.0
2.0	38.0	11.0
2.0	3.0	11.0
2.0	0.0	11.0
0.0	0.0	11.0
2.0	0.0	0.0
0.0	3.0	0.0
0.0	35.0	0.0
0.0	8.0	17.0
0.0	7.0	0.0
0.0	1.0	17.0
0.0	0.0	17.0
0.0	1.0	0.0
11.0	36.0	40.0
10.0	1.0	0.0
0.0	1.0	0.0
10.0	0.0	0.0
1.0	35.0	40.0
0.0	12.0	0.0
1.0	23.0	40.0
1.0	2.0	29.0
0.0	2.0	29.0
0.0	1.0	0.0
0.0	1.0	29.0
0.0	1.0	4.0
0.0	0.0	4.0
0.0	1.0	0.0
0.0	0.0	25.0
1.0	0.0	0.0
0.0	21.0	11.0
0.0	0.0	8.0
0.0	21.0	3.0
0.0	0.0	2.0
0.0	21.0	1.0
0.0	21.0	0.0
0.0	0.0	1.0
4.0	1080.0	4.0
1.0	1.0	0.0
0.0	1.0	0.0
1.0	0.0	0.0
3.0	1079.0	4.0
3.0	86.0	0.0
1.0	86.0	0.0
0.0	84.0	0.0
1.0	2.0	0.0
1.0	0.0	0.0
0.0	2.0	0.0
2.0	0.0	0.0
0.0	993.0	4.0
0.0	86.0	2.0
0.0	81.0	1.0
0.0	46.0	0.0
0.0	35.0	1.0
0.0	5.0	1.0
0.0	5.0	0.0
0.0	0.0	1.0
0.0	907.0	2.0
0.0	778.0	0.0
0.0	129.0	2.0
0.0	0.0	1.0
0.0	129.0	1.0
0.0	0.0	1.0
0.0	129.0	0.0
