# Sizes (NFeatures, Nclasses, NodeCount, MaxDepth)
14	3	143	16
# Classes
0.0	1.0	2.0
# Feature Names
Nrows	Ncols	Nnnz	AvgNnnz	Density	MaxRowNnnz	MinRowNnnz	StdRowNnnz	NDiags	NTrueDiags	AvgNnnzDia	AvgNnnzELL	AvgNnnzHyb	AvgNnnzHdc
# Left
1	2	3	-1	5	-1	-1	8	-1	10	11	-1	-1	14	-1	-1	17	18	19	-1	21	-1	-1	24	25	-1	-1	-1	29	30	31	32	33	34	-1	-1	-1	38	39	40	-1	-1	43	44	-1	-1	47	48	-1	50	-1	52	53	54	-1	-1	-1	-1	59	-1	-1	62	-1	64	65	-1	-1	-1	69	-1	-1	72	73	-1	-1	76	-1	78	79	80	81	82	-1	84	-1	-1	-1	-1	-1	-1	91	92	-1	94	-1	-1	97	98	99	100	-1	102	-1	-1	-1	106	107	108	109	110	111	-1	113	-1	-1	-1	117	-1	119	120	121	-1	-1	124	-1	126	127	-1	-1	-1	-1	132	133	-1	-1	-1	137	-1	-1	140	-1	-1	-1
# Right
16	7	4	-1	6	-1	-1	9	-1	13	12	-1	-1	15	-1	-1	28	23	20	-1	22	-1	-1	27	26	-1	-1	-1	90	71	68	37	36	35	-1	-1	-1	61	42	41	-1	-1	46	45	-1	-1	58	49	-1	51	-1	57	56	55	-1	-1	-1	-1	60	-1	-1	63	-1	67	66	-1	-1	-1	70	-1	-1	75	74	-1	-1	77	-1	89	88	87	86	83	-1	85	-1	-1	-1	-1	-1	-1	96	93	-1	95	-1	-1	142	105	104	101	-1	103	-1	-1	-1	139	136	131	116	115	112	-1	114	-1	-1	-1	118	-1	130	123	122	-1	-1	125	-1	129	128	-1	-1	-1	-1	135	134	-1	-1	-1	138	-1	-1	141	-1	-1	-1
# Threshold
2.241160035133362	1.1950550079345703	40.5	-2.0	0.05311594903469086	-2.0	-2.0	1.1201690137386322	-2.0	0.5243194997310638	2.1986700296401978	-2.0	-2.0	1.8681500554084778	-2.0	-2.0	4.5	3.40215003490448	0.6810390055179596	-2.0	8.0	-2.0	-2.0	3.0	0.4295644909143448	-2.0	-2.0	-2.0	0.5	145481.0	21.0	7.540449951193295e-05	63.5	0.0002764055971056223	-2.0	-2.0	-2.0	655.5	1.0120029747486115	0.42191100120544434	-2.0	-2.0	0.00025436649593757465	0.5205655097961426	-2.0	-2.0	0.6490885019302368	2996.0	-2.0	3140.5	-2.0	6837.0	6284.5	22.281749725341797	-2.0	-2.0	-2.0	-2.0	4.828519940376282	-2.0	-2.0	908.5	-2.0	10111.5	0.0378555990755558	-2.0	-2.0	-2.0	640.0	-2.0	-2.0	9.002315209727385e-06	1.2403744757175446	-2.0	-2.0	26448.0	-2.0	0.05663574859499931	3.076739994867239e-05	4.960909843444824	4.876879930496216	3.1246449947357178	-2.0	0.8426229953765869	-2.0	-2.0	-2.0	-2.0	-2.0	-2.0	2.787484959299036e-06	17514400.0	-2.0	0.5136295109987259	-2.0	-2.0	1183.5549926757812	3.068915009498596	3.0492149591445923	0.47209399938583374	-2.0	1.2779549956321716	-2.0	-2.0	-2.0	399.66551208496094	127.91950225830078	0.708191990852356	0.47104550898075104	1.5	2291665.0	-2.0	2849200.0	-2.0	-2.0	-2.0	0.4716539978981018	-2.0	0.05864514783024788	3.9030250310897827	3.8200650215148926	-2.0	-2.0	14.0	-2.0	0.2283565029501915	120540.5	-2.0	-2.0	-2.0	-2.0	0.08427960053086281	759098.0	-2.0	-2.0	-2.0	22.0	-2.0	-2.0	0.35736700892448425	-2.0	-2.0	-2.0
# Feature
3	7	2	-2	11	-2	-2	3	-2	13	3	-2	-2	3	-2	-2	5	3	11	-2	9	-2	-2	9	7	-2	-2	-2	9	0	6	4	5	10	-2	-2	-2	5	7	13	-2	-2	4	13	-2	-2	11	1	-2	0	-2	1	1	7	-2	-2	-2	-2	3	-2	-2	5	-2	1	4	-2	-2	-2	0	-2	-2	4	7	-2	-2	8	-2	11	4	3	3	7	-2	13	-2	-2	-2	-2	-2	-2	4	2	-2	11	-2	-2	3	3	3	13	-2	12	-2	-2	-2	7	3	13	13	9	2	-2	2	-2	-2	-2	13	-2	4	3	3	-2	-2	9	-2	11	0	-2	-2	-2	-2	11	2	-2	-2	-2	9	-2	-2	13	-2	-2	-2
# Values
92.0	1495.0	97.0
51.0	17.0	1.0
42.0	2.0	1.0
0.0	2.0	0.0
42.0	0.0	1.0
0.0	0.0	1.0
42.0	0.0	0.0
9.0	15.0	0.0
5.0	0.0	0.0
4.0	15.0	0.0
1.0	13.0	0.0
0.0	13.0	0.0
1.0	0.0	0.0
3.0	2.0	0.0
3.0	0.0	0.0
0.0	2.0	0.0
41.0	1478.0	96.0
29.0	24.0	8.0
5.0	24.0	0.0
3.0	0.0	0.0
2.0	24.0	0.0
0.0	24.0	0.0
2.0	0.0	0.0
24.0	0.0	8.0
1.0	0.0	8.0
0.0	0.0	8.0
1.0	0.0	0.0
23.0	0.0	0.0
12.0	1454.0	88.0
2.0	206.0	70.0
1.0	179.0	35.0
1.0	176.0	23.0
1.0	2.0	4.0
1.0	2.0	0.0
0.0	2.0	0.0
1.0	0.0	0.0
0.0	0.0	4.0
0.0	174.0	19.0
0.0	157.0	11.0
0.0	3.0	3.0
0.0	3.0	0.0
0.0	0.0	3.0
0.0	154.0	8.0
0.0	10.0	4.0
0.0	10.0	0.0
0.0	0.0	4.0
0.0	144.0	4.0
0.0	143.0	3.0
0.0	85.0	0.0
0.0	58.0	3.0
0.0	0.0	1.0
0.0	58.0	2.0
0.0	18.0	2.0
0.0	18.0	1.0
0.0	16.0	0.0
0.0	2.0	1.0
0.0	0.0	1.0
0.0	40.0	0.0
0.0	1.0	1.0
0.0	1.0	0.0
0.0	0.0	1.0
0.0	17.0	8.0
0.0	0.0	6.0
0.0	17.0	2.0
0.0	1.0	2.0
0.0	0.0	2.0
0.0	1.0	0.0
0.0	16.0	0.0
0.0	3.0	12.0
0.0	3.0	1.0
0.0	0.0	11.0
1.0	27.0	35.0
1.0	11.0	0.0
1.0	0.0	0.0
0.0	11.0	0.0
0.0	16.0	35.0
0.0	4.0	0.0
0.0	12.0	35.0
0.0	12.0	17.0
0.0	12.0	7.0
0.0	5.0	7.0
0.0	5.0	3.0
0.0	0.0	2.0
0.0	5.0	1.0
0.0	5.0	0.0
0.0	0.0	1.0
0.0	0.0	4.0
0.0	7.0	0.0
0.0	0.0	10.0
0.0	0.0	18.0
10.0	1248.0	18.0
5.0	8.0	2.0
5.0	0.0	0.0
0.0	8.0	2.0
0.0	8.0	0.0
0.0	0.0	2.0
5.0	1240.0	16.0
5.0	1240.0	14.0
3.0	19.0	0.0
1.0	19.0	0.0
0.0	17.0	0.0
1.0	2.0	0.0
0.0	2.0	0.0
1.0	0.0	0.0
2.0	0.0	0.0
2.0	1221.0	14.0
2.0	1203.0	11.0
2.0	1178.0	8.0
2.0	1128.0	4.0
0.0	858.0	1.0
0.0	39.0	1.0
0.0	36.0	0.0
0.0	3.0	1.0
0.0	0.0	1.0
0.0	3.0	0.0
0.0	819.0	0.0
2.0	270.0	3.0
0.0	0.0	1.0
2.0	270.0	2.0
2.0	270.0	1.0
2.0	10.0	0.0
0.0	10.0	0.0
2.0	0.0	0.0
0.0	260.0	1.0
0.0	210.0	0.0
0.0	50.0	1.0
0.0	1.0	1.0
0.0	0.0	1.0
0.0	1.0	0.0
0.0	49.0	0.0
0.0	0.0	1.0
0.0	50.0	4.0
0.0	9.0	4.0
0.0	0.0	4.0
0.0	9.0	0.0
0.0	41.0	0.0
0.0	25.0	3.0
0.0	0.0	3.0
0.0	25.0	0.0
0.0	18.0	3.0
0.0	18.0	0.0
0.0	0.0	3.0
0.0	0.0	2.0
